6.0336e-12
5.9975e-12
5.9617e-12
5.9263e-12
5.8912e-12
5.8566e-12
5.8223e-12
5.7884e-12
5.7549e-12
5.7218e-12
5.6891e-12
5.6567e-12
5.6247e-12
5.5931e-12
5.5619e-12
5.531e-12
5.5005e-12
5.4704e-12
5.4406e-12
5.4112e-12
5.3822e-12
5.3536e-12
5.3253e-12
5.2974e-12
5.2698e-12
5.2427e-12
5.2158e-12
5.1894e-12
5.1633e-12
5.1376e-12
5.1122e-12
5.0872e-12
5.0626e-12
5.0383e-12
5.0144e-12
4.9909e-12
4.9677e-12
4.9449e-12
4.9224e-12
4.9003e-12
4.8785e-12
4.8572e-12
4.8361e-12
4.8155e-12
4.7952e-12
4.7752e-12
4.7556e-12
4.7364e-12
4.7175e-12
4.699e-12
4.6808e-12
4.663e-12
4.6456e-12
4.6285e-12
4.6118e-12
4.5954e-12
4.5794e-12
4.5638e-12
4.5485e-12
4.5336e-12
4.519e-12
4.5048e-12
4.491e-12
4.4775e-12
4.4644e-12
4.4517e-12
4.4393e-12
4.4272e-12
4.4156e-12
4.4043e-12
4.3934e-12
4.3828e-12
4.3726e-12
4.3628e-12
4.3533e-12
4.3442e-12
4.3355e-12
4.3271e-12
4.3192e-12
4.3116e-12
4.3043e-12
4.2975e-12
4.291e-12
4.2849e-12
4.2791e-12
4.2738e-12
4.2688e-12
4.2642e-12
4.26e-12
4.2562e-12
4.2527e-12
4.2497e-12
4.247e-12
4.2447e-12
4.2428e-12
4.2413e-12
4.2402e-12
4.2395e-12
4.2392e-12
4.2392e-12
4.2397e-12
4.2406e-12
4.2419e-12
4.2435e-12
4.2456e-12
4.2481e-12
4.251e-12
4.2544e-12
4.2581e-12
4.2622e-12
4.2668e-12
4.2718e-12
4.2772e-12
4.283e-12
4.2892e-12
4.2959e-12
4.303e-12
4.3106e-12
4.3185e-12
4.3269e-12
4.3358e-12
4.3451e-12
4.3548e-12
4.365e-12
4.3756e-12
4.3867e-12
4.3983e-12
4.4103e-12
4.4227e-12
4.4357e-12
4.449e-12
4.4629e-12
4.4772e-12
4.492e-12
4.5073e-12
4.5231e-12
4.5393e-12
4.5561e-12
4.5733e-12
4.591e-12
4.6092e-12
4.6279e-12
4.6472e-12
4.6669e-12
4.6871e-12
4.7079e-12
4.7292e-12
4.751e-12
4.7733e-12
4.7961e-12
4.8195e-12
4.8434e-12
4.8679e-12
4.8929e-12
4.9185e-12
4.9446e-12
4.9713e-12
4.9985e-12
5.0263e-12
5.0547e-12
5.0837e-12
5.1132e-12
5.1433e-12
5.174e-12
5.2053e-12
5.2372e-12
5.2698e-12
5.3029e-12
5.3366e-12
5.371e-12
5.4059e-12
5.4415e-12
5.4778e-12
5.5147e-12
5.5522e-12
5.5904e-12
5.6292e-12
5.6687e-12
5.7089e-12
5.7497e-12
5.7912e-12
5.8334e-12
5.8763e-12
5.9199e-12
5.9642e-12
6.0092e-12
6.0549e-12
6.1013e-12
6.1485e-12
6.1964e-12
6.2451e-12
6.2945e-12
6.3446e-12
6.3955e-12
6.4472e-12
6.4997e-12
6.5529e-12
6.6069e-12
6.6618e-12
6.7174e-12
6.7738e-12
6.8311e-12
6.8892e-12
6.9481e-12
7.0079e-12
7.0685e-12
7.13e-12
7.1923e-12
7.2555e-12
7.3196e-12
7.3846e-12
7.4505e-12
7.5173e-12
7.585e-12
7.6536e-12
7.7232e-12
7.7937e-12
7.8652e-12
7.9376e-12
8.011e-12
8.0854e-12
8.1608e-12
8.2371e-12
8.3145e-12
8.3929e-12
8.4723e-12
8.5528e-12
8.6343e-12
8.7169e-12
8.8005e-12
8.8852e-12
8.971e-12
9.0579e-12
9.1459e-12
9.2351e-12
9.3253e-12
9.4168e-12
9.5093e-12
9.6031e-12
9.698e-12
9.7941e-12
9.8914e-12
9.9899e-12
1.009e-11
1.0191e-11
1.0293e-11
1.0396e-11
1.0501e-11
1.0607e-11
1.0715e-11
1.0823e-11
1.0933e-11
1.1045e-11
1.1157e-11
1.1271e-11
1.1387e-11
1.1504e-11
1.1622e-11
1.1742e-11
1.1863e-11
1.1985e-11
1.2109e-11
1.2235e-11
1.2362e-11
1.249e-11
1.262e-11
1.2752e-11
1.2885e-11
1.302e-11
1.3156e-11
1.3294e-11
1.3434e-11
1.3575e-11
1.3718e-11
1.3862e-11
1.4008e-11
1.4156e-11
1.4306e-11
1.4457e-11
1.461e-11
1.4765e-11
1.4922e-11
1.5081e-11
1.5241e-11
1.5403e-11
1.5567e-11
1.5733e-11
1.5901e-11
1.6071e-11
1.6242e-11
1.6416e-11
1.6592e-11
1.6769e-11
1.6949e-11
1.7131e-11
1.7315e-11
1.7501e-11
1.7689e-11
1.7879e-11
1.8071e-11
1.8265e-11
1.8462e-11
1.8661e-11
1.8862e-11
1.9066e-11
1.9271e-11
1.9479e-11
1.969e-11
1.9902e-11
2.0117e-11
2.0335e-11
2.0555e-11
2.0777e-11
2.1002e-11
2.1229e-11
2.1459e-11
2.1692e-11
2.1927e-11
2.2164e-11
2.2405e-11
2.2647e-11
2.2893e-11
2.3141e-11
2.3393e-11
2.3646e-11
2.3903e-11
2.4163e-11
2.4425e-11
2.469e-11
2.4958e-11
2.523e-11
2.5504e-11
2.5781e-11
2.6061e-11
2.6344e-11
2.663e-11
2.692e-11
2.7213e-11
2.7508e-11
2.7807e-11
2.811e-11
2.8415e-11
2.8724e-11
2.9037e-11
2.9352e-11
2.9671e-11
2.9994e-11
3.032e-11
3.065e-11
3.0983e-11
3.132e-11
3.166e-11
3.2004e-11
3.2352e-11
3.2704e-11
3.3059e-11
3.3419e-11
3.3782e-11
3.4149e-11
3.452e-11
3.4895e-11
3.5274e-11
3.5657e-11
3.6044e-11
3.6435e-11
3.6831e-11
3.7231e-11
3.7635e-11
3.8043e-11
3.8456e-11
3.8873e-11
3.9295e-11
3.9721e-11
4.0152e-11
4.0587e-11
4.1027e-11
4.1472e-11
4.1921e-11
4.2375e-11
4.2834e-11
4.3298e-11
4.3767e-11
4.4241e-11
4.472e-11
4.5203e-11
4.5692e-11
4.6187e-11
4.6686e-11
4.7191e-11
4.7701e-11
4.8216e-11
4.8737e-11
4.9264e-11
4.9796e-11
5.0333e-11
5.0876e-11
5.1425e-11
5.198e-11
5.2541e-11
5.3107e-11
5.368e-11
5.4258e-11
5.4843e-11
5.5433e-11
5.603e-11
5.6633e-11
5.7243e-11
5.7859e-11
5.8481e-11
5.911e-11
5.9745e-11
6.0387e-11
6.1036e-11
6.1691e-11
6.2354e-11
6.3023e-11
6.3699e-11
6.4383e-11
6.5073e-11
6.5771e-11
6.6475e-11
6.7188e-11
6.7907e-11
6.8634e-11
6.9369e-11
7.0111e-11
7.0861e-11
7.1619e-11
7.2385e-11
7.3158e-11
7.394e-11
7.4729e-11
7.5527e-11
7.6333e-11
7.7148e-11
7.7971e-11
7.8802e-11
7.9642e-11
8.049e-11
8.1348e-11
8.2214e-11
8.3089e-11
8.3973e-11
8.4866e-11
8.5769e-11
8.668e-11
8.7602e-11
8.8532e-11
8.9472e-11
9.0422e-11
9.1381e-11
9.2351e-11
9.333e-11
9.4319e-11
9.5318e-11
9.6328e-11
9.7348e-11
9.8378e-11
9.9419e-11
1.0047e-10
1.0153e-10
1.0261e-10
1.0369e-10
1.0479e-10
1.0589e-10
1.0701e-10
1.0814e-10
1.0928e-10
1.1043e-10
1.1159e-10
1.1277e-10
1.1396e-10
1.1516e-10
1.1637e-10
1.1759e-10
1.1883e-10
1.2008e-10
1.2134e-10
1.2261e-10
1.239e-10
1.252e-10
1.2652e-10
1.2784e-10
1.2918e-10
1.3054e-10
1.319e-10
1.3329e-10
1.3468e-10
1.3609e-10
1.3751e-10
1.3895e-10
1.404e-10
1.4187e-10
1.4335e-10
1.4485e-10
1.4636e-10
1.4789e-10
1.4943e-10
1.5099e-10
1.5256e-10
1.5415e-10
1.5575e-10
1.5737e-10
1.5901e-10
1.6066e-10
1.6233e-10
1.6402e-10
1.6572e-10
1.6744e-10
1.6918e-10
1.7094e-10
1.7271e-10
1.745e-10
1.7631e-10
1.7813e-10
1.7998e-10
1.8184e-10
1.8372e-10
1.8562e-10
1.8754e-10
1.8948e-10
1.9144e-10
1.9341e-10
1.9541e-10
1.9742e-10
1.9946e-10
2.0152e-10
2.0359e-10
2.0569e-10
2.0781e-10
2.0995e-10
2.1211e-10
2.1429e-10
2.1649e-10
2.1871e-10
2.2096e-10
2.2323e-10
2.2552e-10
2.2783e-10
2.3017e-10
2.3253e-10
2.3491e-10
2.3732e-10
2.3975e-10
2.422e-10
2.4468e-10
2.4718e-10
2.4971e-10
2.5226e-10
2.5483e-10
2.5743e-10
2.6006e-10
2.6271e-10
2.6539e-10
2.681e-10
2.7083e-10
2.7359e-10
2.7637e-10
2.7918e-10
2.8202e-10
2.8489e-10
2.8779e-10
2.9071e-10
2.9366e-10
2.9664e-10
2.9965e-10
3.0269e-10
3.0576e-10
3.0886e-10
3.1198e-10
3.1514e-10
3.1833e-10
3.2155e-10
3.248e-10
3.2809e-10
3.314e-10
3.3475e-10
3.3813e-10
3.4154e-10
3.4498e-10
3.4846e-10
3.5197e-10
3.5552e-10
3.591e-10
3.6271e-10
3.6636e-10
3.7005e-10
3.7377e-10
3.7752e-10
3.8132e-10
3.8515e-10
3.8901e-10
3.9291e-10
3.9685e-10
4.0083e-10
4.0485e-10
4.089e-10
4.1299e-10
4.1713e-10
4.213e-10
4.2551e-10
4.2976e-10
4.3406e-10
4.3839e-10
4.4277e-10
4.4718e-10
4.5164e-10
4.5615e-10
4.6069e-10
4.6528e-10
4.6991e-10
4.7459e-10
4.7931e-10
4.8407e-10
4.8889e-10
4.9374e-10
4.9865e-10
5.036e-10
5.0859e-10
5.1364e-10
5.1873e-10
5.2387e-10
5.2906e-10
5.343e-10
5.3958e-10
5.4492e-10
5.5031e-10
5.5575e-10
5.6124e-10
5.6678e-10
5.7238e-10
5.7802e-10
5.8372e-10
5.8948e-10
5.9529e-10
6.0115e-10
6.0707e-10
6.1304e-10
6.1907e-10
6.2516e-10
6.3131e-10
6.3751e-10
6.4377e-10
6.5009e-10
6.5647e-10
6.6291e-10
6.694e-10
6.7596e-10
6.8259e-10
6.8927e-10
6.9601e-10
7.0282e-10
7.0969e-10
7.1663e-10
7.2363e-10
7.307e-10
7.3783e-10
7.4503e-10
7.5229e-10
7.5963e-10
7.6703e-10
7.745e-10
7.8204e-10
7.8965e-10
7.9733e-10
8.0508e-10
8.1291e-10
8.2081e-10
8.2878e-10
8.3682e-10
8.4494e-10
8.5313e-10
8.614e-10
8.6975e-10
8.7817e-10
8.8667e-10
8.9525e-10
9.0391e-10
9.1265e-10
9.2147e-10
9.3037e-10
9.3935e-10
9.4842e-10
9.5757e-10
9.668e-10
9.7612e-10
9.8552e-10
9.9501e-10
1.0046e-09
1.0143e-09
1.024e-09
1.0338e-09
1.0438e-09
1.0538e-09
1.0639e-09
1.0741e-09
1.0844e-09
1.0948e-09
1.1053e-09
1.1159e-09
1.1266e-09
1.1374e-09
1.1483e-09
1.1592e-09
1.1703e-09
1.1815e-09
1.1928e-09
1.2042e-09
1.2156e-09
1.2272e-09
1.2389e-09
1.2507e-09
1.2627e-09
1.2747e-09
1.2868e-09
1.299e-09
1.3114e-09
1.3239e-09
1.3364e-09
1.3491e-09
1.3619e-09
1.3748e-09
1.3879e-09
1.401e-09
1.4143e-09
1.4277e-09
1.4412e-09
1.4548e-09
1.4686e-09
1.4825e-09
1.4965e-09
1.5106e-09
1.5249e-09
1.5392e-09
1.5538e-09
1.5684e-09
1.5832e-09
1.5981e-09
1.6131e-09
1.6283e-09
1.6436e-09
1.6591e-09
1.6747e-09
1.6904e-09
1.7063e-09
1.7223e-09
1.7384e-09
1.7547e-09
1.7712e-09
1.7877e-09
1.8045e-09
1.8214e-09
1.8384e-09
1.8556e-09
1.8729e-09
1.8904e-09
1.9081e-09
1.9259e-09
1.9439e-09
1.962e-09
1.9803e-09
1.9987e-09
2.0173e-09
2.0361e-09
2.055e-09
2.0741e-09
2.0934e-09
2.1129e-09
2.1325e-09
2.1523e-09
2.1723e-09
2.1924e-09
2.2127e-09
2.2332e-09
2.2539e-09
2.2748e-09
2.2958e-09
2.317e-09
2.3384e-09
2.3601e-09
2.3818e-09
2.4038e-09
2.426e-09
2.4484e-09
2.471e-09
2.4937e-09
2.5167e-09
2.5399e-09
2.5632e-09
2.5868e-09
2.6106e-09
2.6346e-09
2.6588e-09
2.6832e-09
2.7078e-09
2.7326e-09
2.7577e-09
2.7829e-09
2.8084e-09
2.8341e-09
2.8601e-09
2.8862e-09
2.9126e-09
2.9392e-09
2.966e-09
2.9931e-09
3.0204e-09
3.048e-09
3.0758e-09
3.1038e-09
3.1321e-09
3.1606e-09
3.1893e-09
3.2183e-09
3.2476e-09
3.2771e-09
3.3069e-09
3.3369e-09
3.3672e-09
3.3977e-09
3.4285e-09
3.4596e-09
3.4909e-09
3.5225e-09
3.5544e-09
3.5865e-09
3.6189e-09
3.6516e-09
3.6846e-09
3.7179e-09
3.7514e-09
3.7852e-09
3.8194e-09
3.8538e-09
3.8885e-09
3.9235e-09
3.9588e-09
3.9944e-09
4.0303e-09
4.0665e-09
4.103e-09
4.1398e-09
4.177e-09
4.2144e-09
4.2522e-09
4.2903e-09
4.3287e-09
4.3675e-09
4.4065e-09
4.4459e-09
4.4857e-09
4.5257e-09
4.5662e-09
4.6069e-09
4.648e-09
4.6894e-09
4.7312e-09
4.7734e-09
4.8159e-09
4.8587e-09
4.902e-09
4.9455e-09
4.9895e-09
5.0338e-09
5.0785e-09
5.1236e-09
5.169e-09
5.2148e-09
5.2611e-09
5.3077e-09
5.3546e-09
5.402e-09
5.4498e-09
5.498e-09
5.5465e-09
5.5955e-09
5.6449e-09
5.6947e-09
5.745e-09
5.7956e-09
5.8467e-09
5.8981e-09
5.9501e-09
6.0024e-09
6.0552e-09
6.1084e-09
6.1621e-09
6.2162e-09
6.2707e-09
6.3257e-09
6.3812e-09
6.4371e-09
6.4935e-09
6.5504e-09
6.6077e-09
6.6655e-09
6.7237e-09
6.7825e-09
6.8417e-09
6.9015e-09
6.9617e-09
7.0224e-09
7.0836e-09
7.1453e-09
7.2075e-09
7.2703e-09
7.3335e-09
7.3973e-09
7.4616e-09
7.5264e-09
7.5918e-09
7.6577e-09
7.7241e-09
7.791e-09
7.8586e-09
7.9266e-09
7.9953e-09
8.0644e-09
8.1342e-09
8.2045e-09
8.2754e-09
8.3469e-09
8.4189e-09
8.4916e-09
8.5648e-09
8.6386e-09
8.713e-09
8.7881e-09
8.8637e-09
8.9399e-09
9.0168e-09
9.0943e-09
9.1724e-09
9.2512e-09
9.3306e-09
9.4106e-09
9.4913e-09
9.5726e-09
9.6546e-09
9.7372e-09
9.8205e-09
9.9045e-09
9.9891e-09
1.0074e-08
1.0161e-08
1.0247e-08
1.0335e-08
1.0423e-08
1.0512e-08
1.0601e-08
1.0691e-08
1.0782e-08
1.0874e-08
1.0966e-08
1.106e-08
1.1154e-08
1.1248e-08
1.1344e-08
1.144e-08
1.1537e-08
1.1635e-08
1.1733e-08
1.1832e-08
1.1932e-08
1.2033e-08
1.2135e-08
1.2237e-08
1.2341e-08
1.2445e-08
1.255e-08
1.2656e-08
1.2762e-08
1.287e-08
1.2978e-08
1.3087e-08
1.3197e-08
1.3308e-08
1.342e-08
1.3532e-08
1.3646e-08
1.376e-08
1.3876e-08
1.3992e-08
1.4109e-08
1.4227e-08
1.4346e-08
1.4466e-08
1.4587e-08
1.4709e-08
1.4832e-08
1.4955e-08
1.508e-08
1.5206e-08
1.5333e-08
1.546e-08
1.5589e-08
1.5719e-08
1.5849e-08
1.5981e-08
1.6114e-08
1.6247e-08
1.6382e-08
1.6518e-08
1.6655e-08
1.6793e-08
1.6932e-08
1.7072e-08
1.7213e-08
1.7356e-08
1.7499e-08
1.7644e-08
1.7789e-08
1.7936e-08
1.8084e-08
1.8233e-08
1.8383e-08
1.8534e-08
1.8687e-08
1.8841e-08
1.8996e-08
1.9152e-08
1.9309e-08
1.9467e-08
1.9627e-08
1.9788e-08
1.995e-08
2.0114e-08
2.0278e-08
2.0444e-08
2.0611e-08
2.078e-08
2.095e-08
2.1121e-08
2.1293e-08
2.1467e-08
2.1642e-08
2.1818e-08
2.1996e-08
2.2175e-08
2.2355e-08
2.2537e-08
2.272e-08
2.2905e-08
2.3091e-08
2.3278e-08
2.3467e-08
2.3657e-08
2.3849e-08
2.4042e-08
2.4236e-08
2.4432e-08
2.463e-08
2.4829e-08
2.503e-08
2.5232e-08
2.5435e-08
2.564e-08
2.5847e-08
2.6055e-08
2.6265e-08
2.6476e-08
2.6689e-08
2.6904e-08
2.712e-08
2.7338e-08
2.7557e-08
2.7778e-08
2.8001e-08
2.8225e-08
2.8451e-08
2.8679e-08
2.8908e-08
2.9139e-08
2.9372e-08
2.9607e-08
2.9843e-08
3.0081e-08
3.0321e-08
3.0563e-08
3.0806e-08
3.1052e-08
3.1299e-08
3.1548e-08
3.1799e-08
3.2051e-08
3.2306e-08
3.2562e-08
3.282e-08
3.3081e-08
3.3343e-08
3.3607e-08
3.3873e-08
3.4141e-08
3.4411e-08
3.4683e-08
3.4957e-08
3.5232e-08
3.551e-08
3.579e-08
3.6073e-08
3.6357e-08
3.6643e-08
3.6931e-08
3.7222e-08
3.7514e-08
3.7809e-08
3.8106e-08
3.8405e-08
3.8706e-08
3.9009e-08
3.9315e-08
3.9623e-08
3.9933e-08
4.0245e-08
4.056e-08
4.0877e-08
4.1196e-08
4.1518e-08
4.1842e-08
4.2168e-08
4.2496e-08
4.2827e-08
4.3161e-08
4.3496e-08
4.3835e-08
4.4175e-08
4.4518e-08
4.4864e-08
4.5212e-08
4.5563e-08
4.5916e-08
4.6271e-08
4.663e-08
4.699e-08
4.7354e-08
4.772e-08
4.8088e-08
4.846e-08
4.8834e-08
4.921e-08
4.9589e-08
4.9971e-08
5.0356e-08
5.0744e-08
5.1134e-08
5.1527e-08
5.1923e-08
5.2321e-08
5.2723e-08
5.3127e-08
5.3534e-08
5.3945e-08
5.4358e-08
5.4774e-08
5.5193e-08
5.5614e-08
5.6039e-08
5.6467e-08
5.6898e-08
5.7332e-08
5.7769e-08
5.8209e-08
5.8652e-08
5.9099e-08
5.9548e-08
6.0001e-08
6.0457e-08
6.0916e-08
6.1378e-08
6.1844e-08
6.2312e-08
6.2784e-08
6.326e-08
6.3739e-08
6.4221e-08
6.4706e-08
6.5195e-08
6.5687e-08
6.6183e-08
6.6682e-08
6.7185e-08
6.7691e-08
6.8201e-08
6.8714e-08
6.9231e-08
6.9751e-08
7.0275e-08
7.0803e-08
7.1334e-08
7.1869e-08
7.2408e-08
7.295e-08
7.3496e-08
7.4046e-08
7.46e-08
7.5158e-08
7.5719e-08
7.6284e-08
7.6854e-08
7.7427e-08
7.8004e-08
7.8585e-08
7.917e-08
7.9759e-08
8.0352e-08
8.0949e-08
8.155e-08
8.2156e-08
8.2765e-08
8.3379e-08
8.3997e-08
8.4619e-08
8.5245e-08
8.5876e-08
8.6511e-08
8.715e-08
8.7794e-08
8.8442e-08
8.9094e-08
8.9751e-08
9.0413e-08
9.1078e-08
9.1749e-08
9.2424e-08
9.3103e-08
9.3787e-08
9.4476e-08
9.5169e-08
9.5867e-08
9.657e-08
9.7277e-08
9.799e-08
9.8707e-08
9.9429e-08
1.0016e-07
1.0089e-07
1.0162e-07
1.0236e-07
1.0311e-07
1.0386e-07
1.0462e-07
1.0538e-07
1.0615e-07
1.0692e-07
1.077e-07
1.0848e-07
1.0927e-07
1.1006e-07
1.1086e-07
1.1166e-07
1.1247e-07
1.1328e-07
1.141e-07
1.1493e-07
1.1576e-07
1.1659e-07
1.1743e-07
1.1828e-07
1.1913e-07
1.1999e-07
1.2085e-07
1.2172e-07
1.226e-07
1.2348e-07
1.2437e-07
1.2526e-07
1.2616e-07
1.2706e-07
1.2797e-07
1.2889e-07
1.2981e-07
1.3074e-07
1.3168e-07
1.3262e-07
1.3356e-07
1.3452e-07
1.3548e-07
1.3644e-07
1.3741e-07
1.3839e-07
1.3938e-07
1.4037e-07
1.4136e-07
1.4237e-07
1.4338e-07
1.444e-07
1.4542e-07
1.4645e-07
1.4749e-07
1.4853e-07
1.4958e-07
1.5064e-07
1.517e-07
1.5277e-07
1.5385e-07
1.5493e-07
1.5603e-07
1.5712e-07
1.5823e-07
1.5934e-07
1.6046e-07
1.6159e-07
1.6273e-07
1.6387e-07
1.6502e-07
1.6617e-07
1.6734e-07
1.6851e-07
1.6969e-07
1.7087e-07
1.7207e-07
1.7327e-07
1.7448e-07
1.7569e-07
1.7692e-07
1.7815e-07
1.7939e-07
1.8064e-07
1.819e-07
1.8316e-07
1.8443e-07
1.8571e-07
1.87e-07
1.883e-07
1.896e-07
1.9091e-07
1.9223e-07
1.9356e-07
1.949e-07
1.9625e-07
1.976e-07
1.9897e-07
2.0034e-07
2.0172e-07
2.0311e-07
2.045e-07
2.0591e-07
2.0733e-07
2.0875e-07
2.1018e-07
2.1162e-07
2.1308e-07
2.1454e-07
2.16e-07
2.1748e-07
2.1897e-07
2.2047e-07
2.2197e-07
2.2349e-07
2.2501e-07
2.2655e-07
2.2809e-07
2.2964e-07
2.3121e-07
2.3278e-07
2.3436e-07
2.3595e-07
2.3755e-07
2.3916e-07
2.4079e-07
2.4242e-07
2.4406e-07
2.4571e-07
2.4737e-07
2.4904e-07
2.5073e-07
2.5242e-07
2.5412e-07
2.5583e-07
2.5756e-07
2.5929e-07
2.6104e-07
2.6279e-07
2.6456e-07
2.6634e-07
2.6812e-07
2.6992e-07
2.7173e-07
2.7355e-07
2.7538e-07
2.7722e-07
2.7908e-07
2.8094e-07
2.8282e-07
2.8471e-07
2.8661e-07
2.8852e-07
2.9044e-07
2.9237e-07
2.9432e-07
2.9627e-07
2.9824e-07
3.0022e-07
3.0221e-07
3.0422e-07
3.0623e-07
3.0826e-07
3.103e-07
3.1235e-07
3.1442e-07
3.165e-07
3.1859e-07
3.2069e-07
3.228e-07
3.2493e-07
3.2707e-07
3.2922e-07
3.3139e-07
3.3356e-07
3.3575e-07
3.3796e-07
3.4018e-07
3.4241e-07
3.4465e-07
3.469e-07
3.4917e-07
3.5146e-07
3.5375e-07
3.5606e-07
3.5839e-07
3.6072e-07
3.6307e-07
3.6544e-07
3.6782e-07
3.7021e-07
3.7262e-07
3.7504e-07
3.7747e-07
3.7992e-07
3.8238e-07
3.8486e-07
3.8735e-07
3.8986e-07
3.9238e-07
3.9492e-07
3.9747e-07
4.0003e-07
4.0261e-07
4.0521e-07
4.0782e-07
4.1044e-07
4.1308e-07
4.1574e-07
4.1841e-07
4.2109e-07
4.2379e-07
4.2651e-07
4.2924e-07
4.3199e-07
4.3476e-07
4.3754e-07
4.4033e-07
4.4314e-07
4.4597e-07
4.4882e-07
4.5168e-07
4.5455e-07
4.5745e-07
4.6036e-07
4.6328e-07
4.6622e-07
4.6918e-07
4.7216e-07
4.7515e-07
4.7816e-07
4.8119e-07
4.8423e-07
4.873e-07
4.9037e-07
4.9347e-07
4.9658e-07
4.9972e-07
5.0286e-07
5.0603e-07
5.0921e-07
5.1242e-07
5.1564e-07
5.1888e-07
5.2213e-07
5.2541e-07
5.287e-07
5.3201e-07
5.3534e-07
5.3869e-07
5.4206e-07
5.4544e-07
5.4885e-07
5.5227e-07
5.5571e-07
5.5917e-07
5.6265e-07
5.6615e-07
5.6967e-07
5.7321e-07
5.7677e-07
5.8035e-07
5.8395e-07
5.8756e-07
5.912e-07
5.9486e-07
5.9854e-07
6.0224e-07
6.0595e-07
6.0969e-07
6.1345e-07
6.1723e-07
6.2103e-07
6.2485e-07
6.287e-07
6.3256e-07
6.3644e-07
6.4035e-07
6.4427e-07
6.4822e-07
6.5219e-07
6.5618e-07
6.6019e-07
6.6423e-07
6.6828e-07
6.7236e-07
6.7646e-07
6.8058e-07
6.8473e-07
6.889e-07
6.9309e-07
6.973e-07
7.0153e-07
7.0579e-07
7.1007e-07
7.1437e-07
7.187e-07
7.2305e-07
7.2742e-07
7.3181e-07
7.3623e-07
7.4068e-07
7.4514e-07
7.4963e-07
7.5415e-07
7.5868e-07
7.6325e-07
7.6783e-07
7.7244e-07
7.7708e-07
7.8174e-07
7.8642e-07
7.9113e-07
7.9587e-07
8.0063e-07
8.0541e-07
8.1022e-07
8.1505e-07
8.1991e-07
8.248e-07
8.2971e-07
8.3464e-07
8.3961e-07
8.446e-07
8.4961e-07
8.5465e-07
8.5972e-07
8.6481e-07
8.6993e-07
8.7508e-07
8.8025e-07
8.8545e-07
8.9068e-07
8.9593e-07
9.0121e-07
9.0652e-07
9.1186e-07
9.1722e-07
9.2261e-07
9.2803e-07
9.3348e-07
9.3895e-07
9.4446e-07
9.4999e-07
9.5555e-07
9.6114e-07
9.6675e-07
9.724e-07
9.7807e-07
9.8378e-07
9.8951e-07
9.9527e-07
1.0011e-06
1.0069e-06
1.0127e-06
1.0186e-06
1.0245e-06
1.0305e-06
1.0364e-06
1.0424e-06
1.0485e-06
1.0545e-06
1.0606e-06
1.0667e-06
1.0729e-06
1.0791e-06
1.0853e-06
1.0915e-06
1.0978e-06
1.1041e-06
1.1105e-06
1.1168e-06
1.1232e-06
1.1297e-06
1.1361e-06
1.1426e-06
1.1492e-06
1.1557e-06
1.1623e-06
1.169e-06
1.1756e-06
1.1823e-06
1.1891e-06
1.1958e-06
1.2026e-06
1.2094e-06
1.2163e-06
1.2232e-06
1.2301e-06
1.2371e-06
1.2441e-06
1.2511e-06
1.2582e-06
1.2653e-06
1.2724e-06
1.2796e-06
1.2868e-06
1.2941e-06
1.3013e-06
1.3087e-06
1.316e-06
1.3234e-06
1.3308e-06
1.3383e-06
1.3458e-06
1.3533e-06
1.3609e-06
1.3685e-06
1.3761e-06
1.3838e-06
1.3915e-06
1.3992e-06
1.407e-06
1.4148e-06
1.4227e-06
1.4306e-06
1.4385e-06
1.4465e-06
1.4545e-06
1.4626e-06
1.4707e-06
1.4788e-06
1.487e-06
1.4952e-06
1.5034e-06
1.5117e-06
1.52e-06
1.5284e-06
1.5368e-06
1.5452e-06
1.5537e-06
1.5622e-06
1.5708e-06
1.5794e-06
1.588e-06
1.5967e-06
1.6054e-06
1.6142e-06
1.623e-06
1.6318e-06
1.6407e-06
1.6497e-06
1.6586e-06
1.6676e-06
1.6767e-06
1.6858e-06
1.6949e-06
1.7041e-06
1.7133e-06
1.7226e-06
1.7319e-06
1.7413e-06
1.7507e-06
1.7601e-06
1.7696e-06
1.7791e-06
1.7887e-06
1.7983e-06
1.808e-06
1.8177e-06
1.8274e-06
1.8372e-06
1.847e-06
1.8569e-06
1.8668e-06
1.8768e-06
1.8868e-06
1.8969e-06
1.907e-06
1.9171e-06
1.9273e-06
1.9376e-06
1.9479e-06
1.9582e-06
1.9686e-06
1.979e-06
1.9895e-06
2e-06
2.0106e-06
2.0212e-06
2.0319e-06
2.0426e-06
2.0534e-06
2.0642e-06
2.075e-06
2.0859e-06
2.0969e-06
2.1079e-06
2.1189e-06
2.13e-06
2.1412e-06
2.1524e-06
2.1636e-06
2.1749e-06
2.1863e-06
2.1977e-06
2.2091e-06
2.2206e-06
2.2322e-06
2.2438e-06
2.2554e-06
2.2671e-06
2.2789e-06
2.2907e-06
2.3025e-06
2.3145e-06
2.3264e-06
2.3384e-06
2.3505e-06
2.3626e-06
2.3748e-06
2.387e-06
2.3993e-06
2.4116e-06
2.424e-06
2.4364e-06
2.4489e-06
2.4614e-06
2.474e-06
2.4867e-06
2.4994e-06
2.5121e-06
2.5249e-06
2.5378e-06
2.5507e-06
2.5637e-06
2.5767e-06
2.5898e-06
2.603e-06
2.6162e-06
2.6294e-06
2.6427e-06
2.6561e-06
2.6695e-06
2.683e-06
2.6965e-06
2.7101e-06
2.7238e-06
2.7375e-06
2.7512e-06
2.7651e-06
2.7789e-06
2.7929e-06
2.8069e-06
2.8209e-06
2.835e-06
2.8492e-06
2.8634e-06
2.8777e-06
2.8921e-06
2.9065e-06
2.9209e-06
2.9355e-06
2.95e-06
2.9647e-06
2.9794e-06
2.9942e-06
3.009e-06
3.0239e-06
3.0388e-06
3.0538e-06
3.0689e-06
3.084e-06
3.0992e-06
3.1145e-06
3.1298e-06
3.1452e-06
3.1606e-06
3.1761e-06
3.1917e-06
3.2073e-06
3.223e-06
3.2388e-06
3.2546e-06
3.2705e-06
3.2864e-06
3.3024e-06
3.3185e-06
3.3346e-06
3.3508e-06
3.3671e-06
3.3834e-06
3.3998e-06
3.4163e-06
3.4328e-06
3.4494e-06
3.466e-06
3.4828e-06
3.4996e-06
3.5164e-06
3.5333e-06
3.5503e-06
3.5674e-06
3.5845e-06
3.6017e-06
3.6189e-06
3.6363e-06
3.6537e-06
3.6711e-06
3.6886e-06
3.7062e-06
3.7239e-06
3.7416e-06
3.7594e-06
3.7773e-06
3.7952e-06
3.8132e-06
3.8313e-06
3.8495e-06
3.8677e-06
3.886e-06
3.9043e-06
3.9227e-06
3.9412e-06
3.9598e-06
3.9784e-06
3.9972e-06
4.0159e-06
4.0348e-06
4.0537e-06
4.0727e-06
4.0918e-06
4.1109e-06
4.1301e-06
4.1494e-06
4.1687e-06
4.1882e-06
4.2077e-06
4.2272e-06
4.2469e-06
4.2666e-06
4.2864e-06
4.3063e-06
4.3262e-06
4.3462e-06
4.3663e-06
4.3865e-06
4.4067e-06
4.427e-06
4.4474e-06
4.4679e-06
4.4884e-06
4.509e-06
4.5297e-06
4.5505e-06
4.5713e-06
4.5922e-06
4.6132e-06
4.6343e-06
4.6554e-06
4.6766e-06
4.6979e-06
4.7193e-06
4.7408e-06
4.7623e-06
4.7839e-06
4.8056e-06
4.8274e-06
4.8492e-06
4.8711e-06
4.8931e-06
4.9152e-06
4.9374e-06
4.9596e-06
4.9819e-06
5.0043e-06
5.0268e-06
5.0493e-06
5.072e-06
5.0947e-06
5.1175e-06
5.1403e-06
5.1633e-06
5.1863e-06
5.2095e-06
5.2327e-06
5.2559e-06
5.2793e-06
5.3027e-06
5.3263e-06
5.3499e-06
5.3735e-06
5.3973e-06
5.4212e-06
5.4451e-06
5.4691e-06
5.4932e-06
5.5174e-06
5.5417e-06
5.566e-06
5.5904e-06
5.615e-06
5.6396e-06
5.6642e-06
5.689e-06
5.7139e-06
5.7388e-06
5.7638e-06
5.7889e-06
5.8141e-06
5.8394e-06
5.8648e-06
5.8902e-06
5.9157e-06
5.9413e-06
5.9671e-06
5.9928e-06
6.0187e-06
6.0447e-06
6.0707e-06
6.0969e-06
6.1231e-06
6.1494e-06
6.1758e-06
6.2023e-06
6.2288e-06
6.2555e-06
6.2822e-06
6.3091e-06
6.336e-06
6.363e-06
6.3901e-06
6.4173e-06
6.4446e-06
6.4719e-06
6.4994e-06
6.5269e-06
6.5545e-06
6.5823e-06
6.6101e-06
6.638e-06
6.666e-06
6.694e-06
6.7222e-06
6.7505e-06
6.7788e-06
6.8073e-06
6.8358e-06
6.8644e-06
6.8931e-06
6.9219e-06
6.9508e-06
6.9798e-06
7.0089e-06
7.038e-06
7.0673e-06
7.0966e-06
7.1261e-06
7.1556e-06
7.1852e-06
7.215e-06
7.2448e-06
7.2747e-06
7.3047e-06
7.3348e-06
7.3649e-06
7.3952e-06
7.4256e-06
7.456e-06
7.4866e-06
7.5173e-06
7.548e-06
7.5788e-06
7.6098e-06
7.6408e-06
7.6719e-06
7.7031e-06
7.7344e-06
7.7658e-06
7.7973e-06
7.8289e-06
7.8606e-06
7.8924e-06
7.9243e-06
7.9562e-06
7.9883e-06
8.0205e-06
8.0527e-06
8.0851e-06
8.1175e-06
8.1501e-06
8.1827e-06
8.2155e-06
8.2483e-06
8.2812e-06
8.3142e-06
8.3474e-06
8.3806e-06
8.4139e-06
8.4473e-06
8.4808e-06
8.5144e-06
8.5481e-06
8.582e-06
8.6159e-06
8.6499e-06
8.6839e-06
8.7181e-06
8.7524e-06
8.7868e-06
8.8213e-06
8.8559e-06
8.8906e-06
8.9254e-06
8.9602e-06
8.9952e-06
9.0303e-06
9.0655e-06
9.1007e-06
9.1361e-06
9.1716e-06
9.2072e-06
9.2428e-06
9.2786e-06
9.3145e-06
9.3504e-06
9.3865e-06
9.4227e-06
9.4589e-06
9.4953e-06
9.5318e-06
9.5683e-06
9.605e-06
9.6418e-06
9.6786e-06
9.7156e-06
9.7527e-06
9.7898e-06
9.8271e-06
9.8645e-06
9.9019e-06
9.9395e-06
9.9772e-06
1.0015e-05
1.0053e-05
1.0091e-05
1.0129e-05
1.0167e-05
1.0205e-05
1.0244e-05
1.0282e-05
1.0321e-05
1.0359e-05
1.0398e-05
1.0437e-05
1.0476e-05
1.0515e-05
1.0554e-05
1.0594e-05
1.0633e-05
1.0672e-05
1.0712e-05
1.0752e-05
1.0792e-05
1.0831e-05
1.0871e-05
1.0912e-05
1.0952e-05
1.0992e-05
1.1032e-05
1.1073e-05
1.1114e-05
1.1154e-05
1.1195e-05
1.1236e-05
1.1277e-05
1.1318e-05
1.1359e-05
1.1401e-05
1.1442e-05
1.1484e-05
1.1525e-05
1.1567e-05
1.1609e-05
1.1651e-05
1.1693e-05
1.1735e-05
1.1777e-05
1.182e-05
1.1862e-05
1.1905e-05
1.1947e-05
1.199e-05
1.2033e-05
1.2076e-05
1.2119e-05
1.2162e-05
1.2205e-05
1.2249e-05
1.2292e-05
1.2336e-05
1.2379e-05
1.2423e-05
1.2467e-05
1.2511e-05
1.2555e-05
1.2599e-05
1.2644e-05
1.2688e-05
1.2732e-05
1.2777e-05
1.2822e-05
1.2867e-05
1.2911e-05
1.2956e-05
1.3002e-05
1.3047e-05
1.3092e-05
1.3137e-05
1.3183e-05
1.3229e-05
1.3274e-05
1.332e-05
1.3366e-05
1.3412e-05
1.3458e-05
1.3504e-05
1.3551e-05
1.3597e-05
1.3644e-05
1.369e-05
1.3737e-05
1.3784e-05
1.3831e-05
1.3878e-05
1.3925e-05
1.3972e-05
1.402e-05
1.4067e-05
1.4115e-05
1.4162e-05
1.421e-05
1.4258e-05
1.4306e-05
1.4354e-05
1.4402e-05
1.445e-05
1.4499e-05
1.4547e-05
1.4596e-05
1.4644e-05
1.4693e-05
1.4742e-05
1.4791e-05
1.484e-05
1.4889e-05
1.4938e-05
1.4988e-05
1.5037e-05
1.5087e-05
1.5137e-05
1.5186e-05
1.5236e-05
1.5286e-05
1.5336e-05
1.5386e-05
1.5437e-05
1.5487e-05
1.5537e-05
1.5588e-05
1.5639e-05
1.5689e-05
1.574e-05
1.5791e-05
1.5842e-05
1.5893e-05
1.5945e-05
1.5996e-05
1.6047e-05
1.6099e-05
1.6151e-05
1.6202e-05
1.6254e-05
1.6306e-05
1.6358e-05
1.641e-05
1.6462e-05
1.6515e-05
1.6567e-05
1.662e-05
1.6672e-05
1.6725e-05
1.6778e-05
1.6831e-05
1.6884e-05
1.6937e-05
1.699e-05
1.7043e-05
1.7096e-05
1.715e-05
1.7203e-05
1.7257e-05
1.7311e-05
1.7365e-05
1.7419e-05
1.7473e-05
1.7527e-05
1.7581e-05
1.7635e-05
1.769e-05
1.7744e-05
1.7799e-05
1.7853e-05
1.7908e-05
1.7963e-05
1.8018e-05
1.8073e-05
1.8128e-05
1.8184e-05
1.8239e-05
1.8294e-05
1.835e-05
1.8405e-05
1.8461e-05
1.8517e-05
1.8573e-05
1.8629e-05
1.8685e-05
1.8741e-05
1.8797e-05
1.8853e-05
1.891e-05
1.8966e-05
1.9023e-05
1.908e-05
1.9136e-05
1.9193e-05
1.925e-05
1.9307e-05
1.9364e-05
1.9421e-05
1.9479e-05
1.9536e-05
1.9594e-05
1.9651e-05
1.9709e-05
1.9767e-05
1.9824e-05
1.9882e-05
1.994e-05
1.9998e-05
2.0056e-05
2.0115e-05
2.0173e-05
2.0231e-05
2.029e-05
2.0348e-05
2.0407e-05
2.0466e-05
2.0525e-05
2.0584e-05
2.0642e-05
2.0702e-05
2.0761e-05
2.082e-05
2.0879e-05
2.0939e-05
2.0998e-05
2.1058e-05
2.1117e-05
2.1177e-05
2.1237e-05
2.1297e-05
2.1357e-05
2.1417e-05
2.1477e-05
2.1537e-05
2.1597e-05
2.1657e-05
2.1718e-05
2.1778e-05
2.1839e-05
2.19e-05
2.196e-05
2.2021e-05
2.2082e-05
2.2143e-05
2.2204e-05
2.2265e-05
2.2326e-05
2.2387e-05
2.2449e-05
2.251e-05
2.2572e-05
2.2633e-05
2.2695e-05
2.2756e-05
2.2818e-05
2.288e-05
2.2942e-05
2.3004e-05
2.3066e-05
2.3128e-05
2.319e-05
2.3252e-05
2.3315e-05
2.3377e-05
2.344e-05
2.3502e-05
2.3565e-05
2.3627e-05
2.369e-05
2.3753e-05
2.3816e-05
2.3879e-05
2.3942e-05
2.4005e-05
2.4068e-05
2.4131e-05
2.4194e-05
2.4257e-05
2.4321e-05
2.4384e-05
2.4448e-05
2.4511e-05
2.4575e-05
2.4639e-05
2.4702e-05
2.4766e-05
2.483e-05
2.4894e-05
2.4958e-05
2.5022e-05
2.5086e-05
2.515e-05
2.5214e-05
2.5279e-05
2.5343e-05
2.5407e-05
2.5472e-05
2.5536e-05
2.5601e-05
2.5666e-05
2.573e-05
2.5795e-05
2.586e-05
2.5925e-05
2.5989e-05
2.6054e-05
2.6119e-05
2.6184e-05
2.625e-05
2.6315e-05
2.638e-05
2.6445e-05
2.651e-05
2.6576e-05
2.6641e-05
2.6707e-05
2.6772e-05
2.6838e-05
2.6903e-05
2.6969e-05
2.7034e-05
2.71e-05
2.7166e-05
2.7232e-05
2.7298e-05
2.7364e-05
2.7429e-05
2.7495e-05
2.7561e-05
2.7628e-05
2.7694e-05
2.776e-05
2.7826e-05
2.7892e-05
2.7959e-05
2.8025e-05
2.8091e-05
2.8158e-05
2.8224e-05
2.8291e-05
2.8357e-05
2.8424e-05
2.849e-05
2.8557e-05
2.8623e-05
2.869e-05
2.8757e-05
2.8824e-05
2.889e-05
2.8957e-05
2.9024e-05
2.9091e-05
2.9158e-05
2.9225e-05
2.9292e-05
2.9359e-05
2.9426e-05
2.9493e-05
2.956e-05
2.9627e-05
2.9694e-05
2.9761e-05
2.9829e-05
2.9896e-05
2.9963e-05
3.003e-05
3.0098e-05
3.0165e-05
3.0232e-05
3.03e-05
3.0367e-05
3.0435e-05
3.0502e-05
3.057e-05
3.0637e-05
3.0705e-05
3.0772e-05
3.084e-05
3.0907e-05
3.0975e-05
3.1042e-05
3.111e-05
3.1178e-05
3.1245e-05
3.1313e-05
3.1381e-05
3.1448e-05
3.1516e-05
3.1584e-05
3.1651e-05
3.1719e-05
3.1787e-05
3.1855e-05
3.1922e-05
3.199e-05
3.2058e-05
3.2126e-05
3.2194e-05
3.2261e-05
3.2329e-05
3.2397e-05
3.2465e-05
3.2533e-05
3.2601e-05
3.2668e-05
3.2736e-05
3.2804e-05
3.2872e-05
3.294e-05
3.3008e-05
3.3075e-05
3.3143e-05
3.3211e-05
3.3279e-05
3.3347e-05
3.3415e-05
3.3483e-05
3.355e-05
3.3618e-05
3.3686e-05
3.3754e-05
3.3822e-05
3.389e-05
3.3957e-05
3.4025e-05
3.4093e-05
3.4161e-05
3.4229e-05
3.4296e-05
3.4364e-05
3.4432e-05
3.45e-05
3.4567e-05
3.4635e-05
3.4703e-05
3.477e-05
3.4838e-05
3.4906e-05
3.4973e-05
3.5041e-05
3.5109e-05
3.5176e-05
3.5244e-05
3.5311e-05
3.5379e-05
3.5446e-05
3.5514e-05
3.5581e-05
3.5649e-05
3.5716e-05
3.5784e-05
3.5851e-05
3.5918e-05
3.5986e-05
3.6053e-05
3.612e-05
3.6188e-05
3.6255e-05
3.6322e-05
3.6389e-05
3.6456e-05
3.6523e-05
3.659e-05
3.6658e-05
3.6725e-05
3.6792e-05
3.6858e-05
3.6925e-05
3.6992e-05
3.7059e-05
3.7126e-05
3.7193e-05
3.7259e-05
3.7326e-05
3.7393e-05
3.7459e-05
3.7526e-05
3.7593e-05
3.7659e-05
3.7726e-05
3.7792e-05
3.7858e-05
3.7925e-05
3.7991e-05
3.8057e-05
3.8123e-05
3.819e-05
3.8256e-05
3.8322e-05
3.8388e-05
3.8454e-05
3.852e-05
3.8586e-05
3.8651e-05
3.8717e-05
3.8783e-05
3.8849e-05
3.8914e-05
3.898e-05
3.9045e-05
3.9111e-05
3.9176e-05
3.9242e-05
3.9307e-05
3.9372e-05
3.9437e-05
3.9502e-05
3.9567e-05
3.9632e-05
3.9697e-05
3.9762e-05
3.9827e-05
3.9892e-05
3.9957e-05
4.0021e-05
4.0086e-05
4.015e-05
4.0215e-05
4.0279e-05
4.0343e-05
4.0408e-05
4.0472e-05
4.0536e-05
4.06e-05
4.0664e-05
4.0728e-05
4.0792e-05
4.0855e-05
4.0919e-05
4.0983e-05
4.1046e-05
4.111e-05
4.1173e-05
4.1236e-05
4.1299e-05
4.1363e-05
4.1426e-05
4.1489e-05
4.1552e-05
4.1614e-05
4.1677e-05
4.174e-05
4.1802e-05
4.1865e-05
4.1927e-05
4.199e-05
4.2052e-05
4.2114e-05
4.2176e-05
4.2238e-05
4.23e-05
4.2362e-05
4.2424e-05
4.2485e-05
4.2547e-05
4.2608e-05
4.267e-05
4.2731e-05
4.2792e-05
4.2853e-05
4.2914e-05
4.2975e-05
4.3036e-05
4.3097e-05
4.3157e-05
4.3218e-05
4.3278e-05
4.3339e-05
4.3399e-05
4.3459e-05
4.3519e-05
4.3579e-05
4.3639e-05
4.3699e-05
4.3758e-05
4.3818e-05
4.3877e-05
4.3937e-05
4.3996e-05
4.4055e-05
4.4114e-05
4.4173e-05
4.4232e-05
4.429e-05
4.4349e-05
4.4407e-05
4.4466e-05
4.4524e-05
4.4582e-05
4.464e-05
4.4698e-05
4.4756e-05
4.4814e-05
4.4871e-05
4.4929e-05
4.4986e-05
4.5043e-05
4.51e-05
4.5157e-05
4.5214e-05
4.5271e-05
4.5328e-05
4.5384e-05
4.5441e-05
4.5497e-05
4.5553e-05
4.5609e-05
4.5665e-05
4.5721e-05
4.5776e-05
4.5832e-05
4.5887e-05
4.5943e-05
4.5998e-05
4.6053e-05
4.6108e-05
4.6162e-05
4.6217e-05
4.6272e-05
4.6326e-05
4.638e-05
4.6434e-05
4.6488e-05
4.6542e-05
4.6596e-05
4.6649e-05
4.6703e-05
4.6756e-05
4.6809e-05
4.6862e-05
4.6915e-05
4.6968e-05
4.7021e-05
4.7073e-05
4.7126e-05
4.7178e-05
4.723e-05
4.7282e-05
4.7334e-05
4.7385e-05
4.7437e-05
4.7488e-05
4.7539e-05
4.759e-05
4.7641e-05
4.7692e-05
4.7743e-05
4.7793e-05
4.7843e-05
4.7894e-05
4.7944e-05
4.7993e-05
4.8043e-05
4.8093e-05
4.8142e-05
4.8192e-05
4.8241e-05
4.829e-05
4.8338e-05
4.8387e-05
4.8436e-05
4.8484e-05
4.8532e-05
4.858e-05
4.8628e-05
4.8676e-05
4.8723e-05
4.8771e-05
4.8818e-05
4.8865e-05
4.8912e-05
4.8959e-05
4.9005e-05
4.9052e-05
4.9098e-05
4.9144e-05
4.919e-05
4.9236e-05
4.9282e-05
4.9327e-05
4.9372e-05
4.9418e-05
4.9463e-05
4.9507e-05
4.9552e-05
4.9596e-05
4.9641e-05
4.9685e-05
4.9729e-05
4.9773e-05
4.9816e-05
4.986e-05
4.9903e-05
4.9946e-05
4.9989e-05
5.0032e-05
5.0074e-05
5.0117e-05
5.0159e-05
5.0201e-05
5.0243e-05
5.0285e-05
5.0326e-05
5.0367e-05
5.0409e-05
5.045e-05
5.049e-05
5.0531e-05
5.0571e-05
5.0612e-05
5.0652e-05
5.0692e-05
5.0731e-05
5.0771e-05
5.081e-05
5.085e-05
5.0888e-05
5.0927e-05
5.0966e-05
5.1004e-05
5.1043e-05
5.1081e-05
5.1119e-05
5.1156e-05
5.1194e-05
5.1231e-05
5.1268e-05
5.1305e-05
5.1342e-05
5.1378e-05
5.1415e-05
5.1451e-05
5.1487e-05
5.1523e-05
5.1558e-05
5.1594e-05
5.1629e-05
5.1664e-05
5.1699e-05
5.1733e-05
5.1768e-05
5.1802e-05
5.1836e-05
5.187e-05
5.1904e-05
5.1937e-05
5.197e-05
5.2004e-05
5.2036e-05
5.2069e-05
5.2102e-05
5.2134e-05
5.2166e-05
5.2198e-05
5.2229e-05
5.2261e-05
5.2292e-05
5.2323e-05
5.2354e-05
5.2385e-05
5.2415e-05
5.2446e-05
5.2476e-05
5.2505e-05
5.2535e-05
5.2565e-05
5.2594e-05
5.2623e-05
5.2652e-05
5.268e-05
5.2709e-05
5.2737e-05
5.2765e-05
5.2793e-05
5.282e-05
5.2848e-05
5.2875e-05
5.2902e-05
5.2929e-05
5.2955e-05
5.2981e-05
5.3008e-05
5.3034e-05
5.3059e-05
5.3085e-05
5.311e-05
5.3135e-05
5.316e-05
5.3185e-05
5.3209e-05
5.3233e-05
5.3257e-05
5.3281e-05
5.3305e-05
5.3328e-05
5.3351e-05
5.3374e-05
5.3397e-05
5.3419e-05
5.3442e-05
5.3464e-05
5.3486e-05
5.3507e-05
5.3529e-05
5.355e-05
5.3571e-05
5.3592e-05
5.3612e-05
5.3633e-05
5.3653e-05
5.3673e-05
5.3692e-05
5.3712e-05
5.3731e-05
5.375e-05
5.3769e-05
5.3788e-05
5.3806e-05
5.3824e-05
5.3842e-05
5.386e-05
5.3877e-05
5.3895e-05
5.3912e-05
5.3928e-05
5.3945e-05
5.3961e-05
5.3978e-05
5.3994e-05
5.4009e-05
5.4025e-05
5.404e-05
5.4055e-05
5.407e-05
5.4085e-05
5.4099e-05
5.4113e-05
5.4127e-05
5.4141e-05
5.4154e-05
5.4167e-05
5.4181e-05
5.4193e-05
5.4206e-05
5.4218e-05
5.423e-05
5.4242e-05
5.4254e-05
5.4265e-05
5.4277e-05
5.4288e-05
5.4299e-05
5.4309e-05
5.4319e-05
5.433e-05
5.4339e-05
5.4349e-05
5.4358e-05
5.4368e-05
5.4377e-05
5.4385e-05
5.4394e-05
5.4402e-05
5.441e-05
5.4418e-05
5.4426e-05
5.4433e-05
5.444e-05
5.4447e-05
5.4454e-05
5.446e-05
5.4466e-05
5.4473e-05
5.4478e-05
5.4484e-05
5.4489e-05
5.4494e-05
5.4499e-05
5.4504e-05
5.4508e-05
5.4512e-05
5.4516e-05
5.452e-05
5.4523e-05
5.4527e-05
5.453e-05
5.4533e-05
5.4535e-05
5.4537e-05
5.454e-05
5.4541e-05
5.4543e-05
5.4545e-05
5.4546e-05
5.4547e-05
5.4547e-05
5.4548e-05
5.4548e-05
5.4548e-05
5.4548e-05
5.4548e-05
5.4547e-05
5.4546e-05
5.4545e-05
5.4544e-05
5.4542e-05
5.454e-05
5.4538e-05
5.4536e-05
5.4534e-05
5.4531e-05
5.4528e-05
5.4525e-05
5.4522e-05
5.4518e-05
5.4514e-05
5.451e-05
5.4506e-05
5.4501e-05
5.4496e-05
5.4491e-05
5.4486e-05
5.4481e-05
5.4475e-05
5.4469e-05
5.4463e-05
5.4457e-05
5.445e-05
5.4443e-05
5.4436e-05
5.4429e-05
5.4421e-05
5.4414e-05
5.4406e-05
5.4397e-05
5.4389e-05
5.438e-05
5.4372e-05
5.4362e-05
5.4353e-05
5.4344e-05
5.4334e-05
5.4324e-05
5.4314e-05
5.4303e-05
5.4292e-05
5.4281e-05
5.427e-05
5.4259e-05
5.4247e-05
5.4236e-05
5.4224e-05
5.4211e-05
5.4199e-05
5.4186e-05
5.4173e-05
5.416e-05
5.4147e-05
5.4133e-05
5.4119e-05
5.4105e-05
5.4091e-05
5.4076e-05
5.4061e-05
5.4047e-05
5.4031e-05
5.4016e-05
5.4e-05
5.3984e-05
5.3968e-05
5.3952e-05
5.3936e-05
5.3919e-05
5.3902e-05
5.3885e-05
5.3867e-05
5.385e-05
5.3832e-05
5.3814e-05
5.3795e-05
5.3777e-05
5.3758e-05
5.3739e-05
5.372e-05
5.3701e-05
5.3681e-05
5.3661e-05
5.3641e-05
5.3621e-05
5.3601e-05
5.358e-05
5.3559e-05
5.3538e-05
5.3517e-05
5.3495e-05
5.3473e-05
5.3451e-05
5.3429e-05
5.3407e-05
5.3384e-05
5.3361e-05
5.3338e-05
5.3315e-05
5.3291e-05
5.3268e-05
5.3244e-05
5.3219e-05
5.3195e-05
5.3171e-05
5.3146e-05
5.3121e-05
5.3096e-05
5.307e-05
5.3045e-05
5.3019e-05
5.2993e-05
5.2966e-05
5.294e-05
5.2913e-05
5.2886e-05
5.2859e-05
5.2832e-05
5.2805e-05
5.2777e-05
5.2749e-05
5.2721e-05
5.2692e-05
5.2664e-05
5.2635e-05
5.2606e-05
5.2577e-05
5.2548e-05
5.2518e-05
5.2488e-05
5.2458e-05
5.2428e-05
5.2398e-05
5.2367e-05
5.2337e-05
5.2306e-05
5.2274e-05
5.2243e-05
5.2211e-05
5.218e-05
5.2148e-05
5.2115e-05
5.2083e-05
5.205e-05
5.2018e-05
5.1985e-05
5.1951e-05
5.1918e-05
5.1885e-05
5.1851e-05
5.1817e-05
5.1783e-05
5.1748e-05
5.1714e-05
5.1679e-05
5.1644e-05
5.1609e-05
5.1574e-05
5.1538e-05
5.1502e-05
5.1466e-05
5.143e-05
5.1394e-05
5.1358e-05
5.1321e-05
5.1284e-05
5.1247e-05
5.121e-05
5.1172e-05
5.1135e-05
5.1097e-05
5.1059e-05
5.1021e-05
5.0982e-05
5.0944e-05
5.0905e-05
5.0866e-05
5.0827e-05
5.0788e-05
5.0748e-05
5.0709e-05
5.0669e-05
5.0629e-05
5.0589e-05
5.0548e-05
5.0508e-05
5.0467e-05
5.0426e-05
5.0385e-05
5.0344e-05
5.0302e-05
5.0261e-05
5.0219e-05
5.0177e-05
5.0135e-05
5.0092e-05
5.005e-05
5.0007e-05
4.9964e-05
4.9921e-05
4.9878e-05
4.9835e-05
4.9791e-05
4.9748e-05
4.9704e-05
4.966e-05
4.9615e-05
4.9571e-05
4.9527e-05
4.9482e-05
4.9437e-05
4.9392e-05
4.9347e-05
4.9301e-05
4.9256e-05
4.921e-05
4.9164e-05
4.9118e-05
4.9072e-05
4.9025e-05
4.8979e-05
4.8932e-05
4.8885e-05
4.8838e-05
4.8791e-05
4.8744e-05
4.8696e-05
4.8649e-05
4.8601e-05
4.8553e-05
4.8505e-05
4.8456e-05
4.8408e-05
4.8359e-05
4.8311e-05
4.8262e-05
4.8213e-05
4.8163e-05
4.8114e-05
4.8064e-05
4.8015e-05
4.7965e-05
4.7915e-05
4.7865e-05
4.7815e-05
4.7764e-05
4.7714e-05
4.7663e-05
4.7612e-05
4.7561e-05
4.751e-05
4.7459e-05
4.7407e-05
4.7356e-05
4.7304e-05
4.7252e-05
4.72e-05
4.7148e-05
4.7096e-05
4.7043e-05
4.6991e-05
4.6938e-05
4.6885e-05
4.6832e-05
4.6779e-05
4.6726e-05
4.6672e-05
4.6619e-05
4.6565e-05
4.6511e-05
4.6457e-05
4.6403e-05
4.6349e-05
4.6295e-05
4.624e-05
4.6186e-05
4.6131e-05
4.6076e-05
4.6021e-05
4.5966e-05
4.5911e-05
4.5856e-05
4.58e-05
4.5745e-05
4.5689e-05
4.5633e-05
4.5577e-05
4.5521e-05
4.5465e-05
4.5408e-05
4.5352e-05
4.5295e-05
4.5239e-05
4.5182e-05
4.5125e-05
4.5068e-05
4.5011e-05
4.4953e-05
4.4896e-05
4.4838e-05
4.4781e-05
4.4723e-05
4.4665e-05
4.4607e-05
4.4549e-05
4.4491e-05
4.4432e-05
4.4374e-05
4.4316e-05
4.4257e-05
4.4198e-05
4.4139e-05
4.408e-05
4.4021e-05
4.3962e-05
4.3903e-05
4.3843e-05
4.3784e-05
4.3724e-05
4.3665e-05
4.3605e-05
4.3545e-05
4.3485e-05
4.3425e-05
4.3365e-05
4.3304e-05
4.3244e-05
4.3183e-05
4.3123e-05
4.3062e-05
4.3001e-05
4.294e-05
4.288e-05
4.2818e-05
4.2757e-05
4.2696e-05
4.2635e-05
4.2573e-05
4.2512e-05
4.245e-05
4.2388e-05
4.2327e-05
4.2265e-05
4.2203e-05
4.2141e-05
4.2079e-05
4.2016e-05
4.1954e-05
4.1892e-05
4.1829e-05
4.1767e-05
4.1704e-05
4.1641e-05
4.1579e-05
4.1516e-05
4.1453e-05
4.139e-05
4.1327e-05
4.1263e-05
4.12e-05
4.1137e-05
4.1073e-05
4.101e-05
4.0946e-05
4.0883e-05
4.0819e-05
4.0755e-05
4.0691e-05
4.0627e-05
4.0563e-05
4.0499e-05
4.0435e-05
4.0371e-05
4.0307e-05
4.0242e-05
4.0178e-05
4.0113e-05
4.0049e-05
3.9984e-05
3.992e-05
3.9855e-05
3.979e-05
3.9725e-05
3.966e-05
3.9595e-05
3.953e-05
3.9465e-05
3.94e-05
3.9335e-05
3.927e-05
3.9204e-05
3.9139e-05
3.9073e-05
3.9008e-05
3.8942e-05
3.8877e-05
3.8811e-05
3.8745e-05
3.868e-05
3.8614e-05
3.8548e-05
3.8482e-05
3.8416e-05
3.835e-05
3.8284e-05
3.8218e-05
3.8152e-05
3.8086e-05
3.8019e-05
3.7953e-05
3.7887e-05
3.782e-05
3.7754e-05
3.7688e-05
3.7621e-05
3.7555e-05
3.7488e-05
3.7421e-05
3.7355e-05
3.7288e-05
3.7221e-05
3.7155e-05
3.7088e-05
3.7021e-05
3.6954e-05
3.6887e-05
3.682e-05
3.6753e-05
3.6686e-05
3.6619e-05
3.6552e-05
3.6485e-05
3.6418e-05
3.6351e-05
3.6284e-05
3.6216e-05
3.6149e-05
3.6082e-05
3.6015e-05
3.5947e-05
3.588e-05
3.5813e-05
3.5745e-05
3.5678e-05
3.561e-05
3.5543e-05
3.5475e-05
3.5408e-05
3.534e-05
3.5273e-05
3.5205e-05
3.5138e-05
3.507e-05
3.5002e-05
3.4935e-05
3.4867e-05
3.4799e-05
3.4732e-05
3.4664e-05
3.4596e-05
3.4529e-05
3.4461e-05
3.4393e-05
3.4325e-05
3.4258e-05
3.419e-05
3.4122e-05
3.4054e-05
3.3986e-05
3.3919e-05
3.3851e-05
3.3783e-05
3.3715e-05
3.3647e-05
3.358e-05
3.3512e-05
3.3444e-05
3.3376e-05
3.3308e-05
3.324e-05
3.3172e-05
3.3105e-05
3.3037e-05
3.2969e-05
3.2901e-05
3.2833e-05
3.2765e-05
3.2697e-05
3.263e-05
3.2562e-05
3.2494e-05
3.2426e-05
3.2358e-05
3.229e-05
3.2223e-05
3.2155e-05
3.2087e-05
3.2019e-05
3.1951e-05
3.1884e-05
3.1816e-05
3.1748e-05
3.168e-05
3.1613e-05
3.1545e-05
3.1477e-05
3.141e-05
3.1342e-05
3.1274e-05
3.1207e-05
3.1139e-05
3.1071e-05
3.1004e-05
3.0936e-05
3.0869e-05
3.0801e-05
3.0733e-05
3.0666e-05
3.0598e-05
3.0531e-05
3.0464e-05
3.0396e-05
3.0329e-05
3.0261e-05
3.0194e-05
3.0127e-05
3.0059e-05
2.9992e-05
2.9925e-05
2.9857e-05
2.979e-05
2.9723e-05
2.9656e-05
2.9589e-05
2.9522e-05
2.9455e-05
2.9388e-05
2.9321e-05
2.9254e-05
2.9187e-05
2.912e-05
2.9053e-05
2.8986e-05
2.8919e-05
2.8852e-05
2.8785e-05
2.8719e-05
2.8652e-05
2.8585e-05
2.8519e-05
2.8452e-05
2.8386e-05
2.8319e-05
2.8253e-05
2.8186e-05
2.812e-05
2.8053e-05
2.7987e-05
2.7921e-05
2.7854e-05
2.7788e-05
2.7722e-05
2.7656e-05
2.759e-05
2.7524e-05
2.7458e-05
2.7392e-05
2.7326e-05
2.726e-05
2.7194e-05
2.7128e-05
2.7063e-05
2.6997e-05
2.6931e-05
2.6866e-05
2.68e-05
2.6735e-05
2.6669e-05
2.6604e-05
2.6538e-05
2.6473e-05
2.6408e-05
2.6343e-05
2.6277e-05
2.6212e-05
2.6147e-05
2.6082e-05
2.6017e-05
2.5952e-05
2.5888e-05
2.5823e-05
2.5758e-05
2.5693e-05
2.5629e-05
2.5564e-05
2.55e-05
2.5435e-05
2.5371e-05
2.5306e-05
2.5242e-05
2.5178e-05
2.5114e-05
2.5049e-05
2.4985e-05
2.4921e-05
2.4857e-05
2.4794e-05
2.473e-05
2.4666e-05
2.4602e-05
2.4539e-05
2.4475e-05
2.4412e-05
2.4348e-05
2.4285e-05
2.4221e-05
2.4158e-05
2.4095e-05
2.4032e-05
2.3969e-05
2.3906e-05
2.3843e-05
2.378e-05
2.3717e-05
2.3654e-05
2.3592e-05
2.3529e-05
2.3466e-05
2.3404e-05
2.3342e-05
2.3279e-05
2.3217e-05
2.3155e-05
2.3093e-05
2.303e-05
2.2968e-05
2.2907e-05
2.2845e-05
2.2783e-05
2.2721e-05
2.266e-05
2.2598e-05
2.2537e-05
2.2475e-05
2.2414e-05
2.2352e-05
2.2291e-05
2.223e-05
2.2169e-05
2.2108e-05
2.2047e-05
2.1986e-05
2.1926e-05
2.1865e-05
2.1804e-05
2.1744e-05
2.1683e-05
2.1623e-05
2.1563e-05
2.1503e-05
2.1442e-05
2.1382e-05
2.1322e-05
2.1262e-05
2.1203e-05
2.1143e-05
2.1083e-05
2.1024e-05
2.0964e-05
2.0905e-05
2.0845e-05
2.0786e-05
2.0727e-05
2.0668e-05
2.0609e-05
2.055e-05
2.0491e-05
2.0432e-05
2.0374e-05
2.0315e-05
2.0256e-05
2.0198e-05
2.014e-05
2.0081e-05
2.0023e-05
1.9965e-05
1.9907e-05
1.9849e-05
1.9791e-05
1.9734e-05
1.9676e-05
1.9618e-05
1.9561e-05
1.9503e-05
1.9446e-05
1.9389e-05
1.9332e-05
1.9275e-05
1.9218e-05
1.9161e-05
1.9104e-05
1.9047e-05
1.8991e-05
1.8934e-05
1.8878e-05
1.8821e-05
1.8765e-05
1.8709e-05
1.8653e-05
1.8597e-05
1.8541e-05
1.8485e-05
1.8429e-05
1.8374e-05
1.8318e-05
1.8263e-05
1.8207e-05
1.8152e-05
1.8097e-05
1.8042e-05
1.7987e-05
1.7932e-05
1.7877e-05
1.7822e-05
1.7768e-05
1.7713e-05
1.7659e-05
1.7604e-05
1.755e-05
1.7496e-05
1.7442e-05
1.7388e-05
1.7334e-05
1.728e-05
1.7226e-05
1.7173e-05
1.7119e-05
1.7066e-05
1.7013e-05
1.6959e-05
1.6906e-05
1.6853e-05
1.68e-05
1.6748e-05
1.6695e-05
1.6642e-05
1.659e-05
1.6537e-05
1.6485e-05
1.6433e-05
1.638e-05
1.6328e-05
1.6276e-05
1.6224e-05
1.6173e-05
1.6121e-05
1.6069e-05
1.6018e-05
1.5967e-05
1.5915e-05
1.5864e-05
1.5813e-05
1.5762e-05
1.5711e-05
1.566e-05
1.561e-05
1.5559e-05
1.5509e-05
1.5458e-05
1.5408e-05
1.5358e-05
1.5308e-05
1.5258e-05
1.5208e-05
1.5158e-05
1.5108e-05
1.5059e-05
1.5009e-05
1.496e-05
1.491e-05
1.4861e-05
1.4812e-05
1.4763e-05
1.4714e-05
1.4665e-05
1.4617e-05
1.4568e-05
1.452e-05
1.4471e-05
1.4423e-05
1.4375e-05
1.4327e-05
1.4279e-05
1.4231e-05
1.4183e-05
1.4135e-05
1.4088e-05
1.404e-05
1.3993e-05
1.3945e-05
1.3898e-05
1.3851e-05
1.3804e-05
1.3757e-05
1.371e-05
1.3664e-05
1.3617e-05
1.3571e-05
1.3524e-05
1.3478e-05
1.3432e-05
1.3386e-05
1.334e-05
1.3294e-05
1.3248e-05
1.3203e-05
1.3157e-05
1.3112e-05
1.3066e-05
1.3021e-05
1.2976e-05
1.2931e-05
1.2886e-05
1.2841e-05
1.2796e-05
1.2752e-05
1.2707e-05
1.2663e-05
1.2618e-05
1.2574e-05
1.253e-05
1.2486e-05
1.2442e-05
1.2398e-05
1.2354e-05
1.2311e-05
1.2267e-05
1.2224e-05
1.2181e-05
1.2137e-05
1.2094e-05
1.2051e-05
1.2008e-05
1.1966e-05
1.1923e-05
1.188e-05
1.1838e-05
1.1795e-05
1.1753e-05
1.1711e-05
1.1669e-05
1.1627e-05
1.1585e-05
1.1543e-05
1.1501e-05
1.146e-05
1.1418e-05
1.1377e-05
1.1336e-05
1.1295e-05
1.1254e-05
1.1213e-05
1.1172e-05
1.1131e-05
1.109e-05
1.105e-05
1.1009e-05
1.0969e-05
1.0929e-05
1.0889e-05
1.0849e-05
1.0809e-05
1.0769e-05
1.0729e-05
1.0689e-05
1.065e-05
1.0611e-05
1.0571e-05
1.0532e-05
1.0493e-05
1.0454e-05
1.0415e-05
1.0376e-05
1.0337e-05
1.0299e-05
1.026e-05
1.0222e-05
1.0183e-05
1.0145e-05
1.0107e-05
1.0069e-05
1.0031e-05
9.9934e-06
9.9557e-06
9.9181e-06
9.8806e-06
9.8431e-06
9.8058e-06
9.7686e-06
9.7315e-06
9.6945e-06
9.6576e-06
9.6208e-06
9.5841e-06
9.5475e-06
9.511e-06
9.4746e-06
9.4383e-06
9.402e-06
9.3659e-06
9.3299e-06
9.294e-06
9.2582e-06
9.2225e-06
9.1869e-06
9.1514e-06
9.1159e-06
9.0806e-06
9.0454e-06
9.0103e-06
8.9753e-06
8.9403e-06
8.9055e-06
8.8708e-06
8.8362e-06
8.8016e-06
8.7672e-06
8.7329e-06
8.6986e-06
8.6645e-06
8.6305e-06
8.5965e-06
8.5627e-06
8.5289e-06
8.4953e-06
8.4617e-06
8.4283e-06
8.3949e-06
8.3616e-06
8.3285e-06
8.2954e-06
8.2624e-06
8.2296e-06
8.1968e-06
8.1641e-06
8.1315e-06
8.099e-06
8.0666e-06
8.0343e-06
8.0021e-06
7.97e-06
7.938e-06
7.9061e-06
7.8743e-06
7.8425e-06
7.8109e-06
7.7794e-06
7.7479e-06
7.7166e-06
7.6853e-06
7.6542e-06
7.6231e-06
7.5921e-06
7.5612e-06
7.5305e-06
7.4998e-06
7.4692e-06
7.4387e-06
7.4083e-06
7.378e-06
7.3477e-06
7.3176e-06
7.2876e-06
7.2576e-06
7.2278e-06
7.198e-06
7.1683e-06
7.1388e-06
7.1093e-06
7.0799e-06
7.0506e-06
7.0214e-06
6.9923e-06
6.9633e-06
6.9343e-06
6.9055e-06
6.8767e-06
6.8481e-06
6.8195e-06
6.791e-06
6.7626e-06
6.7343e-06
6.7061e-06
6.678e-06
6.65e-06
6.6221e-06
6.5942e-06
6.5665e-06
6.5388e-06
6.5112e-06
6.4837e-06
6.4563e-06
6.429e-06
6.4018e-06
6.3747e-06
6.3476e-06
6.3206e-06
6.2938e-06
6.267e-06
6.2403e-06
6.2137e-06
6.1872e-06
6.1607e-06
6.1344e-06
6.1081e-06
6.082e-06
6.0559e-06
6.0299e-06
6.004e-06
5.9781e-06
5.9524e-06
5.9267e-06
5.9012e-06
5.8757e-06
5.8503e-06
5.825e-06
5.7998e-06
5.7746e-06
5.7496e-06
5.7246e-06
5.6997e-06
5.6749e-06
5.6502e-06
5.6255e-06
5.601e-06
5.5765e-06
5.5521e-06
5.5278e-06
5.5036e-06
5.4795e-06
5.4554e-06
5.4315e-06
5.4076e-06
5.3838e-06
5.36e-06
5.3364e-06
5.3128e-06
5.2894e-06
5.266e-06
5.2427e-06
5.2194e-06
5.1963e-06
5.1732e-06
5.1502e-06
5.1273e-06
5.1045e-06
5.0817e-06
5.0591e-06
5.0365e-06
5.014e-06
4.9915e-06
4.9692e-06
4.9469e-06
4.9247e-06
4.9026e-06
4.8806e-06
4.8586e-06
4.8368e-06
4.815e-06
4.7932e-06
4.7716e-06
4.75e-06
4.7285e-06
4.7071e-06
4.6858e-06
4.6645e-06
4.6434e-06
4.6223e-06
4.6012e-06
4.5803e-06
4.5594e-06
4.5386e-06
4.5179e-06
4.4973e-06
4.4767e-06
4.4562e-06
4.4358e-06
4.4154e-06
4.3952e-06
4.375e-06
4.3549e-06
4.3348e-06
4.3148e-06
4.2949e-06
4.2751e-06
4.2554e-06
4.2357e-06
4.2161e-06
4.1966e-06
4.1771e-06
4.1577e-06
4.1384e-06
4.1192e-06
4.1e-06
4.0809e-06
4.0619e-06
4.0429e-06
4.024e-06
4.0052e-06
3.9865e-06
3.9678e-06
3.9492e-06
3.9307e-06
3.9122e-06
3.8939e-06
3.8755e-06
3.8573e-06
3.8391e-06
3.821e-06
3.803e-06
3.785e-06
3.7671e-06
3.7493e-06
3.7315e-06
3.7138e-06
3.6962e-06
3.6787e-06
3.6612e-06
3.6438e-06
3.6264e-06
3.6091e-06
3.5919e-06
3.5747e-06
3.5577e-06
3.5406e-06
3.5237e-06
3.5068e-06
3.49e-06
3.4732e-06
3.4566e-06
3.4399e-06
3.4234e-06
3.4069e-06
3.3905e-06
3.3741e-06
3.3578e-06
3.3416e-06
3.3254e-06
3.3093e-06
3.2933e-06
3.2773e-06
3.2614e-06
3.2456e-06
3.2298e-06
3.2141e-06
3.1984e-06
3.1828e-06
3.1673e-06
3.1518e-06
3.1364e-06
3.1211e-06
3.1058e-06
3.0906e-06
3.0754e-06
3.0603e-06
3.0453e-06
3.0303e-06
3.0154e-06
3.0005e-06
2.9857e-06
2.971e-06
2.9563e-06
2.9417e-06
2.9272e-06
2.9127e-06
2.8983e-06
2.8839e-06
2.8696e-06
2.8553e-06
2.8411e-06
2.827e-06
2.8129e-06
2.7989e-06
2.7849e-06
2.771e-06
2.7572e-06
2.7434e-06
2.7297e-06
2.716e-06
2.7024e-06
2.6888e-06
2.6753e-06
2.6619e-06
2.6485e-06
2.6351e-06
2.6219e-06
2.6086e-06
2.5955e-06
2.5824e-06
2.5693e-06
2.5563e-06
2.5434e-06
2.5305e-06
2.5177e-06
2.5049e-06
2.4921e-06
2.4795e-06
2.4669e-06
2.4543e-06
2.4418e-06
2.4293e-06
2.4169e-06
2.4046e-06
2.3923e-06
2.38e-06
2.3678e-06
2.3557e-06
2.3436e-06
2.3316e-06
2.3196e-06
2.3077e-06
2.2958e-06
2.284e-06
2.2722e-06
2.2605e-06
2.2488e-06
2.2372e-06
2.2256e-06
2.2141e-06
2.2026e-06
2.1912e-06
2.1798e-06
2.1685e-06
2.1572e-06
2.146e-06
2.1348e-06
2.1237e-06
2.1126e-06
2.1016e-06
2.0906e-06
2.0797e-06
2.0688e-06
2.058e-06
2.0472e-06
2.0365e-06
2.0258e-06
2.0152e-06
2.0046e-06
1.994e-06
1.9835e-06
1.9731e-06
1.9627e-06
1.9523e-06
1.942e-06
1.9317e-06
1.9215e-06
1.9114e-06
1.9012e-06
1.8911e-06
1.8811e-06
1.8711e-06
1.8612e-06
1.8513e-06
1.8414e-06
1.8316e-06
1.8219e-06
1.8121e-06
1.8025e-06
1.7928e-06
1.7832e-06
1.7737e-06
1.7642e-06
1.7547e-06
1.7453e-06
1.7359e-06
1.7266e-06
1.7173e-06
1.7081e-06
1.6989e-06
1.6897e-06
1.6806e-06
1.6715e-06
1.6625e-06
1.6535e-06
1.6446e-06
1.6357e-06
1.6268e-06
1.618e-06
1.6092e-06
1.6005e-06
1.5918e-06
1.5831e-06
1.5745e-06
1.5659e-06
1.5574e-06
1.5489e-06
1.5404e-06
1.532e-06
1.5236e-06
1.5153e-06
1.507e-06
1.4987e-06
1.4905e-06
1.4823e-06
1.4742e-06
1.4661e-06
1.458e-06
1.45e-06
1.442e-06
1.434e-06
1.4261e-06
1.4182e-06
1.4104e-06
1.4026e-06
1.3948e-06
1.3871e-06
1.3794e-06
1.3717e-06
1.3641e-06
1.3565e-06
1.349e-06
1.3415e-06
1.334e-06
1.3266e-06
1.3192e-06
1.3118e-06
1.3045e-06
1.2972e-06
1.2899e-06
1.2827e-06
1.2755e-06
1.2684e-06
1.2613e-06
1.2542e-06
1.2471e-06
1.2401e-06
1.2331e-06
1.2262e-06
1.2193e-06
1.2124e-06
1.2056e-06
1.1987e-06
1.192e-06
1.1852e-06
1.1785e-06
1.1718e-06
1.1652e-06
1.1586e-06
1.152e-06
1.1455e-06
1.1389e-06
1.1325e-06
1.126e-06
1.1196e-06
1.1132e-06
1.1069e-06
1.1005e-06
1.0942e-06
1.088e-06
1.0818e-06
1.0756e-06
1.0694e-06
1.0633e-06
1.0572e-06
1.0511e-06
1.045e-06
1.039e-06
1.033e-06
1.0271e-06
1.0212e-06
1.0153e-06
1.0094e-06
1.0036e-06
9.9777e-07
9.9199e-07
9.8625e-07
9.8053e-07
9.7485e-07
9.6919e-07
9.6356e-07
9.5796e-07
9.5239e-07
9.4684e-07
9.4133e-07
9.3584e-07
9.3038e-07
9.2495e-07
9.1955e-07
9.1417e-07
9.0882e-07
9.035e-07
8.9821e-07
8.9294e-07
8.8771e-07
8.8249e-07
8.7731e-07
8.7215e-07
8.6702e-07
8.6192e-07
8.5684e-07
8.5178e-07
8.4676e-07
8.4176e-07
8.3679e-07
8.3184e-07
8.2692e-07
8.2202e-07
8.1715e-07
8.123e-07
8.0748e-07
8.0269e-07
7.9792e-07
7.9318e-07
7.8846e-07
7.8376e-07
7.7909e-07
7.7444e-07
7.6982e-07
7.6523e-07
7.6065e-07
7.5611e-07
7.5158e-07
7.4708e-07
7.426e-07
7.3815e-07
7.3372e-07
7.2932e-07
7.2493e-07
7.2057e-07
7.1624e-07
7.1193e-07
7.0764e-07
7.0337e-07
6.9912e-07
6.949e-07
6.907e-07
6.8653e-07
6.8237e-07
6.7824e-07
6.7413e-07
6.7004e-07
6.6598e-07
6.6194e-07
6.5791e-07
6.5391e-07
6.4994e-07
6.4598e-07
6.4204e-07
6.3813e-07
6.3424e-07
6.3036e-07
6.2651e-07
6.2268e-07
6.1887e-07
6.1508e-07
6.1132e-07
6.0757e-07
6.0384e-07
6.0013e-07
5.9645e-07
5.9278e-07
5.8914e-07
5.8551e-07
5.819e-07
5.7832e-07
5.7475e-07
5.712e-07
5.6767e-07
5.6417e-07
5.6068e-07
5.5721e-07
5.5376e-07
5.5032e-07
5.4691e-07
5.4352e-07
5.4014e-07
5.3679e-07
5.3345e-07
5.3013e-07
5.2683e-07
5.2355e-07
5.2028e-07
5.1704e-07
5.1381e-07
5.106e-07
5.0741e-07
5.0423e-07
5.0108e-07
4.9794e-07
4.9482e-07
4.9171e-07
4.8863e-07
4.8556e-07
4.8251e-07
4.7947e-07
4.7645e-07
4.7345e-07
4.7047e-07
4.675e-07
4.6455e-07
4.6162e-07
4.587e-07
4.558e-07
4.5292e-07
4.5005e-07
4.472e-07
4.4437e-07
4.4155e-07
4.3874e-07
4.3596e-07
4.3319e-07
4.3043e-07
4.2769e-07
4.2497e-07
4.2226e-07
4.1957e-07
4.1689e-07
4.1423e-07
4.1158e-07
4.0895e-07
4.0633e-07
4.0373e-07
4.0115e-07
3.9857e-07
3.9602e-07
3.9348e-07
3.9095e-07
3.8844e-07
3.8594e-07
3.8345e-07
3.8099e-07
3.7853e-07
3.7609e-07
3.7366e-07
3.7125e-07
3.6885e-07
3.6647e-07
3.641e-07
3.6174e-07
3.594e-07
3.5707e-07
3.5475e-07
3.5245e-07
3.5016e-07
3.4789e-07
3.4562e-07
3.4337e-07
3.4114e-07
3.3892e-07
3.3671e-07
3.3451e-07
3.3233e-07
3.3016e-07
3.28e-07
3.2585e-07
3.2372e-07
3.216e-07
3.1949e-07
3.174e-07
3.1532e-07
3.1325e-07
3.1119e-07
3.0914e-07
3.0711e-07
3.0509e-07
3.0308e-07
3.0108e-07
2.991e-07
2.9712e-07
2.9516e-07
2.9321e-07
2.9127e-07
2.8935e-07
2.8743e-07
2.8553e-07
2.8364e-07
2.8175e-07
2.7988e-07
2.7803e-07
2.7618e-07
2.7434e-07
2.7252e-07
2.707e-07
2.689e-07
2.6711e-07
2.6533e-07
2.6356e-07
2.618e-07
2.6005e-07
2.5831e-07
2.5658e-07
2.5486e-07
2.5316e-07
2.5146e-07
2.4977e-07
2.481e-07
2.4643e-07
2.4477e-07
2.4313e-07
2.4149e-07
2.3987e-07
2.3825e-07
2.3664e-07
2.3505e-07
2.3346e-07
2.3189e-07
2.3032e-07
2.2876e-07
2.2721e-07
2.2568e-07
2.2415e-07
2.2263e-07
2.2112e-07
2.1962e-07
2.1813e-07
2.1664e-07
2.1517e-07
2.1371e-07
2.1225e-07
2.1081e-07
2.0937e-07
2.0794e-07
2.0652e-07
2.0511e-07
2.0371e-07
2.0232e-07
2.0093e-07
1.9956e-07
1.9819e-07
1.9683e-07
1.9548e-07
1.9414e-07
1.9281e-07
1.9149e-07
1.9017e-07
1.8886e-07
1.8756e-07
1.8627e-07
1.8499e-07
1.8371e-07
1.8244e-07
1.8118e-07
1.7993e-07
1.7869e-07
1.7745e-07
1.7622e-07
1.75e-07
1.7379e-07
1.7259e-07
1.7139e-07
1.702e-07
1.6902e-07
1.6784e-07
1.6668e-07
1.6552e-07
1.6436e-07
1.6322e-07
1.6208e-07
1.6095e-07
1.5983e-07
1.5871e-07
1.576e-07
1.565e-07
1.5541e-07
1.5432e-07
1.5324e-07
1.5216e-07
1.511e-07
1.5004e-07
1.4898e-07
1.4794e-07
1.469e-07
1.4586e-07
1.4484e-07
1.4382e-07
1.4281e-07
1.418e-07
1.408e-07
1.398e-07
1.3882e-07
1.3784e-07
1.3686e-07
1.3589e-07
1.3493e-07
1.3398e-07
1.3303e-07
1.3208e-07
1.3115e-07
1.3021e-07
1.2929e-07
1.2837e-07
1.2746e-07
1.2655e-07
1.2565e-07
1.2475e-07
1.2386e-07
1.2298e-07
1.221e-07
1.2123e-07
1.2037e-07
1.195e-07
1.1865e-07
1.178e-07
1.1696e-07
1.1612e-07
1.1529e-07
1.1446e-07
1.1364e-07
1.1282e-07
1.1201e-07
1.112e-07
1.104e-07
1.0961e-07
1.0882e-07
1.0804e-07
1.0726e-07
1.0648e-07
1.0571e-07
1.0495e-07
1.0419e-07
1.0344e-07
1.0269e-07
1.0194e-07
1.0121e-07
1.0047e-07
9.9744e-08
9.902e-08
9.83e-08
9.7586e-08
9.6877e-08
9.6172e-08
9.5472e-08
9.4776e-08
9.4086e-08
9.34e-08
9.2718e-08
9.2041e-08
9.1369e-08
9.0701e-08
9.0038e-08
8.9379e-08
8.8725e-08
8.8075e-08
8.7429e-08
8.6788e-08
8.6151e-08
8.5519e-08
8.4891e-08
8.4267e-08
8.3647e-08
8.3031e-08
8.242e-08
8.1813e-08
8.121e-08
8.0611e-08
8.0016e-08
7.9425e-08
7.8838e-08
7.8256e-08
7.7677e-08
7.7102e-08
7.6531e-08
7.5964e-08
7.5401e-08
7.4842e-08
7.4286e-08
7.3735e-08
7.3187e-08
7.2643e-08
7.2103e-08
7.1566e-08
7.1033e-08
7.0504e-08
6.9978e-08
6.9456e-08
6.8938e-08
6.8423e-08
6.7912e-08
6.7404e-08
6.69e-08
6.6399e-08
6.5902e-08
6.5409e-08
6.4918e-08
6.4431e-08
6.3948e-08
6.3468e-08
6.2991e-08
6.2517e-08
6.2047e-08
6.158e-08
6.1116e-08
6.0656e-08
6.0199e-08
5.9745e-08
5.9294e-08
5.8846e-08
5.8401e-08
5.796e-08
5.7522e-08
5.7086e-08
5.6654e-08
5.6225e-08
5.5799e-08
5.5376e-08
5.4955e-08
5.4538e-08
5.4124e-08
5.3712e-08
5.3304e-08
5.2898e-08
5.2496e-08
5.2096e-08
5.1699e-08
5.1304e-08
5.0913e-08
5.0524e-08
5.0138e-08
4.9755e-08
4.9375e-08
4.8997e-08
4.8622e-08
4.825e-08
4.788e-08
4.7513e-08
4.7148e-08
4.6786e-08
4.6427e-08
4.607e-08
4.5716e-08
4.5364e-08
4.5015e-08
4.4668e-08
4.4324e-08
4.3983e-08
4.3643e-08
4.3307e-08
4.2972e-08
4.264e-08
4.231e-08
4.1983e-08
4.1658e-08
4.1336e-08
4.1016e-08
4.0698e-08
4.0382e-08
4.0069e-08
3.9758e-08
3.9449e-08
3.9142e-08
3.8838e-08
3.8536e-08
3.8236e-08
3.7938e-08
3.7642e-08
3.7349e-08
3.7057e-08
3.6768e-08
3.6481e-08
3.6196e-08
3.5913e-08
3.5632e-08
3.5353e-08
3.5076e-08
3.4802e-08
3.4529e-08
3.4258e-08
3.3989e-08
3.3722e-08
3.3457e-08
3.3194e-08
3.2933e-08
3.2674e-08
3.2417e-08
3.2162e-08
3.1908e-08
3.1657e-08
3.1407e-08
3.1159e-08
3.0913e-08
3.0669e-08
3.0426e-08
3.0186e-08
2.9947e-08
2.971e-08
2.9474e-08
2.9241e-08
2.9009e-08
2.8779e-08
2.855e-08
2.8323e-08
2.8098e-08
2.7875e-08
2.7653e-08
2.7433e-08
2.7215e-08
2.6998e-08
2.6782e-08
2.6569e-08
2.6357e-08
2.6146e-08
2.5937e-08
2.573e-08
2.5524e-08
2.532e-08
2.5117e-08
2.4916e-08
2.4717e-08
2.4518e-08
2.4322e-08
2.4126e-08
2.3933e-08
2.374e-08
2.355e-08
2.336e-08
2.3172e-08
2.2986e-08
2.28e-08
2.2617e-08
2.2434e-08
2.2253e-08
2.2074e-08
2.1895e-08
2.1718e-08
2.1543e-08
2.1369e-08
2.1196e-08
2.1024e-08
2.0854e-08
2.0685e-08
2.0517e-08
2.035e-08
2.0185e-08
2.0021e-08
1.9859e-08
1.9697e-08
1.9537e-08
1.9378e-08
1.922e-08
1.9063e-08
1.8908e-08
1.8754e-08
1.8601e-08
1.8449e-08
1.8298e-08
1.8149e-08
1.8e-08
1.7853e-08
1.7707e-08
1.7562e-08
1.7418e-08
1.7275e-08
1.7134e-08
1.6993e-08
1.6853e-08
1.6715e-08
1.6578e-08
1.6441e-08
1.6306e-08
1.6172e-08
1.6039e-08
1.5907e-08
1.5775e-08
1.5645e-08
1.5516e-08
1.5388e-08
1.5261e-08
1.5135e-08
1.501e-08
1.4886e-08
1.4762e-08
1.464e-08
1.4519e-08
1.4398e-08
1.4279e-08
1.4161e-08
1.4043e-08
1.3926e-08
1.3811e-08
1.3696e-08
1.3582e-08
1.3469e-08
1.3357e-08
1.3245e-08
1.3135e-08
1.3025e-08
1.2917e-08
1.2809e-08
1.2702e-08
1.2596e-08
1.2491e-08
1.2386e-08
1.2282e-08
1.218e-08
1.2078e-08
1.1976e-08
1.1876e-08
1.1776e-08
1.1677e-08
1.1579e-08
1.1482e-08
1.1386e-08
1.129e-08
1.1195e-08
1.1101e-08
1.1007e-08
1.0914e-08
1.0822e-08
1.0731e-08
1.064e-08
1.0551e-08
1.0461e-08
1.0373e-08
1.0285e-08
1.0198e-08
1.0112e-08
1.0026e-08
9.9414e-09
9.8571e-09
9.7735e-09
9.6906e-09
9.6083e-09
9.5267e-09
9.4457e-09
9.3654e-09
9.2857e-09
9.2067e-09
9.1283e-09
9.0506e-09
8.9734e-09
8.8969e-09
8.821e-09
8.7457e-09
8.671e-09
8.597e-09
8.5235e-09
8.4506e-09
8.3783e-09
8.3065e-09
8.2354e-09
8.1648e-09
8.0948e-09
8.0254e-09
7.9565e-09
7.8882e-09
7.8205e-09
7.7533e-09
7.6866e-09
7.6205e-09
7.5549e-09
7.4898e-09
7.4253e-09
7.3613e-09
7.2978e-09
7.2349e-09
7.1724e-09
7.1105e-09
7.0491e-09
6.9881e-09
6.9277e-09
6.8678e-09
6.8083e-09
6.7493e-09
6.6909e-09
6.6329e-09
6.5753e-09
6.5183e-09
6.4617e-09
6.4056e-09
6.3499e-09
6.2947e-09
6.2399e-09
6.1856e-09
6.1318e-09
6.0784e-09
6.0254e-09
5.9729e-09
5.9208e-09
5.8691e-09
5.8179e-09
5.767e-09
5.7166e-09
5.6666e-09
5.6171e-09
5.5679e-09
5.5192e-09
5.4708e-09
5.4229e-09
5.3753e-09
5.3281e-09
5.2814e-09
5.235e-09
5.189e-09
5.1434e-09
5.0982e-09
5.0533e-09
5.0088e-09
4.9647e-09
4.921e-09
4.8776e-09
4.8346e-09
4.7919e-09
4.7496e-09
4.7077e-09
4.6661e-09
4.6248e-09
4.5839e-09
4.5434e-09
4.5032e-09
4.4633e-09
4.4237e-09
4.3845e-09
4.3456e-09
4.3071e-09
4.2688e-09
4.2309e-09
4.1933e-09
4.156e-09
4.1191e-09
4.0824e-09
4.0461e-09
4.01e-09
3.9743e-09
3.9389e-09
3.9037e-09
3.8689e-09
3.8344e-09
3.8001e-09
3.7662e-09
3.7325e-09
3.6991e-09
3.666e-09
3.6332e-09
3.6007e-09
3.5684e-09
3.5364e-09
3.5047e-09
3.4732e-09
3.4421e-09
3.4111e-09
3.3805e-09
3.3501e-09
3.32e-09
3.2901e-09
3.2605e-09
3.2311e-09
3.202e-09
3.1731e-09
3.1445e-09
3.1161e-09
3.088e-09
3.0601e-09
3.0325e-09
3.005e-09
2.9779e-09
2.9509e-09
2.9242e-09
2.8977e-09
2.8715e-09
2.8454e-09
2.8196e-09
2.7941e-09
2.7687e-09
2.7435e-09
2.7186e-09
2.6939e-09
2.6694e-09
2.6451e-09
2.621e-09
2.5972e-09
2.5735e-09
2.5501e-09
2.5268e-09
2.5037e-09
2.4809e-09
2.4582e-09
2.4358e-09
2.4135e-09
2.3914e-09
2.3696e-09
2.3479e-09
2.3264e-09
2.3051e-09
2.2839e-09
2.263e-09
2.2422e-09
2.2217e-09
2.2013e-09
2.181e-09
2.161e-09
2.1411e-09
2.1214e-09
2.1019e-09
2.0826e-09
2.0634e-09
2.0444e-09
2.0255e-09
2.0068e-09
1.9883e-09
1.97e-09
1.9518e-09
1.9337e-09
1.9159e-09
1.8981e-09
1.8806e-09
1.8632e-09
1.8459e-09
1.8288e-09
1.8119e-09
1.7951e-09
1.7784e-09
1.7619e-09
1.7455e-09
1.7293e-09
1.7133e-09
1.6973e-09
1.6815e-09
1.6659e-09
1.6504e-09
1.635e-09
1.6198e-09
1.6047e-09
1.5897e-09
1.5749e-09
1.5602e-09
1.5456e-09
1.5311e-09
1.5168e-09
1.5026e-09
1.4886e-09
1.4746e-09
1.4608e-09
1.4471e-09
1.4336e-09
1.4201e-09
1.4068e-09
1.3936e-09
1.3805e-09
1.3676e-09
1.3547e-09
1.342e-09
1.3293e-09
1.3168e-09
1.3044e-09
1.2921e-09
1.28e-09
1.2679e-09
1.2559e-09
1.2441e-09
1.2324e-09
1.2207e-09
1.2092e-09
1.1977e-09
1.1864e-09
1.1752e-09
1.1641e-09
1.1531e-09
1.1421e-09
1.1313e-09
1.1206e-09
1.1099e-09
1.0994e-09
1.089e-09
1.0786e-09
1.0684e-09
1.0582e-09
1.0482e-09
1.0382e-09
1.0283e-09
1.0185e-09
1.0088e-09
9.9919e-10
9.8966e-10
9.8022e-10
9.7087e-10
9.616e-10
9.5241e-10
9.4331e-10
9.3429e-10
9.2535e-10
9.165e-10
9.0772e-10
8.9903e-10
8.9042e-10
8.8188e-10
8.7342e-10
8.6504e-10
8.5674e-10
8.4851e-10
8.4036e-10
8.3228e-10
8.2428e-10
8.1635e-10
8.085e-10
8.0071e-10
7.93e-10
7.8536e-10
7.7779e-10
7.7029e-10
7.6286e-10
7.5549e-10
7.482e-10
7.4097e-10
7.3381e-10
7.2671e-10
7.1968e-10
7.1272e-10
7.0582e-10
6.9898e-10
6.9221e-10
6.855e-10
6.7885e-10
6.7226e-10
6.6574e-10
6.5927e-10
6.5287e-10
6.4652e-10
6.4023e-10
6.3401e-10
6.2784e-10
6.2172e-10
6.1567e-10
6.0967e-10
6.0373e-10
5.9784e-10
5.9201e-10
5.8623e-10
5.805e-10
5.7483e-10
5.6921e-10
5.6365e-10
5.5813e-10
5.5267e-10
5.4726e-10
5.419e-10
5.3659e-10
5.3133e-10
5.2612e-10
5.2096e-10
5.1585e-10
5.1078e-10
5.0576e-10
5.0079e-10
4.9587e-10
4.9099e-10
4.8616e-10
4.8138e-10
4.7663e-10
4.7194e-10
4.6729e-10
4.6268e-10
4.5811e-10
4.5359e-10
4.4911e-10
4.4468e-10
4.4028e-10
4.3593e-10
4.3162e-10
4.2735e-10
4.2312e-10
4.1893e-10
4.1478e-10
4.1067e-10
4.066e-10
4.0256e-10
3.9857e-10
3.9461e-10
3.9069e-10
3.8681e-10
3.8297e-10
3.7916e-10
3.7539e-10
3.7165e-10
3.6795e-10
3.6428e-10
3.6065e-10
3.5706e-10
3.535e-10
3.4997e-10
3.4648e-10
3.4302e-10
3.3959e-10
3.362e-10
3.3284e-10
3.2951e-10
3.2621e-10
3.2294e-10
3.1971e-10
3.1651e-10
3.1333e-10
3.1019e-10
3.0708e-10
3.04e-10
3.0095e-10
2.9792e-10
2.9493e-10
2.9197e-10
2.8903e-10
2.8612e-10
2.8324e-10
2.8039e-10
2.7756e-10
2.7477e-10
2.72e-10
2.6925e-10
2.6654e-10
2.6385e-10
2.6118e-10
2.5854e-10
2.5593e-10
2.5334e-10
2.5078e-10
2.4824e-10
2.4573e-10
2.4324e-10
2.4078e-10
2.3834e-10
2.3592e-10
2.3353e-10
2.3116e-10
2.2881e-10
2.2649e-10
2.2419e-10
2.2191e-10
2.1965e-10
2.1742e-10
2.152e-10
2.1301e-10
2.1084e-10
2.0869e-10
2.0657e-10
2.0446e-10
2.0237e-10
2.0031e-10
1.9826e-10
1.9624e-10
1.9423e-10
1.9225e-10
1.9028e-10
1.8833e-10
1.8641e-10
1.845e-10
1.8261e-10
1.8074e-10
1.7888e-10
1.7705e-10
1.7523e-10
1.7343e-10
1.7165e-10
1.6989e-10
1.6814e-10
1.6641e-10
1.647e-10
1.6301e-10
1.6133e-10
1.5967e-10
1.5802e-10
1.5639e-10
1.5478e-10
1.5318e-10
1.516e-10
1.5004e-10
1.4849e-10
1.4696e-10
1.4544e-10
1.4393e-10
1.4244e-10
1.4097e-10
1.3951e-10
1.3807e-10
1.3664e-10
1.3522e-10
1.3382e-10
1.3243e-10
1.3105e-10
1.2969e-10
1.2835e-10
1.2701e-10
1.2569e-10
1.2439e-10
1.2309e-10
1.2181e-10
1.2054e-10
1.1929e-10
1.1805e-10
1.1682e-10
1.156e-10
1.1439e-10
1.132e-10
1.1202e-10
1.1085e-10
1.0969e-10
1.0854e-10
1.0741e-10
1.0628e-10
1.0517e-10
1.0407e-10
1.0298e-10
1.019e-10
1.0083e-10
9.9775e-11
9.8729e-11
9.7693e-11
9.6667e-11
9.5652e-11
9.4647e-11
9.3652e-11
9.2668e-11
9.1693e-11
9.0728e-11
8.9773e-11
8.8827e-11
8.7892e-11
8.6965e-11
8.6048e-11
8.5141e-11
8.4242e-11
8.3353e-11
8.2473e-11
8.1601e-11
8.0739e-11
7.9885e-11
7.904e-11
7.8204e-11
7.7376e-11
7.6557e-11
7.5746e-11
7.4943e-11
7.4149e-11
7.3362e-11
7.2584e-11
7.1813e-11
7.1051e-11
7.0296e-11
6.9549e-11
6.881e-11
6.8078e-11
6.7354e-11
6.6637e-11
6.5927e-11
6.5225e-11
6.453e-11
6.3842e-11
6.3161e-11
6.2487e-11
6.182e-11
6.116e-11
6.0507e-11
5.986e-11
5.9221e-11
5.8587e-11
5.7961e-11
5.734e-11
5.6726e-11
5.6119e-11
5.5518e-11
5.4922e-11
5.4334e-11
5.3751e-11
5.3174e-11
5.2603e-11
5.2038e-11
5.1479e-11
5.0926e-11
5.0378e-11
4.9836e-11
4.93e-11
4.877e-11
4.8244e-11
4.7725e-11
4.721e-11
4.6701e-11
4.6198e-11
4.5699e-11
4.5206e-11
4.4718e-11
4.4235e-11
4.3757e-11
4.3284e-11
4.2816e-11
4.2353e-11
4.1894e-11
4.1441e-11
4.0992e-11
4.0548e-11
4.0108e-11
3.9673e-11
3.9243e-11
3.8817e-11
3.8396e-11
3.7979e-11
3.7566e-11
3.7158e-11
3.6754e-11
3.6354e-11
3.5958e-11
3.5567e-11
3.518e-11
3.4796e-11
3.4417e-11
3.4042e-11
3.3671e-11
3.3303e-11
3.294e-11
3.258e-11
3.2225e-11
3.1872e-11
3.1524e-11
3.1179e-11
3.0838e-11
3.0501e-11
3.0167e-11
2.9836e-11
2.951e-11
2.9186e-11
2.8866e-11
2.855e-11
2.8236e-11
2.7926e-11
2.762e-11
2.7316e-11
2.7016e-11
2.6719e-11
2.6425e-11
2.6135e-11
2.5847e-11
2.5562e-11
2.5281e-11
2.5002e-11
2.4727e-11
2.4454e-11
2.4184e-11
2.3917e-11
2.3653e-11
2.3392e-11
2.3134e-11
2.2878e-11
2.2625e-11
2.2375e-11
2.2127e-11
2.1883e-11
2.164e-11
2.1401e-11
2.1163e-11
2.0929e-11
2.0697e-11
2.0467e-11
2.024e-11
2.0015e-11
1.9793e-11
1.9573e-11
1.9356e-11
1.914e-11
1.8928e-11
1.8717e-11
1.8509e-11
1.8303e-11
1.8099e-11
1.7897e-11
1.7698e-11
1.75e-11
1.7305e-11
1.7112e-11
1.6921e-11
1.6732e-11
1.6545e-11
1.636e-11
1.6177e-11
1.5996e-11
1.5817e-11
1.564e-11
1.5465e-11
1.5292e-11
1.512e-11
1.4951e-11
1.4783e-11
1.4617e-11
1.4453e-11
1.4291e-11
1.4131e-11
1.3972e-11
1.3815e-11
1.366e-11
1.3506e-11
1.3354e-11
1.3204e-11
1.3055e-11
1.2908e-11
1.2763e-11
1.2619e-11
1.2476e-11
1.2336e-11
1.2196e-11
1.2059e-11
1.1923e-11
1.1788e-11
1.1655e-11
1.1523e-11
1.1393e-11
1.1264e-11
1.1136e-11
1.101e-11
1.0885e-11
1.0762e-11
1.064e-11
1.052e-11
1.04e-11
1.0282e-11
1.0165e-11
1.005e-11
9.9359e-12
9.823e-12
9.7113e-12
9.6009e-12
9.4917e-12
9.3836e-12
9.2768e-12
9.1712e-12
9.0667e-12
8.9634e-12
8.8612e-12
8.7601e-12
8.6602e-12
8.5613e-12
8.4636e-12
8.3669e-12
8.2713e-12
8.1768e-12
8.0833e-12
7.9908e-12
7.8994e-12
7.809e-12
7.7195e-12
7.6311e-12
7.5437e-12
7.4572e-12
7.3717e-12
7.2871e-12
7.2035e-12
7.1208e-12
7.039e-12
6.9582e-12
6.8782e-12
6.7991e-12
6.7209e-12
6.6436e-12
6.5671e-12
6.4915e-12
6.4168e-12
6.3428e-12
6.2697e-12
6.1975e-12
6.126e-12
6.0553e-12
5.9854e-12
5.9163e-12
5.848e-12
5.7804e-12
5.7136e-12
5.6475e-12
5.5822e-12
5.5176e-12
5.4537e-12
5.3906e-12
5.3281e-12
5.2664e-12
5.2053e-12
5.145e-12
5.0853e-12
5.0263e-12
4.9679e-12
4.9102e-12
4.8532e-12
4.7968e-12
4.741e-12
4.6859e-12
4.6314e-12
4.5775e-12
4.5242e-12
4.4715e-12
4.4194e-12
4.3679e-12
4.317e-12
4.2666e-12
4.2168e-12
4.1676e-12
4.119e-12
4.0709e-12
4.0233e-12
3.9763e-12
3.9298e-12
3.8838e-12
3.8384e-12
3.7935e-12
3.749e-12
3.7051e-12
3.6617e-12
3.6188e-12
3.5764e-12
3.5344e-12
3.4929e-12
3.452e-12
3.4114e-12
3.3713e-12
3.3317e-12
3.2926e-12
3.2539e-12
3.2156e-12
3.1777e-12
3.1403e-12
3.1034e-12
3.0668e-12
3.0307e-12
2.9949e-12
2.9596e-12
2.9247e-12
2.8902e-12
2.8561e-12
2.8224e-12
2.789e-12
2.7561e-12
2.7235e-12
2.6913e-12
2.6595e-12
2.628e-12
2.5969e-12
2.5661e-12
2.5357e-12
2.5057e-12
2.476e-12
2.4466e-12
2.4176e-12
2.3889e-12
2.3605e-12
2.3325e-12
2.3048e-12
2.2774e-12
2.2503e-12
2.2236e-12
2.1971e-12
2.171e-12
2.1451e-12
2.1196e-12
2.0944e-12
2.0694e-12
2.0447e-12
2.0203e-12
1.9962e-12
1.9724e-12
1.9489e-12
1.9256e-12
1.9026e-12
1.8799e-12
1.8574e-12
1.8352e-12
1.8132e-12
1.7915e-12
1.7701e-12
1.7489e-12
1.7279e-12
1.7072e-12
1.6868e-12
1.6665e-12
1.6466e-12
1.6268e-12
1.6073e-12
1.588e-12
1.5689e-12
1.55e-12
1.5314e-12
1.513e-12
1.4948e-12
1.4768e-12
1.459e-12
1.4415e-12
1.4241e-12
1.4069e-12
1.39e-12
1.3732e-12
1.3567e-12
1.3403e-12
1.3241e-12
1.3081e-12
1.2923e-12
1.2767e-12
1.2613e-12
1.246e-12
1.231e-12
1.2161e-12
1.2014e-12
1.1868e-12
1.1724e-12
1.1582e-12
1.1442e-12
1.1303e-12
1.1166e-12
1.1031e-12
1.0897e-12
1.0764e-12
1.0634e-12
1.0505e-12
1.0377e-12
1.0251e-12
1.0126e-12
1.0003e-12
9.8811e-13
9.7608e-13
9.6419e-13
9.5245e-13
9.4084e-13
9.2937e-13
9.1804e-13
9.0684e-13
8.9577e-13
8.8484e-13
8.7403e-13
8.6336e-13
8.5281e-13
8.4238e-13
8.3208e-13
8.219e-13
8.1185e-13
8.0191e-13
7.9209e-13
7.8239e-13
7.728e-13
7.6333e-13
7.5397e-13
7.4472e-13
7.3558e-13
7.2655e-13
7.1763e-13
7.0882e-13
7.0011e-13
6.9151e-13
6.83e-13
6.746e-13
6.6631e-13
6.581e-13
6.5e-13
6.42e-13
6.3409e-13
6.2627e-13
6.1855e-13
6.1093e-13
6.0339e-13
5.9594e-13
5.8859e-13
5.8132e-13
5.7414e-13
5.6704e-13
5.6003e-13
5.5311e-13
5.4627e-13
5.3951e-13
5.3283e-13
5.2623e-13
5.1972e-13
5.1328e-13
5.0691e-13
5.0063e-13
4.9442e-13
4.8829e-13
4.8223e-13
4.7624e-13
4.7032e-13
4.6448e-13
4.5871e-13
4.5301e-13
4.4737e-13
4.4181e-13
4.3631e-13
4.3088e-13
4.2551e-13
4.2021e-13
4.1498e-13
4.098e-13
4.0469e-13
3.9965e-13
3.9466e-13
3.8973e-13
3.8487e-13
3.8006e-13
3.7531e-13
3.7062e-13
3.6599e-13
3.6141e-13
3.5689e-13
3.5242e-13
3.4801e-13
3.4365e-13
3.3935e-13
3.351e-13
3.3089e-13
3.2675e-13
3.2265e-13
3.186e-13
3.146e-13
3.1065e-13
3.0675e-13
3.0289e-13
2.9909e-13
2.9533e-13
2.9161e-13
2.8794e-13
2.8432e-13
2.8074e-13
2.772e-13
2.7371e-13
2.7026e-13
2.6686e-13
2.6349e-13
2.6017e-13
2.5688e-13
2.5364e-13
2.5044e-13
2.4727e-13
2.4415e-13
2.4106e-13
2.3802e-13
2.3501e-13
2.3203e-13
2.291e-13
2.262e-13
2.2333e-13
2.205e-13
2.1771e-13
2.1495e-13
2.1222e-13
2.0953e-13
2.0687e-13
2.0425e-13
2.0165e-13
1.9909e-13
1.9656e-13
1.9406e-13
1.916e-13
1.8916e-13
1.8675e-13
1.8438e-13
1.8203e-13
1.7971e-13
1.7742e-13
1.7516e-13
1.7293e-13
1.7072e-13
1.6854e-13
1.6639e-13
1.6427e-13
1.6217e-13
1.601e-13
1.5806e-13
1.5604e-13
1.5404e-13
1.5207e-13
1.5013e-13
1.482e-13
1.4631e-13
1.4443e-13
1.4258e-13
1.4076e-13
1.3895e-13
1.3717e-13
1.3541e-13
1.3367e-13
1.3196e-13
1.3026e-13
1.2859e-13
1.2694e-13
1.2531e-13
1.237e-13
1.2211e-13
1.2054e-13
1.1898e-13
1.1745e-13
1.1594e-13
1.1445e-13
1.1297e-13
1.1152e-13
1.1008e-13
1.0866e-13
1.0726e-13
1.0587e-13
1.0451e-13
1.0316e-13
1.0182e-13
1.0051e-13
9.9209e-14
9.7927e-14
9.666e-14
9.5409e-14
9.4174e-14
9.2955e-14
9.1751e-14
9.0563e-14
8.9389e-14
8.823e-14
8.7086e-14
8.5957e-14
8.4841e-14
8.374e-14
8.2653e-14
8.1579e-14
8.0519e-14
7.9473e-14
7.844e-14
7.742e-14
7.6412e-14
7.5418e-14
7.4436e-14
7.3467e-14
7.251e-14
7.1565e-14
7.0633e-14
6.9712e-14
6.8802e-14
6.7905e-14
6.7019e-14
6.6144e-14
6.528e-14
6.4427e-14
6.3585e-14
6.2754e-14
6.1934e-14
6.1124e-14
6.0324e-14
5.9534e-14
5.8755e-14
5.7985e-14
5.7226e-14
5.6476e-14
5.5736e-14
5.5005e-14
5.4283e-14
5.3571e-14
5.2868e-14
5.2174e-14
5.1489e-14
5.0812e-14
5.0144e-14
4.9485e-14
4.8834e-14
4.8192e-14
4.7558e-14
4.6932e-14
4.6314e-14
4.5704e-14
4.5102e-14
4.4507e-14
4.3921e-14
4.3341e-14
4.277e-14
4.2205e-14
4.1648e-14
4.1098e-14
4.0555e-14
4.002e-14
3.9491e-14
3.8969e-14
3.8453e-14
3.7945e-14
3.7442e-14
3.6947e-14
3.6458e-14
3.5975e-14
3.5498e-14
3.5028e-14
3.4563e-14
3.4105e-14
3.3652e-14
3.3206e-14
3.2765e-14
3.233e-14
3.19e-14
3.1477e-14
3.1058e-14
3.0645e-14
3.0238e-14
2.9835e-14
2.9438e-14
2.9046e-14
2.866e-14
2.8278e-14
2.7901e-14
2.7529e-14
2.7162e-14
2.68e-14
2.6442e-14
2.609e-14
2.5741e-14
2.5398e-14
2.5058e-14
2.4723e-14
2.4393e-14
2.4067e-14
2.3745e-14
2.3427e-14
2.3114e-14
2.2804e-14
2.2499e-14
2.2198e-14
2.19e-14
2.1607e-14
2.1317e-14
2.1031e-14
2.0749e-14
2.047e-14
2.0196e-14
1.9924e-14
1.9657e-14
1.9393e-14
1.9132e-14
1.8875e-14
1.8621e-14
1.8371e-14
1.8123e-14
1.7879e-14
1.7639e-14
1.7401e-14
1.7167e-14
1.6935e-14
1.6707e-14
1.6482e-14
1.6259e-14
1.604e-14
1.5823e-14
1.561e-14
1.5399e-14
1.5191e-14
1.4985e-14
1.4783e-14
1.4583e-14
1.4386e-14
1.4191e-14
1.3999e-14
1.3809e-14
1.3622e-14
1.3438e-14
1.3256e-14
1.3076e-14
1.2899e-14
1.2724e-14
1.2551e-14
1.2381e-14
1.2212e-14
1.2047e-14
1.1883e-14
1.1721e-14
1.1562e-14
1.1405e-14
1.125e-14
1.1097e-14
1.0946e-14
1.0797e-14
1.065e-14
1.0504e-14
1.0361e-14
1.022e-14
1.0081e-14
9.9432e-15
9.8076e-15
9.6737e-15
9.5416e-15
9.4113e-15
9.2828e-15
9.1559e-15
9.0308e-15
8.9073e-15
8.7855e-15
8.6653e-15
8.5467e-15
8.4297e-15
8.3142e-15
8.2004e-15
8.088e-15
7.9771e-15
7.8678e-15
7.7599e-15
7.6534e-15
7.5484e-15
7.4448e-15
7.3425e-15
7.2417e-15
7.1422e-15
7.044e-15
6.9472e-15
6.8517e-15
6.7574e-15
6.6644e-15
6.5727e-15
6.4822e-15
6.3929e-15
6.3048e-15
6.218e-15
6.1322e-15
6.0477e-15
5.9643e-15
5.882e-15
5.8008e-15
5.7207e-15
5.6417e-15
5.5638e-15
5.4869e-15
5.411e-15
5.3362e-15
5.2624e-15
5.1896e-15
5.1178e-15
5.047e-15
4.9771e-15
4.9081e-15
4.8401e-15
4.773e-15
4.7069e-15
4.6416e-15
4.5772e-15
4.5137e-15
4.451e-15
4.3892e-15
4.3283e-15
4.2681e-15
4.2088e-15
4.1503e-15
4.0926e-15
4.0357e-15
3.9795e-15
3.9241e-15
3.8695e-15
3.8156e-15
3.7625e-15
3.71e-15
3.6583e-15
3.6073e-15
3.557e-15
3.5074e-15
3.4584e-15
3.4102e-15
3.3625e-15
3.3156e-15
3.2693e-15
3.2236e-15
3.1785e-15
3.134e-15
3.0902e-15
3.047e-15
3.0043e-15
2.9623e-15
2.9208e-15
2.8799e-15
2.8395e-15
2.7997e-15
2.7604e-15
2.7217e-15
2.6835e-15
2.6459e-15
2.6087e-15
2.5721e-15
2.536e-15
2.5003e-15
2.4652e-15
2.4305e-15
2.3964e-15
2.3626e-15
2.3294e-15
2.2966e-15
2.2643e-15
2.2324e-15
2.2009e-15
2.1699e-15
2.1393e-15
2.1092e-15
2.0794e-15
2.0501e-15
2.0212e-15
1.9926e-15
1.9645e-15
1.9367e-15
1.9094e-15
1.8824e-15
1.8558e-15
1.8295e-15
1.8036e-15
1.7781e-15
1.753e-15
1.7281e-15
1.7037e-15
1.6795e-15
1.6557e-15
1.6323e-15
1.6091e-15
1.5863e-15
1.5638e-15
1.5416e-15
1.5197e-15
1.4981e-15
1.4768e-15
1.4559e-15
1.4352e-15
1.4148e-15
1.3947e-15
1.3748e-15
1.3553e-15
1.336e-15
1.3169e-15
1.2982e-15
1.2797e-15
1.2615e-15
1.2435e-15
1.2257e-15
1.2083e-15
1.191e-15
1.174e-15
1.1573e-15
1.1407e-15
1.1245e-15
1.1084e-15
1.0926e-15
1.0769e-15
1.0615e-15
1.0463e-15
1.0314e-15
1.0166e-15
1.0021e-15
9.8771e-16
9.7356e-16
9.5962e-16
9.4586e-16
9.323e-16
9.1893e-16
9.0575e-16
8.9275e-16
8.7994e-16
8.673e-16
8.5485e-16
8.4257e-16
8.3046e-16
8.1852e-16
8.0675e-16
7.9515e-16
7.8371e-16
7.7243e-16
7.6131e-16
7.5035e-16
7.3955e-16
7.2889e-16
7.1839e-16
7.0803e-16
6.9782e-16
6.8776e-16
6.7783e-16
6.6805e-16
6.5841e-16
6.489e-16
6.3952e-16
6.3028e-16
6.2118e-16
6.1219e-16
6.0334e-16
5.9461e-16
5.8601e-16
5.7753e-16
5.6917e-16
5.6093e-16
5.528e-16
5.4479e-16
5.3689e-16
5.2911e-16
5.2144e-16
5.1387e-16
5.0641e-16
4.9906e-16
4.9182e-16
4.8467e-16
4.7763e-16
4.7069e-16
4.6385e-16
4.5711e-16
4.5046e-16
4.4391e-16
4.3745e-16
4.3108e-16
4.248e-16
4.1861e-16
4.1252e-16
4.065e-16
4.0058e-16
3.9474e-16
3.8898e-16
3.833e-16
3.7771e-16
3.722e-16
3.6676e-16
3.614e-16
3.5612e-16
3.5092e-16
3.4579e-16
3.4073e-16
3.3575e-16
3.3084e-16
3.26e-16
3.2122e-16
3.1652e-16
3.1188e-16
3.0731e-16
3.0281e-16
2.9837e-16
2.9399e-16
2.8968e-16
2.8543e-16
2.8124e-16
2.7711e-16
2.7304e-16
2.6903e-16
2.6508e-16
2.6118e-16
2.5734e-16
2.5356e-16
2.4983e-16
2.4615e-16
2.4253e-16
2.3896e-16
2.3544e-16
2.3197e-16
2.2856e-16
2.2519e-16
2.2187e-16
2.1859e-16
2.1537e-16
2.1219e-16
2.0906e-16
2.0597e-16
2.0293e-16
1.9993e-16
1.9698e-16
1.9407e-16
1.912e-16
1.8837e-16
1.8559e-16
1.8284e-16
1.8013e-16
1.7747e-16
1.7484e-16
1.7225e-16
1.697e-16
1.6718e-16
1.647e-16
1.6226e-16
1.5985e-16
1.5748e-16
1.5514e-16
1.5284e-16
1.5057e-16
1.4833e-16
1.4613e-16
1.4396e-16
1.4182e-16
1.3971e-16
1.3763e-16
1.3558e-16
1.3356e-16
1.3158e-16
1.2962e-16
1.2769e-16
1.2578e-16
1.2391e-16
1.2206e-16
1.2024e-16
1.1845e-16
1.1668e-16
1.1494e-16
1.1322e-16
1.1153e-16
1.0986e-16
1.0822e-16
1.0661e-16
1.0501e-16
1.0344e-16
1.0189e-16
1.0037e-16
9.8867e-17
9.7387e-17
9.5929e-17
9.4492e-17
9.3076e-17
9.1681e-17
9.0307e-17
8.8952e-17
8.7618e-17
8.6304e-17
8.5008e-17
8.3732e-17
8.2475e-17
8.1236e-17
8.0015e-17
7.8813e-17
7.7628e-17
7.6461e-17
7.5311e-17
7.4178e-17
7.3061e-17
7.1961e-17
7.0878e-17
6.981e-17
6.8758e-17
6.7722e-17
6.6701e-17
6.5695e-17
6.4705e-17
6.3728e-17
6.2767e-17
6.1819e-17
6.0886e-17
5.9966e-17
5.906e-17
5.8168e-17
5.7288e-17
5.6422e-17
5.5569e-17
5.4728e-17
5.39e-17
5.3084e-17
5.228e-17
5.1489e-17
5.0709e-17
4.994e-17
4.9183e-17
4.8438e-17
4.7703e-17
4.6979e-17
4.6266e-17
4.5564e-17
4.4872e-17
4.4191e-17
4.352e-17
4.2858e-17
4.2207e-17
4.1565e-17
4.0933e-17
4.0311e-17
3.9697e-17
3.9093e-17
3.8498e-17
3.7912e-17
3.7334e-17
3.6765e-17
3.6205e-17
3.5653e-17
3.511e-17
3.4574e-17
3.4047e-17
3.3527e-17
3.3015e-17
3.2511e-17
3.2014e-17
3.1525e-17
3.1044e-17
3.0569e-17
3.0102e-17
2.9641e-17
2.9188e-17
2.8741e-17
2.8301e-17
2.7868e-17
2.7441e-17
2.7021e-17
2.6607e-17
2.6199e-17
2.5797e-17
2.5402e-17
2.5012e-17
2.4628e-17
2.425e-17
2.3878e-17
2.3511e-17
2.315e-17
2.2794e-17
2.2444e-17
2.2099e-17
2.1759e-17
2.1425e-17
2.1095e-17
2.077e-17
2.0451e-17
2.0136e-17
1.9826e-17
1.952e-17
1.9219e-17
1.8923e-17
1.8631e-17
1.8344e-17
1.8061e-17
1.7782e-17
1.7508e-17
1.7237e-17
1.6971e-17
1.6709e-17
1.6451e-17
1.6197e-17
1.5946e-17
1.57e-17
1.5457e-17
1.5218e-17
1.4982e-17
1.475e-17
1.4522e-17
1.4297e-17
1.4075e-17
1.3857e-17
1.3642e-17
1.3431e-17
1.3223e-17
1.3018e-17
1.2816e-17
1.2617e-17
1.2421e-17
1.2228e-17
1.2038e-17
1.1851e-17
1.1667e-17
1.1485e-17
1.1307e-17
1.1131e-17
1.0958e-17
1.0787e-17
1.0619e-17
1.0454e-17
1.0291e-17
1.0131e-17
9.9727e-18
9.8173e-18
9.6642e-18
9.5135e-18
9.365e-18
9.2189e-18
9.075e-18
8.9333e-18
8.7938e-18
8.6564e-18
8.5212e-18
8.388e-18
8.2568e-18
8.1277e-18
8.0006e-18
7.8754e-18
7.7522e-18
7.6308e-18
7.5113e-18
7.3937e-18
7.2778e-18
7.1638e-18
7.0515e-18
6.9409e-18
6.8321e-18
6.7249e-18
6.6194e-18
6.5155e-18
6.4132e-18
6.3125e-18
6.2133e-18
6.1157e-18
6.0196e-18
5.9249e-18
5.8318e-18
5.74e-18
5.6497e-18
5.5608e-18
5.4733e-18
5.3871e-18
5.3022e-18
5.2187e-18
5.1365e-18
5.0555e-18
4.9758e-18
4.8973e-18
4.8201e-18
4.744e-18
4.6692e-18
4.5954e-18
4.5229e-18
4.4514e-18
4.3811e-18
4.3119e-18
4.2437e-18
4.1766e-18
4.1106e-18
4.0455e-18
3.9815e-18
3.9185e-18
3.8564e-18
3.7954e-18
3.7352e-18
3.6761e-18
3.6178e-18
3.5604e-18
3.504e-18
3.4484e-18
3.3937e-18
3.3398e-18
3.2868e-18
3.2346e-18
3.1833e-18
3.1327e-18
3.0829e-18
3.0339e-18
2.9857e-18
2.9382e-18
2.8915e-18
2.8454e-18
2.8002e-18
2.7556e-18
2.7117e-18
2.6685e-18
2.626e-18
2.5842e-18
2.543e-18
2.5024e-18
2.4625e-18
2.4232e-18
2.3846e-18
2.3465e-18
2.309e-18
2.2722e-18
2.2359e-18
2.2001e-18
2.165e-18
2.1304e-18
2.0963e-18
2.0628e-18
2.0298e-18
1.9973e-18
1.9653e-18
1.9339e-18
1.9029e-18
1.8724e-18
1.8424e-18
1.8129e-18
1.7838e-18
1.7552e-18
1.7271e-18
1.6994e-18
1.6721e-18
1.6452e-18
1.6188e-18
1.5928e-18
1.5672e-18
1.5421e-18
1.5173e-18
1.4929e-18
1.4689e-18
1.4452e-18
1.422e-18
1.3991e-18
1.3766e-18
1.3544e-18
1.3326e-18
1.3111e-18
1.29e-18
1.2692e-18
1.2488e-18
1.2286e-18
1.2088e-18
1.1893e-18
1.1701e-18
1.1512e-18
1.1326e-18
1.1143e-18
1.0963e-18
1.0786e-18
1.0612e-18
1.044e-18
1.0271e-18
1.0105e-18
9.9417e-19
9.7808e-19
9.6225e-19
9.4666e-19
9.3133e-19
9.1624e-19
9.0139e-19
8.8678e-19
8.7241e-19
8.5826e-19
8.4434e-19
8.3064e-19
8.1715e-19
8.0389e-19
7.9083e-19
7.7799e-19
7.6535e-19
7.5291e-19
7.4067e-19
7.2863e-19
7.1678e-19
7.0512e-19
6.9365e-19
6.8236e-19
6.7125e-19
6.6032e-19
6.4956e-19
6.3898e-19
6.2857e-19
6.1832e-19
6.0824e-19
5.9832e-19
5.8856e-19
5.7896e-19
5.6951e-19
5.6021e-19
5.5106e-19
5.4206e-19
5.3321e-19
5.2449e-19
5.1592e-19
5.0749e-19
4.9919e-19
4.9102e-19
4.8299e-19
4.7508e-19
4.673e-19
4.5965e-19
4.5212e-19
4.4472e-19
4.3743e-19
4.3026e-19
4.232e-19
4.1626e-19
4.0944e-19
4.0272e-19
3.9611e-19
3.8961e-19
3.8321e-19
3.7691e-19
3.7072e-19
3.6463e-19
3.5864e-19
3.5274e-19
3.4694e-19
3.4123e-19
3.3562e-19
3.3009e-19
3.2466e-19
3.1931e-19
3.1406e-19
3.0888e-19
3.0379e-19
2.9878e-19
2.9386e-19
2.8901e-19
2.8425e-19
2.7956e-19
2.7494e-19
2.704e-19
2.6594e-19
2.6155e-19
2.5723e-19
2.5298e-19
2.4879e-19
2.4468e-19
2.4064e-19
2.3666e-19
2.3274e-19
2.2889e-19
2.251e-19
2.2137e-19
2.1771e-19
2.141e-19
2.1055e-19
2.0706e-19
2.0363e-19
2.0025e-19
1.9693e-19
1.9367e-19
1.9045e-19
1.8729e-19
1.8418e-19
1.8112e-19
1.7811e-19
1.7516e-19
1.7224e-19
1.6938e-19
1.6656e-19
1.6379e-19
1.6107e-19
1.5839e-19
1.5575e-19
1.5316e-19
1.5061e-19
1.481e-19
1.4563e-19
1.4321e-19
1.4082e-19
1.3847e-19
1.3616e-19
1.3389e-19
1.3166e-19
1.2946e-19
1.273e-19
1.2517e-19
1.2308e-19
1.2103e-19
1.19e-19
1.1702e-19
1.1506e-19
1.1313e-19
1.1124e-19
1.0938e-19
1.0755e-19
1.0575e-19
1.0398e-19
1.0224e-19
1.0053e-19
9.8842e-20
9.7185e-20
9.5556e-20
9.3954e-20
9.2378e-20
9.0828e-20
8.9304e-20
8.7805e-20
8.6331e-20
8.4881e-20
8.3456e-20
8.2054e-20
8.0675e-20
7.9319e-20
7.7985e-20
7.6673e-20
7.5384e-20
7.4115e-20
7.2868e-20
7.1641e-20
7.0435e-20
6.9249e-20
6.8082e-20
6.6935e-20
6.5807e-20
6.4697e-20
6.3606e-20
6.2533e-20
6.1478e-20
6.0441e-20
5.9421e-20
5.8417e-20
5.7431e-20
5.6461e-20
5.5507e-20
5.4569e-20
5.3646e-20
5.2739e-20
5.1847e-20
5.097e-20
5.0108e-20
4.926e-20
4.8426e-20
4.7606e-20
4.6799e-20
4.6007e-20
4.5227e-20
4.446e-20
4.3707e-20
4.2965e-20
4.2237e-20
4.152e-20
4.0815e-20
4.0123e-20
3.9441e-20
3.8771e-20
3.8113e-20
3.7465e-20
3.6829e-20
3.6203e-20
3.5587e-20
3.4982e-20
3.4387e-20
3.3801e-20
3.3226e-20
3.266e-20
3.2104e-20
3.1558e-20
3.102e-20
3.0491e-20
2.9972e-20
2.9461e-20
2.8958e-20
2.8464e-20
2.7979e-20
2.7501e-20
2.7032e-20
2.657e-20
2.6116e-20
2.567e-20
2.5232e-20
2.48e-20
2.4376e-20
2.396e-20
2.355e-20
2.3147e-20
2.2751e-20
2.2362e-20
2.1979e-20
2.1602e-20
2.1232e-20
2.0869e-20
2.0511e-20
2.0159e-20
1.9814e-20
1.9474e-20
1.914e-20
1.8812e-20
1.8489e-20
1.8171e-20
1.786e-20
1.7553e-20
1.7251e-20
1.6955e-20
1.6664e-20
1.6377e-20
1.6095e-20
1.5819e-20
1.5547e-20
1.5279e-20
1.5016e-20
1.4758e-20
1.4504e-20
1.4254e-20
1.4008e-20
1.3767e-20
1.353e-20
1.3296e-20
1.3067e-20
1.2842e-20
1.262e-20
1.2402e-20
1.2188e-20
1.1978e-20
1.1771e-20
1.1568e-20
1.1368e-20
1.1171e-20
1.0978e-20
1.0789e-20
1.0602e-20
1.0419e-20
1.0238e-20
1.0061e-20
9.887e-21
9.7158e-21
9.5475e-21
9.3822e-21
9.2196e-21
9.0598e-21
8.9028e-21
8.7484e-21
8.5967e-21
8.4476e-21
8.301e-21
8.1569e-21
8.0153e-21
7.8762e-21
7.7394e-21
7.6049e-21
7.4728e-21
7.3429e-21
7.2153e-21
7.0898e-21
6.9665e-21
6.8453e-21
6.7262e-21
6.6091e-21
6.4941e-21
6.381e-21
6.2698e-21
6.1606e-21
6.0533e-21
5.9478e-21
5.8441e-21
5.7422e-21
5.642e-21
5.5436e-21
5.4468e-21
5.3518e-21
5.2583e-21
5.1665e-21
5.0763e-21
4.9876e-21
4.9004e-21
4.8148e-21
4.7306e-21
4.6479e-21
4.5666e-21
4.4867e-21
4.4082e-21
4.331e-21
4.2552e-21
4.1807e-21
4.1074e-21
4.0355e-21
3.9647e-21
3.8952e-21
3.827e-21
3.7598e-21
3.6939e-21
3.6291e-21
3.5654e-21
3.5028e-21
3.4413e-21
3.3809e-21
3.3215e-21
3.2631e-21
3.2058e-21
3.1494e-21
3.0941e-21
3.0396e-21
2.9862e-21
2.9336e-21
2.882e-21
2.8313e-21
2.7814e-21
2.7324e-21
2.6843e-21
2.637e-21
2.5905e-21
2.5449e-21
2.5e-21
2.4559e-21
2.4126e-21
2.37e-21
2.3282e-21
2.2871e-21
2.2467e-21
2.207e-21
2.168e-21
2.1297e-21
2.0921e-21
2.0551e-21
2.0188e-21
1.9831e-21
1.948e-21
1.9135e-21
1.8797e-21
1.8464e-21
1.8137e-21
1.7816e-21
1.75e-21
1.719e-21
1.6885e-21
1.6586e-21
1.6292e-21
1.6003e-21
1.5719e-21
1.544e-21
1.5166e-21
1.4897e-21
1.4632e-21
1.4373e-21
1.4117e-21
1.3866e-21
1.362e-21
1.3378e-21
1.314e-21
1.2906e-21
1.2677e-21
1.2451e-21
1.223e-21
1.2012e-21
1.1798e-21
1.1588e-21
1.1381e-21
1.1179e-21
1.0979e-21
1.0784e-21
1.0591e-21
1.0402e-21
1.0217e-21
1.0035e-21
9.8555e-22
9.6796e-22
9.5068e-22
9.337e-22
9.1702e-22
9.0063e-22
8.8454e-22
8.6873e-22
8.5319e-22
8.3794e-22
8.2295e-22
8.0822e-22
7.9376e-22
7.7955e-22
7.6559e-22
7.5188e-22
7.3841e-22
7.2518e-22
7.1219e-22
6.9942e-22
6.8688e-22
6.7456e-22
6.6246e-22
6.5057e-22
6.389e-22
6.2743e-22
6.1617e-22
6.051e-22
5.9423e-22
5.8356e-22
5.7307e-22
5.6277e-22
5.5265e-22
5.4271e-22
5.3295e-22
5.2336e-22
5.1394e-22
5.0469e-22
4.956e-22
4.8668e-22
4.7791e-22
4.693e-22
4.6085e-22
4.5254e-22
4.4438e-22
4.3637e-22
4.285e-22
4.2077e-22
4.1317e-22
4.0572e-22
3.9839e-22
3.912e-22
3.8413e-22
3.7719e-22
3.7038e-22
3.6368e-22
3.5711e-22
3.5065e-22
3.4431e-22
3.3808e-22
3.3196e-22
3.2595e-22
3.2005e-22
3.1426e-22
3.0857e-22
3.0298e-22
2.9749e-22
2.9209e-22
2.868e-22
2.816e-22
2.7649e-22
2.7148e-22
2.6655e-22
2.6171e-22
2.5696e-22
2.523e-22
2.4772e-22
2.4322e-22
2.388e-22
2.3446e-22
2.302e-22
2.2601e-22
2.219e-22
2.1786e-22
2.139e-22
2.1001e-22
2.0618e-22
2.0243e-22
1.9874e-22
1.9512e-22
1.9157e-22
1.8808e-22
1.8465e-22
1.8128e-22
1.7798e-22
1.7473e-22
1.7154e-22
1.6841e-22
1.6534e-22
1.6232e-22
1.5936e-22
1.5645e-22
1.5359e-22
1.5078e-22
1.4803e-22
1.4532e-22
1.4266e-22
1.4005e-22
1.3749e-22
1.3498e-22
1.3251e-22
1.3008e-22
1.277e-22
1.2536e-22
1.2306e-22
1.2081e-22
1.186e-22
1.1642e-22
1.1429e-22
1.1219e-22
1.1013e-22
1.0811e-22
1.0613e-22
1.0418e-22
1.0227e-22
1.0039e-22
9.8546e-23
9.6736e-23
9.4958e-23
9.3213e-23
9.1499e-23
8.9817e-23
8.8165e-23
8.6543e-23
8.4951e-23
8.3387e-23
8.1852e-23
8.0345e-23
7.8865e-23
7.7412e-23
7.5986e-23
7.4586e-23
7.3211e-23
7.1861e-23
7.0536e-23
6.9235e-23
6.7957e-23
6.6703e-23
6.5472e-23
6.4263e-23
6.3076e-23
6.1911e-23
6.0768e-23
5.9645e-23
5.8542e-23
5.746e-23
5.6398e-23
5.5354e-23
5.433e-23
5.3325e-23
5.2338e-23
5.1369e-23
5.0418e-23
4.9484e-23
4.8568e-23
4.7668e-23
4.6784e-23
4.5917e-23
4.5066e-23
4.423e-23
4.341e-23
4.2604e-23
4.1814e-23
4.1038e-23
4.0276e-23
3.9528e-23
3.8794e-23
3.8073e-23
3.7365e-23
3.6671e-23
3.5989e-23
3.532e-23
3.4663e-23
3.4018e-23
3.3385e-23
3.2764e-23
3.2154e-23
3.1555e-23
3.0968e-23
3.0391e-23
2.9825e-23
2.9269e-23
2.8723e-23
2.8188e-23
2.7662e-23
2.7146e-23
2.664e-23
2.6143e-23
2.5655e-23
2.5176e-23
2.4706e-23
2.4244e-23
2.3791e-23
2.3347e-23
2.291e-23
2.2482e-23
2.2062e-23
2.1649e-23
2.1244e-23
2.0847e-23
2.0457e-23
2.0074e-23
1.9698e-23
1.9329e-23
1.8967e-23
1.8612e-23
1.8263e-23
1.792e-23
1.7584e-23
1.7255e-23
1.6931e-23
1.6614e-23
1.6302e-23
1.5996e-23
1.5696e-23
1.5401e-23
1.5112e-23
1.4828e-23
1.4549e-23
1.4276e-23
1.4007e-23
1.3744e-23
1.3486e-23
1.3232e-23
1.2983e-23
1.2739e-23
1.2499e-23
1.2264e-23
1.2033e-23
1.1806e-23
1.1584e-23
1.1365e-23
1.1151e-23
1.0941e-23
1.0735e-23
1.0532e-23
1.0334e-23
1.0139e-23
9.9473e-24
9.7596e-24
9.5753e-24
9.3945e-24
9.2171e-24
9.0429e-24
8.8721e-24
8.7044e-24
8.5398e-24
8.3784e-24
8.2199e-24
8.0644e-24
7.9118e-24
7.7621e-24
7.6152e-24
7.471e-24
7.3295e-24
7.1907e-24
7.0545e-24
6.9208e-24
6.7896e-24
6.6609e-24
6.5346e-24
6.4106e-24
6.289e-24
6.1697e-24
6.0526e-24
5.9377e-24
5.825e-24
5.7144e-24
5.6058e-24
5.4993e-24
5.3948e-24
5.2923e-24
5.1917e-24
5.0929e-24
4.9961e-24
4.901e-24
4.8078e-24
4.7163e-24
4.6265e-24
4.5384e-24
4.452e-24
4.3672e-24
4.284e-24
4.2023e-24
4.1222e-24
4.0436e-24
3.9665e-24
3.8909e-24
3.8166e-24
3.7438e-24
3.6724e-24
3.6022e-24
3.5335e-24
3.466e-24
3.3998e-24
3.3348e-24
3.2711e-24
3.2086e-24
3.1472e-24
3.087e-24
3.028e-24
2.9701e-24
2.9132e-24
2.8575e-24
2.8028e-24
2.7491e-24
2.6965e-24
2.6448e-24
2.5941e-24
2.5444e-24
2.4956e-24
2.4478e-24
2.4009e-24
2.3548e-24
2.3096e-24
2.2653e-24
2.2218e-24
2.1792e-24
2.1373e-24
2.0963e-24
2.056e-24
2.0165e-24
1.9778e-24
1.9397e-24
1.9024e-24
1.8659e-24
1.83e-24
1.7948e-24
1.7602e-24
1.7264e-24
1.6931e-24
1.6605e-24
1.6285e-24
1.5972e-24
1.5664e-24
1.5362e-24
1.5066e-24
1.4776e-24
1.4491e-24
1.4211e-24
1.3937e-24
1.3668e-24
1.3404e-24
1.3145e-24
1.2892e-24
1.2643e-24
1.2398e-24
1.2159e-24
1.1924e-24
1.1693e-24
1.1467e-24
1.1246e-24
1.1028e-24
1.0815e-24
1.0606e-24
1.04e-24
1.0199e-24
1.0001e-24
9.8078e-25
9.6178e-25
9.4314e-25
9.2487e-25
9.0694e-25
8.8936e-25
8.7211e-25
8.552e-25
8.3861e-25
8.2233e-25
8.0638e-25
7.9072e-25
7.7537e-25
7.6031e-25
7.4554e-25
7.3106e-25
7.1685e-25
7.0292e-25
6.8925e-25
6.7585e-25
6.6271e-25
6.4982e-25
6.3717e-25
6.2477e-25
6.1261e-25
6.0068e-25
5.8899e-25
5.7751e-25
5.6626e-25
5.5523e-25
5.4441e-25
5.3379e-25
5.2339e-25
5.1318e-25
5.0317e-25
4.9335e-25
4.8372e-25
4.7428e-25
4.6502e-25
4.5594e-25
4.4704e-25
4.383e-25
4.2974e-25
4.2134e-25
4.131e-25
4.0503e-25
3.9711e-25
3.8934e-25
3.8172e-25
3.7425e-25
3.6693e-25
3.5974e-25
3.527e-25
3.4579e-25
3.3902e-25
3.3238e-25
3.2586e-25
3.1948e-25
3.1321e-25
3.0707e-25
3.0105e-25
2.9514e-25
2.8935e-25
2.8367e-25
2.781e-25
2.7264e-25
2.6729e-25
2.6204e-25
2.5689e-25
2.5184e-25
2.4689e-25
2.4204e-25
2.3728e-25
2.3261e-25
2.2804e-25
2.2355e-25
2.1915e-25
2.1484e-25
2.1061e-25
2.0646e-25
2.0239e-25
1.9841e-25
1.945e-25
1.9066e-25
1.869e-25
1.8322e-25
1.7961e-25
1.7606e-25
1.7259e-25
1.6918e-25
1.6584e-25
1.6257e-25
1.5936e-25
1.5621e-25
1.5313e-25
1.501e-25
1.4713e-25
1.4423e-25
1.4138e-25
1.3858e-25
1.3584e-25
1.3315e-25
1.3052e-25
1.2793e-25
1.254e-25
1.2292e-25
1.2048e-25
1.181e-25
1.1576e-25
1.1346e-25
1.1122e-25
1.0901e-25
1.0685e-25
1.0473e-25
1.0265e-25
1.0062e-25
9.8619e-26
9.6662e-26
9.4743e-26
9.2861e-26
9.1017e-26
8.9209e-26
8.7436e-26
8.5699e-26
8.3995e-26
8.2325e-26
8.0688e-26
7.9083e-26
7.751e-26
7.5968e-26
7.4456e-26
7.2973e-26
7.152e-26
7.0096e-26
6.87e-26
6.7331e-26
6.599e-26
6.4674e-26
6.3385e-26
6.2121e-26
6.0882e-26
5.9668e-26
5.8477e-26
5.731e-26
5.6166e-26
5.5045e-26
5.3946e-26
5.2868e-26
5.1812e-26
5.0777e-26
4.9762e-26
4.8768e-26
4.7793e-26
4.6837e-26
4.59e-26
4.4982e-26
4.4082e-26
4.32e-26
4.2335e-26
4.1487e-26
4.0656e-26
3.9842e-26
3.9044e-26
3.8262e-26
3.7495e-26
3.6743e-26
3.6006e-26
3.5284e-26
3.4577e-26
3.3883e-26
3.3203e-26
3.2537e-26
3.1883e-26
3.1243e-26
3.0616e-26
3.0001e-26
2.9398e-26
2.8807e-26
2.8228e-26
2.7661e-26
2.7105e-26
2.6559e-26
2.6025e-26
2.5502e-26
2.4988e-26
2.4485e-26
2.3993e-26
2.3509e-26
2.3036e-26
2.2572e-26
2.2117e-26
2.1671e-26
2.1235e-26
2.0807e-26
2.0387e-26
1.9976e-26
1.9573e-26
1.9178e-26
1.8791e-26
1.8412e-26
1.804e-26
1.7676e-26
1.7319e-26
1.6969e-26
1.6626e-26
1.629e-26
1.5961e-26
1.5638e-26
1.5322e-26
1.5012e-26
1.4709e-26
1.4411e-26
1.4119e-26
1.3834e-26
1.3554e-26
1.3279e-26
1.301e-26
1.2747e-26
1.2489e-26
1.2236e-26
1.1988e-26
1.1745e-26
1.1507e-26
1.1273e-26
1.1045e-26
1.0821e-26
1.0601e-26
1.0386e-26
1.0175e-26
9.9687e-27
9.7663e-27
9.568e-27
9.3737e-27
9.1833e-27
8.9968e-27
8.814e-27
8.6349e-27
8.4594e-27
8.2874e-27
8.119e-27
7.9539e-27
7.7921e-27
7.6336e-27
7.4784e-27
7.3262e-27
7.1772e-27
7.0311e-27
6.888e-27
6.7478e-27
6.6104e-27
6.4758e-27
6.344e-27
6.2148e-27
6.0882e-27
5.9642e-27
5.8427e-27
5.7237e-27
5.6071e-27
5.4928e-27
5.3809e-27
5.2712e-27
5.1638e-27
5.0586e-27
4.9555e-27
4.8545e-27
4.7555e-27
4.6586e-27
4.5636e-27
4.4706e-27
4.3795e-27
4.2902e-27
4.2028e-27
4.1171e-27
4.0332e-27
3.951e-27
3.8705e-27
3.7916e-27
3.7144e-27
3.6387e-27
3.5646e-27
3.492e-27
3.4209e-27
3.3513e-27
3.2831e-27
3.2163e-27
3.1508e-27
3.0868e-27
3.024e-27
2.9625e-27
2.9024e-27
2.8434e-27
2.7857e-27
2.7292e-27
2.6738e-27
2.6196e-27
2.5665e-27
2.5145e-27
2.4636e-27
2.4138e-27
2.365e-27
2.3173e-27
2.2705e-27
2.2247e-27
2.1799e-27
2.136e-27
2.0931e-27
2.051e-27
2.0099e-27
1.9696e-27
1.9301e-27
1.8916e-27
1.8538e-27
1.8168e-27
1.7807e-27
1.7453e-27
1.7107e-27
1.6768e-27
1.6436e-27
1.6112e-27
1.5795e-27
1.5485e-27
1.5181e-27
1.4885e-27
1.4595e-27
1.4311e-27
1.4033e-27
1.3762e-27
1.3497e-27
1.3238e-27
1.2985e-27
1.2737e-27
1.2495e-27
1.2259e-27
1.2028e-27
1.1803e-27
1.1583e-27
1.1368e-27
1.1158e-27
1.0953e-27
1.0754e-27
1.0559e-27
1.0368e-27
1.0183e-27
1.0002e-27
9.8258e-28
9.654e-28
9.4866e-28
9.3235e-28
9.1648e-28
9.0103e-28
8.8599e-28
8.7136e-28
8.5714e-28
8.4332e-28
8.299e-28
8.1686e-28
8.042e-28
7.9193e-28
7.8003e-28
7.685e-28
7.5734e-28
7.4654e-28
7.361e-28
7.2601e-28
7.1627e-28
7.0688e-28
6.9784e-28
6.8914e-28
6.8077e-28
6.7274e-28
6.6505e-28
6.5769e-28
6.5065e-28
6.4394e-28
6.3756e-28
6.315e-28
6.2576e-28
6.2035e-28
6.1525e-28
6.1047e-28
6.0601e-28
6.0187e-28
5.9804e-28
5.9453e-28
5.9134e-28
5.8846e-28
5.8589e-28
