8.6687e-12
8.6177e-12
8.5673e-12
8.5174e-12
8.468e-12
8.4191e-12
8.3707e-12
8.3228e-12
8.2754e-12
8.2285e-12
8.1821e-12
8.1362e-12
8.0908e-12
8.0459e-12
8.0015e-12
7.9576e-12
7.9142e-12
7.8713e-12
7.8288e-12
7.7869e-12
7.7454e-12
7.7045e-12
7.664e-12
7.624e-12
7.5845e-12
7.5455e-12
7.5069e-12
7.4689e-12
7.4313e-12
7.3942e-12
7.3576e-12
7.3215e-12
7.2858e-12
7.2506e-12
7.2159e-12
7.1817e-12
7.148e-12
7.1147e-12
7.0819e-12
7.0496e-12
7.0177e-12
6.9864e-12
6.9555e-12
6.9251e-12
6.8951e-12
6.8657e-12
6.8367e-12
6.8081e-12
6.7801e-12
6.7525e-12
6.7254e-12
6.6988e-12
6.6726e-12
6.6469e-12
6.6217e-12
6.5969e-12
6.5727e-12
6.5489e-12
6.5256e-12
6.5027e-12
6.4803e-12
6.4584e-12
6.437e-12
6.4161e-12
6.3956e-12
6.3756e-12
6.3561e-12
6.337e-12
6.3184e-12
6.3003e-12
6.2827e-12
6.2656e-12
6.2489e-12
6.2328e-12
6.2171e-12
6.2019e-12
6.1871e-12
6.1729e-12
6.1591e-12
6.1459e-12
6.1331e-12
6.1208e-12
6.109e-12
6.0976e-12
6.0868e-12
6.0765e-12
6.0666e-12
6.0573e-12
6.0484e-12
6.0401e-12
6.0322e-12
6.0249e-12
6.018e-12
6.0117e-12
6.0058e-12
6.0005e-12
5.9957e-12
5.9913e-12
5.9875e-12
5.9842e-12
5.9815e-12
5.9792e-12
5.9775e-12
5.9762e-12
5.9755e-12
5.9754e-12
5.9757e-12
5.9766e-12
5.978e-12
5.98e-12
5.9824e-12
5.9855e-12
5.989e-12
5.9931e-12
5.9978e-12
6.003e-12
6.0087e-12
6.0151e-12
6.0219e-12
6.0293e-12
6.0373e-12
6.0459e-12
6.055e-12
6.0647e-12
6.0749e-12
6.0858e-12
6.0972e-12
6.1092e-12
6.1217e-12
6.1349e-12
6.1487e-12
6.163e-12
6.178e-12
6.1936e-12
6.2097e-12
6.2265e-12
6.2439e-12
6.2619e-12
6.2805e-12
6.2998e-12
6.3197e-12
6.3402e-12
6.3613e-12
6.3831e-12
6.4056e-12
6.4287e-12
6.4524e-12
6.4768e-12
6.5019e-12
6.5276e-12
6.554e-12
6.5811e-12
6.6088e-12
6.6372e-12
6.6664e-12
6.6962e-12
6.7267e-12
6.758e-12
6.7899e-12
6.8225e-12
6.8559e-12
6.89e-12
6.9248e-12
6.9604e-12
6.9967e-12
7.0338e-12
7.0716e-12
7.1101e-12
7.1495e-12
7.1896e-12
7.2305e-12
7.2721e-12
7.3146e-12
7.3578e-12
7.4018e-12
7.4467e-12
7.4924e-12
7.5388e-12
7.5861e-12
7.6343e-12
7.6833e-12
7.7331e-12
7.7838e-12
7.8353e-12
7.8877e-12
7.941e-12
7.9952e-12
8.0503e-12
8.1062e-12
8.1631e-12
8.2209e-12
8.2795e-12
8.3392e-12
8.3997e-12
8.4612e-12
8.5237e-12
8.5871e-12
8.6515e-12
8.7168e-12
8.7832e-12
8.8505e-12
8.9189e-12
8.9882e-12
9.0586e-12
9.13e-12
9.2025e-12
9.2759e-12
9.3505e-12
9.4261e-12
9.5028e-12
9.5806e-12
9.6594e-12
9.7394e-12
9.8205e-12
9.9027e-12
9.9861e-12
1.0071e-11
1.0156e-11
1.0243e-11
1.0331e-11
1.042e-11
1.0511e-11
1.0602e-11
1.0695e-11
1.0789e-11
1.0884e-11
1.0981e-11
1.1079e-11
1.1178e-11
1.1278e-11
1.138e-11
1.1483e-11
1.1587e-11
1.1693e-11
1.18e-11
1.1909e-11
1.2018e-11
1.213e-11
1.2242e-11
1.2356e-11
1.2472e-11
1.2588e-11
1.2707e-11
1.2827e-11
1.2948e-11
1.3071e-11
1.3195e-11
1.3321e-11
1.3448e-11
1.3577e-11
1.3708e-11
1.384e-11
1.3974e-11
1.4109e-11
1.4246e-11
1.4385e-11
1.4525e-11
1.4667e-11
1.4811e-11
1.4956e-11
1.5103e-11
1.5252e-11
1.5403e-11
1.5555e-11
1.571e-11
1.5866e-11
1.6024e-11
1.6183e-11
1.6345e-11
1.6508e-11
1.6674e-11
1.6841e-11
1.7011e-11
1.7182e-11
1.7355e-11
1.7531e-11
1.7708e-11
1.7887e-11
1.8069e-11
1.8252e-11
1.8438e-11
1.8625e-11
1.8815e-11
1.9007e-11
1.9202e-11
1.9398e-11
1.9597e-11
1.9798e-11
2.0001e-11
2.0207e-11
2.0414e-11
2.0625e-11
2.0837e-11
2.1052e-11
2.127e-11
2.1489e-11
2.1712e-11
2.1936e-11
2.2164e-11
2.2394e-11
2.2626e-11
2.2861e-11
2.3099e-11
2.3339e-11
2.3582e-11
2.3827e-11
2.4076e-11
2.4327e-11
2.458e-11
2.4837e-11
2.5097e-11
2.5359e-11
2.5624e-11
2.5892e-11
2.6163e-11
2.6437e-11
2.6714e-11
2.6994e-11
2.7277e-11
2.7564e-11
2.7853e-11
2.8145e-11
2.8441e-11
2.874e-11
2.9042e-11
2.9348e-11
2.9656e-11
2.9968e-11
3.0284e-11
3.0603e-11
3.0925e-11
3.1251e-11
3.158e-11
3.1913e-11
3.2249e-11
3.2589e-11
3.2933e-11
3.328e-11
3.3631e-11
3.3986e-11
3.4345e-11
3.4707e-11
3.5074e-11
3.5444e-11
3.5818e-11
3.6197e-11
3.6579e-11
3.6965e-11
3.7356e-11
3.775e-11
3.8149e-11
3.8552e-11
3.8959e-11
3.9371e-11
3.9787e-11
4.0207e-11
4.0632e-11
4.1061e-11
4.1495e-11
4.1934e-11
4.2377e-11
4.2824e-11
4.3277e-11
4.3734e-11
4.4196e-11
4.4663e-11
4.5135e-11
4.5612e-11
4.6093e-11
4.658e-11
4.7072e-11
4.7569e-11
4.8071e-11
4.8579e-11
4.9092e-11
4.961e-11
5.0133e-11
5.0662e-11
5.1197e-11
5.1737e-11
5.2283e-11
5.2834e-11
5.3391e-11
5.3954e-11
5.4523e-11
5.5098e-11
5.5678e-11
5.6265e-11
5.6858e-11
5.7457e-11
5.8062e-11
5.8673e-11
5.9291e-11
5.9915e-11
6.0545e-11
6.1182e-11
6.1826e-11
6.2476e-11
6.3133e-11
6.3797e-11
6.4467e-11
6.5145e-11
6.5829e-11
6.652e-11
6.7219e-11
6.7925e-11
6.8637e-11
6.9358e-11
7.0085e-11
7.082e-11
7.1563e-11
7.2313e-11
7.3071e-11
7.3836e-11
7.461e-11
7.5391e-11
7.618e-11
7.6978e-11
7.7783e-11
7.8597e-11
7.9419e-11
8.0249e-11
8.1088e-11
8.1935e-11
8.2791e-11
8.3656e-11
8.4529e-11
8.5411e-11
8.6302e-11
8.7202e-11
8.8112e-11
8.903e-11
8.9958e-11
9.0895e-11
9.1842e-11
9.2798e-11
9.3764e-11
9.474e-11
9.5725e-11
9.6721e-11
9.7726e-11
9.8742e-11
9.9768e-11
1.008e-10
1.0185e-10
1.0291e-10
1.0398e-10
1.0505e-10
1.0614e-10
1.0724e-10
1.0835e-10
1.0948e-10
1.1061e-10
1.1176e-10
1.1291e-10
1.1408e-10
1.1526e-10
1.1645e-10
1.1765e-10
1.1887e-10
1.201e-10
1.2134e-10
1.2259e-10
1.2385e-10
1.2513e-10
1.2642e-10
1.2772e-10
1.2904e-10
1.3037e-10
1.3171e-10
1.3307e-10
1.3444e-10
1.3582e-10
1.3721e-10
1.3862e-10
1.4005e-10
1.4149e-10
1.4294e-10
1.4441e-10
1.4589e-10
1.4738e-10
1.4889e-10
1.5042e-10
1.5196e-10
1.5352e-10
1.5509e-10
1.5667e-10
1.5828e-10
1.5989e-10
1.6153e-10
1.6318e-10
1.6485e-10
1.6653e-10
1.6823e-10
1.6994e-10
1.7168e-10
1.7343e-10
1.7519e-10
1.7698e-10
1.7878e-10
1.806e-10
1.8244e-10
1.8429e-10
1.8617e-10
1.8806e-10
1.8997e-10
1.919e-10
1.9385e-10
1.9581e-10
1.978e-10
1.998e-10
2.0183e-10
2.0387e-10
2.0594e-10
2.0802e-10
2.1013e-10
2.1225e-10
2.144e-10
2.1657e-10
2.1876e-10
2.2096e-10
2.232e-10
2.2545e-10
2.2772e-10
2.3002e-10
2.3234e-10
2.3468e-10
2.3704e-10
2.3943e-10
2.4184e-10
2.4427e-10
2.4673e-10
2.4921e-10
2.5171e-10
2.5424e-10
2.5679e-10
2.5937e-10
2.6197e-10
2.646e-10
2.6725e-10
2.6993e-10
2.7263e-10
2.7536e-10
2.7812e-10
2.809e-10
2.8371e-10
2.8655e-10
2.8941e-10
2.923e-10
2.9522e-10
2.9817e-10
3.0114e-10
3.0414e-10
3.0718e-10
3.1024e-10
3.1333e-10
3.1645e-10
3.196e-10
3.2277e-10
3.2598e-10
3.2922e-10
3.325e-10
3.358e-10
3.3913e-10
3.425e-10
3.459e-10
3.4933e-10
3.5279e-10
3.5628e-10
3.5981e-10
3.6337e-10
3.6697e-10
3.706e-10
3.7426e-10
3.7796e-10
3.817e-10
3.8547e-10
3.8927e-10
3.9311e-10
3.9699e-10
4.009e-10
4.0485e-10
4.0884e-10
4.1287e-10
4.1693e-10
4.2103e-10
4.2517e-10
4.2935e-10
4.3357e-10
4.3783e-10
4.4213e-10
4.4647e-10
4.5085e-10
4.5527e-10
4.5973e-10
4.6424e-10
4.6879e-10
4.7337e-10
4.7801e-10
4.8268e-10
4.874e-10
4.9217e-10
4.9697e-10
5.0183e-10
5.0673e-10
5.1167e-10
5.1666e-10
5.217e-10
5.2678e-10
5.3191e-10
5.3709e-10
5.4232e-10
5.4759e-10
5.5292e-10
5.5829e-10
5.6372e-10
5.6919e-10
5.7472e-10
5.803e-10
5.8593e-10
5.9161e-10
5.9734e-10
6.0313e-10
6.0897e-10
6.1486e-10
6.2081e-10
6.2682e-10
6.3287e-10
6.3899e-10
6.4516e-10
6.5139e-10
6.5768e-10
6.6402e-10
6.7043e-10
6.7689e-10
6.8341e-10
6.8999e-10
6.9663e-10
7.0334e-10
7.101e-10
7.1693e-10
7.2382e-10
7.3077e-10
7.3779e-10
7.4487e-10
7.5201e-10
7.5922e-10
7.665e-10
7.7385e-10
7.8126e-10
7.8874e-10
7.9628e-10
8.039e-10
8.1159e-10
8.1934e-10
8.2717e-10
8.3507e-10
8.4304e-10
8.5108e-10
8.5919e-10
8.6738e-10
8.7565e-10
8.8399e-10
8.924e-10
9.009e-10
9.0946e-10
9.1811e-10
9.2684e-10
9.3564e-10
9.4452e-10
9.5349e-10
9.6253e-10
9.7166e-10
9.8087e-10
9.9016e-10
9.9954e-10
1.009e-09
1.0186e-09
1.0282e-09
1.0379e-09
1.0477e-09
1.0576e-09
1.0676e-09
1.0777e-09
1.0878e-09
1.0981e-09
1.1084e-09
1.1189e-09
1.1294e-09
1.1401e-09
1.1508e-09
1.1616e-09
1.1725e-09
1.1835e-09
1.1947e-09
1.2059e-09
1.2172e-09
1.2286e-09
1.2401e-09
1.2517e-09
1.2635e-09
1.2753e-09
1.2872e-09
1.2993e-09
1.3114e-09
1.3237e-09
1.3361e-09
1.3485e-09
1.3611e-09
1.3738e-09
1.3866e-09
1.3996e-09
1.4126e-09
1.4258e-09
1.439e-09
1.4524e-09
1.4659e-09
1.4796e-09
1.4933e-09
1.5072e-09
1.5212e-09
1.5353e-09
1.5495e-09
1.5639e-09
1.5784e-09
1.593e-09
1.6078e-09
1.6227e-09
1.6377e-09
1.6528e-09
1.6681e-09
1.6835e-09
1.6991e-09
1.7148e-09
1.7306e-09
1.7465e-09
1.7626e-09
1.7789e-09
1.7953e-09
1.8118e-09
1.8285e-09
1.8453e-09
1.8623e-09
1.8794e-09
1.8966e-09
1.9141e-09
1.9316e-09
1.9494e-09
1.9672e-09
1.9853e-09
2.0034e-09
2.0218e-09
2.0403e-09
2.059e-09
2.0778e-09
2.0968e-09
2.116e-09
2.1353e-09
2.1548e-09
2.1744e-09
2.1943e-09
2.2143e-09
2.2345e-09
2.2548e-09
2.2753e-09
2.296e-09
2.3169e-09
2.338e-09
2.3592e-09
2.3807e-09
2.4023e-09
2.4241e-09
2.4461e-09
2.4683e-09
2.4906e-09
2.5132e-09
2.5359e-09
2.5589e-09
2.5821e-09
2.6054e-09
2.6289e-09
2.6527e-09
2.6767e-09
2.7008e-09
2.7252e-09
2.7498e-09
2.7745e-09
2.7995e-09
2.8248e-09
2.8502e-09
2.8758e-09
2.9017e-09
2.9278e-09
2.9541e-09
2.9806e-09
3.0074e-09
3.0344e-09
3.0616e-09
3.089e-09
3.1167e-09
3.1446e-09
3.1728e-09
3.2011e-09
3.2298e-09
3.2587e-09
3.2878e-09
3.3171e-09
3.3468e-09
3.3766e-09
3.4067e-09
3.4371e-09
3.4677e-09
3.4986e-09
3.5298e-09
3.5612e-09
3.5929e-09
3.6248e-09
3.657e-09
3.6895e-09
3.7223e-09
3.7553e-09
3.7886e-09
3.8222e-09
3.8561e-09
3.8902e-09
3.9247e-09
3.9594e-09
3.9944e-09
4.0297e-09
4.0653e-09
4.1012e-09
4.1374e-09
4.174e-09
4.2108e-09
4.2479e-09
4.2853e-09
4.3231e-09
4.3611e-09
4.3995e-09
4.4382e-09
4.4772e-09
4.5166e-09
4.5563e-09
4.5963e-09
4.6366e-09
4.6773e-09
4.7183e-09
4.7596e-09
4.8013e-09
4.8433e-09
4.8857e-09
4.9285e-09
4.9715e-09
5.015e-09
5.0588e-09
5.103e-09
5.1475e-09
5.1924e-09
5.2376e-09
5.2833e-09
5.3293e-09
5.3757e-09
5.4225e-09
5.4696e-09
5.5172e-09
5.5651e-09
5.6135e-09
5.6622e-09
5.7113e-09
5.7608e-09
5.8108e-09
5.8611e-09
5.9119e-09
5.9631e-09
6.0147e-09
6.0667e-09
6.1191e-09
6.172e-09
6.2253e-09
6.279e-09
6.3332e-09
6.3878e-09
6.4428e-09
6.4984e-09
6.5543e-09
6.6107e-09
6.6676e-09
6.7249e-09
6.7827e-09
6.841e-09
6.8997e-09
6.9589e-09
7.0186e-09
7.0788e-09
7.1395e-09
7.2006e-09
7.2623e-09
7.3244e-09
7.3871e-09
7.4502e-09
7.5139e-09
7.5781e-09
7.6428e-09
7.708e-09
7.7737e-09
7.84e-09
7.9068e-09
7.9741e-09
8.042e-09
8.1104e-09
8.1794e-09
8.2489e-09
8.319e-09
8.3896e-09
8.4608e-09
8.5326e-09
8.605e-09
8.6779e-09
8.7514e-09
8.8255e-09
8.9002e-09
8.9755e-09
9.0514e-09
9.1279e-09
9.205e-09
9.2827e-09
9.361e-09
9.4399e-09
9.5195e-09
9.5997e-09
9.6806e-09
9.7621e-09
9.8442e-09
9.927e-09
1.001e-08
1.0095e-08
1.0179e-08
1.0265e-08
1.0351e-08
1.0438e-08
1.0525e-08
1.0613e-08
1.0702e-08
1.0792e-08
1.0882e-08
1.0973e-08
1.1065e-08
1.1157e-08
1.125e-08
1.1344e-08
1.1439e-08
1.1534e-08
1.163e-08
1.1727e-08
1.1825e-08
1.1923e-08
1.2022e-08
1.2122e-08
1.2223e-08
1.2324e-08
1.2426e-08
1.2529e-08
1.2633e-08
1.2738e-08
1.2843e-08
1.295e-08
1.3057e-08
1.3165e-08
1.3274e-08
1.3383e-08
1.3494e-08
1.3605e-08
1.3718e-08
1.3831e-08
1.3945e-08
1.4059e-08
1.4175e-08
1.4292e-08
1.4409e-08
1.4528e-08
1.4647e-08
1.4767e-08
1.4889e-08
1.5011e-08
1.5134e-08
1.5258e-08
1.5383e-08
1.5509e-08
1.5636e-08
1.5764e-08
1.5893e-08
1.6022e-08
1.6153e-08
1.6285e-08
1.6418e-08
1.6552e-08
1.6687e-08
1.6823e-08
1.696e-08
1.7098e-08
1.7237e-08
1.7377e-08
1.7518e-08
1.766e-08
1.7804e-08
1.7948e-08
1.8094e-08
1.824e-08
1.8388e-08
1.8537e-08
1.8687e-08
1.8838e-08
1.8991e-08
1.9144e-08
1.9299e-08
1.9454e-08
1.9611e-08
1.977e-08
1.9929e-08
2.0089e-08
2.0251e-08
2.0414e-08
2.0578e-08
2.0744e-08
2.091e-08
2.1078e-08
2.1248e-08
2.1418e-08
2.159e-08
2.1763e-08
2.1937e-08
2.2113e-08
2.229e-08
2.2468e-08
2.2648e-08
2.2829e-08
2.3011e-08
2.3195e-08
2.338e-08
2.3566e-08
2.3754e-08
2.3943e-08
2.4134e-08
2.4326e-08
2.4519e-08
2.4714e-08
2.491e-08
2.5108e-08
2.5308e-08
2.5508e-08
2.5711e-08
2.5914e-08
2.612e-08
2.6326e-08
2.6535e-08
2.6744e-08
2.6956e-08
2.7169e-08
2.7383e-08
2.7599e-08
2.7817e-08
2.8036e-08
2.8257e-08
2.848e-08
2.8704e-08
2.893e-08
2.9157e-08
2.9386e-08
2.9617e-08
2.985e-08
3.0084e-08
3.032e-08
3.0557e-08
3.0797e-08
3.1038e-08
3.1281e-08
3.1526e-08
3.1772e-08
3.202e-08
3.227e-08
3.2522e-08
3.2776e-08
3.3031e-08
3.3289e-08
3.3548e-08
3.3809e-08
3.4072e-08
3.4337e-08
3.4604e-08
3.4873e-08
3.5144e-08
3.5417e-08
3.5691e-08
3.5968e-08
3.6247e-08
3.6527e-08
3.681e-08
3.7095e-08
3.7381e-08
3.767e-08
3.7961e-08
3.8254e-08
3.8549e-08
3.8847e-08
3.9146e-08
3.9448e-08
3.9751e-08
4.0057e-08
4.0365e-08
4.0675e-08
4.0988e-08
4.1303e-08
4.1619e-08
4.1939e-08
4.226e-08
4.2584e-08
4.291e-08
4.3238e-08
4.3569e-08
4.3902e-08
4.4238e-08
4.4576e-08
4.4916e-08
4.5258e-08
4.5603e-08
4.5951e-08
4.6301e-08
4.6653e-08
4.7008e-08
4.7366e-08
4.7726e-08
4.8088e-08
4.8453e-08
4.8821e-08
4.9191e-08
4.9564e-08
4.9939e-08
5.0318e-08
5.0698e-08
5.1082e-08
5.1468e-08
5.1857e-08
5.2248e-08
5.2643e-08
5.304e-08
5.3439e-08
5.3842e-08
5.4247e-08
5.4656e-08
5.5067e-08
5.5481e-08
5.5898e-08
5.6317e-08
5.674e-08
5.7166e-08
5.7594e-08
5.8026e-08
5.846e-08
5.8898e-08
5.9339e-08
5.9782e-08
6.0229e-08
6.0679e-08
6.1132e-08
6.1588e-08
6.2047e-08
6.2509e-08
6.2975e-08
6.3444e-08
6.3916e-08
6.4391e-08
6.4869e-08
6.5351e-08
6.5836e-08
6.6325e-08
6.6816e-08
6.7312e-08
6.781e-08
6.8312e-08
6.8818e-08
6.9326e-08
6.9839e-08
7.0355e-08
7.0874e-08
7.1397e-08
7.1923e-08
7.2453e-08
7.2987e-08
7.3524e-08
7.4065e-08
7.461e-08
7.5158e-08
7.571e-08
7.6266e-08
7.6826e-08
7.7389e-08
7.7956e-08
7.8527e-08
7.9102e-08
7.9681e-08
8.0263e-08
8.085e-08
8.1441e-08
8.2035e-08
8.2634e-08
8.3236e-08
8.3843e-08
8.4453e-08
8.5068e-08
8.5687e-08
8.631e-08
8.6937e-08
8.7569e-08
8.8204e-08
8.8844e-08
8.9488e-08
9.0137e-08
9.079e-08
9.1447e-08
9.2108e-08
9.2774e-08
9.3445e-08
9.412e-08
9.4799e-08
9.5483e-08
9.6171e-08
9.6864e-08
9.7562e-08
9.8264e-08
9.8971e-08
9.9682e-08
1.004e-07
1.0112e-07
1.0185e-07
1.0258e-07
1.0331e-07
1.0405e-07
1.048e-07
1.0555e-07
1.063e-07
1.0706e-07
1.0783e-07
1.086e-07
1.0937e-07
1.1015e-07
1.1094e-07
1.1173e-07
1.1252e-07
1.1332e-07
1.1413e-07
1.1494e-07
1.1575e-07
1.1658e-07
1.174e-07
1.1824e-07
1.1907e-07
1.1992e-07
1.2077e-07
1.2162e-07
1.2248e-07
1.2335e-07
1.2422e-07
1.2509e-07
1.2598e-07
1.2686e-07
1.2776e-07
1.2866e-07
1.2956e-07
1.3047e-07
1.3139e-07
1.3231e-07
1.3324e-07
1.3418e-07
1.3512e-07
1.3607e-07
1.3702e-07
1.3798e-07
1.3894e-07
1.3991e-07
1.4089e-07
1.4188e-07
1.4287e-07
1.4386e-07
1.4487e-07
1.4588e-07
1.4689e-07
1.4791e-07
1.4894e-07
1.4998e-07
1.5102e-07
1.5207e-07
1.5312e-07
1.5418e-07
1.5525e-07
1.5633e-07
1.5741e-07
1.585e-07
1.596e-07
1.607e-07
1.6181e-07
1.6292e-07
1.6405e-07
1.6518e-07
1.6632e-07
1.6746e-07
1.6861e-07
1.6977e-07
1.7094e-07
1.7212e-07
1.733e-07
1.7449e-07
1.7568e-07
1.7689e-07
1.781e-07
1.7932e-07
1.8054e-07
1.8178e-07
1.8302e-07
1.8427e-07
1.8553e-07
1.8679e-07
1.8806e-07
1.8935e-07
1.9063e-07
1.9193e-07
1.9324e-07
1.9455e-07
1.9587e-07
1.972e-07
1.9854e-07
1.9988e-07
2.0124e-07
2.026e-07
2.0397e-07
2.0535e-07
2.0674e-07
2.0813e-07
2.0954e-07
2.1095e-07
2.1237e-07
2.138e-07
2.1524e-07
2.1669e-07
2.1815e-07
2.1962e-07
2.2109e-07
2.2258e-07
2.2407e-07
2.2557e-07
2.2708e-07
2.286e-07
2.3013e-07
2.3167e-07
2.3322e-07
2.3478e-07
2.3635e-07
2.3792e-07
2.3951e-07
2.4111e-07
2.4271e-07
2.4433e-07
2.4595e-07
2.4759e-07
2.4923e-07
2.5089e-07
2.5255e-07
2.5422e-07
2.5591e-07
2.576e-07
2.5931e-07
2.6102e-07
2.6275e-07
2.6449e-07
2.6623e-07
2.6799e-07
2.6975e-07
2.7153e-07
2.7332e-07
2.7512e-07
2.7693e-07
2.7875e-07
2.8058e-07
2.8242e-07
2.8428e-07
2.8614e-07
2.8801e-07
2.899e-07
2.918e-07
2.9371e-07
2.9563e-07
2.9756e-07
2.995e-07
3.0145e-07
3.0342e-07
3.054e-07
3.0738e-07
3.0939e-07
3.114e-07
3.1342e-07
3.1546e-07
3.175e-07
3.1956e-07
3.2164e-07
3.2372e-07
3.2582e-07
3.2792e-07
3.3004e-07
3.3218e-07
3.3432e-07
3.3648e-07
3.3865e-07
3.4083e-07
3.4303e-07
3.4524e-07
3.4746e-07
3.4969e-07
3.5194e-07
3.542e-07
3.5647e-07
3.5876e-07
3.6106e-07
3.6337e-07
3.657e-07
3.6804e-07
3.7039e-07
3.7276e-07
3.7514e-07
3.7753e-07
3.7994e-07
3.8236e-07
3.8479e-07
3.8724e-07
3.897e-07
3.9218e-07
3.9467e-07
3.9718e-07
3.997e-07
4.0223e-07
4.0478e-07
4.0734e-07
4.0992e-07
4.1251e-07
4.1512e-07
4.1774e-07
4.2037e-07
4.2303e-07
4.2569e-07
4.2837e-07
4.3107e-07
4.3378e-07
4.3651e-07
4.3925e-07
4.4201e-07
4.4478e-07
4.4757e-07
4.5037e-07
4.5319e-07
4.5603e-07
4.5888e-07
4.6175e-07
4.6463e-07
4.6753e-07
4.7045e-07
4.7338e-07
4.7633e-07
4.7929e-07
4.8227e-07
4.8527e-07
4.8829e-07
4.9132e-07
4.9437e-07
4.9743e-07
5.0051e-07
5.0361e-07
5.0673e-07
5.0986e-07
5.1301e-07
5.1618e-07
5.1937e-07
5.2257e-07
5.2579e-07
5.2903e-07
5.3228e-07
5.3556e-07
5.3885e-07
5.4216e-07
5.4549e-07
5.4883e-07
5.522e-07
5.5558e-07
5.5898e-07
5.624e-07
5.6584e-07
5.693e-07
5.7277e-07
5.7627e-07
5.7978e-07
5.8331e-07
5.8687e-07
5.9044e-07
5.9403e-07
5.9764e-07
6.0127e-07
6.0491e-07
6.0858e-07
6.1227e-07
6.1598e-07
6.1971e-07
6.2346e-07
6.2722e-07
6.3101e-07
6.3482e-07
6.3865e-07
6.425e-07
6.4637e-07
6.5026e-07
6.5417e-07
6.581e-07
6.6206e-07
6.6603e-07
6.7003e-07
6.7404e-07
6.7808e-07
6.8214e-07
6.8622e-07
6.9032e-07
6.9445e-07
6.9859e-07
7.0276e-07
7.0695e-07
7.1116e-07
7.154e-07
7.1965e-07
7.2393e-07
7.2823e-07
7.3256e-07
7.369e-07
7.4127e-07
7.4567e-07
7.5008e-07
7.5452e-07
7.5898e-07
7.6346e-07
7.6797e-07
7.725e-07
7.7706e-07
7.8164e-07
7.8624e-07
7.9087e-07
7.9552e-07
8.0019e-07
8.0489e-07
8.0961e-07
8.1436e-07
8.1913e-07
8.2393e-07
8.2875e-07
8.3359e-07
8.3846e-07
8.4336e-07
8.4828e-07
8.5323e-07
8.582e-07
8.632e-07
8.6822e-07
8.7327e-07
8.7834e-07
8.8344e-07
8.8857e-07
8.9372e-07
8.989e-07
9.041e-07
9.0933e-07
9.1459e-07
9.1987e-07
9.2518e-07
9.3052e-07
9.3588e-07
9.4128e-07
9.467e-07
9.5214e-07
9.5761e-07
9.6312e-07
9.6864e-07
9.742e-07
9.7979e-07
9.854e-07
9.9104e-07
9.9671e-07
1.0024e-06
1.0081e-06
1.0139e-06
1.0197e-06
1.0255e-06
1.0313e-06
1.0372e-06
1.0431e-06
1.049e-06
1.055e-06
1.061e-06
1.067e-06
1.073e-06
1.0791e-06
1.0852e-06
1.0913e-06
1.0975e-06
1.1037e-06
1.1099e-06
1.1162e-06
1.1225e-06
1.1288e-06
1.1351e-06
1.1415e-06
1.1479e-06
1.1544e-06
1.1609e-06
1.1674e-06
1.1739e-06
1.1805e-06
1.1871e-06
1.1937e-06
1.2004e-06
1.2071e-06
1.2138e-06
1.2206e-06
1.2274e-06
1.2342e-06
1.2411e-06
1.248e-06
1.2549e-06
1.2618e-06
1.2688e-06
1.2759e-06
1.2829e-06
1.29e-06
1.2972e-06
1.3043e-06
1.3115e-06
1.3188e-06
1.326e-06
1.3333e-06
1.3407e-06
1.348e-06
1.3554e-06
1.3629e-06
1.3704e-06
1.3779e-06
1.3854e-06
1.393e-06
1.4006e-06
1.4083e-06
1.416e-06
1.4237e-06
1.4315e-06
1.4393e-06
1.4471e-06
1.455e-06
1.4629e-06
1.4708e-06
1.4788e-06
1.4868e-06
1.4949e-06
1.503e-06
1.5111e-06
1.5193e-06
1.5275e-06
1.5358e-06
1.5441e-06
1.5524e-06
1.5607e-06
1.5691e-06
1.5776e-06
1.5861e-06
1.5946e-06
1.6031e-06
1.6117e-06
1.6204e-06
1.6291e-06
1.6378e-06
1.6465e-06
1.6553e-06
1.6642e-06
1.673e-06
1.682e-06
1.6909e-06
1.6999e-06
1.709e-06
1.718e-06
1.7272e-06
1.7363e-06
1.7455e-06
1.7548e-06
1.7641e-06
1.7734e-06
1.7828e-06
1.7922e-06
1.8017e-06
1.8112e-06
1.8207e-06
1.8303e-06
1.8399e-06
1.8496e-06
1.8593e-06
1.8691e-06
1.8789e-06
1.8887e-06
1.8986e-06
1.9085e-06
1.9185e-06
1.9285e-06
1.9386e-06
1.9487e-06
1.9589e-06
1.9691e-06
1.9793e-06
1.9896e-06
1.9999e-06
2.0103e-06
2.0207e-06
2.0312e-06
2.0417e-06
2.0523e-06
2.0629e-06
2.0736e-06
2.0843e-06
2.095e-06
2.1058e-06
2.1167e-06
2.1276e-06
2.1385e-06
2.1495e-06
2.1605e-06
2.1716e-06
2.1827e-06
2.1939e-06
2.2051e-06
2.2164e-06
2.2277e-06
2.2391e-06
2.2505e-06
2.262e-06
2.2735e-06
2.2851e-06
2.2967e-06
2.3084e-06
2.3201e-06
2.3319e-06
2.3437e-06
2.3556e-06
2.3675e-06
2.3795e-06
2.3915e-06
2.4035e-06
2.4157e-06
2.4278e-06
2.4401e-06
2.4523e-06
2.4647e-06
2.4771e-06
2.4895e-06
2.502e-06
2.5145e-06
2.5271e-06
2.5397e-06
2.5524e-06
2.5652e-06
2.578e-06
2.5908e-06
2.6037e-06
2.6167e-06
2.6297e-06
2.6428e-06
2.6559e-06
2.6691e-06
2.6823e-06
2.6956e-06
2.709e-06
2.7224e-06
2.7358e-06
2.7493e-06
2.7629e-06
2.7765e-06
2.7902e-06
2.8039e-06
2.8177e-06
2.8315e-06
2.8454e-06
2.8594e-06
2.8734e-06
2.8875e-06
2.9016e-06
2.9158e-06
2.93e-06
2.9443e-06
2.9587e-06
2.9731e-06
2.9875e-06
3.0021e-06
3.0167e-06
3.0313e-06
3.046e-06
3.0608e-06
3.0756e-06
3.0905e-06
3.1054e-06
3.1204e-06
3.1355e-06
3.1506e-06
3.1658e-06
3.181e-06
3.1963e-06
3.2117e-06
3.2271e-06
3.2426e-06
3.2581e-06
3.2737e-06
3.2894e-06
3.3051e-06
3.3209e-06
3.3368e-06
3.3527e-06
3.3687e-06
3.3847e-06
3.4008e-06
3.417e-06
3.4332e-06
3.4495e-06
3.4658e-06
3.4823e-06
3.4987e-06
3.5153e-06
3.5319e-06
3.5485e-06
3.5653e-06
3.5821e-06
3.5989e-06
3.6159e-06
3.6329e-06
3.6499e-06
3.667e-06
3.6842e-06
3.7015e-06
3.7188e-06
3.7362e-06
3.7536e-06
3.7712e-06
3.7887e-06
3.8064e-06
3.8241e-06
3.8419e-06
3.8597e-06
3.8777e-06
3.8956e-06
3.9137e-06
3.9318e-06
3.95e-06
3.9683e-06
3.9866e-06
4.005e-06
4.0234e-06
4.042e-06
4.0606e-06
4.0792e-06
4.098e-06
4.1168e-06
4.1357e-06
4.1546e-06
4.1736e-06
4.1927e-06
4.2118e-06
4.2311e-06
4.2504e-06
4.2697e-06
4.2892e-06
4.3087e-06
4.3283e-06
4.3479e-06
4.3676e-06
4.3874e-06
4.4073e-06
4.4272e-06
4.4472e-06
4.4673e-06
4.4875e-06
4.5077e-06
4.528e-06
4.5483e-06
4.5688e-06
4.5893e-06
4.6099e-06
4.6306e-06
4.6513e-06
4.6721e-06
4.693e-06
4.714e-06
4.735e-06
4.7561e-06
4.7773e-06
4.7985e-06
4.8199e-06
4.8413e-06
4.8628e-06
4.8843e-06
4.9059e-06
4.9277e-06
4.9494e-06
4.9713e-06
4.9932e-06
5.0153e-06
5.0373e-06
5.0595e-06
5.0818e-06
5.1041e-06
5.1265e-06
5.1489e-06
5.1715e-06
5.1941e-06
5.2168e-06
5.2396e-06
5.2625e-06
5.2854e-06
5.3085e-06
5.3316e-06
5.3547e-06
5.378e-06
5.4013e-06
5.4247e-06
5.4482e-06
5.4718e-06
5.4955e-06
5.5192e-06
5.543e-06
5.5669e-06
5.5909e-06
5.6149e-06
5.6391e-06
5.6633e-06
5.6876e-06
5.7119e-06
5.7364e-06
5.7609e-06
5.7856e-06
5.8103e-06
5.835e-06
5.8599e-06
5.8849e-06
5.9099e-06
5.935e-06
5.9602e-06
5.9855e-06
6.0108e-06
6.0363e-06
6.0618e-06
6.0874e-06
6.1131e-06
6.1389e-06
6.1647e-06
6.1907e-06
6.2167e-06
6.2428e-06
6.269e-06
6.2953e-06
6.3216e-06
6.3481e-06
6.3746e-06
6.4012e-06
6.4279e-06
6.4547e-06
6.4816e-06
6.5085e-06
6.5356e-06
6.5627e-06
6.5899e-06
6.6172e-06
6.6446e-06
6.6721e-06
6.6996e-06
6.7273e-06
6.755e-06
6.7828e-06
6.8107e-06
6.8387e-06
6.8668e-06
6.895e-06
6.9232e-06
6.9515e-06
6.98e-06
7.0085e-06
7.0371e-06
7.0658e-06
7.0946e-06
7.1234e-06
7.1524e-06
7.1814e-06
7.2106e-06
7.2398e-06
7.2691e-06
7.2985e-06
7.328e-06
7.3576e-06
7.3872e-06
7.417e-06
7.4468e-06
7.4768e-06
7.5068e-06
7.5369e-06
7.5671e-06
7.5974e-06
7.6278e-06
7.6582e-06
7.6888e-06
7.7195e-06
7.7502e-06
7.781e-06
7.812e-06
7.843e-06
7.8741e-06
7.9053e-06
7.9366e-06
7.968e-06
7.9995e-06
8.031e-06
8.0627e-06
8.0944e-06
8.1263e-06
8.1582e-06
8.1902e-06
8.2223e-06
8.2546e-06
8.2869e-06
8.3193e-06
8.3517e-06
8.3843e-06
8.417e-06
8.4498e-06
8.4826e-06
8.5156e-06
8.5486e-06
8.5818e-06
8.615e-06
8.6483e-06
8.6817e-06
8.7152e-06
8.7489e-06
8.7826e-06
8.8163e-06
8.8502e-06
8.8842e-06
8.9183e-06
8.9525e-06
8.9867e-06
9.0211e-06
9.0555e-06
9.0901e-06
9.1247e-06
9.1595e-06
9.1943e-06
9.2292e-06
9.2642e-06
9.2994e-06
9.3346e-06
9.3699e-06
9.4053e-06
9.4408e-06
9.4764e-06
9.5121e-06
9.5478e-06
9.5837e-06
9.6197e-06
9.6558e-06
9.6919e-06
9.7282e-06
9.7646e-06
9.801e-06
9.8376e-06
9.8742e-06
9.9109e-06
9.9478e-06
9.9847e-06
1.0022e-05
1.0059e-05
1.0096e-05
1.0133e-05
1.0171e-05
1.0208e-05
1.0246e-05
1.0284e-05
1.0321e-05
1.0359e-05
1.0397e-05
1.0435e-05
1.0474e-05
1.0512e-05
1.055e-05
1.0589e-05
1.0627e-05
1.0666e-05
1.0705e-05
1.0744e-05
1.0783e-05
1.0822e-05
1.0861e-05
1.09e-05
1.0939e-05
1.0979e-05
1.1018e-05
1.1058e-05
1.1098e-05
1.1138e-05
1.1178e-05
1.1218e-05
1.1258e-05
1.1298e-05
1.1338e-05
1.1379e-05
1.1419e-05
1.146e-05
1.1501e-05
1.1541e-05
1.1582e-05
1.1623e-05
1.1665e-05
1.1706e-05
1.1747e-05
1.1788e-05
1.183e-05
1.1872e-05
1.1913e-05
1.1955e-05
1.1997e-05
1.2039e-05
1.2081e-05
1.2123e-05
1.2165e-05
1.2208e-05
1.225e-05
1.2293e-05
1.2336e-05
1.2378e-05
1.2421e-05
1.2464e-05
1.2507e-05
1.255e-05
1.2594e-05
1.2637e-05
1.268e-05
1.2724e-05
1.2768e-05
1.2811e-05
1.2855e-05
1.2899e-05
1.2943e-05
1.2987e-05
1.3032e-05
1.3076e-05
1.312e-05
1.3165e-05
1.321e-05
1.3254e-05
1.3299e-05
1.3344e-05
1.3389e-05
1.3434e-05
1.3479e-05
1.3525e-05
1.357e-05
1.3615e-05
1.3661e-05
1.3707e-05
1.3753e-05
1.3798e-05
1.3844e-05
1.3891e-05
1.3937e-05
1.3983e-05
1.4029e-05
1.4076e-05
1.4122e-05
1.4169e-05
1.4216e-05
1.4263e-05
1.431e-05
1.4357e-05
1.4404e-05
1.4451e-05
1.4498e-05
1.4546e-05
1.4593e-05
1.4641e-05
1.4689e-05
1.4736e-05
1.4784e-05
1.4832e-05
1.488e-05
1.4929e-05
1.4977e-05
1.5025e-05
1.5074e-05
1.5122e-05
1.5171e-05
1.522e-05
1.5268e-05
1.5317e-05
1.5366e-05
1.5416e-05
1.5465e-05
1.5514e-05
1.5564e-05
1.5613e-05
1.5663e-05
1.5712e-05
1.5762e-05
1.5812e-05
1.5862e-05
1.5912e-05
1.5962e-05
1.6012e-05
1.6063e-05
1.6113e-05
1.6164e-05
1.6214e-05
1.6265e-05
1.6316e-05
1.6367e-05
1.6418e-05
1.6469e-05
1.652e-05
1.6571e-05
1.6623e-05
1.6674e-05
1.6726e-05
1.6777e-05
1.6829e-05
1.6881e-05
1.6933e-05
1.6985e-05
1.7037e-05
1.7089e-05
1.7141e-05
1.7194e-05
1.7246e-05
1.7299e-05
1.7351e-05
1.7404e-05
1.7457e-05
1.751e-05
1.7563e-05
1.7616e-05
1.7669e-05
1.7722e-05
1.7775e-05
1.7829e-05
1.7882e-05
1.7936e-05
1.799e-05
1.8043e-05
1.8097e-05
1.8151e-05
1.8205e-05
1.8259e-05
1.8313e-05
1.8368e-05
1.8422e-05
1.8477e-05
1.8531e-05
1.8586e-05
1.864e-05
1.8695e-05
1.875e-05
1.8805e-05
1.886e-05
1.8915e-05
1.897e-05
1.9026e-05
1.9081e-05
1.9137e-05
1.9192e-05
1.9248e-05
1.9303e-05
1.9359e-05
1.9415e-05
1.9471e-05
1.9527e-05
1.9583e-05
1.964e-05
1.9696e-05
1.9752e-05
1.9809e-05
1.9865e-05
1.9922e-05
1.9978e-05
2.0035e-05
2.0092e-05
2.0149e-05
2.0206e-05
2.0263e-05
2.032e-05
2.0377e-05
2.0435e-05
2.0492e-05
2.055e-05
2.0607e-05
2.0665e-05
2.0723e-05
2.078e-05
2.0838e-05
2.0896e-05
2.0954e-05
2.1012e-05
2.107e-05
2.1129e-05
2.1187e-05
2.1245e-05
2.1304e-05
2.1362e-05
2.1421e-05
2.148e-05
2.1538e-05
2.1597e-05
2.1656e-05
2.1715e-05
2.1774e-05
2.1833e-05
2.1892e-05
2.1952e-05
2.2011e-05
2.207e-05
2.213e-05
2.2189e-05
2.2249e-05
2.2309e-05
2.2368e-05
2.2428e-05
2.2488e-05
2.2548e-05
2.2608e-05
2.2668e-05
2.2728e-05
2.2788e-05
2.2849e-05
2.2909e-05
2.2969e-05
2.303e-05
2.3091e-05
2.3151e-05
2.3212e-05
2.3273e-05
2.3333e-05
2.3394e-05
2.3455e-05
2.3516e-05
2.3577e-05
2.3638e-05
2.3699e-05
2.3761e-05
2.3822e-05
2.3883e-05
2.3945e-05
2.4006e-05
2.4068e-05
2.4129e-05
2.4191e-05
2.4253e-05
2.4315e-05
2.4376e-05
2.4438e-05
2.45e-05
2.4562e-05
2.4624e-05
2.4686e-05
2.4749e-05
2.4811e-05
2.4873e-05
2.4935e-05
2.4998e-05
2.506e-05
2.5123e-05
2.5185e-05
2.5248e-05
2.5311e-05
2.5373e-05
2.5436e-05
2.5499e-05
2.5562e-05
2.5625e-05
2.5688e-05
2.5751e-05
2.5814e-05
2.5877e-05
2.594e-05
2.6003e-05
2.6066e-05
2.613e-05
2.6193e-05
2.6257e-05
2.632e-05
2.6383e-05
2.6447e-05
2.6511e-05
2.6574e-05
2.6638e-05
2.6702e-05
2.6765e-05
2.6829e-05
2.6893e-05
2.6957e-05
2.7021e-05
2.7085e-05
2.7149e-05
2.7213e-05
2.7277e-05
2.7341e-05
2.7405e-05
2.7469e-05
2.7534e-05
2.7598e-05
2.7662e-05
2.7727e-05
2.7791e-05
2.7855e-05
2.792e-05
2.7984e-05
2.8049e-05
2.8113e-05
2.8178e-05
2.8243e-05
2.8307e-05
2.8372e-05
2.8437e-05
2.8502e-05
2.8566e-05
2.8631e-05
2.8696e-05
2.8761e-05
2.8826e-05
2.8891e-05
2.8956e-05
2.9021e-05
2.9086e-05
2.9151e-05
2.9216e-05
2.9281e-05
2.9346e-05
2.9411e-05
2.9476e-05
2.9542e-05
2.9607e-05
2.9672e-05
2.9737e-05
2.9803e-05
2.9868e-05
2.9933e-05
2.9999e-05
3.0064e-05
3.013e-05
3.0195e-05
3.026e-05
3.0326e-05
3.0391e-05
3.0457e-05
3.0522e-05
3.0588e-05
3.0653e-05
3.0719e-05
3.0784e-05
3.085e-05
3.0916e-05
3.0981e-05
3.1047e-05
3.1113e-05
3.1178e-05
3.1244e-05
3.1309e-05
3.1375e-05
3.1441e-05
3.1507e-05
3.1572e-05
3.1638e-05
3.1704e-05
3.1769e-05
3.1835e-05
3.1901e-05
3.1967e-05
3.2032e-05
3.2098e-05
3.2164e-05
3.223e-05
3.2295e-05
3.2361e-05
3.2427e-05
3.2493e-05
3.2558e-05
3.2624e-05
3.269e-05
3.2756e-05
3.2822e-05
3.2887e-05
3.2953e-05
3.3019e-05
3.3085e-05
3.315e-05
3.3216e-05
3.3282e-05
3.3348e-05
3.3413e-05
3.3479e-05
3.3545e-05
3.361e-05
3.3676e-05
3.3742e-05
3.3807e-05
3.3873e-05
3.3939e-05
3.4004e-05
3.407e-05
3.4136e-05
3.4201e-05
3.4267e-05
3.4332e-05
3.4398e-05
3.4464e-05
3.4529e-05
3.4595e-05
3.466e-05
3.4726e-05
3.4791e-05
3.4857e-05
3.4922e-05
3.4987e-05
3.5053e-05
3.5118e-05
3.5183e-05
3.5249e-05
3.5314e-05
3.5379e-05
3.5445e-05
3.551e-05
3.5575e-05
3.564e-05
3.5705e-05
3.5771e-05
3.5836e-05
3.5901e-05
3.5966e-05
3.6031e-05
3.6096e-05
3.6161e-05
3.6226e-05
3.629e-05
3.6355e-05
3.642e-05
3.6485e-05
3.655e-05
3.6614e-05
3.6679e-05
3.6744e-05
3.6808e-05
3.6873e-05
3.6938e-05
3.7002e-05
3.7066e-05
3.7131e-05
3.7195e-05
3.726e-05
3.7324e-05
3.7388e-05
3.7452e-05
3.7517e-05
3.7581e-05
3.7645e-05
3.7709e-05
3.7773e-05
3.7837e-05
3.7901e-05
3.7965e-05
3.8028e-05
3.8092e-05
3.8156e-05
3.822e-05
3.8283e-05
3.8347e-05
3.841e-05
3.8474e-05
3.8537e-05
3.8601e-05
3.8664e-05
3.8727e-05
3.879e-05
3.8854e-05
3.8917e-05
3.898e-05
3.9043e-05
3.9106e-05
3.9168e-05
3.9231e-05
3.9294e-05
3.9357e-05
3.9419e-05
3.9482e-05
3.9544e-05
3.9607e-05
3.9669e-05
3.9731e-05
3.9794e-05
3.9856e-05
3.9918e-05
3.998e-05
4.0042e-05
4.0104e-05
4.0166e-05
4.0228e-05
4.0289e-05
4.0351e-05
4.0412e-05
4.0474e-05
4.0535e-05
4.0597e-05
4.0658e-05
4.0719e-05
4.078e-05
4.0841e-05
4.0902e-05
4.0963e-05
4.1024e-05
4.1085e-05
4.1146e-05
4.1206e-05
4.1267e-05
4.1327e-05
4.1387e-05
4.1448e-05
4.1508e-05
4.1568e-05
4.1628e-05
4.1688e-05
4.1748e-05
4.1808e-05
4.1867e-05
4.1927e-05
4.1987e-05
4.2046e-05
4.2105e-05
4.2165e-05
4.2224e-05
4.2283e-05
4.2342e-05
4.2401e-05
4.246e-05
4.2518e-05
4.2577e-05
4.2635e-05
4.2694e-05
4.2752e-05
4.281e-05
4.2869e-05
4.2927e-05
4.2985e-05
4.3042e-05
4.31e-05
4.3158e-05
4.3215e-05
4.3273e-05
4.333e-05
4.3388e-05
4.3445e-05
4.3502e-05
4.3559e-05
4.3616e-05
4.3672e-05
4.3729e-05
4.3786e-05
4.3842e-05
4.3898e-05
4.3955e-05
4.4011e-05
4.4067e-05
4.4123e-05
4.4178e-05
4.4234e-05
4.429e-05
4.4345e-05
4.44e-05
4.4456e-05
4.4511e-05
4.4566e-05
4.4621e-05
4.4676e-05
4.473e-05
4.4785e-05
4.4839e-05
4.4894e-05
4.4948e-05
4.5002e-05
4.5056e-05
4.511e-05
4.5163e-05
4.5217e-05
4.527e-05
4.5324e-05
4.5377e-05
4.543e-05
4.5483e-05
4.5536e-05
4.5589e-05
4.5641e-05
4.5694e-05
4.5746e-05
4.5799e-05
4.5851e-05
4.5903e-05
4.5955e-05
4.6006e-05
4.6058e-05
4.6109e-05
4.6161e-05
4.6212e-05
4.6263e-05
4.6314e-05
4.6365e-05
4.6415e-05
4.6466e-05
4.6516e-05
4.6567e-05
4.6617e-05
4.6667e-05
4.6717e-05
4.6766e-05
4.6816e-05
4.6865e-05
4.6915e-05
4.6964e-05
4.7013e-05
4.7062e-05
4.7111e-05
4.7159e-05
4.7208e-05
4.7256e-05
4.7304e-05
4.7352e-05
4.74e-05
4.7448e-05
4.7495e-05
4.7543e-05
4.759e-05
4.7637e-05
4.7684e-05
4.7731e-05
4.7778e-05
4.7825e-05
4.7871e-05
4.7917e-05
4.7963e-05
4.8009e-05
4.8055e-05
4.8101e-05
4.8146e-05
4.8192e-05
4.8237e-05
4.8282e-05
4.8327e-05
4.8372e-05
4.8416e-05
4.8461e-05
4.8505e-05
4.8549e-05
4.8593e-05
4.8637e-05
4.868e-05
4.8724e-05
4.8767e-05
4.881e-05
4.8853e-05
4.8896e-05
4.8939e-05
4.8981e-05
4.9024e-05
4.9066e-05
4.9108e-05
4.915e-05
4.9191e-05
4.9233e-05
4.9274e-05
4.9315e-05
4.9357e-05
4.9397e-05
4.9438e-05
4.9479e-05
4.9519e-05
4.9559e-05
4.9599e-05
4.9639e-05
4.9679e-05
4.9718e-05
4.9757e-05
4.9797e-05
4.9836e-05
4.9874e-05
4.9913e-05
4.9952e-05
4.999e-05
5.0028e-05
5.0066e-05
5.0104e-05
5.0141e-05
5.0179e-05
5.0216e-05
5.0253e-05
5.029e-05
5.0327e-05
5.0363e-05
5.0399e-05
5.0436e-05
5.0472e-05
5.0507e-05
5.0543e-05
5.0579e-05
5.0614e-05
5.0649e-05
5.0684e-05
5.0718e-05
5.0753e-05
5.0787e-05
5.0822e-05
5.0856e-05
5.0889e-05
5.0923e-05
5.0956e-05
5.099e-05
5.1023e-05
5.1056e-05
5.1088e-05
5.1121e-05
5.1153e-05
5.1185e-05
5.1217e-05
5.1249e-05
5.128e-05
5.1312e-05
5.1343e-05
5.1374e-05
5.1405e-05
5.1435e-05
5.1466e-05
5.1496e-05
5.1526e-05
5.1556e-05
5.1585e-05
5.1615e-05
5.1644e-05
5.1673e-05
5.1702e-05
5.1731e-05
5.1759e-05
5.1787e-05
5.1815e-05
5.1843e-05
5.1871e-05
5.1899e-05
5.1926e-05
5.1953e-05
5.198e-05
5.2007e-05
5.2033e-05
5.2059e-05
5.2085e-05
5.2111e-05
5.2137e-05
5.2163e-05
5.2188e-05
5.2213e-05
5.2238e-05
5.2263e-05
5.2287e-05
5.2311e-05
5.2335e-05
5.2359e-05
5.2383e-05
5.2407e-05
5.243e-05
5.2453e-05
5.2476e-05
5.2498e-05
5.2521e-05
5.2543e-05
5.2565e-05
5.2587e-05
5.2609e-05
5.263e-05
5.2651e-05
5.2672e-05
5.2693e-05
5.2714e-05
5.2734e-05
5.2755e-05
5.2775e-05
5.2794e-05
5.2814e-05
5.2833e-05
5.2852e-05
5.2871e-05
5.289e-05
5.2909e-05
5.2927e-05
5.2945e-05
5.2963e-05
5.2981e-05
5.2998e-05
5.3016e-05
5.3033e-05
5.3049e-05
5.3066e-05
5.3083e-05
5.3099e-05
5.3115e-05
5.3131e-05
5.3146e-05
5.3162e-05
5.3177e-05
5.3192e-05
5.3206e-05
5.3221e-05
5.3235e-05
5.3249e-05
5.3263e-05
5.3277e-05
5.329e-05
5.3304e-05
5.3317e-05
5.3329e-05
5.3342e-05
5.3354e-05
5.3367e-05
5.3379e-05
5.339e-05
5.3402e-05
5.3413e-05
5.3424e-05
5.3435e-05
5.3446e-05
5.3456e-05
5.3467e-05
5.3477e-05
5.3486e-05
5.3496e-05
5.3505e-05
5.3514e-05
5.3523e-05
5.3532e-05
5.3541e-05
5.3549e-05
5.3557e-05
5.3565e-05
5.3572e-05
5.358e-05
5.3587e-05
5.3594e-05
5.3601e-05
5.3607e-05
5.3614e-05
5.362e-05
5.3626e-05
5.3631e-05
5.3637e-05
5.3642e-05
5.3647e-05
5.3652e-05
5.3657e-05
5.3661e-05
5.3665e-05
5.3669e-05
5.3673e-05
5.3676e-05
5.3679e-05
5.3682e-05
5.3685e-05
5.3688e-05
5.369e-05
5.3693e-05
5.3694e-05
5.3696e-05
5.3698e-05
5.3699e-05
5.37e-05
5.3701e-05
5.3702e-05
5.3702e-05
5.3702e-05
5.3702e-05
5.3702e-05
5.3702e-05
5.3701e-05
5.37e-05
5.3699e-05
5.3698e-05
5.3696e-05
5.3694e-05
5.3692e-05
5.369e-05
5.3688e-05
5.3685e-05
5.3682e-05
5.3679e-05
5.3676e-05
5.3672e-05
5.3669e-05
5.3665e-05
5.3661e-05
5.3656e-05
5.3652e-05
5.3647e-05
5.3642e-05
5.3636e-05
5.3631e-05
5.3625e-05
5.3619e-05
5.3613e-05
5.3607e-05
5.36e-05
5.3594e-05
5.3587e-05
5.3579e-05
5.3572e-05
5.3564e-05
5.3556e-05
5.3548e-05
5.354e-05
5.3531e-05
5.3523e-05
5.3514e-05
5.3505e-05
5.3495e-05
5.3486e-05
5.3476e-05
5.3466e-05
5.3455e-05
5.3445e-05
5.3434e-05
5.3423e-05
5.3412e-05
5.3401e-05
5.3389e-05
5.3378e-05
5.3366e-05
5.3353e-05
5.3341e-05
5.3328e-05
5.3316e-05
5.3303e-05
5.3289e-05
5.3276e-05
5.3262e-05
5.3248e-05
5.3234e-05
5.322e-05
5.3205e-05
5.319e-05
5.3175e-05
5.316e-05
5.3145e-05
5.3129e-05
5.3113e-05
5.3097e-05
5.3081e-05
5.3065e-05
5.3048e-05
5.3031e-05
5.3014e-05
5.2997e-05
5.2979e-05
5.2962e-05
5.2944e-05
5.2926e-05
5.2907e-05
5.2889e-05
5.287e-05
5.2851e-05
5.2832e-05
5.2812e-05
5.2793e-05
5.2773e-05
5.2753e-05
5.2733e-05
5.2712e-05
5.2692e-05
5.2671e-05
5.265e-05
5.2628e-05
5.2607e-05
5.2585e-05
5.2563e-05
5.2541e-05
5.2519e-05
5.2497e-05
5.2474e-05
5.2451e-05
5.2428e-05
5.2405e-05
5.2381e-05
5.2357e-05
5.2334e-05
5.2309e-05
5.2285e-05
5.2261e-05
5.2236e-05
5.2211e-05
5.2186e-05
5.216e-05
5.2135e-05
5.2109e-05
5.2083e-05
5.2057e-05
5.2031e-05
5.2004e-05
5.1978e-05
5.1951e-05
5.1924e-05
5.1896e-05
5.1869e-05
5.1841e-05
5.1813e-05
5.1785e-05
5.1757e-05
5.1728e-05
5.17e-05
5.1671e-05
5.1642e-05
5.1612e-05
5.1583e-05
5.1553e-05
5.1523e-05
5.1493e-05
5.1463e-05
5.1433e-05
5.1402e-05
5.1371e-05
5.134e-05
5.1309e-05
5.1278e-05
5.1246e-05
5.1214e-05
5.1183e-05
5.115e-05
5.1118e-05
5.1086e-05
5.1053e-05
5.102e-05
5.0987e-05
5.0954e-05
5.092e-05
5.0887e-05
5.0853e-05
5.0819e-05
5.0785e-05
5.075e-05
5.0716e-05
5.0681e-05
5.0646e-05
5.0611e-05
5.0576e-05
5.054e-05
5.0504e-05
5.0469e-05
5.0433e-05
5.0396e-05
5.036e-05
5.0324e-05
5.0287e-05
5.025e-05
5.0213e-05
5.0176e-05
5.0138e-05
5.0101e-05
5.0063e-05
5.0025e-05
4.9987e-05
4.9948e-05
4.991e-05
4.9871e-05
4.9832e-05
4.9793e-05
4.9754e-05
4.9715e-05
4.9675e-05
4.9636e-05
4.9596e-05
4.9556e-05
4.9516e-05
4.9475e-05
4.9435e-05
4.9394e-05
4.9353e-05
4.9312e-05
4.9271e-05
4.923e-05
4.9188e-05
4.9146e-05
4.9104e-05
4.9062e-05
4.902e-05
4.8978e-05
4.8935e-05
4.8893e-05
4.885e-05
4.8807e-05
4.8764e-05
4.872e-05
4.8677e-05
4.8633e-05
4.8589e-05
4.8545e-05
4.8501e-05
4.8457e-05
4.8413e-05
4.8368e-05
4.8323e-05
4.8278e-05
4.8233e-05
4.8188e-05
4.8143e-05
4.8097e-05
4.8051e-05
4.8006e-05
4.796e-05
4.7913e-05
4.7867e-05
4.7821e-05
4.7774e-05
4.7727e-05
4.7681e-05
4.7634e-05
4.7586e-05
4.7539e-05
4.7492e-05
4.7444e-05
4.7396e-05
4.7348e-05
4.73e-05
4.7252e-05
4.7204e-05
4.7155e-05
4.7107e-05
4.7058e-05
4.7009e-05
4.696e-05
4.6911e-05
4.6861e-05
4.6812e-05
4.6762e-05
4.6713e-05
4.6663e-05
4.6613e-05
4.6562e-05
4.6512e-05
4.6462e-05
4.6411e-05
4.6361e-05
4.631e-05
4.6259e-05
4.6208e-05
4.6156e-05
4.6105e-05
4.6054e-05
4.6002e-05
4.595e-05
4.5898e-05
4.5846e-05
4.5794e-05
4.5742e-05
4.569e-05
4.5637e-05
4.5584e-05
4.5532e-05
4.5479e-05
4.5426e-05
4.5373e-05
4.5319e-05
4.5266e-05
4.5213e-05
4.5159e-05
4.5105e-05
4.5051e-05
4.4997e-05
4.4943e-05
4.4889e-05
4.4835e-05
4.478e-05
4.4726e-05
4.4671e-05
4.4616e-05
4.4561e-05
4.4506e-05
4.4451e-05
4.4396e-05
4.4341e-05
4.4285e-05
4.423e-05
4.4174e-05
4.4118e-05
4.4062e-05
4.4006e-05
4.395e-05
4.3894e-05
4.3837e-05
4.3781e-05
4.3724e-05
4.3668e-05
4.3611e-05
4.3554e-05
4.3497e-05
4.344e-05
4.3383e-05
4.3326e-05
4.3268e-05
4.3211e-05
4.3153e-05
4.3095e-05
4.3038e-05
4.298e-05
4.2922e-05
4.2864e-05
4.2806e-05
4.2747e-05
4.2689e-05
4.2631e-05
4.2572e-05
4.2513e-05
4.2455e-05
4.2396e-05
4.2337e-05
4.2278e-05
4.2219e-05
4.216e-05
4.21e-05
4.2041e-05
4.1982e-05
4.1922e-05
4.1862e-05
4.1803e-05
4.1743e-05
4.1683e-05
4.1623e-05
4.1563e-05
4.1503e-05
4.1443e-05
4.1383e-05
4.1322e-05
4.1262e-05
4.1201e-05
4.1141e-05
4.108e-05
4.1019e-05
4.0958e-05
4.0897e-05
4.0836e-05
4.0775e-05
4.0714e-05
4.0653e-05
4.0592e-05
4.053e-05
4.0469e-05
4.0407e-05
4.0346e-05
4.0284e-05
4.0222e-05
4.0161e-05
4.0099e-05
4.0037e-05
3.9975e-05
3.9913e-05
3.9851e-05
3.9789e-05
3.9726e-05
3.9664e-05
3.9602e-05
3.9539e-05
3.9477e-05
3.9414e-05
3.9351e-05
3.9289e-05
3.9226e-05
3.9163e-05
3.91e-05
3.9037e-05
3.8974e-05
3.8911e-05
3.8848e-05
3.8785e-05
3.8722e-05
3.8659e-05
3.8595e-05
3.8532e-05
3.8469e-05
3.8405e-05
3.8342e-05
3.8278e-05
3.8214e-05
3.8151e-05
3.8087e-05
3.8023e-05
3.7959e-05
3.7896e-05
3.7832e-05
3.7768e-05
3.7704e-05
3.764e-05
3.7576e-05
3.7511e-05
3.7447e-05
3.7383e-05
3.7319e-05
3.7254e-05
3.719e-05
3.7126e-05
3.7061e-05
3.6997e-05
3.6932e-05
3.6868e-05
3.6803e-05
3.6738e-05
3.6674e-05
3.6609e-05
3.6544e-05
3.648e-05
3.6415e-05
3.635e-05
3.6285e-05
3.622e-05
3.6155e-05
3.609e-05
3.6025e-05
3.596e-05
3.5895e-05
3.583e-05
3.5765e-05
3.57e-05
3.5635e-05
3.557e-05
3.5505e-05
3.5439e-05
3.5374e-05
3.5309e-05
3.5243e-05
3.5178e-05
3.5113e-05
3.5047e-05
3.4982e-05
3.4917e-05
3.4851e-05
3.4786e-05
3.472e-05
3.4655e-05
3.4589e-05
3.4524e-05
3.4458e-05
3.4393e-05
3.4327e-05
3.4262e-05
3.4196e-05
3.413e-05
3.4065e-05
3.3999e-05
3.3933e-05
3.3868e-05
3.3802e-05
3.3736e-05
3.3671e-05
3.3605e-05
3.3539e-05
3.3474e-05
3.3408e-05
3.3342e-05
3.3276e-05
3.3211e-05
3.3145e-05
3.3079e-05
3.3013e-05
3.2948e-05
3.2882e-05
3.2816e-05
3.275e-05
3.2685e-05
3.2619e-05
3.2553e-05
3.2487e-05
3.2422e-05
3.2356e-05
3.229e-05
3.2224e-05
3.2158e-05
3.2093e-05
3.2027e-05
3.1961e-05
3.1895e-05
3.183e-05
3.1764e-05
3.1698e-05
3.1633e-05
3.1567e-05
3.1501e-05
3.1435e-05
3.137e-05
3.1304e-05
3.1238e-05
3.1173e-05
3.1107e-05
3.1042e-05
3.0976e-05
3.091e-05
3.0845e-05
3.0779e-05
3.0714e-05
3.0648e-05
3.0582e-05
3.0517e-05
3.0451e-05
3.0386e-05
3.032e-05
3.0255e-05
3.019e-05
3.0124e-05
3.0059e-05
2.9993e-05
2.9928e-05
2.9863e-05
2.9797e-05
2.9732e-05
2.9667e-05
2.9602e-05
2.9536e-05
2.9471e-05
2.9406e-05
2.9341e-05
2.9276e-05
2.9211e-05
2.9146e-05
2.908e-05
2.9015e-05
2.895e-05
2.8885e-05
2.8821e-05
2.8756e-05
2.8691e-05
2.8626e-05
2.8561e-05
2.8496e-05
2.8432e-05
2.8367e-05
2.8302e-05
2.8237e-05
2.8173e-05
2.8108e-05
2.8044e-05
2.7979e-05
2.7915e-05
2.785e-05
2.7786e-05
2.7721e-05
2.7657e-05
2.7593e-05
2.7528e-05
2.7464e-05
2.74e-05
2.7336e-05
2.7272e-05
2.7208e-05
2.7144e-05
2.708e-05
2.7016e-05
2.6952e-05
2.6888e-05
2.6824e-05
2.676e-05
2.6696e-05
2.6633e-05
2.6569e-05
2.6505e-05
2.6442e-05
2.6378e-05
2.6315e-05
2.6251e-05
2.6188e-05
2.6125e-05
2.6061e-05
2.5998e-05
2.5935e-05
2.5872e-05
2.5809e-05
2.5745e-05
2.5682e-05
2.562e-05
2.5557e-05
2.5494e-05
2.5431e-05
2.5368e-05
2.5305e-05
2.5243e-05
2.518e-05
2.5118e-05
2.5055e-05
2.4993e-05
2.493e-05
2.4868e-05
2.4806e-05
2.4743e-05
2.4681e-05
2.4619e-05
2.4557e-05
2.4495e-05
2.4433e-05
2.4371e-05
2.4309e-05
2.4248e-05
2.4186e-05
2.4124e-05
2.4063e-05
2.4001e-05
2.394e-05
2.3878e-05
2.3817e-05
2.3756e-05
2.3694e-05
2.3633e-05
2.3572e-05
2.3511e-05
2.345e-05
2.3389e-05
2.3328e-05
2.3268e-05
2.3207e-05
2.3146e-05
2.3086e-05
2.3025e-05
2.2965e-05
2.2904e-05
2.2844e-05
2.2784e-05
2.2723e-05
2.2663e-05
2.2603e-05
2.2543e-05
2.2483e-05
2.2423e-05
2.2363e-05
2.2304e-05
2.2244e-05
2.2184e-05
2.2125e-05
2.2065e-05
2.2006e-05
2.1947e-05
2.1888e-05
2.1828e-05
2.1769e-05
2.171e-05
2.1651e-05
2.1592e-05
2.1534e-05
2.1475e-05
2.1416e-05
2.1358e-05
2.1299e-05
2.1241e-05
2.1182e-05
2.1124e-05
2.1066e-05
2.1007e-05
2.0949e-05
2.0891e-05
2.0833e-05
2.0776e-05
2.0718e-05
2.066e-05
2.0603e-05
2.0545e-05
2.0488e-05
2.043e-05
2.0373e-05
2.0316e-05
2.0258e-05
2.0201e-05
2.0144e-05
2.0087e-05
2.0031e-05
1.9974e-05
1.9917e-05
1.9861e-05
1.9804e-05
1.9748e-05
1.9691e-05
1.9635e-05
1.9579e-05
1.9523e-05
1.9467e-05
1.9411e-05
1.9355e-05
1.9299e-05
1.9243e-05
1.9188e-05
1.9132e-05
1.9077e-05
1.9021e-05
1.8966e-05
1.8911e-05
1.8856e-05
1.8801e-05
1.8746e-05
1.8691e-05
1.8636e-05
1.8581e-05
1.8527e-05
1.8472e-05
1.8418e-05
1.8363e-05
1.8309e-05
1.8255e-05
1.8201e-05
1.8147e-05
1.8093e-05
1.8039e-05
1.7985e-05
1.7931e-05
1.7878e-05
1.7824e-05
1.7771e-05
1.7718e-05
1.7664e-05
1.7611e-05
1.7558e-05
1.7505e-05
1.7452e-05
1.74e-05
1.7347e-05
1.7294e-05
1.7242e-05
1.7189e-05
1.7137e-05
1.7085e-05
1.7033e-05
1.698e-05
1.6928e-05
1.6877e-05
1.6825e-05
1.6773e-05
1.6721e-05
1.667e-05
1.6618e-05
1.6567e-05
1.6516e-05
1.6465e-05
1.6414e-05
1.6363e-05
1.6312e-05
1.6261e-05
1.621e-05
1.616e-05
1.6109e-05
1.6059e-05
1.6008e-05
1.5958e-05
1.5908e-05
1.5858e-05
1.5808e-05
1.5758e-05
1.5708e-05
1.5659e-05
1.5609e-05
1.556e-05
1.551e-05
1.5461e-05
1.5412e-05
1.5362e-05
1.5313e-05
1.5264e-05
1.5216e-05
1.5167e-05
1.5118e-05
1.507e-05
1.5021e-05
1.4973e-05
1.4925e-05
1.4876e-05
1.4828e-05
1.478e-05
1.4732e-05
1.4685e-05
1.4637e-05
1.4589e-05
1.4542e-05
1.4494e-05
1.4447e-05
1.44e-05
1.4353e-05
1.4306e-05
1.4259e-05
1.4212e-05
1.4165e-05
1.4119e-05
1.4072e-05
1.4026e-05
1.3979e-05
1.3933e-05
1.3887e-05
1.3841e-05
1.3795e-05
1.3749e-05
1.3703e-05
1.3657e-05
1.3612e-05
1.3566e-05
1.3521e-05
1.3476e-05
1.343e-05
1.3385e-05
1.334e-05
1.3295e-05
1.3251e-05
1.3206e-05
1.3161e-05
1.3117e-05
1.3072e-05
1.3028e-05
1.2984e-05
1.294e-05
1.2896e-05
1.2852e-05
1.2808e-05
1.2764e-05
1.272e-05
1.2677e-05
1.2633e-05
1.259e-05
1.2547e-05
1.2504e-05
1.2461e-05
1.2418e-05
1.2375e-05
1.2332e-05
1.2289e-05
1.2247e-05
1.2204e-05
1.2162e-05
1.212e-05
1.2078e-05
1.2035e-05
1.1994e-05
1.1952e-05
1.191e-05
1.1868e-05
1.1827e-05
1.1785e-05
1.1744e-05
1.1702e-05
1.1661e-05
1.162e-05
1.1579e-05
1.1538e-05
1.1497e-05
1.1457e-05
1.1416e-05
1.1376e-05
1.1335e-05
1.1295e-05
1.1255e-05
1.1214e-05
1.1174e-05
1.1134e-05
1.1095e-05
1.1055e-05
1.1015e-05
1.0976e-05
1.0936e-05
1.0897e-05
1.0858e-05
1.0819e-05
1.0779e-05
1.0741e-05
1.0702e-05
1.0663e-05
1.0624e-05
1.0586e-05
1.0547e-05
1.0509e-05
1.0471e-05
1.0432e-05
1.0394e-05
1.0356e-05
1.0318e-05
1.0281e-05
1.0243e-05
1.0205e-05
1.0168e-05
1.013e-05
1.0093e-05
1.0056e-05
1.0019e-05
9.9817e-06
9.9448e-06
9.908e-06
9.8712e-06
9.8346e-06
9.798e-06
9.7616e-06
9.7253e-06
9.689e-06
9.6528e-06
9.6168e-06
9.5808e-06
9.5449e-06
9.5092e-06
9.4735e-06
9.4379e-06
9.4024e-06
9.367e-06
9.3317e-06
9.2965e-06
9.2614e-06
9.2264e-06
9.1915e-06
9.1567e-06
9.1219e-06
9.0873e-06
9.0527e-06
9.0183e-06
8.984e-06
8.9497e-06
8.9155e-06
8.8815e-06
8.8475e-06
8.8136e-06
8.7798e-06
8.7461e-06
8.7125e-06
8.679e-06
8.6456e-06
8.6123e-06
8.5791e-06
8.5459e-06
8.5129e-06
8.48e-06
8.4471e-06
8.4144e-06
8.3817e-06
8.3491e-06
8.3166e-06
8.2842e-06
8.252e-06
8.2197e-06
8.1876e-06
8.1556e-06
8.1237e-06
8.0919e-06
8.0601e-06
8.0285e-06
7.9969e-06
7.9654e-06
7.9341e-06
7.9028e-06
7.8716e-06
7.8405e-06
7.8095e-06
7.7786e-06
7.7477e-06
7.717e-06
7.6863e-06
7.6558e-06
7.6253e-06
7.5949e-06
7.5646e-06
7.5345e-06
7.5043e-06
7.4743e-06
7.4444e-06
7.4146e-06
7.3848e-06
7.3552e-06
7.3256e-06
7.2961e-06
7.2667e-06
7.2374e-06
7.2082e-06
7.1791e-06
7.15e-06
7.1211e-06
7.0922e-06
7.0635e-06
7.0348e-06
7.0062e-06
6.9777e-06
6.9493e-06
6.9209e-06
6.8927e-06
6.8645e-06
6.8365e-06
6.8085e-06
6.7806e-06
6.7528e-06
6.725e-06
6.6974e-06
6.6698e-06
6.6424e-06
6.615e-06
6.5877e-06
6.5605e-06
6.5334e-06
6.5064e-06
6.4794e-06
6.4525e-06
6.4258e-06
6.3991e-06
6.3725e-06
6.3459e-06
6.3195e-06
6.2931e-06
6.2669e-06
6.2407e-06
6.2146e-06
6.1886e-06
6.1626e-06
6.1368e-06
6.111e-06
6.0853e-06
6.0597e-06
6.0342e-06
6.0088e-06
5.9834e-06
5.9581e-06
5.933e-06
5.9079e-06
5.8828e-06
5.8579e-06
5.833e-06
5.8083e-06
5.7836e-06
5.759e-06
5.7344e-06
5.71e-06
5.6856e-06
5.6613e-06
5.6371e-06
5.613e-06
5.5889e-06
5.565e-06
5.5411e-06
5.5173e-06
5.4935e-06
5.4699e-06
5.4463e-06
5.4228e-06
5.3994e-06
5.3761e-06
5.3529e-06
5.3297e-06
5.3066e-06
5.2836e-06
5.2606e-06
5.2378e-06
5.215e-06
5.1923e-06
5.1697e-06
5.1471e-06
5.1247e-06
5.1023e-06
5.08e-06
5.0577e-06
5.0356e-06
5.0135e-06
4.9915e-06
4.9695e-06
4.9477e-06
4.9259e-06
4.9042e-06
4.8826e-06
4.861e-06
4.8395e-06
4.8181e-06
4.7968e-06
4.7756e-06
4.7544e-06
4.7333e-06
4.7123e-06
4.6913e-06
4.6704e-06
4.6496e-06
4.6289e-06
4.6082e-06
4.5877e-06
4.5671e-06
4.5467e-06
4.5263e-06
4.5061e-06
4.4858e-06
4.4657e-06
4.4456e-06
4.4256e-06
4.4057e-06
4.3858e-06
4.366e-06
4.3463e-06
4.3267e-06
4.3071e-06
4.2876e-06
4.2682e-06
4.2488e-06
4.2295e-06
4.2103e-06
4.1912e-06
4.1721e-06
4.1531e-06
4.1341e-06
4.1153e-06
4.0965e-06
4.0777e-06
4.0591e-06
4.0405e-06
4.022e-06
4.0035e-06
3.9851e-06
3.9668e-06
3.9485e-06
3.9304e-06
3.9123e-06
3.8942e-06
3.8762e-06
3.8583e-06
3.8405e-06
3.8227e-06
3.805e-06
3.7873e-06
3.7698e-06
3.7522e-06
3.7348e-06
3.7174e-06
3.7001e-06
3.6829e-06
3.6657e-06
3.6486e-06
3.6315e-06
3.6145e-06
3.5976e-06
3.5807e-06
3.5639e-06
3.5472e-06
3.5305e-06
3.5139e-06
3.4974e-06
3.4809e-06
3.4645e-06
3.4482e-06
3.4319e-06
3.4157e-06
3.3995e-06
3.3834e-06
3.3674e-06
3.3514e-06
3.3355e-06
3.3197e-06
3.3039e-06
3.2882e-06
3.2725e-06
3.2569e-06
3.2414e-06
3.2259e-06
3.2105e-06
3.1951e-06
3.1798e-06
3.1646e-06
3.1494e-06
3.1343e-06
3.1192e-06
3.1042e-06
3.0893e-06
3.0744e-06
3.0596e-06
3.0448e-06
3.0301e-06
3.0155e-06
3.0009e-06
2.9864e-06
2.9719e-06
2.9575e-06
2.9432e-06
2.9289e-06
2.9146e-06
2.9004e-06
2.8863e-06
2.8723e-06
2.8583e-06
2.8443e-06
2.8304e-06
2.8166e-06
2.8028e-06
2.7891e-06
2.7754e-06
2.7618e-06
2.7482e-06
2.7347e-06
2.7213e-06
2.7079e-06
2.6945e-06
2.6813e-06
2.668e-06
2.6549e-06
2.6417e-06
2.6287e-06
2.6157e-06
2.6027e-06
2.5898e-06
2.577e-06
2.5642e-06
2.5514e-06
2.5387e-06
2.5261e-06
2.5135e-06
2.501e-06
2.4885e-06
2.4761e-06
2.4637e-06
2.4514e-06
2.4391e-06
2.4269e-06
2.4147e-06
2.4026e-06
2.3905e-06
2.3785e-06
2.3665e-06
2.3546e-06
2.3428e-06
2.3309e-06
2.3192e-06
2.3075e-06
2.2958e-06
2.2842e-06
2.2726e-06
2.2611e-06
2.2496e-06
2.2382e-06
2.2268e-06
2.2155e-06
2.2043e-06
2.193e-06
2.1819e-06
2.1707e-06
2.1596e-06
2.1486e-06
2.1376e-06
2.1267e-06
2.1158e-06
2.105e-06
2.0942e-06
2.0834e-06
2.0727e-06
2.0621e-06
2.0515e-06
2.0409e-06
2.0304e-06
2.0199e-06
2.0095e-06
1.9991e-06
1.9888e-06
1.9785e-06
1.9682e-06
1.958e-06
1.9479e-06
1.9378e-06
1.9277e-06
1.9177e-06
1.9077e-06
1.8978e-06
1.8879e-06
1.8781e-06
1.8683e-06
1.8585e-06
1.8488e-06
1.8391e-06
1.8295e-06
1.8199e-06
1.8104e-06
1.8009e-06
1.7914e-06
1.782e-06
1.7727e-06
1.7633e-06
1.754e-06
1.7448e-06
1.7356e-06
1.7264e-06
1.7173e-06
1.7082e-06
1.6992e-06
1.6902e-06
1.6813e-06
1.6723e-06
1.6635e-06
1.6546e-06
1.6458e-06
1.6371e-06
1.6284e-06
1.6197e-06
1.6111e-06
1.6025e-06
1.5939e-06
1.5854e-06
1.5769e-06
1.5685e-06
1.5601e-06
1.5517e-06
1.5434e-06
1.5351e-06
1.5269e-06
1.5187e-06
1.5105e-06
1.5024e-06
1.4943e-06
1.4862e-06
1.4782e-06
1.4702e-06
1.4623e-06
1.4543e-06
1.4465e-06
1.4386e-06
1.4308e-06
1.4231e-06
1.4154e-06
1.4077e-06
1.4e-06
1.3924e-06
1.3848e-06
1.3773e-06
1.3698e-06
1.3623e-06
1.3549e-06
1.3474e-06
1.3401e-06
1.3327e-06
1.3254e-06
1.3182e-06
1.311e-06
1.3038e-06
1.2966e-06
1.2895e-06
1.2824e-06
1.2753e-06
1.2683e-06
1.2613e-06
1.2543e-06
1.2474e-06
1.2405e-06
1.2337e-06
1.2268e-06
1.22e-06
1.2133e-06
1.2065e-06
1.1998e-06
1.1932e-06
1.1866e-06
1.18e-06
1.1734e-06
1.1668e-06
1.1603e-06
1.1539e-06
1.1474e-06
1.141e-06
1.1346e-06
1.1283e-06
1.122e-06
1.1157e-06
1.1094e-06
1.1032e-06
1.097e-06
1.0909e-06
1.0847e-06
1.0786e-06
1.0725e-06
1.0665e-06
1.0605e-06
1.0545e-06
1.0485e-06
1.0426e-06
1.0367e-06
1.0309e-06
1.025e-06
1.0192e-06
1.0134e-06
1.0077e-06
1.002e-06
9.9626e-07
9.9059e-07
9.8495e-07
9.7934e-07
9.7376e-07
9.6821e-07
9.6268e-07
9.5718e-07
9.5171e-07
9.4627e-07
9.4085e-07
9.3546e-07
9.301e-07
9.2476e-07
9.1945e-07
9.1417e-07
9.0892e-07
9.0369e-07
8.9849e-07
8.9331e-07
8.8816e-07
8.8304e-07
8.7794e-07
8.7287e-07
8.6782e-07
8.628e-07
8.5781e-07
8.5284e-07
8.4789e-07
8.4297e-07
8.3808e-07
8.3321e-07
8.2837e-07
8.2355e-07
8.1875e-07
8.1398e-07
8.0924e-07
8.0452e-07
7.9982e-07
7.9515e-07
7.905e-07
7.8588e-07
7.8128e-07
7.767e-07
7.7215e-07
7.6762e-07
7.6311e-07
7.5863e-07
7.5417e-07
7.4973e-07
7.4532e-07
7.4093e-07
7.3656e-07
7.3222e-07
7.2789e-07
7.236e-07
7.1932e-07
7.1506e-07
7.1083e-07
7.0662e-07
7.0243e-07
6.9827e-07
6.9412e-07
6.9e-07
6.859e-07
6.8182e-07
6.7776e-07
6.7373e-07
6.6971e-07
6.6572e-07
6.6175e-07
6.5779e-07
6.5386e-07
6.4995e-07
6.4606e-07
6.422e-07
6.3835e-07
6.3452e-07
6.3071e-07
6.2693e-07
6.2316e-07
6.1941e-07
6.1569e-07
6.1198e-07
6.0829e-07
6.0463e-07
6.0098e-07
5.9735e-07
5.9374e-07
5.9015e-07
5.8659e-07
5.8303e-07
5.795e-07
5.7599e-07
5.725e-07
5.6902e-07
5.6557e-07
5.6213e-07
5.5871e-07
5.5531e-07
5.5193e-07
5.4857e-07
5.4522e-07
5.419e-07
5.3859e-07
5.353e-07
5.3203e-07
5.2877e-07
5.2554e-07
5.2232e-07
5.1911e-07
5.1593e-07
5.1276e-07
5.0961e-07
5.0648e-07
5.0337e-07
5.0027e-07
4.9719e-07
4.9413e-07
4.9108e-07
4.8805e-07
4.8504e-07
4.8204e-07
4.7906e-07
4.761e-07
4.7315e-07
4.7022e-07
4.673e-07
4.644e-07
4.6152e-07
4.5866e-07
4.5581e-07
4.5297e-07
4.5015e-07
4.4735e-07
4.4456e-07
4.4179e-07
4.3903e-07
4.3629e-07
4.3357e-07
4.3086e-07
4.2816e-07
4.2548e-07
4.2282e-07
4.2017e-07
4.1753e-07
4.1491e-07
4.1231e-07
4.0972e-07
4.0714e-07
4.0458e-07
4.0203e-07
3.995e-07
3.9698e-07
3.9448e-07
3.9199e-07
3.8951e-07
3.8705e-07
3.846e-07
3.8217e-07
3.7975e-07
3.7734e-07
3.7495e-07
3.7257e-07
3.702e-07
3.6785e-07
3.6551e-07
3.6319e-07
3.6088e-07
3.5858e-07
3.563e-07
3.5402e-07
3.5176e-07
3.4952e-07
3.4729e-07
3.4507e-07
3.4286e-07
3.4066e-07
3.3848e-07
3.3631e-07
3.3415e-07
3.3201e-07
3.2988e-07
3.2776e-07
3.2565e-07
3.2356e-07
3.2147e-07
3.194e-07
3.1734e-07
3.153e-07
3.1326e-07
3.1124e-07
3.0923e-07
3.0723e-07
3.0524e-07
3.0327e-07
3.013e-07
2.9935e-07
2.9741e-07
2.9548e-07
2.9356e-07
2.9165e-07
2.8975e-07
2.8787e-07
2.8599e-07
2.8413e-07
2.8228e-07
2.8044e-07
2.7861e-07
2.7679e-07
2.7498e-07
2.7318e-07
2.7139e-07
2.6962e-07
2.6785e-07
2.6609e-07
2.6435e-07
2.6261e-07
2.6089e-07
2.5918e-07
2.5747e-07
2.5578e-07
2.5409e-07
2.5242e-07
2.5076e-07
2.491e-07
2.4746e-07
2.4582e-07
2.442e-07
2.4259e-07
2.4098e-07
2.3939e-07
2.378e-07
2.3622e-07
2.3466e-07
2.331e-07
2.3155e-07
2.3001e-07
2.2848e-07
2.2696e-07
2.2545e-07
2.2395e-07
2.2246e-07
2.2098e-07
2.195e-07
2.1804e-07
2.1658e-07
2.1513e-07
2.1369e-07
2.1226e-07
2.1084e-07
2.0943e-07
2.0802e-07
2.0663e-07
2.0524e-07
2.0386e-07
2.0249e-07
2.0113e-07
1.9978e-07
1.9843e-07
1.971e-07
1.9577e-07
1.9445e-07
1.9313e-07
1.9183e-07
1.9053e-07
1.8925e-07
1.8797e-07
1.8669e-07
1.8543e-07
1.8417e-07
1.8292e-07
1.8168e-07
1.8045e-07
1.7922e-07
1.78e-07
1.7679e-07
1.7559e-07
1.7439e-07
1.7321e-07
1.7202e-07
1.7085e-07
1.6968e-07
1.6853e-07
1.6737e-07
1.6623e-07
1.6509e-07
1.6396e-07
1.6284e-07
1.6172e-07
1.6061e-07
1.5951e-07
1.5842e-07
1.5733e-07
1.5625e-07
1.5517e-07
1.541e-07
1.5304e-07
1.5199e-07
1.5094e-07
1.499e-07
1.4886e-07
1.4783e-07
1.4681e-07
1.458e-07
1.4479e-07
1.4379e-07
1.4279e-07
1.418e-07
1.4082e-07
1.3984e-07
1.3887e-07
1.379e-07
1.3694e-07
1.3599e-07
1.3505e-07
1.3411e-07
1.3317e-07
1.3224e-07
1.3132e-07
1.304e-07
1.2949e-07
1.2859e-07
1.2769e-07
1.268e-07
1.2591e-07
1.2503e-07
1.2415e-07
1.2328e-07
1.2241e-07
1.2155e-07
1.207e-07
1.1985e-07
1.1901e-07
1.1817e-07
1.1734e-07
1.1651e-07
1.1569e-07
1.1488e-07
1.1407e-07
1.1326e-07
1.1246e-07
1.1166e-07
1.1087e-07
1.1009e-07
1.0931e-07
1.0854e-07
1.0777e-07
1.07e-07
1.0624e-07
1.0549e-07
1.0474e-07
1.0399e-07
1.0325e-07
1.0252e-07
1.0179e-07
1.0106e-07
1.0034e-07
9.9627e-08
9.8916e-08
9.821e-08
9.7508e-08
9.6811e-08
9.6118e-08
9.543e-08
9.4746e-08
9.4067e-08
9.3393e-08
9.2723e-08
9.2057e-08
9.1396e-08
9.0739e-08
9.0087e-08
8.9439e-08
8.8795e-08
8.8155e-08
8.752e-08
8.6889e-08
8.6262e-08
8.5639e-08
8.5021e-08
8.4406e-08
8.3796e-08
8.319e-08
8.2587e-08
8.1989e-08
8.1395e-08
8.0805e-08
8.0218e-08
7.9636e-08
7.9058e-08
7.8483e-08
7.7912e-08
7.7346e-08
7.6783e-08
7.6223e-08
7.5668e-08
7.5116e-08
7.4568e-08
7.4024e-08
7.3483e-08
7.2946e-08
7.2413e-08
7.1883e-08
7.1357e-08
7.0834e-08
7.0315e-08
6.9799e-08
6.9287e-08
6.8779e-08
6.8273e-08
6.7772e-08
6.7273e-08
6.6779e-08
6.6287e-08
6.5799e-08
6.5314e-08
6.4832e-08
6.4354e-08
6.3879e-08
6.3407e-08
6.2939e-08
6.2474e-08
6.2012e-08
6.1553e-08
6.1097e-08
6.0644e-08
6.0195e-08
5.9748e-08
5.9305e-08
5.8864e-08
5.8427e-08
5.7993e-08
5.7561e-08
5.7133e-08
5.6708e-08
5.6285e-08
5.5866e-08
5.5449e-08
5.5035e-08
5.4624e-08
5.4216e-08
5.3811e-08
5.3409e-08
5.3009e-08
5.2612e-08
5.2218e-08
5.1827e-08
5.1438e-08
5.1052e-08
5.0669e-08
5.0289e-08
4.9911e-08
4.9535e-08
4.9163e-08
4.8793e-08
4.8425e-08
4.806e-08
4.7698e-08
4.7338e-08
4.6981e-08
4.6626e-08
4.6274e-08
4.5924e-08
4.5577e-08
4.5232e-08
4.489e-08
4.455e-08
4.4212e-08
4.3877e-08
4.3544e-08
4.3213e-08
4.2885e-08
4.2559e-08
4.2236e-08
4.1914e-08
4.1595e-08
4.1278e-08
4.0964e-08
4.0652e-08
4.0342e-08
4.0034e-08
3.9728e-08
3.9424e-08
3.9123e-08
3.8824e-08
3.8527e-08
3.8232e-08
3.7939e-08
3.7648e-08
3.736e-08
3.7073e-08
3.6788e-08
3.6506e-08
3.6225e-08
3.5947e-08
3.567e-08
3.5396e-08
3.5123e-08
3.4853e-08
3.4584e-08
3.4317e-08
3.4052e-08
3.3789e-08
3.3528e-08
3.3269e-08
3.3012e-08
3.2757e-08
3.2503e-08
3.2251e-08
3.2001e-08
3.1753e-08
3.1507e-08
3.1262e-08
3.102e-08
3.0779e-08
3.0539e-08
3.0302e-08
3.0066e-08
2.9832e-08
2.96e-08
2.9369e-08
2.914e-08
2.8913e-08
2.8687e-08
2.8463e-08
2.824e-08
2.802e-08
2.7801e-08
2.7583e-08
2.7367e-08
2.7153e-08
2.694e-08
2.6728e-08
2.6519e-08
2.6311e-08
2.6104e-08
2.5899e-08
2.5695e-08
2.5493e-08
2.5292e-08
2.5093e-08
2.4896e-08
2.4699e-08
2.4505e-08
2.4311e-08
2.4119e-08
2.3929e-08
2.374e-08
2.3552e-08
2.3366e-08
2.3181e-08
2.2997e-08
2.2815e-08
2.2634e-08
2.2455e-08
2.2276e-08
2.2099e-08
2.1924e-08
2.175e-08
2.1577e-08
2.1405e-08
2.1235e-08
2.1066e-08
2.0898e-08
2.0731e-08
2.0566e-08
2.0402e-08
2.0239e-08
2.0077e-08
1.9917e-08
1.9758e-08
1.9599e-08
1.9443e-08
1.9287e-08
1.9132e-08
1.8979e-08
1.8827e-08
1.8676e-08
1.8526e-08
1.8377e-08
1.8229e-08
1.8083e-08
1.7937e-08
1.7793e-08
1.765e-08
1.7507e-08
1.7366e-08
1.7226e-08
1.7087e-08
1.6949e-08
1.6812e-08
1.6677e-08
1.6542e-08
1.6408e-08
1.6275e-08
1.6143e-08
1.6013e-08
1.5883e-08
1.5754e-08
1.5626e-08
1.5499e-08
1.5373e-08
1.5249e-08
1.5125e-08
1.5002e-08
1.488e-08
1.4758e-08
1.4638e-08
1.4519e-08
1.44e-08
1.4283e-08
1.4166e-08
1.4051e-08
1.3936e-08
1.3822e-08
1.3709e-08
1.3597e-08
1.3486e-08
1.3375e-08
1.3266e-08
1.3157e-08
1.3049e-08
1.2942e-08
1.2836e-08
1.273e-08
1.2625e-08
1.2522e-08
1.2419e-08
1.2316e-08
1.2215e-08
1.2114e-08
1.2015e-08
1.1915e-08
1.1817e-08
1.172e-08
1.1623e-08
1.1527e-08
1.1431e-08
1.1337e-08
1.1243e-08
1.115e-08
1.1058e-08
1.0966e-08
1.0875e-08
1.0785e-08
1.0695e-08
1.0607e-08
1.0519e-08
1.0431e-08
1.0344e-08
1.0258e-08
1.0173e-08
1.0088e-08
1.0004e-08
9.9208e-09
9.838e-09
9.7559e-09
9.6745e-09
9.5937e-09
9.5135e-09
9.434e-09
9.3551e-09
9.2768e-09
9.1992e-09
9.1221e-09
9.0457e-09
8.9698e-09
8.8946e-09
8.8199e-09
8.7459e-09
8.6724e-09
8.5995e-09
8.5272e-09
8.4555e-09
8.3843e-09
8.3137e-09
8.2437e-09
8.1742e-09
8.1053e-09
8.0369e-09
7.9691e-09
7.9018e-09
7.835e-09
7.7688e-09
7.7031e-09
7.6379e-09
7.5732e-09
7.5091e-09
7.4455e-09
7.3824e-09
7.3198e-09
7.2577e-09
7.196e-09
7.1349e-09
7.0743e-09
7.0142e-09
6.9545e-09
6.8953e-09
6.8366e-09
6.7784e-09
6.7206e-09
6.6633e-09
6.6065e-09
6.5501e-09
6.4942e-09
6.4387e-09
6.3837e-09
6.3291e-09
6.275e-09
6.2213e-09
6.168e-09
6.1152e-09
6.0628e-09
6.0108e-09
5.9592e-09
5.9081e-09
5.8574e-09
5.807e-09
5.7571e-09
5.7076e-09
5.6585e-09
5.6098e-09
5.5615e-09
5.5136e-09
5.4661e-09
5.419e-09
5.3722e-09
5.3259e-09
5.2799e-09
5.2343e-09
5.189e-09
5.1442e-09
5.0997e-09
5.0555e-09
5.0117e-09
4.9683e-09
4.9253e-09
4.8826e-09
4.8402e-09
4.7982e-09
4.7565e-09
4.7152e-09
4.6742e-09
4.6336e-09
4.5933e-09
4.5533e-09
4.5136e-09
4.4743e-09
4.4353e-09
4.3967e-09
4.3583e-09
4.3203e-09
4.2825e-09
4.2451e-09
4.208e-09
4.1712e-09
4.1347e-09
4.0986e-09
4.0627e-09
4.0271e-09
3.9918e-09
3.9568e-09
3.9221e-09
3.8877e-09
3.8535e-09
3.8197e-09
3.7861e-09
3.7528e-09
3.7198e-09
3.6871e-09
3.6546e-09
3.6224e-09
3.5905e-09
3.5588e-09
3.5274e-09
3.4963e-09
3.4655e-09
3.4348e-09
3.4045e-09
3.3744e-09
3.3445e-09
3.315e-09
3.2856e-09
3.2565e-09
3.2276e-09
3.199e-09
3.1707e-09
3.1425e-09
3.1146e-09
3.087e-09
3.0595e-09
3.0323e-09
3.0054e-09
2.9786e-09
2.9521e-09
2.9258e-09
2.8998e-09
2.8739e-09
2.8483e-09
2.8229e-09
2.7977e-09
2.7727e-09
2.7479e-09
2.7234e-09
2.699e-09
2.6749e-09
2.6509e-09
2.6272e-09
2.6037e-09
2.5803e-09
2.5572e-09
2.5343e-09
2.5115e-09
2.489e-09
2.4666e-09
2.4444e-09
2.4225e-09
2.4007e-09
2.3791e-09
2.3577e-09
2.3364e-09
2.3154e-09
2.2945e-09
2.2738e-09
2.2533e-09
2.233e-09
2.2128e-09
2.1928e-09
2.173e-09
2.1533e-09
2.1338e-09
2.1145e-09
2.0954e-09
2.0764e-09
2.0576e-09
2.0389e-09
2.0204e-09
2.0021e-09
1.9839e-09
1.9659e-09
1.948e-09
1.9303e-09
1.9128e-09
1.8954e-09
1.8781e-09
1.861e-09
1.844e-09
1.8272e-09
1.8106e-09
1.7941e-09
1.7777e-09
1.7614e-09
1.7454e-09
1.7294e-09
1.7136e-09
1.6979e-09
1.6824e-09
1.667e-09
1.6517e-09
1.6366e-09
1.6216e-09
1.6067e-09
1.5919e-09
1.5773e-09
1.5628e-09
1.5485e-09
1.5342e-09
1.5201e-09
1.5062e-09
1.4923e-09
1.4785e-09
1.4649e-09
1.4514e-09
1.438e-09
1.4248e-09
1.4116e-09
1.3986e-09
1.3857e-09
1.3729e-09
1.3602e-09
1.3476e-09
1.3351e-09
1.3228e-09
1.3105e-09
1.2984e-09
1.2863e-09
1.2744e-09
1.2626e-09
1.2509e-09
1.2393e-09
1.2277e-09
1.2163e-09
1.205e-09
1.1938e-09
1.1827e-09
1.1717e-09
1.1608e-09
1.15e-09
1.1393e-09
1.1286e-09
1.1181e-09
1.1077e-09
1.0973e-09
1.0871e-09
1.0769e-09
1.0668e-09
1.0569e-09
1.047e-09
1.0372e-09
1.0275e-09
1.0178e-09
1.0083e-09
9.9883e-10
9.8946e-10
9.8017e-10
9.7097e-10
9.6185e-10
9.5281e-10
9.4385e-10
9.3497e-10
9.2617e-10
9.1745e-10
9.0881e-10
9.0025e-10
8.9176e-10
8.8335e-10
8.7502e-10
8.6676e-10
8.5858e-10
8.5046e-10
8.4243e-10
8.3446e-10
8.2657e-10
8.1875e-10
8.11e-10
8.0331e-10
7.957e-10
7.8816e-10
7.8069e-10
7.7328e-10
7.6594e-10
7.5867e-10
7.5146e-10
7.4432e-10
7.3724e-10
7.3023e-10
7.2328e-10
7.164e-10
7.0957e-10
7.0281e-10
6.9612e-10
6.8948e-10
6.829e-10
6.7638e-10
6.6992e-10
6.6353e-10
6.5719e-10
6.509e-10
6.4468e-10
6.3851e-10
6.324e-10
6.2634e-10
6.2034e-10
6.144e-10
6.0851e-10
6.0267e-10
5.9688e-10
5.9115e-10
5.8548e-10
5.7985e-10
5.7428e-10
5.6876e-10
5.6328e-10
5.5786e-10
5.5249e-10
5.4717e-10
5.419e-10
5.3667e-10
5.315e-10
5.2637e-10
5.2129e-10
5.1625e-10
5.1127e-10
5.0632e-10
5.0143e-10
4.9658e-10
4.9177e-10
4.8701e-10
4.823e-10
4.7762e-10
4.7299e-10
4.6841e-10
4.6386e-10
4.5936e-10
4.549e-10
4.5048e-10
4.461e-10
4.4177e-10
4.3747e-10
4.3321e-10
4.29e-10
4.2482e-10
4.2068e-10
4.1658e-10
4.1252e-10
4.085e-10
4.0451e-10
4.0056e-10
3.9665e-10
3.9278e-10
3.8894e-10
3.8513e-10
3.8137e-10
3.7763e-10
3.7394e-10
3.7027e-10
3.6665e-10
3.6305e-10
3.5949e-10
3.5597e-10
3.5247e-10
3.4901e-10
3.4558e-10
3.4219e-10
3.3882e-10
3.3549e-10
3.3219e-10
3.2892e-10
3.2568e-10
3.2247e-10
3.193e-10
3.1615e-10
3.1303e-10
3.0994e-10
3.0688e-10
3.0385e-10
3.0085e-10
2.9788e-10
2.9493e-10
2.9202e-10
2.8913e-10
2.8626e-10
2.8343e-10
2.8062e-10
2.7784e-10
2.7509e-10
2.7236e-10
2.6965e-10
2.6698e-10
2.6433e-10
2.617e-10
2.591e-10
2.5652e-10
2.5397e-10
2.5144e-10
2.4894e-10
2.4646e-10
2.44e-10
2.4157e-10
2.3916e-10
2.3678e-10
2.3441e-10
2.3207e-10
2.2976e-10
2.2746e-10
2.2519e-10
2.2294e-10
2.207e-10
2.185e-10
2.1631e-10
2.1414e-10
2.12e-10
2.0987e-10
2.0777e-10
2.0568e-10
2.0362e-10
2.0157e-10
1.9955e-10
1.9754e-10
1.9556e-10
1.9359e-10
1.9164e-10
1.8971e-10
1.878e-10
1.8591e-10
1.8404e-10
1.8218e-10
1.8035e-10
1.7853e-10
1.7673e-10
1.7494e-10
1.7317e-10
1.7142e-10
1.6969e-10
1.6798e-10
1.6628e-10
1.6459e-10
1.6293e-10
1.6128e-10
1.5964e-10
1.5802e-10
1.5642e-10
1.5483e-10
1.5326e-10
1.5171e-10
1.5017e-10
1.4864e-10
1.4713e-10
1.4563e-10
1.4415e-10
1.4268e-10
1.4123e-10
1.3979e-10
1.3837e-10
1.3696e-10
1.3556e-10
1.3418e-10
1.3281e-10
1.3145e-10
1.3011e-10
1.2878e-10
1.2746e-10
1.2616e-10
1.2487e-10
1.2359e-10
1.2233e-10
1.2107e-10
1.1983e-10
1.1861e-10
1.1739e-10
1.1619e-10
1.1499e-10
1.1381e-10
1.1264e-10
1.1149e-10
1.1034e-10
1.0921e-10
1.0808e-10
1.0697e-10
1.0587e-10
1.0478e-10
1.037e-10
1.0263e-10
1.0157e-10
1.0052e-10
9.9487e-11
9.846e-11
9.7443e-11
9.6437e-11
9.544e-11
9.4453e-11
9.3476e-11
9.2509e-11
9.1551e-11
9.0603e-11
8.9665e-11
8.8736e-11
8.7816e-11
8.6905e-11
8.6003e-11
8.5111e-11
8.4227e-11
8.3352e-11
8.2486e-11
8.1628e-11
8.078e-11
7.9939e-11
7.9107e-11
7.8284e-11
7.7468e-11
7.6661e-11
7.5862e-11
7.5071e-11
7.4288e-11
7.3512e-11
7.2745e-11
7.1985e-11
7.1233e-11
7.0489e-11
6.9752e-11
6.9022e-11
6.83e-11
6.7585e-11
6.6877e-11
6.6176e-11
6.5483e-11
6.4796e-11
6.4117e-11
6.3444e-11
6.2778e-11
6.2119e-11
6.1466e-11
6.0821e-11
6.0181e-11
5.9548e-11
5.8922e-11
5.8302e-11
5.7688e-11
5.708e-11
5.6479e-11
5.5883e-11
5.5294e-11
5.4711e-11
5.4134e-11
5.3562e-11
5.2996e-11
5.2437e-11
5.1882e-11
5.1334e-11
5.0791e-11
5.0253e-11
4.9721e-11
4.9195e-11
4.8674e-11
4.8158e-11
4.7648e-11
4.7142e-11
4.6642e-11
4.6147e-11
4.5657e-11
4.5172e-11
4.4692e-11
4.4217e-11
4.3747e-11
4.3282e-11
4.2821e-11
4.2365e-11
4.1914e-11
4.1467e-11
4.1025e-11
4.0588e-11
4.0155e-11
3.9727e-11
3.9303e-11
3.8883e-11
3.8468e-11
3.8057e-11
3.765e-11
3.7247e-11
3.6849e-11
3.6454e-11
3.6064e-11
3.5678e-11
3.5296e-11
3.4917e-11
3.4543e-11
3.4172e-11
3.3806e-11
3.3443e-11
3.3084e-11
3.2728e-11
3.2377e-11
3.2029e-11
3.1684e-11
3.1343e-11
3.1006e-11
3.0672e-11
3.0342e-11
3.0015e-11
2.9691e-11
2.9371e-11
2.9054e-11
2.8741e-11
2.8431e-11
2.8123e-11
2.782e-11
2.7519e-11
2.7222e-11
2.6927e-11
2.6636e-11
2.6348e-11
2.6062e-11
2.578e-11
2.5501e-11
2.5224e-11
2.4951e-11
2.468e-11
2.4412e-11
2.4147e-11
2.3885e-11
2.3626e-11
2.3369e-11
2.3115e-11
2.2863e-11
2.2615e-11
2.2369e-11
2.2125e-11
2.1884e-11
2.1646e-11
2.141e-11
2.1176e-11
2.0945e-11
2.0717e-11
2.0491e-11
2.0267e-11
2.0045e-11
1.9826e-11
1.961e-11
1.9395e-11
1.9183e-11
1.8973e-11
1.8765e-11
1.856e-11
1.8356e-11
1.8155e-11
1.7956e-11
1.7759e-11
1.7564e-11
1.7372e-11
1.7181e-11
1.6992e-11
1.6805e-11
1.6621e-11
1.6438e-11
1.6257e-11
1.6078e-11
1.5901e-11
1.5726e-11
1.5553e-11
1.5381e-11
1.5212e-11
1.5044e-11
1.4878e-11
1.4714e-11
1.4551e-11
1.4391e-11
1.4232e-11
1.4074e-11
1.3919e-11
1.3765e-11
1.3613e-11
1.3462e-11
1.3313e-11
1.3165e-11
1.3019e-11
1.2875e-11
1.2732e-11
1.2591e-11
1.2451e-11
1.2313e-11
1.2176e-11
1.2041e-11
1.1907e-11
1.1775e-11
1.1644e-11
1.1514e-11
1.1386e-11
1.126e-11
1.1134e-11
1.101e-11
1.0887e-11
1.0766e-11
1.0646e-11
1.0527e-11
1.041e-11
1.0293e-11
1.0178e-11
1.0065e-11
9.9522e-12
9.8409e-12
9.7308e-12
9.6219e-12
9.5142e-12
9.4077e-12
9.3023e-12
9.198e-12
9.0949e-12
8.9929e-12
8.8921e-12
8.7923e-12
8.6936e-12
8.5959e-12
8.4994e-12
8.4038e-12
8.3094e-12
8.2159e-12
8.1235e-12
8.0321e-12
7.9416e-12
7.8522e-12
7.7637e-12
7.6762e-12
7.5897e-12
7.5041e-12
7.4194e-12
7.3357e-12
7.2528e-12
7.1709e-12
7.0899e-12
7.0098e-12
6.9305e-12
6.8521e-12
6.7746e-12
6.6979e-12
6.6221e-12
6.547e-12
6.4729e-12
6.3995e-12
6.3269e-12
6.2552e-12
6.1842e-12
6.114e-12
6.0446e-12
5.9759e-12
5.908e-12
5.8408e-12
5.7744e-12
5.7087e-12
5.6438e-12
5.5795e-12
5.516e-12
5.4531e-12
5.391e-12
5.3296e-12
5.2688e-12
5.2087e-12
5.1492e-12
5.0904e-12
5.0323e-12
4.9748e-12
4.918e-12
4.8618e-12
4.8062e-12
4.7512e-12
4.6968e-12
4.643e-12
4.5899e-12
4.5373e-12
4.4853e-12
4.4339e-12
4.383e-12
4.3327e-12
4.283e-12
4.2338e-12
4.1852e-12
4.1371e-12
4.0896e-12
4.0426e-12
3.9961e-12
3.9501e-12
3.9047e-12
3.8597e-12
3.8153e-12
3.7713e-12
3.7278e-12
3.6849e-12
3.6424e-12
3.6003e-12
3.5588e-12
3.5177e-12
3.4771e-12
3.4369e-12
3.3972e-12
3.3579e-12
3.3191e-12
3.2807e-12
3.2427e-12
3.2052e-12
3.1681e-12
3.1314e-12
3.0951e-12
3.0592e-12
3.0237e-12
2.9886e-12
2.9539e-12
2.9197e-12
2.8857e-12
2.8522e-12
2.8191e-12
2.7863e-12
2.7539e-12
2.7219e-12
2.6902e-12
2.6589e-12
2.6279e-12
2.5973e-12
2.567e-12
2.5371e-12
2.5075e-12
2.4783e-12
2.4493e-12
2.4208e-12
2.3925e-12
2.3645e-12
2.3369e-12
2.3096e-12
2.2826e-12
2.2559e-12
2.2295e-12
2.2034e-12
2.1776e-12
2.1521e-12
2.1269e-12
2.1019e-12
2.0773e-12
2.0529e-12
2.0288e-12
2.005e-12
1.9815e-12
1.9582e-12
1.9352e-12
1.9124e-12
1.8899e-12
1.8677e-12
1.8457e-12
1.824e-12
1.8025e-12
1.7813e-12
1.7603e-12
1.7396e-12
1.7191e-12
1.6988e-12
1.6787e-12
1.6589e-12
1.6393e-12
1.62e-12
1.6008e-12
1.5819e-12
1.5632e-12
1.5447e-12
1.5265e-12
1.5084e-12
1.4905e-12
1.4729e-12
1.4554e-12
1.4382e-12
1.4211e-12
1.4043e-12
1.3876e-12
1.3712e-12
1.3549e-12
1.3388e-12
1.3229e-12
1.3072e-12
1.2916e-12
1.2763e-12
1.2611e-12
1.2461e-12
1.2312e-12
1.2166e-12
1.2021e-12
1.1878e-12
1.1736e-12
1.1596e-12
1.1458e-12
1.1321e-12
1.1186e-12
1.1052e-12
1.092e-12
1.079e-12
1.0661e-12
1.0534e-12
1.0408e-12
1.0283e-12
1.016e-12
1.0038e-12
9.9182e-13
9.7994e-13
9.6819e-13
9.5659e-13
9.4511e-13
9.3378e-13
9.2257e-13
9.115e-13
9.0055e-13
8.8973e-13
8.7904e-13
8.6848e-13
8.5803e-13
8.4771e-13
8.3751e-13
8.2743e-13
8.1747e-13
8.0762e-13
7.9789e-13
7.8828e-13
7.7877e-13
7.6938e-13
7.601e-13
7.5093e-13
7.4186e-13
7.329e-13
7.2405e-13
7.153e-13
7.0665e-13
6.9811e-13
6.8966e-13
6.8132e-13
6.7307e-13
6.6492e-13
6.5686e-13
6.489e-13
6.4104e-13
6.3327e-13
6.2559e-13
6.18e-13
6.105e-13
6.0308e-13
5.9576e-13
5.8852e-13
5.8137e-13
5.743e-13
5.6732e-13
5.6042e-13
5.536e-13
5.4686e-13
5.402e-13
5.3362e-13
5.2711e-13
5.2069e-13
5.1434e-13
5.0807e-13
5.0187e-13
4.9574e-13
4.8969e-13
4.8371e-13
4.778e-13
4.7196e-13
4.6619e-13
4.6049e-13
4.5485e-13
4.4929e-13
4.4379e-13
4.3835e-13
4.3298e-13
4.2768e-13
4.2244e-13
4.1726e-13
4.1214e-13
4.0708e-13
4.0209e-13
3.9715e-13
3.9227e-13
3.8745e-13
3.8269e-13
3.7798e-13
3.7334e-13
3.6874e-13
3.6421e-13
3.5972e-13
3.5529e-13
3.5092e-13
3.4659e-13
3.4232e-13
3.381e-13
3.3393e-13
3.2981e-13
3.2574e-13
3.2172e-13
3.1774e-13
3.1382e-13
3.0994e-13
3.0611e-13
3.0232e-13
2.9858e-13
2.9489e-13
2.9124e-13
2.8763e-13
2.8407e-13
2.8055e-13
2.7707e-13
2.7364e-13
2.7024e-13
2.6689e-13
2.6358e-13
2.603e-13
2.5707e-13
2.5388e-13
2.5072e-13
2.4761e-13
2.4453e-13
2.4149e-13
2.3848e-13
2.3551e-13
2.3258e-13
2.2968e-13
2.2682e-13
2.2399e-13
2.212e-13
2.1844e-13
2.1572e-13
2.1303e-13
2.1037e-13
2.0774e-13
2.0515e-13
2.0258e-13
2.0005e-13
1.9755e-13
1.9508e-13
1.9264e-13
1.9023e-13
1.8784e-13
1.8549e-13
1.8317e-13
1.8087e-13
1.7861e-13
1.7637e-13
1.7415e-13
1.7197e-13
1.6981e-13
1.6768e-13
1.6557e-13
1.6349e-13
1.6144e-13
1.5941e-13
1.574e-13
1.5542e-13
1.5347e-13
1.5153e-13
1.4963e-13
1.4774e-13
1.4588e-13
1.4404e-13
1.4223e-13
1.4043e-13
1.3866e-13
1.3691e-13
1.3518e-13
1.3347e-13
1.3179e-13
1.3012e-13
1.2848e-13
1.2685e-13
1.2525e-13
1.2366e-13
1.221e-13
1.2055e-13
1.1903e-13
1.1752e-13
1.1603e-13
1.1456e-13
1.1311e-13
1.1167e-13
1.1025e-13
1.0886e-13
1.0747e-13
1.0611e-13
1.0476e-13
1.0343e-13
1.0211e-13
1.0082e-13
9.9533e-14
9.8266e-14
9.7015e-14
9.578e-14
9.456e-14
9.3355e-14
9.2166e-14
9.0991e-14
8.983e-14
8.8684e-14
8.7552e-14
8.6435e-14
8.5331e-14
8.4241e-14
8.3165e-14
8.2102e-14
8.1052e-14
8.0016e-14
7.8992e-14
7.7981e-14
7.6983e-14
7.5997e-14
7.5024e-14
7.4062e-14
7.3113e-14
7.2176e-14
7.125e-14
7.0336e-14
6.9433e-14
6.8542e-14
6.7662e-14
6.6792e-14
6.5934e-14
6.5087e-14
6.425e-14
6.3423e-14
6.2607e-14
6.1802e-14
6.1006e-14
6.022e-14
5.9445e-14
5.8679e-14
5.7922e-14
5.7176e-14
5.6438e-14
5.571e-14
5.4991e-14
5.4281e-14
5.358e-14
5.2888e-14
5.2204e-14
5.153e-14
5.0863e-14
5.0205e-14
4.9556e-14
4.8915e-14
4.8281e-14
4.7656e-14
4.7039e-14
4.6429e-14
4.5827e-14
4.5233e-14
4.4646e-14
4.4067e-14
4.3495e-14
4.2931e-14
4.2373e-14
4.1823e-14
4.1279e-14
4.0743e-14
4.0213e-14
3.969e-14
3.9173e-14
3.8664e-14
3.816e-14
3.7663e-14
3.7173e-14
3.6688e-14
3.621e-14
3.5738e-14
3.5272e-14
3.4812e-14
3.4357e-14
3.3909e-14
3.3466e-14
3.3029e-14
3.2597e-14
3.2171e-14
3.175e-14
3.1335e-14
3.0925e-14
3.0521e-14
3.0121e-14
2.9727e-14
2.9337e-14
2.8953e-14
2.8573e-14
2.8199e-14
2.7829e-14
2.7464e-14
2.7103e-14
2.6747e-14
2.6396e-14
2.605e-14
2.5707e-14
2.5369e-14
2.5036e-14
2.4707e-14
2.4382e-14
2.4061e-14
2.3744e-14
2.3431e-14
2.3123e-14
2.2818e-14
2.2517e-14
2.222e-14
2.1927e-14
2.1638e-14
2.1353e-14
2.1071e-14
2.0793e-14
2.0518e-14
2.0247e-14
1.9979e-14
1.9715e-14
1.9454e-14
1.9197e-14
1.8943e-14
1.8692e-14
1.8445e-14
1.8201e-14
1.7959e-14
1.7721e-14
1.7487e-14
1.7255e-14
1.7026e-14
1.68e-14
1.6577e-14
1.6357e-14
1.614e-14
1.5925e-14
1.5714e-14
1.5505e-14
1.5299e-14
1.5095e-14
1.4894e-14
1.4696e-14
1.45e-14
1.4307e-14
1.4117e-14
1.3929e-14
1.3743e-14
1.356e-14
1.3379e-14
1.32e-14
1.3024e-14
1.285e-14
1.2679e-14
1.251e-14
1.2342e-14
1.2177e-14
1.2015e-14
1.1854e-14
1.1695e-14
1.1539e-14
1.1384e-14
1.1232e-14
1.1082e-14
1.0933e-14
1.0787e-14
1.0642e-14
1.0499e-14
1.0358e-14
1.022e-14
1.0082e-14
9.947e-15
9.8134e-15
9.6816e-15
9.5515e-15
9.4231e-15
9.2964e-15
9.1714e-15
9.048e-15
8.9263e-15
8.8061e-15
8.6875e-15
8.5705e-15
8.455e-15
8.3411e-15
8.2286e-15
8.1177e-15
8.0082e-15
7.9001e-15
7.7935e-15
7.6883e-15
7.5844e-15
7.482e-15
7.3809e-15
7.2811e-15
7.1826e-15
7.0855e-15
6.9896e-15
6.895e-15
6.8017e-15
6.7096e-15
6.6187e-15
6.529e-15
6.4405e-15
6.3532e-15
6.267e-15
6.182e-15
6.0981e-15
6.0154e-15
5.9337e-15
5.8531e-15
5.7736e-15
5.6951e-15
5.6177e-15
5.5413e-15
5.4659e-15
5.3916e-15
5.3182e-15
5.2458e-15
5.1743e-15
5.1038e-15
5.0343e-15
4.9657e-15
4.898e-15
4.8312e-15
4.7653e-15
4.7002e-15
4.6361e-15
4.5728e-15
4.5103e-15
4.4487e-15
4.3879e-15
4.3279e-15
4.2687e-15
4.2104e-15
4.1527e-15
4.0959e-15
4.0398e-15
3.9845e-15
3.9299e-15
3.8761e-15
3.8229e-15
3.7705e-15
3.7188e-15
3.6678e-15
3.6175e-15
3.5678e-15
3.5188e-15
3.4705e-15
3.4228e-15
3.3758e-15
3.3294e-15
3.2836e-15
3.2384e-15
3.1939e-15
3.1499e-15
3.1065e-15
3.0638e-15
3.0216e-15
2.9799e-15
2.9389e-15
2.8983e-15
2.8584e-15
2.8189e-15
2.78e-15
2.7417e-15
2.7038e-15
2.6665e-15
2.6296e-15
2.5933e-15
2.5574e-15
2.5221e-15
2.4872e-15
2.4528e-15
2.4188e-15
2.3854e-15
2.3523e-15
2.3197e-15
2.2876e-15
2.2559e-15
2.2246e-15
2.1938e-15
2.1633e-15
2.1333e-15
2.1037e-15
2.0745e-15
2.0457e-15
2.0173e-15
1.9893e-15
1.9616e-15
1.9343e-15
1.9074e-15
1.8809e-15
1.8547e-15
1.8289e-15
1.8034e-15
1.7783e-15
1.7535e-15
1.7291e-15
1.705e-15
1.6812e-15
1.6578e-15
1.6346e-15
1.6118e-15
1.5893e-15
1.5671e-15
1.5453e-15
1.5237e-15
1.5024e-15
1.4814e-15
1.4606e-15
1.4402e-15
1.4201e-15
1.4002e-15
1.3806e-15
1.3613e-15
1.3422e-15
1.3234e-15
1.3048e-15
1.2865e-15
1.2685e-15
1.2507e-15
1.2331e-15
1.2158e-15
1.1988e-15
1.1819e-15
1.1653e-15
1.149e-15
1.1328e-15
1.1169e-15
1.1012e-15
1.0857e-15
1.0704e-15
1.0553e-15
1.0405e-15
1.0258e-15
1.0114e-15
9.9711e-16
9.8305e-16
9.6919e-16
9.5552e-16
9.4204e-16
9.2875e-16
9.1564e-16
9.0271e-16
8.8996e-16
8.7738e-16
8.6498e-16
8.5275e-16
8.4069e-16
8.288e-16
8.1708e-16
8.0551e-16
7.9411e-16
7.8286e-16
7.7177e-16
7.6084e-16
7.5006e-16
7.3942e-16
7.2894e-16
7.186e-16
7.084e-16
6.9835e-16
6.8843e-16
6.7866e-16
6.6901e-16
6.5951e-16
6.5014e-16
6.4089e-16
6.3178e-16
6.2279e-16
6.1393e-16
6.0519e-16
5.9657e-16
5.8808e-16
5.797e-16
5.7144e-16
5.633e-16
5.5526e-16
5.4735e-16
5.3954e-16
5.3184e-16
5.2425e-16
5.1676e-16
5.0938e-16
5.0211e-16
4.9493e-16
4.8786e-16
4.8088e-16
4.74e-16
4.6722e-16
4.6054e-16
4.5395e-16
4.4745e-16
4.4104e-16
4.3472e-16
4.2849e-16
4.2235e-16
4.1629e-16
4.1032e-16
4.0444e-16
3.9863e-16
3.9291e-16
3.8727e-16
3.8171e-16
3.7622e-16
3.7082e-16
3.6549e-16
3.6023e-16
3.5505e-16
3.4994e-16
3.4491e-16
3.3994e-16
3.3505e-16
3.3022e-16
3.2547e-16
3.2078e-16
3.1615e-16
3.1159e-16
3.071e-16
3.0267e-16
2.983e-16
2.94e-16
2.8975e-16
2.8557e-16
2.8144e-16
2.7737e-16
2.7337e-16
2.6941e-16
2.6552e-16
2.6168e-16
2.5789e-16
2.5416e-16
2.5048e-16
2.4685e-16
2.4327e-16
2.3975e-16
2.3627e-16
2.3285e-16
2.2947e-16
2.2614e-16
2.2286e-16
2.1963e-16
2.1644e-16
2.1329e-16
2.102e-16
2.0714e-16
2.0413e-16
2.0116e-16
1.9824e-16
1.9535e-16
1.9251e-16
1.8971e-16
1.8695e-16
1.8422e-16
1.8154e-16
1.789e-16
1.7629e-16
1.7372e-16
1.7118e-16
1.6869e-16
1.6623e-16
1.638e-16
1.6141e-16
1.5905e-16
1.5673e-16
1.5444e-16
1.5218e-16
1.4996e-16
1.4776e-16
1.456e-16
1.4347e-16
1.4137e-16
1.393e-16
1.3726e-16
1.3525e-16
1.3327e-16
1.3132e-16
1.2939e-16
1.275e-16
1.2563e-16
1.2378e-16
1.2197e-16
1.2018e-16
1.1841e-16
1.1667e-16
1.1496e-16
1.1327e-16
1.116e-16
1.0996e-16
1.0835e-16
1.0675e-16
1.0518e-16
1.0363e-16
1.0211e-16
1.006e-16
9.9121e-17
9.766e-17
9.6221e-17
9.4802e-17
9.3404e-17
9.2026e-17
9.0668e-17
8.933e-17
8.8011e-17
8.6711e-17
8.543e-17
8.4168e-17
8.2924e-17
8.1698e-17
8.049e-17
7.93e-17
7.8126e-17
7.697e-17
7.5831e-17
7.4708e-17
7.3601e-17
7.2511e-17
7.1436e-17
7.0377e-17
6.9334e-17
6.8305e-17
6.7292e-17
6.6293e-17
6.5309e-17
6.4339e-17
6.3384e-17
6.2442e-17
6.1514e-17
6.06e-17
5.9699e-17
5.8811e-17
5.7936e-17
5.7074e-17
5.6225e-17
5.5388e-17
5.4563e-17
5.375e-17
5.2949e-17
5.216e-17
5.1382e-17
5.0616e-17
4.9861e-17
4.9117e-17
4.8384e-17
4.7662e-17
4.695e-17
4.6249e-17
4.5558e-17
4.4877e-17
4.4206e-17
4.3545e-17
4.2894e-17
4.2252e-17
4.162e-17
4.0997e-17
4.0383e-17
3.9778e-17
3.9182e-17
3.8595e-17
3.8017e-17
3.7447e-17
3.6885e-17
3.6332e-17
3.5787e-17
3.525e-17
3.472e-17
3.4199e-17
3.3685e-17
3.3179e-17
3.2681e-17
3.2189e-17
3.1705e-17
3.1228e-17
3.0759e-17
3.0296e-17
2.984e-17
2.939e-17
2.8948e-17
2.8512e-17
2.8082e-17
2.7659e-17
2.7242e-17
2.6831e-17
2.6426e-17
2.6027e-17
2.5635e-17
2.5248e-17
2.4866e-17
2.4491e-17
2.4121e-17
2.3756e-17
2.3397e-17
2.3043e-17
2.2695e-17
2.2351e-17
2.2013e-17
2.168e-17
2.1352e-17
2.1028e-17
2.071e-17
2.0396e-17
2.0087e-17
1.9782e-17
1.9482e-17
1.9187e-17
1.8895e-17
1.8609e-17
1.8326e-17
1.8048e-17
1.7774e-17
1.7504e-17
1.7238e-17
1.6976e-17
1.6718e-17
1.6463e-17
1.6213e-17
1.5966e-17
1.5723e-17
1.5484e-17
1.5248e-17
1.5016e-17
1.4787e-17
1.4561e-17
1.4339e-17
1.4121e-17
1.3905e-17
1.3693e-17
1.3484e-17
1.3278e-17
1.3076e-17
1.2876e-17
1.2679e-17
1.2485e-17
1.2295e-17
1.2107e-17
1.1921e-17
1.1739e-17
1.1559e-17
1.1382e-17
1.1208e-17
1.1037e-17
1.0868e-17
1.0701e-17
1.0537e-17
1.0375e-17
1.0216e-17
1.006e-17
9.9053e-18
9.7533e-18
9.6036e-18
9.4562e-18
9.3109e-18
9.1679e-18
9.027e-18
8.8883e-18
8.7516e-18
8.6171e-18
8.4845e-18
8.354e-18
8.2254e-18
8.0988e-18
7.9741e-18
7.8512e-18
7.7303e-18
7.6112e-18
7.4938e-18
7.3783e-18
7.2645e-18
7.1524e-18
7.0421e-18
6.9334e-18
6.8264e-18
6.7209e-18
6.6171e-18
6.5149e-18
6.4142e-18
6.315e-18
6.2174e-18
6.1212e-18
6.0265e-18
5.9333e-18
5.8414e-18
5.751e-18
5.6619e-18
5.5742e-18
5.4879e-18
5.4028e-18
5.3191e-18
5.2366e-18
5.1554e-18
5.0754e-18
4.9966e-18
4.919e-18
4.8427e-18
4.7675e-18
4.6934e-18
4.6205e-18
4.5487e-18
4.4779e-18
4.4083e-18
4.3397e-18
4.2722e-18
4.2057e-18
4.1403e-18
4.0758e-18
4.0123e-18
3.9498e-18
3.8882e-18
3.8276e-18
3.768e-18
3.7092e-18
3.6513e-18
3.5944e-18
3.5383e-18
3.483e-18
3.4287e-18
3.3751e-18
3.3224e-18
3.2705e-18
3.2193e-18
3.169e-18
3.1194e-18
3.0706e-18
3.0226e-18
2.9753e-18
2.9287e-18
2.8828e-18
2.8377e-18
2.7932e-18
2.7495e-18
2.7064e-18
2.6639e-18
2.6222e-18
2.581e-18
2.5405e-18
2.5006e-18
2.4614e-18
2.4227e-18
2.3847e-18
2.3472e-18
2.3103e-18
2.274e-18
2.2383e-18
2.2031e-18
2.1684e-18
2.1343e-18
2.1007e-18
2.0676e-18
2.0351e-18
2.003e-18
1.9714e-18
1.9404e-18
1.9098e-18
1.8797e-18
1.85e-18
1.8208e-18
1.7921e-18
1.7638e-18
1.736e-18
1.7086e-18
1.6816e-18
1.655e-18
1.6289e-18
1.6031e-18
1.5778e-18
1.5528e-18
1.5282e-18
1.5041e-18
1.4802e-18
1.4568e-18
1.4337e-18
1.411e-18
1.3887e-18
1.3667e-18
1.345e-18
1.3237e-18
1.3027e-18
1.282e-18
1.2617e-18
1.2417e-18
1.2219e-18
1.2025e-18
1.1834e-18
1.1646e-18
1.1461e-18
1.1279e-18
1.11e-18
1.0923e-18
1.0749e-18
1.0578e-18
1.041e-18
1.0244e-18
1.0081e-18
9.9206e-19
9.7625e-19
9.607e-19
9.4538e-19
9.3031e-19
9.1547e-19
9.0087e-19
8.865e-19
8.7235e-19
8.5842e-19
8.4471e-19
8.3122e-19
8.1794e-19
8.0487e-19
7.9201e-19
7.7934e-19
7.6688e-19
7.5461e-19
7.4254e-19
7.3065e-19
7.1896e-19
7.0745e-19
6.9611e-19
6.8496e-19
6.7399e-19
6.6318e-19
6.5255e-19
6.4209e-19
6.3179e-19
6.2165e-19
6.1167e-19
6.0186e-19
5.9219e-19
5.8268e-19
5.7332e-19
5.6411e-19
5.5504e-19
5.4612e-19
5.3734e-19
5.2869e-19
5.2019e-19
5.1182e-19
5.0358e-19
4.9547e-19
4.8749e-19
4.7964e-19
4.7191e-19
4.643e-19
4.5682e-19
4.4945e-19
4.4221e-19
4.3507e-19
4.2805e-19
4.2114e-19
4.1434e-19
4.0765e-19
4.0107e-19
3.9459e-19
3.8821e-19
3.8193e-19
3.7576e-19
3.6968e-19
3.637e-19
3.5782e-19
3.5203e-19
3.4633e-19
3.4072e-19
3.352e-19
3.2977e-19
3.2443e-19
3.1917e-19
3.1399e-19
3.089e-19
3.0389e-19
2.9896e-19
2.9411e-19
2.8933e-19
2.8464e-19
2.8001e-19
2.7546e-19
2.7099e-19
2.6658e-19
2.6225e-19
2.5799e-19
2.5379e-19
2.4966e-19
2.456e-19
2.416e-19
2.3767e-19
2.338e-19
2.2999e-19
2.2624e-19
2.2255e-19
2.1893e-19
2.1536e-19
2.1184e-19
2.0839e-19
2.0499e-19
2.0164e-19
1.9835e-19
1.9511e-19
1.9192e-19
1.8879e-19
1.857e-19
1.8267e-19
1.7968e-19
1.7674e-19
1.7385e-19
1.7101e-19
1.6821e-19
1.6546e-19
1.6275e-19
1.6008e-19
1.5746e-19
1.5488e-19
1.5234e-19
1.4984e-19
1.4739e-19
1.4497e-19
1.4259e-19
1.4025e-19
1.3795e-19
1.3568e-19
1.3346e-19
1.3126e-19
1.2911e-19
1.2699e-19
1.249e-19
1.2285e-19
1.2082e-19
1.1884e-19
1.1688e-19
1.1496e-19
1.1307e-19
1.112e-19
1.0937e-19
1.0757e-19
1.058e-19
1.0405e-19
1.0234e-19
1.0065e-19
9.8992e-20
9.7359e-20
9.5752e-20
9.4172e-20
9.2617e-20
9.1087e-20
8.9583e-20
8.8103e-20
8.6647e-20
8.5215e-20
8.3806e-20
8.242e-20
8.1056e-20
7.9715e-20
7.8396e-20
7.7098e-20
7.5822e-20
7.4566e-20
7.3331e-20
7.2116e-20
7.092e-20
6.9745e-20
6.8588e-20
6.7451e-20
6.6332e-20
6.5231e-20
6.4148e-20
6.3083e-20
6.2036e-20
6.1005e-20
5.9992e-20
5.8995e-20
5.8014e-20
5.705e-20
5.6101e-20
5.5168e-20
5.425e-20
5.3347e-20
5.2459e-20
5.1586e-20
5.0726e-20
4.9881e-20
4.905e-20
4.8233e-20
4.7429e-20
4.6638e-20
4.586e-20
4.5095e-20
4.4343e-20
4.3603e-20
4.2875e-20
4.2159e-20
4.1455e-20
4.0762e-20
4.0081e-20
3.9411e-20
3.8752e-20
3.8104e-20
3.7467e-20
3.684e-20
3.6223e-20
3.5617e-20
3.5021e-20
3.4434e-20
3.3858e-20
3.329e-20
3.2732e-20
3.2184e-20
3.1644e-20
3.1113e-20
3.0592e-20
3.0078e-20
2.9573e-20
2.9077e-20
2.8589e-20
2.8109e-20
2.7637e-20
2.7172e-20
2.6715e-20
2.6266e-20
2.5825e-20
2.539e-20
2.4963e-20
2.4543e-20
2.413e-20
2.3724e-20
2.3324e-20
2.2932e-20
2.2545e-20
2.2165e-20
2.1792e-20
2.1424e-20
2.1063e-20
2.0708e-20
2.0359e-20
2.0015e-20
1.9677e-20
1.9345e-20
1.9018e-20
1.8697e-20
1.8381e-20
1.8071e-20
1.7765e-20
1.7465e-20
1.7169e-20
1.6879e-20
1.6593e-20
1.6313e-20
1.6037e-20
1.5765e-20
1.5498e-20
1.5236e-20
1.4977e-20
1.4724e-20
1.4474e-20
1.4229e-20
1.3987e-20
1.375e-20
1.3517e-20
1.3287e-20
1.3062e-20
1.284e-20
1.2622e-20
1.2408e-20
1.2197e-20
1.199e-20
1.1786e-20
1.1585e-20
1.1388e-20
1.1195e-20
1.1004e-20
1.0817e-20
1.0633e-20
1.0452e-20
1.0274e-20
1.0099e-20
9.9266e-21
9.7574e-21
9.591e-21
9.4275e-21
9.2667e-21
9.1086e-21
8.9532e-21
8.8004e-21
8.6502e-21
8.5025e-21
8.3573e-21
8.2145e-21
8.0741e-21
7.9362e-21
7.8005e-21
7.6671e-21
7.536e-21
7.4071e-21
7.2803e-21
7.1557e-21
7.0332e-21
6.9128e-21
6.7944e-21
6.678e-21
6.5636e-21
6.4511e-21
6.3405e-21
6.2318e-21
6.1249e-21
6.0198e-21
5.9165e-21
5.815e-21
5.7151e-21
5.617e-21
5.5205e-21
5.4257e-21
5.3325e-21
5.2408e-21
5.1507e-21
5.0621e-21
4.9751e-21
4.8895e-21
4.8054e-21
4.7227e-21
4.6414e-21
4.5614e-21
4.4829e-21
4.4056e-21
4.3297e-21
4.2551e-21
4.1817e-21
4.1096e-21
4.0388e-21
3.9691e-21
3.9006e-21
3.8333e-21
3.7671e-21
3.7021e-21
3.6381e-21
3.5753e-21
3.5135e-21
3.4528e-21
3.3931e-21
3.3344e-21
3.2767e-21
3.22e-21
3.1643e-21
3.1096e-21
3.0557e-21
3.0028e-21
2.9508e-21
2.8997e-21
2.8495e-21
2.8001e-21
2.7515e-21
2.7038e-21
2.6569e-21
2.6108e-21
2.5655e-21
2.521e-21
2.4772e-21
2.4342e-21
2.392e-21
2.3504e-21
2.3096e-21
2.2694e-21
2.23e-21
2.1912e-21
2.1531e-21
2.1156e-21
2.0788e-21
2.0426e-21
2.0071e-21
1.9721e-21
1.9378e-21
1.904e-21
1.8709e-21
1.8383e-21
1.8062e-21
1.7747e-21
1.7438e-21
1.7134e-21
1.6835e-21
1.6541e-21
1.6252e-21
1.5968e-21
1.5689e-21
1.5415e-21
1.5146e-21
1.4881e-21
1.4621e-21
1.4366e-21
1.4114e-21
1.3868e-21
1.3625e-21
1.3386e-21
1.3152e-21
1.2922e-21
1.2696e-21
1.2473e-21
1.2255e-21
1.204e-21
1.1829e-21
1.1622e-21
1.1418e-21
1.1217e-21
1.1021e-21
1.0827e-21
1.0637e-21
1.0451e-21
1.0267e-21
1.0087e-21
9.9095e-22
9.7354e-22
9.5643e-22
9.3961e-22
9.2309e-22
9.0685e-22
8.909e-22
8.7523e-22
8.5982e-22
8.4469e-22
8.2981e-22
8.152e-22
8.0084e-22
7.8673e-22
7.7286e-22
7.5924e-22
7.4585e-22
7.327e-22
7.1977e-22
7.0707e-22
6.9459e-22
6.8233e-22
6.7029e-22
6.5845e-22
6.4682e-22
6.3539e-22
6.2416e-22
6.1313e-22
6.0229e-22
5.9164e-22
5.8117e-22
5.7089e-22
5.6079e-22
5.5086e-22
5.4111e-22
5.3153e-22
5.2211e-22
5.1286e-22
5.0378e-22
4.9485e-22
4.8607e-22
4.7746e-22
4.6899e-22
4.6067e-22
4.5249e-22
4.4446e-22
4.3657e-22
4.2882e-22
4.212e-22
4.1372e-22
4.0637e-22
3.9915e-22
3.9205e-22
3.8508e-22
3.7823e-22
3.7151e-22
3.649e-22
3.584e-22
3.5202e-22
3.4576e-22
3.396e-22
3.3355e-22
3.2761e-22
3.2177e-22
3.1603e-22
3.104e-22
3.0486e-22
2.9943e-22
2.9408e-22
2.8884e-22
2.8368e-22
2.7862e-22
2.7364e-22
2.6876e-22
2.6395e-22
2.5924e-22
2.546e-22
2.5005e-22
2.4558e-22
2.4119e-22
2.3688e-22
2.3264e-22
2.2847e-22
2.2438e-22
2.2037e-22
2.1642e-22
2.1254e-22
2.0874e-22
2.05e-22
2.0132e-22
1.9771e-22
1.9417e-22
1.9068e-22
1.8726e-22
1.839e-22
1.806e-22
1.7736e-22
1.7417e-22
1.7105e-22
1.6797e-22
1.6496e-22
1.6199e-22
1.5908e-22
1.5622e-22
1.5341e-22
1.5065e-22
1.4794e-22
1.4528e-22
1.4266e-22
1.4009e-22
1.3757e-22
1.3509e-22
1.3266e-22
1.3027e-22
1.2792e-22
1.2561e-22
1.2335e-22
1.2112e-22
1.1894e-22
1.1679e-22
1.1468e-22
1.1261e-22
1.1058e-22
1.0858e-22
1.0662e-22
1.047e-22
1.028e-22
1.0095e-22
9.912e-23
9.7328e-23
9.5567e-23
9.3838e-23
9.214e-23
9.0472e-23
8.8834e-23
8.7226e-23
8.5646e-23
8.4094e-23
8.257e-23
8.1074e-23
7.9604e-23
7.8161e-23
7.6743e-23
7.5351e-23
7.3984e-23
7.2641e-23
7.1322e-23
7.0027e-23
6.8756e-23
6.7507e-23
6.628e-23
6.5076e-23
6.3893e-23
6.2731e-23
6.1591e-23
6.047e-23
5.937e-23
5.829e-23
5.7229e-23
5.6187e-23
5.5164e-23
5.4159e-23
5.3173e-23
5.2204e-23
5.1253e-23
5.0318e-23
4.9401e-23
4.85e-23
4.7615e-23
4.6747e-23
4.5893e-23
4.5056e-23
4.4233e-23
4.3426e-23
4.2632e-23
4.1854e-23
4.1089e-23
4.0338e-23
3.96e-23
3.8876e-23
3.8165e-23
3.7467e-23
3.6782e-23
3.6109e-23
3.5448e-23
3.4799e-23
3.4161e-23
3.3536e-23
3.2921e-23
3.2318e-23
3.1726e-23
3.1144e-23
3.0573e-23
3.0012e-23
2.9462e-23
2.8921e-23
2.839e-23
2.7869e-23
2.7357e-23
2.6855e-23
2.6362e-23
2.5877e-23
2.5402e-23
2.4935e-23
2.4477e-23
2.4026e-23
2.3585e-23
2.3151e-23
2.2725e-23
2.2306e-23
2.1896e-23
2.1493e-23
2.1097e-23
2.0708e-23
2.0327e-23
1.9952e-23
1.9584e-23
1.9223e-23
1.8869e-23
1.8521e-23
1.8179e-23
1.7844e-23
1.7514e-23
1.7191e-23
1.6873e-23
1.6562e-23
1.6256e-23
1.5956e-23
1.5661e-23
1.5371e-23
1.5087e-23
1.4808e-23
1.4534e-23
1.4265e-23
1.4001e-23
1.3742e-23
1.3488e-23
1.3238e-23
1.2993e-23
1.2752e-23
1.2516e-23
1.2284e-23
1.2056e-23
1.1833e-23
1.1613e-23
1.1398e-23
1.1186e-23
1.0979e-23
1.0775e-23
1.0575e-23
1.0379e-23
1.0186e-23
9.9966e-24
9.8108e-24
9.6285e-24
9.4495e-24
9.2738e-24
9.1013e-24
8.9321e-24
8.7659e-24
8.6028e-24
8.4426e-24
8.2855e-24
8.1312e-24
7.9797e-24
7.8311e-24
7.6852e-24
7.5419e-24
7.4013e-24
7.2634e-24
7.1279e-24
6.9949e-24
6.8644e-24
6.7363e-24
6.6106e-24
6.4872e-24
6.3661e-24
6.2472e-24
6.1305e-24
6.0159e-24
5.9035e-24
5.7931e-24
5.6848e-24
5.5785e-24
5.4742e-24
5.3717e-24
5.2712e-24
5.1726e-24
5.0757e-24
4.9807e-24
4.8874e-24
4.7959e-24
4.706e-24
4.6178e-24
4.5312e-24
4.4463e-24
4.3629e-24
4.2811e-24
4.2008e-24
4.1219e-24
4.0446e-24
3.9686e-24
3.8941e-24
3.821e-24
3.7492e-24
3.6788e-24
3.6096e-24
3.5418e-24
3.4752e-24
3.4098e-24
3.3457e-24
3.2828e-24
3.221e-24
3.1604e-24
3.1009e-24
3.0425e-24
2.9852e-24
2.929e-24
2.8738e-24
2.8196e-24
2.7665e-24
2.7143e-24
2.6631e-24
2.6129e-24
2.5636e-24
2.5152e-24
2.4678e-24
2.4212e-24
2.3755e-24
2.3306e-24
2.2866e-24
2.2434e-24
2.201e-24
2.1594e-24
2.1186e-24
2.0785e-24
2.0392e-24
2.0006e-24
1.9628e-24
1.9256e-24
1.8892e-24
1.8534e-24
1.8183e-24
1.7839e-24
1.7501e-24
1.7169e-24
1.6844e-24
1.6524e-24
1.6211e-24
1.5904e-24
1.5602e-24
1.5306e-24
1.5015e-24
1.473e-24
1.4451e-24
1.4176e-24
1.3907e-24
1.3643e-24
1.3384e-24
1.3129e-24
1.288e-24
1.2635e-24
1.2395e-24
1.2159e-24
1.1928e-24
1.1701e-24
1.1478e-24
1.1259e-24
1.1045e-24
1.0835e-24
1.0628e-24
1.0426e-24
1.0227e-24
1.0032e-24
9.8409e-25
9.6532e-25
9.4691e-25
9.2885e-25
9.1112e-25
8.9374e-25
8.7668e-25
8.5994e-25
8.4352e-25
8.274e-25
8.116e-25
7.9609e-25
7.8087e-25
7.6594e-25
7.513e-25
7.3693e-25
7.2283e-25
7.09e-25
6.9544e-25
6.8212e-25
6.6906e-25
6.5625e-25
6.4368e-25
6.3135e-25
6.1926e-25
6.0739e-25
5.9575e-25
5.8432e-25
5.7312e-25
5.6212e-25
5.5134e-25
5.4076e-25
5.3038e-25
5.202e-25
5.1021e-25
5.0041e-25
4.908e-25
4.8137e-25
4.7212e-25
4.6305e-25
4.5414e-25
4.4541e-25
4.3685e-25
4.2844e-25
4.202e-25
4.1211e-25
4.0418e-25
3.964e-25
3.8876e-25
3.8128e-25
3.7393e-25
3.6673e-25
3.5966e-25
3.5273e-25
3.4593e-25
3.3925e-25
3.3271e-25
3.2629e-25
3.2e-25
3.1382e-25
3.0776e-25
3.0182e-25
2.9599e-25
2.9027e-25
2.8466e-25
2.7916e-25
2.7377e-25
2.6848e-25
2.6328e-25
2.5819e-25
2.532e-25
2.483e-25
2.4349e-25
2.3878e-25
2.3416e-25
2.2962e-25
2.2518e-25
2.2081e-25
2.1654e-25
2.1234e-25
2.0822e-25
2.0419e-25
2.0023e-25
1.9634e-25
1.9253e-25
1.888e-25
1.8513e-25
1.8154e-25
1.7802e-25
1.7456e-25
1.7117e-25
1.6784e-25
1.6458e-25
1.6138e-25
1.5825e-25
1.5517e-25
1.5215e-25
1.4919e-25
1.4629e-25
1.4344e-25
1.4065e-25
1.3791e-25
1.3523e-25
1.326e-25
1.3001e-25
1.2748e-25
1.25e-25
1.2256e-25
1.2017e-25
1.1783e-25
1.1553e-25
1.1328e-25
1.1107e-25
1.089e-25
1.0678e-25
1.0469e-25
1.0265e-25
1.0064e-25
9.8679e-26
9.6751e-26
9.4861e-26
9.3007e-26
9.119e-26
8.9407e-26
8.7659e-26
8.5945e-26
8.4264e-26
8.2616e-26
8.0999e-26
7.9414e-26
7.786e-26
7.6336e-26
7.4841e-26
7.3376e-26
7.1939e-26
7.0529e-26
6.9148e-26
6.7793e-26
6.6464e-26
6.5161e-26
6.3884e-26
6.2631e-26
6.1403e-26
6.0199e-26
5.9018e-26
5.786e-26
5.6725e-26
5.5611e-26
5.452e-26
5.345e-26
5.24e-26
5.1372e-26
5.0363e-26
4.9374e-26
4.8404e-26
4.7453e-26
4.6521e-26
4.5607e-26
4.4711e-26
4.3832e-26
4.2971e-26
4.2126e-26
4.1298e-26
4.0486e-26
3.969e-26
3.891e-26
3.8145e-26
3.7395e-26
3.666e-26
3.5939e-26
3.5232e-26
3.454e-26
3.386e-26
3.3195e-26
3.2542e-26
3.1902e-26
3.1275e-26
3.066e-26
3.0058e-26
2.9467e-26
2.8888e-26
2.832e-26
2.7763e-26
2.7218e-26
2.6683e-26
2.6159e-26
2.5646e-26
2.5142e-26
2.4649e-26
2.4165e-26
2.3691e-26
2.3226e-26
2.2771e-26
2.2325e-26
2.1888e-26
2.1459e-26
2.1039e-26
2.0627e-26
2.0224e-26
1.9829e-26
1.9441e-26
1.9062e-26
1.869e-26
1.8325e-26
1.7968e-26
1.7619e-26
1.7276e-26
1.694e-26
1.6611e-26
1.6289e-26
1.5973e-26
1.5664e-26
1.5361e-26
1.5064e-26
1.4774e-26
1.4489e-26
1.421e-26
1.3937e-26
1.367e-26
1.3408e-26
1.3152e-26
1.2901e-26
1.2655e-26
1.2415e-26
1.2179e-26
1.1949e-26
1.1723e-26
1.1503e-26
1.1286e-26
1.1075e-26
1.0868e-26
1.0666e-26
1.0468e-26
1.0274e-26
1.0085e-26
9.8995e-27
9.7183e-27
9.5412e-27
9.3681e-27
9.1989e-27
9.0335e-27
8.8719e-27
8.714e-27
8.5598e-27
8.4091e-27
8.262e-27
8.1184e-27
7.9782e-27
7.8414e-27
7.7079e-27
7.5778e-27
7.4508e-27
7.327e-27
7.2064e-27
7.0889e-27
6.9744e-27
6.8629e-27
6.7544e-27
6.6489e-27
6.5462e-27
6.4464e-27
6.3494e-27
6.2552e-27
6.1638e-27
6.0751e-27
5.9891e-27
5.9058e-27
5.8251e-27
5.747e-27
5.6715e-27
5.5986e-27
5.5282e-27
5.4603e-27
5.395e-27
5.3321e-27
5.2716e-27
5.2137e-27
5.1581e-27
5.105e-27
5.0543e-27
5.0059e-27
4.9599e-27
4.9163e-27
4.8751e-27
4.8362e-27
4.7996e-27
4.7654e-27
4.7335e-27
4.704e-27
4.6767e-27
4.6518e-27
4.6293e-27
4.609e-27
