1.3272e-09
1.3224e-09
1.3176e-09
1.3128e-09
1.3081e-09
1.3034e-09
1.2987e-09
1.294e-09
1.2893e-09
1.2847e-09
1.28e-09
1.2754e-09
1.2708e-09
1.2662e-09
1.2617e-09
1.2571e-09
1.2526e-09
1.248e-09
1.2435e-09
1.2391e-09
1.2346e-09
1.2301e-09
1.2257e-09
1.2213e-09
1.2169e-09
1.2125e-09
1.2081e-09
1.2038e-09
1.1995e-09
1.1951e-09
1.1908e-09
1.1866e-09
1.1823e-09
1.178e-09
1.1738e-09
1.1696e-09
1.1654e-09
1.1612e-09
1.157e-09
1.1529e-09
1.1487e-09
1.1446e-09
1.1405e-09
1.1364e-09
1.1323e-09
1.1283e-09
1.1242e-09
1.1202e-09
1.1162e-09
1.1122e-09
1.1082e-09
1.1043e-09
1.1003e-09
1.0964e-09
1.0925e-09
1.0886e-09
1.0847e-09
1.0808e-09
1.077e-09
1.0731e-09
1.0693e-09
1.0655e-09
1.0617e-09
1.058e-09
1.0542e-09
1.0504e-09
1.0467e-09
1.043e-09
1.0393e-09
1.0356e-09
1.032e-09
1.0283e-09
1.0247e-09
1.0211e-09
1.0175e-09
1.0139e-09
1.0103e-09
1.0067e-09
1.0032e-09
9.9966e-10
9.9614e-10
9.9264e-10
9.8916e-10
9.8569e-10
9.8224e-10
9.788e-10
9.7537e-10
9.7197e-10
9.6857e-10
9.6519e-10
9.6183e-10
9.5848e-10
9.5515e-10
9.5183e-10
9.4852e-10
9.4523e-10
9.4196e-10
9.387e-10
9.3545e-10
9.3222e-10
9.29e-10
9.258e-10
9.2261e-10
9.1944e-10
9.1628e-10
9.1314e-10
9.1001e-10
9.069e-10
9.038e-10
9.0071e-10
8.9764e-10
8.9459e-10
8.9155e-10
8.8852e-10
8.8551e-10
8.8251e-10
8.7952e-10
8.7655e-10
8.736e-10
8.7066e-10
8.6773e-10
8.6482e-10
8.6192e-10
8.5904e-10
8.5617e-10
8.5332e-10
8.5048e-10
8.4765e-10
8.4484e-10
8.4204e-10
8.3926e-10
8.3649e-10
8.3373e-10
8.3099e-10
8.2827e-10
8.2556e-10
8.2286e-10
8.2017e-10
8.175e-10
8.1485e-10
8.1221e-10
8.0958e-10
8.0696e-10
8.0437e-10
8.0178e-10
7.9921e-10
7.9665e-10
7.9411e-10
7.9158e-10
7.8907e-10
7.8656e-10
7.8408e-10
7.8161e-10
7.7915e-10
7.767e-10
7.7427e-10
7.7185e-10
7.6945e-10
7.6706e-10
7.6469e-10
7.6233e-10
7.5998e-10
7.5765e-10
7.5533e-10
7.5302e-10
7.5073e-10
7.4846e-10
7.4619e-10
7.4394e-10
7.4171e-10
7.3949e-10
7.3728e-10
7.3509e-10
7.3291e-10
7.3074e-10
7.2859e-10
7.2645e-10
7.2433e-10
7.2222e-10
7.2012e-10
7.1804e-10
7.1598e-10
7.1392e-10
7.1188e-10
7.0986e-10
7.0784e-10
7.0585e-10
7.0386e-10
7.0189e-10
6.9994e-10
6.9799e-10
6.9607e-10
6.9415e-10
6.9225e-10
6.9037e-10
6.8849e-10
6.8664e-10
6.8479e-10
6.8296e-10
6.8115e-10
6.7934e-10
6.7756e-10
6.7578e-10
6.7402e-10
6.7228e-10
6.7055e-10
6.6883e-10
6.6712e-10
6.6544e-10
6.6376e-10
6.621e-10
6.6045e-10
6.5882e-10
6.572e-10
6.556e-10
6.5401e-10
6.5243e-10
6.5087e-10
6.4932e-10
6.4779e-10
6.4627e-10
6.4476e-10
6.4327e-10
6.418e-10
6.4033e-10
6.3889e-10
6.3745e-10
6.3603e-10
6.3463e-10
6.3324e-10
6.3186e-10
6.305e-10
6.2915e-10
6.2782e-10
6.265e-10
6.252e-10
6.2391e-10
6.2264e-10
6.2138e-10
6.2013e-10
6.189e-10
6.1769e-10
6.1648e-10
6.153e-10
6.1412e-10
6.1297e-10
6.1183e-10
6.107e-10
6.0958e-10
6.0849e-10
6.074e-10
6.0633e-10
6.0528e-10
6.0424e-10
6.0322e-10
6.0221e-10
6.0122e-10
6.0024e-10
5.9927e-10
5.9833e-10
5.9739e-10
5.9647e-10
5.9557e-10
5.9468e-10
5.9381e-10
5.9295e-10
5.9211e-10
5.9128e-10
5.9047e-10
5.8968e-10
5.889e-10
5.8813e-10
5.8738e-10
5.8665e-10
5.8593e-10
5.8523e-10
5.8454e-10
5.8387e-10
5.8321e-10
5.8257e-10
5.8195e-10
5.8134e-10
5.8075e-10
5.8017e-10
5.7961e-10
5.7907e-10
5.7854e-10
5.7803e-10
5.7753e-10
5.7705e-10
5.7659e-10
5.7614e-10
5.7571e-10
5.7529e-10
5.7489e-10
5.7451e-10
5.7415e-10
5.738e-10
5.7347e-10
5.7315e-10
5.7285e-10
5.7257e-10
5.723e-10
5.7205e-10
5.7182e-10
5.7161e-10
5.7141e-10
5.7123e-10
5.7106e-10
5.7092e-10
5.7079e-10
5.7068e-10
5.7058e-10
5.705e-10
5.7044e-10
5.704e-10
5.7038e-10
5.7037e-10
5.7038e-10
5.7041e-10
5.7045e-10
5.7052e-10
5.706e-10
5.707e-10
5.7082e-10
5.7095e-10
5.711e-10
5.7128e-10
5.7147e-10
5.7168e-10
5.719e-10
5.7215e-10
5.7241e-10
5.7269e-10
5.73e-10
5.7332e-10
5.7365e-10
5.7401e-10
5.7439e-10
5.7478e-10
5.752e-10
5.7563e-10
5.7609e-10
5.7656e-10
5.7705e-10
5.7756e-10
5.7809e-10
5.7864e-10
5.7921e-10
5.7981e-10
5.8042e-10
5.8105e-10
5.817e-10
5.8237e-10
5.8306e-10
5.8377e-10
5.845e-10
5.8525e-10
5.8602e-10
5.8681e-10
5.8763e-10
5.8846e-10
5.8932e-10
5.9019e-10
5.9109e-10
5.9201e-10
5.9295e-10
5.9391e-10
5.9489e-10
5.9589e-10
5.9692e-10
5.9796e-10
5.9903e-10
6.0012e-10
6.0124e-10
6.0237e-10
6.0353e-10
6.0471e-10
6.0591e-10
6.0713e-10
6.0838e-10
6.0965e-10
6.1094e-10
6.1225e-10
6.1359e-10
6.1495e-10
6.1634e-10
6.1774e-10
6.1918e-10
6.2063e-10
6.2211e-10
6.2361e-10
6.2514e-10
6.2669e-10
6.2826e-10
6.2986e-10
6.3148e-10
6.3313e-10
6.348e-10
6.365e-10
6.3822e-10
6.3996e-10
6.4173e-10
6.4353e-10
6.4535e-10
6.472e-10
6.4907e-10
6.5097e-10
6.5289e-10
6.5484e-10
6.5682e-10
6.5882e-10
6.6085e-10
6.629e-10
6.6498e-10
6.6709e-10
6.6923e-10
6.7139e-10
6.7358e-10
6.7579e-10
6.7804e-10
6.8031e-10
6.8261e-10
6.8494e-10
6.8729e-10
6.8967e-10
6.9208e-10
6.9452e-10
6.9699e-10
6.9949e-10
7.0201e-10
7.0457e-10
7.0715e-10
7.0976e-10
7.1241e-10
7.1508e-10
7.1778e-10
7.2051e-10
7.2327e-10
7.2606e-10
7.2889e-10
7.3174e-10
7.3462e-10
7.3754e-10
7.4048e-10
7.4346e-10
7.4647e-10
7.4951e-10
7.5258e-10
7.5568e-10
7.5881e-10
7.6198e-10
7.6518e-10
7.6841e-10
7.7168e-10
7.7498e-10
7.7831e-10
7.8167e-10
7.8507e-10
7.885e-10
7.9197e-10
7.9547e-10
7.99e-10
8.0257e-10
8.0617e-10
8.0981e-10
8.1348e-10
8.1719e-10
8.2093e-10
8.2471e-10
8.2852e-10
8.3237e-10
8.3626e-10
8.4018e-10
8.4414e-10
8.4813e-10
8.5217e-10
8.5624e-10
8.6034e-10
8.6449e-10
8.6867e-10
8.7289e-10
8.7715e-10
8.8145e-10
8.8578e-10
8.9016e-10
8.9457e-10
8.9903e-10
9.0352e-10
9.0805e-10
9.1262e-10
9.1724e-10
9.2189e-10
9.2658e-10
9.3132e-10
9.3609e-10
9.4091e-10
9.4577e-10
9.5067e-10
9.5561e-10
9.606e-10
9.6563e-10
9.707e-10
9.7581e-10
9.8097e-10
9.8617e-10
9.9141e-10
9.967e-10
1.002e-09
1.0074e-09
1.0128e-09
1.0183e-09
1.0238e-09
1.0294e-09
1.035e-09
1.0406e-09
1.0463e-09
1.0521e-09
1.0579e-09
1.0637e-09
1.0696e-09
1.0755e-09
1.0815e-09
1.0875e-09
1.0936e-09
1.0997e-09
1.1059e-09
1.1121e-09
1.1184e-09
1.1247e-09
1.1311e-09
1.1375e-09
1.144e-09
1.1505e-09
1.1571e-09
1.1637e-09
1.1704e-09
1.1772e-09
1.1839e-09
1.1908e-09
1.1977e-09
1.2046e-09
1.2116e-09
1.2187e-09
1.2258e-09
1.233e-09
1.2402e-09
1.2475e-09
1.2548e-09
1.2622e-09
1.2696e-09
1.2771e-09
1.2847e-09
1.2923e-09
1.3e-09
1.3077e-09
1.3155e-09
1.3234e-09
1.3313e-09
1.3392e-09
1.3473e-09
1.3554e-09
1.3635e-09
1.3717e-09
1.38e-09
1.3883e-09
1.3967e-09
1.4052e-09
1.4137e-09
1.4223e-09
1.431e-09
1.4397e-09
1.4484e-09
1.4573e-09
1.4662e-09
1.4752e-09
1.4842e-09
1.4933e-09
1.5025e-09
1.5117e-09
1.521e-09
1.5304e-09
1.5399e-09
1.5494e-09
1.559e-09
1.5686e-09
1.5783e-09
1.5881e-09
1.598e-09
1.6079e-09
1.6179e-09
1.628e-09
1.6382e-09
1.6484e-09
1.6587e-09
1.669e-09
1.6795e-09
1.69e-09
1.7006e-09
1.7113e-09
1.722e-09
1.7328e-09
1.7437e-09
1.7547e-09
1.7658e-09
1.7769e-09
1.7881e-09
1.7994e-09
1.8108e-09
1.8222e-09
1.8338e-09
1.8454e-09
1.8571e-09
1.8689e-09
1.8807e-09
1.8927e-09
1.9047e-09
1.9168e-09
1.929e-09
1.9413e-09
1.9536e-09
1.9661e-09
1.9786e-09
1.9912e-09
2.004e-09
2.0168e-09
2.0297e-09
2.0426e-09
2.0557e-09
2.0689e-09
2.0821e-09
2.0955e-09
2.1089e-09
2.1224e-09
2.136e-09
2.1497e-09
2.1636e-09
2.1775e-09
2.1915e-09
2.2055e-09
2.2197e-09
2.234e-09
2.2484e-09
2.2629e-09
2.2775e-09
2.2921e-09
2.3069e-09
2.3218e-09
2.3368e-09
2.3519e-09
2.3671e-09
2.3823e-09
2.3977e-09
2.4132e-09
2.4288e-09
2.4445e-09
2.4603e-09
2.4763e-09
2.4923e-09
2.5084e-09
2.5247e-09
2.541e-09
2.5575e-09
2.5741e-09
2.5907e-09
2.6075e-09
2.6244e-09
2.6415e-09
2.6586e-09
2.6758e-09
2.6932e-09
2.7107e-09
2.7283e-09
2.746e-09
2.7638e-09
2.7818e-09
2.7998e-09
2.818e-09
2.8363e-09
2.8548e-09
2.8733e-09
2.892e-09
2.9108e-09
2.9297e-09
2.9487e-09
2.9679e-09
2.9872e-09
3.0066e-09
3.0262e-09
3.0459e-09
3.0657e-09
3.0856e-09
3.1057e-09
3.1259e-09
3.1463e-09
3.1667e-09
3.1873e-09
3.2081e-09
3.229e-09
3.25e-09
3.2711e-09
3.2924e-09
3.3138e-09
3.3354e-09
3.3571e-09
3.379e-09
3.4009e-09
3.4231e-09
3.4454e-09
3.4678e-09
3.4903e-09
3.5131e-09
3.5359e-09
3.5589e-09
3.5821e-09
3.6054e-09
3.6289e-09
3.6525e-09
3.6762e-09
3.7001e-09
3.7242e-09
3.7484e-09
3.7728e-09
3.7974e-09
3.8221e-09
3.8469e-09
3.8719e-09
3.8971e-09
3.9224e-09
3.9479e-09
3.9736e-09
3.9994e-09
4.0254e-09
4.0516e-09
4.0779e-09
4.1044e-09
4.1311e-09
4.1579e-09
4.1849e-09
4.2121e-09
4.2394e-09
4.267e-09
4.2947e-09
4.3225e-09
4.3506e-09
4.3788e-09
4.4072e-09
4.4358e-09
4.4646e-09
4.4936e-09
4.5227e-09
4.552e-09
4.5815e-09
4.6112e-09
4.6411e-09
4.6712e-09
4.7015e-09
4.7319e-09
4.7626e-09
4.7934e-09
4.8244e-09
4.8557e-09
4.8871e-09
4.9187e-09
4.9505e-09
4.9826e-09
5.0148e-09
5.0472e-09
5.0798e-09
5.1127e-09
5.1457e-09
5.179e-09
5.2124e-09
5.2461e-09
5.28e-09
5.314e-09
5.3483e-09
5.3829e-09
5.4176e-09
5.4525e-09
5.4877e-09
5.5231e-09
5.5587e-09
5.5945e-09
5.6306e-09
5.6668e-09
5.7033e-09
5.7401e-09
5.777e-09
5.8142e-09
5.8516e-09
5.8893e-09
5.9271e-09
5.9652e-09
6.0036e-09
6.0422e-09
6.081e-09
6.1201e-09
6.1594e-09
6.1989e-09
6.2387e-09
6.2788e-09
6.319e-09
6.3596e-09
6.4004e-09
6.4414e-09
6.4827e-09
6.5242e-09
6.566e-09
6.6081e-09
6.6504e-09
6.693e-09
6.7358e-09
6.7789e-09
6.8222e-09
6.8659e-09
6.9098e-09
6.9539e-09
6.9983e-09
7.043e-09
7.088e-09
7.1333e-09
7.1788e-09
7.2246e-09
7.2707e-09
7.3171e-09
7.3637e-09
7.4106e-09
7.4578e-09
7.5054e-09
7.5531e-09
7.6012e-09
7.6496e-09
7.6983e-09
7.7472e-09
7.7965e-09
7.8461e-09
7.8959e-09
7.9461e-09
7.9966e-09
8.0473e-09
8.0984e-09
8.1498e-09
8.2015e-09
8.2535e-09
8.3058e-09
8.3585e-09
8.4114e-09
8.4647e-09
8.5183e-09
8.5722e-09
8.6265e-09
8.681e-09
8.7359e-09
8.7912e-09
8.8467e-09
8.9026e-09
8.9589e-09
9.0154e-09
9.0723e-09
9.1296e-09
9.1872e-09
9.2451e-09
9.3034e-09
9.362e-09
9.421e-09
9.4804e-09
9.54e-09
9.6001e-09
9.6605e-09
9.7213e-09
9.7824e-09
9.8439e-09
9.9057e-09
9.968e-09
1.0031e-08
1.0094e-08
1.0157e-08
1.0221e-08
1.0285e-08
1.0349e-08
1.0414e-08
1.0479e-08
1.0545e-08
1.0611e-08
1.0677e-08
1.0744e-08
1.0811e-08
1.0879e-08
1.0947e-08
1.1015e-08
1.1084e-08
1.1153e-08
1.1223e-08
1.1293e-08
1.1364e-08
1.1434e-08
1.1506e-08
1.1577e-08
1.1649e-08
1.1722e-08
1.1795e-08
1.1868e-08
1.1942e-08
1.2017e-08
1.2091e-08
1.2166e-08
1.2242e-08
1.2318e-08
1.2394e-08
1.2471e-08
1.2549e-08
1.2627e-08
1.2705e-08
1.2784e-08
1.2863e-08
1.2942e-08
1.3023e-08
1.3103e-08
1.3184e-08
1.3266e-08
1.3348e-08
1.343e-08
1.3513e-08
1.3597e-08
1.3681e-08
1.3765e-08
1.385e-08
1.3935e-08
1.4021e-08
1.4108e-08
1.4194e-08
1.4282e-08
1.437e-08
1.4458e-08
1.4547e-08
1.4637e-08
1.4726e-08
1.4817e-08
1.4908e-08
1.5e-08
1.5092e-08
1.5184e-08
1.5277e-08
1.5371e-08
1.5465e-08
1.556e-08
1.5655e-08
1.5751e-08
1.5847e-08
1.5944e-08
1.6042e-08
1.614e-08
1.6239e-08
1.6338e-08
1.6437e-08
1.6538e-08
1.6639e-08
1.674e-08
1.6842e-08
1.6945e-08
1.7048e-08
1.7152e-08
1.7256e-08
1.7361e-08
1.7467e-08
1.7573e-08
1.768e-08
1.7787e-08
1.7896e-08
1.8004e-08
1.8113e-08
1.8223e-08
1.8334e-08
1.8445e-08
1.8557e-08
1.8669e-08
1.8782e-08
1.8896e-08
1.901e-08
1.9125e-08
1.9241e-08
1.9357e-08
1.9474e-08
1.9592e-08
1.971e-08
1.9829e-08
1.9949e-08
2.0069e-08
2.019e-08
2.0312e-08
2.0434e-08
2.0557e-08
2.0681e-08
2.0805e-08
2.093e-08
2.1056e-08
2.1183e-08
2.131e-08
2.1438e-08
2.1567e-08
2.1696e-08
2.1826e-08
2.1957e-08
2.2089e-08
2.2221e-08
2.2354e-08
2.2488e-08
2.2622e-08
2.2758e-08
2.2894e-08
2.3031e-08
2.3168e-08
2.3307e-08
2.3446e-08
2.3586e-08
2.3727e-08
2.3868e-08
2.401e-08
2.4153e-08
2.4297e-08
2.4442e-08
2.4587e-08
2.4734e-08
2.4881e-08
2.5029e-08
2.5177e-08
2.5327e-08
2.5477e-08
2.5629e-08
2.5781e-08
2.5934e-08
2.6087e-08
2.6242e-08
2.6397e-08
2.6554e-08
2.6711e-08
2.6869e-08
2.7028e-08
2.7188e-08
2.7348e-08
2.751e-08
2.7672e-08
2.7836e-08
2.8e-08
2.8165e-08
2.8331e-08
2.8498e-08
2.8666e-08
2.8835e-08
2.9004e-08
2.9175e-08
2.9347e-08
2.9519e-08
2.9693e-08
2.9867e-08
3.0042e-08
3.0219e-08
3.0396e-08
3.0574e-08
3.0754e-08
3.0934e-08
3.1115e-08
3.1297e-08
3.148e-08
3.1665e-08
3.185e-08
3.2036e-08
3.2223e-08
3.2412e-08
3.2601e-08
3.2791e-08
3.2982e-08
3.3175e-08
3.3368e-08
3.3563e-08
3.3758e-08
3.3955e-08
3.4152e-08
3.4351e-08
3.4551e-08
3.4752e-08
3.4954e-08
3.5157e-08
3.5361e-08
3.5566e-08
3.5772e-08
3.598e-08
3.6188e-08
3.6398e-08
3.6609e-08
3.6821e-08
3.7034e-08
3.7248e-08
3.7463e-08
3.768e-08
3.7898e-08
3.8117e-08
3.8337e-08
3.8558e-08
3.878e-08
3.9004e-08
3.9229e-08
3.9455e-08
3.9682e-08
3.991e-08
4.014e-08
4.0371e-08
4.0603e-08
4.0836e-08
4.1071e-08
4.1307e-08
4.1544e-08
4.1782e-08
4.2022e-08
4.2263e-08
4.2505e-08
4.2748e-08
4.2993e-08
4.3239e-08
4.3487e-08
4.3735e-08
4.3985e-08
4.4237e-08
4.4489e-08
4.4743e-08
4.4999e-08
4.5255e-08
4.5513e-08
4.5773e-08
4.6034e-08
4.6296e-08
4.6559e-08
4.6824e-08
4.7091e-08
4.7358e-08
4.7627e-08
4.7898e-08
4.817e-08
4.8443e-08
4.8718e-08
4.8995e-08
4.9272e-08
4.9552e-08
4.9832e-08
5.0114e-08
5.0398e-08
5.0683e-08
5.097e-08
5.1258e-08
5.1547e-08
5.1838e-08
5.2131e-08
5.2425e-08
5.2721e-08
5.3018e-08
5.3317e-08
5.3617e-08
5.3919e-08
5.4223e-08
5.4528e-08
5.4834e-08
5.5143e-08
5.5452e-08
5.5764e-08
5.6077e-08
5.6392e-08
5.6708e-08
5.7026e-08
5.7346e-08
5.7667e-08
5.799e-08
5.8314e-08
5.8641e-08
5.8969e-08
5.9298e-08
5.963e-08
5.9963e-08
6.0297e-08
6.0634e-08
6.0972e-08
6.1312e-08
6.1654e-08
6.1997e-08
6.2343e-08
6.269e-08
6.3039e-08
6.3389e-08
6.3742e-08
6.4096e-08
6.4452e-08
6.481e-08
6.5169e-08
6.5531e-08
6.5894e-08
6.6259e-08
6.6627e-08
6.6996e-08
6.7366e-08
6.7739e-08
6.8114e-08
6.849e-08
6.8869e-08
6.9249e-08
6.9632e-08
7.0016e-08
7.0402e-08
7.079e-08
7.1181e-08
7.1573e-08
7.1967e-08
7.2363e-08
7.2761e-08
7.3161e-08
7.3564e-08
7.3968e-08
7.4374e-08
7.4782e-08
7.5193e-08
7.5605e-08
7.602e-08
7.6437e-08
7.6855e-08
7.7276e-08
7.7699e-08
7.8124e-08
7.8552e-08
7.8981e-08
7.9412e-08
7.9846e-08
8.0282e-08
8.072e-08
8.1161e-08
8.1603e-08
8.2048e-08
8.2495e-08
8.2944e-08
8.3395e-08
8.3849e-08
8.4305e-08
8.4763e-08
8.5224e-08
8.5687e-08
8.6152e-08
8.6619e-08
8.7089e-08
8.7561e-08
8.8036e-08
8.8512e-08
8.8992e-08
8.9473e-08
8.9957e-08
9.0444e-08
9.0932e-08
9.1424e-08
9.1917e-08
9.2413e-08
9.2912e-08
9.3413e-08
9.3917e-08
9.4423e-08
9.4931e-08
9.5442e-08
9.5956e-08
9.6472e-08
9.699e-08
9.7511e-08
9.8035e-08
9.8562e-08
9.909e-08
9.9622e-08
1.0016e-07
1.0069e-07
1.0123e-07
1.0177e-07
1.0232e-07
1.0287e-07
1.0342e-07
1.0397e-07
1.0452e-07
1.0508e-07
1.0564e-07
1.0621e-07
1.0677e-07
1.0734e-07
1.0791e-07
1.0849e-07
1.0907e-07
1.0965e-07
1.1023e-07
1.1082e-07
1.1141e-07
1.12e-07
1.1259e-07
1.1319e-07
1.1379e-07
1.1439e-07
1.15e-07
1.1561e-07
1.1622e-07
1.1684e-07
1.1745e-07
1.1807e-07
1.187e-07
1.1933e-07
1.1996e-07
1.2059e-07
1.2123e-07
1.2186e-07
1.2251e-07
1.2315e-07
1.238e-07
1.2445e-07
1.2511e-07
1.2577e-07
1.2643e-07
1.2709e-07
1.2776e-07
1.2843e-07
1.291e-07
1.2978e-07
1.3046e-07
1.3114e-07
1.3183e-07
1.3252e-07
1.3321e-07
1.3391e-07
1.3461e-07
1.3531e-07
1.3602e-07
1.3673e-07
1.3744e-07
1.3816e-07
1.3888e-07
1.3961e-07
1.4033e-07
1.4106e-07
1.418e-07
1.4254e-07
1.4328e-07
1.4402e-07
1.4477e-07
1.4552e-07
1.4628e-07
1.4703e-07
1.478e-07
1.4856e-07
1.4933e-07
1.5011e-07
1.5088e-07
1.5166e-07
1.5245e-07
1.5324e-07
1.5403e-07
1.5482e-07
1.5562e-07
1.5642e-07
1.5723e-07
1.5804e-07
1.5886e-07
1.5967e-07
1.6049e-07
1.6132e-07
1.6215e-07
1.6298e-07
1.6382e-07
1.6466e-07
1.6551e-07
1.6636e-07
1.6721e-07
1.6807e-07
1.6893e-07
1.6979e-07
1.7066e-07
1.7153e-07
1.7241e-07
1.7329e-07
1.7418e-07
1.7507e-07
1.7596e-07
1.7686e-07
1.7776e-07
1.7867e-07
1.7958e-07
1.8049e-07
1.8141e-07
1.8233e-07
1.8326e-07
1.8419e-07
1.8513e-07
1.8607e-07
1.8701e-07
1.8796e-07
1.8891e-07
1.8987e-07
1.9083e-07
1.918e-07
1.9277e-07
1.9374e-07
1.9472e-07
1.9571e-07
1.967e-07
1.9769e-07
1.9869e-07
1.9969e-07
2.007e-07
2.0171e-07
2.0272e-07
2.0374e-07
2.0477e-07
2.058e-07
2.0683e-07
2.0787e-07
2.0892e-07
2.0997e-07
2.1102e-07
2.1208e-07
2.1314e-07
2.1421e-07
2.1528e-07
2.1636e-07
2.1744e-07
2.1853e-07
2.1962e-07
2.2072e-07
2.2182e-07
2.2293e-07
2.2404e-07
2.2516e-07
2.2628e-07
2.2741e-07
2.2854e-07
2.2968e-07
2.3082e-07
2.3197e-07
2.3312e-07
2.3428e-07
2.3544e-07
2.3661e-07
2.3778e-07
2.3896e-07
2.4015e-07
2.4134e-07
2.4253e-07
2.4373e-07
2.4494e-07
2.4615e-07
2.4736e-07
2.4859e-07
2.4981e-07
2.5105e-07
2.5228e-07
2.5353e-07
2.5478e-07
2.5603e-07
2.5729e-07
2.5856e-07
2.5983e-07
2.6111e-07
2.6239e-07
2.6368e-07
2.6497e-07
2.6627e-07
2.6758e-07
2.6889e-07
2.7021e-07
2.7153e-07
2.7286e-07
2.7419e-07
2.7553e-07
2.7688e-07
2.7823e-07
2.7959e-07
2.8095e-07
2.8232e-07
2.837e-07
2.8508e-07
2.8647e-07
2.8787e-07
2.8927e-07
2.9067e-07
2.9209e-07
2.935e-07
2.9493e-07
2.9636e-07
2.978e-07
2.9924e-07
3.0069e-07
3.0215e-07
3.0361e-07
3.0508e-07
3.0656e-07
3.0804e-07
3.0953e-07
3.1102e-07
3.1252e-07
3.1403e-07
3.1554e-07
3.1707e-07
3.1859e-07
3.2013e-07
3.2167e-07
3.2321e-07
3.2477e-07
3.2633e-07
3.279e-07
3.2947e-07
3.3105e-07
3.3264e-07
3.3423e-07
3.3583e-07
3.3744e-07
3.3906e-07
3.4068e-07
3.4231e-07
3.4394e-07
3.4559e-07
3.4724e-07
3.4889e-07
3.5056e-07
3.5223e-07
3.5391e-07
3.5559e-07
3.5729e-07
3.5899e-07
3.6069e-07
3.6241e-07
3.6413e-07
3.6586e-07
3.6759e-07
3.6934e-07
3.7109e-07
3.7285e-07
3.7461e-07
3.7639e-07
3.7817e-07
3.7996e-07
3.8175e-07
3.8356e-07
3.8537e-07
3.8719e-07
3.8901e-07
3.9085e-07
3.9269e-07
3.9454e-07
3.9639e-07
3.9826e-07
4.0013e-07
4.0201e-07
4.039e-07
4.058e-07
4.077e-07
4.0961e-07
4.1154e-07
4.1346e-07
4.154e-07
4.1734e-07
4.193e-07
4.2126e-07
4.2323e-07
4.252e-07
4.2719e-07
4.2918e-07
4.3119e-07
4.332e-07
4.3521e-07
4.3724e-07
4.3928e-07
4.4132e-07
4.4337e-07
4.4543e-07
4.475e-07
4.4958e-07
4.5167e-07
4.5376e-07
4.5587e-07
4.5798e-07
4.601e-07
4.6223e-07
4.6437e-07
4.6651e-07
4.6867e-07
4.7083e-07
4.7301e-07
4.7519e-07
4.7738e-07
4.7958e-07
4.8179e-07
4.8401e-07
4.8624e-07
4.8848e-07
4.9072e-07
4.9298e-07
4.9524e-07
4.9751e-07
4.998e-07
5.0209e-07
5.0439e-07
5.067e-07
5.0902e-07
5.1135e-07
5.1369e-07
5.1604e-07
5.1839e-07
5.2076e-07
5.2314e-07
5.2553e-07
5.2792e-07
5.3033e-07
5.3274e-07
5.3517e-07
5.376e-07
5.4005e-07
5.425e-07
5.4497e-07
5.4744e-07
5.4993e-07
5.5242e-07
5.5492e-07
5.5744e-07
5.5996e-07
5.625e-07
5.6504e-07
5.676e-07
5.7016e-07
5.7274e-07
5.7532e-07
5.7792e-07
5.8052e-07
5.8314e-07
5.8577e-07
5.884e-07
5.9105e-07
5.9371e-07
5.9638e-07
5.9906e-07
6.0175e-07
6.0445e-07
6.0716e-07
6.0988e-07
6.1261e-07
6.1536e-07
6.1811e-07
6.2088e-07
6.2365e-07
6.2644e-07
6.2924e-07
6.3205e-07
6.3487e-07
6.377e-07
6.4054e-07
6.4339e-07
6.4626e-07
6.4913e-07
6.5202e-07
6.5492e-07
6.5783e-07
6.6075e-07
6.6368e-07
6.6663e-07
6.6958e-07
6.7255e-07
6.7553e-07
6.7852e-07
6.8152e-07
6.8453e-07
6.8755e-07
6.9059e-07
6.9364e-07
6.967e-07
6.9977e-07
7.0285e-07
7.0595e-07
7.0906e-07
7.1218e-07
7.1531e-07
7.1845e-07
7.2161e-07
7.2478e-07
7.2796e-07
7.3115e-07
7.3435e-07
7.3757e-07
7.408e-07
7.4404e-07
7.4729e-07
7.5056e-07
7.5384e-07
7.5713e-07
7.6043e-07
7.6375e-07
7.6708e-07
7.7042e-07
7.7378e-07
7.7714e-07
7.8052e-07
7.8392e-07
7.8732e-07
7.9074e-07
7.9417e-07
7.9762e-07
8.0108e-07
8.0455e-07
8.0803e-07
8.1153e-07
8.1504e-07
8.1856e-07
8.221e-07
8.2565e-07
8.2921e-07
8.3279e-07
8.3638e-07
8.3998e-07
8.436e-07
8.4723e-07
8.5088e-07
8.5454e-07
8.5821e-07
8.6189e-07
8.6559e-07
8.6931e-07
8.7303e-07
8.7677e-07
8.8053e-07
8.843e-07
8.8808e-07
8.9188e-07
8.9569e-07
8.9951e-07
9.0335e-07
9.0721e-07
9.1107e-07
9.1496e-07
9.1885e-07
9.2276e-07
9.2669e-07
9.3063e-07
9.3458e-07
9.3855e-07
9.4254e-07
9.4654e-07
9.5055e-07
9.5458e-07
9.5862e-07
9.6268e-07
9.6675e-07
9.7084e-07
9.7494e-07
9.7905e-07
9.8319e-07
9.8733e-07
9.915e-07
9.9567e-07
9.9987e-07
1.0041e-06
1.0083e-06
1.0125e-06
1.0168e-06
1.0211e-06
1.0253e-06
1.0296e-06
1.034e-06
1.0383e-06
1.0426e-06
1.047e-06
1.0514e-06
1.0558e-06
1.0602e-06
1.0646e-06
1.0691e-06
1.0735e-06
1.078e-06
1.0825e-06
1.087e-06
1.0915e-06
1.0961e-06
1.1006e-06
1.1052e-06
1.1098e-06
1.1144e-06
1.119e-06
1.1236e-06
1.1283e-06
1.133e-06
1.1376e-06
1.1423e-06
1.1471e-06
1.1518e-06
1.1566e-06
1.1613e-06
1.1661e-06
1.1709e-06
1.1757e-06
1.1806e-06
1.1854e-06
1.1903e-06
1.1952e-06
1.2001e-06
1.205e-06
1.21e-06
1.2149e-06
1.2199e-06
1.2249e-06
1.2299e-06
1.2349e-06
1.24e-06
1.2451e-06
1.2501e-06
1.2552e-06
1.2604e-06
1.2655e-06
1.2707e-06
1.2758e-06
1.281e-06
1.2862e-06
1.2914e-06
1.2967e-06
1.302e-06
1.3072e-06
1.3125e-06
1.3179e-06
1.3232e-06
1.3285e-06
1.3339e-06
1.3393e-06
1.3447e-06
1.3501e-06
1.3556e-06
1.3611e-06
1.3665e-06
1.372e-06
1.3776e-06
1.3831e-06
1.3887e-06
1.3942e-06
1.3998e-06
1.4055e-06
1.4111e-06
1.4168e-06
1.4224e-06
1.4281e-06
1.4338e-06
1.4396e-06
1.4453e-06
1.4511e-06
1.4569e-06
1.4627e-06
1.4685e-06
1.4744e-06
1.4803e-06
1.4861e-06
1.4921e-06
1.498e-06
1.5039e-06
1.5099e-06
1.5159e-06
1.5219e-06
1.5279e-06
1.534e-06
1.5401e-06
1.5462e-06
1.5523e-06
1.5584e-06
1.5646e-06
1.5707e-06
1.5769e-06
1.5831e-06
1.5894e-06
1.5956e-06
1.6019e-06
1.6082e-06
1.6145e-06
1.6209e-06
1.6272e-06
1.6336e-06
1.64e-06
1.6464e-06
1.6529e-06
1.6594e-06
1.6658e-06
1.6724e-06
1.6789e-06
1.6854e-06
1.692e-06
1.6986e-06
1.7052e-06
1.7119e-06
1.7185e-06
1.7252e-06
1.7319e-06
1.7386e-06
1.7454e-06
1.7522e-06
1.759e-06
1.7658e-06
1.7726e-06
1.7795e-06
1.7864e-06
1.7933e-06
1.8002e-06
1.8071e-06
1.8141e-06
1.8211e-06
1.8281e-06
1.8352e-06
1.8422e-06
1.8493e-06
1.8564e-06
1.8635e-06
1.8707e-06
1.8779e-06
1.8851e-06
1.8923e-06
1.8995e-06
1.9068e-06
1.9141e-06
1.9214e-06
1.9288e-06
1.9361e-06
1.9435e-06
1.9509e-06
1.9584e-06
1.9658e-06
1.9733e-06
1.9808e-06
1.9883e-06
1.9959e-06
2.0035e-06
2.0111e-06
2.0187e-06
2.0263e-06
2.034e-06
2.0417e-06
2.0494e-06
2.0572e-06
2.0649e-06
2.0727e-06
2.0805e-06
2.0884e-06
2.0963e-06
2.1041e-06
2.1121e-06
2.12e-06
2.128e-06
2.136e-06
2.144e-06
2.152e-06
2.1601e-06
2.1682e-06
2.1763e-06
2.1844e-06
2.1926e-06
2.2008e-06
2.209e-06
2.2173e-06
2.2255e-06
2.2338e-06
2.2421e-06
2.2505e-06
2.2589e-06
2.2673e-06
2.2757e-06
2.2841e-06
2.2926e-06
2.3011e-06
2.3096e-06
2.3182e-06
2.3268e-06
2.3354e-06
2.344e-06
2.3526e-06
2.3613e-06
2.37e-06
2.3788e-06
2.3875e-06
2.3963e-06
2.4051e-06
2.414e-06
2.4229e-06
2.4318e-06
2.4407e-06
2.4496e-06
2.4586e-06
2.4676e-06
2.4766e-06
2.4857e-06
2.4948e-06
2.5039e-06
2.513e-06
2.5222e-06
2.5314e-06
2.5406e-06
2.5499e-06
2.5592e-06
2.5685e-06
2.5778e-06
2.5872e-06
2.5965e-06
2.606e-06
2.6154e-06
2.6249e-06
2.6344e-06
2.6439e-06
2.6535e-06
2.663e-06
2.6727e-06
2.6823e-06
2.692e-06
2.7017e-06
2.7114e-06
2.7212e-06
2.7309e-06
2.7408e-06
2.7506e-06
2.7605e-06
2.7704e-06
2.7803e-06
2.7902e-06
2.8002e-06
2.8103e-06
2.8203e-06
2.8304e-06
2.8405e-06
2.8506e-06
2.8608e-06
2.871e-06
2.8812e-06
2.8914e-06
2.9017e-06
2.912e-06
2.9224e-06
2.9327e-06
2.9431e-06
2.9535e-06
2.964e-06
2.9745e-06
2.985e-06
2.9956e-06
3.0061e-06
3.0167e-06
3.0274e-06
3.038e-06
3.0487e-06
3.0595e-06
3.0702e-06
3.081e-06
3.0918e-06
3.1027e-06
3.1136e-06
3.1245e-06
3.1354e-06
3.1464e-06
3.1574e-06
3.1685e-06
3.1795e-06
3.1906e-06
3.2018e-06
3.2129e-06
3.2241e-06
3.2353e-06
3.2466e-06
3.2579e-06
3.2692e-06
3.2805e-06
3.2919e-06
3.3033e-06
3.3148e-06
3.3263e-06
3.3378e-06
3.3493e-06
3.3609e-06
3.3725e-06
3.3841e-06
3.3958e-06
3.4075e-06
3.4192e-06
3.431e-06
3.4428e-06
3.4546e-06
3.4665e-06
3.4784e-06
3.4903e-06
3.5022e-06
3.5142e-06
3.5263e-06
3.5383e-06
3.5504e-06
3.5625e-06
3.5747e-06
3.5869e-06
3.5991e-06
3.6113e-06
3.6236e-06
3.6359e-06
3.6483e-06
3.6607e-06
3.6731e-06
3.6856e-06
3.6981e-06
3.7106e-06
3.7231e-06
3.7357e-06
3.7483e-06
3.761e-06
3.7737e-06
3.7864e-06
3.7992e-06
3.812e-06
3.8248e-06
3.8376e-06
3.8505e-06
3.8635e-06
3.8764e-06
3.8894e-06
3.9024e-06
3.9155e-06
3.9286e-06
3.9417e-06
3.9549e-06
3.9681e-06
3.9813e-06
3.9946e-06
4.0079e-06
4.0213e-06
4.0346e-06
4.048e-06
4.0615e-06
4.075e-06
4.0885e-06
4.102e-06
4.1156e-06
4.1292e-06
4.1429e-06
4.1566e-06
4.1703e-06
4.1841e-06
4.1979e-06
4.2117e-06
4.2256e-06
4.2395e-06
4.2534e-06
4.2674e-06
4.2814e-06
4.2954e-06
4.3095e-06
4.3236e-06
4.3378e-06
4.352e-06
4.3662e-06
4.3805e-06
4.3948e-06
4.4091e-06
4.4235e-06
4.4379e-06
4.4523e-06
4.4668e-06
4.4813e-06
4.4959e-06
4.5105e-06
4.5251e-06
4.5398e-06
4.5545e-06
4.5692e-06
4.584e-06
4.5988e-06
4.6136e-06
4.6285e-06
4.6434e-06
4.6584e-06
4.6734e-06
4.6884e-06
4.7035e-06
4.7186e-06
4.7337e-06
4.7489e-06
4.7641e-06
4.7794e-06
4.7947e-06
4.81e-06
4.8254e-06
4.8408e-06
4.8562e-06
4.8717e-06
4.8872e-06
4.9028e-06
4.9184e-06
4.934e-06
4.9497e-06
4.9654e-06
4.9811e-06
4.9969e-06
5.0128e-06
5.0286e-06
5.0445e-06
5.0604e-06
5.0764e-06
5.0924e-06
5.1085e-06
5.1246e-06
5.1407e-06
5.1569e-06
5.1731e-06
5.1893e-06
5.2056e-06
5.2219e-06
5.2383e-06
5.2547e-06
5.2711e-06
5.2876e-06
5.3041e-06
5.3207e-06
5.3373e-06
5.3539e-06
5.3706e-06
5.3873e-06
5.404e-06
5.4208e-06
5.4377e-06
5.4545e-06
5.4714e-06
5.4884e-06
5.5054e-06
5.5224e-06
5.5395e-06
5.5566e-06
5.5737e-06
5.5909e-06
5.6081e-06
5.6254e-06
5.6427e-06
5.66e-06
5.6774e-06
5.6948e-06
5.7123e-06
5.7298e-06
5.7473e-06
5.7649e-06
5.7825e-06
5.8002e-06
5.8179e-06
5.8356e-06
5.8534e-06
5.8713e-06
5.8891e-06
5.907e-06
5.925e-06
5.9429e-06
5.961e-06
5.979e-06
5.9971e-06
6.0153e-06
6.0335e-06
6.0517e-06
6.07e-06
6.0883e-06
6.1066e-06
6.125e-06
6.1434e-06
6.1619e-06
6.1804e-06
6.199e-06
6.2176e-06
6.2362e-06
6.2549e-06
6.2736e-06
6.2924e-06
6.3112e-06
6.33e-06
6.3489e-06
6.3678e-06
6.3868e-06
6.4058e-06
6.4248e-06
6.4439e-06
6.463e-06
6.4822e-06
6.5014e-06
6.5207e-06
6.54e-06
6.5593e-06
6.5787e-06
6.5981e-06
6.6176e-06
6.6371e-06
6.6566e-06
6.6762e-06
6.6958e-06
6.7155e-06
6.7352e-06
6.755e-06
6.7748e-06
6.7946e-06
6.8145e-06
6.8344e-06
6.8544e-06
6.8744e-06
6.8944e-06
6.9145e-06
6.9346e-06
6.9548e-06
6.975e-06
6.9953e-06
7.0156e-06
7.0359e-06
7.0563e-06
7.0767e-06
7.0972e-06
7.1177e-06
7.1383e-06
7.1589e-06
7.1795e-06
7.2002e-06
7.2209e-06
7.2417e-06
7.2625e-06
7.2833e-06
7.3042e-06
7.3252e-06
7.3461e-06
7.3672e-06
7.3882e-06
7.4093e-06
7.4305e-06
7.4517e-06
7.4729e-06
7.4942e-06
7.5155e-06
7.5369e-06
7.5583e-06
7.5797e-06
7.6012e-06
7.6227e-06
7.6443e-06
7.6659e-06
7.6876e-06
7.7093e-06
7.731e-06
7.7528e-06
7.7747e-06
7.7965e-06
7.8184e-06
7.8404e-06
7.8624e-06
7.8845e-06
7.9066e-06
7.9287e-06
7.9509e-06
7.9731e-06
7.9953e-06
8.0177e-06
8.04e-06
8.0624e-06
8.0848e-06
8.1073e-06
8.1298e-06
8.1524e-06
8.175e-06
8.1977e-06
8.2203e-06
8.2431e-06
8.2659e-06
8.2887e-06
8.3116e-06
8.3345e-06
8.3574e-06
8.3804e-06
8.4035e-06
8.4265e-06
8.4497e-06
8.4728e-06
8.4961e-06
8.5193e-06
8.5426e-06
8.566e-06
8.5894e-06
8.6128e-06
8.6363e-06
8.6598e-06
8.6833e-06
8.7069e-06
8.7306e-06
8.7543e-06
8.778e-06
8.8018e-06
8.8256e-06
8.8495e-06
8.8734e-06
8.8973e-06
8.9213e-06
8.9454e-06
8.9695e-06
8.9936e-06
9.0178e-06
9.042e-06
9.0662e-06
9.0905e-06
9.1149e-06
9.1393e-06
9.1637e-06
9.1882e-06
9.2127e-06
9.2372e-06
9.2618e-06
9.2865e-06
9.3112e-06
9.3359e-06
9.3607e-06
9.3855e-06
9.4104e-06
9.4353e-06
9.4602e-06
9.4852e-06
9.5103e-06
9.5354e-06
9.5605e-06
9.5857e-06
9.6109e-06
9.6361e-06
9.6614e-06
9.6868e-06
9.7122e-06
9.7376e-06
9.7631e-06
9.7886e-06
9.8141e-06
9.8397e-06
9.8654e-06
9.8911e-06
9.9168e-06
9.9426e-06
9.9684e-06
9.9943e-06
1.002e-05
1.0046e-05
1.0072e-05
1.0098e-05
1.0124e-05
1.015e-05
1.0177e-05
1.0203e-05
1.0229e-05
1.0255e-05
1.0282e-05
1.0308e-05
1.0334e-05
1.0361e-05
1.0387e-05
1.0414e-05
1.0441e-05
1.0467e-05
1.0494e-05
1.0521e-05
1.0547e-05
1.0574e-05
1.0601e-05
1.0628e-05
1.0655e-05
1.0682e-05
1.0709e-05
1.0736e-05
1.0763e-05
1.079e-05
1.0817e-05
1.0845e-05
1.0872e-05
1.0899e-05
1.0927e-05
1.0954e-05
1.0982e-05
1.1009e-05
1.1037e-05
1.1064e-05
1.1092e-05
1.1119e-05
1.1147e-05
1.1175e-05
1.1203e-05
1.1231e-05
1.1258e-05
1.1286e-05
1.1314e-05
1.1342e-05
1.137e-05
1.1398e-05
1.1427e-05
1.1455e-05
1.1483e-05
1.1511e-05
1.154e-05
1.1568e-05
1.1596e-05
1.1625e-05
1.1653e-05
1.1682e-05
1.171e-05
1.1739e-05
1.1767e-05
1.1796e-05
1.1825e-05
1.1854e-05
1.1882e-05
1.1911e-05
1.194e-05
1.1969e-05
1.1998e-05
1.2027e-05
1.2056e-05
1.2085e-05
1.2114e-05
1.2144e-05
1.2173e-05
1.2202e-05
1.2231e-05
1.2261e-05
1.229e-05
1.232e-05
1.2349e-05
1.2379e-05
1.2408e-05
1.2438e-05
1.2467e-05
1.2497e-05
1.2527e-05
1.2556e-05
1.2586e-05
1.2616e-05
1.2646e-05
1.2676e-05
1.2706e-05
1.2736e-05
1.2766e-05
1.2796e-05
1.2826e-05
1.2856e-05
1.2886e-05
1.2917e-05
1.2947e-05
1.2977e-05
1.3008e-05
1.3038e-05
1.3068e-05
1.3099e-05
1.3129e-05
1.316e-05
1.3191e-05
1.3221e-05
1.3252e-05
1.3283e-05
1.3313e-05
1.3344e-05
1.3375e-05
1.3406e-05
1.3437e-05
1.3468e-05
1.3499e-05
1.353e-05
1.3561e-05
1.3592e-05
1.3623e-05
1.3654e-05
1.3686e-05
1.3717e-05
1.3748e-05
1.378e-05
1.3811e-05
1.3842e-05
1.3874e-05
1.3905e-05
1.3937e-05
1.3968e-05
1.4e-05
1.4032e-05
1.4063e-05
1.4095e-05
1.4127e-05
1.4159e-05
1.4191e-05
1.4222e-05
1.4254e-05
1.4286e-05
1.4318e-05
1.435e-05
1.4382e-05
1.4415e-05
1.4447e-05
1.4479e-05
1.4511e-05
1.4543e-05
1.4576e-05
1.4608e-05
1.464e-05
1.4673e-05
1.4705e-05
1.4738e-05
1.477e-05
1.4803e-05
1.4835e-05
1.4868e-05
1.4901e-05
1.4933e-05
1.4966e-05
1.4999e-05
1.5032e-05
1.5064e-05
1.5097e-05
1.513e-05
1.5163e-05
1.5196e-05
1.5229e-05
1.5262e-05
1.5295e-05
1.5328e-05
1.5362e-05
1.5395e-05
1.5428e-05
1.5461e-05
1.5495e-05
1.5528e-05
1.5561e-05
1.5595e-05
1.5628e-05
1.5662e-05
1.5695e-05
1.5729e-05
1.5762e-05
1.5796e-05
1.583e-05
1.5863e-05
1.5897e-05
1.5931e-05
1.5964e-05
1.5998e-05
1.6032e-05
1.6066e-05
1.61e-05
1.6134e-05
1.6168e-05
1.6202e-05
1.6236e-05
1.627e-05
1.6304e-05
1.6338e-05
1.6372e-05
1.6407e-05
1.6441e-05
1.6475e-05
1.6509e-05
1.6544e-05
1.6578e-05
1.6613e-05
1.6647e-05
1.6682e-05
1.6716e-05
1.6751e-05
1.6785e-05
1.682e-05
1.6854e-05
1.6889e-05
1.6924e-05
1.6958e-05
1.6993e-05
1.7028e-05
1.7063e-05
1.7098e-05
1.7132e-05
1.7167e-05
1.7202e-05
1.7237e-05
1.7272e-05
1.7307e-05
1.7342e-05
1.7377e-05
1.7412e-05
1.7448e-05
1.7483e-05
1.7518e-05
1.7553e-05
1.7588e-05
1.7624e-05
1.7659e-05
1.7694e-05
1.773e-05
1.7765e-05
1.7801e-05
1.7836e-05
1.7872e-05
1.7907e-05
1.7943e-05
1.7978e-05
1.8014e-05
1.8049e-05
1.8085e-05
1.8121e-05
1.8156e-05
1.8192e-05
1.8228e-05
1.8264e-05
1.83e-05
1.8335e-05
1.8371e-05
1.8407e-05
1.8443e-05
1.8479e-05
1.8515e-05
1.8551e-05
1.8587e-05
1.8623e-05
1.8659e-05
1.8695e-05
1.8731e-05
1.8768e-05
1.8804e-05
1.884e-05
1.8876e-05
1.8912e-05
1.8949e-05
1.8985e-05
1.9021e-05
1.9058e-05
1.9094e-05
1.913e-05
1.9167e-05
1.9203e-05
1.924e-05
1.9276e-05
1.9313e-05
1.9349e-05
1.9386e-05
1.9422e-05
1.9459e-05
1.9496e-05
1.9532e-05
1.9569e-05
1.9606e-05
1.9642e-05
1.9679e-05
1.9716e-05
1.9753e-05
1.979e-05
1.9826e-05
1.9863e-05
1.99e-05
1.9937e-05
1.9974e-05
2.0011e-05
2.0048e-05
2.0085e-05
2.0122e-05
2.0159e-05
2.0196e-05
2.0233e-05
2.027e-05
2.0307e-05
2.0344e-05
2.0381e-05
2.0418e-05
2.0456e-05
2.0493e-05
2.053e-05
2.0567e-05
2.0605e-05
2.0642e-05
2.0679e-05
2.0716e-05
2.0754e-05
2.0791e-05
2.0828e-05
2.0866e-05
2.0903e-05
2.0941e-05
2.0978e-05
2.1015e-05
2.1053e-05
2.109e-05
2.1128e-05
2.1165e-05
2.1203e-05
2.124e-05
2.1278e-05
2.1316e-05
2.1353e-05
2.1391e-05
2.1428e-05
2.1466e-05
2.1504e-05
2.1541e-05
2.1579e-05
2.1617e-05
2.1654e-05
2.1692e-05
2.173e-05
2.1768e-05
2.1805e-05
2.1843e-05
2.1881e-05
2.1919e-05
2.1957e-05
2.1994e-05
2.2032e-05
2.207e-05
2.2108e-05
2.2146e-05
2.2184e-05
2.2222e-05
2.226e-05
2.2297e-05
2.2335e-05
2.2373e-05
2.2411e-05
2.2449e-05
2.2487e-05
2.2525e-05
2.2563e-05
2.2601e-05
2.2639e-05
2.2677e-05
2.2715e-05
2.2753e-05
2.2792e-05
2.283e-05
2.2868e-05
2.2906e-05
2.2944e-05
2.2982e-05
2.302e-05
2.3058e-05
2.3096e-05
2.3135e-05
2.3173e-05
2.3211e-05
2.3249e-05
2.3287e-05
2.3325e-05
2.3364e-05
2.3402e-05
2.344e-05
2.3478e-05
2.3516e-05
2.3555e-05
2.3593e-05
2.3631e-05
2.3669e-05
2.3708e-05
2.3746e-05
2.3784e-05
2.3822e-05
2.3861e-05
2.3899e-05
2.3937e-05
2.3975e-05
2.4014e-05
2.4052e-05
2.409e-05
2.4129e-05
2.4167e-05
2.4205e-05
2.4244e-05
2.4282e-05
2.432e-05
2.4358e-05
2.4397e-05
2.4435e-05
2.4473e-05
2.4512e-05
2.455e-05
2.4588e-05
2.4627e-05
2.4665e-05
2.4703e-05
2.4742e-05
2.478e-05
2.4818e-05
2.4857e-05
2.4895e-05
2.4933e-05
2.4972e-05
2.501e-05
2.5048e-05
2.5087e-05
2.5125e-05
2.5163e-05
2.5202e-05
2.524e-05
2.5278e-05
2.5317e-05
2.5355e-05
2.5393e-05
2.5432e-05
2.547e-05
2.5508e-05
2.5546e-05
2.5585e-05
2.5623e-05
2.5661e-05
2.57e-05
2.5738e-05
2.5776e-05
2.5814e-05
2.5853e-05
2.5891e-05
2.5929e-05
2.5968e-05
2.6006e-05
2.6044e-05
2.6082e-05
2.6121e-05
2.6159e-05
2.6197e-05
2.6235e-05
2.6273e-05
2.6312e-05
2.635e-05
2.6388e-05
2.6426e-05
2.6464e-05
2.6502e-05
2.6541e-05
2.6579e-05
2.6617e-05
2.6655e-05
2.6693e-05
2.6731e-05
2.6769e-05
2.6808e-05
2.6846e-05
2.6884e-05
2.6922e-05
2.696e-05
2.6998e-05
2.7036e-05
2.7074e-05
2.7112e-05
2.715e-05
2.7188e-05
2.7226e-05
2.7264e-05
2.7302e-05
2.734e-05
2.7378e-05
2.7416e-05
2.7454e-05
2.7491e-05
2.7529e-05
2.7567e-05
2.7605e-05
2.7643e-05
2.7681e-05
2.7718e-05
2.7756e-05
2.7794e-05
2.7832e-05
2.787e-05
2.7907e-05
2.7945e-05
2.7983e-05
2.802e-05
2.8058e-05
2.8096e-05
2.8133e-05
2.8171e-05
2.8209e-05
2.8246e-05
2.8284e-05
2.8321e-05
2.8359e-05
2.8396e-05
2.8434e-05
2.8471e-05
2.8509e-05
2.8546e-05
2.8584e-05
2.8621e-05
2.8659e-05
2.8696e-05
2.8733e-05
2.8771e-05
2.8808e-05
2.8845e-05
2.8883e-05
2.892e-05
2.8957e-05
2.8994e-05
2.9031e-05
2.9069e-05
2.9106e-05
2.9143e-05
2.918e-05
2.9217e-05
2.9254e-05
2.9291e-05
2.9328e-05
2.9365e-05
2.9402e-05
2.9439e-05
2.9476e-05
2.9513e-05
2.955e-05
2.9587e-05
2.9623e-05
2.966e-05
2.9697e-05
2.9734e-05
2.977e-05
2.9807e-05
2.9844e-05
2.9881e-05
2.9917e-05
2.9954e-05
2.999e-05
3.0027e-05
3.0063e-05
3.01e-05
3.0136e-05
3.0173e-05
3.0209e-05
3.0246e-05
3.0282e-05
3.0318e-05
3.0354e-05
3.0391e-05
3.0427e-05
3.0463e-05
3.0499e-05
3.0536e-05
3.0572e-05
3.0608e-05
3.0644e-05
3.068e-05
3.0716e-05
3.0752e-05
3.0788e-05
3.0824e-05
3.0859e-05
3.0895e-05
3.0931e-05
3.0967e-05
3.1003e-05
3.1038e-05
3.1074e-05
3.111e-05
3.1145e-05
3.1181e-05
3.1216e-05
3.1252e-05
3.1287e-05
3.1323e-05
3.1358e-05
3.1394e-05
3.1429e-05
3.1464e-05
3.15e-05
3.1535e-05
3.157e-05
3.1605e-05
3.164e-05
3.1675e-05
3.171e-05
3.1745e-05
3.178e-05
3.1815e-05
3.185e-05
3.1885e-05
3.192e-05
3.1955e-05
3.1989e-05
3.2024e-05
3.2059e-05
3.2094e-05
3.2128e-05
3.2163e-05
3.2197e-05
3.2232e-05
3.2266e-05
3.2301e-05
3.2335e-05
3.2369e-05
3.2403e-05
3.2438e-05
3.2472e-05
3.2506e-05
3.254e-05
3.2574e-05
3.2608e-05
3.2642e-05
3.2676e-05
3.271e-05
3.2744e-05
3.2778e-05
3.2812e-05
3.2845e-05
3.2879e-05
3.2913e-05
3.2946e-05
3.298e-05
3.3013e-05
3.3047e-05
3.308e-05
3.3114e-05
3.3147e-05
3.318e-05
3.3214e-05
3.3247e-05
3.328e-05
3.3313e-05
3.3346e-05
3.3379e-05
3.3412e-05
3.3445e-05
3.3478e-05
3.3511e-05
3.3543e-05
3.3576e-05
3.3609e-05
3.3642e-05
3.3674e-05
3.3707e-05
3.3739e-05
3.3772e-05
3.3804e-05
3.3836e-05
3.3869e-05
3.3901e-05
3.3933e-05
3.3965e-05
3.3997e-05
3.4029e-05
3.4061e-05
3.4093e-05
3.4125e-05
3.4157e-05
3.4189e-05
3.4221e-05
3.4252e-05
3.4284e-05
3.4315e-05
3.4347e-05
3.4378e-05
3.441e-05
3.4441e-05
3.4473e-05
3.4504e-05
3.4535e-05
3.4566e-05
3.4597e-05
3.4628e-05
3.4659e-05
3.469e-05
3.4721e-05
3.4752e-05
3.4783e-05
3.4813e-05
3.4844e-05
3.4875e-05
3.4905e-05
3.4936e-05
3.4966e-05
3.4997e-05
3.5027e-05
3.5057e-05
3.5087e-05
3.5117e-05
3.5148e-05
3.5178e-05
3.5208e-05
3.5237e-05
3.5267e-05
3.5297e-05
3.5327e-05
3.5357e-05
3.5386e-05
3.5416e-05
3.5445e-05
3.5475e-05
3.5504e-05
3.5533e-05
3.5563e-05
3.5592e-05
3.5621e-05
3.565e-05
3.5679e-05
3.5708e-05
3.5737e-05
3.5766e-05
3.5795e-05
3.5823e-05
3.5852e-05
3.5881e-05
3.5909e-05
3.5938e-05
3.5966e-05
3.5994e-05
3.6023e-05
3.6051e-05
3.6079e-05
3.6107e-05
3.6135e-05
3.6163e-05
3.6191e-05
3.6219e-05
3.6247e-05
3.6274e-05
3.6302e-05
3.6329e-05
3.6357e-05
3.6384e-05
3.6412e-05
3.6439e-05
3.6466e-05
3.6493e-05
3.6521e-05
3.6548e-05
3.6575e-05
3.6601e-05
3.6628e-05
3.6655e-05
3.6682e-05
3.6708e-05
3.6735e-05
3.6761e-05
3.6788e-05
3.6814e-05
3.6841e-05
3.6867e-05
3.6893e-05
3.6919e-05
3.6945e-05
3.6971e-05
3.6997e-05
3.7023e-05
3.7048e-05
3.7074e-05
3.71e-05
3.7125e-05
3.7151e-05
3.7176e-05
3.7201e-05
3.7227e-05
3.7252e-05
3.7277e-05
3.7302e-05
3.7327e-05
3.7352e-05
3.7377e-05
3.7401e-05
3.7426e-05
3.7451e-05
3.7475e-05
3.75e-05
3.7524e-05
3.7548e-05
3.7572e-05
3.7597e-05
3.7621e-05
3.7645e-05
3.7669e-05
3.7693e-05
3.7716e-05
3.774e-05
3.7764e-05
3.7787e-05
3.7811e-05
3.7834e-05
3.7857e-05
3.7881e-05
3.7904e-05
3.7927e-05
3.795e-05
3.7973e-05
3.7996e-05
3.8019e-05
3.8041e-05
3.8064e-05
3.8087e-05
3.8109e-05
3.8131e-05
3.8154e-05
3.8176e-05
3.8198e-05
3.822e-05
3.8242e-05
3.8264e-05
3.8286e-05
3.8308e-05
3.833e-05
3.8351e-05
3.8373e-05
3.8394e-05
3.8416e-05
3.8437e-05
3.8458e-05
3.848e-05
3.8501e-05
3.8522e-05
3.8543e-05
3.8563e-05
3.8584e-05
3.8605e-05
3.8625e-05
3.8646e-05
3.8666e-05
3.8687e-05
3.8707e-05
3.8727e-05
3.8747e-05
3.8767e-05
3.8787e-05
3.8807e-05
3.8827e-05
3.8847e-05
3.8866e-05
3.8886e-05
3.8905e-05
3.8925e-05
3.8944e-05
3.8963e-05
3.8982e-05
3.9001e-05
3.902e-05
3.9039e-05
3.9058e-05
3.9077e-05
3.9095e-05
3.9114e-05
3.9132e-05
3.915e-05
3.9169e-05
3.9187e-05
3.9205e-05
3.9223e-05
3.9241e-05
3.9259e-05
3.9277e-05
3.9294e-05
3.9312e-05
3.9329e-05
3.9347e-05
3.9364e-05
3.9382e-05
3.9399e-05
3.9416e-05
3.9433e-05
3.945e-05
3.9467e-05
3.9483e-05
3.95e-05
3.9516e-05
3.9533e-05
3.9549e-05
3.9566e-05
3.9582e-05
3.9598e-05
3.9614e-05
3.963e-05
3.9646e-05
3.9662e-05
3.9677e-05
3.9693e-05
3.9708e-05
3.9724e-05
3.9739e-05
3.9754e-05
3.977e-05
3.9785e-05
3.98e-05
3.9815e-05
3.9829e-05
3.9844e-05
3.9859e-05
3.9873e-05
3.9888e-05
3.9902e-05
3.9916e-05
3.9931e-05
3.9945e-05
3.9959e-05
3.9973e-05
3.9986e-05
4e-05
4.0014e-05
4.0027e-05
4.0041e-05
4.0054e-05
4.0067e-05
4.0081e-05
4.0094e-05
4.0107e-05
4.012e-05
4.0132e-05
4.0145e-05
4.0158e-05
4.017e-05
4.0183e-05
4.0195e-05
4.0207e-05
4.022e-05
4.0232e-05
4.0244e-05
4.0256e-05
4.0267e-05
4.0279e-05
4.0291e-05
4.0302e-05
4.0314e-05
4.0325e-05
4.0336e-05
4.0347e-05
4.0359e-05
4.037e-05
4.038e-05
4.0391e-05
4.0402e-05
4.0413e-05
4.0423e-05
4.0433e-05
4.0444e-05
4.0454e-05
4.0464e-05
4.0474e-05
4.0484e-05
4.0494e-05
4.0504e-05
4.0513e-05
4.0523e-05
4.0533e-05
4.0542e-05
4.0551e-05
4.056e-05
4.0569e-05
4.0579e-05
4.0587e-05
4.0596e-05
4.0605e-05
4.0614e-05
4.0622e-05
4.0631e-05
4.0639e-05
4.0647e-05
4.0655e-05
4.0663e-05
4.0671e-05
4.0679e-05
4.0687e-05
4.0695e-05
4.0702e-05
4.071e-05
4.0717e-05
4.0725e-05
4.0732e-05
4.0739e-05
4.0746e-05
4.0753e-05
4.076e-05
4.0766e-05
4.0773e-05
4.0779e-05
4.0786e-05
4.0792e-05
4.0799e-05
4.0805e-05
4.0811e-05
4.0817e-05
4.0823e-05
4.0828e-05
4.0834e-05
4.084e-05
4.0845e-05
4.085e-05
4.0856e-05
4.0861e-05
4.0866e-05
4.0871e-05
4.0876e-05
4.0881e-05
4.0885e-05
4.089e-05
4.0895e-05
4.0899e-05
4.0903e-05
4.0908e-05
4.0912e-05
4.0916e-05
4.092e-05
4.0923e-05
4.0927e-05
4.0931e-05
4.0934e-05
4.0938e-05
4.0941e-05
4.0944e-05
4.0948e-05
4.0951e-05
4.0954e-05
4.0957e-05
4.0959e-05
4.0962e-05
4.0965e-05
4.0967e-05
4.0969e-05
4.0972e-05
4.0974e-05
4.0976e-05
4.0978e-05
4.098e-05
4.0982e-05
4.0983e-05
4.0985e-05
4.0986e-05
4.0988e-05
4.0989e-05
4.099e-05
4.0992e-05
4.0993e-05
4.0993e-05
4.0994e-05
4.0995e-05
4.0996e-05
4.0996e-05
4.0997e-05
4.0997e-05
4.0997e-05
4.0997e-05
4.0997e-05
4.0997e-05
4.0997e-05
4.0997e-05
4.0997e-05
4.0996e-05
4.0996e-05
4.0995e-05
4.0994e-05
4.0993e-05
4.0992e-05
4.0991e-05
4.099e-05
4.0989e-05
4.0988e-05
4.0986e-05
4.0985e-05
4.0983e-05
4.0982e-05
4.098e-05
4.0978e-05
4.0976e-05
4.0974e-05
4.0972e-05
4.0969e-05
4.0967e-05
4.0964e-05
4.0962e-05
4.0959e-05
4.0956e-05
4.0953e-05
4.0951e-05
4.0947e-05
4.0944e-05
4.0941e-05
4.0938e-05
4.0934e-05
4.0931e-05
4.0927e-05
4.0923e-05
4.0919e-05
4.0915e-05
4.0911e-05
4.0907e-05
4.0903e-05
4.0899e-05
4.0894e-05
4.089e-05
4.0885e-05
4.088e-05
4.0876e-05
4.0871e-05
4.0866e-05
4.0861e-05
4.0855e-05
4.085e-05
4.0845e-05
4.0839e-05
4.0834e-05
4.0828e-05
4.0822e-05
4.0816e-05
4.081e-05
4.0804e-05
4.0798e-05
4.0792e-05
4.0786e-05
4.0779e-05
4.0773e-05
4.0766e-05
4.0759e-05
4.0752e-05
4.0745e-05
4.0738e-05
4.0731e-05
4.0724e-05
4.0717e-05
4.0709e-05
4.0702e-05
4.0694e-05
4.0687e-05
4.0679e-05
4.0671e-05
4.0663e-05
4.0655e-05
4.0647e-05
4.0638e-05
4.063e-05
4.0622e-05
4.0613e-05
4.0605e-05
4.0596e-05
4.0587e-05
4.0578e-05
4.0569e-05
4.056e-05
4.0551e-05
4.0541e-05
4.0532e-05
4.0523e-05
4.0513e-05
4.0503e-05
4.0493e-05
4.0484e-05
4.0474e-05
4.0464e-05
4.0453e-05
4.0443e-05
4.0433e-05
4.0422e-05
4.0412e-05
4.0401e-05
4.0391e-05
4.038e-05
4.0369e-05
4.0358e-05
4.0347e-05
4.0336e-05
4.0324e-05
4.0313e-05
4.0302e-05
4.029e-05
4.0278e-05
4.0267e-05
4.0255e-05
4.0243e-05
4.0231e-05
4.0219e-05
4.0207e-05
4.0194e-05
4.0182e-05
4.017e-05
4.0157e-05
4.0144e-05
4.0132e-05
4.0119e-05
4.0106e-05
4.0093e-05
4.008e-05
4.0067e-05
4.0053e-05
4.004e-05
4.0027e-05
4.0013e-05
3.9999e-05
3.9986e-05
3.9972e-05
3.9958e-05
3.9944e-05
3.993e-05
3.9916e-05
3.9901e-05
3.9887e-05
3.9872e-05
3.9858e-05
3.9843e-05
3.9829e-05
3.9814e-05
3.9799e-05
3.9784e-05
3.9769e-05
3.9754e-05
3.9738e-05
3.9723e-05
3.9708e-05
3.9692e-05
3.9676e-05
3.9661e-05
3.9645e-05
3.9629e-05
3.9613e-05
3.9597e-05
3.9581e-05
3.9565e-05
3.9548e-05
3.9532e-05
3.9516e-05
3.9499e-05
3.9482e-05
3.9466e-05
3.9449e-05
3.9432e-05
3.9415e-05
3.9398e-05
3.9381e-05
3.9363e-05
3.9346e-05
3.9329e-05
3.9311e-05
3.9293e-05
3.9276e-05
3.9258e-05
3.924e-05
3.9222e-05
3.9204e-05
3.9186e-05
3.9168e-05
3.9149e-05
3.9131e-05
3.9113e-05
3.9094e-05
3.9075e-05
3.9057e-05
3.9038e-05
3.9019e-05
3.9e-05
3.8981e-05
3.8962e-05
3.8943e-05
3.8923e-05
3.8904e-05
3.8885e-05
3.8865e-05
3.8846e-05
3.8826e-05
3.8806e-05
3.8786e-05
3.8766e-05
3.8746e-05
3.8726e-05
3.8706e-05
3.8686e-05
3.8665e-05
3.8645e-05
3.8624e-05
3.8604e-05
3.8583e-05
3.8562e-05
3.8541e-05
3.852e-05
3.8499e-05
3.8478e-05
3.8457e-05
3.8436e-05
3.8415e-05
3.8393e-05
3.8372e-05
3.835e-05
3.8329e-05
3.8307e-05
3.8285e-05
3.8263e-05
3.8241e-05
3.8219e-05
3.8197e-05
3.8175e-05
3.8153e-05
3.813e-05
3.8108e-05
3.8085e-05
3.8063e-05
3.804e-05
3.8017e-05
3.7995e-05
3.7972e-05
3.7949e-05
3.7926e-05
3.7903e-05
3.7879e-05
3.7856e-05
3.7833e-05
3.7809e-05
3.7786e-05
3.7762e-05
3.7739e-05
3.7715e-05
3.7691e-05
3.7667e-05
3.7643e-05
3.7619e-05
3.7595e-05
3.7571e-05
3.7547e-05
3.7523e-05
3.7498e-05
3.7474e-05
3.7449e-05
3.7425e-05
3.74e-05
3.7375e-05
3.735e-05
3.7326e-05
3.7301e-05
3.7276e-05
3.725e-05
3.7225e-05
3.72e-05
3.7175e-05
3.7149e-05
3.7124e-05
3.7098e-05
3.7073e-05
3.7047e-05
3.7021e-05
3.6995e-05
3.697e-05
3.6944e-05
3.6918e-05
3.6892e-05
3.6865e-05
3.6839e-05
3.6813e-05
3.6786e-05
3.676e-05
3.6734e-05
3.6707e-05
3.668e-05
3.6654e-05
3.6627e-05
3.66e-05
3.6573e-05
3.6546e-05
3.6519e-05
3.6492e-05
3.6465e-05
3.6438e-05
3.641e-05
3.6383e-05
3.6355e-05
3.6328e-05
3.63e-05
3.6273e-05
3.6245e-05
3.6217e-05
3.6189e-05
3.6162e-05
3.6134e-05
3.6106e-05
3.6077e-05
3.6049e-05
3.6021e-05
3.5993e-05
3.5964e-05
3.5936e-05
3.5908e-05
3.5879e-05
3.585e-05
3.5822e-05
3.5793e-05
3.5764e-05
3.5735e-05
3.5707e-05
3.5678e-05
3.5649e-05
3.5619e-05
3.559e-05
3.5561e-05
3.5532e-05
3.5503e-05
3.5473e-05
3.5444e-05
3.5414e-05
3.5385e-05
3.5355e-05
3.5325e-05
3.5296e-05
3.5266e-05
3.5236e-05
3.5206e-05
3.5176e-05
3.5146e-05
3.5116e-05
3.5086e-05
3.5055e-05
3.5025e-05
3.4995e-05
3.4965e-05
3.4934e-05
3.4904e-05
3.4873e-05
3.4842e-05
3.4812e-05
3.4781e-05
3.475e-05
3.4719e-05
3.4689e-05
3.4658e-05
3.4627e-05
3.4596e-05
3.4564e-05
3.4533e-05
3.4502e-05
3.4471e-05
3.444e-05
3.4408e-05
3.4377e-05
3.4345e-05
3.4314e-05
3.4282e-05
3.425e-05
3.4219e-05
3.4187e-05
3.4155e-05
3.4123e-05
3.4092e-05
3.406e-05
3.4028e-05
3.3996e-05
3.3963e-05
3.3931e-05
3.3899e-05
3.3867e-05
3.3835e-05
3.3802e-05
3.377e-05
3.3737e-05
3.3705e-05
3.3672e-05
3.364e-05
3.3607e-05
3.3574e-05
3.3542e-05
3.3509e-05
3.3476e-05
3.3443e-05
3.341e-05
3.3377e-05
3.3344e-05
3.3311e-05
3.3278e-05
3.3245e-05
3.3212e-05
3.3178e-05
3.3145e-05
3.3112e-05
3.3078e-05
3.3045e-05
3.3012e-05
3.2978e-05
3.2944e-05
3.2911e-05
3.2877e-05
3.2844e-05
3.281e-05
3.2776e-05
3.2742e-05
3.2708e-05
3.2674e-05
3.264e-05
3.2606e-05
3.2572e-05
3.2538e-05
3.2504e-05
3.247e-05
3.2436e-05
3.2402e-05
3.2367e-05
3.2333e-05
3.2299e-05
3.2264e-05
3.223e-05
3.2195e-05
3.2161e-05
3.2126e-05
3.2092e-05
3.2057e-05
3.2022e-05
3.1988e-05
3.1953e-05
3.1918e-05
3.1883e-05
3.1848e-05
3.1813e-05
3.1778e-05
3.1743e-05
3.1708e-05
3.1673e-05
3.1638e-05
3.1603e-05
3.1568e-05
3.1533e-05
3.1498e-05
3.1462e-05
3.1427e-05
3.1392e-05
3.1356e-05
3.1321e-05
3.1285e-05
3.125e-05
3.1214e-05
3.1179e-05
3.1143e-05
3.1108e-05
3.1072e-05
3.1036e-05
3.1001e-05
3.0965e-05
3.0929e-05
3.0893e-05
3.0858e-05
3.0822e-05
3.0786e-05
3.075e-05
3.0714e-05
3.0678e-05
3.0642e-05
3.0606e-05
3.057e-05
3.0534e-05
3.0497e-05
3.0461e-05
3.0425e-05
3.0389e-05
3.0353e-05
3.0316e-05
3.028e-05
3.0244e-05
3.0207e-05
3.0171e-05
3.0134e-05
3.0098e-05
3.0061e-05
3.0025e-05
2.9988e-05
2.9952e-05
2.9915e-05
2.9879e-05
2.9842e-05
2.9805e-05
2.9768e-05
2.9732e-05
2.9695e-05
2.9658e-05
2.9621e-05
2.9585e-05
2.9548e-05
2.9511e-05
2.9474e-05
2.9437e-05
2.94e-05
2.9363e-05
2.9326e-05
2.9289e-05
2.9252e-05
2.9215e-05
2.9178e-05
2.9141e-05
2.9104e-05
2.9067e-05
2.9029e-05
2.8992e-05
2.8955e-05
2.8918e-05
2.8881e-05
2.8843e-05
2.8806e-05
2.8769e-05
2.8731e-05
2.8694e-05
2.8657e-05
2.8619e-05
2.8582e-05
2.8544e-05
2.8507e-05
2.8469e-05
2.8432e-05
2.8394e-05
2.8357e-05
2.8319e-05
2.8282e-05
2.8244e-05
2.8207e-05
2.8169e-05
2.8131e-05
2.8094e-05
2.8056e-05
2.8018e-05
2.7981e-05
2.7943e-05
2.7905e-05
2.7868e-05
2.783e-05
2.7792e-05
2.7754e-05
2.7716e-05
2.7679e-05
2.7641e-05
2.7603e-05
2.7565e-05
2.7527e-05
2.7489e-05
2.7451e-05
2.7414e-05
2.7376e-05
2.7338e-05
2.73e-05
2.7262e-05
2.7224e-05
2.7186e-05
2.7148e-05
2.711e-05
2.7072e-05
2.7034e-05
2.6996e-05
2.6958e-05
2.692e-05
2.6882e-05
2.6844e-05
2.6805e-05
2.6767e-05
2.6729e-05
2.6691e-05
2.6653e-05
2.6615e-05
2.6577e-05
2.6539e-05
2.65e-05
2.6462e-05
2.6424e-05
2.6386e-05
2.6348e-05
2.631e-05
2.6271e-05
2.6233e-05
2.6195e-05
2.6157e-05
2.6118e-05
2.608e-05
2.6042e-05
2.6004e-05
2.5965e-05
2.5927e-05
2.5889e-05
2.5851e-05
2.5812e-05
2.5774e-05
2.5736e-05
2.5698e-05
2.5659e-05
2.5621e-05
2.5583e-05
2.5544e-05
2.5506e-05
2.5468e-05
2.5429e-05
2.5391e-05
2.5353e-05
2.5315e-05
2.5276e-05
2.5238e-05
2.52e-05
2.5161e-05
2.5123e-05
2.5085e-05
2.5046e-05
2.5008e-05
2.497e-05
2.4931e-05
2.4893e-05
2.4855e-05
2.4816e-05
2.4778e-05
2.474e-05
2.4701e-05
2.4663e-05
2.4625e-05
2.4586e-05
2.4548e-05
2.451e-05
2.4471e-05
2.4433e-05
2.4395e-05
2.4356e-05
2.4318e-05
2.428e-05
2.4241e-05
2.4203e-05
2.4165e-05
2.4127e-05
2.4088e-05
2.405e-05
2.4012e-05
2.3973e-05
2.3935e-05
2.3897e-05
2.3859e-05
2.382e-05
2.3782e-05
2.3744e-05
2.3705e-05
2.3667e-05
2.3629e-05
2.3591e-05
2.3553e-05
2.3514e-05
2.3476e-05
2.3438e-05
2.34e-05
2.3362e-05
2.3323e-05
2.3285e-05
2.3247e-05
2.3209e-05
2.3171e-05
2.3132e-05
2.3094e-05
2.3056e-05
2.3018e-05
2.298e-05
2.2942e-05
2.2904e-05
2.2866e-05
2.2828e-05
2.2789e-05
2.2751e-05
2.2713e-05
2.2675e-05
2.2637e-05
2.2599e-05
2.2561e-05
2.2523e-05
2.2485e-05
2.2447e-05
2.2409e-05
2.2371e-05
2.2333e-05
2.2295e-05
2.2257e-05
2.222e-05
2.2182e-05
2.2144e-05
2.2106e-05
2.2068e-05
2.203e-05
2.1992e-05
2.1955e-05
2.1917e-05
2.1879e-05
2.1841e-05
2.1803e-05
2.1766e-05
2.1728e-05
2.169e-05
2.1652e-05
2.1615e-05
2.1577e-05
2.1539e-05
2.1502e-05
2.1464e-05
2.1426e-05
2.1389e-05
2.1351e-05
2.1314e-05
2.1276e-05
2.1238e-05
2.1201e-05
2.1163e-05
2.1126e-05
2.1088e-05
2.1051e-05
2.1013e-05
2.0976e-05
2.0939e-05
2.0901e-05
2.0864e-05
2.0826e-05
2.0789e-05
2.0752e-05
2.0714e-05
2.0677e-05
2.064e-05
2.0602e-05
2.0565e-05
2.0528e-05
2.0491e-05
2.0454e-05
2.0416e-05
2.0379e-05
2.0342e-05
2.0305e-05
2.0268e-05
2.0231e-05
2.0194e-05
2.0157e-05
2.012e-05
2.0083e-05
2.0046e-05
2.0009e-05
1.9972e-05
1.9935e-05
1.9898e-05
1.9861e-05
1.9824e-05
1.9788e-05
1.9751e-05
1.9714e-05
1.9677e-05
1.964e-05
1.9604e-05
1.9567e-05
1.953e-05
1.9494e-05
1.9457e-05
1.942e-05
1.9384e-05
1.9347e-05
1.9311e-05
1.9274e-05
1.9238e-05
1.9201e-05
1.9165e-05
1.9128e-05
1.9092e-05
1.9056e-05
1.9019e-05
1.8983e-05
1.8947e-05
1.891e-05
1.8874e-05
1.8838e-05
1.8802e-05
1.8766e-05
1.8729e-05
1.8693e-05
1.8657e-05
1.8621e-05
1.8585e-05
1.8549e-05
1.8513e-05
1.8477e-05
1.8441e-05
1.8405e-05
1.8369e-05
1.8333e-05
1.8298e-05
1.8262e-05
1.8226e-05
1.819e-05
1.8155e-05
1.8119e-05
1.8083e-05
1.8047e-05
1.8012e-05
1.7976e-05
1.7941e-05
1.7905e-05
1.787e-05
1.7834e-05
1.7799e-05
1.7763e-05
1.7728e-05
1.7693e-05
1.7657e-05
1.7622e-05
1.7587e-05
1.7551e-05
1.7516e-05
1.7481e-05
1.7446e-05
1.7411e-05
1.7375e-05
1.734e-05
1.7305e-05
1.727e-05
1.7235e-05
1.72e-05
1.7165e-05
1.7131e-05
1.7096e-05
1.7061e-05
1.7026e-05
1.6991e-05
1.6956e-05
1.6922e-05
1.6887e-05
1.6852e-05
1.6818e-05
1.6783e-05
1.6749e-05
1.6714e-05
1.668e-05
1.6645e-05
1.6611e-05
1.6576e-05
1.6542e-05
1.6508e-05
1.6473e-05
1.6439e-05
1.6405e-05
1.6371e-05
1.6336e-05
1.6302e-05
1.6268e-05
1.6234e-05
1.62e-05
1.6166e-05
1.6132e-05
1.6098e-05
1.6064e-05
1.603e-05
1.5996e-05
1.5963e-05
1.5929e-05
1.5895e-05
1.5861e-05
1.5828e-05
1.5794e-05
1.576e-05
1.5727e-05
1.5693e-05
1.566e-05
1.5626e-05
1.5593e-05
1.556e-05
1.5526e-05
1.5493e-05
1.5459e-05
1.5426e-05
1.5393e-05
1.536e-05
1.5327e-05
1.5294e-05
1.526e-05
1.5227e-05
1.5194e-05
1.5161e-05
1.5128e-05
1.5096e-05
1.5063e-05
1.503e-05
1.4997e-05
1.4964e-05
1.4932e-05
1.4899e-05
1.4866e-05
1.4834e-05
1.4801e-05
1.4768e-05
1.4736e-05
1.4703e-05
1.4671e-05
1.4639e-05
1.4606e-05
1.4574e-05
1.4542e-05
1.4509e-05
1.4477e-05
1.4445e-05
1.4413e-05
1.4381e-05
1.4349e-05
1.4317e-05
1.4285e-05
1.4253e-05
1.4221e-05
1.4189e-05
1.4157e-05
1.4125e-05
1.4093e-05
1.4062e-05
1.403e-05
1.3998e-05
1.3967e-05
1.3935e-05
1.3904e-05
1.3872e-05
1.3841e-05
1.3809e-05
1.3778e-05
1.3746e-05
1.3715e-05
1.3684e-05
1.3653e-05
1.3621e-05
1.359e-05
1.3559e-05
1.3528e-05
1.3497e-05
1.3466e-05
1.3435e-05
1.3404e-05
1.3373e-05
1.3343e-05
1.3312e-05
1.3281e-05
1.325e-05
1.322e-05
1.3189e-05
1.3158e-05
1.3128e-05
1.3097e-05
1.3067e-05
1.3036e-05
1.3006e-05
1.2976e-05
1.2945e-05
1.2915e-05
1.2885e-05
1.2855e-05
1.2824e-05
1.2794e-05
1.2764e-05
1.2734e-05
1.2704e-05
1.2674e-05
1.2644e-05
1.2614e-05
1.2585e-05
1.2555e-05
1.2525e-05
1.2495e-05
1.2466e-05
1.2436e-05
1.2406e-05
1.2377e-05
1.2347e-05
1.2318e-05
1.2288e-05
1.2259e-05
1.223e-05
1.22e-05
1.2171e-05
1.2142e-05
1.2113e-05
1.2084e-05
1.2055e-05
1.2026e-05
1.1997e-05
1.1968e-05
1.1939e-05
1.191e-05
1.1881e-05
1.1852e-05
1.1823e-05
1.1795e-05
1.1766e-05
1.1737e-05
1.1709e-05
1.168e-05
1.1652e-05
1.1623e-05
1.1595e-05
1.1566e-05
1.1538e-05
1.151e-05
1.1481e-05
1.1453e-05
1.1425e-05
1.1397e-05
1.1369e-05
1.1341e-05
1.1313e-05
1.1285e-05
1.1257e-05
1.1229e-05
1.1201e-05
1.1173e-05
1.1146e-05
1.1118e-05
1.109e-05
1.1063e-05
1.1035e-05
1.1008e-05
1.098e-05
1.0953e-05
1.0925e-05
1.0898e-05
1.087e-05
1.0843e-05
1.0816e-05
1.0789e-05
1.0762e-05
1.0734e-05
1.0707e-05
1.068e-05
1.0653e-05
1.0626e-05
1.06e-05
1.0573e-05
1.0546e-05
1.0519e-05
1.0492e-05
1.0466e-05
1.0439e-05
1.0412e-05
1.0386e-05
1.0359e-05
1.0333e-05
1.0307e-05
1.028e-05
1.0254e-05
1.0228e-05
1.0201e-05
1.0175e-05
1.0149e-05
1.0123e-05
1.0097e-05
1.0071e-05
1.0045e-05
1.0019e-05
9.9928e-06
9.967e-06
9.9412e-06
9.9154e-06
9.8897e-06
9.864e-06
9.8383e-06
9.8127e-06
9.7872e-06
9.7617e-06
9.7362e-06
9.7108e-06
9.6854e-06
9.66e-06
9.6347e-06
9.6095e-06
9.5843e-06
9.5591e-06
9.534e-06
9.5089e-06
9.4839e-06
9.4589e-06
9.4339e-06
9.409e-06
9.3842e-06
9.3593e-06
9.3346e-06
9.3098e-06
9.2851e-06
9.2605e-06
9.2359e-06
9.2113e-06
9.1868e-06
9.1623e-06
9.1379e-06
9.1135e-06
9.0892e-06
9.0649e-06
9.0406e-06
9.0164e-06
8.9923e-06
8.9681e-06
8.9441e-06
8.92e-06
8.896e-06
8.8721e-06
8.8482e-06
8.8243e-06
8.8005e-06
8.7767e-06
8.753e-06
8.7293e-06
8.7056e-06
8.682e-06
8.6585e-06
8.635e-06
8.6115e-06
8.5881e-06
8.5647e-06
8.5413e-06
8.518e-06
8.4948e-06
8.4716e-06
8.4484e-06
8.4253e-06
8.4022e-06
8.3792e-06
8.3562e-06
8.3332e-06
8.3103e-06
8.2874e-06
8.2646e-06
8.2418e-06
8.2191e-06
8.1964e-06
8.1738e-06
8.1511e-06
8.1286e-06
8.1061e-06
8.0836e-06
8.0612e-06
8.0388e-06
8.0164e-06
7.9941e-06
7.9719e-06
7.9496e-06
7.9275e-06
7.9053e-06
7.8832e-06
7.8612e-06
7.8392e-06
7.8172e-06
7.7953e-06
7.7734e-06
7.7516e-06
7.7298e-06
7.7081e-06
7.6864e-06
7.6647e-06
7.6431e-06
7.6215e-06
7.6e-06
7.5785e-06
7.5571e-06
7.5357e-06
7.5143e-06
7.493e-06
7.4717e-06
7.4505e-06
7.4293e-06
7.4082e-06
7.3871e-06
7.366e-06
7.345e-06
7.324e-06
7.3031e-06
7.2822e-06
7.2613e-06
7.2405e-06
7.2198e-06
7.199e-06
7.1784e-06
7.1577e-06
7.1371e-06
7.1166e-06
7.0961e-06
7.0756e-06
7.0552e-06
7.0348e-06
7.0145e-06
6.9942e-06
6.9739e-06
6.9537e-06
6.9335e-06
6.9134e-06
6.8933e-06
6.8733e-06
6.8533e-06
6.8333e-06
6.8134e-06
6.7935e-06
6.7737e-06
6.7539e-06
6.7341e-06
6.7144e-06
6.6948e-06
6.6751e-06
6.6555e-06
6.636e-06
6.6165e-06
6.597e-06
6.5776e-06
6.5582e-06
6.5389e-06
6.5196e-06
6.5004e-06
6.4812e-06
6.462e-06
6.4429e-06
6.4238e-06
6.4047e-06
6.3857e-06
6.3668e-06
6.3478e-06
6.329e-06
6.3101e-06
6.2913e-06
6.2726e-06
6.2539e-06
6.2352e-06
6.2166e-06
6.198e-06
6.1794e-06
6.1609e-06
6.1424e-06
6.124e-06
6.1056e-06
6.0873e-06
6.069e-06
6.0507e-06
6.0325e-06
6.0143e-06
5.9961e-06
5.978e-06
5.96e-06
5.942e-06
5.924e-06
5.906e-06
5.8881e-06
5.8703e-06
5.8524e-06
5.8347e-06
5.8169e-06
5.7992e-06
5.7816e-06
5.7639e-06
5.7464e-06
5.7288e-06
5.7113e-06
5.6939e-06
5.6764e-06
5.6591e-06
5.6417e-06
5.6244e-06
5.6072e-06
5.5899e-06
5.5728e-06
5.5556e-06
5.5385e-06
5.5214e-06
5.5044e-06
5.4874e-06
5.4705e-06
5.4536e-06
5.4367e-06
5.4199e-06
5.4031e-06
5.3864e-06
5.3697e-06
5.353e-06
5.3364e-06
5.3198e-06
5.3032e-06
5.2867e-06
5.2702e-06
5.2538e-06
5.2374e-06
5.221e-06
5.2047e-06
5.1884e-06
5.1722e-06
5.156e-06
5.1398e-06
5.1237e-06
5.1076e-06
5.0915e-06
5.0755e-06
5.0596e-06
5.0436e-06
5.0277e-06
5.0119e-06
4.9961e-06
4.9803e-06
4.9645e-06
4.9488e-06
4.9332e-06
4.9175e-06
4.9019e-06
4.8864e-06
4.8709e-06
4.8554e-06
4.8399e-06
4.8245e-06
4.8092e-06
4.7938e-06
4.7785e-06
4.7633e-06
4.7481e-06
4.7329e-06
4.7178e-06
4.7027e-06
4.6876e-06
4.6726e-06
4.6576e-06
4.6426e-06
4.6277e-06
4.6128e-06
4.598e-06
4.5832e-06
4.5684e-06
4.5536e-06
4.539e-06
4.5243e-06
4.5097e-06
4.4951e-06
4.4805e-06
4.466e-06
4.4515e-06
4.4371e-06
4.4227e-06
4.4083e-06
4.394e-06
4.3797e-06
4.3654e-06
4.3512e-06
4.337e-06
4.3229e-06
4.3087e-06
4.2947e-06
4.2806e-06
4.2666e-06
4.2526e-06
4.2387e-06
4.2248e-06
4.2109e-06
4.1971e-06
4.1833e-06
4.1695e-06
4.1558e-06
4.1421e-06
4.1285e-06
4.1149e-06
4.1013e-06
4.0877e-06
4.0742e-06
4.0607e-06
4.0473e-06
4.0339e-06
4.0205e-06
4.0072e-06
3.9939e-06
3.9806e-06
3.9674e-06
3.9542e-06
3.941e-06
3.9279e-06
3.9148e-06
3.9017e-06
3.8887e-06
3.8757e-06
3.8627e-06
3.8498e-06
3.8369e-06
3.8241e-06
3.8112e-06
3.7984e-06
3.7857e-06
3.773e-06
3.7603e-06
3.7476e-06
3.735e-06
3.7224e-06
3.7099e-06
3.6974e-06
3.6849e-06
3.6724e-06
3.66e-06
3.6476e-06
3.6353e-06
3.6229e-06
3.6107e-06
3.5984e-06
3.5862e-06
3.574e-06
3.5618e-06
3.5497e-06
3.5376e-06
3.5256e-06
3.5136e-06
3.5016e-06
3.4896e-06
3.4777e-06
3.4658e-06
3.4539e-06
3.4421e-06
3.4303e-06
3.4186e-06
3.4068e-06
3.3951e-06
3.3835e-06
3.3718e-06
3.3602e-06
3.3487e-06
3.3371e-06
3.3256e-06
3.3141e-06
3.3027e-06
3.2913e-06
3.2799e-06
3.2686e-06
3.2572e-06
3.246e-06
3.2347e-06
3.2235e-06
3.2123e-06
3.2011e-06
3.19e-06
3.1789e-06
3.1678e-06
3.1568e-06
3.1458e-06
3.1348e-06
3.1239e-06
3.113e-06
3.1021e-06
3.0912e-06
3.0804e-06
3.0696e-06
3.0589e-06
3.0482e-06
3.0375e-06
3.0268e-06
3.0161e-06
3.0055e-06
2.995e-06
2.9844e-06
2.9739e-06
2.9634e-06
2.953e-06
2.9425e-06
2.9321e-06
2.9218e-06
2.9114e-06
2.9011e-06
2.8909e-06
2.8806e-06
2.8704e-06
2.8602e-06
2.85e-06
2.8399e-06
2.8298e-06
2.8197e-06
2.8097e-06
2.7997e-06
2.7897e-06
2.7797e-06
2.7698e-06
2.7599e-06
2.75e-06
2.7402e-06
2.7304e-06
2.7206e-06
2.7109e-06
2.7011e-06
2.6914e-06
2.6818e-06
2.6721e-06
2.6625e-06
2.6529e-06
2.6434e-06
2.6338e-06
2.6243e-06
2.6149e-06
2.6054e-06
2.596e-06
2.5866e-06
2.5773e-06
2.5679e-06
2.5586e-06
2.5494e-06
2.5401e-06
2.5309e-06
2.5217e-06
2.5125e-06
2.5034e-06
2.4943e-06
2.4852e-06
2.4761e-06
2.4671e-06
2.4581e-06
2.4491e-06
2.4402e-06
2.4313e-06
2.4224e-06
2.4135e-06
2.4047e-06
2.3958e-06
2.3871e-06
2.3783e-06
2.3696e-06
2.3608e-06
2.3522e-06
2.3435e-06
2.3349e-06
2.3263e-06
2.3177e-06
2.3091e-06
2.3006e-06
2.2921e-06
2.2837e-06
2.2752e-06
2.2668e-06
2.2584e-06
2.25e-06
2.2417e-06
2.2334e-06
2.2251e-06
2.2168e-06
2.2086e-06
2.2003e-06
2.1921e-06
2.184e-06
2.1758e-06
2.1677e-06
2.1596e-06
2.1516e-06
2.1435e-06
2.1355e-06
2.1275e-06
2.1196e-06
2.1116e-06
2.1037e-06
2.0958e-06
2.0879e-06
2.0801e-06
2.0723e-06
2.0645e-06
2.0567e-06
2.049e-06
2.0413e-06
2.0336e-06
2.0259e-06
2.0183e-06
2.0106e-06
2.003e-06
1.9955e-06
1.9879e-06
1.9804e-06
1.9729e-06
1.9654e-06
1.9579e-06
1.9505e-06
1.9431e-06
1.9357e-06
1.9284e-06
1.921e-06
1.9137e-06
1.9064e-06
1.8991e-06
1.8919e-06
1.8847e-06
1.8775e-06
1.8703e-06
1.8631e-06
1.856e-06
1.8489e-06
1.8418e-06
1.8348e-06
1.8277e-06
1.8207e-06
1.8137e-06
1.8067e-06
1.7998e-06
1.7929e-06
1.786e-06
1.7791e-06
1.7722e-06
1.7654e-06
1.7586e-06
1.7518e-06
1.745e-06
1.7383e-06
1.7315e-06
1.7248e-06
1.7182e-06
1.7115e-06
1.7049e-06
1.6982e-06
1.6916e-06
1.6851e-06
1.6785e-06
1.672e-06
1.6655e-06
1.659e-06
1.6525e-06
1.6461e-06
1.6397e-06
1.6333e-06
1.6269e-06
1.6205e-06
1.6142e-06
1.6079e-06
1.6016e-06
1.5953e-06
1.589e-06
1.5828e-06
1.5766e-06
1.5704e-06
1.5642e-06
1.5581e-06
1.5519e-06
1.5458e-06
1.5397e-06
1.5337e-06
1.5276e-06
1.5216e-06
1.5156e-06
1.5096e-06
1.5036e-06
1.4977e-06
1.4917e-06
1.4858e-06
1.4799e-06
1.4741e-06
1.4682e-06
1.4624e-06
1.4566e-06
1.4508e-06
1.445e-06
1.4393e-06
1.4335e-06
1.4278e-06
1.4221e-06
1.4164e-06
1.4108e-06
1.4051e-06
1.3995e-06
1.3939e-06
1.3884e-06
1.3828e-06
1.3773e-06
1.3717e-06
1.3662e-06
1.3607e-06
1.3553e-06
1.3498e-06
1.3444e-06
1.339e-06
1.3336e-06
1.3282e-06
1.3229e-06
1.3176e-06
1.3122e-06
1.3069e-06
1.3017e-06
1.2964e-06
1.2912e-06
1.2859e-06
1.2807e-06
1.2755e-06
1.2704e-06
1.2652e-06
1.2601e-06
1.255e-06
1.2499e-06
1.2448e-06
1.2397e-06
1.2347e-06
1.2296e-06
1.2246e-06
1.2196e-06
1.2147e-06
1.2097e-06
1.2048e-06
1.1998e-06
1.1949e-06
1.19e-06
1.1852e-06
1.1803e-06
1.1755e-06
1.1706e-06
1.1658e-06
1.1611e-06
1.1563e-06
1.1515e-06
1.1468e-06
1.1421e-06
1.1374e-06
1.1327e-06
1.128e-06
1.1234e-06
1.1187e-06
1.1141e-06
1.1095e-06
1.1049e-06
1.1003e-06
1.0958e-06
1.0913e-06
1.0867e-06
1.0822e-06
1.0777e-06
1.0733e-06
1.0688e-06
1.0644e-06
1.0599e-06
1.0555e-06
1.0511e-06
1.0468e-06
1.0424e-06
1.038e-06
1.0337e-06
1.0294e-06
1.0251e-06
1.0208e-06
1.0166e-06
1.0123e-06
1.0081e-06
1.0038e-06
9.9963e-07
9.9544e-07
9.9126e-07
9.871e-07
9.8295e-07
9.7882e-07
9.7471e-07
9.706e-07
9.6652e-07
9.6245e-07
9.5839e-07
9.5435e-07
9.5032e-07
9.4631e-07
9.4231e-07
9.3833e-07
9.3436e-07
9.3041e-07
9.2647e-07
9.2254e-07
9.1863e-07
9.1474e-07
9.1086e-07
9.0699e-07
9.0314e-07
8.993e-07
8.9547e-07
8.9166e-07
8.8787e-07
8.8408e-07
8.8032e-07
8.7656e-07
8.7282e-07
8.691e-07
8.6538e-07
8.6168e-07
8.58e-07
8.5433e-07
8.5067e-07
8.4703e-07
8.434e-07
8.3978e-07
8.3618e-07
8.3259e-07
8.2901e-07
8.2545e-07
8.219e-07
8.1836e-07
8.1484e-07
8.1133e-07
8.0783e-07
8.0435e-07
8.0088e-07
7.9742e-07
7.9398e-07
7.9055e-07
7.8713e-07
7.8373e-07
7.8033e-07
7.7695e-07
7.7359e-07
7.7023e-07
7.6689e-07
7.6356e-07
7.6025e-07
7.5694e-07
7.5365e-07
7.5038e-07
7.4711e-07
7.4386e-07
7.4062e-07
7.3739e-07
7.3417e-07
7.3097e-07
7.2778e-07
7.246e-07
7.2143e-07
7.1827e-07
7.1513e-07
7.12e-07
7.0888e-07
7.0577e-07
7.0268e-07
6.996e-07
6.9653e-07
6.9347e-07
6.9042e-07
6.8738e-07
6.8436e-07
6.8135e-07
6.7835e-07
6.7536e-07
6.7238e-07
6.6941e-07
6.6646e-07
6.6352e-07
6.6058e-07
6.5766e-07
6.5475e-07
6.5186e-07
6.4897e-07
6.461e-07
6.4323e-07
6.4038e-07
6.3754e-07
6.3471e-07
6.3189e-07
6.2908e-07
6.2628e-07
6.235e-07
6.2072e-07
6.1796e-07
6.152e-07
6.1246e-07
6.0973e-07
6.0701e-07
6.043e-07
6.016e-07
5.9891e-07
5.9623e-07
5.9356e-07
5.909e-07
5.8825e-07
5.8562e-07
5.8299e-07
5.8038e-07
5.7777e-07
5.7517e-07
5.7259e-07
5.7002e-07
5.6745e-07
5.649e-07
5.6235e-07
5.5982e-07
5.573e-07
5.5478e-07
5.5228e-07
5.4978e-07
5.473e-07
5.4483e-07
5.4236e-07
5.3991e-07
5.3746e-07
5.3503e-07
5.3261e-07
5.3019e-07
5.2779e-07
5.2539e-07
5.23e-07
5.2063e-07
5.1826e-07
5.159e-07
5.1356e-07
5.1122e-07
5.0889e-07
5.0657e-07
5.0426e-07
5.0196e-07
4.9967e-07
4.9738e-07
4.9511e-07
4.9285e-07
4.9059e-07
4.8835e-07
4.8611e-07
4.8388e-07
4.8167e-07
4.7946e-07
4.7726e-07
4.7507e-07
4.7288e-07
4.7071e-07
4.6855e-07
4.6639e-07
4.6424e-07
4.6211e-07
4.5998e-07
4.5786e-07
4.5575e-07
4.5364e-07
4.5155e-07
4.4946e-07
4.4738e-07
4.4532e-07
4.4326e-07
4.412e-07
4.3916e-07
4.3713e-07
4.351e-07
4.3308e-07
4.3107e-07
4.2907e-07
4.2708e-07
4.2509e-07
4.2311e-07
4.2115e-07
4.1919e-07
4.1723e-07
4.1529e-07
4.1335e-07
4.1143e-07
4.0951e-07
4.0759e-07
4.0569e-07
4.0379e-07
4.0191e-07
4.0002e-07
3.9815e-07
3.9629e-07
3.9443e-07
3.9258e-07
3.9074e-07
3.8891e-07
3.8708e-07
3.8526e-07
3.8345e-07
3.8165e-07
3.7985e-07
3.7807e-07
3.7629e-07
3.7451e-07
3.7275e-07
3.7099e-07
3.6924e-07
3.6749e-07
3.6576e-07
3.6403e-07
3.6231e-07
3.606e-07
3.5889e-07
3.5719e-07
3.555e-07
3.5381e-07
3.5213e-07
3.5046e-07
3.488e-07
3.4714e-07
3.4549e-07
3.4385e-07
3.4222e-07
3.4059e-07
3.3897e-07
3.3735e-07
3.3574e-07
3.3414e-07
3.3255e-07
3.3096e-07
3.2938e-07
3.2781e-07
3.2624e-07
3.2468e-07
3.2313e-07
3.2158e-07
3.2004e-07
3.185e-07
3.1698e-07
3.1546e-07
3.1394e-07
3.1244e-07
3.1093e-07
3.0944e-07
3.0795e-07
3.0647e-07
3.05e-07
3.0353e-07
3.0206e-07
3.0061e-07
2.9916e-07
2.9772e-07
2.9628e-07
2.9485e-07
2.9342e-07
2.92e-07
2.9059e-07
2.8919e-07
2.8779e-07
2.8639e-07
2.85e-07
2.8362e-07
2.8225e-07
2.8088e-07
2.7951e-07
2.7815e-07
2.768e-07
2.7546e-07
2.7412e-07
2.7278e-07
2.7145e-07
2.7013e-07
2.6881e-07
2.675e-07
2.662e-07
2.649e-07
2.636e-07
2.6232e-07
2.6103e-07
2.5976e-07
2.5848e-07
2.5722e-07
2.5596e-07
2.547e-07
2.5346e-07
2.5221e-07
2.5097e-07
2.4974e-07
2.4852e-07
2.4729e-07
2.4608e-07
2.4487e-07
2.4366e-07
2.4246e-07
2.4127e-07
2.4008e-07
2.3889e-07
2.3772e-07
2.3654e-07
2.3537e-07
2.3421e-07
2.3305e-07
2.319e-07
2.3075e-07
2.2961e-07
2.2847e-07
2.2734e-07
2.2621e-07
2.2509e-07
2.2398e-07
2.2286e-07
2.2176e-07
2.2065e-07
2.1956e-07
2.1847e-07
2.1738e-07
2.163e-07
2.1522e-07
2.1415e-07
2.1308e-07
2.1202e-07
2.1096e-07
2.099e-07
2.0886e-07
2.0781e-07
2.0677e-07
2.0574e-07
2.0471e-07
2.0368e-07
2.0266e-07
2.0165e-07
2.0064e-07
1.9963e-07
1.9863e-07
1.9763e-07
1.9664e-07
1.9565e-07
1.9467e-07
1.9369e-07
1.9271e-07
1.9174e-07
1.9078e-07
1.8981e-07
1.8886e-07
1.879e-07
1.8696e-07
1.8601e-07
1.8507e-07
1.8414e-07
1.832e-07
1.8228e-07
1.8136e-07
1.8044e-07
1.7952e-07
1.7861e-07
1.7771e-07
1.7681e-07
1.7591e-07
1.7501e-07
1.7413e-07
1.7324e-07
1.7236e-07
1.7148e-07
1.7061e-07
1.6974e-07
1.6888e-07
1.6802e-07
1.6716e-07
1.6631e-07
1.6546e-07
1.6461e-07
1.6377e-07
1.6293e-07
1.621e-07
1.6127e-07
1.6045e-07
1.5962e-07
1.5881e-07
1.5799e-07
1.5718e-07
1.5638e-07
1.5557e-07
1.5477e-07
1.5398e-07
1.5319e-07
1.524e-07
1.5162e-07
1.5084e-07
1.5006e-07
1.4929e-07
1.4852e-07
1.4775e-07
1.4699e-07
1.4623e-07
1.4548e-07
1.4472e-07
1.4398e-07
1.4323e-07
1.4249e-07
1.4175e-07
1.4102e-07
1.4029e-07
1.3956e-07
1.3884e-07
1.3812e-07
1.374e-07
1.3669e-07
1.3598e-07
1.3527e-07
1.3457e-07
1.3387e-07
1.3317e-07
1.3248e-07
1.3179e-07
1.311e-07
1.3042e-07
1.2974e-07
1.2906e-07
1.2839e-07
1.2772e-07
1.2705e-07
1.2639e-07
1.2573e-07
1.2507e-07
1.2441e-07
1.2376e-07
1.2311e-07
1.2247e-07
1.2183e-07
1.2119e-07
1.2055e-07
1.1992e-07
1.1929e-07
1.1866e-07
1.1804e-07
1.1742e-07
1.168e-07
1.1618e-07
1.1557e-07
1.1496e-07
1.1436e-07
1.1375e-07
1.1315e-07
1.1256e-07
1.1196e-07
1.1137e-07
1.1078e-07
1.1019e-07
1.0961e-07
1.0903e-07
1.0845e-07
1.0788e-07
1.0731e-07
1.0674e-07
1.0617e-07
1.0561e-07
1.0505e-07
1.0449e-07
1.0393e-07
1.0338e-07
1.0283e-07
1.0229e-07
1.0174e-07
1.012e-07
1.0066e-07
1.0012e-07
9.9589e-08
9.9057e-08
9.8529e-08
9.8002e-08
9.7479e-08
9.6958e-08
9.6439e-08
9.5923e-08
9.541e-08
9.4899e-08
9.4391e-08
9.3885e-08
9.3381e-08
9.288e-08
9.2382e-08
9.1886e-08
9.1392e-08
9.0901e-08
9.0413e-08
8.9926e-08
8.9443e-08
8.8961e-08
8.8482e-08
8.8005e-08
8.7531e-08
8.7059e-08
8.6589e-08
8.6122e-08
8.5657e-08
8.5194e-08
8.4734e-08
8.4276e-08
8.382e-08
8.3366e-08
8.2915e-08
8.2466e-08
8.2019e-08
8.1574e-08
8.1132e-08
8.0692e-08
8.0254e-08
7.9818e-08
7.9384e-08
7.8953e-08
7.8524e-08
7.8096e-08
7.7671e-08
7.7249e-08
7.6828e-08
7.6409e-08
7.5993e-08
7.5578e-08
7.5166e-08
7.4755e-08
7.4347e-08
7.3941e-08
7.3537e-08
7.3135e-08
7.2735e-08
7.2337e-08
7.1941e-08
7.1546e-08
7.1154e-08
7.0764e-08
7.0376e-08
6.999e-08
6.9606e-08
6.9224e-08
6.8843e-08
6.8465e-08
6.8088e-08
6.7714e-08
6.7341e-08
6.697e-08
6.6601e-08
6.6234e-08
6.5869e-08
6.5506e-08
6.5145e-08
6.4785e-08
6.4427e-08
6.4071e-08
6.3717e-08
6.3365e-08
6.3014e-08
6.2665e-08
6.2319e-08
6.1973e-08
6.163e-08
6.1288e-08
6.0948e-08
6.061e-08
6.0274e-08
5.9939e-08
5.9606e-08
5.9275e-08
5.8945e-08
5.8617e-08
5.8291e-08
5.7967e-08
5.7644e-08
5.7322e-08
5.7003e-08
5.6685e-08
5.6369e-08
5.6054e-08
5.5741e-08
5.543e-08
5.512e-08
5.4812e-08
5.4505e-08
5.42e-08
5.3897e-08
5.3595e-08
5.3295e-08
5.2996e-08
5.2699e-08
5.2403e-08
5.2109e-08
5.1816e-08
5.1525e-08
5.1236e-08
5.0948e-08
5.0661e-08
5.0376e-08
5.0093e-08
4.9811e-08
4.953e-08
4.9251e-08
4.8973e-08
4.8697e-08
4.8422e-08
4.8149e-08
4.7877e-08
4.7606e-08
4.7337e-08
4.707e-08
4.6803e-08
4.6538e-08
4.6275e-08
4.6013e-08
4.5752e-08
4.5493e-08
4.5235e-08
4.4978e-08
4.4723e-08
4.4469e-08
4.4216e-08
4.3965e-08
4.3715e-08
4.3466e-08
4.3219e-08
4.2973e-08
4.2728e-08
4.2485e-08
4.2243e-08
4.2002e-08
4.1762e-08
4.1524e-08
4.1287e-08
4.1051e-08
4.0816e-08
4.0583e-08
4.0351e-08
4.012e-08
3.989e-08
3.9662e-08
3.9435e-08
3.9209e-08
3.8984e-08
3.8761e-08
3.8538e-08
3.8317e-08
3.8097e-08
3.7878e-08
3.766e-08
3.7444e-08
3.7229e-08
3.7014e-08
3.6801e-08
3.6589e-08
3.6379e-08
3.6169e-08
3.596e-08
3.5753e-08
3.5547e-08
3.5341e-08
3.5137e-08
3.4934e-08
3.4732e-08
3.4531e-08
3.4332e-08
3.4133e-08
3.3935e-08
3.3739e-08
3.3543e-08
3.3349e-08
3.3156e-08
3.2963e-08
3.2772e-08
3.2582e-08
3.2392e-08
3.2204e-08
3.2017e-08
3.1831e-08
3.1646e-08
3.1461e-08
3.1278e-08
3.1096e-08
3.0915e-08
3.0735e-08
3.0555e-08
3.0377e-08
3.02e-08
3.0023e-08
2.9848e-08
2.9674e-08
2.95e-08
2.9328e-08
2.9156e-08
2.8985e-08
2.8816e-08
2.8647e-08
2.8479e-08
2.8312e-08
2.8146e-08
2.7981e-08
2.7817e-08
2.7653e-08
2.7491e-08
2.7329e-08
2.7169e-08
2.7009e-08
2.685e-08
2.6692e-08
2.6535e-08
2.6378e-08
2.6223e-08
2.6068e-08
2.5914e-08
2.5762e-08
2.5609e-08
2.5458e-08
2.5308e-08
2.5158e-08
2.501e-08
2.4862e-08
2.4715e-08
2.4568e-08
2.4423e-08
2.4278e-08
2.4134e-08
2.3991e-08
2.3849e-08
2.3707e-08
2.3567e-08
2.3427e-08
2.3287e-08
2.3149e-08
2.3011e-08
2.2875e-08
2.2738e-08
2.2603e-08
2.2468e-08
2.2335e-08
2.2202e-08
2.2069e-08
2.1938e-08
2.1807e-08
2.1676e-08
2.1547e-08
2.1418e-08
2.129e-08
2.1163e-08
2.1036e-08
2.0911e-08
2.0785e-08
2.0661e-08
2.0537e-08
2.0414e-08
2.0292e-08
2.017e-08
2.0049e-08
1.9929e-08
1.9809e-08
1.969e-08
1.9572e-08
1.9454e-08
1.9337e-08
1.9221e-08
1.9105e-08
1.899e-08
1.8876e-08
1.8762e-08
1.8649e-08
1.8536e-08
1.8425e-08
1.8313e-08
1.8203e-08
1.8093e-08
1.7984e-08
1.7875e-08
1.7767e-08
1.7659e-08
1.7552e-08
1.7446e-08
1.734e-08
1.7235e-08
1.7131e-08
1.7027e-08
1.6924e-08
1.6821e-08
1.6719e-08
1.6617e-08
1.6516e-08
1.6416e-08
1.6316e-08
1.6217e-08
1.6118e-08
1.602e-08
1.5923e-08
1.5826e-08
1.5729e-08
1.5633e-08
1.5538e-08
1.5443e-08
1.5349e-08
1.5255e-08
1.5162e-08
1.5069e-08
1.4977e-08
1.4886e-08
1.4795e-08
1.4704e-08
1.4614e-08
1.4525e-08
1.4436e-08
1.4347e-08
1.4259e-08
1.4172e-08
1.4085e-08
1.3998e-08
1.3912e-08
1.3827e-08
1.3742e-08
1.3657e-08
1.3573e-08
1.349e-08
1.3407e-08
1.3324e-08
1.3242e-08
1.316e-08
1.3079e-08
1.2999e-08
1.2918e-08
1.2839e-08
1.2759e-08
1.2681e-08
1.2602e-08
1.2524e-08
1.2447e-08
1.237e-08
1.2293e-08
1.2217e-08
1.2142e-08
1.2066e-08
1.1992e-08
1.1917e-08
1.1843e-08
1.177e-08
1.1697e-08
1.1624e-08
1.1552e-08
1.148e-08
1.1409e-08
1.1338e-08
1.1267e-08
1.1197e-08
1.1127e-08
1.1058e-08
1.0989e-08
1.0921e-08
1.0853e-08
1.0785e-08
1.0718e-08
1.0651e-08
1.0584e-08
1.0518e-08
1.0452e-08
1.0387e-08
1.0322e-08
1.0257e-08
1.0193e-08
1.0129e-08
1.0066e-08
1.0003e-08
9.9401e-09
9.8778e-09
9.8158e-09
9.7542e-09
9.693e-09
9.6321e-09
9.5716e-09
9.5114e-09
9.4516e-09
9.3921e-09
9.333e-09
9.2743e-09
9.2159e-09
9.1578e-09
9.1001e-09
9.0427e-09
8.9857e-09
8.929e-09
8.8727e-09
8.8166e-09
8.761e-09
8.7056e-09
8.6506e-09
8.5959e-09
8.5415e-09
8.4874e-09
8.4337e-09
8.3803e-09
8.3272e-09
8.2744e-09
8.222e-09
8.1698e-09
8.118e-09
8.0665e-09
8.0153e-09
7.9644e-09
7.9138e-09
7.8635e-09
7.8135e-09
7.7638e-09
7.7143e-09
7.6652e-09
7.6164e-09
7.5679e-09
7.5197e-09
7.4717e-09
7.4241e-09
7.3767e-09
7.3296e-09
7.2828e-09
7.2363e-09
7.1901e-09
7.1441e-09
7.0985e-09
7.0531e-09
7.0079e-09
6.9631e-09
6.9185e-09
6.8742e-09
6.8301e-09
6.7863e-09
6.7428e-09
6.6995e-09
6.6565e-09
6.6138e-09
6.5713e-09
6.5291e-09
6.4871e-09
6.4454e-09
6.404e-09
6.3628e-09
6.3218e-09
6.2811e-09
6.2407e-09
6.2004e-09
6.1605e-09
6.1208e-09
6.0813e-09
6.042e-09
6.003e-09
5.9643e-09
5.9257e-09
5.8874e-09
5.8494e-09
5.8115e-09
5.7739e-09
5.7366e-09
5.6994e-09
5.6625e-09
5.6258e-09
5.5894e-09
5.5531e-09
5.5171e-09
5.4813e-09
5.4457e-09
5.4104e-09
5.3752e-09
5.3403e-09
5.3056e-09
5.2711e-09
5.2368e-09
5.2027e-09
5.1688e-09
5.1352e-09
5.1017e-09
5.0685e-09
5.0354e-09
5.0026e-09
4.97e-09
4.9375e-09
4.9053e-09
4.8733e-09
4.8414e-09
4.8098e-09
4.7783e-09
4.7471e-09
4.716e-09
4.6852e-09
4.6545e-09
4.624e-09
4.5937e-09
4.5636e-09
4.5337e-09
4.5039e-09
4.4744e-09
4.445e-09
4.4158e-09
4.3868e-09
4.358e-09
4.3293e-09
4.3009e-09
4.2726e-09
4.2445e-09
4.2165e-09
4.1887e-09
4.1612e-09
4.1337e-09
4.1065e-09
4.0794e-09
4.0525e-09
4.0257e-09
3.9992e-09
3.9728e-09
3.9465e-09
3.9204e-09
3.8945e-09
3.8687e-09
3.8432e-09
3.8177e-09
3.7924e-09
3.7673e-09
3.7424e-09
3.7176e-09
3.6929e-09
3.6684e-09
3.6441e-09
3.6199e-09
3.5959e-09
3.572e-09
3.5482e-09
3.5247e-09
3.5012e-09
3.4779e-09
3.4548e-09
3.4318e-09
3.4089e-09
3.3862e-09
3.3637e-09
3.3413e-09
3.319e-09
3.2968e-09
3.2748e-09
3.253e-09
3.2313e-09
3.2097e-09
3.1882e-09
3.1669e-09
3.1457e-09
3.1247e-09
3.1038e-09
3.083e-09
3.0624e-09
3.0419e-09
3.0215e-09
3.0012e-09
2.9811e-09
2.9611e-09
2.9412e-09
2.9215e-09
2.9019e-09
2.8824e-09
2.863e-09
2.8438e-09
2.8246e-09
2.8056e-09
2.7867e-09
2.768e-09
2.7493e-09
2.7308e-09
2.7124e-09
2.6941e-09
2.676e-09
2.6579e-09
2.64e-09
2.6222e-09
2.6045e-09
2.5869e-09
2.5694e-09
2.552e-09
2.5348e-09
2.5176e-09
2.5006e-09
2.4836e-09
2.4668e-09
2.4501e-09
2.4335e-09
2.417e-09
2.4006e-09
2.3843e-09
2.3682e-09
2.3521e-09
2.3361e-09
2.3202e-09
2.3045e-09
2.2888e-09
2.2732e-09
2.2578e-09
2.2424e-09
2.2272e-09
2.212e-09
2.1969e-09
2.1819e-09
2.1671e-09
2.1523e-09
2.1376e-09
2.123e-09
2.1085e-09
2.0941e-09
2.0798e-09
2.0656e-09
2.0515e-09
2.0375e-09
2.0235e-09
2.0097e-09
1.9959e-09
1.9823e-09
1.9687e-09
1.9552e-09
1.9418e-09
1.9285e-09
1.9153e-09
1.9021e-09
1.8891e-09
1.8761e-09
1.8632e-09
1.8504e-09
1.8377e-09
1.825e-09
1.8125e-09
1.8e-09
1.7876e-09
1.7753e-09
1.7631e-09
1.751e-09
1.7389e-09
1.7269e-09
1.715e-09
1.7032e-09
1.6914e-09
1.6797e-09
1.6681e-09
1.6566e-09
1.6451e-09
1.6338e-09
1.6225e-09
1.6113e-09
1.6001e-09
1.589e-09
1.578e-09
1.5671e-09
1.5562e-09
1.5454e-09
1.5347e-09
1.5241e-09
1.5135e-09
1.503e-09
1.4926e-09
1.4822e-09
1.4719e-09
1.4617e-09
1.4515e-09
1.4414e-09
1.4314e-09
1.4214e-09
1.4115e-09
1.4017e-09
1.3919e-09
1.3822e-09
1.3726e-09
1.363e-09
1.3535e-09
1.344e-09
1.3347e-09
1.3253e-09
1.3161e-09
1.3069e-09
1.2977e-09
1.2887e-09
1.2797e-09
1.2707e-09
1.2618e-09
1.253e-09
1.2442e-09
1.2355e-09
1.2268e-09
1.2182e-09
1.2097e-09
1.2012e-09
1.1927e-09
1.1844e-09
1.176e-09
1.1678e-09
1.1596e-09
1.1514e-09
1.1433e-09
1.1353e-09
1.1273e-09
1.1193e-09
1.1115e-09
1.1036e-09
1.0959e-09
1.0881e-09
1.0805e-09
1.0728e-09
1.0653e-09
1.0577e-09
1.0503e-09
1.0429e-09
1.0355e-09
1.0282e-09
1.0209e-09
1.0137e-09
1.0065e-09
9.9937e-10
9.923e-10
9.8527e-10
9.7829e-10
9.7135e-10
9.6446e-10
9.5762e-10
9.5083e-10
9.4408e-10
9.3738e-10
9.3072e-10
9.2411e-10
9.1754e-10
9.1102e-10
9.0454e-10
8.981e-10
8.9171e-10
8.8536e-10
8.7906e-10
8.728e-10
8.6658e-10
8.604e-10
8.5427e-10
8.4817e-10
8.4212e-10
8.3611e-10
8.3014e-10
8.2421e-10
8.1832e-10
8.1247e-10
8.0667e-10
8.009e-10
7.9517e-10
7.8948e-10
7.8382e-10
7.7821e-10
7.7264e-10
7.671e-10
7.616e-10
7.5614e-10
7.5072e-10
7.4533e-10
7.3998e-10
7.3467e-10
7.2939e-10
7.2415e-10
7.1895e-10
7.1378e-10
7.0864e-10
7.0355e-10
6.9848e-10
6.9345e-10
6.8846e-10
6.835e-10
6.7858e-10
6.7368e-10
6.6883e-10
6.64e-10
6.5921e-10
6.5445e-10
6.4973e-10
6.4504e-10
6.4038e-10
6.3575e-10
6.3115e-10
6.2659e-10
6.2205e-10
6.1755e-10
6.1308e-10
6.0864e-10
6.0423e-10
5.9985e-10
5.9551e-10
5.9119e-10
5.869e-10
5.8264e-10
5.7841e-10
5.7421e-10
5.7004e-10
5.659e-10
5.6179e-10
5.5771e-10
5.5365e-10
5.4962e-10
5.4562e-10
5.4165e-10
5.3771e-10
5.3379e-10
5.299e-10
5.2604e-10
5.222e-10
5.184e-10
5.1461e-10
5.1086e-10
5.0713e-10
5.0343e-10
4.9975e-10
4.961e-10
4.9247e-10
4.8887e-10
4.8529e-10
4.8174e-10
4.7822e-10
4.7472e-10
4.7124e-10
4.6779e-10
4.6436e-10
4.6095e-10
4.5757e-10
4.5422e-10
4.5088e-10
4.4757e-10
4.4429e-10
4.4102e-10
4.3778e-10
4.3457e-10
4.3137e-10
4.282e-10
4.2505e-10
4.2192e-10
4.1881e-10
4.1573e-10
4.1267e-10
4.0963e-10
4.0661e-10
4.0361e-10
4.0063e-10
3.9768e-10
3.9474e-10
3.9183e-10
3.8893e-10
3.8606e-10
3.8321e-10
3.8037e-10
3.7756e-10
3.7477e-10
3.72e-10
3.6924e-10
3.6651e-10
3.6379e-10
3.611e-10
3.5842e-10
3.5576e-10
3.5313e-10
3.5051e-10
3.4791e-10
3.4532e-10
3.4276e-10
3.4021e-10
3.3769e-10
3.3518e-10
3.3268e-10
3.3021e-10
3.2775e-10
3.2531e-10
3.2289e-10
3.2049e-10
3.181e-10
3.1573e-10
3.1338e-10
3.1104e-10
3.0872e-10
3.0642e-10
3.0413e-10
3.0186e-10
2.9961e-10
2.9737e-10
2.9515e-10
2.9294e-10
2.9075e-10
2.8857e-10
2.8642e-10
2.8427e-10
2.8214e-10
2.8003e-10
2.7793e-10
2.7585e-10
2.7378e-10
2.7173e-10
2.6969e-10
2.6767e-10
2.6566e-10
2.6366e-10
2.6168e-10
2.5972e-10
2.5777e-10
2.5583e-10
2.539e-10
2.5199e-10
2.501e-10
2.4822e-10
2.4635e-10
2.4449e-10
2.4265e-10
2.4082e-10
2.3901e-10
2.372e-10
2.3541e-10
2.3364e-10
2.3187e-10
2.3012e-10
2.2839e-10
2.2666e-10
2.2495e-10
2.2325e-10
2.2156e-10
2.1988e-10
2.1822e-10
2.1657e-10
2.1493e-10
2.133e-10
2.1168e-10
2.1008e-10
2.0849e-10
2.0691e-10
2.0534e-10
2.0378e-10
2.0223e-10
2.007e-10
1.9917e-10
1.9766e-10
1.9616e-10
1.9466e-10
1.9318e-10
1.9171e-10
1.9026e-10
1.8881e-10
1.8737e-10
1.8594e-10
1.8453e-10
1.8312e-10
1.8172e-10
1.8034e-10
1.7896e-10
1.776e-10
1.7624e-10
1.749e-10
1.7356e-10
1.7223e-10
1.7092e-10
1.6961e-10
1.6831e-10
1.6703e-10
1.6575e-10
1.6448e-10
1.6322e-10
1.6197e-10
1.6073e-10
1.595e-10
1.5828e-10
1.5706e-10
1.5586e-10
1.5466e-10
1.5347e-10
1.523e-10
1.5113e-10
1.4996e-10
1.4881e-10
1.4767e-10
1.4653e-10
1.4541e-10
1.4429e-10
1.4318e-10
1.4207e-10
1.4098e-10
1.3989e-10
1.3882e-10
1.3775e-10
1.3668e-10
1.3563e-10
1.3458e-10
1.3354e-10
1.3251e-10
1.3149e-10
1.3047e-10
1.2947e-10
1.2847e-10
1.2747e-10
1.2649e-10
1.2551e-10
1.2454e-10
1.2357e-10
1.2262e-10
1.2167e-10
1.2072e-10
1.1979e-10
1.1886e-10
1.1794e-10
1.1702e-10
1.1611e-10
1.1521e-10
1.1432e-10
1.1343e-10
1.1255e-10
1.1167e-10
1.1081e-10
1.0994e-10
1.0909e-10
1.0824e-10
1.074e-10
1.0656e-10
1.0573e-10
1.0491e-10
1.0409e-10
1.0328e-10
1.0247e-10
1.0167e-10
1.0088e-10
1.0009e-10
9.9311e-11
9.8536e-11
9.7766e-11
9.7002e-11
9.6244e-11
9.5491e-11
9.4744e-11
9.4003e-11
9.3268e-11
9.2537e-11
9.1813e-11
9.1094e-11
9.038e-11
8.9671e-11
8.8968e-11
8.8271e-11
8.7578e-11
8.6891e-11
8.6209e-11
8.5532e-11
8.486e-11
8.4193e-11
8.3532e-11
8.2875e-11
8.2223e-11
8.1576e-11
8.0934e-11
8.0297e-11
7.9665e-11
7.9038e-11
7.8415e-11
7.7797e-11
7.7184e-11
7.6575e-11
7.5971e-11
7.5372e-11
7.4777e-11
7.4187e-11
7.3601e-11
7.3019e-11
7.2442e-11
7.187e-11
7.1302e-11
7.0738e-11
7.0178e-11
6.9623e-11
6.9072e-11
6.8525e-11
6.7982e-11
6.7443e-11
6.6909e-11
6.6378e-11
6.5852e-11
6.533e-11
6.4811e-11
6.4297e-11
6.3786e-11
6.328e-11
6.2777e-11
6.2278e-11
6.1783e-11
6.1292e-11
6.0805e-11
6.0321e-11
5.9841e-11
5.9364e-11
5.8892e-11
5.8423e-11
5.7957e-11
5.7495e-11
5.7037e-11
5.6582e-11
5.6131e-11
5.5683e-11
5.5238e-11
5.4797e-11
5.436e-11
5.3925e-11
5.3494e-11
5.3067e-11
5.2642e-11
5.2221e-11
5.1804e-11
5.1389e-11
5.0978e-11
5.0569e-11
5.0164e-11
4.9762e-11
4.9364e-11
4.8968e-11
4.8575e-11
4.8185e-11
4.7799e-11
4.7415e-11
4.7034e-11
4.6657e-11
4.6282e-11
4.591e-11
4.5541e-11
4.5175e-11
4.4811e-11
4.4451e-11
4.4093e-11
4.3738e-11
4.3386e-11
4.3036e-11
4.269e-11
4.2346e-11
4.2004e-11
4.1665e-11
4.1329e-11
4.0996e-11
4.0665e-11
4.0337e-11
4.0011e-11
3.9688e-11
3.9367e-11
3.9049e-11
3.8733e-11
3.842e-11
3.8109e-11
3.7801e-11
3.7495e-11
3.7191e-11
3.689e-11
3.6591e-11
3.6294e-11
3.6e-11
3.5708e-11
3.5418e-11
3.5131e-11
3.4846e-11
3.4563e-11
3.4282e-11
3.4004e-11
3.3728e-11
3.3453e-11
3.3181e-11
3.2912e-11
3.2644e-11
3.2378e-11
3.2115e-11
3.1853e-11
3.1594e-11
3.1336e-11
3.1081e-11
3.0828e-11
3.0576e-11
3.0327e-11
3.008e-11
2.9834e-11
2.959e-11
2.9349e-11
2.9109e-11
2.8871e-11
2.8635e-11
2.8401e-11
2.8169e-11
2.7939e-11
2.771e-11
2.7483e-11
2.7258e-11
2.7035e-11
2.6814e-11
2.6594e-11
2.6376e-11
2.616e-11
2.5945e-11
2.5732e-11
2.5521e-11
2.5312e-11
2.5104e-11
2.4898e-11
2.4693e-11
2.449e-11
2.4289e-11
2.4089e-11
2.3891e-11
2.3694e-11
2.3499e-11
2.3306e-11
2.3114e-11
2.2924e-11
2.2735e-11
2.2548e-11
2.2362e-11
2.2177e-11
2.1994e-11
2.1813e-11
2.1633e-11
2.1454e-11
2.1277e-11
2.1101e-11
2.0927e-11
2.0754e-11
2.0582e-11
2.0412e-11
2.0243e-11
2.0076e-11
1.991e-11
1.9745e-11
1.9581e-11
1.9419e-11
1.9258e-11
1.9099e-11
1.894e-11
1.8783e-11
1.8627e-11
1.8473e-11
1.832e-11
1.8168e-11
1.8017e-11
1.7867e-11
1.7718e-11
1.7571e-11
1.7425e-11
1.728e-11
1.7136e-11
1.6994e-11
1.6852e-11
1.6712e-11
1.6573e-11
1.6435e-11
1.6298e-11
1.6162e-11
1.6027e-11
1.5894e-11
1.5761e-11
1.563e-11
1.5499e-11
1.537e-11
1.5241e-11
1.5114e-11
1.4988e-11
1.4862e-11
1.4738e-11
1.4615e-11
1.4493e-11
1.4371e-11
1.4251e-11
1.4132e-11
1.4013e-11
1.3896e-11
1.3779e-11
1.3664e-11
1.3549e-11
1.3436e-11
1.3323e-11
1.3211e-11
1.31e-11
1.299e-11
1.2881e-11
1.2773e-11
1.2666e-11
1.2559e-11
1.2454e-11
1.2349e-11
1.2245e-11
1.2142e-11
1.204e-11
1.1938e-11
1.1838e-11
1.1738e-11
1.1639e-11
1.1541e-11
1.1444e-11
1.1347e-11
1.1251e-11
1.1156e-11
1.1062e-11
1.0969e-11
1.0876e-11
1.0784e-11
1.0693e-11
1.0603e-11
1.0513e-11
1.0424e-11
1.0336e-11
1.0249e-11
1.0162e-11
1.0076e-11
9.9905e-12
9.9058e-12
9.8219e-12
9.7386e-12
9.6561e-12
9.5742e-12
9.4929e-12
9.4124e-12
9.3325e-12
9.2532e-12
9.1746e-12
9.0967e-12
9.0194e-12
8.9427e-12
8.8667e-12
8.7913e-12
8.7165e-12
8.6423e-12
8.5688e-12
8.4958e-12
8.4234e-12
8.3517e-12
8.2805e-12
8.2099e-12
8.1399e-12
8.0705e-12
8.0017e-12
7.9334e-12
7.8657e-12
7.7985e-12
7.7319e-12
7.6659e-12
7.6003e-12
7.5354e-12
7.471e-12
7.4071e-12
7.3437e-12
7.2809e-12
7.2185e-12
7.1567e-12
7.0955e-12
7.0347e-12
6.9744e-12
6.9146e-12
6.8553e-12
6.7965e-12
6.7382e-12
6.6804e-12
6.6231e-12
6.5662e-12
6.5098e-12
6.4539e-12
6.3985e-12
6.3435e-12
6.2889e-12
6.2349e-12
6.1812e-12
6.1281e-12
6.0753e-12
6.023e-12
5.9711e-12
5.9197e-12
5.8687e-12
5.8181e-12
5.768e-12
5.7182e-12
5.6689e-12
5.62e-12
5.5715e-12
5.5234e-12
5.4757e-12
5.4284e-12
5.3815e-12
5.335e-12
5.2889e-12
5.2432e-12
5.1978e-12
5.1529e-12
5.1083e-12
5.0641e-12
5.0202e-12
4.9767e-12
4.9336e-12
4.8909e-12
4.8485e-12
4.8065e-12
4.7648e-12
4.7234e-12
4.6825e-12
4.6418e-12
4.6015e-12
4.5616e-12
4.5219e-12
4.4826e-12
4.4437e-12
4.405e-12
4.3667e-12
4.3288e-12
4.2911e-12
4.2538e-12
4.2167e-12
4.18e-12
4.1436e-12
4.1075e-12
4.0717e-12
4.0362e-12
4.001e-12
3.9661e-12
3.9315e-12
3.8972e-12
3.8632e-12
3.8295e-12
3.796e-12
3.7629e-12
3.73e-12
3.6974e-12
3.665e-12
3.633e-12
3.6012e-12
3.5697e-12
3.5385e-12
3.5075e-12
3.4768e-12
3.4463e-12
3.4161e-12
3.3862e-12
3.3565e-12
3.3271e-12
3.2979e-12
3.2689e-12
3.2403e-12
3.2118e-12
3.1836e-12
3.1556e-12
3.1279e-12
3.1004e-12
3.0732e-12
3.0462e-12
3.0194e-12
2.9928e-12
2.9665e-12
2.9404e-12
2.9145e-12
2.8888e-12
2.8634e-12
2.8381e-12
2.8131e-12
2.7883e-12
2.7637e-12
2.7394e-12
2.7152e-12
2.6912e-12
2.6675e-12
2.6439e-12
2.6206e-12
2.5974e-12
2.5745e-12
2.5517e-12
2.5291e-12
2.5068e-12
2.4846e-12
2.4626e-12
2.4408e-12
2.4192e-12
2.3978e-12
2.3765e-12
2.3555e-12
2.3346e-12
2.3139e-12
2.2934e-12
2.273e-12
2.2529e-12
2.2329e-12
2.2131e-12
2.1934e-12
2.1739e-12
2.1546e-12
2.1355e-12
2.1165e-12
2.0977e-12
2.079e-12
2.0605e-12
2.0422e-12
2.024e-12
2.006e-12
1.9881e-12
1.9704e-12
1.9528e-12
1.9354e-12
1.9182e-12
1.9011e-12
1.8841e-12
1.8673e-12
1.8507e-12
1.8341e-12
1.8178e-12
1.8015e-12
1.7854e-12
1.7695e-12
1.7537e-12
1.738e-12
1.7224e-12
1.707e-12
1.6918e-12
1.6766e-12
1.6616e-12
1.6467e-12
1.632e-12
1.6173e-12
1.6029e-12
1.5885e-12
1.5742e-12
1.5601e-12
1.5461e-12
1.5323e-12
1.5185e-12
1.5049e-12
1.4913e-12
1.478e-12
1.4647e-12
1.4515e-12
1.4385e-12
1.4255e-12
1.4127e-12
1.4e-12
1.3874e-12
1.3749e-12
1.3625e-12
1.3502e-12
1.3381e-12
1.326e-12
1.3141e-12
1.3022e-12
1.2905e-12
1.2788e-12
1.2673e-12
1.2559e-12
1.2445e-12
1.2333e-12
1.2221e-12
1.2111e-12
1.2002e-12
1.1893e-12
1.1786e-12
1.1679e-12
1.1573e-12
1.1469e-12
1.1365e-12
1.1262e-12
1.116e-12
1.1059e-12
1.0959e-12
1.0859e-12
1.0761e-12
1.0663e-12
1.0567e-12
1.0471e-12
1.0376e-12
1.0281e-12
1.0188e-12
1.0096e-12
1.0004e-12
9.913e-13
9.8229e-13
9.7336e-13
9.645e-13
9.5573e-13
9.4704e-13
9.3842e-13
9.2987e-13
9.2141e-13
9.1301e-13
9.047e-13
8.9645e-13
8.8828e-13
8.8018e-13
8.7216e-13
8.642e-13
8.5631e-13
8.485e-13
8.4075e-13
8.3308e-13
8.2547e-13
8.1792e-13
8.1045e-13
8.0304e-13
7.957e-13
7.8842e-13
7.8121e-13
7.7406e-13
7.6698e-13
7.5995e-13
7.53e-13
7.461e-13
7.3926e-13
7.3249e-13
7.2577e-13
7.1912e-13
7.1252e-13
7.0599e-13
6.9951e-13
6.9309e-13
6.8672e-13
6.8042e-13
6.7417e-13
6.6797e-13
6.6183e-13
6.5575e-13
6.4972e-13
6.4374e-13
6.3782e-13
6.3195e-13
6.2614e-13
6.2037e-13
6.1466e-13
6.09e-13
6.0338e-13
5.9782e-13
5.9231e-13
5.8685e-13
5.8144e-13
5.7607e-13
5.7076e-13
5.6549e-13
5.6027e-13
5.5509e-13
5.4997e-13
5.4489e-13
5.3985e-13
5.3486e-13
5.2991e-13
5.2501e-13
5.2015e-13
5.1534e-13
5.1057e-13
5.0584e-13
5.0116e-13
4.9652e-13
4.9192e-13
4.8736e-13
4.8284e-13
4.7836e-13
4.7392e-13
4.6953e-13
4.6517e-13
4.6085e-13
4.5657e-13
4.5233e-13
4.4813e-13
4.4397e-13
4.3984e-13
4.3575e-13
4.317e-13
4.2769e-13
4.2371e-13
4.1976e-13
4.1586e-13
4.1198e-13
4.0815e-13
4.0435e-13
4.0058e-13
3.9685e-13
3.9315e-13
3.8948e-13
3.8585e-13
3.8225e-13
3.7868e-13
3.7515e-13
3.7164e-13
3.6817e-13
3.6473e-13
3.6133e-13
3.5795e-13
3.546e-13
3.5129e-13
3.48e-13
3.4475e-13
3.4152e-13
3.3832e-13
3.3516e-13
3.3202e-13
3.2891e-13
3.2583e-13
3.2277e-13
3.1975e-13
3.1675e-13
3.1378e-13
3.1083e-13
3.0792e-13
3.0503e-13
3.0216e-13
2.9933e-13
2.9651e-13
2.9373e-13
2.9097e-13
2.8823e-13
2.8552e-13
2.8284e-13
2.8018e-13
2.7754e-13
2.7493e-13
2.7234e-13
2.6978e-13
2.6724e-13
2.6472e-13
2.6222e-13
2.5975e-13
2.573e-13
2.5488e-13
2.5247e-13
2.5009e-13
2.4773e-13
2.4539e-13
2.4307e-13
2.4078e-13
2.385e-13
2.3625e-13
2.3402e-13
2.318e-13
2.2961e-13
2.2744e-13
2.2529e-13
2.2316e-13
2.2104e-13
2.1895e-13
2.1688e-13
2.1482e-13
2.1279e-13
2.1077e-13
2.0877e-13
2.0679e-13
2.0483e-13
2.0289e-13
2.0096e-13
1.9906e-13
1.9717e-13
1.9529e-13
1.9344e-13
1.916e-13
1.8978e-13
1.8798e-13
1.8619e-13
1.8442e-13
1.8266e-13
1.8093e-13
1.792e-13
1.775e-13
1.7581e-13
1.7413e-13
1.7247e-13
1.7083e-13
1.692e-13
1.6759e-13
1.6599e-13
1.6441e-13
1.6284e-13
1.6128e-13
1.5975e-13
1.5822e-13
1.5671e-13
1.5521e-13
1.5373e-13
1.5226e-13
1.508e-13
1.4936e-13
1.4793e-13
1.4652e-13
1.4512e-13
1.4373e-13
1.4235e-13
1.4099e-13
1.3964e-13
1.383e-13
1.3697e-13
1.3566e-13
1.3436e-13
1.3307e-13
1.318e-13
1.3053e-13
1.2928e-13
1.2804e-13
1.2681e-13
1.2559e-13
1.2438e-13
1.2319e-13
1.22e-13
1.2083e-13
1.1967e-13
1.1852e-13
1.1738e-13
1.1625e-13
1.1513e-13
1.1402e-13
1.1292e-13
1.1183e-13
1.1076e-13
1.0969e-13
1.0863e-13
1.0758e-13
1.0655e-13
1.0552e-13
1.045e-13
1.0349e-13
1.0249e-13
1.015e-13
1.0052e-13
9.9552e-14
9.859e-14
9.7637e-14
9.6693e-14
9.5758e-14
9.4832e-14
9.3914e-14
9.3005e-14
9.2105e-14
9.1213e-14
9.033e-14
8.9455e-14
8.8588e-14
8.773e-14
8.6879e-14
8.6037e-14
8.5202e-14
8.4376e-14
8.3557e-14
8.2746e-14
8.1943e-14
8.1147e-14
8.0359e-14
7.9578e-14
7.8805e-14
7.8039e-14
7.728e-14
7.6529e-14
7.5785e-14
7.5047e-14
7.4317e-14
7.3594e-14
7.2877e-14
7.2167e-14
7.1464e-14
7.0768e-14
7.0078e-14
6.9395e-14
6.8719e-14
6.8048e-14
6.7385e-14
6.6727e-14
6.6076e-14
6.5431e-14
6.4792e-14
6.4159e-14
6.3533e-14
6.2912e-14
6.2297e-14
6.1688e-14
6.1085e-14
6.0487e-14
5.9895e-14
5.9309e-14
5.8729e-14
5.8154e-14
5.7585e-14
5.702e-14
5.6462e-14
5.5909e-14
5.5361e-14
5.4818e-14
5.428e-14
5.3748e-14
5.3221e-14
5.2698e-14
5.2181e-14
5.1669e-14
5.1161e-14
5.0659e-14
5.0161e-14
4.9668e-14
4.918e-14
4.8696e-14
4.8218e-14
4.7743e-14
4.7274e-14
4.6808e-14
4.6348e-14
4.5891e-14
4.5439e-14
4.4992e-14
4.4548e-14
4.4109e-14
4.3675e-14
4.3244e-14
4.2818e-14
4.2395e-14
4.1977e-14
4.1563e-14
4.1152e-14
4.0746e-14
4.0344e-14
3.9945e-14
3.9551e-14
3.916e-14
3.8773e-14
3.8389e-14
3.801e-14
3.7634e-14
3.7261e-14
3.6893e-14
3.6527e-14
3.6166e-14
3.5808e-14
3.5453e-14
3.5102e-14
3.4754e-14
3.4409e-14
3.4068e-14
3.373e-14
3.3396e-14
3.3064e-14
3.2736e-14
3.2411e-14
3.209e-14
3.1771e-14
3.1455e-14
3.1143e-14
3.0833e-14
3.0527e-14
3.0224e-14
2.9923e-14
2.9625e-14
2.9331e-14
2.9039e-14
2.875e-14
2.8464e-14
2.818e-14
2.79e-14
2.7622e-14
2.7346e-14
2.7074e-14
2.6804e-14
2.6537e-14
2.6272e-14
2.601e-14
2.5751e-14
2.5494e-14
2.5239e-14
2.4987e-14
2.4738e-14
2.4491e-14
2.4246e-14
2.4004e-14
2.3764e-14
2.3526e-14
2.3291e-14
2.3058e-14
2.2828e-14
2.2599e-14
2.2373e-14
2.2149e-14
2.1928e-14
2.1708e-14
2.1491e-14
2.1275e-14
2.1062e-14
2.0851e-14
2.0642e-14
2.0435e-14
2.023e-14
2.0028e-14
1.9827e-14
1.9628e-14
1.9431e-14
1.9236e-14
1.9043e-14
1.8852e-14
1.8662e-14
1.8475e-14
1.8289e-14
1.8105e-14
1.7923e-14
1.7743e-14
1.7565e-14
1.7388e-14
1.7214e-14
1.704e-14
1.6869e-14
1.6699e-14
1.6531e-14
1.6365e-14
1.62e-14
1.6037e-14
1.5875e-14
1.5716e-14
1.5557e-14
1.5401e-14
1.5245e-14
1.5092e-14
1.494e-14
1.4789e-14
1.464e-14
1.4492e-14
1.4346e-14
1.4201e-14
1.4058e-14
1.3916e-14
1.3776e-14
1.3637e-14
1.3499e-14
1.3363e-14
1.3228e-14
1.3094e-14
1.2962e-14
1.2831e-14
1.2702e-14
1.2573e-14
1.2446e-14
1.2321e-14
1.2196e-14
1.2073e-14
1.1951e-14
1.183e-14
1.1711e-14
1.1592e-14
1.1475e-14
1.1359e-14
1.1244e-14
1.1131e-14
1.1018e-14
1.0907e-14
1.0796e-14
1.0687e-14
1.0579e-14
1.0472e-14
1.0366e-14
1.0262e-14
1.0158e-14
1.0055e-14
9.9534e-15
9.8527e-15
9.7531e-15
9.6545e-15
9.5569e-15
9.4603e-15
9.3646e-15
9.27e-15
9.1763e-15
9.0835e-15
8.9918e-15
8.9009e-15
8.811e-15
8.722e-15
8.6339e-15
8.5467e-15
8.4604e-15
8.3749e-15
8.2904e-15
8.2067e-15
8.1239e-15
8.042e-15
7.9608e-15
7.8806e-15
7.8011e-15
7.7225e-15
7.6447e-15
7.5677e-15
7.4915e-15
7.4161e-15
7.3414e-15
7.2676e-15
7.1945e-15
7.1221e-15
7.0506e-15
6.9798e-15
6.9097e-15
6.8403e-15
6.7717e-15
6.7038e-15
6.6366e-15
6.5702e-15
6.5044e-15
6.4393e-15
6.3749e-15
6.3112e-15
6.2482e-15
6.1859e-15
6.1242e-15
6.0631e-15
6.0027e-15
5.943e-15
5.8839e-15
5.8255e-15
5.7676e-15
5.7104e-15
5.6539e-15
5.5979e-15
5.5425e-15
5.4878e-15
5.4336e-15
5.38e-15
5.3271e-15
5.2747e-15
5.2228e-15
5.1716e-15
5.1209e-15
5.0708e-15
5.0212e-15
4.9722e-15
4.9238e-15
4.8759e-15
4.8285e-15
4.7816e-15
4.7353e-15
4.6895e-15
4.6443e-15
4.5995e-15
4.5553e-15
4.5116e-15
4.4684e-15
4.4257e-15
4.3834e-15
4.3417e-15
4.3005e-15
4.2597e-15
4.2195e-15
4.1797e-15
4.1404e-15
4.1015e-15
4.0632e-15
4.0253e-15
3.9878e-15
3.9508e-15
3.9143e-15
3.8782e-15
3.8426e-15
3.8074e-15
3.7726e-15
3.7383e-15
3.7045e-15
3.671e-15
3.638e-15
3.6054e-15
3.5733e-15
3.5415e-15
3.5102e-15
3.4793e-15
3.4488e-15
3.4188e-15
3.3891e-15
3.3598e-15
3.331e-15
3.3025e-15
3.2745e-15
3.2468e-15
3.2195e-15
3.1927e-15
3.1662e-15
3.1401e-15
3.1144e-15
3.0891e-15
3.0641e-15
3.0396e-15
3.0154e-15
2.9916e-15
2.9682e-15
2.9452e-15
2.9225e-15
2.9002e-15
2.8783e-15
2.8567e-15
2.8355e-15
2.8147e-15
2.7942e-15
2.7741e-15
2.7544e-15
2.735e-15
2.716e-15
2.6974e-15
2.6791e-15
2.6612e-15
2.6436e-15
2.6264e-15
2.6095e-15
2.593e-15
2.5769e-15
2.5611e-15
2.5456e-15
2.5305e-15
2.5158e-15
2.5014e-15
2.4874e-15
2.4737e-15
2.4604e-15
2.4474e-15
2.4348e-15
2.4225e-15
2.4106e-15
2.399e-15
2.3878e-15
2.3769e-15
2.3664e-15
