2.3119e-08
2.307e-08
2.302e-08
2.2971e-08
2.2922e-08
2.2873e-08
2.2824e-08
2.2775e-08
2.2727e-08
2.2678e-08
2.2629e-08
2.2581e-08
2.2533e-08
2.2484e-08
2.2436e-08
2.2388e-08
2.234e-08
2.2292e-08
2.2244e-08
2.2196e-08
2.2149e-08
2.2101e-08
2.2054e-08
2.2006e-08
2.1959e-08
2.1912e-08
2.1864e-08
2.1817e-08
2.177e-08
2.1723e-08
2.1676e-08
2.163e-08
2.1583e-08
2.1536e-08
2.149e-08
2.1444e-08
2.1397e-08
2.1351e-08
2.1305e-08
2.1259e-08
2.1213e-08
2.1167e-08
2.1121e-08
2.1075e-08
2.103e-08
2.0984e-08
2.0939e-08
2.0893e-08
2.0848e-08
2.0803e-08
2.0757e-08
2.0712e-08
2.0667e-08
2.0622e-08
2.0578e-08
2.0533e-08
2.0488e-08
2.0444e-08
2.0399e-08
2.0355e-08
2.031e-08
2.0266e-08
2.0222e-08
2.0178e-08
2.0134e-08
2.009e-08
2.0046e-08
2.0002e-08
1.9959e-08
1.9915e-08
1.9872e-08
1.9828e-08
1.9785e-08
1.9741e-08
1.9698e-08
1.9655e-08
1.9612e-08
1.9569e-08
1.9526e-08
1.9484e-08
1.9441e-08
1.9398e-08
1.9356e-08
1.9313e-08
1.9271e-08
1.9228e-08
1.9186e-08
1.9144e-08
1.9102e-08
1.906e-08
1.9018e-08
1.8976e-08
1.8934e-08
1.8893e-08
1.8851e-08
1.881e-08
1.8768e-08
1.8727e-08
1.8686e-08
1.8644e-08
1.8603e-08
1.8562e-08
1.8521e-08
1.848e-08
1.8439e-08
1.8399e-08
1.8358e-08
1.8317e-08
1.8277e-08
1.8236e-08
1.8196e-08
1.8156e-08
1.8116e-08
1.8075e-08
1.8035e-08
1.7995e-08
1.7956e-08
1.7916e-08
1.7876e-08
1.7836e-08
1.7797e-08
1.7757e-08
1.7718e-08
1.7678e-08
1.7639e-08
1.76e-08
1.7561e-08
1.7522e-08
1.7483e-08
1.7444e-08
1.7405e-08
1.7366e-08
1.7328e-08
1.7289e-08
1.725e-08
1.7212e-08
1.7174e-08
1.7135e-08
1.7097e-08
1.7059e-08
1.7021e-08
1.6983e-08
1.6945e-08
1.6907e-08
1.6869e-08
1.6831e-08
1.6794e-08
1.6756e-08
1.6719e-08
1.6681e-08
1.6644e-08
1.6607e-08
1.657e-08
1.6532e-08
1.6495e-08
1.6458e-08
1.6421e-08
1.6385e-08
1.6348e-08
1.6311e-08
1.6275e-08
1.6238e-08
1.6202e-08
1.6165e-08
1.6129e-08
1.6093e-08
1.6056e-08
1.602e-08
1.5984e-08
1.5948e-08
1.5912e-08
1.5877e-08
1.5841e-08
1.5805e-08
1.577e-08
1.5734e-08
1.5699e-08
1.5663e-08
1.5628e-08
1.5593e-08
1.5557e-08
1.5522e-08
1.5487e-08
1.5452e-08
1.5417e-08
1.5383e-08
1.5348e-08
1.5313e-08
1.5278e-08
1.5244e-08
1.5209e-08
1.5175e-08
1.5141e-08
1.5106e-08
1.5072e-08
1.5038e-08
1.5004e-08
1.497e-08
1.4936e-08
1.4902e-08
1.4869e-08
1.4835e-08
1.4801e-08
1.4768e-08
1.4734e-08
1.4701e-08
1.4667e-08
1.4634e-08
1.4601e-08
1.4568e-08
1.4535e-08
1.4502e-08
1.4469e-08
1.4436e-08
1.4403e-08
1.437e-08
1.4338e-08
1.4305e-08
1.4272e-08
1.424e-08
1.4208e-08
1.4175e-08
1.4143e-08
1.4111e-08
1.4079e-08
1.4047e-08
1.4015e-08
1.3983e-08
1.3951e-08
1.3919e-08
1.3887e-08
1.3856e-08
1.3824e-08
1.3792e-08
1.3761e-08
1.373e-08
1.3698e-08
1.3667e-08
1.3636e-08
1.3605e-08
1.3574e-08
1.3543e-08
1.3512e-08
1.3481e-08
1.345e-08
1.3419e-08
1.3389e-08
1.3358e-08
1.3328e-08
1.3297e-08
1.3267e-08
1.3236e-08
1.3206e-08
1.3176e-08
1.3146e-08
1.3116e-08
1.3086e-08
1.3056e-08
1.3026e-08
1.2996e-08
1.2966e-08
1.2937e-08
1.2907e-08
1.2877e-08
1.2848e-08
1.2819e-08
1.2789e-08
1.276e-08
1.2731e-08
1.2701e-08
1.2672e-08
1.2643e-08
1.2614e-08
1.2585e-08
1.2557e-08
1.2528e-08
1.2499e-08
1.2471e-08
1.2442e-08
1.2413e-08
1.2385e-08
1.2357e-08
1.2328e-08
1.23e-08
1.2272e-08
1.2244e-08
1.2216e-08
1.2188e-08
1.216e-08
1.2132e-08
1.2104e-08
1.2076e-08
1.2048e-08
1.2021e-08
1.1993e-08
1.1966e-08
1.1938e-08
1.1911e-08
1.1884e-08
1.1856e-08
1.1829e-08
1.1802e-08
1.1775e-08
1.1748e-08
1.1721e-08
1.1694e-08
1.1667e-08
1.164e-08
1.1614e-08
1.1587e-08
1.1561e-08
1.1534e-08
1.1508e-08
1.1481e-08
1.1455e-08
1.1429e-08
1.1402e-08
1.1376e-08
1.135e-08
1.1324e-08
1.1298e-08
1.1272e-08
1.1247e-08
1.1221e-08
1.1195e-08
1.1169e-08
1.1144e-08
1.1118e-08
1.1093e-08
1.1067e-08
1.1042e-08
1.1017e-08
1.0992e-08
1.0966e-08
1.0941e-08
1.0916e-08
1.0891e-08
1.0866e-08
1.0842e-08
1.0817e-08
1.0792e-08
1.0767e-08
1.0743e-08
1.0718e-08
1.0694e-08
1.0669e-08
1.0645e-08
1.0621e-08
1.0596e-08
1.0572e-08
1.0548e-08
1.0524e-08
1.05e-08
1.0476e-08
1.0452e-08
1.0428e-08
1.0405e-08
1.0381e-08
1.0357e-08
1.0334e-08
1.031e-08
1.0287e-08
1.0263e-08
1.024e-08
1.0217e-08
1.0193e-08
1.017e-08
1.0147e-08
1.0124e-08
1.0101e-08
1.0078e-08
1.0055e-08
1.0032e-08
1.001e-08
9.9869e-09
9.9642e-09
9.9416e-09
9.9191e-09
9.8966e-09
9.8742e-09
9.8519e-09
9.8296e-09
9.8074e-09
9.7852e-09
9.7631e-09
9.7411e-09
9.7191e-09
9.6971e-09
9.6753e-09
9.6534e-09
9.6317e-09
9.61e-09
9.5883e-09
9.5668e-09
9.5452e-09
9.5238e-09
9.5024e-09
9.481e-09
9.4597e-09
9.4385e-09
9.4173e-09
9.3962e-09
9.3751e-09
9.3541e-09
9.3332e-09
9.3123e-09
9.2915e-09
9.2707e-09
9.25e-09
9.2294e-09
9.2088e-09
9.1883e-09
9.1678e-09
9.1474e-09
9.127e-09
9.1067e-09
9.0865e-09
9.0663e-09
9.0462e-09
9.0261e-09
9.0061e-09
8.9861e-09
8.9662e-09
8.9464e-09
8.9266e-09
8.9069e-09
8.8872e-09
8.8676e-09
8.8481e-09
8.8286e-09
8.8091e-09
8.7898e-09
8.7705e-09
8.7512e-09
8.732e-09
8.7128e-09
8.6938e-09
8.6747e-09
8.6558e-09
8.6368e-09
8.618e-09
8.5992e-09
8.5804e-09
8.5618e-09
8.5431e-09
8.5246e-09
8.5061e-09
8.4876e-09
8.4692e-09
8.4509e-09
8.4326e-09
8.4144e-09
8.3962e-09
8.3781e-09
8.36e-09
8.342e-09
8.3241e-09
8.3062e-09
8.2884e-09
8.2706e-09
8.2529e-09
8.2353e-09
8.2177e-09
8.2002e-09
8.1827e-09
8.1653e-09
8.1479e-09
8.1306e-09
8.1134e-09
8.0962e-09
8.079e-09
8.062e-09
8.0449e-09
8.028e-09
8.0111e-09
7.9942e-09
7.9775e-09
7.9607e-09
7.9441e-09
7.9274e-09
7.9109e-09
7.8944e-09
7.8779e-09
7.8616e-09
7.8452e-09
7.829e-09
7.8127e-09
7.7966e-09
7.7805e-09
7.7645e-09
7.7485e-09
7.7326e-09
7.7167e-09
7.7009e-09
7.6851e-09
7.6694e-09
7.6538e-09
7.6382e-09
7.6227e-09
7.6072e-09
7.5918e-09
7.5765e-09
7.5612e-09
7.546e-09
7.5308e-09
7.5157e-09
7.5006e-09
7.4856e-09
7.4707e-09
7.4558e-09
7.441e-09
7.4262e-09
7.4115e-09
7.3969e-09
7.3823e-09
7.3677e-09
7.3533e-09
7.3388e-09
7.3245e-09
7.3102e-09
7.2959e-09
7.2817e-09
7.2676e-09
7.2535e-09
7.2395e-09
7.2256e-09
7.2117e-09
7.1979e-09
7.1841e-09
7.1704e-09
7.1567e-09
7.1431e-09
7.1296e-09
7.1161e-09
7.1026e-09
7.0893e-09
7.076e-09
7.0627e-09
7.0495e-09
7.0364e-09
7.0233e-09
7.0103e-09
6.9974e-09
6.9845e-09
6.9716e-09
6.9589e-09
6.9461e-09
6.9335e-09
6.9209e-09
6.9083e-09
6.8959e-09
6.8834e-09
6.8711e-09
6.8588e-09
6.8465e-09
6.8343e-09
6.8222e-09
6.8102e-09
6.7982e-09
6.7862e-09
6.7743e-09
6.7625e-09
6.7507e-09
6.739e-09
6.7274e-09
6.7158e-09
6.7043e-09
6.6928e-09
6.6814e-09
6.6701e-09
6.6588e-09
6.6476e-09
6.6364e-09
6.6253e-09
6.6143e-09
6.6033e-09
6.5924e-09
6.5815e-09
6.5707e-09
6.56e-09
6.5493e-09
6.5387e-09
6.5281e-09
6.5176e-09
6.5072e-09
6.4968e-09
6.4865e-09
6.4763e-09
6.4661e-09
6.456e-09
6.4459e-09
6.4359e-09
6.426e-09
6.4161e-09
6.4063e-09
6.3966e-09
6.3869e-09
6.3773e-09
6.3677e-09
6.3582e-09
6.3488e-09
6.3394e-09
6.3301e-09
6.3208e-09
6.3116e-09
6.3025e-09
6.2934e-09
6.2845e-09
6.2755e-09
6.2666e-09
6.2578e-09
6.2491e-09
6.2404e-09
6.2318e-09
6.2233e-09
6.2148e-09
6.2063e-09
6.198e-09
6.1897e-09
6.1815e-09
6.1733e-09
6.1652e-09
6.1571e-09
6.1492e-09
6.1413e-09
6.1334e-09
6.1256e-09
6.1179e-09
6.1103e-09
6.1027e-09
6.0952e-09
6.0877e-09
6.0803e-09
6.073e-09
6.0658e-09
6.0586e-09
6.0515e-09
6.0444e-09
6.0374e-09
6.0305e-09
6.0236e-09
6.0169e-09
6.0101e-09
6.0035e-09
5.9969e-09
5.9904e-09
5.9839e-09
5.9775e-09
5.9712e-09
5.9649e-09
5.9588e-09
5.9526e-09
5.9466e-09
5.9406e-09
5.9347e-09
5.9289e-09
5.9231e-09
5.9174e-09
5.9118e-09
5.9062e-09
5.9007e-09
5.8953e-09
5.8899e-09
5.8846e-09
5.8794e-09
5.8742e-09
5.8692e-09
5.8641e-09
5.8592e-09
5.8543e-09
5.8495e-09
5.8448e-09
5.8401e-09
5.8356e-09
5.831e-09
5.8266e-09
5.8222e-09
5.8179e-09
5.8137e-09
5.8095e-09
5.8054e-09
5.8014e-09
5.7975e-09
5.7936e-09
5.7898e-09
5.7861e-09
5.7824e-09
5.7789e-09
5.7754e-09
5.7719e-09
5.7686e-09
5.7653e-09
5.7621e-09
5.759e-09
5.7559e-09
5.7529e-09
5.75e-09
5.7472e-09
5.7444e-09
5.7417e-09
5.7391e-09
5.7366e-09
5.7341e-09
5.7317e-09
5.7294e-09
5.7272e-09
5.725e-09
5.7229e-09
5.7209e-09
5.719e-09
5.7172e-09
5.7154e-09
5.7137e-09
5.7121e-09
5.7106e-09
5.7091e-09
5.7077e-09
5.7064e-09
5.7052e-09
5.7041e-09
5.703e-09
5.702e-09
5.7011e-09
5.7003e-09
5.6996e-09
5.6989e-09
5.6983e-09
5.6978e-09
5.6974e-09
5.697e-09
5.6968e-09
5.6966e-09
5.6965e-09
5.6965e-09
5.6966e-09
5.6967e-09
5.6969e-09
5.6973e-09
5.6977e-09
5.6981e-09
5.6987e-09
5.6994e-09
5.7001e-09
5.7009e-09
5.7018e-09
5.7028e-09
5.7039e-09
5.705e-09
5.7063e-09
5.7076e-09
5.709e-09
5.7105e-09
5.7121e-09
5.7138e-09
5.7156e-09
5.7174e-09
5.7193e-09
5.7214e-09
5.7235e-09
5.7257e-09
5.728e-09
5.7303e-09
5.7328e-09
5.7354e-09
5.738e-09
5.7408e-09
5.7436e-09
5.7465e-09
5.7495e-09
5.7526e-09
5.7558e-09
5.7591e-09
5.7624e-09
5.7659e-09
5.7695e-09
5.7731e-09
5.7768e-09
5.7807e-09
5.7846e-09
5.7886e-09
5.7927e-09
5.7969e-09
5.8013e-09
5.8057e-09
5.8101e-09
5.8147e-09
5.8194e-09
5.8242e-09
5.8291e-09
5.8341e-09
5.8391e-09
5.8443e-09
5.8496e-09
5.8549e-09
5.8604e-09
5.8659e-09
5.8716e-09
5.8774e-09
5.8832e-09
5.8892e-09
5.8952e-09
5.9014e-09
5.9076e-09
5.914e-09
5.9205e-09
5.927e-09
5.9337e-09
5.9405e-09
5.9473e-09
5.9543e-09
5.9614e-09
5.9686e-09
5.9758e-09
5.9832e-09
5.9907e-09
5.9983e-09
6.006e-09
6.0138e-09
6.0217e-09
6.0298e-09
6.0379e-09
6.0461e-09
6.0545e-09
6.0629e-09
6.0715e-09
6.0802e-09
6.0889e-09
6.0978e-09
6.1068e-09
6.1159e-09
6.1251e-09
6.1345e-09
6.1439e-09
6.1535e-09
6.1631e-09
6.1729e-09
6.1828e-09
6.1928e-09
6.2029e-09
6.2131e-09
6.2235e-09
6.2339e-09
6.2445e-09
6.2552e-09
6.266e-09
6.2769e-09
6.288e-09
6.2991e-09
6.3104e-09
6.3218e-09
6.3333e-09
6.3449e-09
6.3567e-09
6.3686e-09
6.3806e-09
6.3927e-09
6.4049e-09
6.4172e-09
6.4297e-09
6.4423e-09
6.455e-09
6.4679e-09
6.4808e-09
6.4939e-09
6.5071e-09
6.5205e-09
6.534e-09
6.5475e-09
6.5613e-09
6.5751e-09
6.5891e-09
6.6032e-09
6.6174e-09
6.6318e-09
6.6462e-09
6.6609e-09
6.6756e-09
6.6905e-09
6.7055e-09
6.7206e-09
6.7359e-09
6.7513e-09
6.7668e-09
6.7825e-09
6.7983e-09
6.8142e-09
6.8303e-09
6.8465e-09
6.8629e-09
6.8793e-09
6.896e-09
6.9127e-09
6.9296e-09
6.9466e-09
6.9638e-09
6.9811e-09
6.9986e-09
7.0162e-09
7.0339e-09
7.0518e-09
7.0698e-09
7.0879e-09
7.1062e-09
7.1247e-09
7.1433e-09
7.162e-09
7.1809e-09
7.1999e-09
7.2191e-09
7.2384e-09
7.2579e-09
7.2775e-09
7.2972e-09
7.3171e-09
7.3372e-09
7.3574e-09
7.3778e-09
7.3983e-09
7.419e-09
7.4398e-09
7.4608e-09
7.4819e-09
7.5032e-09
7.5246e-09
7.5462e-09
7.5679e-09
7.5898e-09
7.6119e-09
7.6341e-09
7.6565e-09
7.679e-09
7.7017e-09
7.7246e-09
7.7476e-09
7.7708e-09
7.7941e-09
7.8176e-09
7.8413e-09
7.8651e-09
7.8891e-09
7.9133e-09
7.9376e-09
7.9621e-09
7.9868e-09
8.0116e-09
8.0366e-09
8.0618e-09
8.0871e-09
8.1127e-09
8.1383e-09
8.1642e-09
8.1902e-09
8.2164e-09
8.2428e-09
8.2694e-09
8.2961e-09
8.323e-09
8.3501e-09
8.3773e-09
8.4047e-09
8.4324e-09
8.4601e-09
8.4881e-09
8.5163e-09
8.5446e-09
8.5731e-09
8.6018e-09
8.6307e-09
8.6598e-09
8.689e-09
8.7185e-09
8.7481e-09
8.7779e-09
8.8079e-09
8.8381e-09
8.8685e-09
8.8991e-09
8.9298e-09
8.9608e-09
8.9919e-09
9.0233e-09
9.0548e-09
9.0865e-09
9.1185e-09
9.1506e-09
9.1829e-09
9.2154e-09
9.2481e-09
9.2811e-09
9.3142e-09
9.3475e-09
9.381e-09
9.4147e-09
9.4487e-09
9.4828e-09
9.5171e-09
9.5517e-09
9.5864e-09
9.6214e-09
9.6566e-09
9.6919e-09
9.7275e-09
9.7633e-09
9.7993e-09
9.8356e-09
9.872e-09
9.9086e-09
9.9455e-09
9.9826e-09
1.002e-08
1.0057e-08
1.0095e-08
1.0133e-08
1.0171e-08
1.021e-08
1.0248e-08
1.0287e-08
1.0326e-08
1.0365e-08
1.0405e-08
1.0445e-08
1.0485e-08
1.0525e-08
1.0565e-08
1.0606e-08
1.0647e-08
1.0688e-08
1.0729e-08
1.0771e-08
1.0813e-08
1.0855e-08
1.0897e-08
1.094e-08
1.0982e-08
1.1026e-08
1.1069e-08
1.1112e-08
1.1156e-08
1.12e-08
1.1244e-08
1.1289e-08
1.1333e-08
1.1378e-08
1.1424e-08
1.1469e-08
1.1515e-08
1.1561e-08
1.1607e-08
1.1654e-08
1.17e-08
1.1747e-08
1.1794e-08
1.1842e-08
1.189e-08
1.1938e-08
1.1986e-08
1.2035e-08
1.2083e-08
1.2132e-08
1.2182e-08
1.2231e-08
1.2281e-08
1.2331e-08
1.2382e-08
1.2433e-08
1.2483e-08
1.2535e-08
1.2586e-08
1.2638e-08
1.269e-08
1.2742e-08
1.2795e-08
1.2848e-08
1.2901e-08
1.2954e-08
1.3008e-08
1.3062e-08
1.3117e-08
1.3171e-08
1.3226e-08
1.3281e-08
1.3337e-08
1.3392e-08
1.3448e-08
1.3505e-08
1.3561e-08
1.3618e-08
1.3675e-08
1.3733e-08
1.3791e-08
1.3849e-08
1.3907e-08
1.3966e-08
1.4025e-08
1.4084e-08
1.4144e-08
1.4204e-08
1.4264e-08
1.4325e-08
1.4386e-08
1.4447e-08
1.4508e-08
1.457e-08
1.4632e-08
1.4695e-08
1.4757e-08
1.4821e-08
1.4884e-08
1.4948e-08
1.5012e-08
1.5076e-08
1.5141e-08
1.5206e-08
1.5271e-08
1.5337e-08
1.5403e-08
1.5469e-08
1.5536e-08
1.5603e-08
1.567e-08
1.5738e-08
1.5806e-08
1.5875e-08
1.5943e-08
1.6012e-08
1.6082e-08
1.6152e-08
1.6222e-08
1.6292e-08
1.6363e-08
1.6434e-08
1.6506e-08
1.6578e-08
1.665e-08
1.6723e-08
1.6796e-08
1.6869e-08
1.6943e-08
1.7017e-08
1.7091e-08
1.7166e-08
1.7241e-08
1.7316e-08
1.7392e-08
1.7469e-08
1.7545e-08
1.7622e-08
1.77e-08
1.7778e-08
1.7856e-08
1.7934e-08
1.8013e-08
1.8092e-08
1.8172e-08
1.8252e-08
1.8333e-08
1.8414e-08
1.8495e-08
1.8577e-08
1.8659e-08
1.8741e-08
1.8824e-08
1.8907e-08
1.8991e-08
1.9075e-08
1.9159e-08
1.9244e-08
1.9329e-08
1.9415e-08
1.9501e-08
1.9588e-08
1.9675e-08
1.9762e-08
1.985e-08
1.9938e-08
2.0027e-08
2.0116e-08
2.0205e-08
2.0295e-08
2.0385e-08
2.0476e-08
2.0567e-08
2.0659e-08
2.0751e-08
2.0843e-08
2.0936e-08
2.103e-08
2.1124e-08
2.1218e-08
2.1313e-08
2.1408e-08
2.1503e-08
2.1599e-08
2.1696e-08
2.1793e-08
2.189e-08
2.1988e-08
2.2087e-08
2.2185e-08
2.2285e-08
2.2384e-08
2.2485e-08
2.2585e-08
2.2686e-08
2.2788e-08
2.289e-08
2.2993e-08
2.3096e-08
2.3199e-08
2.3303e-08
2.3408e-08
2.3513e-08
2.3618e-08
2.3724e-08
2.3831e-08
2.3938e-08
2.4045e-08
2.4153e-08
2.4262e-08
2.4371e-08
2.448e-08
2.459e-08
2.4701e-08
2.4812e-08
2.4923e-08
2.5035e-08
2.5148e-08
2.5261e-08
2.5374e-08
2.5489e-08
2.5603e-08
2.5718e-08
2.5834e-08
2.595e-08
2.6067e-08
2.6184e-08
2.6302e-08
2.642e-08
2.6539e-08
2.6659e-08
2.6779e-08
2.6899e-08
2.7021e-08
2.7142e-08
2.7264e-08
2.7387e-08
2.751e-08
2.7634e-08
2.7759e-08
2.7884e-08
2.8009e-08
2.8136e-08
2.8262e-08
2.839e-08
2.8518e-08
2.8646e-08
2.8775e-08
2.8905e-08
2.9035e-08
2.9166e-08
2.9297e-08
2.9429e-08
2.9562e-08
2.9695e-08
2.9829e-08
2.9963e-08
3.0098e-08
3.0234e-08
3.037e-08
3.0507e-08
3.0644e-08
3.0782e-08
3.0921e-08
3.106e-08
3.12e-08
3.134e-08
3.1482e-08
3.1623e-08
3.1766e-08
3.1909e-08
3.2053e-08
3.2197e-08
3.2342e-08
3.2488e-08
3.2634e-08
3.2781e-08
3.2928e-08
3.3077e-08
3.3226e-08
3.3375e-08
3.3525e-08
3.3676e-08
3.3828e-08
3.398e-08
3.4133e-08
3.4286e-08
3.4441e-08
3.4596e-08
3.4751e-08
3.4908e-08
3.5065e-08
3.5222e-08
3.5381e-08
3.554e-08
3.57e-08
3.586e-08
3.6021e-08
3.6183e-08
3.6346e-08
3.6509e-08
3.6673e-08
3.6838e-08
3.7003e-08
3.717e-08
3.7337e-08
3.7504e-08
3.7673e-08
3.7842e-08
3.8012e-08
3.8182e-08
3.8354e-08
3.8526e-08
3.8699e-08
3.8872e-08
3.9047e-08
3.9222e-08
3.9398e-08
3.9574e-08
3.9752e-08
3.993e-08
4.0109e-08
4.0289e-08
4.0469e-08
4.0651e-08
4.0833e-08
4.1016e-08
4.1199e-08
4.1384e-08
4.1569e-08
4.1755e-08
4.1942e-08
4.213e-08
4.2318e-08
4.2507e-08
4.2697e-08
4.2888e-08
4.308e-08
4.3273e-08
4.3466e-08
4.366e-08
4.3855e-08
4.4051e-08
4.4248e-08
4.4446e-08
4.4644e-08
4.4843e-08
4.5044e-08
4.5245e-08
4.5446e-08
4.5649e-08
4.5853e-08
4.6057e-08
4.6262e-08
4.6469e-08
4.6676e-08
4.6884e-08
4.7093e-08
4.7302e-08
4.7513e-08
4.7725e-08
4.7937e-08
4.815e-08
4.8365e-08
4.858e-08
4.8796e-08
4.9013e-08
4.9231e-08
4.9449e-08
4.9669e-08
4.989e-08
5.0111e-08
5.0334e-08
5.0557e-08
5.0782e-08
5.1007e-08
5.1234e-08
5.1461e-08
5.1689e-08
5.1918e-08
5.2149e-08
5.238e-08
5.2612e-08
5.2845e-08
5.3079e-08
5.3314e-08
5.355e-08
5.3787e-08
5.4025e-08
5.4264e-08
5.4504e-08
5.4745e-08
5.4987e-08
5.523e-08
5.5474e-08
5.5719e-08
5.5965e-08
5.6213e-08
5.6461e-08
5.671e-08
5.696e-08
5.7211e-08
5.7464e-08
5.7717e-08
5.7972e-08
5.8227e-08
5.8484e-08
5.8741e-08
5.9e-08
5.926e-08
5.9521e-08
5.9782e-08
6.0045e-08
6.031e-08
6.0575e-08
6.0841e-08
6.1108e-08
6.1377e-08
6.1647e-08
6.1917e-08
6.2189e-08
6.2462e-08
6.2736e-08
6.3011e-08
6.3288e-08
6.3565e-08
6.3844e-08
6.4124e-08
6.4405e-08
6.4687e-08
6.497e-08
6.5254e-08
6.554e-08
6.5827e-08
6.6115e-08
6.6404e-08
6.6694e-08
6.6985e-08
6.7278e-08
6.7572e-08
6.7867e-08
6.8163e-08
6.8461e-08
6.8759e-08
6.9059e-08
6.9361e-08
6.9663e-08
6.9967e-08
7.0271e-08
7.0577e-08
7.0885e-08
7.1193e-08
7.1503e-08
7.1814e-08
7.2127e-08
7.244e-08
7.2755e-08
7.3071e-08
7.3389e-08
7.3708e-08
7.4028e-08
7.4349e-08
7.4672e-08
7.4996e-08
7.5321e-08
7.5647e-08
7.5975e-08
7.6304e-08
7.6635e-08
7.6967e-08
7.73e-08
7.7635e-08
7.797e-08
7.8308e-08
7.8646e-08
7.8986e-08
7.9328e-08
7.967e-08
8.0014e-08
8.036e-08
8.0707e-08
8.1055e-08
8.1405e-08
8.1756e-08
8.2108e-08
8.2462e-08
8.2817e-08
8.3174e-08
8.3532e-08
8.3892e-08
8.4253e-08
8.4615e-08
8.4979e-08
8.5344e-08
8.5711e-08
8.6079e-08
8.6449e-08
8.682e-08
8.7193e-08
8.7567e-08
8.7943e-08
8.832e-08
8.8698e-08
8.9079e-08
8.946e-08
8.9843e-08
9.0228e-08
9.0614e-08
9.1002e-08
9.1391e-08
9.1782e-08
9.2174e-08
9.2568e-08
9.2964e-08
9.3361e-08
9.3759e-08
9.4159e-08
9.4561e-08
9.4964e-08
9.5369e-08
9.5776e-08
9.6184e-08
9.6594e-08
9.7005e-08
9.7418e-08
9.7832e-08
9.8249e-08
9.8666e-08
9.9086e-08
9.9507e-08
9.993e-08
1.0035e-07
1.0078e-07
1.0121e-07
1.0164e-07
1.0207e-07
1.025e-07
1.0294e-07
1.0337e-07
1.0381e-07
1.0425e-07
1.0469e-07
1.0513e-07
1.0558e-07
1.0602e-07
1.0647e-07
1.0692e-07
1.0737e-07
1.0783e-07
1.0828e-07
1.0874e-07
1.092e-07
1.0966e-07
1.1012e-07
1.1059e-07
1.1105e-07
1.1152e-07
1.1199e-07
1.1246e-07
1.1293e-07
1.1341e-07
1.1389e-07
1.1436e-07
1.1485e-07
1.1533e-07
1.1581e-07
1.163e-07
1.1679e-07
1.1728e-07
1.1777e-07
1.1826e-07
1.1876e-07
1.1925e-07
1.1975e-07
1.2025e-07
1.2076e-07
1.2126e-07
1.2177e-07
1.2228e-07
1.2279e-07
1.233e-07
1.2382e-07
1.2433e-07
1.2485e-07
1.2537e-07
1.259e-07
1.2642e-07
1.2695e-07
1.2748e-07
1.2801e-07
1.2854e-07
1.2908e-07
1.2961e-07
1.3015e-07
1.3069e-07
1.3124e-07
1.3178e-07
1.3233e-07
1.3288e-07
1.3343e-07
1.3398e-07
1.3454e-07
1.351e-07
1.3566e-07
1.3622e-07
1.3678e-07
1.3735e-07
1.3792e-07
1.3849e-07
1.3906e-07
1.3963e-07
1.4021e-07
1.4079e-07
1.4137e-07
1.4195e-07
1.4254e-07
1.4313e-07
1.4372e-07
1.4431e-07
1.449e-07
1.455e-07
1.461e-07
1.467e-07
1.4731e-07
1.4791e-07
1.4852e-07
1.4913e-07
1.4974e-07
1.5036e-07
1.5097e-07
1.5159e-07
1.5222e-07
1.5284e-07
1.5347e-07
1.541e-07
1.5473e-07
1.5536e-07
1.56e-07
1.5663e-07
1.5727e-07
1.5792e-07
1.5856e-07
1.5921e-07
1.5986e-07
1.6051e-07
1.6117e-07
1.6183e-07
1.6249e-07
1.6315e-07
1.6381e-07
1.6448e-07
1.6515e-07
1.6582e-07
1.665e-07
1.6718e-07
1.6786e-07
1.6854e-07
1.6922e-07
1.6991e-07
1.706e-07
1.7129e-07
1.7199e-07
1.7268e-07
1.7338e-07
1.7409e-07
1.7479e-07
1.755e-07
1.7621e-07
1.7692e-07
1.7764e-07
1.7836e-07
1.7908e-07
1.798e-07
1.8053e-07
1.8126e-07
1.8199e-07
1.8272e-07
1.8346e-07
1.842e-07
1.8494e-07
1.8569e-07
1.8643e-07
1.8718e-07
1.8794e-07
1.8869e-07
1.8945e-07
1.9021e-07
1.9098e-07
1.9174e-07
1.9251e-07
1.9329e-07
1.9406e-07
1.9484e-07
1.9562e-07
1.9641e-07
1.9719e-07
1.9798e-07
1.9877e-07
1.9957e-07
2.0037e-07
2.0117e-07
2.0197e-07
2.0278e-07
2.0359e-07
2.044e-07
2.0522e-07
2.0604e-07
2.0686e-07
2.0768e-07
2.0851e-07
2.0934e-07
2.1017e-07
2.1101e-07
2.1185e-07
2.1269e-07
2.1354e-07
2.1439e-07
2.1524e-07
2.1609e-07
2.1695e-07
2.1781e-07
2.1867e-07
2.1954e-07
2.2041e-07
2.2128e-07
2.2216e-07
2.2304e-07
2.2392e-07
2.2481e-07
2.257e-07
2.2659e-07
2.2748e-07
2.2838e-07
2.2928e-07
2.3019e-07
2.311e-07
2.3201e-07
2.3292e-07
2.3384e-07
2.3476e-07
2.3568e-07
2.3661e-07
2.3754e-07
2.3848e-07
2.3941e-07
2.4035e-07
2.413e-07
2.4225e-07
2.432e-07
2.4415e-07
2.4511e-07
2.4607e-07
2.4703e-07
2.48e-07
2.4897e-07
2.4995e-07
2.5092e-07
2.5191e-07
2.5289e-07
2.5388e-07
2.5487e-07
2.5586e-07
2.5686e-07
2.5787e-07
2.5887e-07
2.5988e-07
2.6089e-07
2.6191e-07
2.6293e-07
2.6395e-07
2.6498e-07
2.6601e-07
2.6704e-07
2.6808e-07
2.6912e-07
2.7017e-07
2.7122e-07
2.7227e-07
2.7332e-07
2.7438e-07
2.7545e-07
2.7651e-07
2.7758e-07
2.7866e-07
2.7974e-07
2.8082e-07
2.819e-07
2.8299e-07
2.8409e-07
2.8518e-07
2.8628e-07
2.8739e-07
2.885e-07
2.8961e-07
2.9073e-07
2.9185e-07
2.9297e-07
2.941e-07
2.9523e-07
2.9636e-07
2.975e-07
2.9865e-07
2.9979e-07
3.0094e-07
3.021e-07
3.0326e-07
3.0442e-07
3.0559e-07
3.0676e-07
3.0793e-07
3.0911e-07
3.103e-07
3.1148e-07
3.1267e-07
3.1387e-07
3.1507e-07
3.1627e-07
3.1748e-07
3.1869e-07
3.1991e-07
3.2113e-07
3.2235e-07
3.2358e-07
3.2481e-07
3.2605e-07
3.2729e-07
3.2853e-07
3.2978e-07
3.3104e-07
3.3229e-07
3.3356e-07
3.3482e-07
3.3609e-07
3.3737e-07
3.3865e-07
3.3993e-07
3.4122e-07
3.4251e-07
3.4381e-07
3.4511e-07
3.4641e-07
3.4772e-07
3.4904e-07
3.5035e-07
3.5168e-07
3.53e-07
3.5434e-07
3.5567e-07
3.5701e-07
3.5836e-07
3.5971e-07
3.6106e-07
3.6242e-07
3.6378e-07
3.6515e-07
3.6652e-07
3.679e-07
3.6928e-07
3.7067e-07
3.7206e-07
3.7346e-07
3.7486e-07
3.7626e-07
3.7767e-07
3.7909e-07
3.805e-07
3.8193e-07
3.8336e-07
3.8479e-07
3.8623e-07
3.8767e-07
3.8912e-07
3.9057e-07
3.9203e-07
3.9349e-07
3.9496e-07
3.9643e-07
3.979e-07
3.9939e-07
4.0087e-07
4.0236e-07
4.0386e-07
4.0536e-07
4.0687e-07
4.0838e-07
4.0989e-07
4.1141e-07
4.1294e-07
4.1447e-07
4.1601e-07
4.1755e-07
4.1909e-07
4.2065e-07
4.222e-07
4.2376e-07
4.2533e-07
4.269e-07
4.2848e-07
4.3006e-07
4.3165e-07
4.3324e-07
4.3484e-07
4.3644e-07
4.3805e-07
4.3966e-07
4.4128e-07
4.429e-07
4.4453e-07
4.4616e-07
4.478e-07
4.4945e-07
4.511e-07
4.5275e-07
4.5442e-07
4.5608e-07
4.5775e-07
4.5943e-07
4.6111e-07
4.628e-07
4.6449e-07
4.6619e-07
4.679e-07
4.6961e-07
4.7132e-07
4.7304e-07
4.7477e-07
4.765e-07
4.7824e-07
4.7998e-07
4.8173e-07
4.8349e-07
4.8525e-07
4.8701e-07
4.8878e-07
4.9056e-07
4.9234e-07
4.9413e-07
4.9593e-07
4.9773e-07
4.9953e-07
5.0134e-07
5.0316e-07
5.0498e-07
5.0681e-07
5.0865e-07
5.1049e-07
5.1233e-07
5.1419e-07
5.1604e-07
5.1791e-07
5.1978e-07
5.2165e-07
5.2354e-07
5.2542e-07
5.2732e-07
5.2922e-07
5.3112e-07
5.3304e-07
5.3495e-07
5.3688e-07
5.3881e-07
5.4074e-07
5.4269e-07
5.4463e-07
5.4659e-07
5.4855e-07
5.5052e-07
5.5249e-07
5.5447e-07
5.5645e-07
5.5845e-07
5.6044e-07
5.6245e-07
5.6446e-07
5.6648e-07
5.685e-07
5.7053e-07
5.7257e-07
5.7461e-07
5.7666e-07
5.7871e-07
5.8077e-07
5.8284e-07
5.8492e-07
5.87e-07
5.8908e-07
5.9118e-07
5.9328e-07
5.9538e-07
5.975e-07
5.9962e-07
6.0174e-07
6.0388e-07
6.0602e-07
6.0816e-07
6.1032e-07
6.1248e-07
6.1464e-07
6.1682e-07
6.19e-07
6.2118e-07
6.2338e-07
6.2558e-07
6.2778e-07
6.3e-07
6.3222e-07
6.3445e-07
6.3668e-07
6.3892e-07
6.4117e-07
6.4342e-07
6.4569e-07
6.4795e-07
6.5023e-07
6.5251e-07
6.548e-07
6.571e-07
6.594e-07
6.6171e-07
6.6403e-07
6.6636e-07
6.6869e-07
6.7103e-07
6.7337e-07
6.7573e-07
6.7809e-07
6.8046e-07
6.8283e-07
6.8521e-07
6.876e-07
6.9e-07
6.924e-07
6.9482e-07
6.9723e-07
6.9966e-07
7.0209e-07
7.0453e-07
7.0698e-07
7.0944e-07
7.119e-07
7.1437e-07
7.1685e-07
7.1933e-07
7.2183e-07
7.2433e-07
7.2683e-07
7.2935e-07
7.3187e-07
7.344e-07
7.3694e-07
7.3949e-07
7.4204e-07
7.446e-07
7.4717e-07
7.4975e-07
7.5233e-07
7.5492e-07
7.5752e-07
7.6013e-07
7.6274e-07
7.6537e-07
7.68e-07
7.7063e-07
7.7328e-07
7.7594e-07
7.786e-07
7.8127e-07
7.8395e-07
7.8663e-07
7.8933e-07
7.9203e-07
7.9474e-07
7.9746e-07
8.0018e-07
8.0292e-07
8.0566e-07
8.0841e-07
8.1117e-07
8.1393e-07
8.1671e-07
8.1949e-07
8.2228e-07
8.2508e-07
8.2789e-07
8.307e-07
8.3353e-07
8.3636e-07
8.392e-07
8.4205e-07
8.4491e-07
8.4777e-07
8.5065e-07
8.5353e-07
8.5642e-07
8.5932e-07
8.6223e-07
8.6514e-07
8.6807e-07
8.71e-07
8.7394e-07
8.7689e-07
8.7985e-07
8.8282e-07
8.858e-07
8.8878e-07
8.9178e-07
8.9478e-07
8.9779e-07
9.0081e-07
9.0384e-07
9.0688e-07
9.0992e-07
9.1298e-07
9.1604e-07
9.1911e-07
9.2219e-07
9.2528e-07
9.2838e-07
9.3149e-07
9.3461e-07
9.3773e-07
9.4087e-07
9.4401e-07
9.4717e-07
9.5033e-07
9.535e-07
9.5668e-07
9.5987e-07
9.6307e-07
9.6628e-07
9.6949e-07
9.7272e-07
9.7595e-07
9.792e-07
9.8245e-07
9.8572e-07
9.8899e-07
9.9227e-07
9.9556e-07
9.9886e-07
1.0022e-06
1.0055e-06
1.0088e-06
1.0122e-06
1.0155e-06
1.0189e-06
1.0222e-06
1.0256e-06
1.029e-06
1.0324e-06
1.0358e-06
1.0392e-06
1.0426e-06
1.0461e-06
1.0495e-06
1.053e-06
1.0564e-06
1.0599e-06
1.0634e-06
1.0669e-06
1.0704e-06
1.0739e-06
1.0774e-06
1.0809e-06
1.0845e-06
1.088e-06
1.0916e-06
1.0952e-06
1.0987e-06
1.1023e-06
1.1059e-06
1.1095e-06
1.1132e-06
1.1168e-06
1.1204e-06
1.1241e-06
1.1277e-06
1.1314e-06
1.1351e-06
1.1388e-06
1.1425e-06
1.1462e-06
1.1499e-06
1.1537e-06
1.1574e-06
1.1612e-06
1.1649e-06
1.1687e-06
1.1725e-06
1.1763e-06
1.1801e-06
1.1839e-06
1.1877e-06
1.1916e-06
1.1954e-06
1.1993e-06
1.2031e-06
1.207e-06
1.2109e-06
1.2148e-06
1.2187e-06
1.2226e-06
1.2266e-06
1.2305e-06
1.2345e-06
1.2384e-06
1.2424e-06
1.2464e-06
1.2504e-06
1.2544e-06
1.2584e-06
1.2624e-06
1.2665e-06
1.2705e-06
1.2746e-06
1.2787e-06
1.2828e-06
1.2868e-06
1.291e-06
1.2951e-06
1.2992e-06
1.3033e-06
1.3075e-06
1.3117e-06
1.3158e-06
1.32e-06
1.3242e-06
1.3284e-06
1.3326e-06
1.3369e-06
1.3411e-06
1.3454e-06
1.3496e-06
1.3539e-06
1.3582e-06
1.3625e-06
1.3668e-06
1.3711e-06
1.3754e-06
1.3798e-06
1.3841e-06
1.3885e-06
1.3929e-06
1.3973e-06
1.4017e-06
1.4061e-06
1.4105e-06
1.415e-06
1.4194e-06
1.4239e-06
1.4283e-06
1.4328e-06
1.4373e-06
1.4418e-06
1.4464e-06
1.4509e-06
1.4554e-06
1.46e-06
1.4646e-06
1.4691e-06
1.4737e-06
1.4783e-06
1.4829e-06
1.4876e-06
1.4922e-06
1.4969e-06
1.5015e-06
1.5062e-06
1.5109e-06
1.5156e-06
1.5203e-06
1.525e-06
1.5298e-06
1.5345e-06
1.5393e-06
1.5441e-06
1.5488e-06
1.5536e-06
1.5585e-06
1.5633e-06
1.5681e-06
1.573e-06
1.5778e-06
1.5827e-06
1.5876e-06
1.5925e-06
1.5974e-06
1.6023e-06
1.6073e-06
1.6122e-06
1.6172e-06
1.6222e-06
1.6271e-06
1.6321e-06
1.6372e-06
1.6422e-06
1.6472e-06
1.6523e-06
1.6574e-06
1.6624e-06
1.6675e-06
1.6726e-06
1.6777e-06
1.6829e-06
1.688e-06
1.6932e-06
1.6983e-06
1.7035e-06
1.7087e-06
1.7139e-06
1.7192e-06
1.7244e-06
1.7296e-06
1.7349e-06
1.7402e-06
1.7455e-06
1.7508e-06
1.7561e-06
1.7614e-06
1.7668e-06
1.7721e-06
1.7775e-06
1.7829e-06
1.7883e-06
1.7937e-06
1.7991e-06
1.8045e-06
1.81e-06
1.8154e-06
1.8209e-06
1.8264e-06
1.8319e-06
1.8374e-06
1.843e-06
1.8485e-06
1.8541e-06
1.8597e-06
1.8652e-06
1.8708e-06
1.8765e-06
1.8821e-06
1.8877e-06
1.8934e-06
1.8991e-06
1.9048e-06
1.9105e-06
1.9162e-06
1.9219e-06
1.9276e-06
1.9334e-06
1.9392e-06
1.9449e-06
1.9507e-06
1.9566e-06
1.9624e-06
1.9682e-06
1.9741e-06
1.98e-06
1.9858e-06
1.9917e-06
1.9976e-06
2.0036e-06
2.0095e-06
2.0155e-06
2.0214e-06
2.0274e-06
2.0334e-06
2.0394e-06
2.0455e-06
2.0515e-06
2.0576e-06
2.0637e-06
2.0697e-06
2.0758e-06
2.082e-06
2.0881e-06
2.0942e-06
2.1004e-06
2.1066e-06
2.1128e-06
2.119e-06
2.1252e-06
2.1314e-06
2.1377e-06
2.1439e-06
2.1502e-06
2.1565e-06
2.1628e-06
2.1692e-06
2.1755e-06
2.1819e-06
2.1882e-06
2.1946e-06
2.201e-06
2.2074e-06
2.2139e-06
2.2203e-06
2.2268e-06
2.2333e-06
2.2398e-06
2.2463e-06
2.2528e-06
2.2593e-06
2.2659e-06
2.2725e-06
2.279e-06
2.2856e-06
2.2923e-06
2.2989e-06
2.3055e-06
2.3122e-06
2.3189e-06
2.3256e-06
2.3323e-06
2.339e-06
2.3458e-06
2.3525e-06
2.3593e-06
2.3661e-06
2.3729e-06
2.3797e-06
2.3866e-06
2.3934e-06
2.4003e-06
2.4072e-06
2.4141e-06
2.421e-06
2.4279e-06
2.4349e-06
2.4418e-06
2.4488e-06
2.4558e-06
2.4628e-06
2.4699e-06
2.4769e-06
2.484e-06
2.491e-06
2.4981e-06
2.5052e-06
2.5124e-06
2.5195e-06
2.5267e-06
2.5339e-06
2.5411e-06
2.5483e-06
2.5555e-06
2.5627e-06
2.57e-06
2.5773e-06
2.5846e-06
2.5919e-06
2.5992e-06
2.6065e-06
2.6139e-06
2.6213e-06
2.6287e-06
2.6361e-06
2.6435e-06
2.6509e-06
2.6584e-06
2.6659e-06
2.6734e-06
2.6809e-06
2.6884e-06
2.6959e-06
2.7035e-06
2.7111e-06
2.7187e-06
2.7263e-06
2.7339e-06
2.7416e-06
2.7492e-06
2.7569e-06
2.7646e-06
2.7723e-06
2.78e-06
2.7878e-06
2.7956e-06
2.8033e-06
2.8111e-06
2.819e-06
2.8268e-06
2.8347e-06
2.8425e-06
2.8504e-06
2.8583e-06
2.8662e-06
2.8742e-06
2.8821e-06
2.8901e-06
2.8981e-06
2.9061e-06
2.9141e-06
2.9222e-06
2.9302e-06
2.9383e-06
2.9464e-06
2.9545e-06
2.9627e-06
2.9708e-06
2.979e-06
2.9872e-06
2.9954e-06
3.0036e-06
3.0118e-06
3.0201e-06
3.0284e-06
3.0367e-06
3.045e-06
3.0533e-06
3.0617e-06
3.07e-06
3.0784e-06
3.0868e-06
3.0952e-06
3.1037e-06
3.1121e-06
3.1206e-06
3.1291e-06
3.1376e-06
3.1461e-06
3.1547e-06
3.1632e-06
3.1718e-06
3.1804e-06
3.189e-06
3.1977e-06
3.2063e-06
3.215e-06
3.2237e-06
3.2324e-06
3.2411e-06
3.2499e-06
3.2587e-06
3.2675e-06
3.2763e-06
3.2851e-06
3.2939e-06
3.3028e-06
3.3117e-06
3.3206e-06
3.3295e-06
3.3384e-06
3.3474e-06
3.3563e-06
3.3653e-06
3.3743e-06
3.3834e-06
3.3924e-06
3.4015e-06
3.4106e-06
3.4197e-06
3.4288e-06
3.4379e-06
3.4471e-06
3.4563e-06
3.4655e-06
3.4747e-06
3.484e-06
3.4932e-06
3.5025e-06
3.5118e-06
3.5211e-06
3.5304e-06
3.5398e-06
3.5492e-06
3.5585e-06
3.568e-06
3.5774e-06
3.5868e-06
3.5963e-06
3.6058e-06
3.6153e-06
3.6248e-06
3.6344e-06
3.6439e-06
3.6535e-06
3.6631e-06
3.6728e-06
3.6824e-06
3.6921e-06
3.7018e-06
3.7115e-06
3.7212e-06
3.7309e-06
3.7407e-06
3.7505e-06
3.7603e-06
3.7701e-06
3.7799e-06
3.7898e-06
3.7997e-06
3.8096e-06
3.8195e-06
3.8294e-06
3.8394e-06
3.8494e-06
3.8594e-06
3.8694e-06
3.8794e-06
3.8895e-06
3.8996e-06
3.9097e-06
3.9198e-06
3.9299e-06
3.9401e-06
3.9503e-06
3.9605e-06
3.9707e-06
3.9809e-06
3.9912e-06
4.0015e-06
4.0118e-06
4.0221e-06
4.0324e-06
4.0428e-06
4.0532e-06
4.0636e-06
4.074e-06
4.0844e-06
4.0949e-06
4.1054e-06
4.1159e-06
4.1264e-06
4.1369e-06
4.1475e-06
4.1581e-06
4.1687e-06
4.1793e-06
4.19e-06
4.2006e-06
4.2113e-06
4.222e-06
4.2328e-06
4.2435e-06
4.2543e-06
4.2651e-06
4.2759e-06
4.2867e-06
4.2976e-06
4.3085e-06
4.3194e-06
4.3303e-06
4.3412e-06
4.3522e-06
4.3631e-06
4.3741e-06
4.3852e-06
4.3962e-06
4.4073e-06
4.4183e-06
4.4294e-06
4.4406e-06
4.4517e-06
4.4629e-06
4.4741e-06
4.4853e-06
4.4965e-06
4.5078e-06
4.519e-06
4.5303e-06
4.5416e-06
4.553e-06
4.5643e-06
4.5757e-06
4.5871e-06
4.5985e-06
4.61e-06
4.6214e-06
4.6329e-06
4.6444e-06
4.656e-06
4.6675e-06
4.6791e-06
4.6907e-06
4.7023e-06
4.7139e-06
4.7256e-06
4.7372e-06
4.7489e-06
4.7607e-06
4.7724e-06
4.7842e-06
4.7959e-06
4.8077e-06
4.8196e-06
4.8314e-06
4.8433e-06
4.8552e-06
4.8671e-06
4.879e-06
4.891e-06
4.903e-06
4.915e-06
4.927e-06
4.939e-06
4.9511e-06
4.9632e-06
4.9753e-06
4.9874e-06
4.9996e-06
5.0117e-06
5.0239e-06
5.0361e-06
5.0484e-06
5.0606e-06
5.0729e-06
5.0852e-06
5.0976e-06
5.1099e-06
5.1223e-06
5.1347e-06
5.1471e-06
5.1595e-06
5.172e-06
5.1844e-06
5.1969e-06
5.2095e-06
5.222e-06
5.2346e-06
5.2472e-06
5.2598e-06
5.2724e-06
5.2851e-06
5.2978e-06
5.3105e-06
5.3232e-06
5.3359e-06
5.3487e-06
5.3615e-06
5.3743e-06
5.3871e-06
5.4e-06
5.4129e-06
5.4258e-06
5.4387e-06
5.4516e-06
5.4646e-06
5.4776e-06
5.4906e-06
5.5036e-06
5.5167e-06
5.5298e-06
5.5429e-06
5.556e-06
5.5691e-06
5.5823e-06
5.5955e-06
5.6087e-06
5.6219e-06
5.6352e-06
5.6485e-06
5.6618e-06
5.6751e-06
5.6884e-06
5.7018e-06
5.7152e-06
5.7286e-06
5.742e-06
5.7555e-06
5.769e-06
5.7825e-06
5.796e-06
5.8096e-06
5.8231e-06
5.8367e-06
5.8504e-06
5.864e-06
5.8777e-06
5.8913e-06
5.905e-06
5.9188e-06
5.9325e-06
5.9463e-06
5.9601e-06
5.9739e-06
5.9878e-06
6.0016e-06
6.0155e-06
6.0294e-06
6.0434e-06
6.0573e-06
6.0713e-06
6.0853e-06
6.0993e-06
6.1134e-06
6.1275e-06
6.1416e-06
6.1557e-06
6.1698e-06
6.184e-06
6.1982e-06
6.2124e-06
6.2266e-06
6.2409e-06
6.2551e-06
6.2694e-06
6.2838e-06
6.2981e-06
6.3125e-06
6.3269e-06
6.3413e-06
6.3557e-06
6.3702e-06
6.3847e-06
6.3992e-06
6.4137e-06
6.4282e-06
6.4428e-06
6.4574e-06
6.472e-06
6.4867e-06
6.5013e-06
6.516e-06
6.5307e-06
6.5455e-06
6.5602e-06
6.575e-06
6.5898e-06
6.6046e-06
6.6195e-06
6.6344e-06
6.6493e-06
6.6642e-06
6.6791e-06
6.6941e-06
6.7091e-06
6.7241e-06
6.7391e-06
6.7542e-06
6.7693e-06
6.7844e-06
6.7995e-06
6.8147e-06
6.8298e-06
6.845e-06
6.8602e-06
6.8755e-06
6.8908e-06
6.906e-06
6.9214e-06
6.9367e-06
6.952e-06
6.9674e-06
6.9828e-06
6.9983e-06
7.0137e-06
7.0292e-06
7.0447e-06
7.0602e-06
7.0757e-06
7.0913e-06
7.1069e-06
7.1225e-06
7.1382e-06
7.1538e-06
7.1695e-06
7.1852e-06
7.2009e-06
7.2167e-06
7.2325e-06
7.2483e-06
7.2641e-06
7.2799e-06
7.2958e-06
7.3117e-06
7.3276e-06
7.3435e-06
7.3595e-06
7.3755e-06
7.3915e-06
7.4075e-06
7.4236e-06
7.4396e-06
7.4557e-06
7.4719e-06
7.488e-06
7.5042e-06
7.5204e-06
7.5366e-06
7.5528e-06
7.5691e-06
7.5854e-06
7.6017e-06
7.618e-06
7.6344e-06
7.6507e-06
7.6671e-06
7.6836e-06
7.7e-06
7.7165e-06
7.733e-06
7.7495e-06
7.766e-06
7.7826e-06
7.7992e-06
7.8158e-06
7.8324e-06
7.8491e-06
7.8657e-06
7.8824e-06
7.8992e-06
7.9159e-06
7.9327e-06
7.9495e-06
7.9663e-06
7.9831e-06
8e-06
8.0169e-06
8.0338e-06
8.0507e-06
8.0677e-06
8.0847e-06
8.1017e-06
8.1187e-06
8.1357e-06
8.1528e-06
8.1699e-06
8.187e-06
8.2041e-06
8.2213e-06
8.2385e-06
8.2557e-06
8.2729e-06
8.2902e-06
8.3075e-06
8.3248e-06
8.3421e-06
8.3594e-06
8.3768e-06
8.3942e-06
8.4116e-06
8.4291e-06
8.4465e-06
8.464e-06
8.4815e-06
8.499e-06
8.5166e-06
8.5342e-06
8.5518e-06
8.5694e-06
8.587e-06
8.6047e-06
8.6224e-06
8.6401e-06
8.6579e-06
8.6756e-06
8.6934e-06
8.7112e-06
8.729e-06
8.7469e-06
8.7648e-06
8.7826e-06
8.8006e-06
8.8185e-06
8.8365e-06
8.8545e-06
8.8725e-06
8.8905e-06
8.9086e-06
8.9266e-06
8.9447e-06
8.9629e-06
8.981e-06
8.9992e-06
9.0174e-06
9.0356e-06
9.0538e-06
9.0721e-06
9.0904e-06
9.1087e-06
9.127e-06
9.1454e-06
9.1637e-06
9.1821e-06
9.2005e-06
9.219e-06
9.2374e-06
9.2559e-06
9.2744e-06
9.293e-06
9.3115e-06
9.3301e-06
9.3487e-06
9.3673e-06
9.386e-06
9.4046e-06
9.4233e-06
9.442e-06
9.4608e-06
9.4795e-06
9.4983e-06
9.5171e-06
9.5359e-06
9.5548e-06
9.5736e-06
9.5925e-06
9.6114e-06
9.6304e-06
9.6493e-06
9.6683e-06
9.6873e-06
9.7063e-06
9.7254e-06
9.7444e-06
9.7635e-06
9.7826e-06
9.8018e-06
9.8209e-06
9.8401e-06
9.8593e-06
9.8785e-06
9.8977e-06
9.917e-06
9.9363e-06
9.9556e-06
9.9749e-06
9.9943e-06
1.0014e-05
1.0033e-05
1.0052e-05
1.0072e-05
1.0091e-05
1.0111e-05
1.013e-05
1.015e-05
1.0169e-05
1.0189e-05
1.0209e-05
1.0228e-05
1.0248e-05
1.0268e-05
1.0287e-05
1.0307e-05
1.0327e-05
1.0346e-05
1.0366e-05
1.0386e-05
1.0406e-05
1.0426e-05
1.0445e-05
1.0465e-05
1.0485e-05
1.0505e-05
1.0525e-05
1.0545e-05
1.0565e-05
1.0585e-05
1.0605e-05
1.0625e-05
1.0645e-05
1.0665e-05
1.0685e-05
1.0705e-05
1.0726e-05
1.0746e-05
1.0766e-05
1.0786e-05
1.0806e-05
1.0827e-05
1.0847e-05
1.0867e-05
1.0888e-05
1.0908e-05
1.0928e-05
1.0949e-05
1.0969e-05
1.0989e-05
1.101e-05
1.103e-05
1.1051e-05
1.1071e-05
1.1092e-05
1.1112e-05
1.1133e-05
1.1154e-05
1.1174e-05
1.1195e-05
1.1215e-05
1.1236e-05
1.1257e-05
1.1278e-05
1.1298e-05
1.1319e-05
1.134e-05
1.1361e-05
1.1381e-05
1.1402e-05
1.1423e-05
1.1444e-05
1.1465e-05
1.1486e-05
1.1507e-05
1.1528e-05
1.1549e-05
1.157e-05
1.1591e-05
1.1612e-05
1.1633e-05
1.1654e-05
1.1675e-05
1.1696e-05
1.1717e-05
1.1738e-05
1.176e-05
1.1781e-05
1.1802e-05
1.1823e-05
1.1844e-05
1.1866e-05
1.1887e-05
1.1908e-05
1.193e-05
1.1951e-05
1.1972e-05
1.1994e-05
1.2015e-05
1.2037e-05
1.2058e-05
1.208e-05
1.2101e-05
1.2123e-05
1.2144e-05
1.2166e-05
1.2187e-05
1.2209e-05
1.223e-05
1.2252e-05
1.2274e-05
1.2295e-05
1.2317e-05
1.2339e-05
1.236e-05
1.2382e-05
1.2404e-05
1.2426e-05
1.2447e-05
1.2469e-05
1.2491e-05
1.2513e-05
1.2535e-05
1.2557e-05
1.2579e-05
1.2601e-05
1.2622e-05
1.2644e-05
1.2666e-05
1.2688e-05
1.271e-05
1.2732e-05
1.2754e-05
1.2777e-05
1.2799e-05
1.2821e-05
1.2843e-05
1.2865e-05
1.2887e-05
1.2909e-05
1.2932e-05
1.2954e-05
1.2976e-05
1.2998e-05
1.3021e-05
1.3043e-05
1.3065e-05
1.3087e-05
1.311e-05
1.3132e-05
1.3155e-05
1.3177e-05
1.3199e-05
1.3222e-05
1.3244e-05
1.3267e-05
1.3289e-05
1.3312e-05
1.3334e-05
1.3357e-05
1.3379e-05
1.3402e-05
1.3424e-05
1.3447e-05
1.347e-05
1.3492e-05
1.3515e-05
1.3538e-05
1.356e-05
1.3583e-05
1.3606e-05
1.3628e-05
1.3651e-05
1.3674e-05
1.3697e-05
1.372e-05
1.3742e-05
1.3765e-05
1.3788e-05
1.3811e-05
1.3834e-05
1.3857e-05
1.388e-05
1.3903e-05
1.3925e-05
1.3948e-05
1.3971e-05
1.3994e-05
1.4017e-05
1.404e-05
1.4063e-05
1.4087e-05
1.411e-05
1.4133e-05
1.4156e-05
1.4179e-05
1.4202e-05
1.4225e-05
1.4248e-05
1.4272e-05
1.4295e-05
1.4318e-05
1.4341e-05
1.4364e-05
1.4388e-05
1.4411e-05
1.4434e-05
1.4458e-05
1.4481e-05
1.4504e-05
1.4528e-05
1.4551e-05
1.4574e-05
1.4598e-05
1.4621e-05
1.4645e-05
1.4668e-05
1.4691e-05
1.4715e-05
1.4738e-05
1.4762e-05
1.4785e-05
1.4809e-05
1.4833e-05
1.4856e-05
1.488e-05
1.4903e-05
1.4927e-05
1.495e-05
1.4974e-05
1.4998e-05
1.5021e-05
1.5045e-05
1.5069e-05
1.5092e-05
1.5116e-05
1.514e-05
1.5164e-05
1.5187e-05
1.5211e-05
1.5235e-05
1.5259e-05
1.5282e-05
1.5306e-05
1.533e-05
1.5354e-05
1.5378e-05
1.5402e-05
1.5426e-05
1.5449e-05
1.5473e-05
1.5497e-05
1.5521e-05
1.5545e-05
1.5569e-05
1.5593e-05
1.5617e-05
1.5641e-05
1.5665e-05
1.5689e-05
1.5713e-05
1.5737e-05
1.5761e-05
1.5785e-05
1.5809e-05
1.5833e-05
1.5858e-05
1.5882e-05
1.5906e-05
1.593e-05
1.5954e-05
1.5978e-05
1.6002e-05
1.6027e-05
1.6051e-05
1.6075e-05
1.6099e-05
1.6123e-05
1.6148e-05
1.6172e-05
1.6196e-05
1.622e-05
1.6245e-05
1.6269e-05
1.6293e-05
1.6318e-05
1.6342e-05
1.6366e-05
1.6391e-05
1.6415e-05
1.6439e-05
1.6464e-05
1.6488e-05
1.6513e-05
1.6537e-05
1.6561e-05
1.6586e-05
1.661e-05
1.6635e-05
1.6659e-05
1.6684e-05
1.6708e-05
1.6733e-05
1.6757e-05
1.6782e-05
1.6806e-05
1.6831e-05
1.6855e-05
1.688e-05
1.6904e-05
1.6929e-05
1.6954e-05
1.6978e-05
1.7003e-05
1.7027e-05
1.7052e-05
1.7077e-05
1.7101e-05
1.7126e-05
1.7151e-05
1.7175e-05
1.72e-05
1.7225e-05
1.7249e-05
1.7274e-05
1.7299e-05
1.7323e-05
1.7348e-05
1.7373e-05
1.7398e-05
1.7422e-05
1.7447e-05
1.7472e-05
1.7497e-05
1.7521e-05
1.7546e-05
1.7571e-05
1.7596e-05
1.7621e-05
1.7645e-05
1.767e-05
1.7695e-05
1.772e-05
1.7745e-05
1.777e-05
1.7794e-05
1.7819e-05
1.7844e-05
1.7869e-05
1.7894e-05
1.7919e-05
1.7944e-05
1.7969e-05
1.7993e-05
1.8018e-05
1.8043e-05
1.8068e-05
1.8093e-05
1.8118e-05
1.8143e-05
1.8168e-05
1.8193e-05
1.8218e-05
1.8243e-05
1.8268e-05
1.8293e-05
1.8318e-05
1.8343e-05
1.8368e-05
1.8393e-05
1.8418e-05
1.8443e-05
1.8468e-05
1.8493e-05
1.8518e-05
1.8543e-05
1.8568e-05
1.8593e-05
1.8618e-05
1.8643e-05
1.8668e-05
1.8693e-05
1.8718e-05
1.8743e-05
1.8769e-05
1.8794e-05
1.8819e-05
1.8844e-05
1.8869e-05
1.8894e-05
1.8919e-05
1.8944e-05
1.8969e-05
1.8994e-05
1.9019e-05
1.9045e-05
1.907e-05
1.9095e-05
1.912e-05
1.9145e-05
1.917e-05
1.9195e-05
1.922e-05
1.9246e-05
1.9271e-05
1.9296e-05
1.9321e-05
1.9346e-05
1.9371e-05
1.9397e-05
1.9422e-05
1.9447e-05
1.9472e-05
1.9497e-05
1.9522e-05
1.9548e-05
1.9573e-05
1.9598e-05
1.9623e-05
1.9648e-05
1.9673e-05
1.9699e-05
1.9724e-05
1.9749e-05
1.9774e-05
1.9799e-05
1.9825e-05
1.985e-05
1.9875e-05
1.99e-05
1.9925e-05
1.995e-05
1.9976e-05
2.0001e-05
2.0026e-05
2.0051e-05
2.0076e-05
2.0102e-05
2.0127e-05
2.0152e-05
2.0177e-05
2.0202e-05
2.0228e-05
2.0253e-05
2.0278e-05
2.0303e-05
2.0328e-05
2.0354e-05
2.0379e-05
2.0404e-05
2.0429e-05
2.0454e-05
2.0479e-05
2.0505e-05
2.053e-05
2.0555e-05
2.058e-05
2.0605e-05
2.0631e-05
2.0656e-05
2.0681e-05
2.0706e-05
2.0731e-05
2.0756e-05
2.0782e-05
2.0807e-05
2.0832e-05
2.0857e-05
2.0882e-05
2.0907e-05
2.0933e-05
2.0958e-05
2.0983e-05
2.1008e-05
2.1033e-05
2.1058e-05
2.1084e-05
2.1109e-05
2.1134e-05
2.1159e-05
2.1184e-05
2.1209e-05
2.1234e-05
2.1259e-05
2.1285e-05
2.131e-05
2.1335e-05
2.136e-05
2.1385e-05
2.141e-05
2.1435e-05
2.146e-05
2.1485e-05
2.151e-05
2.1535e-05
2.1561e-05
2.1586e-05
2.1611e-05
2.1636e-05
2.1661e-05
2.1686e-05
2.1711e-05
2.1736e-05
2.1761e-05
2.1786e-05
2.1811e-05
2.1836e-05
2.1861e-05
2.1886e-05
2.1911e-05
2.1936e-05
2.1961e-05
2.1986e-05
2.2011e-05
2.2036e-05
2.2061e-05
2.2086e-05
2.2111e-05
2.2136e-05
2.2161e-05
2.2186e-05
2.2211e-05
2.2235e-05
2.226e-05
2.2285e-05
2.231e-05
2.2335e-05
2.236e-05
2.2385e-05
2.241e-05
2.2435e-05
2.2459e-05
2.2484e-05
2.2509e-05
2.2534e-05
2.2559e-05
2.2584e-05
2.2608e-05
2.2633e-05
2.2658e-05
2.2683e-05
2.2708e-05
2.2732e-05
2.2757e-05
2.2782e-05
2.2807e-05
2.2831e-05
2.2856e-05
2.2881e-05
2.2905e-05
2.293e-05
2.2955e-05
2.298e-05
2.3004e-05
2.3029e-05
2.3053e-05
2.3078e-05
2.3103e-05
2.3127e-05
2.3152e-05
2.3177e-05
2.3201e-05
2.3226e-05
2.325e-05
2.3275e-05
2.3299e-05
2.3324e-05
2.3348e-05
2.3373e-05
2.3398e-05
2.3422e-05
2.3447e-05
2.3471e-05
2.3495e-05
2.352e-05
2.3544e-05
2.3569e-05
2.3593e-05
2.3618e-05
2.3642e-05
2.3666e-05
2.3691e-05
2.3715e-05
2.3739e-05
2.3764e-05
2.3788e-05
2.3812e-05
2.3837e-05
2.3861e-05
2.3885e-05
2.3909e-05
2.3934e-05
2.3958e-05
2.3982e-05
2.4006e-05
2.4031e-05
2.4055e-05
2.4079e-05
2.4103e-05
2.4127e-05
2.4151e-05
2.4175e-05
2.42e-05
2.4224e-05
2.4248e-05
2.4272e-05
2.4296e-05
2.432e-05
2.4344e-05
2.4368e-05
2.4392e-05
2.4416e-05
2.444e-05
2.4464e-05
2.4488e-05
2.4512e-05
2.4535e-05
2.4559e-05
2.4583e-05
2.4607e-05
2.4631e-05
2.4655e-05
2.4679e-05
2.4702e-05
2.4726e-05
2.475e-05
2.4774e-05
2.4797e-05
2.4821e-05
2.4845e-05
2.4868e-05
2.4892e-05
2.4916e-05
2.4939e-05
2.4963e-05
2.4987e-05
2.501e-05
2.5034e-05
2.5057e-05
2.5081e-05
2.5104e-05
2.5128e-05
2.5151e-05
2.5175e-05
2.5198e-05
2.5222e-05
2.5245e-05
2.5268e-05
2.5292e-05
2.5315e-05
2.5338e-05
2.5362e-05
2.5385e-05
2.5408e-05
2.5432e-05
2.5455e-05
2.5478e-05
2.5501e-05
2.5525e-05
2.5548e-05
2.5571e-05
2.5594e-05
2.5617e-05
2.564e-05
2.5663e-05
2.5686e-05
2.5709e-05
2.5732e-05
2.5755e-05
2.5778e-05
2.5801e-05
2.5824e-05
2.5847e-05
2.587e-05
2.5893e-05
2.5916e-05
2.5939e-05
2.5961e-05
2.5984e-05
2.6007e-05
2.603e-05
2.6052e-05
2.6075e-05
2.6098e-05
2.6121e-05
2.6143e-05
2.6166e-05
2.6188e-05
2.6211e-05
2.6234e-05
2.6256e-05
2.6279e-05
2.6301e-05
2.6324e-05
2.6346e-05
2.6368e-05
2.6391e-05
2.6413e-05
2.6436e-05
2.6458e-05
2.648e-05
2.6503e-05
2.6525e-05
2.6547e-05
2.6569e-05
2.6592e-05
2.6614e-05
2.6636e-05
2.6658e-05
2.668e-05
2.6702e-05
2.6724e-05
2.6746e-05
2.6768e-05
2.679e-05
2.6812e-05
2.6834e-05
2.6856e-05
2.6878e-05
2.69e-05
2.6922e-05
2.6944e-05
2.6966e-05
2.6987e-05
2.7009e-05
2.7031e-05
2.7052e-05
2.7074e-05
2.7096e-05
2.7117e-05
2.7139e-05
2.7161e-05
2.7182e-05
2.7204e-05
2.7225e-05
2.7247e-05
2.7268e-05
2.729e-05
2.7311e-05
2.7332e-05
2.7354e-05
2.7375e-05
2.7396e-05
2.7418e-05
2.7439e-05
2.746e-05
2.7481e-05
2.7502e-05
2.7524e-05
2.7545e-05
2.7566e-05
2.7587e-05
2.7608e-05
2.7629e-05
2.765e-05
2.7671e-05
2.7692e-05
2.7713e-05
2.7733e-05
2.7754e-05
2.7775e-05
2.7796e-05
2.7817e-05
2.7837e-05
2.7858e-05
2.7879e-05
2.7899e-05
2.792e-05
2.7941e-05
2.7961e-05
2.7982e-05
2.8002e-05
2.8023e-05
2.8043e-05
2.8064e-05
2.8084e-05
2.8104e-05
2.8125e-05
2.8145e-05
2.8165e-05
2.8185e-05
2.8206e-05
2.8226e-05
2.8246e-05
2.8266e-05
2.8286e-05
2.8306e-05
2.8326e-05
2.8346e-05
2.8366e-05
2.8386e-05
2.8406e-05
2.8426e-05
2.8446e-05
2.8466e-05
2.8485e-05
2.8505e-05
2.8525e-05
2.8545e-05
2.8564e-05
2.8584e-05
2.8603e-05
2.8623e-05
2.8643e-05
2.8662e-05
2.8682e-05
2.8701e-05
2.872e-05
2.874e-05
2.8759e-05
2.8778e-05
2.8798e-05
2.8817e-05
2.8836e-05
2.8855e-05
2.8875e-05
2.8894e-05
2.8913e-05
2.8932e-05
2.8951e-05
2.897e-05
2.8989e-05
2.9008e-05
2.9027e-05
2.9046e-05
2.9064e-05
2.9083e-05
2.9102e-05
2.9121e-05
2.9139e-05
2.9158e-05
2.9177e-05
2.9195e-05
2.9214e-05
2.9232e-05
2.9251e-05
2.9269e-05
2.9288e-05
2.9306e-05
2.9324e-05
2.9343e-05
2.9361e-05
2.9379e-05
2.9398e-05
2.9416e-05
2.9434e-05
2.9452e-05
2.947e-05
2.9488e-05
2.9506e-05
2.9524e-05
2.9542e-05
2.956e-05
2.9578e-05
2.9596e-05
2.9613e-05
2.9631e-05
2.9649e-05
2.9667e-05
2.9684e-05
2.9702e-05
2.9719e-05
2.9737e-05
2.9755e-05
2.9772e-05
2.9789e-05
2.9807e-05
2.9824e-05
2.9842e-05
2.9859e-05
2.9876e-05
2.9893e-05
2.991e-05
2.9928e-05
2.9945e-05
2.9962e-05
2.9979e-05
2.9996e-05
3.0013e-05
3.003e-05
3.0047e-05
3.0063e-05
3.008e-05
3.0097e-05
3.0114e-05
3.013e-05
3.0147e-05
3.0164e-05
3.018e-05
3.0197e-05
3.0213e-05
3.023e-05
3.0246e-05
3.0263e-05
3.0279e-05
3.0295e-05
3.0312e-05
3.0328e-05
3.0344e-05
3.036e-05
3.0376e-05
3.0392e-05
3.0408e-05
3.0424e-05
3.044e-05
3.0456e-05
3.0472e-05
3.0488e-05
3.0504e-05
3.052e-05
3.0535e-05
3.0551e-05
3.0567e-05
3.0582e-05
3.0598e-05
3.0613e-05
3.0629e-05
3.0644e-05
3.066e-05
3.0675e-05
3.0691e-05
3.0706e-05
3.0721e-05
3.0736e-05
3.0751e-05
3.0767e-05
3.0782e-05
3.0797e-05
3.0812e-05
3.0827e-05
3.0842e-05
3.0856e-05
3.0871e-05
3.0886e-05
3.0901e-05
3.0916e-05
3.093e-05
3.0945e-05
3.096e-05
3.0974e-05
3.0989e-05
3.1003e-05
3.1017e-05
3.1032e-05
3.1046e-05
3.1061e-05
3.1075e-05
3.1089e-05
3.1103e-05
3.1117e-05
3.1131e-05
3.1145e-05
3.1159e-05
3.1173e-05
3.1187e-05
3.1201e-05
3.1215e-05
3.1229e-05
3.1243e-05
3.1256e-05
3.127e-05
3.1284e-05
3.1297e-05
3.1311e-05
3.1324e-05
3.1338e-05
3.1351e-05
3.1364e-05
3.1378e-05
3.1391e-05
3.1404e-05
3.1417e-05
3.1431e-05
3.1444e-05
3.1457e-05
3.147e-05
3.1483e-05
3.1496e-05
3.1509e-05
3.1521e-05
3.1534e-05
3.1547e-05
3.156e-05
3.1572e-05
3.1585e-05
3.1598e-05
3.161e-05
3.1623e-05
3.1635e-05
3.1647e-05
3.166e-05
3.1672e-05
3.1684e-05
3.1697e-05
3.1709e-05
3.1721e-05
3.1733e-05
3.1745e-05
3.1757e-05
3.1769e-05
3.1781e-05
3.1793e-05
3.1805e-05
3.1816e-05
3.1828e-05
3.184e-05
3.1851e-05
3.1863e-05
3.1874e-05
3.1886e-05
3.1897e-05
3.1909e-05
3.192e-05
3.1932e-05
3.1943e-05
3.1954e-05
3.1965e-05
3.1976e-05
3.1987e-05
3.1998e-05
3.2009e-05
3.202e-05
3.2031e-05
3.2042e-05
3.2053e-05
3.2064e-05
3.2074e-05
3.2085e-05
3.2096e-05
3.2106e-05
3.2117e-05
3.2127e-05
3.2138e-05
3.2148e-05
3.2158e-05
3.2169e-05
3.2179e-05
3.2189e-05
3.2199e-05
3.2209e-05
3.2219e-05
3.223e-05
3.2239e-05
3.2249e-05
3.2259e-05
3.2269e-05
3.2279e-05
3.2289e-05
3.2298e-05
3.2308e-05
3.2317e-05
3.2327e-05
3.2336e-05
3.2346e-05
3.2355e-05
3.2365e-05
3.2374e-05
3.2383e-05
3.2392e-05
3.2402e-05
3.2411e-05
3.242e-05
3.2429e-05
3.2438e-05
3.2447e-05
3.2455e-05
3.2464e-05
3.2473e-05
3.2482e-05
3.249e-05
3.2499e-05
3.2508e-05
3.2516e-05
3.2525e-05
3.2533e-05
3.2541e-05
3.255e-05
3.2558e-05
3.2566e-05
3.2574e-05
3.2583e-05
3.2591e-05
3.2599e-05
3.2607e-05
3.2615e-05
3.2623e-05
3.263e-05
3.2638e-05
3.2646e-05
3.2654e-05
3.2661e-05
3.2669e-05
3.2676e-05
3.2684e-05
3.2691e-05
3.2699e-05
3.2706e-05
3.2713e-05
3.2721e-05
3.2728e-05
3.2735e-05
3.2742e-05
3.2749e-05
3.2756e-05
3.2763e-05
3.277e-05
3.2777e-05
3.2784e-05
3.279e-05
3.2797e-05
3.2804e-05
3.281e-05
3.2817e-05
3.2823e-05
3.283e-05
3.2836e-05
3.2843e-05
3.2849e-05
3.2855e-05
3.2861e-05
3.2868e-05
3.2874e-05
3.288e-05
3.2886e-05
3.2892e-05
3.2898e-05
3.2903e-05
3.2909e-05
3.2915e-05
3.2921e-05
3.2926e-05
3.2932e-05
3.2938e-05
3.2943e-05
3.2948e-05
3.2954e-05
3.2959e-05
3.2965e-05
3.297e-05
3.2975e-05
3.298e-05
3.2985e-05
3.299e-05
3.2995e-05
3.3e-05
3.3005e-05
3.301e-05
3.3015e-05
3.3019e-05
3.3024e-05
3.3029e-05
3.3033e-05
3.3038e-05
3.3042e-05
3.3047e-05
3.3051e-05
3.3055e-05
3.306e-05
3.3064e-05
3.3068e-05
3.3072e-05
3.3076e-05
3.308e-05
3.3084e-05
3.3088e-05
3.3092e-05
3.3096e-05
3.31e-05
3.3103e-05
3.3107e-05
3.3111e-05
3.3114e-05
3.3118e-05
3.3121e-05
3.3125e-05
3.3128e-05
3.3131e-05
3.3135e-05
3.3138e-05
3.3141e-05
3.3144e-05
3.3147e-05
3.315e-05
3.3153e-05
3.3156e-05
3.3159e-05
3.3162e-05
3.3164e-05
3.3167e-05
3.317e-05
3.3172e-05
3.3175e-05
3.3177e-05
3.318e-05
3.3182e-05
3.3184e-05
3.3187e-05
3.3189e-05
3.3191e-05
3.3193e-05
3.3195e-05
3.3197e-05
3.3199e-05
3.3201e-05
3.3203e-05
3.3205e-05
3.3207e-05
3.3208e-05
3.321e-05
3.3212e-05
3.3213e-05
3.3215e-05
3.3216e-05
3.3217e-05
3.3219e-05
3.322e-05
3.3221e-05
3.3222e-05
3.3224e-05
3.3225e-05
3.3226e-05
3.3227e-05
3.3228e-05
3.3228e-05
3.3229e-05
3.323e-05
3.3231e-05
3.3231e-05
3.3232e-05
3.3233e-05
3.3233e-05
3.3234e-05
3.3234e-05
3.3234e-05
3.3235e-05
3.3235e-05
3.3235e-05
3.3235e-05
3.3235e-05
3.3235e-05
3.3235e-05
3.3235e-05
3.3235e-05
3.3235e-05
3.3235e-05
3.3235e-05
3.3234e-05
3.3234e-05
3.3234e-05
3.3233e-05
3.3233e-05
3.3232e-05
3.3231e-05
3.3231e-05
3.323e-05
3.3229e-05
3.3228e-05
3.3227e-05
3.3226e-05
3.3225e-05
3.3224e-05
3.3223e-05
3.3222e-05
3.3221e-05
3.322e-05
3.3218e-05
3.3217e-05
3.3216e-05
3.3214e-05
3.3213e-05
3.3211e-05
3.3209e-05
3.3208e-05
3.3206e-05
3.3204e-05
3.3203e-05
3.3201e-05
3.3199e-05
3.3197e-05
3.3195e-05
3.3193e-05
3.3191e-05
3.3188e-05
3.3186e-05
3.3184e-05
3.3181e-05
3.3179e-05
3.3177e-05
3.3174e-05
3.3172e-05
3.3169e-05
3.3166e-05
3.3164e-05
3.3161e-05
3.3158e-05
3.3155e-05
3.3152e-05
3.3149e-05
3.3146e-05
3.3143e-05
3.314e-05
3.3137e-05
3.3134e-05
3.3131e-05
3.3127e-05
3.3124e-05
3.312e-05
3.3117e-05
3.3113e-05
3.311e-05
3.3106e-05
3.3103e-05
3.3099e-05
3.3095e-05
3.3091e-05
3.3087e-05
3.3083e-05
3.3079e-05
3.3075e-05
3.3071e-05
3.3067e-05
3.3063e-05
3.3059e-05
3.3054e-05
3.305e-05
3.3046e-05
3.3041e-05
3.3037e-05
3.3032e-05
3.3028e-05
3.3023e-05
3.3018e-05
3.3013e-05
3.3009e-05
3.3004e-05
3.2999e-05
3.2994e-05
3.2989e-05
3.2984e-05
3.2979e-05
3.2974e-05
3.2968e-05
3.2963e-05
3.2958e-05
3.2953e-05
3.2947e-05
3.2942e-05
3.2936e-05
3.2931e-05
3.2925e-05
3.2919e-05
3.2914e-05
3.2908e-05
3.2902e-05
3.2896e-05
3.289e-05
3.2884e-05
3.2878e-05
3.2872e-05
3.2866e-05
3.286e-05
3.2854e-05
3.2847e-05
3.2841e-05
3.2835e-05
3.2828e-05
3.2822e-05
3.2815e-05
3.2809e-05
3.2802e-05
3.2795e-05
3.2789e-05
3.2782e-05
3.2775e-05
3.2768e-05
3.2761e-05
3.2754e-05
3.2747e-05
3.274e-05
3.2733e-05
3.2726e-05
3.2719e-05
3.2712e-05
3.2704e-05
3.2697e-05
3.269e-05
3.2682e-05
3.2675e-05
3.2667e-05
3.2659e-05
3.2652e-05
3.2644e-05
3.2636e-05
3.2628e-05
3.2621e-05
3.2613e-05
3.2605e-05
3.2597e-05
3.2589e-05
3.2581e-05
3.2572e-05
3.2564e-05
3.2556e-05
3.2548e-05
3.2539e-05
3.2531e-05
3.2523e-05
3.2514e-05
3.2506e-05
3.2497e-05
3.2488e-05
3.248e-05
3.2471e-05
3.2462e-05
3.2453e-05
3.2444e-05
3.2435e-05
3.2426e-05
3.2417e-05
3.2408e-05
3.2399e-05
3.239e-05
3.2381e-05
3.2372e-05
3.2362e-05
3.2353e-05
3.2344e-05
3.2334e-05
3.2325e-05
3.2315e-05
3.2305e-05
3.2296e-05
3.2286e-05
3.2276e-05
3.2267e-05
3.2257e-05
3.2247e-05
3.2237e-05
3.2227e-05
3.2217e-05
3.2207e-05
3.2197e-05
3.2187e-05
3.2176e-05
3.2166e-05
3.2156e-05
3.2146e-05
3.2135e-05
3.2125e-05
3.2114e-05
3.2104e-05
3.2093e-05
3.2082e-05
3.2072e-05
3.2061e-05
3.205e-05
3.2039e-05
3.2029e-05
3.2018e-05
3.2007e-05
3.1996e-05
3.1985e-05
3.1974e-05
3.1962e-05
3.1951e-05
3.194e-05
3.1929e-05
3.1917e-05
3.1906e-05
3.1895e-05
3.1883e-05
3.1872e-05
3.186e-05
3.1848e-05
3.1837e-05
3.1825e-05
3.1813e-05
3.1802e-05
3.179e-05
3.1778e-05
3.1766e-05
3.1754e-05
3.1742e-05
3.173e-05
3.1718e-05
3.1706e-05
3.1694e-05
3.1681e-05
3.1669e-05
3.1657e-05
3.1644e-05
3.1632e-05
3.1619e-05
3.1607e-05
3.1594e-05
3.1582e-05
3.1569e-05
3.1557e-05
3.1544e-05
3.1531e-05
3.1518e-05
3.1505e-05
3.1493e-05
3.148e-05
3.1467e-05
3.1454e-05
3.144e-05
3.1427e-05
3.1414e-05
3.1401e-05
3.1388e-05
3.1374e-05
3.1361e-05
3.1348e-05
3.1334e-05
3.1321e-05
3.1307e-05
3.1294e-05
3.128e-05
3.1267e-05
3.1253e-05
3.1239e-05
3.1225e-05
3.1212e-05
3.1198e-05
3.1184e-05
3.117e-05
3.1156e-05
3.1142e-05
3.1128e-05
3.1114e-05
3.11e-05
3.1085e-05
3.1071e-05
3.1057e-05
3.1043e-05
3.1028e-05
3.1014e-05
3.0999e-05
3.0985e-05
3.097e-05
3.0956e-05
3.0941e-05
3.0927e-05
3.0912e-05
3.0897e-05
3.0882e-05
3.0868e-05
3.0853e-05
3.0838e-05
3.0823e-05
3.0808e-05
3.0793e-05
3.0778e-05
3.0763e-05
3.0748e-05
3.0732e-05
3.0717e-05
3.0702e-05
3.0687e-05
3.0671e-05
3.0656e-05
3.0641e-05
3.0625e-05
3.061e-05
3.0594e-05
3.0578e-05
3.0563e-05
3.0547e-05
3.0531e-05
3.0516e-05
3.05e-05
3.0484e-05
3.0468e-05
3.0452e-05
3.0436e-05
3.042e-05
3.0404e-05
3.0388e-05
3.0372e-05
3.0356e-05
3.034e-05
3.0324e-05
3.0308e-05
3.0291e-05
3.0275e-05
3.0259e-05
3.0242e-05
3.0226e-05
3.0209e-05
3.0193e-05
3.0176e-05
3.016e-05
3.0143e-05
3.0126e-05
3.011e-05
3.0093e-05
3.0076e-05
3.0059e-05
3.0042e-05
3.0025e-05
3.0009e-05
2.9992e-05
2.9975e-05
2.9958e-05
2.994e-05
2.9923e-05
2.9906e-05
2.9889e-05
2.9872e-05
2.9854e-05
2.9837e-05
2.982e-05
2.9802e-05
2.9785e-05
2.9768e-05
2.975e-05
2.9733e-05
2.9715e-05
2.9697e-05
2.968e-05
2.9662e-05
2.9644e-05
2.9627e-05
2.9609e-05
2.9591e-05
2.9573e-05
2.9555e-05
2.9538e-05
2.952e-05
2.9502e-05
2.9484e-05
2.9466e-05
2.9447e-05
2.9429e-05
2.9411e-05
2.9393e-05
2.9375e-05
2.9356e-05
2.9338e-05
2.932e-05
2.9301e-05
2.9283e-05
2.9265e-05
2.9246e-05
2.9228e-05
2.9209e-05
2.9191e-05
2.9172e-05
2.9153e-05
2.9135e-05
2.9116e-05
2.9097e-05
2.9078e-05
2.906e-05
2.9041e-05
2.9022e-05
2.9003e-05
2.8984e-05
2.8965e-05
2.8946e-05
2.8927e-05
2.8908e-05
2.8889e-05
2.887e-05
2.8851e-05
2.8831e-05
2.8812e-05
2.8793e-05
2.8774e-05
2.8754e-05
2.8735e-05
2.8716e-05
2.8696e-05
2.8677e-05
2.8657e-05
2.8638e-05
2.8618e-05
2.8599e-05
2.8579e-05
2.8559e-05
2.854e-05
2.852e-05
2.85e-05
2.848e-05
2.8461e-05
2.8441e-05
2.8421e-05
2.8401e-05
2.8381e-05
2.8361e-05
2.8341e-05
2.8321e-05
2.8301e-05
2.8281e-05
2.8261e-05
2.8241e-05
2.8221e-05
2.8201e-05
2.818e-05
2.816e-05
2.814e-05
2.812e-05
2.8099e-05
2.8079e-05
2.8058e-05
2.8038e-05
2.8018e-05
2.7997e-05
2.7977e-05
2.7956e-05
2.7935e-05
2.7915e-05
2.7894e-05
2.7874e-05
2.7853e-05
2.7832e-05
2.7811e-05
2.7791e-05
2.777e-05
2.7749e-05
2.7728e-05
2.7707e-05
2.7686e-05
2.7666e-05
2.7645e-05
2.7624e-05
2.7603e-05
2.7582e-05
2.7561e-05
2.7539e-05
2.7518e-05
2.7497e-05
2.7476e-05
2.7455e-05
2.7434e-05
2.7412e-05
2.7391e-05
2.737e-05
2.7348e-05
2.7327e-05
2.7306e-05
2.7284e-05
2.7263e-05
2.7241e-05
2.722e-05
2.7198e-05
2.7177e-05
2.7155e-05
2.7134e-05
2.7112e-05
2.709e-05
2.7069e-05
2.7047e-05
2.7025e-05
2.7004e-05
2.6982e-05
2.696e-05
2.6938e-05
2.6916e-05
2.6895e-05
2.6873e-05
2.6851e-05
2.6829e-05
2.6807e-05
2.6785e-05
2.6763e-05
2.6741e-05
2.6719e-05
2.6697e-05
2.6675e-05
2.6653e-05
2.663e-05
2.6608e-05
2.6586e-05
2.6564e-05
2.6542e-05
2.6519e-05
2.6497e-05
2.6475e-05
2.6452e-05
2.643e-05
2.6408e-05
2.6385e-05
2.6363e-05
2.634e-05
2.6318e-05
2.6296e-05
2.6273e-05
2.625e-05
2.6228e-05
2.6205e-05
2.6183e-05
2.616e-05
2.6138e-05
2.6115e-05
2.6092e-05
2.6069e-05
2.6047e-05
2.6024e-05
2.6001e-05
2.5979e-05
2.5956e-05
2.5933e-05
2.591e-05
2.5887e-05
2.5864e-05
2.5841e-05
2.5818e-05
2.5796e-05
2.5773e-05
2.575e-05
2.5727e-05
2.5704e-05
2.5681e-05
2.5657e-05
2.5634e-05
2.5611e-05
2.5588e-05
2.5565e-05
2.5542e-05
2.5519e-05
2.5496e-05
2.5472e-05
2.5449e-05
2.5426e-05
2.5403e-05
2.5379e-05
2.5356e-05
2.5333e-05
2.5309e-05
2.5286e-05
2.5263e-05
2.5239e-05
2.5216e-05
2.5192e-05
2.5169e-05
2.5145e-05
2.5122e-05
2.5098e-05
2.5075e-05
2.5051e-05
2.5028e-05
2.5004e-05
2.4981e-05
2.4957e-05
2.4933e-05
2.491e-05
2.4886e-05
2.4863e-05
2.4839e-05
2.4815e-05
2.4791e-05
2.4768e-05
2.4744e-05
2.472e-05
2.4696e-05
2.4673e-05
2.4649e-05
2.4625e-05
2.4601e-05
2.4577e-05
2.4553e-05
2.453e-05
2.4506e-05
2.4482e-05
2.4458e-05
2.4434e-05
2.441e-05
2.4386e-05
2.4362e-05
2.4338e-05
2.4314e-05
2.429e-05
2.4266e-05
2.4242e-05
2.4218e-05
2.4194e-05
2.4169e-05
2.4145e-05
2.4121e-05
2.4097e-05
2.4073e-05
2.4049e-05
2.4025e-05
2.4e-05
2.3976e-05
2.3952e-05
2.3928e-05
2.3903e-05
2.3879e-05
2.3855e-05
2.3831e-05
2.3806e-05
2.3782e-05
2.3758e-05
2.3733e-05
2.3709e-05
2.3685e-05
2.366e-05
2.3636e-05
2.3611e-05
2.3587e-05
2.3563e-05
2.3538e-05
2.3514e-05
2.3489e-05
2.3465e-05
2.344e-05
2.3416e-05
2.3391e-05
2.3367e-05
2.3342e-05
2.3318e-05
2.3293e-05
2.3269e-05
2.3244e-05
2.322e-05
2.3195e-05
2.317e-05
2.3146e-05
2.3121e-05
2.3097e-05
2.3072e-05
2.3047e-05
2.3023e-05
2.2998e-05
2.2973e-05
2.2949e-05
2.2924e-05
2.2899e-05
2.2875e-05
2.285e-05
2.2825e-05
2.28e-05
2.2776e-05
2.2751e-05
2.2726e-05
2.2701e-05
2.2677e-05
2.2652e-05
2.2627e-05
2.2602e-05
2.2577e-05
2.2553e-05
2.2528e-05
2.2503e-05
2.2478e-05
2.2453e-05
2.2428e-05
2.2404e-05
2.2379e-05
2.2354e-05
2.2329e-05
2.2304e-05
2.2279e-05
2.2254e-05
2.2229e-05
2.2204e-05
2.2179e-05
2.2154e-05
2.213e-05
2.2105e-05
2.208e-05
2.2055e-05
2.203e-05
2.2005e-05
2.198e-05
2.1955e-05
2.193e-05
2.1905e-05
2.188e-05
2.1855e-05
2.183e-05
2.1805e-05
2.178e-05
2.1755e-05
2.173e-05
2.1705e-05
2.168e-05
2.1655e-05
2.1629e-05
2.1604e-05
2.1579e-05
2.1554e-05
2.1529e-05
2.1504e-05
2.1479e-05
2.1454e-05
2.1429e-05
2.1404e-05
2.1379e-05
2.1354e-05
2.1328e-05
2.1303e-05
2.1278e-05
2.1253e-05
2.1228e-05
2.1203e-05
2.1178e-05
2.1153e-05
2.1127e-05
2.1102e-05
2.1077e-05
2.1052e-05
2.1027e-05
2.1002e-05
2.0977e-05
2.0951e-05
2.0926e-05
2.0901e-05
2.0876e-05
2.0851e-05
2.0826e-05
2.0801e-05
2.0775e-05
2.075e-05
2.0725e-05
2.07e-05
2.0675e-05
2.0649e-05
2.0624e-05
2.0599e-05
2.0574e-05
2.0549e-05
2.0524e-05
2.0498e-05
2.0473e-05
2.0448e-05
2.0423e-05
2.0398e-05
2.0372e-05
2.0347e-05
2.0322e-05
2.0297e-05
2.0272e-05
2.0246e-05
2.0221e-05
2.0196e-05
2.0171e-05
2.0146e-05
2.012e-05
2.0095e-05
2.007e-05
2.0045e-05
2.002e-05
1.9995e-05
1.9969e-05
1.9944e-05
1.9919e-05
1.9894e-05
1.9869e-05
1.9843e-05
1.9818e-05
1.9793e-05
1.9768e-05
1.9743e-05
1.9717e-05
1.9692e-05
1.9667e-05
1.9642e-05
1.9617e-05
1.9592e-05
1.9566e-05
1.9541e-05
1.9516e-05
1.9491e-05
1.9466e-05
1.9441e-05
1.9415e-05
1.939e-05
1.9365e-05
1.934e-05
1.9315e-05
1.929e-05
1.9264e-05
1.9239e-05
1.9214e-05
1.9189e-05
1.9164e-05
1.9139e-05
1.9114e-05
1.9089e-05
1.9063e-05
1.9038e-05
1.9013e-05
1.8988e-05
1.8963e-05
1.8938e-05
1.8913e-05
1.8888e-05
1.8863e-05
1.8837e-05
1.8812e-05
1.8787e-05
1.8762e-05
1.8737e-05
1.8712e-05
1.8687e-05
1.8662e-05
1.8637e-05
1.8612e-05
1.8587e-05
1.8562e-05
1.8537e-05
1.8512e-05
1.8487e-05
1.8462e-05
1.8437e-05
1.8412e-05
1.8387e-05
1.8362e-05
1.8337e-05
1.8312e-05
1.8287e-05
1.8262e-05
1.8237e-05
1.8212e-05
1.8187e-05
1.8162e-05
1.8137e-05
1.8112e-05
1.8087e-05
1.8062e-05
1.8037e-05
1.8012e-05
1.7987e-05
1.7962e-05
1.7937e-05
1.7913e-05
1.7888e-05
1.7863e-05
1.7838e-05
1.7813e-05
1.7788e-05
1.7763e-05
1.7738e-05
1.7714e-05
1.7689e-05
1.7664e-05
1.7639e-05
1.7614e-05
1.759e-05
1.7565e-05
1.754e-05
1.7515e-05
1.749e-05
1.7466e-05
1.7441e-05
1.7416e-05
1.7391e-05
1.7367e-05
1.7342e-05
1.7317e-05
1.7293e-05
1.7268e-05
1.7243e-05
1.7218e-05
1.7194e-05
1.7169e-05
1.7144e-05
1.712e-05
1.7095e-05
1.707e-05
1.7046e-05
1.7021e-05
1.6997e-05
1.6972e-05
1.6947e-05
1.6923e-05
1.6898e-05
1.6874e-05
1.6849e-05
1.6825e-05
1.68e-05
1.6776e-05
1.6751e-05
1.6727e-05
1.6702e-05
1.6678e-05
1.6653e-05
1.6629e-05
1.6604e-05
1.658e-05
1.6555e-05
1.6531e-05
1.6507e-05
1.6482e-05
1.6458e-05
1.6433e-05
1.6409e-05
1.6385e-05
1.636e-05
1.6336e-05
1.6312e-05
1.6287e-05
1.6263e-05
1.6239e-05
1.6214e-05
1.619e-05
1.6166e-05
1.6142e-05
1.6117e-05
1.6093e-05
1.6069e-05
1.6045e-05
1.6021e-05
1.5996e-05
1.5972e-05
1.5948e-05
1.5924e-05
1.59e-05
1.5876e-05
1.5851e-05
1.5827e-05
1.5803e-05
1.5779e-05
1.5755e-05
1.5731e-05
1.5707e-05
1.5683e-05
1.5659e-05
1.5635e-05
1.5611e-05
1.5587e-05
1.5563e-05
1.5539e-05
1.5515e-05
1.5491e-05
1.5467e-05
1.5443e-05
1.542e-05
1.5396e-05
1.5372e-05
1.5348e-05
1.5324e-05
1.53e-05
1.5276e-05
1.5253e-05
1.5229e-05
1.5205e-05
1.5181e-05
1.5158e-05
1.5134e-05
1.511e-05
1.5086e-05
1.5063e-05
1.5039e-05
1.5015e-05
1.4992e-05
1.4968e-05
1.4945e-05
1.4921e-05
1.4897e-05
1.4874e-05
1.485e-05
1.4827e-05
1.4803e-05
1.478e-05
1.4756e-05
1.4733e-05
1.4709e-05
1.4686e-05
1.4662e-05
1.4639e-05
1.4615e-05
1.4592e-05
1.4568e-05
1.4545e-05
1.4522e-05
1.4498e-05
1.4475e-05
1.4452e-05
1.4428e-05
1.4405e-05
1.4382e-05
1.4359e-05
1.4335e-05
1.4312e-05
1.4289e-05
1.4266e-05
1.4243e-05
1.4219e-05
1.4196e-05
1.4173e-05
1.415e-05
1.4127e-05
1.4104e-05
1.4081e-05
1.4058e-05
1.4035e-05
1.4012e-05
1.3989e-05
1.3966e-05
1.3943e-05
1.392e-05
1.3897e-05
1.3874e-05
1.3851e-05
1.3828e-05
1.3805e-05
1.3782e-05
1.3759e-05
1.3737e-05
1.3714e-05
1.3691e-05
1.3668e-05
1.3645e-05
1.3623e-05
1.36e-05
1.3577e-05
1.3555e-05
1.3532e-05
1.3509e-05
1.3487e-05
1.3464e-05
1.3441e-05
1.3419e-05
1.3396e-05
1.3374e-05
1.3351e-05
1.3329e-05
1.3306e-05
1.3284e-05
1.3261e-05
1.3239e-05
1.3216e-05
1.3194e-05
1.3171e-05
1.3149e-05
1.3127e-05
1.3104e-05
1.3082e-05
1.306e-05
1.3037e-05
1.3015e-05
1.2993e-05
1.297e-05
1.2948e-05
1.2926e-05
1.2904e-05
1.2882e-05
1.2859e-05
1.2837e-05
1.2815e-05
1.2793e-05
1.2771e-05
1.2749e-05
1.2727e-05
1.2705e-05
1.2683e-05
1.2661e-05
1.2639e-05
1.2617e-05
1.2595e-05
1.2573e-05
1.2551e-05
1.2529e-05
1.2507e-05
1.2486e-05
1.2464e-05
1.2442e-05
1.242e-05
1.2398e-05
1.2377e-05
1.2355e-05
1.2333e-05
1.2312e-05
1.229e-05
1.2268e-05
1.2247e-05
1.2225e-05
1.2203e-05
1.2182e-05
1.216e-05
1.2139e-05
1.2117e-05
1.2096e-05
1.2074e-05
1.2053e-05
1.2031e-05
1.201e-05
1.1988e-05
1.1967e-05
1.1946e-05
1.1924e-05
1.1903e-05
1.1882e-05
1.186e-05
1.1839e-05
1.1818e-05
1.1797e-05
1.1775e-05
1.1754e-05
1.1733e-05
1.1712e-05
1.1691e-05
1.167e-05
1.1649e-05
1.1627e-05
1.1606e-05
1.1585e-05
1.1564e-05
1.1543e-05
1.1522e-05
1.1501e-05
1.1481e-05
1.146e-05
1.1439e-05
1.1418e-05
1.1397e-05
1.1376e-05
1.1355e-05
1.1335e-05
1.1314e-05
1.1293e-05
1.1272e-05
1.1252e-05
1.1231e-05
1.121e-05
1.119e-05
1.1169e-05
1.1148e-05
1.1128e-05
1.1107e-05
1.1087e-05
1.1066e-05
1.1046e-05
1.1025e-05
1.1005e-05
1.0984e-05
1.0964e-05
1.0943e-05
1.0923e-05
1.0903e-05
1.0882e-05
1.0862e-05
1.0842e-05
1.0822e-05
1.0801e-05
1.0781e-05
1.0761e-05
1.0741e-05
1.0721e-05
1.07e-05
1.068e-05
1.066e-05
1.064e-05
1.062e-05
1.06e-05
1.058e-05
1.056e-05
1.054e-05
1.052e-05
1.05e-05
1.048e-05
1.046e-05
1.044e-05
1.0421e-05
1.0401e-05
1.0381e-05
1.0361e-05
1.0341e-05
1.0322e-05
1.0302e-05
1.0282e-05
1.0263e-05
1.0243e-05
1.0223e-05
1.0204e-05
1.0184e-05
1.0165e-05
1.0145e-05
1.0125e-05
1.0106e-05
1.0086e-05
1.0067e-05
1.0048e-05
1.0028e-05
1.0009e-05
9.9894e-06
9.9701e-06
9.9507e-06
9.9314e-06
9.9122e-06
9.8929e-06
9.8737e-06
9.8545e-06
9.8353e-06
9.8161e-06
9.7969e-06
9.7778e-06
9.7587e-06
9.7396e-06
9.7206e-06
9.7015e-06
9.6825e-06
9.6635e-06
9.6445e-06
9.6256e-06
9.6067e-06
9.5878e-06
9.5689e-06
9.55e-06
9.5312e-06
9.5124e-06
9.4936e-06
9.4748e-06
9.456e-06
9.4373e-06
9.4186e-06
9.3999e-06
9.3813e-06
9.3626e-06
9.344e-06
9.3254e-06
9.3069e-06
9.2883e-06
9.2698e-06
9.2513e-06
9.2328e-06
9.2143e-06
9.1959e-06
9.1775e-06
9.1591e-06
9.1407e-06
9.1224e-06
9.1041e-06
9.0858e-06
9.0675e-06
9.0492e-06
9.031e-06
9.0128e-06
8.9946e-06
8.9764e-06
8.9583e-06
8.9402e-06
8.9221e-06
8.904e-06
8.886e-06
8.8679e-06
8.8499e-06
8.832e-06
8.814e-06
8.7961e-06
8.7781e-06
8.7603e-06
8.7424e-06
8.7245e-06
8.7067e-06
8.6889e-06
8.6711e-06
8.6534e-06
8.6357e-06
8.6179e-06
8.6003e-06
8.5826e-06
8.565e-06
8.5473e-06
8.5297e-06
8.5122e-06
8.4946e-06
8.4771e-06
8.4596e-06
8.4421e-06
8.4247e-06
8.4072e-06
8.3898e-06
8.3724e-06
8.3551e-06
8.3377e-06
8.3204e-06
8.3031e-06
8.2858e-06
8.2686e-06
8.2514e-06
8.2342e-06
8.217e-06
8.1998e-06
8.1827e-06
8.1656e-06
8.1485e-06
8.1314e-06
8.1144e-06
8.0974e-06
8.0804e-06
8.0634e-06
8.0465e-06
8.0295e-06
8.0126e-06
7.9957e-06
7.9789e-06
7.9621e-06
7.9452e-06
7.9285e-06
7.9117e-06
7.8949e-06
7.8782e-06
7.8615e-06
7.8449e-06
7.8282e-06
7.8116e-06
7.795e-06
7.7784e-06
7.7618e-06
7.7453e-06
7.7288e-06
7.7123e-06
7.6959e-06
7.6794e-06
7.663e-06
7.6466e-06
7.6302e-06
7.6139e-06
7.5976e-06
7.5813e-06
7.565e-06
7.5487e-06
7.5325e-06
7.5163e-06
7.5001e-06
7.4839e-06
7.4678e-06
7.4517e-06
7.4356e-06
7.4195e-06
7.4035e-06
7.3874e-06
7.3714e-06
7.3555e-06
7.3395e-06
7.3236e-06
7.3077e-06
7.2918e-06
7.2759e-06
7.2601e-06
7.2443e-06
7.2285e-06
7.2127e-06
7.197e-06
7.1812e-06
7.1655e-06
7.1499e-06
7.1342e-06
7.1186e-06
7.103e-06
7.0874e-06
7.0718e-06
7.0563e-06
7.0408e-06
7.0253e-06
7.0098e-06
6.9944e-06
6.9789e-06
6.9636e-06
6.9482e-06
6.9328e-06
6.9175e-06
6.9022e-06
6.8869e-06
6.8716e-06
6.8564e-06
6.8412e-06
6.826e-06
6.8108e-06
6.7957e-06
6.7806e-06
6.7655e-06
6.7504e-06
6.7353e-06
6.7203e-06
6.7053e-06
6.6903e-06
6.6754e-06
6.6604e-06
6.6455e-06
6.6306e-06
6.6158e-06
6.6009e-06
6.5861e-06
6.5713e-06
6.5565e-06
6.5418e-06
6.527e-06
6.5123e-06
6.4976e-06
6.483e-06
6.4683e-06
6.4537e-06
6.4391e-06
6.4246e-06
6.41e-06
6.3955e-06
6.381e-06
6.3665e-06
6.3521e-06
6.3376e-06
6.3232e-06
6.3088e-06
6.2945e-06
6.2801e-06
6.2658e-06
6.2515e-06
6.2373e-06
6.223e-06
6.2088e-06
6.1946e-06
6.1804e-06
6.1662e-06
6.1521e-06
6.138e-06
6.1239e-06
6.1098e-06
6.0958e-06
6.0818e-06
6.0678e-06
6.0538e-06
6.0399e-06
6.0259e-06
6.012e-06
5.9981e-06
5.9843e-06
5.9704e-06
5.9566e-06
5.9428e-06
5.9291e-06
5.9153e-06
5.9016e-06
5.8879e-06
5.8742e-06
5.8605e-06
5.8469e-06
5.8333e-06
5.8197e-06
5.8061e-06
5.7926e-06
5.7791e-06
5.7656e-06
5.7521e-06
5.7387e-06
5.7252e-06
5.7118e-06
5.6984e-06
5.6851e-06
5.6717e-06
5.6584e-06
5.6451e-06
5.6318e-06
5.6186e-06
5.6054e-06
5.5921e-06
5.579e-06
5.5658e-06
5.5527e-06
5.5395e-06
5.5264e-06
5.5134e-06
5.5003e-06
5.4873e-06
5.4743e-06
5.4613e-06
5.4483e-06
5.4354e-06
5.4225e-06
5.4096e-06
5.3967e-06
5.3839e-06
5.3711e-06
5.3582e-06
5.3455e-06
5.3327e-06
5.32e-06
5.3072e-06
5.2946e-06
5.2819e-06
5.2692e-06
5.2566e-06
5.244e-06
5.2314e-06
5.2188e-06
5.2063e-06
5.1938e-06
5.1813e-06
5.1688e-06
5.1564e-06
5.1439e-06
5.1315e-06
5.1191e-06
5.1068e-06
5.0944e-06
5.0821e-06
5.0698e-06
5.0575e-06
5.0453e-06
5.0331e-06
5.0208e-06
5.0087e-06
4.9965e-06
4.9843e-06
4.9722e-06
4.9601e-06
4.948e-06
4.936e-06
4.9239e-06
4.9119e-06
4.8999e-06
4.888e-06
4.876e-06
4.8641e-06
4.8522e-06
4.8403e-06
4.8284e-06
4.8166e-06
4.8048e-06
4.793e-06
4.7812e-06
4.7694e-06
4.7577e-06
4.746e-06
4.7343e-06
4.7226e-06
4.711e-06
4.6993e-06
4.6877e-06
4.6761e-06
4.6646e-06
4.653e-06
4.6415e-06
4.63e-06
4.6185e-06
4.6071e-06
4.5956e-06
4.5842e-06
4.5728e-06
4.5615e-06
4.5501e-06
4.5388e-06
4.5275e-06
4.5162e-06
4.5049e-06
4.4937e-06
4.4824e-06
4.4712e-06
4.4601e-06
4.4489e-06
4.4378e-06
4.4266e-06
4.4155e-06
4.4045e-06
4.3934e-06
4.3824e-06
4.3714e-06
4.3604e-06
4.3494e-06
4.3384e-06
4.3275e-06
4.3166e-06
4.3057e-06
4.2948e-06
4.284e-06
4.2732e-06
4.2624e-06
4.2516e-06
4.2408e-06
4.2301e-06
4.2193e-06
4.2086e-06
4.1979e-06
4.1873e-06
4.1766e-06
4.166e-06
4.1554e-06
4.1448e-06
4.1343e-06
4.1237e-06
4.1132e-06
4.1027e-06
4.0922e-06
4.0818e-06
4.0713e-06
4.0609e-06
4.0505e-06
4.0402e-06
4.0298e-06
4.0195e-06
4.0092e-06
3.9989e-06
3.9886e-06
3.9783e-06
3.9681e-06
3.9579e-06
3.9477e-06
3.9375e-06
3.9274e-06
3.9172e-06
3.9071e-06
3.897e-06
3.8869e-06
3.8769e-06
3.8668e-06
3.8568e-06
3.8468e-06
3.8369e-06
3.8269e-06
3.817e-06
3.8071e-06
3.7972e-06
3.7873e-06
3.7774e-06
3.7676e-06
3.7578e-06
3.748e-06
3.7382e-06
3.7285e-06
3.7187e-06
3.709e-06
3.6993e-06
3.6896e-06
3.68e-06
3.6703e-06
3.6607e-06
3.6511e-06
3.6415e-06
3.632e-06
3.6224e-06
3.6129e-06
3.6034e-06
3.5939e-06
3.5844e-06
3.575e-06
3.5656e-06
3.5562e-06
3.5468e-06
3.5374e-06
3.5281e-06
3.5187e-06
3.5094e-06
3.5001e-06
3.4909e-06
3.4816e-06
3.4724e-06
3.4632e-06
3.454e-06
3.4448e-06
3.4356e-06
3.4265e-06
3.4174e-06
3.4083e-06
3.3992e-06
3.3901e-06
3.3811e-06
3.3721e-06
3.3631e-06
3.3541e-06
3.3451e-06
3.3361e-06
3.3272e-06
3.3183e-06
3.3094e-06
3.3005e-06
3.2917e-06
3.2828e-06
3.274e-06
3.2652e-06
3.2564e-06
3.2477e-06
3.2389e-06
3.2302e-06
3.2215e-06
3.2128e-06
3.2041e-06
3.1955e-06
3.1869e-06
3.1782e-06
3.1696e-06
3.1611e-06
3.1525e-06
3.144e-06
3.1354e-06
3.1269e-06
3.1184e-06
3.11e-06
3.1015e-06
3.0931e-06
3.0847e-06
3.0763e-06
3.0679e-06
3.0595e-06
3.0512e-06
3.0429e-06
3.0346e-06
3.0263e-06
3.018e-06
3.0097e-06
3.0015e-06
2.9933e-06
2.9851e-06
2.9769e-06
2.9687e-06
2.9606e-06
2.9525e-06
2.9444e-06
2.9363e-06
2.9282e-06
2.9201e-06
2.9121e-06
2.9041e-06
2.8961e-06
2.8881e-06
2.8801e-06
2.8722e-06
2.8642e-06
2.8563e-06
2.8484e-06
2.8405e-06
2.8327e-06
2.8248e-06
2.817e-06
2.8092e-06
2.8014e-06
2.7936e-06
2.7858e-06
2.7781e-06
2.7704e-06
2.7626e-06
2.755e-06
2.7473e-06
2.7396e-06
2.732e-06
2.7244e-06
2.7167e-06
2.7092e-06
2.7016e-06
2.694e-06
2.6865e-06
2.679e-06
2.6715e-06
2.664e-06
2.6565e-06
2.649e-06
2.6416e-06
2.6342e-06
2.6268e-06
2.6194e-06
2.612e-06
2.6047e-06
2.5973e-06
2.59e-06
2.5827e-06
2.5754e-06
2.5681e-06
2.5609e-06
2.5537e-06
2.5464e-06
2.5392e-06
2.532e-06
2.5249e-06
2.5177e-06
2.5106e-06
2.5034e-06
2.4963e-06
2.4892e-06
2.4822e-06
2.4751e-06
2.4681e-06
2.461e-06
2.454e-06
2.447e-06
2.4401e-06
2.4331e-06
2.4262e-06
2.4192e-06
2.4123e-06
2.4054e-06
2.3985e-06
2.3917e-06
2.3848e-06
2.378e-06
2.3712e-06
2.3644e-06
2.3576e-06
2.3508e-06
2.344e-06
2.3373e-06
2.3306e-06
2.3239e-06
2.3172e-06
2.3105e-06
2.3039e-06
2.2972e-06
2.2906e-06
2.284e-06
2.2774e-06
2.2708e-06
2.2642e-06
2.2577e-06
2.2511e-06
2.2446e-06
2.2381e-06
2.2316e-06
2.2251e-06
2.2187e-06
2.2122e-06
2.2058e-06
2.1994e-06
2.193e-06
2.1866e-06
2.1802e-06
2.1739e-06
2.1676e-06
2.1612e-06
2.1549e-06
2.1486e-06
2.1424e-06
2.1361e-06
2.1298e-06
2.1236e-06
2.1174e-06
2.1112e-06
2.105e-06
2.0988e-06
2.0927e-06
2.0865e-06
2.0804e-06
2.0743e-06
2.0682e-06
2.0621e-06
2.056e-06
2.05e-06
2.0439e-06
2.0379e-06
2.0319e-06
2.0259e-06
2.0199e-06
2.014e-06
2.008e-06
2.0021e-06
1.9961e-06
1.9902e-06
1.9843e-06
1.9785e-06
1.9726e-06
1.9667e-06
1.9609e-06
1.9551e-06
1.9493e-06
1.9435e-06
1.9377e-06
1.9319e-06
1.9262e-06
1.9204e-06
1.9147e-06
1.909e-06
1.9033e-06
1.8976e-06
1.8919e-06
1.8863e-06
1.8807e-06
1.875e-06
1.8694e-06
1.8638e-06
1.8582e-06
1.8527e-06
1.8471e-06
1.8416e-06
1.836e-06
1.8305e-06
1.825e-06
1.8195e-06
1.8141e-06
1.8086e-06
1.8031e-06
1.7977e-06
1.7923e-06
1.7869e-06
1.7815e-06
1.7761e-06
1.7707e-06
1.7654e-06
1.7601e-06
1.7547e-06
1.7494e-06
1.7441e-06
1.7388e-06
1.7336e-06
1.7283e-06
1.7231e-06
1.7178e-06
1.7126e-06
1.7074e-06
1.7022e-06
1.697e-06
1.6919e-06
1.6867e-06
1.6816e-06
1.6764e-06
1.6713e-06
1.6662e-06
1.6611e-06
1.6561e-06
1.651e-06
1.6459e-06
1.6409e-06
1.6359e-06
1.6309e-06
1.6259e-06
1.6209e-06
1.6159e-06
1.611e-06
1.606e-06
1.6011e-06
1.5961e-06
1.5912e-06
1.5863e-06
1.5815e-06
1.5766e-06
1.5717e-06
1.5669e-06
1.562e-06
1.5572e-06
1.5524e-06
1.5476e-06
1.5428e-06
1.5381e-06
1.5333e-06
1.5286e-06
1.5238e-06
1.5191e-06
1.5144e-06
1.5097e-06
1.505e-06
1.5003e-06
1.4957e-06
1.491e-06
1.4864e-06
1.4818e-06
1.4771e-06
1.4725e-06
1.468e-06
1.4634e-06
1.4588e-06
1.4543e-06
1.4497e-06
1.4452e-06
1.4407e-06
1.4362e-06
1.4317e-06
1.4272e-06
1.4227e-06
1.4183e-06
1.4138e-06
1.4094e-06
1.405e-06
1.4006e-06
1.3962e-06
1.3918e-06
1.3874e-06
1.383e-06
1.3787e-06
1.3743e-06
1.37e-06
1.3657e-06
1.3614e-06
1.3571e-06
1.3528e-06
1.3485e-06
1.3443e-06
1.34e-06
1.3358e-06
1.3315e-06
1.3273e-06
1.3231e-06
1.3189e-06
1.3148e-06
1.3106e-06
1.3064e-06
1.3023e-06
1.2981e-06
1.294e-06
1.2899e-06
1.2858e-06
1.2817e-06
1.2776e-06
1.2735e-06
1.2695e-06
1.2654e-06
1.2614e-06
1.2574e-06
1.2534e-06
1.2493e-06
1.2454e-06
1.2414e-06
1.2374e-06
1.2334e-06
1.2295e-06
1.2255e-06
1.2216e-06
1.2177e-06
1.2138e-06
1.2099e-06
1.206e-06
1.2021e-06
1.1983e-06
1.1944e-06
1.1906e-06
1.1867e-06
1.1829e-06
1.1791e-06
1.1753e-06
1.1715e-06
1.1677e-06
1.1639e-06
1.1602e-06
1.1564e-06
1.1527e-06
1.149e-06
1.1452e-06
1.1415e-06
1.1378e-06
1.1341e-06
1.1305e-06
1.1268e-06
1.1231e-06
1.1195e-06
1.1158e-06
1.1122e-06
1.1086e-06
1.105e-06
1.1014e-06
1.0978e-06
1.0942e-06
1.0907e-06
1.0871e-06
1.0835e-06
1.08e-06
1.0765e-06
1.073e-06
1.0695e-06
1.066e-06
1.0625e-06
1.059e-06
1.0555e-06
1.0521e-06
1.0486e-06
1.0452e-06
1.0417e-06
1.0383e-06
1.0349e-06
1.0315e-06
1.0281e-06
1.0247e-06
1.0213e-06
1.018e-06
1.0146e-06
1.0113e-06
1.0079e-06
1.0046e-06
1.0013e-06
9.98e-07
9.947e-07
9.9141e-07
9.8813e-07
9.8486e-07
9.816e-07
9.7835e-07
9.7511e-07
9.7187e-07
9.6865e-07
9.6544e-07
9.6223e-07
9.5903e-07
9.5585e-07
9.5267e-07
9.495e-07
9.4634e-07
9.4319e-07
9.4005e-07
9.3691e-07
9.3379e-07
9.3068e-07
9.2757e-07
9.2447e-07
9.2138e-07
9.183e-07
9.1523e-07
9.1217e-07
9.0912e-07
9.0608e-07
9.0304e-07
9.0001e-07
8.97e-07
8.9399e-07
8.9099e-07
8.88e-07
8.8501e-07
8.8204e-07
8.7907e-07
8.7612e-07
8.7317e-07
8.7023e-07
8.673e-07
8.6437e-07
8.6146e-07
8.5855e-07
8.5566e-07
8.5277e-07
8.4989e-07
8.4701e-07
8.4415e-07
8.413e-07
8.3845e-07
8.3561e-07
8.3278e-07
8.2996e-07
8.2714e-07
8.2434e-07
8.2154e-07
8.1875e-07
8.1597e-07
8.132e-07
8.1043e-07
8.0768e-07
8.0493e-07
8.0219e-07
7.9946e-07
7.9673e-07
7.9402e-07
7.9131e-07
7.8861e-07
7.8592e-07
7.8323e-07
7.8056e-07
7.7789e-07
7.7523e-07
7.7258e-07
7.6993e-07
7.6729e-07
7.6467e-07
7.6204e-07
7.5943e-07
7.5683e-07
7.5423e-07
7.5164e-07
7.4906e-07
7.4648e-07
7.4391e-07
7.4136e-07
7.388e-07
7.3626e-07
7.3372e-07
7.312e-07
7.2867e-07
7.2616e-07
7.2366e-07
7.2116e-07
7.1867e-07
7.1618e-07
7.1371e-07
7.1124e-07
7.0878e-07
7.0632e-07
7.0388e-07
7.0144e-07
6.9901e-07
6.9658e-07
6.9416e-07
6.9176e-07
6.8935e-07
6.8696e-07
6.8457e-07
6.8219e-07
6.7982e-07
6.7745e-07
6.7509e-07
6.7274e-07
6.7039e-07
6.6806e-07
6.6573e-07
6.634e-07
6.6109e-07
6.5878e-07
6.5648e-07
6.5418e-07
6.5189e-07
6.4961e-07
6.4734e-07
6.4507e-07
6.4281e-07
6.4056e-07
6.3831e-07
6.3607e-07
6.3384e-07
6.3161e-07
6.2939e-07
6.2718e-07
6.2498e-07
6.2278e-07
6.2058e-07
6.184e-07
6.1622e-07
6.1405e-07
6.1188e-07
6.0973e-07
6.0757e-07
6.0543e-07
6.0329e-07
6.0116e-07
5.9903e-07
5.9692e-07
5.948e-07
5.927e-07
5.906e-07
5.8851e-07
5.8642e-07
5.8434e-07
5.8227e-07
5.802e-07
5.7814e-07
5.7609e-07
5.7404e-07
5.72e-07
5.6997e-07
5.6794e-07
5.6592e-07
5.639e-07
5.6189e-07
5.5989e-07
5.5789e-07
5.559e-07
5.5392e-07
5.5194e-07
5.4997e-07
5.48e-07
5.4604e-07
5.4409e-07
5.4214e-07
5.402e-07
5.3827e-07
5.3634e-07
5.3442e-07
5.325e-07
5.3059e-07
5.2868e-07
5.2678e-07
5.2489e-07
5.2301e-07
5.2113e-07
5.1925e-07
5.1738e-07
5.1552e-07
5.1366e-07
5.1181e-07
5.0997e-07
5.0813e-07
5.0629e-07
5.0447e-07
5.0264e-07
5.0083e-07
4.9902e-07
4.9721e-07
4.9541e-07
4.9362e-07
4.9183e-07
4.9005e-07
4.8828e-07
4.8651e-07
4.8474e-07
4.8298e-07
4.8123e-07
4.7948e-07
4.7774e-07
4.76e-07
4.7427e-07
4.7255e-07
4.7083e-07
4.6911e-07
4.6741e-07
4.657e-07
4.64e-07
4.6231e-07
4.6063e-07
4.5894e-07
4.5727e-07
4.556e-07
4.5393e-07
4.5227e-07
4.5062e-07
4.4897e-07
4.4733e-07
4.4569e-07
4.4405e-07
4.4243e-07
4.408e-07
4.3919e-07
4.3757e-07
4.3597e-07
4.3437e-07
4.3277e-07
4.3118e-07
4.2959e-07
4.2801e-07
4.2644e-07
4.2487e-07
4.233e-07
4.2174e-07
4.2018e-07
4.1863e-07
4.1709e-07
4.1555e-07
4.1401e-07
4.1248e-07
4.1096e-07
4.0944e-07
4.0792e-07
4.0641e-07
4.0491e-07
4.0341e-07
4.0191e-07
4.0042e-07
3.9894e-07
3.9746e-07
3.9598e-07
3.9451e-07
3.9305e-07
3.9159e-07
3.9013e-07
3.8868e-07
3.8723e-07
3.8579e-07
3.8435e-07
3.8292e-07
3.8149e-07
3.8007e-07
3.7865e-07
3.7724e-07
3.7583e-07
3.7443e-07
3.7303e-07
3.7163e-07
3.7024e-07
3.6886e-07
3.6748e-07
3.661e-07
3.6473e-07
3.6336e-07
3.62e-07
3.6064e-07
3.5929e-07
3.5794e-07
3.5659e-07
3.5525e-07
3.5392e-07
3.5259e-07
3.5126e-07
3.4994e-07
3.4862e-07
3.4731e-07
3.46e-07
3.4469e-07
3.4339e-07
3.421e-07
3.4081e-07
3.3952e-07
3.3824e-07
3.3696e-07
3.3568e-07
3.3441e-07
3.3315e-07
3.3189e-07
3.3063e-07
3.2938e-07
3.2813e-07
3.2689e-07
3.2565e-07
3.2441e-07
3.2318e-07
3.2195e-07
3.2073e-07
3.1951e-07
3.1829e-07
3.1708e-07
3.1588e-07
3.1467e-07
3.1347e-07
3.1228e-07
3.1109e-07
3.099e-07
3.0872e-07
3.0754e-07
3.0637e-07
3.052e-07
3.0403e-07
3.0287e-07
3.0171e-07
3.0056e-07
2.9941e-07
2.9826e-07
2.9712e-07
2.9598e-07
2.9484e-07
2.9371e-07
2.9259e-07
2.9146e-07
2.9034e-07
2.8923e-07
2.8812e-07
2.8701e-07
2.8591e-07
2.8481e-07
2.8371e-07
2.8262e-07
2.8153e-07
2.8044e-07
2.7936e-07
2.7828e-07
2.7721e-07
2.7614e-07
2.7507e-07
2.7401e-07
2.7295e-07
2.719e-07
2.7084e-07
2.698e-07
2.6875e-07
2.6771e-07
2.6667e-07
2.6564e-07
2.6461e-07
2.6358e-07
2.6256e-07
2.6154e-07
2.6053e-07
2.5951e-07
2.5851e-07
2.575e-07
2.565e-07
2.555e-07
2.5451e-07
2.5351e-07
2.5253e-07
2.5154e-07
2.5056e-07
2.4958e-07
2.4861e-07
2.4764e-07
2.4667e-07
2.4571e-07
2.4475e-07
2.4379e-07
2.4284e-07
2.4189e-07
2.4094e-07
2.4e-07
2.3906e-07
2.3812e-07
2.3719e-07
2.3626e-07
2.3533e-07
2.3441e-07
2.3348e-07
2.3257e-07
2.3165e-07
2.3074e-07
2.2983e-07
2.2893e-07
2.2803e-07
2.2713e-07
2.2624e-07
2.2534e-07
2.2446e-07
2.2357e-07
2.2269e-07
2.2181e-07
2.2093e-07
2.2006e-07
2.1919e-07
2.1832e-07
2.1746e-07
2.166e-07
2.1574e-07
2.1489e-07
2.1404e-07
2.1319e-07
2.1234e-07
2.115e-07
2.1066e-07
2.0983e-07
2.0899e-07
2.0816e-07
2.0734e-07
2.0651e-07
2.0569e-07
2.0487e-07
2.0406e-07
2.0324e-07
2.0243e-07
2.0163e-07
2.0082e-07
2.0002e-07
1.9923e-07
1.9843e-07
1.9764e-07
1.9685e-07
1.9606e-07
1.9528e-07
1.945e-07
1.9372e-07
1.9294e-07
1.9217e-07
1.914e-07
1.9064e-07
1.8987e-07
1.8911e-07
1.8835e-07
1.876e-07
1.8684e-07
1.8609e-07
1.8534e-07
1.846e-07
1.8386e-07
1.8312e-07
1.8238e-07
1.8165e-07
1.8092e-07
1.8019e-07
1.7946e-07
1.7874e-07
1.7802e-07
1.773e-07
1.7658e-07
1.7587e-07
1.7516e-07
1.7445e-07
1.7375e-07
1.7304e-07
1.7234e-07
1.7165e-07
1.7095e-07
1.7026e-07
1.6957e-07
1.6888e-07
1.682e-07
1.6751e-07
1.6683e-07
1.6616e-07
1.6548e-07
1.6481e-07
1.6414e-07
1.6347e-07
1.6281e-07
1.6215e-07
1.6149e-07
1.6083e-07
1.6017e-07
1.5952e-07
1.5887e-07
1.5822e-07
1.5758e-07
1.5693e-07
1.5629e-07
1.5565e-07
1.5502e-07
1.5439e-07
1.5375e-07
1.5312e-07
1.525e-07
1.5187e-07
1.5125e-07
1.5063e-07
1.5002e-07
1.494e-07
1.4879e-07
1.4818e-07
1.4757e-07
1.4696e-07
1.4636e-07
1.4576e-07
1.4516e-07
1.4456e-07
1.4397e-07
1.4337e-07
1.4278e-07
1.422e-07
1.4161e-07
1.4103e-07
1.4044e-07
1.3987e-07
1.3929e-07
1.3871e-07
1.3814e-07
1.3757e-07
1.37e-07
1.3644e-07
1.3587e-07
1.3531e-07
1.3475e-07
1.3419e-07
1.3363e-07
1.3308e-07
1.3253e-07
1.3198e-07
1.3143e-07
1.3089e-07
1.3034e-07
1.298e-07
1.2926e-07
1.2873e-07
1.2819e-07
1.2766e-07
1.2713e-07
1.266e-07
1.2607e-07
1.2555e-07
1.2502e-07
1.245e-07
1.2398e-07
1.2346e-07
1.2295e-07
1.2244e-07
1.2192e-07
1.2142e-07
1.2091e-07
1.204e-07
1.199e-07
1.194e-07
1.189e-07
1.184e-07
1.179e-07
1.1741e-07
1.1692e-07
1.1643e-07
1.1594e-07
1.1545e-07
1.1497e-07
1.1449e-07
1.14e-07
1.1353e-07
1.1305e-07
1.1257e-07
1.121e-07
1.1163e-07
1.1116e-07
1.1069e-07
1.1022e-07
1.0976e-07
1.093e-07
1.0883e-07
1.0837e-07
1.0792e-07
1.0746e-07
1.0701e-07
1.0656e-07
1.061e-07
1.0566e-07
1.0521e-07
1.0476e-07
1.0432e-07
1.0388e-07
1.0344e-07
1.03e-07
1.0256e-07
1.0213e-07
1.017e-07
1.0126e-07
1.0083e-07
1.0041e-07
9.9978e-08
9.9554e-08
9.913e-08
9.8708e-08
9.8288e-08
9.787e-08
9.7453e-08
9.7038e-08
9.6625e-08
9.6213e-08
9.5802e-08
9.5394e-08
9.4986e-08
9.4581e-08
9.4177e-08
9.3775e-08
9.3374e-08
9.2975e-08
9.2577e-08
9.2181e-08
9.1786e-08
9.1393e-08
9.1002e-08
9.0612e-08
9.0223e-08
8.9836e-08
8.9451e-08
8.9067e-08
8.8685e-08
8.8304e-08
8.7925e-08
8.7547e-08
8.717e-08
8.6796e-08
8.6422e-08
8.605e-08
8.568e-08
8.5311e-08
8.4943e-08
8.4577e-08
8.4212e-08
8.3849e-08
8.3487e-08
8.3127e-08
8.2768e-08
8.2411e-08
8.2055e-08
8.17e-08
8.1347e-08
8.0995e-08
8.0644e-08
8.0295e-08
7.9948e-08
7.9601e-08
7.9256e-08
7.8913e-08
7.8571e-08
7.823e-08
7.789e-08
7.7552e-08
7.7215e-08
7.688e-08
7.6546e-08
7.6213e-08
7.5882e-08
7.5552e-08
7.5223e-08
7.4895e-08
7.4569e-08
7.4244e-08
7.3921e-08
7.3598e-08
7.3278e-08
7.2958e-08
7.2639e-08
7.2322e-08
7.2006e-08
7.1692e-08
7.1378e-08
7.1066e-08
7.0756e-08
7.0446e-08
7.0138e-08
6.9831e-08
6.9525e-08
6.922e-08
6.8917e-08
6.8615e-08
6.8314e-08
6.8014e-08
6.7715e-08
6.7418e-08
6.7122e-08
6.6827e-08
6.6533e-08
6.6241e-08
6.5949e-08
6.5659e-08
6.537e-08
6.5082e-08
6.4796e-08
6.451e-08
6.4226e-08
6.3943e-08
6.3661e-08
6.338e-08
6.31e-08
6.2821e-08
6.2544e-08
6.2267e-08
6.1992e-08
6.1718e-08
6.1445e-08
6.1173e-08
6.0902e-08
6.0633e-08
6.0364e-08
6.0097e-08
5.983e-08
5.9565e-08
5.9301e-08
5.9038e-08
5.8775e-08
5.8514e-08
5.8255e-08
5.7996e-08
5.7738e-08
5.7481e-08
5.7225e-08
5.6971e-08
5.6717e-08
5.6465e-08
5.6213e-08
5.5963e-08
5.5713e-08
5.5465e-08
5.5217e-08
5.4971e-08
5.4726e-08
5.4481e-08
5.4238e-08
5.3995e-08
5.3754e-08
5.3514e-08
5.3274e-08
5.3036e-08
5.2799e-08
5.2562e-08
5.2327e-08
5.2092e-08
5.1859e-08
5.1626e-08
5.1395e-08
5.1164e-08
5.0934e-08
5.0706e-08
5.0478e-08
5.0251e-08
5.0025e-08
4.98e-08
4.9576e-08
4.9353e-08
4.9131e-08
4.891e-08
4.8689e-08
4.847e-08
4.8252e-08
4.8034e-08
4.7817e-08
4.7602e-08
4.7387e-08
4.7173e-08
4.696e-08
4.6748e-08
4.6536e-08
4.6326e-08
4.6116e-08
4.5908e-08
4.57e-08
4.5493e-08
4.5287e-08
4.5082e-08
4.4877e-08
4.4674e-08
4.4471e-08
4.427e-08
4.4069e-08
4.3869e-08
4.3669e-08
4.3471e-08
4.3273e-08
4.3077e-08
4.2881e-08
4.2686e-08
4.2491e-08
4.2298e-08
4.2105e-08
4.1914e-08
4.1723e-08
4.1532e-08
4.1343e-08
4.1154e-08
4.0967e-08
4.078e-08
4.0593e-08
4.0408e-08
4.0223e-08
4.0039e-08
3.9856e-08
3.9674e-08
3.9492e-08
3.9312e-08
3.9132e-08
3.8952e-08
3.8774e-08
3.8596e-08
3.8419e-08
3.8243e-08
3.8068e-08
3.7893e-08
3.7719e-08
3.7546e-08
3.7373e-08
3.7201e-08
3.703e-08
3.686e-08
3.669e-08
3.6522e-08
3.6353e-08
3.6186e-08
3.6019e-08
3.5853e-08
3.5688e-08
3.5523e-08
3.536e-08
3.5196e-08
3.5034e-08
3.4872e-08
3.4711e-08
3.4551e-08
3.4391e-08
3.4232e-08
3.4074e-08
3.3916e-08
3.3759e-08
3.3603e-08
3.3447e-08
3.3292e-08
3.3138e-08
3.2984e-08
3.2831e-08
3.2679e-08
3.2527e-08
3.2376e-08
3.2226e-08
3.2076e-08
3.1927e-08
3.1778e-08
3.1631e-08
3.1484e-08
3.1337e-08
3.1191e-08
3.1046e-08
3.0901e-08
3.0757e-08
3.0614e-08
3.0471e-08
3.0329e-08
3.0188e-08
3.0047e-08
2.9906e-08
2.9767e-08
2.9628e-08
2.9489e-08
2.9351e-08
2.9214e-08
2.9077e-08
2.8941e-08
2.8806e-08
2.8671e-08
2.8537e-08
2.8403e-08
2.827e-08
2.8137e-08
2.8005e-08
2.7874e-08
2.7743e-08
2.7613e-08
2.7483e-08
2.7354e-08
2.7225e-08
2.7097e-08
2.697e-08
2.6843e-08
2.6717e-08
2.6591e-08
2.6465e-08
2.6341e-08
2.6217e-08
2.6093e-08
2.597e-08
2.5848e-08
2.5726e-08
2.5604e-08
2.5483e-08
2.5363e-08
2.5243e-08
2.5124e-08
2.5005e-08
2.4887e-08
2.4769e-08
2.4652e-08
2.4535e-08
2.4419e-08
2.4303e-08
2.4188e-08
2.4073e-08
2.3959e-08
2.3845e-08
2.3732e-08
2.362e-08
2.3507e-08
2.3396e-08
2.3285e-08
2.3174e-08
2.3064e-08
2.2954e-08
2.2845e-08
2.2736e-08
2.2628e-08
2.252e-08
2.2413e-08
2.2306e-08
2.22e-08
2.2094e-08
2.1988e-08
2.1884e-08
2.1779e-08
2.1675e-08
2.1572e-08
2.1469e-08
2.1366e-08
2.1264e-08
2.1162e-08
2.1061e-08
2.096e-08
2.086e-08
2.076e-08
2.066e-08
2.0561e-08
2.0463e-08
2.0365e-08
2.0267e-08
2.017e-08
2.0073e-08
1.9977e-08
1.9881e-08
1.9785e-08
1.969e-08
1.9595e-08
1.9501e-08
1.9407e-08
1.9314e-08
1.9221e-08
1.9128e-08
1.9036e-08
1.8945e-08
1.8853e-08
1.8762e-08
1.8672e-08
1.8582e-08
1.8492e-08
1.8403e-08
1.8314e-08
1.8225e-08
1.8137e-08
1.805e-08
1.7962e-08
1.7876e-08
1.7789e-08
1.7703e-08
1.7617e-08
1.7532e-08
1.7447e-08
1.7362e-08
1.7278e-08
1.7194e-08
1.7111e-08
1.7028e-08
1.6945e-08
1.6863e-08
1.6781e-08
1.67e-08
1.6618e-08
1.6538e-08
1.6457e-08
1.6377e-08
1.6297e-08
1.6218e-08
1.6139e-08
1.6061e-08
1.5982e-08
1.5904e-08
1.5827e-08
1.575e-08
1.5673e-08
1.5596e-08
1.552e-08
1.5444e-08
1.5369e-08
1.5294e-08
1.5219e-08
1.5145e-08
1.5071e-08
1.4997e-08
1.4923e-08
1.485e-08
1.4778e-08
1.4705e-08
1.4633e-08
1.4561e-08
1.449e-08
1.4419e-08
1.4348e-08
1.4278e-08
1.4208e-08
1.4138e-08
1.4068e-08
1.3999e-08
1.393e-08
1.3862e-08
1.3794e-08
1.3726e-08
1.3658e-08
1.3591e-08
1.3524e-08
1.3458e-08
1.3391e-08
1.3325e-08
1.3259e-08
1.3194e-08
1.3129e-08
1.3064e-08
1.3e-08
1.2935e-08
1.2871e-08
1.2808e-08
1.2745e-08
1.2681e-08
1.2619e-08
1.2556e-08
1.2494e-08
1.2432e-08
1.2371e-08
1.2309e-08
1.2248e-08
1.2188e-08
1.2127e-08
1.2067e-08
1.2007e-08
1.1948e-08
1.1888e-08
1.1829e-08
1.177e-08
1.1712e-08
1.1654e-08
1.1596e-08
1.1538e-08
1.1481e-08
1.1423e-08
1.1367e-08
1.131e-08
1.1254e-08
1.1197e-08
1.1142e-08
1.1086e-08
1.1031e-08
1.0976e-08
1.0921e-08
1.0866e-08
1.0812e-08
1.0758e-08
1.0704e-08
1.0651e-08
1.0597e-08
1.0544e-08
1.0492e-08
1.0439e-08
1.0387e-08
1.0335e-08
1.0283e-08
1.0232e-08
1.018e-08
1.0129e-08
1.0078e-08
1.0028e-08
9.9774e-09
9.9273e-09
9.8775e-09
9.8278e-09
9.7784e-09
9.7293e-09
9.6803e-09
9.6316e-09
9.5831e-09
9.5349e-09
9.4869e-09
9.4391e-09
9.3915e-09
9.3442e-09
9.2971e-09
9.2502e-09
9.2035e-09
9.1571e-09
9.1109e-09
9.0649e-09
9.0191e-09
8.9735e-09
8.9281e-09
8.883e-09
8.8381e-09
8.7934e-09
8.7489e-09
8.7046e-09
8.6605e-09
8.6166e-09
8.573e-09
8.5295e-09
8.4863e-09
8.4432e-09
8.4004e-09
8.3578e-09
8.3154e-09
8.2731e-09
8.2311e-09
8.1893e-09
8.1477e-09
8.1063e-09
8.065e-09
8.024e-09
7.9832e-09
7.9425e-09
7.9021e-09
7.8619e-09
7.8218e-09
7.782e-09
7.7423e-09
7.7028e-09
7.6635e-09
7.6244e-09
7.5855e-09
7.5468e-09
7.5082e-09
7.4699e-09
7.4317e-09
7.3937e-09
7.3559e-09
7.3183e-09
7.2808e-09
7.2436e-09
7.2065e-09
7.1696e-09
7.1329e-09
7.0963e-09
7.06e-09
7.0238e-09
6.9877e-09
6.9519e-09
6.9162e-09
6.8807e-09
6.8454e-09
6.8102e-09
6.7752e-09
6.7404e-09
6.7058e-09
6.6713e-09
6.637e-09
6.6028e-09
6.5688e-09
6.535e-09
6.5014e-09
6.4679e-09
6.4345e-09
6.4014e-09
6.3684e-09
6.3355e-09
6.3028e-09
6.2703e-09
6.2379e-09
6.2057e-09
6.1737e-09
6.1418e-09
6.11e-09
6.0784e-09
6.047e-09
6.0157e-09
5.9846e-09
5.9536e-09
5.9228e-09
5.8921e-09
5.8616e-09
5.8312e-09
5.801e-09
5.7709e-09
5.741e-09
5.7112e-09
5.6815e-09
5.652e-09
5.6227e-09
5.5935e-09
5.5644e-09
5.5355e-09
5.5067e-09
5.4781e-09
5.4496e-09
5.4212e-09
5.393e-09
5.3649e-09
5.337e-09
5.3092e-09
5.2815e-09
5.254e-09
5.2266e-09
5.1993e-09
5.1722e-09
5.1452e-09
5.1183e-09
5.0916e-09
5.065e-09
5.0386e-09
5.0122e-09
4.986e-09
4.9599e-09
4.934e-09
4.9082e-09
4.8825e-09
4.8569e-09
4.8315e-09
4.8062e-09
4.781e-09
4.7559e-09
4.731e-09
4.7062e-09
4.6815e-09
4.6569e-09
4.6325e-09
4.6082e-09
4.584e-09
4.5599e-09
4.5359e-09
4.5121e-09
4.4884e-09
4.4648e-09
4.4413e-09
4.4179e-09
4.3946e-09
4.3715e-09
4.3485e-09
4.3256e-09
4.3028e-09
4.2801e-09
4.2575e-09
4.2351e-09
4.2127e-09
4.1905e-09
4.1684e-09
4.1464e-09
4.1245e-09
4.1027e-09
4.081e-09
4.0594e-09
4.0379e-09
4.0166e-09
3.9953e-09
3.9742e-09
3.9532e-09
3.9322e-09
3.9114e-09
3.8907e-09
3.8701e-09
3.8496e-09
3.8291e-09
3.8088e-09
3.7886e-09
3.7685e-09
3.7485e-09
3.7286e-09
3.7088e-09
3.6891e-09
3.6695e-09
3.65e-09
3.6306e-09
3.6113e-09
3.5921e-09
3.573e-09
3.554e-09
3.535e-09
3.5162e-09
3.4975e-09
3.4788e-09
3.4603e-09
3.4419e-09
3.4235e-09
3.4052e-09
3.3871e-09
3.369e-09
3.351e-09
3.3331e-09
3.3153e-09
3.2976e-09
3.28e-09
3.2625e-09
3.245e-09
3.2277e-09
3.2104e-09
3.1932e-09
3.1762e-09
3.1591e-09
3.1422e-09
3.1254e-09
3.1087e-09
3.092e-09
3.0754e-09
3.0589e-09
3.0425e-09
3.0262e-09
3.01e-09
2.9938e-09
2.9778e-09
2.9618e-09
2.9459e-09
2.9301e-09
2.9143e-09
2.8987e-09
2.8831e-09
2.8676e-09
2.8522e-09
2.8368e-09
2.8215e-09
2.8064e-09
2.7913e-09
2.7762e-09
2.7613e-09
2.7464e-09
2.7316e-09
2.7169e-09
2.7022e-09
2.6877e-09
2.6732e-09
2.6588e-09
2.6444e-09
2.6302e-09
2.616e-09
2.6018e-09
2.5878e-09
2.5738e-09
2.5599e-09
2.5461e-09
2.5323e-09
2.5186e-09
2.505e-09
2.4915e-09
2.478e-09
2.4646e-09
2.4513e-09
2.438e-09
2.4248e-09
2.4117e-09
2.3986e-09
2.3856e-09
2.3727e-09
2.3598e-09
2.3471e-09
2.3343e-09
2.3217e-09
2.3091e-09
2.2966e-09
2.2841e-09
2.2717e-09
2.2594e-09
2.2471e-09
2.2349e-09
2.2228e-09
2.2107e-09
2.1987e-09
2.1868e-09
2.1749e-09
2.1631e-09
2.1513e-09
2.1397e-09
2.128e-09
2.1165e-09
2.105e-09
2.0935e-09
2.0821e-09
2.0708e-09
2.0595e-09
2.0483e-09
2.0372e-09
2.0261e-09
2.0151e-09
2.0041e-09
1.9932e-09
1.9823e-09
1.9716e-09
1.9608e-09
1.9501e-09
1.9395e-09
1.929e-09
1.9184e-09
1.908e-09
1.8976e-09
1.8873e-09
1.877e-09
1.8668e-09
1.8566e-09
1.8465e-09
1.8364e-09
1.8264e-09
1.8164e-09
1.8065e-09
1.7967e-09
1.7869e-09
1.7772e-09
1.7675e-09
1.7578e-09
1.7482e-09
1.7387e-09
1.7292e-09
1.7198e-09
1.7104e-09
1.7011e-09
1.6918e-09
1.6826e-09
1.6734e-09
1.6643e-09
1.6552e-09
1.6462e-09
1.6373e-09
1.6283e-09
1.6195e-09
1.6106e-09
1.6019e-09
1.5931e-09
1.5844e-09
1.5758e-09
1.5672e-09
1.5587e-09
1.5502e-09
1.5418e-09
1.5334e-09
1.525e-09
1.5167e-09
1.5085e-09
1.5003e-09
1.4921e-09
1.484e-09
1.4759e-09
1.4679e-09
1.4599e-09
1.452e-09
1.4441e-09
1.4363e-09
1.4285e-09
1.4207e-09
1.413e-09
1.4053e-09
1.3977e-09
1.3901e-09
1.3826e-09
1.3751e-09
1.3676e-09
1.3602e-09
1.3529e-09
1.3455e-09
1.3383e-09
1.331e-09
1.3238e-09
1.3167e-09
1.3096e-09
1.3025e-09
1.2955e-09
1.2885e-09
1.2815e-09
1.2746e-09
1.2678e-09
1.2609e-09
1.2542e-09
1.2474e-09
1.2407e-09
1.234e-09
1.2274e-09
1.2208e-09
1.2143e-09
1.2078e-09
1.2013e-09
1.1949e-09
1.1885e-09
1.1822e-09
1.1758e-09
1.1696e-09
1.1633e-09
1.1571e-09
1.151e-09
1.1449e-09
1.1388e-09
1.1327e-09
1.1267e-09
1.1208e-09
1.1148e-09
1.1089e-09
1.1031e-09
1.0972e-09
1.0915e-09
1.0857e-09
1.08e-09
1.0743e-09
1.0687e-09
1.0631e-09
1.0575e-09
1.052e-09
1.0465e-09
1.041e-09
1.0356e-09
1.0302e-09
1.0249e-09
1.0196e-09
1.0143e-09
1.009e-09
1.0038e-09
9.9863e-10
9.9349e-10
9.8838e-10
9.8331e-10
9.7827e-10
9.7327e-10
9.683e-10
9.6336e-10
9.5846e-10
9.5359e-10
9.4876e-10
9.4396e-10
9.3919e-10
9.3446e-10
9.2976e-10
9.251e-10
9.2047e-10
9.1587e-10
9.1131e-10
9.0678e-10
9.0228e-10
8.9781e-10
8.9338e-10
8.8899e-10
8.8462e-10
8.8029e-10
8.7599e-10
8.7172e-10
8.6749e-10
8.6329e-10
8.5912e-10
8.5498e-10
8.5088e-10
8.4681e-10
8.4277e-10
8.3876e-10
8.3479e-10
8.3085e-10
8.2694e-10
8.2306e-10
8.1922e-10
8.1541e-10
8.1163e-10
8.0788e-10
8.0416e-10
8.0048e-10
7.9683e-10
7.9321e-10
7.8962e-10
7.8607e-10
7.8254e-10
7.7905e-10
7.7559e-10
7.7216e-10
7.6877e-10
7.654e-10
7.6207e-10
7.5877e-10
7.5551e-10
7.5227e-10
7.4907e-10
7.4589e-10
7.4275e-10
7.3964e-10
7.3657e-10
7.3352e-10
7.3051e-10
7.2753e-10
7.2458e-10
7.2167e-10
7.1878e-10
7.1593e-10
7.1311e-10
7.1032e-10
7.0757e-10
7.0485e-10
7.0216e-10
6.995e-10
