1.4133e-12
1.4042e-12
1.3953e-12
1.3864e-12
1.3777e-12
1.3691e-12
1.3607e-12
1.3523e-12
1.3441e-12
1.336e-12
1.328e-12
1.3201e-12
1.3124e-12
1.3047e-12
1.2972e-12
1.2898e-12
1.2825e-12
1.2754e-12
1.2683e-12
1.2614e-12
1.2546e-12
1.2479e-12
1.2413e-12
1.2349e-12
1.2285e-12
1.2223e-12
1.2162e-12
1.2102e-12
1.2043e-12
1.1986e-12
1.1929e-12
1.1874e-12
1.182e-12
1.1767e-12
1.1715e-12
1.1664e-12
1.1615e-12
1.1566e-12
1.1519e-12
1.1473e-12
1.1428e-12
1.1384e-12
1.1342e-12
1.13e-12
1.126e-12
1.1221e-12
1.1183e-12
1.1146e-12
1.111e-12
1.1076e-12
1.1042e-12
1.101e-12
1.0979e-12
1.0949e-12
1.0921e-12
1.0893e-12
1.0867e-12
1.0841e-12
1.0817e-12
1.0795e-12
1.0773e-12
1.0753e-12
1.0733e-12
1.0715e-12
1.0698e-12
1.0683e-12
1.0668e-12
1.0655e-12
1.0643e-12
1.0632e-12
1.0623e-12
1.0614e-12
1.0607e-12
1.0601e-12
1.0596e-12
1.0593e-12
1.0591e-12
1.059e-12
1.059e-12
1.0591e-12
1.0594e-12
1.0598e-12
1.0604e-12
1.061e-12
1.0618e-12
1.0627e-12
1.0638e-12
1.065e-12
1.0663e-12
1.0677e-12
1.0693e-12
1.071e-12
1.0728e-12
1.0748e-12
1.0769e-12
1.0792e-12
1.0816e-12
1.0841e-12
1.0868e-12
1.0896e-12
1.0925e-12
1.0956e-12
1.0988e-12
1.1022e-12
1.1057e-12
1.1094e-12
1.1132e-12
1.1171e-12
1.1212e-12
1.1255e-12
1.1299e-12
1.1344e-12
1.1391e-12
1.144e-12
1.149e-12
1.1542e-12
1.1595e-12
1.165e-12
1.1706e-12
1.1764e-12
1.1824e-12
1.1885e-12
1.1948e-12
1.2013e-12
1.2079e-12
1.2147e-12
1.2216e-12
1.2288e-12
1.2361e-12
1.2435e-12
1.2512e-12
1.259e-12
1.267e-12
1.2752e-12
1.2836e-12
1.2921e-12
1.3009e-12
1.3098e-12
1.3189e-12
1.3282e-12
1.3377e-12
1.3474e-12
1.3572e-12
1.3673e-12
1.3776e-12
1.3881e-12
1.3987e-12
1.4096e-12
1.4207e-12
1.432e-12
1.4435e-12
1.4552e-12
1.4671e-12
1.4793e-12
1.4916e-12
1.5042e-12
1.517e-12
1.53e-12
1.5433e-12
1.5568e-12
1.5705e-12
1.5844e-12
1.5986e-12
1.613e-12
1.6277e-12
1.6426e-12
1.6577e-12
1.6731e-12
1.6887e-12
1.7046e-12
1.7208e-12
1.7372e-12
1.7539e-12
1.7708e-12
1.788e-12
1.8055e-12
1.8232e-12
1.8412e-12
1.8595e-12
1.8781e-12
1.8969e-12
1.9161e-12
1.9355e-12
1.9552e-12
1.9753e-12
1.9956e-12
2.0162e-12
2.0371e-12
2.0583e-12
2.0799e-12
2.1017e-12
2.1239e-12
2.1464e-12
2.1692e-12
2.1924e-12
2.2159e-12
2.2397e-12
2.2638e-12
2.2884e-12
2.3132e-12
2.3384e-12
2.364e-12
2.3899e-12
2.4161e-12
2.4428e-12
2.4698e-12
2.4972e-12
2.525e-12
2.5531e-12
2.5816e-12
2.6106e-12
2.6399e-12
2.6696e-12
2.6997e-12
2.7303e-12
2.7612e-12
2.7926e-12
2.8244e-12
2.8566e-12
2.8893e-12
2.9224e-12
2.9559e-12
2.9899e-12
3.0243e-12
3.0592e-12
3.0946e-12
3.1304e-12
3.1667e-12
3.2034e-12
3.2407e-12
3.2785e-12
3.3167e-12
3.3554e-12
3.3947e-12
3.4344e-12
3.4747e-12
3.5155e-12
3.5568e-12
3.5987e-12
3.6411e-12
3.6841e-12
3.7276e-12
3.7716e-12
3.8163e-12
3.8615e-12
3.9073e-12
3.9536e-12
4.0006e-12
4.0482e-12
4.0964e-12
4.1451e-12
4.1945e-12
4.2446e-12
4.2952e-12
4.3465e-12
4.3985e-12
4.4511e-12
4.5044e-12
4.5583e-12
4.613e-12
4.6683e-12
4.7243e-12
4.781e-12
4.8384e-12
4.8966e-12
4.9554e-12
5.015e-12
5.0754e-12
5.1365e-12
5.1983e-12
5.2609e-12
5.3243e-12
5.3885e-12
5.4535e-12
5.5193e-12
5.5859e-12
5.6534e-12
5.7216e-12
5.7907e-12
5.8607e-12
5.9315e-12
6.0032e-12
6.0758e-12
6.1492e-12
6.2236e-12
6.2989e-12
6.3751e-12
6.4522e-12
6.5303e-12
6.6093e-12
6.6893e-12
6.7703e-12
6.8522e-12
6.9352e-12
7.0191e-12
7.1041e-12
7.1902e-12
7.2772e-12
7.3653e-12
7.4545e-12
7.5448e-12
7.6362e-12
7.7287e-12
7.8222e-12
7.917e-12
8.0128e-12
8.1099e-12
8.208e-12
8.3074e-12
8.408e-12
8.5098e-12
8.6128e-12
8.717e-12
8.8225e-12
8.9293e-12
9.0373e-12
9.1467e-12
9.2573e-12
9.3693e-12
9.4826e-12
9.5973e-12
9.7133e-12
9.8308e-12
9.9496e-12
1.007e-11
1.0192e-11
1.0315e-11
1.0439e-11
1.0565e-11
1.0693e-11
1.0822e-11
1.0953e-11
1.1085e-11
1.1219e-11
1.1354e-11
1.1491e-11
1.1629e-11
1.177e-11
1.1911e-11
1.2055e-11
1.22e-11
1.2347e-11
1.2496e-11
1.2646e-11
1.2798e-11
1.2952e-11
1.3108e-11
1.3266e-11
1.3425e-11
1.3587e-11
1.375e-11
1.3915e-11
1.4082e-11
1.4251e-11
1.4422e-11
1.4596e-11
1.4771e-11
1.4948e-11
1.5127e-11
1.5308e-11
1.5492e-11
1.5677e-11
1.5865e-11
1.6055e-11
1.6247e-11
1.6442e-11
1.6638e-11
1.6837e-11
1.7039e-11
1.7242e-11
1.7448e-11
1.7657e-11
1.7868e-11
1.8081e-11
1.8297e-11
1.8515e-11
1.8736e-11
1.8959e-11
1.9185e-11
1.9413e-11
1.9644e-11
1.9878e-11
2.0115e-11
2.0354e-11
2.0596e-11
2.0841e-11
2.1089e-11
2.1339e-11
2.1593e-11
2.1849e-11
2.2108e-11
2.2371e-11
2.2636e-11
2.2904e-11
2.3176e-11
2.345e-11
2.3728e-11
2.4009e-11
2.4293e-11
2.4581e-11
2.4871e-11
2.5165e-11
2.5463e-11
2.5763e-11
2.6068e-11
2.6375e-11
2.6687e-11
2.7001e-11
2.732e-11
2.7642e-11
2.7967e-11
2.8297e-11
2.863e-11
2.8967e-11
2.9308e-11
2.9653e-11
3.0001e-11
3.0354e-11
3.071e-11
3.1071e-11
3.1436e-11
3.1804e-11
3.2178e-11
3.2555e-11
3.2936e-11
3.3322e-11
3.3713e-11
3.4107e-11
3.4506e-11
3.491e-11
3.5318e-11
3.5731e-11
3.6149e-11
3.6571e-11
3.6998e-11
3.743e-11
3.7866e-11
3.8308e-11
3.8754e-11
3.9206e-11
3.9663e-11
4.0125e-11
4.0592e-11
4.1064e-11
4.1541e-11
4.2024e-11
4.2513e-11
4.3006e-11
4.3506e-11
4.4011e-11
4.4521e-11
4.5038e-11
4.556e-11
4.6088e-11
4.6622e-11
4.7162e-11
4.7707e-11
4.8259e-11
4.8818e-11
4.9382e-11
4.9953e-11
5.053e-11
5.1113e-11
5.1703e-11
5.2299e-11
5.2903e-11
5.3512e-11
5.4129e-11
5.4753e-11
5.5383e-11
5.602e-11
5.6665e-11
5.7317e-11
5.7975e-11
5.8642e-11
5.9315e-11
5.9996e-11
6.0685e-11
6.1381e-11
6.2085e-11
6.2796e-11
6.3516e-11
6.4243e-11
6.4979e-11
6.5722e-11
6.6474e-11
6.7234e-11
6.8003e-11
6.878e-11
6.9565e-11
7.0359e-11
7.1162e-11
7.1974e-11
7.2794e-11
7.3624e-11
7.4463e-11
7.531e-11
7.6168e-11
7.7034e-11
7.791e-11
7.8796e-11
7.9691e-11
8.0597e-11
8.1512e-11
8.2437e-11
8.3372e-11
8.4317e-11
8.5273e-11
8.6239e-11
8.7216e-11
8.8203e-11
8.9201e-11
9.021e-11
9.123e-11
9.2261e-11
9.3304e-11
9.4357e-11
9.5422e-11
9.6499e-11
9.7587e-11
9.8688e-11
9.98e-11
1.0092e-10
1.0206e-10
1.0321e-10
1.0437e-10
1.0554e-10
1.0673e-10
1.0793e-10
1.0914e-10
1.1037e-10
1.116e-10
1.1286e-10
1.1412e-10
1.154e-10
1.1669e-10
1.18e-10
1.1932e-10
1.2066e-10
1.22e-10
1.2337e-10
1.2475e-10
1.2614e-10
1.2755e-10
1.2897e-10
1.3041e-10
1.3186e-10
1.3333e-10
1.3482e-10
1.3632e-10
1.3784e-10
1.3937e-10
1.4092e-10
1.4249e-10
1.4407e-10
1.4567e-10
1.4729e-10
1.4892e-10
1.5058e-10
1.5224e-10
1.5393e-10
1.5564e-10
1.5736e-10
1.591e-10
1.6086e-10
1.6264e-10
1.6444e-10
1.6626e-10
1.6809e-10
1.6995e-10
1.7182e-10
1.7372e-10
1.7563e-10
1.7757e-10
1.7953e-10
1.815e-10
1.835e-10
1.8552e-10
1.8756e-10
1.8962e-10
1.9171e-10
1.9381e-10
1.9594e-10
1.9809e-10
2.0026e-10
2.0246e-10
2.0468e-10
2.0692e-10
2.0918e-10
2.1147e-10
2.1379e-10
2.1612e-10
2.1849e-10
2.2087e-10
2.2328e-10
2.2572e-10
2.2818e-10
2.3067e-10
2.3319e-10
2.3573e-10
2.383e-10
2.4089e-10
2.4351e-10
2.4616e-10
2.4884e-10
2.5154e-10
2.5427e-10
2.5704e-10
2.5983e-10
2.6264e-10
2.6549e-10
2.6837e-10
2.7128e-10
2.7422e-10
2.7718e-10
2.8018e-10
2.8321e-10
2.8628e-10
2.8937e-10
2.925e-10
2.9565e-10
2.9884e-10
3.0207e-10
3.0532e-10
3.0861e-10
3.1194e-10
3.153e-10
3.1869e-10
3.2212e-10
3.2558e-10
3.2908e-10
3.3262e-10
3.3619e-10
3.398e-10
3.4345e-10
3.4713e-10
3.5085e-10
3.5461e-10
3.5841e-10
3.6224e-10
3.6612e-10
3.7004e-10
3.7399e-10
3.7799e-10
3.8203e-10
3.8611e-10
3.9023e-10
3.9439e-10
3.986e-10
4.0284e-10
4.0713e-10
4.1147e-10
4.1585e-10
4.2027e-10
4.2474e-10
4.2926e-10
4.3382e-10
4.3843e-10
4.4308e-10
4.4778e-10
4.5253e-10
4.5733e-10
4.6217e-10
4.6707e-10
4.7201e-10
4.7701e-10
4.8205e-10
4.8715e-10
4.9229e-10
4.9749e-10
5.0275e-10
5.0805e-10
5.1341e-10
5.1882e-10
5.2429e-10
5.2981e-10
5.3539e-10
5.4103e-10
5.4672e-10
5.5247e-10
5.5827e-10
5.6414e-10
5.7006e-10
5.7604e-10
5.8209e-10
5.8819e-10
5.9436e-10
6.0058e-10
6.0687e-10
6.1322e-10
6.1964e-10
6.2612e-10
6.3266e-10
6.3927e-10
6.4595e-10
6.5269e-10
6.595e-10
6.6638e-10
6.7332e-10
6.8034e-10
6.8742e-10
6.9458e-10
7.0181e-10
7.0911e-10
7.1648e-10
7.2392e-10
7.3144e-10
7.3903e-10
7.467e-10
7.5444e-10
7.6226e-10
7.7016e-10
7.7814e-10
7.8619e-10
7.9433e-10
8.0254e-10
8.1084e-10
8.1922e-10
8.2768e-10
8.3623e-10
8.4485e-10
8.5357e-10
8.6237e-10
8.7125e-10
8.8023e-10
8.8929e-10
8.9844e-10
9.0768e-10
9.1701e-10
9.2643e-10
9.3595e-10
9.4556e-10
9.5526e-10
9.6506e-10
9.7495e-10
9.8494e-10
9.9503e-10
1.0052e-09
1.0155e-09
1.0259e-09
1.0364e-09
1.047e-09
1.0577e-09
1.0685e-09
1.0794e-09
1.0904e-09
1.1015e-09
1.1127e-09
1.124e-09
1.1355e-09
1.147e-09
1.1587e-09
1.1705e-09
1.1824e-09
1.1944e-09
1.2065e-09
1.2187e-09
1.2311e-09
1.2436e-09
1.2562e-09
1.2689e-09
1.2818e-09
1.2947e-09
1.3078e-09
1.321e-09
1.3344e-09
1.3479e-09
1.3615e-09
1.3752e-09
1.3891e-09
1.4031e-09
1.4172e-09
1.4315e-09
1.4459e-09
1.4604e-09
1.4751e-09
1.4899e-09
1.5049e-09
1.52e-09
1.5353e-09
1.5507e-09
1.5662e-09
1.5819e-09
1.5978e-09
1.6138e-09
1.6299e-09
1.6462e-09
1.6627e-09
1.6793e-09
1.6961e-09
1.713e-09
1.7301e-09
1.7474e-09
1.7648e-09
1.7824e-09
1.8001e-09
1.818e-09
1.8361e-09
1.8544e-09
1.8728e-09
1.8914e-09
1.9102e-09
1.9292e-09
1.9483e-09
1.9676e-09
1.9871e-09
2.0068e-09
2.0267e-09
2.0468e-09
2.067e-09
2.0875e-09
2.1081e-09
2.1289e-09
2.1499e-09
2.1712e-09
2.1926e-09
2.2142e-09
2.236e-09
2.258e-09
2.2803e-09
2.3027e-09
2.3254e-09
2.3482e-09
2.3713e-09
2.3946e-09
2.4181e-09
2.4418e-09
2.4658e-09
2.4899e-09
2.5143e-09
2.539e-09
2.5638e-09
2.5889e-09
2.6142e-09
2.6398e-09
2.6655e-09
2.6916e-09
2.7178e-09
2.7444e-09
2.7711e-09
2.7981e-09
2.8254e-09
2.8529e-09
2.8806e-09
2.9087e-09
2.9369e-09
2.9655e-09
2.9943e-09
3.0233e-09
3.0527e-09
3.0823e-09
3.1121e-09
3.1423e-09
3.1727e-09
3.2034e-09
3.2344e-09
3.2657e-09
3.2972e-09
3.3291e-09
3.3612e-09
3.3937e-09
3.4264e-09
3.4594e-09
3.4928e-09
3.5264e-09
3.5603e-09
3.5946e-09
3.6292e-09
3.6641e-09
3.6993e-09
3.7348e-09
3.7706e-09
3.8068e-09
3.8433e-09
3.8801e-09
3.9173e-09
3.9548e-09
3.9926e-09
4.0308e-09
4.0693e-09
4.1082e-09
4.1474e-09
4.187e-09
4.227e-09
4.2673e-09
4.3079e-09
4.349e-09
4.3904e-09
4.4322e-09
4.4743e-09
4.5169e-09
4.5598e-09
4.6031e-09
4.6468e-09
4.6909e-09
4.7353e-09
4.7802e-09
4.8255e-09
4.8712e-09
4.9173e-09
4.9638e-09
5.0107e-09
5.0581e-09
5.1058e-09
5.154e-09
5.2027e-09
5.2517e-09
5.3012e-09
5.3512e-09
5.4015e-09
5.4524e-09
5.5037e-09
5.5554e-09
5.6076e-09
5.6603e-09
5.7134e-09
5.767e-09
5.8211e-09
5.8756e-09
5.9307e-09
5.9862e-09
6.0422e-09
6.0988e-09
6.1558e-09
6.2133e-09
6.2713e-09
6.3299e-09
6.3889e-09
6.4485e-09
6.5086e-09
6.5692e-09
6.6304e-09
6.6921e-09
6.7543e-09
6.8171e-09
6.8805e-09
6.9444e-09
7.0088e-09
7.0738e-09
7.1394e-09
7.2056e-09
7.2723e-09
7.3397e-09
7.4076e-09
7.4761e-09
7.5452e-09
7.6149e-09
7.6852e-09
7.7562e-09
7.8277e-09
7.8999e-09
7.9727e-09
8.0461e-09
8.1202e-09
8.1949e-09
8.2703e-09
8.3463e-09
8.4229e-09
8.5003e-09
8.5783e-09
8.657e-09
8.7363e-09
8.8164e-09
8.8971e-09
8.9786e-09
9.0607e-09
9.1435e-09
9.2271e-09
9.3114e-09
9.3964e-09
9.4821e-09
9.5686e-09
9.6558e-09
9.7438e-09
9.8325e-09
9.922e-09
1.0012e-08
1.0103e-08
1.0195e-08
1.0288e-08
1.0381e-08
1.0475e-08
1.057e-08
1.0666e-08
1.0763e-08
1.086e-08
1.0958e-08
1.1057e-08
1.1157e-08
1.1258e-08
1.136e-08
1.1462e-08
1.1566e-08
1.167e-08
1.1775e-08
1.1881e-08
1.1988e-08
1.2096e-08
1.2205e-08
1.2314e-08
1.2425e-08
1.2536e-08
1.2649e-08
1.2762e-08
1.2877e-08
1.2992e-08
1.3108e-08
1.3226e-08
1.3344e-08
1.3463e-08
1.3583e-08
1.3705e-08
1.3827e-08
1.395e-08
1.4075e-08
1.42e-08
1.4327e-08
1.4454e-08
1.4583e-08
1.4712e-08
1.4843e-08
1.4975e-08
1.5108e-08
1.5242e-08
1.5377e-08
1.5513e-08
1.5651e-08
1.5789e-08
1.5929e-08
1.607e-08
1.6212e-08
1.6355e-08
1.6499e-08
1.6645e-08
1.6792e-08
1.694e-08
1.7089e-08
1.7239e-08
1.7391e-08
1.7544e-08
1.7698e-08
1.7854e-08
1.8011e-08
1.8169e-08
1.8328e-08
1.8489e-08
1.8651e-08
1.8814e-08
1.8979e-08
1.9145e-08
1.9312e-08
1.9481e-08
1.9651e-08
1.9822e-08
1.9995e-08
2.017e-08
2.0345e-08
2.0523e-08
2.0701e-08
2.0881e-08
2.1063e-08
2.1246e-08
2.143e-08
2.1616e-08
2.1804e-08
2.1993e-08
2.2184e-08
2.2376e-08
2.257e-08
2.2765e-08
2.2962e-08
2.316e-08
2.336e-08
2.3562e-08
2.3765e-08
2.397e-08
2.4177e-08
2.4385e-08
2.4595e-08
2.4806e-08
2.502e-08
2.5235e-08
2.5452e-08
2.567e-08
2.589e-08
2.6112e-08
2.6336e-08
2.6562e-08
2.6789e-08
2.7018e-08
2.7249e-08
2.7482e-08
2.7717e-08
2.7954e-08
2.8192e-08
2.8433e-08
2.8675e-08
2.8919e-08
2.9165e-08
2.9414e-08
2.9664e-08
2.9916e-08
3.017e-08
3.0426e-08
3.0684e-08
3.0945e-08
3.1207e-08
3.1471e-08
3.1738e-08
3.2006e-08
3.2277e-08
3.255e-08
3.2825e-08
3.3102e-08
3.3381e-08
3.3662e-08
3.3946e-08
3.4232e-08
3.452e-08
3.4811e-08
3.5103e-08
3.5398e-08
3.5696e-08
3.5995e-08
3.6297e-08
3.6602e-08
3.6908e-08
3.7217e-08
3.7529e-08
3.7843e-08
3.8159e-08
3.8478e-08
3.88e-08
3.9123e-08
3.945e-08
3.9779e-08
4.011e-08
4.0444e-08
4.0781e-08
4.112e-08
4.1462e-08
4.1806e-08
4.2153e-08
4.2503e-08
4.2856e-08
4.3211e-08
4.3569e-08
4.393e-08
4.4293e-08
4.466e-08
4.5029e-08
4.5401e-08
4.5776e-08
4.6153e-08
4.6534e-08
4.6917e-08
4.7304e-08
4.7693e-08
4.8086e-08
4.8481e-08
4.8879e-08
4.9281e-08
4.9685e-08
5.0093e-08
5.0504e-08
5.0918e-08
5.1335e-08
5.1755e-08
5.2178e-08
5.2605e-08
5.3034e-08
5.3467e-08
5.3904e-08
5.4343e-08
5.4786e-08
5.5233e-08
5.5682e-08
5.6135e-08
5.6592e-08
5.7052e-08
5.7515e-08
5.7982e-08
5.8453e-08
5.8926e-08
5.9404e-08
5.9885e-08
6.037e-08
6.0858e-08
6.135e-08
6.1846e-08
6.2345e-08
6.2848e-08
6.3355e-08
6.3866e-08
6.438e-08
6.4899e-08
6.5421e-08
6.5947e-08
6.6477e-08
6.7011e-08
6.7549e-08
6.8091e-08
6.8637e-08
6.9187e-08
6.9741e-08
7.0299e-08
7.0861e-08
7.1428e-08
7.1998e-08
7.2573e-08
7.3152e-08
7.3735e-08
7.4323e-08
7.4915e-08
7.5511e-08
7.6112e-08
7.6717e-08
7.7327e-08
7.7941e-08
7.856e-08
7.9183e-08
7.981e-08
8.0443e-08
8.108e-08
8.1721e-08
8.2367e-08
8.3018e-08
8.3674e-08
8.4335e-08
8.5e-08
8.567e-08
8.6345e-08
8.7025e-08
8.771e-08
8.84e-08
8.9094e-08
8.9794e-08
9.0499e-08
9.1209e-08
9.1925e-08
9.2645e-08
9.337e-08
9.4101e-08
9.4837e-08
9.5579e-08
9.6325e-08
9.7078e-08
9.7835e-08
9.8598e-08
9.9366e-08
1.0014e-07
1.0092e-07
1.017e-07
1.025e-07
1.0329e-07
1.0409e-07
1.049e-07
1.0572e-07
1.0653e-07
1.0736e-07
1.0819e-07
1.0903e-07
1.0987e-07
1.1072e-07
1.1157e-07
1.1244e-07
1.133e-07
1.1418e-07
1.1506e-07
1.1594e-07
1.1683e-07
1.1773e-07
1.1864e-07
1.1955e-07
1.2046e-07
1.2139e-07
1.2232e-07
1.2326e-07
1.242e-07
1.2515e-07
1.2611e-07
1.2707e-07
1.2804e-07
1.2902e-07
1.3e-07
1.3099e-07
1.3199e-07
1.33e-07
1.3401e-07
1.3503e-07
1.3605e-07
1.3708e-07
1.3813e-07
1.3917e-07
1.4023e-07
1.4129e-07
1.4236e-07
1.4344e-07
1.4452e-07
1.4561e-07
1.4671e-07
1.4782e-07
1.4893e-07
1.5006e-07
1.5119e-07
1.5232e-07
1.5347e-07
1.5462e-07
1.5578e-07
1.5695e-07
1.5813e-07
1.5932e-07
1.6051e-07
1.6171e-07
1.6292e-07
1.6414e-07
1.6537e-07
1.666e-07
1.6785e-07
1.691e-07
1.7036e-07
1.7163e-07
1.7291e-07
1.7419e-07
1.7549e-07
1.7679e-07
1.7811e-07
1.7943e-07
1.8076e-07
1.821e-07
1.8345e-07
1.8481e-07
1.8617e-07
1.8755e-07
1.8894e-07
1.9033e-07
1.9173e-07
1.9315e-07
1.9457e-07
1.96e-07
1.9745e-07
1.989e-07
2.0036e-07
2.0183e-07
2.0331e-07
2.0481e-07
2.0631e-07
2.0782e-07
2.0934e-07
2.1087e-07
2.1241e-07
2.1397e-07
2.1553e-07
2.171e-07
2.1869e-07
2.2028e-07
2.2188e-07
2.235e-07
2.2512e-07
2.2676e-07
2.2841e-07
2.3007e-07
2.3174e-07
2.3342e-07
2.3511e-07
2.3681e-07
2.3852e-07
2.4025e-07
2.4198e-07
2.4373e-07
2.4549e-07
2.4726e-07
2.4904e-07
2.5084e-07
2.5264e-07
2.5446e-07
2.5629e-07
2.5813e-07
2.5998e-07
2.6185e-07
2.6372e-07
2.6561e-07
2.6752e-07
2.6943e-07
2.7136e-07
2.733e-07
2.7525e-07
2.7721e-07
2.7919e-07
2.8118e-07
2.8318e-07
2.852e-07
2.8722e-07
2.8926e-07
2.9132e-07
2.9339e-07
2.9547e-07
2.9756e-07
2.9967e-07
3.0179e-07
3.0393e-07
3.0607e-07
3.0824e-07
3.1041e-07
3.126e-07
3.1481e-07
3.1702e-07
3.1926e-07
3.215e-07
3.2376e-07
3.2604e-07
3.2833e-07
3.3063e-07
3.3295e-07
3.3528e-07
3.3763e-07
3.3999e-07
3.4237e-07
3.4476e-07
3.4717e-07
3.4959e-07
3.5203e-07
3.5449e-07
3.5695e-07
3.5944e-07
3.6194e-07
3.6445e-07
3.6698e-07
3.6953e-07
3.7209e-07
3.7467e-07
3.7727e-07
3.7988e-07
3.8251e-07
3.8515e-07
3.8781e-07
3.9049e-07
3.9318e-07
3.9589e-07
3.9862e-07
4.0136e-07
4.0412e-07
4.069e-07
4.097e-07
4.1251e-07
4.1534e-07
4.1819e-07
4.2105e-07
4.2393e-07
4.2683e-07
4.2975e-07
4.3269e-07
4.3564e-07
4.3861e-07
4.416e-07
4.4461e-07
4.4764e-07
4.5068e-07
4.5374e-07
4.5683e-07
4.5993e-07
4.6305e-07
4.6619e-07
4.6934e-07
4.7252e-07
4.7572e-07
4.7893e-07
4.8217e-07
4.8542e-07
4.887e-07
4.9199e-07
4.9531e-07
4.9864e-07
5.0199e-07
5.0537e-07
5.0876e-07
5.1218e-07
5.1561e-07
5.1907e-07
5.2254e-07
5.2604e-07
5.2956e-07
5.331e-07
5.3666e-07
5.4024e-07
5.4384e-07
5.4747e-07
5.5111e-07
5.5478e-07
5.5847e-07
5.6218e-07
5.6591e-07
5.6967e-07
5.7345e-07
5.7725e-07
5.8107e-07
5.8491e-07
5.8878e-07
5.9267e-07
5.9658e-07
6.0052e-07
6.0448e-07
6.0846e-07
6.1247e-07
6.165e-07
6.2055e-07
6.2463e-07
6.2873e-07
6.3285e-07
6.37e-07
6.4117e-07
6.4537e-07
6.4959e-07
6.5383e-07
6.5811e-07
6.624e-07
6.6672e-07
6.7106e-07
6.7543e-07
6.7983e-07
6.8425e-07
6.887e-07
6.9317e-07
6.9767e-07
7.0219e-07
7.0674e-07
7.1131e-07
7.1591e-07
7.2054e-07
7.252e-07
7.2988e-07
7.3459e-07
7.3932e-07
7.4408e-07
7.4887e-07
7.5369e-07
7.5853e-07
7.634e-07
7.683e-07
7.7323e-07
7.7818e-07
7.8316e-07
7.8817e-07
7.9321e-07
7.9828e-07
8.0337e-07
8.085e-07
8.1365e-07
8.1883e-07
8.2405e-07
8.2929e-07
8.3456e-07
8.3986e-07
8.4518e-07
8.5054e-07
8.5593e-07
8.6135e-07
8.668e-07
8.7228e-07
8.7779e-07
8.8333e-07
8.889e-07
8.945e-07
9.0014e-07
9.058e-07
9.115e-07
9.1723e-07
9.2298e-07
9.2878e-07
9.346e-07
9.4045e-07
9.4634e-07
9.5226e-07
9.5821e-07
9.6419e-07
9.7021e-07
9.7626e-07
9.8235e-07
9.8846e-07
9.9461e-07
1.0008e-06
1.007e-06
1.0133e-06
1.0195e-06
1.0259e-06
1.0322e-06
1.0386e-06
1.045e-06
1.0515e-06
1.058e-06
1.0645e-06
1.0711e-06
1.0777e-06
1.0843e-06
1.091e-06
1.0977e-06
1.1044e-06
1.1112e-06
1.118e-06
1.1248e-06
1.1317e-06
1.1387e-06
1.1456e-06
1.1526e-06
1.1596e-06
1.1667e-06
1.1738e-06
1.181e-06
1.1882e-06
1.1954e-06
1.2026e-06
1.2099e-06
1.2173e-06
1.2247e-06
1.2321e-06
1.2395e-06
1.247e-06
1.2546e-06
1.2621e-06
1.2697e-06
1.2774e-06
1.2851e-06
1.2928e-06
1.3006e-06
1.3084e-06
1.3163e-06
1.3241e-06
1.3321e-06
1.3401e-06
1.3481e-06
1.3561e-06
1.3642e-06
1.3724e-06
1.3806e-06
1.3888e-06
1.3971e-06
1.4054e-06
1.4137e-06
1.4221e-06
1.4306e-06
1.4391e-06
1.4476e-06
1.4562e-06
1.4648e-06
1.4734e-06
1.4821e-06
1.4909e-06
1.4997e-06
1.5085e-06
1.5174e-06
1.5263e-06
1.5353e-06
1.5443e-06
1.5534e-06
1.5625e-06
1.5717e-06
1.5809e-06
1.5901e-06
1.5994e-06
1.6087e-06
1.6181e-06
1.6276e-06
1.6371e-06
1.6466e-06
1.6562e-06
1.6658e-06
1.6755e-06
1.6852e-06
1.695e-06
1.7048e-06
1.7146e-06
1.7246e-06
1.7345e-06
1.7445e-06
1.7546e-06
1.7647e-06
1.7749e-06
1.7851e-06
1.7954e-06
1.8057e-06
1.816e-06
1.8265e-06
1.8369e-06
1.8475e-06
1.858e-06
1.8686e-06
1.8793e-06
1.89e-06
1.9008e-06
1.9117e-06
1.9225e-06
1.9335e-06
1.9445e-06
1.9555e-06
1.9666e-06
1.9778e-06
1.989e-06
2.0002e-06
2.0115e-06
2.0229e-06
2.0343e-06
2.0458e-06
2.0573e-06
2.0689e-06
2.0805e-06
2.0922e-06
2.104e-06
2.1158e-06
2.1277e-06
2.1396e-06
2.1516e-06
2.1636e-06
2.1757e-06
2.1878e-06
2.2001e-06
2.2123e-06
2.2246e-06
2.237e-06
2.2495e-06
2.262e-06
2.2745e-06
2.2871e-06
2.2998e-06
2.3125e-06
2.3253e-06
2.3382e-06
2.3511e-06
2.3641e-06
2.3771e-06
2.3902e-06
2.4033e-06
2.4165e-06
2.4298e-06
2.4432e-06
2.4566e-06
2.47e-06
2.4835e-06
2.4971e-06
2.5108e-06
2.5245e-06
2.5383e-06
2.5521e-06
2.566e-06
2.58e-06
2.594e-06
2.6081e-06
2.6222e-06
2.6364e-06
2.6507e-06
2.6651e-06
2.6795e-06
2.694e-06
2.7085e-06
2.7231e-06
2.7378e-06
2.7525e-06
2.7673e-06
2.7822e-06
2.7972e-06
2.8122e-06
2.8272e-06
2.8424e-06
2.8576e-06
2.8729e-06
2.8882e-06
2.9036e-06
2.9191e-06
2.9347e-06
2.9503e-06
2.966e-06
2.9817e-06
2.9975e-06
3.0134e-06
3.0294e-06
3.0454e-06
3.0616e-06
3.0777e-06
3.094e-06
3.1103e-06
3.1267e-06
3.1432e-06
3.1597e-06
3.1763e-06
3.193e-06
3.2097e-06
3.2266e-06
3.2434e-06
3.2604e-06
3.2775e-06
3.2946e-06
3.3118e-06
3.329e-06
3.3464e-06
3.3638e-06
3.3813e-06
3.3988e-06
3.4165e-06
3.4342e-06
3.452e-06
3.4698e-06
3.4878e-06
3.5058e-06
3.5239e-06
3.5421e-06
3.5603e-06
3.5786e-06
3.597e-06
3.6155e-06
3.6341e-06
3.6527e-06
3.6714e-06
3.6902e-06
3.7091e-06
3.728e-06
3.747e-06
3.7661e-06
3.7853e-06
3.8046e-06
3.8239e-06
3.8434e-06
3.8629e-06
3.8824e-06
3.9021e-06
3.9219e-06
3.9417e-06
3.9616e-06
3.9816e-06
4.0017e-06
4.0218e-06
4.0421e-06
4.0624e-06
4.0828e-06
4.1033e-06
4.1239e-06
4.1445e-06
4.1652e-06
4.1861e-06
4.207e-06
4.228e-06
4.249e-06
4.2702e-06
4.2914e-06
4.3128e-06
4.3342e-06
4.3557e-06
4.3773e-06
4.399e-06
4.4207e-06
4.4426e-06
4.4645e-06
4.4865e-06
4.5086e-06
4.5308e-06
4.5531e-06
4.5755e-06
4.5979e-06
4.6205e-06
4.6431e-06
4.6659e-06
4.6887e-06
4.7116e-06
4.7346e-06
4.7576e-06
4.7808e-06
4.8041e-06
4.8274e-06
4.8509e-06
4.8744e-06
4.898e-06
4.9218e-06
4.9456e-06
4.9695e-06
4.9935e-06
5.0175e-06
5.0417e-06
5.066e-06
5.0904e-06
5.1148e-06
5.1394e-06
5.164e-06
5.1887e-06
5.2136e-06
5.2385e-06
5.2635e-06
5.2886e-06
5.3138e-06
5.3391e-06
5.3645e-06
5.39e-06
5.4156e-06
5.4413e-06
5.4671e-06
5.4929e-06
5.5189e-06
5.545e-06
5.5711e-06
5.5974e-06
5.6238e-06
5.6502e-06
5.6768e-06
5.7034e-06
5.7302e-06
5.757e-06
5.784e-06
5.811e-06
5.8382e-06
5.8654e-06
5.8927e-06
5.9202e-06
5.9477e-06
5.9754e-06
6.0031e-06
6.0309e-06
6.0589e-06
6.0869e-06
6.1151e-06
6.1433e-06
6.1717e-06
6.2001e-06
6.2287e-06
6.2573e-06
6.2861e-06
6.3149e-06
6.3439e-06
6.3729e-06
6.4021e-06
6.4314e-06
6.4607e-06
6.4902e-06
6.5198e-06
6.5495e-06
6.5792e-06
6.6091e-06
6.6391e-06
6.6692e-06
6.6994e-06
6.7297e-06
6.7601e-06
6.7907e-06
6.8213e-06
6.852e-06
6.8828e-06
6.9138e-06
6.9448e-06
6.976e-06
7.0072e-06
7.0386e-06
7.0701e-06
7.1017e-06
7.1334e-06
7.1651e-06
7.1971e-06
7.2291e-06
7.2612e-06
7.2934e-06
7.3257e-06
7.3582e-06
7.3907e-06
7.4234e-06
7.4562e-06
7.4891e-06
7.522e-06
7.5551e-06
7.5883e-06
7.6217e-06
7.6551e-06
7.6886e-06
7.7223e-06
7.756e-06
7.7899e-06
7.8239e-06
7.858e-06
7.8922e-06
7.9265e-06
7.9609e-06
7.9955e-06
8.0301e-06
8.0649e-06
8.0998e-06
8.1347e-06
8.1698e-06
8.2051e-06
8.2404e-06
8.2758e-06
8.3114e-06
8.347e-06
8.3828e-06
8.4187e-06
8.4547e-06
8.4908e-06
8.5271e-06
8.5634e-06
8.5999e-06
8.6364e-06
8.6731e-06
8.7099e-06
8.7469e-06
8.7839e-06
8.821e-06
8.8583e-06
8.8957e-06
8.9332e-06
8.9708e-06
9.0085e-06
9.0464e-06
9.0843e-06
9.1224e-06
9.1606e-06
9.1989e-06
9.2373e-06
9.2759e-06
9.3145e-06
9.3533e-06
9.3922e-06
9.4312e-06
9.4703e-06
9.5095e-06
9.5489e-06
9.5884e-06
9.628e-06
9.6677e-06
9.7075e-06
9.7475e-06
9.7875e-06
9.8277e-06
9.868e-06
9.9085e-06
9.949e-06
9.9897e-06
1.003e-05
1.0071e-05
1.0112e-05
1.0153e-05
1.0195e-05
1.0236e-05
1.0278e-05
1.0319e-05
1.0361e-05
1.0403e-05
1.0445e-05
1.0487e-05
1.0529e-05
1.0571e-05
1.0614e-05
1.0656e-05
1.0699e-05
1.0742e-05
1.0785e-05
1.0828e-05
1.0871e-05
1.0914e-05
1.0958e-05
1.1001e-05
1.1045e-05
1.1089e-05
1.1133e-05
1.1177e-05
1.1221e-05
1.1265e-05
1.1309e-05
1.1354e-05
1.1399e-05
1.1443e-05
1.1488e-05
1.1533e-05
1.1578e-05
1.1623e-05
1.1669e-05
1.1714e-05
1.176e-05
1.1806e-05
1.1851e-05
1.1897e-05
1.1943e-05
1.199e-05
1.2036e-05
1.2082e-05
1.2129e-05
1.2176e-05
1.2222e-05
1.2269e-05
1.2316e-05
1.2364e-05
1.2411e-05
1.2458e-05
1.2506e-05
1.2554e-05
1.2601e-05
1.2649e-05
1.2697e-05
1.2745e-05
1.2794e-05
1.2842e-05
1.2891e-05
1.2939e-05
1.2988e-05
1.3037e-05
1.3086e-05
1.3135e-05
1.3184e-05
1.3234e-05
1.3283e-05
1.3333e-05
1.3383e-05
1.3432e-05
1.3482e-05
1.3532e-05
1.3583e-05
1.3633e-05
1.3684e-05
1.3734e-05
1.3785e-05
1.3836e-05
1.3887e-05
1.3938e-05
1.3989e-05
1.404e-05
1.4092e-05
1.4143e-05
1.4195e-05
1.4247e-05
1.4299e-05
1.4351e-05
1.4403e-05
1.4455e-05
1.4508e-05
1.456e-05
1.4613e-05
1.4666e-05
1.4718e-05
1.4772e-05
1.4825e-05
1.4878e-05
1.4931e-05
1.4985e-05
1.5038e-05
1.5092e-05
1.5146e-05
1.52e-05
1.5254e-05
1.5308e-05
1.5363e-05
1.5417e-05
1.5472e-05
1.5526e-05
1.5581e-05
1.5636e-05
1.5691e-05
1.5746e-05
1.5802e-05
1.5857e-05
1.5913e-05
1.5968e-05
1.6024e-05
1.608e-05
1.6136e-05
1.6192e-05
1.6249e-05
1.6305e-05
1.6361e-05
1.6418e-05
1.6475e-05
1.6532e-05
1.6589e-05
1.6646e-05
1.6703e-05
1.676e-05
1.6818e-05
1.6875e-05
1.6933e-05
1.6991e-05
1.7048e-05
1.7106e-05
1.7165e-05
1.7223e-05
1.7281e-05
1.734e-05
1.7398e-05
1.7457e-05
1.7516e-05
1.7575e-05
1.7634e-05
1.7693e-05
1.7752e-05
1.7812e-05
1.7871e-05
1.7931e-05
1.7991e-05
1.805e-05
1.811e-05
1.8171e-05
1.8231e-05
1.8291e-05
1.8351e-05
1.8412e-05
1.8473e-05
1.8533e-05
1.8594e-05
1.8655e-05
1.8716e-05
1.8778e-05
1.8839e-05
1.89e-05
1.8962e-05
1.9023e-05
1.9085e-05
1.9147e-05
1.9209e-05
1.9271e-05
1.9333e-05
1.9396e-05
1.9458e-05
1.9521e-05
1.9583e-05
1.9646e-05
1.9709e-05
1.9772e-05
1.9835e-05
1.9898e-05
1.9961e-05
2.0025e-05
2.0088e-05
2.0152e-05
2.0215e-05
2.0279e-05
2.0343e-05
2.0407e-05
2.0471e-05
2.0535e-05
2.06e-05
2.0664e-05
2.0729e-05
2.0793e-05
2.0858e-05
2.0923e-05
2.0988e-05
2.1053e-05
2.1118e-05
2.1183e-05
2.1249e-05
2.1314e-05
2.138e-05
2.1445e-05
2.1511e-05
2.1577e-05
2.1643e-05
2.1709e-05
2.1775e-05
2.1841e-05
2.1908e-05
2.1974e-05
2.2041e-05
2.2107e-05
2.2174e-05
2.2241e-05
2.2308e-05
2.2375e-05
2.2442e-05
2.2509e-05
2.2577e-05
2.2644e-05
2.2711e-05
2.2779e-05
2.2847e-05
2.2915e-05
2.2982e-05
2.305e-05
2.3118e-05
2.3187e-05
2.3255e-05
2.3323e-05
2.3391e-05
2.346e-05
2.3529e-05
2.3597e-05
2.3666e-05
2.3735e-05
2.3804e-05
2.3873e-05
2.3942e-05
2.4011e-05
2.408e-05
2.415e-05
2.4219e-05
2.4289e-05
2.4359e-05
2.4428e-05
2.4498e-05
2.4568e-05
2.4638e-05
2.4708e-05
2.4778e-05
2.4848e-05
2.4919e-05
2.4989e-05
2.5059e-05
2.513e-05
2.5201e-05
2.5271e-05
2.5342e-05
2.5413e-05
2.5484e-05
2.5555e-05
2.5626e-05
2.5697e-05
2.5768e-05
2.584e-05
2.5911e-05
2.5982e-05
2.6054e-05
2.6126e-05
2.6197e-05
2.6269e-05
2.6341e-05
2.6413e-05
2.6485e-05
2.6557e-05
2.6629e-05
2.6701e-05
2.6773e-05
2.6845e-05
2.6918e-05
2.699e-05
2.7063e-05
2.7135e-05
2.7208e-05
2.7281e-05
2.7354e-05
2.7426e-05
2.7499e-05
2.7572e-05
2.7645e-05
2.7718e-05
2.7792e-05
2.7865e-05
2.7938e-05
2.8011e-05
2.8085e-05
2.8158e-05
2.8232e-05
2.8305e-05
2.8379e-05
2.8453e-05
2.8526e-05
2.86e-05
2.8674e-05
2.8748e-05
2.8822e-05
2.8896e-05
2.897e-05
2.9044e-05
2.9118e-05
2.9192e-05
2.9267e-05
2.9341e-05
2.9415e-05
2.949e-05
2.9564e-05
2.9639e-05
2.9713e-05
2.9788e-05
2.9863e-05
2.9937e-05
3.0012e-05
3.0087e-05
3.0162e-05
3.0237e-05
3.0312e-05
3.0387e-05
3.0462e-05
3.0537e-05
3.0612e-05
3.0687e-05
3.0762e-05
3.0837e-05
3.0912e-05
3.0988e-05
3.1063e-05
3.1138e-05
3.1214e-05
3.1289e-05
3.1365e-05
3.144e-05
3.1516e-05
3.1591e-05
3.1667e-05
3.1742e-05
3.1818e-05
3.1894e-05
3.1969e-05
3.2045e-05
3.2121e-05
3.2197e-05
3.2273e-05
3.2348e-05
3.2424e-05
3.25e-05
3.2576e-05
3.2652e-05
3.2728e-05
3.2804e-05
3.288e-05
3.2956e-05
3.3032e-05
3.3108e-05
3.3184e-05
3.326e-05
3.3336e-05
3.3412e-05
3.3489e-05
3.3565e-05
3.3641e-05
3.3717e-05
3.3793e-05
3.3869e-05
3.3946e-05
3.4022e-05
3.4098e-05
3.4174e-05
3.4251e-05
3.4327e-05
3.4403e-05
3.4479e-05
3.4556e-05
3.4632e-05
3.4708e-05
3.4785e-05
3.4861e-05
3.4937e-05
3.5014e-05
3.509e-05
3.5166e-05
3.5242e-05
3.5319e-05
3.5395e-05
3.5471e-05
3.5548e-05
3.5624e-05
3.57e-05
3.5776e-05
3.5853e-05
3.5929e-05
3.6005e-05
3.6082e-05
3.6158e-05
3.6234e-05
3.631e-05
3.6386e-05
3.6463e-05
3.6539e-05
3.6615e-05
3.6691e-05
3.6767e-05
3.6843e-05
3.6919e-05
3.6996e-05
3.7072e-05
3.7148e-05
3.7224e-05
3.73e-05
3.7376e-05
3.7452e-05
3.7528e-05
3.7603e-05
3.7679e-05
3.7755e-05
3.7831e-05
3.7907e-05
3.7983e-05
3.8058e-05
3.8134e-05
3.821e-05
3.8285e-05
3.8361e-05
3.8437e-05
3.8512e-05
3.8588e-05
3.8663e-05
3.8739e-05
3.8814e-05
3.889e-05
3.8965e-05
3.904e-05
3.9115e-05
3.9191e-05
3.9266e-05
3.9341e-05
3.9416e-05
3.9491e-05
3.9566e-05
3.9641e-05
3.9716e-05
3.9791e-05
3.9866e-05
3.9941e-05
4.0015e-05
4.009e-05
4.0165e-05
4.0239e-05
4.0314e-05
4.0388e-05
4.0463e-05
4.0537e-05
4.0611e-05
4.0686e-05
4.076e-05
4.0834e-05
4.0908e-05
4.0982e-05
4.1056e-05
4.113e-05
4.1204e-05
4.1278e-05
4.1351e-05
4.1425e-05
4.1499e-05
4.1572e-05
4.1646e-05
4.1719e-05
4.1792e-05
4.1865e-05
4.1939e-05
4.2012e-05
4.2085e-05
4.2158e-05
4.2231e-05
4.2303e-05
4.2376e-05
4.2449e-05
4.2521e-05
4.2594e-05
4.2666e-05
4.2739e-05
4.2811e-05
4.2883e-05
4.2955e-05
4.3027e-05
4.3099e-05
4.3171e-05
4.3243e-05
4.3315e-05
4.3386e-05
4.3458e-05
4.3529e-05
4.3601e-05
4.3672e-05
4.3743e-05
4.3814e-05
4.3885e-05
4.3956e-05
4.4027e-05
4.4097e-05
4.4168e-05
4.4239e-05
4.4309e-05
4.4379e-05
4.4449e-05
4.452e-05
4.459e-05
4.466e-05
4.4729e-05
4.4799e-05
4.4869e-05
4.4938e-05
4.5008e-05
4.5077e-05
4.5146e-05
4.5215e-05
4.5284e-05
4.5353e-05
4.5422e-05
4.549e-05
4.5559e-05
4.5627e-05
4.5696e-05
4.5764e-05
4.5832e-05
4.59e-05
4.5968e-05
4.6035e-05
4.6103e-05
4.617e-05
4.6238e-05
4.6305e-05
4.6372e-05
4.6439e-05
4.6506e-05
4.6573e-05
4.6639e-05
4.6706e-05
4.6772e-05
4.6838e-05
4.6905e-05
4.6971e-05
4.7036e-05
4.7102e-05
4.7168e-05
4.7233e-05
4.7299e-05
4.7364e-05
4.7429e-05
4.7494e-05
4.7559e-05
4.7623e-05
4.7688e-05
4.7752e-05
4.7816e-05
4.788e-05
4.7944e-05
4.8008e-05
4.8072e-05
4.8135e-05
4.8199e-05
4.8262e-05
4.8325e-05
4.8388e-05
4.8451e-05
4.8514e-05
4.8576e-05
4.8638e-05
4.8701e-05
4.8763e-05
4.8825e-05
4.8886e-05
4.8948e-05
4.9009e-05
4.9071e-05
4.9132e-05
4.9193e-05
4.9254e-05
4.9314e-05
4.9375e-05
4.9435e-05
4.9495e-05
4.9555e-05
4.9615e-05
4.9675e-05
4.9734e-05
4.9794e-05
4.9853e-05
4.9912e-05
4.9971e-05
5.003e-05
5.0088e-05
5.0146e-05
5.0205e-05
5.0263e-05
5.0321e-05
5.0378e-05
5.0436e-05
5.0493e-05
5.055e-05
5.0607e-05
5.0664e-05
5.0721e-05
5.0777e-05
5.0833e-05
5.089e-05
5.0945e-05
5.1001e-05
5.1057e-05
5.1112e-05
5.1167e-05
5.1222e-05
5.1277e-05
5.1332e-05
5.1386e-05
5.1441e-05
5.1495e-05
5.1549e-05
5.1602e-05
5.1656e-05
5.1709e-05
5.1762e-05
5.1815e-05
5.1868e-05
5.1921e-05
5.1973e-05
5.2025e-05
5.2077e-05
5.2129e-05
5.2181e-05
5.2232e-05
5.2283e-05
5.2334e-05
5.2385e-05
5.2436e-05
5.2486e-05
5.2537e-05
5.2587e-05
5.2636e-05
5.2686e-05
5.2735e-05
5.2785e-05
5.2834e-05
5.2882e-05
5.2931e-05
5.2979e-05
5.3028e-05
5.3076e-05
5.3123e-05
5.3171e-05
5.3218e-05
5.3265e-05
5.3312e-05
5.3359e-05
5.3406e-05
5.3452e-05
5.3498e-05
5.3544e-05
5.359e-05
5.3635e-05
5.368e-05
5.3725e-05
5.377e-05
5.3815e-05
5.3859e-05
5.3903e-05
5.3947e-05
5.3991e-05
5.4034e-05
5.4078e-05
5.4121e-05
5.4163e-05
5.4206e-05
5.4248e-05
5.4291e-05
5.4333e-05
5.4374e-05
5.4416e-05
5.4457e-05
5.4498e-05
5.4539e-05
5.4579e-05
5.462e-05
5.466e-05
5.47e-05
5.4739e-05
5.4779e-05
5.4818e-05
5.4857e-05
5.4896e-05
5.4934e-05
5.4972e-05
5.501e-05
5.5048e-05
5.5086e-05
5.5123e-05
5.516e-05
5.5197e-05
5.5234e-05
5.527e-05
5.5306e-05
5.5342e-05
5.5378e-05
5.5413e-05
5.5448e-05
5.5483e-05
5.5518e-05
5.5553e-05
5.5587e-05
5.5621e-05
5.5655e-05
5.5688e-05
5.5721e-05
5.5754e-05
5.5787e-05
5.582e-05
5.5852e-05
5.5884e-05
5.5916e-05
5.5947e-05
5.5979e-05
5.601e-05
5.604e-05
5.6071e-05
5.6101e-05
5.6131e-05
5.6161e-05
5.6191e-05
5.622e-05
5.6249e-05
5.6278e-05
5.6306e-05
5.6335e-05
5.6363e-05
5.639e-05
5.6418e-05
5.6445e-05
5.6472e-05
5.6499e-05
5.6526e-05
5.6552e-05
5.6578e-05
5.6604e-05
5.6629e-05
5.6654e-05
5.6679e-05
5.6704e-05
5.6729e-05
5.6753e-05
5.6777e-05
5.68e-05
5.6824e-05
5.6847e-05
5.687e-05
5.6893e-05
5.6915e-05
5.6937e-05
5.6959e-05
5.6981e-05
5.7002e-05
5.7023e-05
5.7044e-05
5.7065e-05
5.7085e-05
5.7105e-05
5.7125e-05
5.7144e-05
5.7163e-05
5.7182e-05
5.7201e-05
5.722e-05
5.7238e-05
5.7256e-05
5.7273e-05
5.7291e-05
5.7308e-05
5.7325e-05
5.7341e-05
5.7358e-05
5.7374e-05
5.739e-05
5.7405e-05
5.742e-05
5.7435e-05
5.745e-05
5.7465e-05
5.7479e-05
5.7493e-05
5.7506e-05
5.752e-05
5.7533e-05
5.7546e-05
5.7558e-05
5.7571e-05
5.7583e-05
5.7594e-05
5.7606e-05
5.7617e-05
5.7628e-05
5.7639e-05
5.7649e-05
5.7659e-05
5.7669e-05
5.7679e-05
5.7688e-05
5.7697e-05
5.7706e-05
5.7715e-05
5.7723e-05
5.7731e-05
5.7739e-05
5.7746e-05
5.7753e-05
5.776e-05
5.7767e-05
5.7773e-05
5.7779e-05
5.7785e-05
5.779e-05
5.7796e-05
5.7801e-05
5.7805e-05
5.781e-05
5.7814e-05
5.7818e-05
5.7821e-05
5.7825e-05
5.7828e-05
5.7831e-05
5.7833e-05
5.7835e-05
5.7837e-05
5.7839e-05
5.784e-05
5.7842e-05
5.7843e-05
5.7843e-05
5.7843e-05
5.7844e-05
5.7843e-05
5.7843e-05
5.7842e-05
5.7841e-05
5.784e-05
5.7838e-05
5.7836e-05
5.7834e-05
5.7832e-05
5.7829e-05
5.7826e-05
5.7823e-05
5.7819e-05
5.7816e-05
5.7812e-05
5.7807e-05
5.7803e-05
5.7798e-05
5.7793e-05
5.7787e-05
5.7782e-05
5.7776e-05
5.7769e-05
5.7763e-05
5.7756e-05
5.7749e-05
5.7742e-05
5.7734e-05
5.7726e-05
5.7718e-05
5.771e-05
5.7701e-05
5.7692e-05
5.7683e-05
5.7673e-05
5.7664e-05
5.7654e-05
5.7643e-05
5.7633e-05
5.7622e-05
5.7611e-05
5.7599e-05
5.7588e-05
5.7576e-05
5.7564e-05
5.7551e-05
5.7538e-05
5.7525e-05
5.7512e-05
5.7499e-05
5.7485e-05
5.7471e-05
5.7456e-05
5.7442e-05
5.7427e-05
5.7412e-05
5.7396e-05
5.7381e-05
5.7365e-05
5.7349e-05
5.7332e-05
5.7315e-05
5.7298e-05
5.7281e-05
5.7263e-05
5.7246e-05
5.7228e-05
5.7209e-05
5.7191e-05
5.7172e-05
5.7153e-05
5.7133e-05
5.7113e-05
5.7094e-05
5.7073e-05
5.7053e-05
5.7032e-05
5.7011e-05
5.699e-05
5.6968e-05
5.6947e-05
5.6925e-05
5.6902e-05
5.688e-05
5.6857e-05
5.6834e-05
5.6811e-05
5.6787e-05
5.6763e-05
5.6739e-05
5.6715e-05
5.669e-05
5.6665e-05
5.664e-05
5.6615e-05
5.6589e-05
5.6563e-05
5.6537e-05
5.6511e-05
5.6484e-05
5.6457e-05
5.643e-05
5.6402e-05
5.6375e-05
5.6347e-05
5.6319e-05
5.629e-05
5.6262e-05
5.6233e-05
5.6203e-05
5.6174e-05
5.6144e-05
5.6114e-05
5.6084e-05
5.6054e-05
5.6023e-05
5.5992e-05
5.5961e-05
5.5929e-05
5.5898e-05
5.5866e-05
5.5834e-05
5.5801e-05
5.5769e-05
5.5736e-05
5.5702e-05
5.5669e-05
5.5635e-05
5.5602e-05
5.5567e-05
5.5533e-05
5.5498e-05
5.5464e-05
5.5429e-05
5.5393e-05
5.5358e-05
5.5322e-05
5.5286e-05
5.525e-05
5.5213e-05
5.5176e-05
5.5139e-05
5.5102e-05
5.5065e-05
5.5027e-05
5.4989e-05
5.4951e-05
5.4912e-05
5.4874e-05
5.4835e-05
5.4796e-05
5.4756e-05
5.4717e-05
5.4677e-05
5.4637e-05
5.4597e-05
5.4556e-05
5.4516e-05
5.4475e-05
5.4434e-05
5.4392e-05
5.4351e-05
5.4309e-05
5.4267e-05
5.4224e-05
5.4182e-05
5.4139e-05
5.4096e-05
5.4053e-05
5.401e-05
5.3966e-05
5.3922e-05
5.3878e-05
5.3834e-05
5.3789e-05
5.3745e-05
5.37e-05
5.3655e-05
5.3609e-05
5.3564e-05
5.3518e-05
5.3472e-05
5.3426e-05
5.3379e-05
5.3333e-05
5.3286e-05
5.3239e-05
5.3192e-05
5.3144e-05
5.3096e-05
5.3048e-05
5.3e-05
5.2952e-05
5.2904e-05
5.2855e-05
5.2806e-05
5.2757e-05
5.2707e-05
5.2658e-05
5.2608e-05
5.2558e-05
5.2508e-05
5.2458e-05
5.2407e-05
5.2356e-05
5.2306e-05
5.2254e-05
5.2203e-05
5.2152e-05
5.21e-05
5.2048e-05
5.1996e-05
5.1943e-05
5.1891e-05
5.1838e-05
5.1785e-05
5.1732e-05
5.1679e-05
5.1626e-05
5.1572e-05
5.1518e-05
5.1464e-05
5.141e-05
5.1355e-05
5.1301e-05
5.1246e-05
5.1191e-05
5.1136e-05
5.1081e-05
5.1025e-05
5.097e-05
5.0914e-05
5.0858e-05
5.0802e-05
5.0745e-05
5.0689e-05
5.0632e-05
5.0575e-05
5.0518e-05
5.0461e-05
5.0403e-05
5.0346e-05
5.0288e-05
5.023e-05
5.0172e-05
5.0113e-05
5.0055e-05
4.9996e-05
4.9937e-05
4.9879e-05
4.9819e-05
4.976e-05
4.9701e-05
4.9641e-05
4.9581e-05
4.9521e-05
4.9461e-05
4.9401e-05
4.934e-05
4.928e-05
4.9219e-05
4.9158e-05
4.9097e-05
4.9036e-05
4.8975e-05
4.8913e-05
4.8851e-05
4.8789e-05
4.8727e-05
4.8665e-05
4.8603e-05
4.8541e-05
4.8478e-05
4.8415e-05
4.8352e-05
4.8289e-05
4.8226e-05
4.8163e-05
4.8099e-05
4.8036e-05
4.7972e-05
4.7908e-05
4.7844e-05
4.778e-05
4.7716e-05
4.7651e-05
4.7587e-05
4.7522e-05
4.7457e-05
4.7392e-05
4.7327e-05
4.7261e-05
4.7196e-05
4.7131e-05
4.7065e-05
4.6999e-05
4.6933e-05
4.6867e-05
4.6801e-05
4.6735e-05
4.6668e-05
4.6602e-05
4.6535e-05
4.6468e-05
4.6401e-05
4.6334e-05
4.6267e-05
4.62e-05
4.6132e-05
4.6065e-05
4.5997e-05
4.5929e-05
4.5861e-05
4.5793e-05
4.5725e-05
4.5657e-05
4.5588e-05
4.552e-05
4.5451e-05
4.5383e-05
4.5314e-05
4.5245e-05
4.5176e-05
4.5107e-05
4.5038e-05
4.4968e-05
4.4899e-05
4.4829e-05
4.476e-05
4.469e-05
4.462e-05
4.455e-05
4.448e-05
4.441e-05
4.4339e-05
4.4269e-05
4.4199e-05
4.4128e-05
4.4057e-05
4.3987e-05
4.3916e-05
4.3845e-05
4.3774e-05
4.3703e-05
4.3631e-05
4.356e-05
4.3489e-05
4.3417e-05
4.3346e-05
4.3274e-05
4.3202e-05
4.313e-05
4.3059e-05
4.2987e-05
4.2914e-05
4.2842e-05
4.277e-05
4.2698e-05
4.2625e-05
4.2553e-05
4.248e-05
4.2408e-05
4.2335e-05
4.2262e-05
4.2189e-05
4.2116e-05
4.2043e-05
4.197e-05
4.1897e-05
4.1824e-05
4.1751e-05
4.1677e-05
4.1604e-05
4.153e-05
4.1457e-05
4.1383e-05
4.131e-05
4.1236e-05
4.1162e-05
4.1088e-05
4.1014e-05
4.094e-05
4.0866e-05
4.0792e-05
4.0718e-05
4.0644e-05
4.0569e-05
4.0495e-05
4.0421e-05
4.0346e-05
4.0272e-05
4.0197e-05
4.0122e-05
4.0048e-05
3.9973e-05
3.9898e-05
3.9823e-05
3.9749e-05
3.9674e-05
3.9599e-05
3.9524e-05
3.9449e-05
3.9374e-05
3.9298e-05
3.9223e-05
3.9148e-05
3.9073e-05
3.8998e-05
3.8922e-05
3.8847e-05
3.8771e-05
3.8696e-05
3.862e-05
3.8545e-05
3.8469e-05
3.8394e-05
3.8318e-05
3.8243e-05
3.8167e-05
3.8091e-05
3.8015e-05
3.794e-05
3.7864e-05
3.7788e-05
3.7712e-05
3.7636e-05
3.756e-05
3.7484e-05
3.7409e-05
3.7333e-05
3.7257e-05
3.7181e-05
3.7105e-05
3.7028e-05
3.6952e-05
3.6876e-05
3.68e-05
3.6724e-05
3.6648e-05
3.6572e-05
3.6496e-05
3.6419e-05
3.6343e-05
3.6267e-05
3.6191e-05
3.6115e-05
3.6038e-05
3.5962e-05
3.5886e-05
3.581e-05
3.5733e-05
3.5657e-05
3.5581e-05
3.5504e-05
3.5428e-05
3.5352e-05
3.5276e-05
3.5199e-05
3.5123e-05
3.5047e-05
3.497e-05
3.4894e-05
3.4818e-05
3.4741e-05
3.4665e-05
3.4589e-05
3.4513e-05
3.4436e-05
3.436e-05
3.4284e-05
3.4207e-05
3.4131e-05
3.4055e-05
3.3979e-05
3.3903e-05
3.3826e-05
3.375e-05
3.3674e-05
3.3598e-05
3.3522e-05
3.3445e-05
3.3369e-05
3.3293e-05
3.3217e-05
3.3141e-05
3.3065e-05
3.2989e-05
3.2913e-05
3.2837e-05
3.2761e-05
3.2685e-05
3.2609e-05
3.2533e-05
3.2457e-05
3.2381e-05
3.2305e-05
3.223e-05
3.2154e-05
3.2078e-05
3.2002e-05
3.1927e-05
3.1851e-05
3.1775e-05
3.17e-05
3.1624e-05
3.1548e-05
3.1473e-05
3.1397e-05
3.1322e-05
3.1246e-05
3.1171e-05
3.1096e-05
3.102e-05
3.0945e-05
3.087e-05
3.0795e-05
3.0719e-05
3.0644e-05
3.0569e-05
3.0494e-05
3.0419e-05
3.0344e-05
3.0269e-05
3.0194e-05
3.0119e-05
3.0045e-05
2.997e-05
2.9895e-05
2.982e-05
2.9746e-05
2.9671e-05
2.9597e-05
2.9522e-05
2.9448e-05
2.9373e-05
2.9299e-05
2.9225e-05
2.915e-05
2.9076e-05
2.9002e-05
2.8928e-05
2.8854e-05
2.878e-05
2.8706e-05
2.8632e-05
2.8558e-05
2.8485e-05
2.8411e-05
2.8337e-05
2.8264e-05
2.819e-05
2.8117e-05
2.8043e-05
2.797e-05
2.7896e-05
2.7823e-05
2.775e-05
2.7677e-05
2.7604e-05
2.7531e-05
2.7458e-05
2.7385e-05
2.7312e-05
2.724e-05
2.7167e-05
2.7094e-05
2.7022e-05
2.6949e-05
2.6877e-05
2.6805e-05
2.6732e-05
2.666e-05
2.6588e-05
2.6516e-05
2.6444e-05
2.6372e-05
2.63e-05
2.6228e-05
2.6157e-05
2.6085e-05
2.6013e-05
2.5942e-05
2.5871e-05
2.5799e-05
2.5728e-05
2.5657e-05
2.5586e-05
2.5515e-05
2.5444e-05
2.5373e-05
2.5302e-05
2.5231e-05
2.5161e-05
2.509e-05
2.5019e-05
2.4949e-05
2.4879e-05
2.4808e-05
2.4738e-05
2.4668e-05
2.4598e-05
2.4528e-05
2.4458e-05
2.4389e-05
2.4319e-05
2.4249e-05
2.418e-05
2.4111e-05
2.4041e-05
2.3972e-05
2.3903e-05
2.3834e-05
2.3765e-05
2.3696e-05
2.3627e-05
2.3558e-05
2.349e-05
2.3421e-05
2.3353e-05
2.3284e-05
2.3216e-05
2.3148e-05
2.308e-05
2.3012e-05
2.2944e-05
2.2876e-05
2.2808e-05
2.2741e-05
2.2673e-05
2.2606e-05
2.2538e-05
2.2471e-05
2.2404e-05
2.2337e-05
2.227e-05
2.2203e-05
2.2136e-05
2.207e-05
2.2003e-05
2.1937e-05
2.187e-05
2.1804e-05
2.1738e-05
2.1672e-05
2.1606e-05
2.154e-05
2.1474e-05
2.1408e-05
2.1343e-05
2.1277e-05
2.1212e-05
2.1146e-05
2.1081e-05
2.1016e-05
2.0951e-05
2.0886e-05
2.0822e-05
2.0757e-05
2.0692e-05
2.0628e-05
2.0563e-05
2.0499e-05
2.0435e-05
2.0371e-05
2.0307e-05
2.0243e-05
2.0179e-05
2.0116e-05
2.0052e-05
1.9989e-05
1.9925e-05
1.9862e-05
1.9799e-05
1.9736e-05
1.9673e-05
1.961e-05
1.9548e-05
1.9485e-05
1.9423e-05
1.936e-05
1.9298e-05
1.9236e-05
1.9174e-05
1.9112e-05
1.905e-05
1.8989e-05
1.8927e-05
1.8865e-05
1.8804e-05
1.8743e-05
1.8682e-05
1.8621e-05
1.856e-05
1.8499e-05
1.8438e-05
1.8378e-05
1.8317e-05
1.8257e-05
1.8197e-05
1.8136e-05
1.8076e-05
1.8017e-05
1.7957e-05
1.7897e-05
1.7838e-05
1.7778e-05
1.7719e-05
1.766e-05
1.76e-05
1.7541e-05
1.7483e-05
1.7424e-05
1.7365e-05
1.7307e-05
1.7248e-05
1.719e-05
1.7132e-05
1.7074e-05
1.7016e-05
1.6958e-05
1.69e-05
1.6843e-05
1.6785e-05
1.6728e-05
1.667e-05
1.6613e-05
1.6556e-05
1.6499e-05
1.6443e-05
1.6386e-05
1.6329e-05
1.6273e-05
1.6217e-05
1.616e-05
1.6104e-05
1.6048e-05
1.5993e-05
1.5937e-05
1.5881e-05
1.5826e-05
1.577e-05
1.5715e-05
1.566e-05
1.5605e-05
1.555e-05
1.5496e-05
1.5441e-05
1.5386e-05
1.5332e-05
1.5278e-05
1.5224e-05
1.5169e-05
1.5116e-05
1.5062e-05
1.5008e-05
1.4955e-05
1.4901e-05
1.4848e-05
1.4795e-05
1.4741e-05
1.4689e-05
1.4636e-05
1.4583e-05
1.453e-05
1.4478e-05
1.4426e-05
1.4373e-05
1.4321e-05
1.4269e-05
1.4217e-05
1.4166e-05
1.4114e-05
1.4063e-05
1.4011e-05
1.396e-05
1.3909e-05
1.3858e-05
1.3807e-05
1.3756e-05
1.3705e-05
1.3655e-05
1.3605e-05
1.3554e-05
1.3504e-05
1.3454e-05
1.3404e-05
1.3354e-05
1.3305e-05
1.3255e-05
1.3206e-05
1.3156e-05
1.3107e-05
1.3058e-05
1.3009e-05
1.296e-05
1.2912e-05
1.2863e-05
1.2815e-05
1.2766e-05
1.2718e-05
1.267e-05
1.2622e-05
1.2574e-05
1.2527e-05
1.2479e-05
1.2432e-05
1.2384e-05
1.2337e-05
1.229e-05
1.2243e-05
1.2196e-05
1.2149e-05
1.2103e-05
1.2056e-05
1.201e-05
1.1964e-05
1.1917e-05
1.1871e-05
1.1825e-05
1.178e-05
1.1734e-05
1.1689e-05
1.1643e-05
1.1598e-05
1.1553e-05
1.1508e-05
1.1463e-05
1.1418e-05
1.1373e-05
1.1329e-05
1.1284e-05
1.124e-05
1.1196e-05
1.1152e-05
1.1108e-05
1.1064e-05
1.102e-05
1.0977e-05
1.0933e-05
1.089e-05
1.0847e-05
1.0804e-05
1.0761e-05
1.0718e-05
1.0675e-05
1.0632e-05
1.059e-05
1.0547e-05
1.0505e-05
1.0463e-05
1.0421e-05
1.0379e-05
1.0337e-05
1.0296e-05
1.0254e-05
1.0213e-05
1.0171e-05
1.013e-05
1.0089e-05
1.0048e-05
1.0007e-05
9.9667e-06
9.9261e-06
9.8856e-06
9.8452e-06
9.805e-06
9.7649e-06
9.7249e-06
9.685e-06
9.6452e-06
9.6056e-06
9.5661e-06
9.5267e-06
9.4874e-06
9.4482e-06
9.4091e-06
9.3702e-06
9.3314e-06
9.2927e-06
9.2541e-06
9.2156e-06
9.1772e-06
9.139e-06
9.1009e-06
9.0629e-06
9.025e-06
8.9872e-06
8.9495e-06
8.912e-06
8.8746e-06
8.8372e-06
8.8e-06
8.763e-06
8.726e-06
8.6891e-06
8.6524e-06
8.6158e-06
8.5793e-06
8.5429e-06
8.5066e-06
8.4704e-06
8.4344e-06
8.3984e-06
8.3626e-06
8.3269e-06
8.2913e-06
8.2558e-06
8.2204e-06
8.1852e-06
8.15e-06
8.115e-06
8.0801e-06
8.0452e-06
8.0105e-06
7.976e-06
7.9415e-06
7.9071e-06
7.8729e-06
7.8387e-06
7.8047e-06
7.7708e-06
7.737e-06
7.7033e-06
7.6697e-06
7.6362e-06
7.6028e-06
7.5696e-06
7.5364e-06
7.5034e-06
7.4705e-06
7.4377e-06
7.4049e-06
7.3723e-06
7.3399e-06
7.3075e-06
7.2752e-06
7.243e-06
7.211e-06
7.179e-06
7.1472e-06
7.1155e-06
7.0838e-06
7.0523e-06
7.0209e-06
6.9896e-06
6.9584e-06
6.9273e-06
6.8963e-06
6.8654e-06
6.8347e-06
6.804e-06
6.7734e-06
6.743e-06
6.7126e-06
6.6824e-06
6.6522e-06
6.6222e-06
6.5922e-06
6.5624e-06
6.5327e-06
6.5031e-06
6.4736e-06
6.4441e-06
6.4148e-06
6.3856e-06
6.3565e-06
6.3275e-06
6.2986e-06
6.2698e-06
6.2411e-06
6.2125e-06
6.184e-06
6.1557e-06
6.1274e-06
6.0992e-06
6.0711e-06
6.0431e-06
6.0152e-06
5.9874e-06
5.9598e-06
5.9322e-06
5.9047e-06
5.8773e-06
5.85e-06
5.8228e-06
5.7957e-06
5.7687e-06
5.7419e-06
5.7151e-06
5.6884e-06
5.6618e-06
5.6353e-06
5.6089e-06
5.5826e-06
5.5564e-06
5.5303e-06
5.5042e-06
5.4783e-06
5.4525e-06
5.4268e-06
5.4012e-06
5.3756e-06
5.3502e-06
5.3248e-06
5.2996e-06
5.2744e-06
5.2494e-06
5.2244e-06
5.1995e-06
5.1748e-06
5.1501e-06
5.1255e-06
5.101e-06
5.0766e-06
5.0523e-06
5.0281e-06
5.0039e-06
4.9799e-06
4.956e-06
4.9321e-06
4.9084e-06
4.8847e-06
4.8611e-06
4.8376e-06
4.8143e-06
4.791e-06
4.7677e-06
4.7446e-06
4.7216e-06
4.6986e-06
4.6758e-06
4.653e-06
4.6303e-06
4.6078e-06
4.5853e-06
4.5629e-06
4.5405e-06
4.5183e-06
4.4962e-06
4.4741e-06
4.4521e-06
4.4302e-06
4.4084e-06
4.3867e-06
4.3651e-06
4.3436e-06
4.3221e-06
4.3007e-06
4.2795e-06
4.2583e-06
4.2371e-06
4.2161e-06
4.1952e-06
4.1743e-06
4.1535e-06
4.1329e-06
4.1122e-06
4.0917e-06
4.0713e-06
4.0509e-06
4.0306e-06
4.0105e-06
3.9903e-06
3.9703e-06
3.9504e-06
3.9305e-06
3.9107e-06
3.891e-06
3.8714e-06
3.8519e-06
3.8324e-06
3.813e-06
3.7937e-06
3.7745e-06
3.7554e-06
3.7363e-06
3.7173e-06
3.6984e-06
3.6796e-06
3.6608e-06
3.6422e-06
3.6236e-06
3.6051e-06
3.5866e-06
3.5683e-06
3.55e-06
3.5318e-06
3.5137e-06
3.4956e-06
3.4777e-06
3.4598e-06
3.4419e-06
3.4242e-06
3.4065e-06
3.3889e-06
3.3714e-06
3.354e-06
3.3366e-06
3.3193e-06
3.3021e-06
3.2849e-06
3.2678e-06
3.2508e-06
3.2339e-06
3.2171e-06
3.2003e-06
3.1836e-06
3.1669e-06
3.1504e-06
3.1339e-06
3.1174e-06
3.1011e-06
3.0848e-06
3.0686e-06
3.0525e-06
3.0364e-06
3.0204e-06
3.0045e-06
2.9886e-06
2.9728e-06
2.9571e-06
2.9415e-06
2.9259e-06
2.9104e-06
2.8949e-06
2.8796e-06
2.8642e-06
2.849e-06
2.8338e-06
2.8187e-06
2.8037e-06
2.7887e-06
2.7738e-06
2.759e-06
2.7442e-06
2.7295e-06
2.7149e-06
2.7003e-06
2.6858e-06
2.6714e-06
2.657e-06
2.6427e-06
2.6284e-06
2.6142e-06
2.6001e-06
2.5861e-06
2.5721e-06
2.5582e-06
2.5443e-06
2.5305e-06
2.5168e-06
2.5031e-06
2.4895e-06
2.4759e-06
2.4624e-06
2.449e-06
2.4356e-06
2.4223e-06
2.4091e-06
2.3959e-06
2.3828e-06
2.3697e-06
2.3567e-06
2.3438e-06
2.3309e-06
2.3181e-06
2.3054e-06
2.2927e-06
2.28e-06
2.2674e-06
2.2549e-06
2.2424e-06
2.23e-06
2.2177e-06
2.2054e-06
2.1932e-06
2.181e-06
2.1689e-06
2.1568e-06
2.1448e-06
2.1329e-06
2.121e-06
2.1092e-06
2.0974e-06
2.0857e-06
2.074e-06
2.0624e-06
2.0508e-06
2.0393e-06
2.0279e-06
2.0165e-06
2.0052e-06
1.9939e-06
1.9826e-06
1.9715e-06
1.9604e-06
1.9493e-06
1.9383e-06
1.9273e-06
1.9164e-06
1.9056e-06
1.8948e-06
1.884e-06
1.8733e-06
1.8627e-06
1.8521e-06
1.8415e-06
1.831e-06
1.8206e-06
1.8102e-06
1.7999e-06
1.7896e-06
1.7793e-06
1.7692e-06
1.759e-06
1.7489e-06
1.7389e-06
1.7289e-06
1.719e-06
1.7091e-06
1.6992e-06
1.6895e-06
1.6797e-06
1.67e-06
1.6604e-06
1.6508e-06
1.6412e-06
1.6317e-06
1.6223e-06
1.6128e-06
1.6035e-06
1.5942e-06
1.5849e-06
1.5757e-06
1.5665e-06
1.5574e-06
1.5483e-06
1.5392e-06
1.5303e-06
1.5213e-06
1.5124e-06
1.5035e-06
1.4947e-06
1.486e-06
1.4772e-06
1.4686e-06
1.4599e-06
1.4513e-06
1.4428e-06
1.4343e-06
1.4258e-06
1.4174e-06
1.409e-06
1.4007e-06
1.3924e-06
1.3842e-06
1.376e-06
1.3678e-06
1.3597e-06
1.3516e-06
1.3436e-06
1.3356e-06
1.3276e-06
1.3197e-06
1.3118e-06
1.304e-06
1.2962e-06
1.2885e-06
1.2808e-06
1.2731e-06
1.2655e-06
1.2579e-06
1.2503e-06
1.2428e-06
1.2353e-06
1.2279e-06
1.2205e-06
1.2132e-06
1.2058e-06
1.1986e-06
1.1913e-06
1.1841e-06
1.177e-06
1.1698e-06
1.1627e-06
1.1557e-06
1.1487e-06
1.1417e-06
1.1348e-06
1.1279e-06
1.121e-06
1.1142e-06
1.1074e-06
1.1006e-06
1.0939e-06
1.0872e-06
1.0806e-06
1.074e-06
1.0674e-06
1.0608e-06
1.0543e-06
1.0479e-06
1.0414e-06
1.035e-06
1.0286e-06
1.0223e-06
1.016e-06
1.0097e-06
1.0035e-06
9.9732e-07
9.9115e-07
9.8502e-07
9.7892e-07
9.7286e-07
9.6683e-07
9.6083e-07
9.5486e-07
9.4893e-07
9.4303e-07
9.3716e-07
9.3132e-07
9.2552e-07
9.1975e-07
9.14e-07
9.083e-07
9.0262e-07
8.9697e-07
8.9135e-07
8.8577e-07
8.8022e-07
8.7469e-07
8.692e-07
8.6374e-07
8.583e-07
8.529e-07
8.4753e-07
8.4219e-07
8.3688e-07
8.3159e-07
8.2634e-07
8.2112e-07
8.1592e-07
8.1075e-07
8.0562e-07
8.0051e-07
7.9543e-07
7.9038e-07
7.8536e-07
7.8036e-07
7.7539e-07
7.7046e-07
7.6555e-07
7.6066e-07
7.5581e-07
7.5098e-07
7.4618e-07
7.4141e-07
7.3666e-07
7.3194e-07
7.2725e-07
7.2258e-07
7.1794e-07
7.1333e-07
7.0874e-07
7.0418e-07
6.9965e-07
6.9514e-07
6.9065e-07
6.862e-07
6.8177e-07
6.7736e-07
6.7298e-07
6.6862e-07
6.6429e-07
6.5999e-07
6.5571e-07
6.5145e-07
6.4722e-07
6.4301e-07
6.3883e-07
6.3467e-07
6.3053e-07
6.2642e-07
6.2234e-07
6.1827e-07
6.1423e-07
6.1022e-07
6.0623e-07
6.0226e-07
5.9831e-07
5.9439e-07
5.9049e-07
5.8661e-07
5.8275e-07
5.7892e-07
5.7511e-07
5.7133e-07
5.6756e-07
5.6382e-07
5.601e-07
5.564e-07
5.5272e-07
5.4907e-07
5.4543e-07
5.4182e-07
5.3823e-07
5.3466e-07
5.3111e-07
5.2758e-07
5.2408e-07
5.2059e-07
5.1713e-07
5.1368e-07
5.1026e-07
5.0686e-07
5.0347e-07
5.0011e-07
4.9677e-07
4.9344e-07
4.9014e-07
4.8686e-07
4.836e-07
4.8035e-07
4.7713e-07
4.7392e-07
4.7074e-07
4.6757e-07
4.6442e-07
4.613e-07
4.5819e-07
4.551e-07
4.5202e-07
4.4897e-07
4.4594e-07
4.4292e-07
4.3992e-07
4.3694e-07
4.3398e-07
4.3104e-07
4.2811e-07
4.252e-07
4.2231e-07
4.1944e-07
4.1659e-07
4.1375e-07
4.1093e-07
4.0813e-07
4.0534e-07
4.0257e-07
3.9982e-07
3.9709e-07
3.9437e-07
3.9167e-07
3.8899e-07
3.8632e-07
3.8367e-07
3.8103e-07
3.7841e-07
3.7581e-07
3.7323e-07
3.7066e-07
3.681e-07
3.6556e-07
3.6304e-07
3.6054e-07
3.5804e-07
3.5557e-07
3.5311e-07
3.5066e-07
3.4823e-07
3.4582e-07
3.4342e-07
3.4104e-07
3.3867e-07
3.3631e-07
3.3397e-07
3.3165e-07
3.2934e-07
3.2704e-07
3.2476e-07
3.225e-07
3.2024e-07
3.18e-07
3.1578e-07
3.1357e-07
3.1137e-07
3.0919e-07
3.0702e-07
3.0487e-07
3.0273e-07
3.006e-07
2.9849e-07
2.9639e-07
2.943e-07
2.9223e-07
2.9017e-07
2.8812e-07
2.8609e-07
2.8406e-07
2.8206e-07
2.8006e-07
2.7808e-07
2.7611e-07
2.7415e-07
2.7221e-07
2.7028e-07
2.6836e-07
2.6645e-07
2.6455e-07
2.6267e-07
2.608e-07
2.5894e-07
2.571e-07
2.5526e-07
2.5344e-07
2.5163e-07
2.4983e-07
2.4804e-07
2.4627e-07
2.445e-07
2.4275e-07
2.4101e-07
2.3928e-07
2.3756e-07
2.3585e-07
2.3416e-07
2.3247e-07
2.308e-07
2.2914e-07
2.2748e-07
2.2584e-07
2.2421e-07
2.2259e-07
2.2098e-07
2.1939e-07
2.178e-07
2.1622e-07
2.1465e-07
2.131e-07
2.1155e-07
2.1001e-07
2.0849e-07
2.0697e-07
2.0547e-07
2.0397e-07
2.0248e-07
2.0101e-07
1.9954e-07
1.9809e-07
1.9664e-07
1.952e-07
1.9377e-07
1.9236e-07
1.9095e-07
1.8955e-07
1.8816e-07
1.8678e-07
1.8541e-07
1.8405e-07
1.8269e-07
1.8135e-07
1.8001e-07
1.7869e-07
1.7737e-07
1.7606e-07
1.7476e-07
1.7347e-07
1.7219e-07
1.7092e-07
1.6965e-07
1.684e-07
1.6715e-07
1.6591e-07
1.6468e-07
1.6346e-07
1.6225e-07
1.6104e-07
1.5984e-07
1.5865e-07
1.5747e-07
1.563e-07
1.5513e-07
1.5398e-07
1.5283e-07
1.5169e-07
1.5055e-07
1.4943e-07
1.4831e-07
1.472e-07
1.461e-07
1.45e-07
1.4391e-07
1.4283e-07
1.4176e-07
1.4069e-07
1.3964e-07
1.3859e-07
1.3754e-07
1.3651e-07
1.3548e-07
1.3446e-07
1.3344e-07
1.3243e-07
1.3143e-07
1.3044e-07
1.2945e-07
1.2847e-07
1.275e-07
1.2653e-07
1.2557e-07
1.2462e-07
1.2367e-07
1.2273e-07
1.218e-07
1.2087e-07
1.1995e-07
1.1904e-07
1.1813e-07
1.1723e-07
1.1633e-07
1.1545e-07
1.1456e-07
1.1369e-07
1.1282e-07
1.1195e-07
1.111e-07
1.1024e-07
1.094e-07
1.0856e-07
1.0773e-07
1.069e-07
1.0608e-07
1.0526e-07
1.0445e-07
1.0365e-07
1.0285e-07
1.0205e-07
1.0127e-07
1.0048e-07
9.9707e-08
9.8937e-08
9.8171e-08
9.7411e-08
9.6657e-08
9.5908e-08
9.5164e-08
9.4426e-08
9.3692e-08
9.2965e-08
9.2242e-08
9.1525e-08
9.0812e-08
9.0105e-08
8.9403e-08
8.8706e-08
8.8014e-08
8.7327e-08
8.6645e-08
8.5968e-08
8.5295e-08
8.4628e-08
8.3965e-08
8.3307e-08
8.2654e-08
8.2006e-08
8.1362e-08
8.0723e-08
8.0089e-08
7.9459e-08
7.8834e-08
7.8214e-08
7.7598e-08
7.6986e-08
7.6379e-08
7.5776e-08
7.5178e-08
7.4584e-08
7.3995e-08
7.3409e-08
7.2828e-08
7.2252e-08
7.1679e-08
7.1111e-08
7.0547e-08
6.9987e-08
6.9431e-08
6.8879e-08
6.8331e-08
6.7788e-08
6.7248e-08
6.6712e-08
6.6181e-08
6.5653e-08
6.5129e-08
6.4609e-08
6.4093e-08
6.358e-08
6.3072e-08
6.2567e-08
6.2066e-08
6.1569e-08
6.1075e-08
6.0585e-08
6.0099e-08
5.9616e-08
5.9137e-08
5.8662e-08
5.819e-08
5.7721e-08
5.7256e-08
5.6795e-08
5.6337e-08
5.5882e-08
5.5431e-08
5.4983e-08
5.4539e-08
5.4098e-08
5.366e-08
5.3226e-08
5.2794e-08
5.2366e-08
5.1942e-08
5.152e-08
5.1102e-08
5.0686e-08
5.0274e-08
4.9865e-08
4.946e-08
4.9057e-08
4.8657e-08
4.826e-08
4.7867e-08
4.7476e-08
4.7088e-08
4.6703e-08
4.6321e-08
4.5942e-08
4.5566e-08
4.5193e-08
4.4823e-08
4.4455e-08
4.409e-08
4.3728e-08
4.3369e-08
4.3013e-08
4.2659e-08
4.2308e-08
4.196e-08
4.1614e-08
4.1271e-08
4.0931e-08
4.0593e-08
4.0258e-08
3.9925e-08
3.9595e-08
3.9268e-08
3.8943e-08
3.862e-08
3.83e-08
3.7983e-08
3.7668e-08
3.7355e-08
3.7045e-08
3.6737e-08
3.6432e-08
3.6129e-08
3.5828e-08
3.553e-08
3.5234e-08
3.494e-08
3.4649e-08
3.4359e-08
3.4072e-08
3.3788e-08
3.3505e-08
3.3225e-08
3.2947e-08
3.2671e-08
3.2397e-08
3.2126e-08
3.1856e-08
3.1589e-08
3.1324e-08
3.1061e-08
3.0799e-08
3.054e-08
3.0283e-08
3.0028e-08
2.9775e-08
2.9524e-08
2.9275e-08
2.9028e-08
2.8783e-08
2.854e-08
2.8299e-08
2.8059e-08
2.7822e-08
2.7586e-08
2.7352e-08
2.7121e-08
2.6891e-08
2.6662e-08
2.6436e-08
2.6211e-08
2.5989e-08
2.5768e-08
2.5548e-08
2.5331e-08
2.5115e-08
2.4901e-08
2.4688e-08
2.4478e-08
2.4269e-08
2.4061e-08
2.3856e-08
2.3652e-08
2.3449e-08
2.3249e-08
2.3049e-08
2.2852e-08
2.2656e-08
2.2462e-08
2.2269e-08
2.2077e-08
2.1888e-08
2.17e-08
2.1513e-08
2.1328e-08
2.1144e-08
2.0962e-08
2.0781e-08
2.0602e-08
2.0424e-08
2.0247e-08
2.0073e-08
1.9899e-08
1.9727e-08
1.9556e-08
1.9387e-08
1.9219e-08
1.9052e-08
1.8887e-08
1.8723e-08
1.856e-08
1.8399e-08
1.8239e-08
1.8081e-08
1.7923e-08
1.7767e-08
1.7612e-08
1.7459e-08
1.7307e-08
1.7156e-08
1.7006e-08
1.6857e-08
1.671e-08
1.6564e-08
1.6419e-08
1.6275e-08
1.6133e-08
1.5991e-08
1.5851e-08
1.5712e-08
1.5574e-08
1.5437e-08
1.5302e-08
1.5167e-08
1.5034e-08
1.4901e-08
1.477e-08
1.464e-08
1.4511e-08
1.4383e-08
1.4256e-08
1.413e-08
1.4005e-08
1.3882e-08
1.3759e-08
1.3637e-08
1.3516e-08
1.3397e-08
1.3278e-08
1.316e-08
1.3044e-08
1.2928e-08
1.2813e-08
1.2699e-08
1.2586e-08
1.2474e-08
1.2363e-08
1.2253e-08
1.2144e-08
1.2036e-08
1.1929e-08
1.1822e-08
1.1717e-08
1.1612e-08
1.1508e-08
1.1405e-08
1.1303e-08
1.1202e-08
1.1102e-08
1.1002e-08
1.0904e-08
1.0806e-08
1.0709e-08
1.0613e-08
1.0517e-08
1.0423e-08
1.0329e-08
1.0236e-08
1.0144e-08
1.0053e-08
9.962e-09
9.8722e-09
9.7831e-09
9.6948e-09
9.6073e-09
9.5205e-09
9.4344e-09
9.3491e-09
9.2645e-09
9.1806e-09
9.0975e-09
9.015e-09
8.9333e-09
8.8522e-09
8.7719e-09
8.6922e-09
8.6132e-09
8.5349e-09
8.4573e-09
8.3803e-09
8.304e-09
8.2284e-09
8.1534e-09
8.079e-09
8.0053e-09
7.9322e-09
7.8598e-09
7.7879e-09
7.7167e-09
7.6461e-09
7.5762e-09
7.5068e-09
7.438e-09
7.3698e-09
7.3022e-09
7.2352e-09
7.1688e-09
7.103e-09
7.0377e-09
6.973e-09
6.9088e-09
6.8453e-09
6.7822e-09
6.7197e-09
6.6578e-09
6.5964e-09
6.5355e-09
6.4752e-09
6.4154e-09
6.3561e-09
6.2973e-09
6.2391e-09
6.1813e-09
6.1241e-09
6.0674e-09
6.0111e-09
5.9554e-09
5.9001e-09
5.8453e-09
5.791e-09
5.7372e-09
5.6839e-09
5.631e-09
5.5786e-09
5.5267e-09
5.4752e-09
5.4241e-09
5.3736e-09
5.3234e-09
5.2737e-09
5.2245e-09
5.1757e-09
5.1273e-09
5.0793e-09
5.0318e-09
4.9847e-09
4.938e-09
4.8917e-09
4.8458e-09
4.8003e-09
4.7553e-09
4.7106e-09
4.6664e-09
4.6225e-09
4.579e-09
4.5359e-09
4.4932e-09
4.4509e-09
4.409e-09
4.3674e-09
4.3262e-09
4.2854e-09
4.2449e-09
4.2048e-09
4.1651e-09
4.1257e-09
4.0866e-09
4.0479e-09
4.0096e-09
3.9716e-09
3.934e-09
3.8966e-09
3.8597e-09
3.823e-09
3.7867e-09
3.7507e-09
3.7151e-09
3.6797e-09
3.6447e-09
3.61e-09
3.5756e-09
3.5415e-09
3.5077e-09
3.4743e-09
3.4411e-09
3.4082e-09
3.3757e-09
3.3434e-09
3.3114e-09
3.2797e-09
3.2483e-09
3.2172e-09
3.1864e-09
3.1558e-09
3.1256e-09
3.0956e-09
3.0658e-09
3.0364e-09
3.0072e-09
2.9783e-09
2.9496e-09
2.9212e-09
2.8931e-09
2.8652e-09
2.8376e-09
2.8103e-09
2.7831e-09
2.7563e-09
2.7296e-09
2.7033e-09
2.6771e-09
2.6512e-09
2.6256e-09
2.6002e-09
2.575e-09
2.55e-09
2.5253e-09
2.5008e-09
2.4765e-09
2.4525e-09
2.4287e-09
2.4051e-09
2.3817e-09
2.3585e-09
2.3355e-09
2.3128e-09
2.2903e-09
2.2679e-09
2.2458e-09
2.2239e-09
2.2022e-09
2.1807e-09
2.1594e-09
2.1383e-09
2.1174e-09
2.0967e-09
2.0761e-09
2.0558e-09
2.0357e-09
2.0157e-09
1.9959e-09
1.9763e-09
1.9569e-09
1.9377e-09
1.9187e-09
1.8998e-09
1.8811e-09
1.8626e-09
1.8443e-09
1.8261e-09
1.8081e-09
1.7903e-09
1.7726e-09
1.7551e-09
1.7378e-09
1.7206e-09
1.7036e-09
1.6868e-09
1.6701e-09
1.6536e-09
1.6372e-09
1.621e-09
1.6049e-09
1.589e-09
1.5732e-09
1.5576e-09
1.5421e-09
1.5268e-09
1.5117e-09
1.4966e-09
1.4817e-09
1.467e-09
1.4524e-09
1.4379e-09
1.4236e-09
1.4094e-09
1.3953e-09
1.3814e-09
1.3676e-09
1.3539e-09
1.3404e-09
1.327e-09
1.3137e-09
1.3006e-09
1.2875e-09
1.2746e-09
1.2619e-09
1.2492e-09
1.2367e-09
1.2243e-09
1.212e-09
1.1998e-09
1.1877e-09
1.1758e-09
1.164e-09
1.1522e-09
1.1406e-09
1.1291e-09
1.1178e-09
1.1065e-09
1.0953e-09
1.0843e-09
1.0733e-09
1.0625e-09
1.0517e-09
1.0411e-09
1.0306e-09
1.0201e-09
1.0098e-09
9.9958e-10
9.8945e-10
9.7941e-10
9.6948e-10
9.5964e-10
9.4989e-10
9.4024e-10
9.3069e-10
9.2122e-10
9.1185e-10
9.0257e-10
8.9338e-10
8.8428e-10
8.7526e-10
8.6634e-10
8.575e-10
8.4875e-10
8.4008e-10
8.315e-10
8.23e-10
8.1459e-10
8.0625e-10
7.98e-10
7.8983e-10
7.8174e-10
7.7373e-10
7.658e-10
7.5794e-10
7.5016e-10
7.4246e-10
7.3483e-10
7.2728e-10
7.1981e-10
7.124e-10
7.0507e-10
6.9781e-10
6.9062e-10
6.8351e-10
6.7646e-10
6.6948e-10
6.6258e-10
6.5574e-10
6.4896e-10
6.4226e-10
6.3562e-10
6.2905e-10
6.2254e-10
6.1609e-10
6.0971e-10
6.034e-10
5.9714e-10
5.9095e-10
5.8482e-10
5.7875e-10
5.7274e-10
5.6679e-10
5.609e-10
5.5507e-10
5.4929e-10
5.4357e-10
5.3791e-10
5.3231e-10
5.2676e-10
5.2127e-10
5.1583e-10
5.1045e-10
5.0512e-10
4.9985e-10
4.9462e-10
4.8945e-10
4.8433e-10
4.7926e-10
4.7425e-10
4.6928e-10
4.6436e-10
4.595e-10
4.5468e-10
4.4991e-10
4.4518e-10
4.4051e-10
4.3588e-10
4.313e-10
4.2676e-10
4.2228e-10
4.1783e-10
4.1343e-10
4.0908e-10
4.0477e-10
4.005e-10
3.9627e-10
3.9209e-10
3.8795e-10
3.8385e-10
3.798e-10
3.7578e-10
3.7181e-10
3.6788e-10
3.6398e-10
3.6013e-10
3.5631e-10
3.5253e-10
3.488e-10
3.451e-10
3.4143e-10
3.3781e-10
3.3422e-10
3.3067e-10
3.2715e-10
3.2367e-10
3.2023e-10
3.1682e-10
3.1344e-10
3.101e-10
3.068e-10
3.0353e-10
3.0029e-10
2.9708e-10
2.9391e-10
2.9077e-10
2.8766e-10
2.8459e-10
2.8154e-10
2.7853e-10
2.7555e-10
2.7259e-10
2.6967e-10
2.6678e-10
2.6392e-10
2.6109e-10
2.5829e-10
2.5551e-10
2.5277e-10
2.5005e-10
2.4736e-10
2.447e-10
2.4207e-10
2.3946e-10
2.3688e-10
2.3433e-10
2.318e-10
2.293e-10
2.2682e-10
2.2438e-10
2.2195e-10
2.1955e-10
2.1718e-10
2.1483e-10
2.1251e-10
2.1021e-10
2.0793e-10
2.0568e-10
2.0345e-10
2.0124e-10
1.9906e-10
1.969e-10
1.9476e-10
1.9265e-10
1.9055e-10
1.8848e-10
1.8643e-10
1.844e-10
1.824e-10
1.8041e-10
1.7845e-10
1.765e-10
1.7458e-10
1.7267e-10
1.7079e-10
1.6892e-10
1.6708e-10
1.6525e-10
1.6345e-10
1.6166e-10
1.5989e-10
1.5814e-10
1.5641e-10
1.5469e-10
1.53e-10
1.5132e-10
1.4966e-10
1.4802e-10
1.4639e-10
1.4479e-10
1.432e-10
1.4162e-10
1.4006e-10
1.3852e-10
1.37e-10
1.3549e-10
1.34e-10
1.3252e-10
1.3106e-10
1.2961e-10
1.2818e-10
1.2677e-10
1.2537e-10
1.2398e-10
1.2261e-10
1.2126e-10
1.1992e-10
1.1859e-10
1.1728e-10
1.1598e-10
1.1469e-10
1.1342e-10
1.1216e-10
1.1092e-10
1.0969e-10
1.0847e-10
1.0726e-10
1.0607e-10
1.0489e-10
1.0372e-10
1.0257e-10
1.0143e-10
1.003e-10
9.9181e-11
9.8076e-11
9.6982e-11
9.59e-11
9.483e-11
9.3771e-11
9.2724e-11
9.1687e-11
9.0662e-11
8.9648e-11
8.8645e-11
8.7653e-11
8.6671e-11
8.5701e-11
8.474e-11
8.379e-11
8.285e-11
8.192e-11
8.1001e-11
8.0091e-11
7.9191e-11
7.8301e-11
7.742e-11
7.6549e-11
7.5688e-11
7.4836e-11
7.3993e-11
7.3159e-11
7.2334e-11
7.1518e-11
7.0712e-11
6.9913e-11
6.9124e-11
6.8343e-11
6.7571e-11
6.6807e-11
6.6051e-11
6.5304e-11
6.4565e-11
6.3833e-11
6.311e-11
6.2395e-11
6.1687e-11
6.0988e-11
6.0296e-11
5.9611e-11
5.8934e-11
5.8264e-11
5.7602e-11
5.6947e-11
5.6299e-11
5.5659e-11
5.5025e-11
5.4398e-11
5.3778e-11
5.3165e-11
5.2559e-11
5.1959e-11
5.1366e-11
5.078e-11
5.02e-11
4.9626e-11
4.9059e-11
4.8498e-11
4.7943e-11
4.7394e-11
4.6851e-11
4.6315e-11
4.5784e-11
4.5259e-11
4.474e-11
4.4227e-11
4.3719e-11
4.3217e-11
4.272e-11
4.2229e-11
4.1744e-11
4.1264e-11
4.0789e-11
4.0319e-11
3.9855e-11
3.9396e-11
3.8942e-11
3.8493e-11
3.8049e-11
3.761e-11
3.7175e-11
3.6746e-11
3.6322e-11
3.5902e-11
3.5487e-11
3.5076e-11
3.467e-11
3.4269e-11
3.3872e-11
3.3479e-11
3.3091e-11
3.2708e-11
3.2328e-11
3.1953e-11
3.1582e-11
3.1215e-11
3.0853e-11
3.0494e-11
3.0139e-11
2.9789e-11
2.9442e-11
2.9099e-11
2.876e-11
2.8425e-11
2.8094e-11
2.7766e-11
2.7442e-11
2.7122e-11
2.6805e-11
2.6492e-11
2.6183e-11
2.5877e-11
2.5574e-11
2.5275e-11
2.4979e-11
2.4687e-11
2.4398e-11
2.4112e-11
2.3829e-11
2.355e-11
2.3273e-11
2.3e-11
2.273e-11
2.2463e-11
2.2199e-11
2.1938e-11
2.168e-11
2.1425e-11
2.1173e-11
2.0924e-11
2.0677e-11
2.0434e-11
2.0193e-11
1.9955e-11
1.9719e-11
1.9487e-11
1.9257e-11
1.9029e-11
1.8804e-11
1.8582e-11
1.8362e-11
1.8145e-11
1.793e-11
1.7718e-11
1.7508e-11
1.7301e-11
1.7096e-11
1.6893e-11
1.6693e-11
1.6495e-11
1.6299e-11
1.6105e-11
1.5914e-11
1.5725e-11
1.5538e-11
1.5353e-11
1.517e-11
1.499e-11
1.4811e-11
1.4635e-11
1.446e-11
1.4288e-11
1.4117e-11
1.3949e-11
1.3782e-11
1.3618e-11
1.3455e-11
1.3294e-11
1.3135e-11
1.2978e-11
1.2823e-11
1.2669e-11
1.2518e-11
1.2368e-11
1.222e-11
1.2073e-11
1.1928e-11
1.1785e-11
1.1644e-11
1.1504e-11
1.1366e-11
1.1229e-11
1.1094e-11
1.0961e-11
1.0829e-11
1.0699e-11
1.057e-11
1.0442e-11
1.0317e-11
1.0192e-11
1.0069e-11
9.9479e-12
9.8279e-12
9.7092e-12
9.592e-12
9.4761e-12
9.3615e-12
9.2483e-12
9.1365e-12
9.0259e-12
8.9167e-12
8.8087e-12
8.702e-12
8.5965e-12
8.4923e-12
8.3893e-12
8.2875e-12
8.1869e-12
8.0875e-12
7.9892e-12
7.8922e-12
7.7962e-12
7.7014e-12
7.6077e-12
7.5151e-12
7.4236e-12
7.3332e-12
7.2438e-12
7.1555e-12
7.0683e-12
6.9821e-12
6.8969e-12
6.8127e-12
6.7295e-12
6.6472e-12
6.566e-12
6.4857e-12
6.4064e-12
6.328e-12
6.2505e-12
6.174e-12
6.0984e-12
6.0236e-12
5.9498e-12
5.8768e-12
5.8047e-12
5.7335e-12
5.6631e-12
5.5935e-12
5.5248e-12
5.4569e-12
5.3898e-12
5.3235e-12
5.258e-12
5.1932e-12
5.1293e-12
5.0661e-12
5.0036e-12
4.9419e-12
4.881e-12
4.8208e-12
4.7613e-12
4.7025e-12
4.6444e-12
4.587e-12
4.5303e-12
4.4742e-12
4.4189e-12
4.3642e-12
4.3102e-12
4.2568e-12
4.204e-12
4.1519e-12
4.1005e-12
4.0496e-12
3.9993e-12
3.9497e-12
3.9006e-12
3.8522e-12
3.8043e-12
3.757e-12
3.7103e-12
3.6641e-12
3.6185e-12
3.5735e-12
3.529e-12
3.485e-12
3.4415e-12
3.3986e-12
3.3562e-12
3.3143e-12
3.273e-12
3.2321e-12
3.1917e-12
3.1518e-12
3.1124e-12
3.0735e-12
3.035e-12
2.9971e-12
2.9595e-12
2.9225e-12
2.8858e-12
2.8497e-12
2.8139e-12
2.7786e-12
2.7438e-12
2.7093e-12
2.6753e-12
2.6417e-12
2.6085e-12
2.5757e-12
2.5433e-12
2.5113e-12
2.4797e-12
2.4485e-12
2.4176e-12
2.3872e-12
2.3571e-12
2.3273e-12
2.298e-12
2.269e-12
2.2403e-12
2.2121e-12
2.1841e-12
2.1565e-12
2.1292e-12
2.1023e-12
2.0757e-12
2.0494e-12
2.0235e-12
1.9979e-12
1.9725e-12
1.9475e-12
1.9229e-12
1.8985e-12
1.8744e-12
1.8506e-12
1.8271e-12
1.8039e-12
1.7809e-12
1.7583e-12
1.7359e-12
1.7139e-12
1.692e-12
1.6705e-12
1.6492e-12
1.6282e-12
1.6075e-12
1.587e-12
1.5667e-12
1.5467e-12
1.527e-12
1.5075e-12
1.4882e-12
1.4692e-12
1.4504e-12
1.4319e-12
1.4136e-12
1.3955e-12
1.3776e-12
1.36e-12
1.3426e-12
1.3254e-12
1.3084e-12
1.2916e-12
1.275e-12
1.2587e-12
1.2425e-12
1.2265e-12
1.2108e-12
1.1952e-12
1.1798e-12
1.1647e-12
1.1497e-12
1.1349e-12
1.1203e-12
1.1058e-12
1.0916e-12
1.0775e-12
1.0636e-12
1.0499e-12
1.0364e-12
1.023e-12
1.0098e-12
9.9673e-13
9.8385e-13
9.7113e-13
9.5857e-13
9.4617e-13
9.3393e-13
9.2184e-13
9.099e-13
8.9811e-13
8.8647e-13
8.7498e-13
8.6363e-13
8.5242e-13
8.4136e-13
8.3044e-13
8.1965e-13
8.09e-13
7.9849e-13
7.881e-13
7.7785e-13
7.6773e-13
7.5774e-13
7.4787e-13
7.3813e-13
7.2851e-13
7.1902e-13
7.0964e-13
7.0039e-13
6.9125e-13
6.8222e-13
6.7331e-13
6.6452e-13
6.5584e-13
6.4726e-13
6.388e-13
6.3044e-13
6.2219e-13
6.1405e-13
6.0601e-13
5.9807e-13
5.9023e-13
5.8249e-13
5.7485e-13
5.6731e-13
5.5987e-13
5.5252e-13
5.4526e-13
5.381e-13
5.3102e-13
5.2404e-13
5.1715e-13
5.1035e-13
5.0363e-13
4.97e-13
4.9045e-13
4.8399e-13
4.7761e-13
4.7132e-13
4.651e-13
4.5896e-13
4.5291e-13
4.4693e-13
4.4102e-13
4.352e-13
4.2945e-13
4.2377e-13
4.1816e-13
4.1263e-13
4.0717e-13
4.0178e-13
3.9646e-13
3.912e-13
3.8602e-13
3.809e-13
3.7585e-13
3.7086e-13
3.6594e-13
3.6108e-13
3.5628e-13
3.5155e-13
3.4688e-13
3.4227e-13
3.3771e-13
3.3322e-13
3.2878e-13
3.2441e-13
3.2009e-13
3.1582e-13
3.1161e-13
3.0746e-13
3.0336e-13
2.9931e-13
2.9531e-13
2.9137e-13
2.8748e-13
2.8364e-13
2.7985e-13
2.761e-13
2.7241e-13
2.6877e-13
2.6517e-13
2.6162e-13
2.5811e-13
2.5466e-13
2.5124e-13
2.4787e-13
2.4455e-13
2.4127e-13
2.3803e-13
2.3483e-13
2.3168e-13
2.2857e-13
2.2549e-13
2.2246e-13
2.1947e-13
2.1652e-13
2.136e-13
2.1073e-13
2.0789e-13
2.0509e-13
2.0232e-13
1.996e-13
1.969e-13
1.9425e-13
1.9162e-13
1.8904e-13
1.8648e-13
1.8396e-13
1.8148e-13
1.7902e-13
1.766e-13
1.7421e-13
1.7186e-13
1.6953e-13
1.6723e-13
1.6497e-13
1.6273e-13
1.6053e-13
1.5835e-13
1.562e-13
1.5408e-13
1.5199e-13
1.4992e-13
1.4789e-13
1.4588e-13
1.4389e-13
1.4194e-13
1.4001e-13
1.381e-13
1.3622e-13
1.3437e-13
1.3254e-13
1.3073e-13
1.2895e-13
1.2719e-13
1.2545e-13
1.2374e-13
1.2205e-13
1.2039e-13
1.1874e-13
1.1712e-13
1.1552e-13
1.1394e-13
1.1238e-13
1.1084e-13
1.0932e-13
1.0783e-13
1.0635e-13
1.0489e-13
1.0346e-13
1.0204e-13
1.0064e-13
9.9257e-14
9.7895e-14
9.6551e-14
9.5224e-14
9.3916e-14
9.2625e-14
9.1352e-14
9.0095e-14
8.8856e-14
8.7633e-14
8.6426e-14
8.5236e-14
8.4062e-14
8.2903e-14
8.176e-14
8.0633e-14
7.952e-14
7.8423e-14
7.734e-14
7.6272e-14
7.5219e-14
7.4179e-14
7.3154e-14
7.2142e-14
7.1144e-14
7.016e-14
6.9189e-14
6.8231e-14
6.7286e-14
6.6353e-14
6.5434e-14
6.4526e-14
6.3631e-14
6.2748e-14
6.1878e-14
6.1018e-14
6.0171e-14
5.9335e-14
5.851e-14
5.7697e-14
5.6894e-14
5.6103e-14
5.5322e-14
5.4552e-14
5.3792e-14
5.3043e-14
5.2304e-14
5.1575e-14
5.0855e-14
5.0146e-14
4.9446e-14
4.8756e-14
4.8075e-14
4.7404e-14
4.6741e-14
4.6088e-14
4.5444e-14
4.4808e-14
4.4181e-14
4.3563e-14
4.2953e-14
4.2351e-14
4.1758e-14
4.1173e-14
4.0595e-14
4.0026e-14
3.9465e-14
3.8911e-14
3.8365e-14
3.7826e-14
3.7294e-14
3.677e-14
3.6254e-14
3.5744e-14
3.5241e-14
3.4745e-14
3.4256e-14
3.3774e-14
3.3298e-14
3.2829e-14
3.2366e-14
3.191e-14
3.146e-14
3.1016e-14
3.0578e-14
3.0147e-14
2.9721e-14
2.9301e-14
2.8887e-14
2.8479e-14
2.8076e-14
2.7679e-14
2.7287e-14
2.6901e-14
2.652e-14
2.6144e-14
2.5774e-14
2.5409e-14
2.5048e-14
2.4693e-14
2.4343e-14
2.3997e-14
2.3657e-14
2.3321e-14
2.2989e-14
2.2663e-14
2.2341e-14
2.2023e-14
2.171e-14
2.1401e-14
2.1096e-14
2.0796e-14
2.0499e-14
2.0207e-14
1.9919e-14
1.9635e-14
1.9355e-14
1.9079e-14
1.8807e-14
1.8538e-14
1.8274e-14
1.8013e-14
1.7755e-14
1.7501e-14
1.7251e-14
1.7004e-14
1.6761e-14
1.6521e-14
1.6285e-14
1.6051e-14
1.5821e-14
1.5595e-14
1.5371e-14
1.5151e-14
1.4933e-14
1.4719e-14
1.4508e-14
1.4299e-14
1.4094e-14
1.3891e-14
1.3692e-14
1.3495e-14
1.3301e-14
1.3109e-14
1.2921e-14
1.2735e-14
1.2551e-14
1.2371e-14
1.2192e-14
1.2017e-14
1.1843e-14
1.1672e-14
1.1504e-14
1.1338e-14
1.1174e-14
1.1013e-14
1.0854e-14
1.0697e-14
1.0542e-14
1.039e-14
1.0239e-14
1.0091e-14
9.9451e-15
9.8011e-15
9.6591e-15
9.5192e-15
9.3812e-15
9.2452e-15
9.1111e-15
8.9789e-15
8.8485e-15
8.7201e-15
8.5934e-15
8.4686e-15
8.3455e-15
8.2242e-15
8.1046e-15
7.9867e-15
7.8705e-15
7.7559e-15
7.643e-15
7.5317e-15
7.422e-15
7.3138e-15
7.2072e-15
7.1021e-15
6.9985e-15
6.8963e-15
6.7957e-15
6.6964e-15
6.5986e-15
6.5022e-15
6.4072e-15
6.3135e-15
6.2211e-15
6.1301e-15
6.0404e-15
5.952e-15
5.8648e-15
5.7789e-15
5.6942e-15
5.6108e-15
5.5285e-15
5.4474e-15
5.3675e-15
5.2887e-15
5.211e-15
5.1345e-15
5.0591e-15
4.9847e-15
4.9115e-15
4.8392e-15
4.7681e-15
4.6979e-15
4.6288e-15
4.5606e-15
4.4934e-15
4.4272e-15
4.362e-15
4.2977e-15
4.2343e-15
4.1718e-15
4.1103e-15
4.0496e-15
3.9898e-15
3.9309e-15
3.8728e-15
3.8156e-15
3.7592e-15
3.7036e-15
3.6488e-15
3.5948e-15
3.5416e-15
3.4891e-15
3.4374e-15
3.3865e-15
3.3363e-15
3.2869e-15
3.2381e-15
3.1901e-15
3.1427e-15
3.0961e-15
3.0501e-15
3.0048e-15
2.9602e-15
2.9162e-15
2.8728e-15
2.8301e-15
2.788e-15
2.7465e-15
2.7056e-15
2.6653e-15
2.6256e-15
2.5865e-15
2.5479e-15
2.5099e-15
2.4725e-15
2.4356e-15
2.3993e-15
2.3634e-15
2.3282e-15
2.2934e-15
2.2591e-15
2.2253e-15
2.1921e-15
2.1593e-15
2.127e-15
2.0951e-15
2.0638e-15
2.0329e-15
2.0024e-15
1.9724e-15
1.9429e-15
1.9137e-15
1.885e-15
1.8567e-15
1.8289e-15
1.8014e-15
1.7744e-15
1.7477e-15
1.7214e-15
1.6956e-15
1.6701e-15
1.645e-15
1.6202e-15
1.5958e-15
1.5718e-15
1.5481e-15
1.5248e-15
1.5018e-15
1.4792e-15
1.4569e-15
1.4349e-15
1.4133e-15
1.3919e-15
1.3709e-15
1.3502e-15
1.3298e-15
1.3097e-15
1.2899e-15
1.2704e-15
1.2512e-15
1.2323e-15
1.2136e-15
1.1953e-15
1.1772e-15
1.1593e-15
1.1418e-15
1.1245e-15
1.1074e-15
1.0906e-15
1.0741e-15
1.0578e-15
1.0417e-15
1.0259e-15
1.0103e-15
9.9497e-16
9.7985e-16
9.6495e-16
9.5028e-16
9.3582e-16
9.2158e-16
9.0755e-16
8.9373e-16
8.8012e-16
8.6671e-16
8.535e-16
8.4049e-16
8.2767e-16
8.1505e-16
8.0261e-16
7.9036e-16
7.7829e-16
7.664e-16
7.547e-16
7.4316e-16
7.318e-16
7.2061e-16
7.0959e-16
6.9873e-16
6.8803e-16
6.775e-16
6.6712e-16
6.569e-16
6.4684e-16
6.3692e-16
6.2716e-16
6.1754e-16
6.0806e-16
5.9873e-16
5.8954e-16
5.8048e-16
5.7157e-16
5.6278e-16
5.5413e-16
5.4561e-16
5.3722e-16
5.2895e-16
5.2081e-16
5.128e-16
5.049e-16
4.9712e-16
4.8946e-16
4.8192e-16
4.7449e-16
4.6717e-16
4.5996e-16
4.5287e-16
4.4588e-16
4.3899e-16
4.3221e-16
4.2553e-16
4.1896e-16
4.1248e-16
4.061e-16
3.9982e-16
3.9363e-16
3.8754e-16
3.8154e-16
3.7563e-16
3.6981e-16
3.6408e-16
3.5844e-16
3.5288e-16
3.474e-16
3.4201e-16
3.3671e-16
3.3148e-16
3.2633e-16
3.2126e-16
3.1627e-16
3.1135e-16
3.0651e-16
3.0175e-16
2.9705e-16
2.9243e-16
2.8788e-16
2.8339e-16
2.7898e-16
2.7463e-16
2.7035e-16
2.6614e-16
2.6199e-16
2.579e-16
2.5388e-16
2.4991e-16
2.4601e-16
2.4217e-16
2.3839e-16
2.3466e-16
2.3099e-16
2.2738e-16
2.2382e-16
2.2032e-16
2.1687e-16
2.1348e-16
2.1014e-16
2.0684e-16
2.036e-16
2.0041e-16
1.9727e-16
1.9418e-16
1.9113e-16
1.8813e-16
1.8518e-16
1.8227e-16
1.7941e-16
1.7659e-16
1.7381e-16
1.7108e-16
1.6839e-16
1.6574e-16
1.6313e-16
1.6057e-16
1.5804e-16
1.5555e-16
1.531e-16
1.5069e-16
1.4831e-16
1.4597e-16
1.4367e-16
1.414e-16
1.3917e-16
1.3698e-16
1.3481e-16
1.3268e-16
1.3059e-16
1.2852e-16
1.2649e-16
1.2449e-16
1.2252e-16
1.2058e-16
1.1867e-16
1.168e-16
1.1495e-16
1.1313e-16
1.1133e-16
1.0957e-16
1.0783e-16
1.0612e-16
1.0444e-16
1.0278e-16
1.0115e-16
9.9542e-17
9.7961e-17
9.6405e-17
9.4873e-17
9.3364e-17
9.188e-17
9.0418e-17
8.8979e-17
8.7563e-17
8.6169e-17
8.4797e-17
8.3446e-17
8.2116e-17
8.0808e-17
7.9519e-17
7.8251e-17
7.7003e-17
7.5774e-17
7.4564e-17
7.3374e-17
7.2202e-17
7.1048e-17
6.9913e-17
6.8795e-17
6.7695e-17
6.6612e-17
6.5547e-17
6.4498e-17
6.3465e-17
6.2449e-17
6.1448e-17
6.0464e-17
5.9495e-17
5.8541e-17
5.7602e-17
5.6678e-17
5.5769e-17
5.4873e-17
5.3992e-17
5.3125e-17
5.2272e-17
5.1432e-17
5.0605e-17
4.9791e-17
4.8991e-17
4.8202e-17
4.7427e-17
4.6663e-17
4.5912e-17
4.5172e-17
4.4445e-17
4.3728e-17
4.3023e-17
4.233e-17
4.1647e-17
4.0975e-17
4.0314e-17
3.9663e-17
3.9022e-17
3.8392e-17
3.7772e-17
3.7161e-17
3.656e-17
3.5969e-17
3.5387e-17
3.4815e-17
3.4251e-17
3.3697e-17
3.3151e-17
3.2614e-17
3.2085e-17
3.1565e-17
3.1053e-17
3.055e-17
3.0054e-17
2.9566e-17
2.9087e-17
2.8614e-17
2.8149e-17
2.7692e-17
2.7242e-17
2.6799e-17
2.6364e-17
2.5935e-17
2.5513e-17
2.5098e-17
2.4689e-17
2.4287e-17
2.3891e-17
2.3502e-17
2.3119e-17
2.2742e-17
2.2371e-17
2.2006e-17
2.1647e-17
2.1294e-17
2.0946e-17
2.0604e-17
2.0268e-17
1.9937e-17
1.9611e-17
1.929e-17
1.8975e-17
1.8664e-17
1.8359e-17
1.8058e-17
1.7763e-17
1.7472e-17
1.7186e-17
1.6904e-17
1.6627e-17
1.6354e-17
1.6086e-17
1.5822e-17
1.5563e-17
1.5307e-17
1.5056e-17
1.4809e-17
1.4565e-17
1.4326e-17
1.4091e-17
1.3859e-17
1.3631e-17
1.3407e-17
1.3186e-17
1.2969e-17
1.2755e-17
1.2545e-17
1.2339e-17
1.2135e-17
1.1935e-17
1.1739e-17
1.1545e-17
1.1354e-17
1.1167e-17
1.0983e-17
1.0801e-17
1.0623e-17
1.0448e-17
1.0275e-17
1.0105e-17
9.938e-18
9.7736e-18
9.6119e-18
9.4528e-18
9.2963e-18
9.1424e-18
8.991e-18
8.842e-18
8.6955e-18
8.5514e-18
8.4096e-18
8.2701e-18
8.1329e-18
7.9979e-18
7.8651e-18
7.7345e-18
7.6061e-18
7.4797e-18
7.3554e-18
7.2331e-18
7.1129e-18
6.9946e-18
6.8782e-18
6.7637e-18
6.6511e-18
6.5404e-18
6.4314e-18
6.3243e-18
6.2189e-18
6.1152e-18
6.0133e-18
5.913e-18
5.8143e-18
5.7173e-18
5.6218e-18
5.528e-18
5.4356e-18
5.3448e-18
5.2555e-18
5.1677e-18
5.0812e-18
4.9963e-18
4.9127e-18
4.8305e-18
4.7496e-18
4.6701e-18
4.5919e-18
4.5149e-18
4.4393e-18
4.3648e-18
4.2917e-18
4.2197e-18
4.1489e-18
4.0793e-18
4.0108e-18
3.9434e-18
3.8772e-18
3.8121e-18
3.748e-18
3.685e-18
3.6231e-18
3.5621e-18
3.5022e-18
3.4433e-18
3.3853e-18
3.3283e-18
3.2722e-18
3.2171e-18
3.1629e-18
3.1096e-18
3.0572e-18
3.0056e-18
2.9549e-18
2.905e-18
2.856e-18
2.8078e-18
2.7604e-18
2.7137e-18
2.6679e-18
2.6228e-18
2.5784e-18
2.5348e-18
2.492e-18
2.4498e-18
2.4083e-18
2.3675e-18
2.3275e-18
2.288e-18
2.2493e-18
2.2111e-18
2.1737e-18
2.1368e-18
2.1005e-18
2.0649e-18
2.0299e-18
1.9954e-18
1.9615e-18
1.9282e-18
1.8954e-18
1.8632e-18
1.8315e-18
1.8004e-18
1.7698e-18
1.7397e-18
1.7101e-18
1.6809e-18
1.6523e-18
1.6242e-18
1.5965e-18
1.5693e-18
1.5426e-18
1.5162e-18
1.4904e-18
1.465e-18
1.44e-18
1.4154e-18
1.3912e-18
1.3675e-18
1.3441e-18
1.3211e-18
1.2985e-18
1.2763e-18
1.2545e-18
1.2331e-18
1.212e-18
1.1912e-18
1.1708e-18
1.1508e-18
1.131e-18
1.1117e-18
1.0926e-18
1.0739e-18
1.0555e-18
1.0374e-18
1.0196e-18
1.0021e-18
9.8486e-19
9.6795e-19
9.5132e-19
9.3498e-19
9.1891e-19
9.0311e-19
8.8758e-19
8.7232e-19
8.5731e-19
8.4256e-19
8.2805e-19
8.1379e-19
7.9978e-19
7.86e-19
7.7245e-19
7.5914e-19
7.4605e-19
7.3318e-19
7.2054e-19
7.081e-19
6.9588e-19
6.8387e-19
6.7206e-19
6.6045e-19
6.4903e-19
6.3782e-19
6.2679e-19
6.1595e-19
6.053e-19
5.9482e-19
5.8453e-19
5.7441e-19
5.6446e-19
5.5469e-19
5.4508e-19
5.3563e-19
5.2634e-19
5.1722e-19
5.0825e-19
4.9943e-19
4.9076e-19
4.8224e-19
4.7387e-19
4.6564e-19
4.5755e-19
4.496e-19
4.4179e-19
4.3411e-19
4.2656e-19
4.1914e-19
4.1184e-19
4.0468e-19
3.9763e-19
3.9071e-19
3.839e-19
3.7721e-19
3.7064e-19
3.6418e-19
3.5783e-19
3.5159e-19
3.4545e-19
3.3942e-19
3.335e-19
3.2768e-19
3.2195e-19
3.1633e-19
3.108e-19
3.0537e-19
3.0003e-19
2.9478e-19
2.8963e-19
2.8456e-19
2.7958e-19
2.7468e-19
2.6987e-19
2.6515e-19
2.605e-19
2.5594e-19
2.5145e-19
2.4704e-19
2.4271e-19
2.3845e-19
2.3426e-19
2.3015e-19
2.2611e-19
2.2214e-19
2.1824e-19
2.144e-19
2.1063e-19
2.0693e-19
2.0329e-19
1.9972e-19
1.962e-19
1.9275e-19
1.8936e-19
1.8602e-19
1.8275e-19
1.7953e-19
1.7636e-19
1.7325e-19
1.702e-19
1.672e-19
1.6425e-19
1.6135e-19
1.585e-19
1.557e-19
1.5295e-19
1.5025e-19
1.476e-19
1.4499e-19
1.4242e-19
1.3991e-19
1.3743e-19
1.35e-19
1.3261e-19
1.3026e-19
1.2796e-19
1.2569e-19
1.2346e-19
1.2128e-19
1.1913e-19
1.1701e-19
1.1494e-19
1.129e-19
1.109e-19
1.0893e-19
1.0699e-19
1.0509e-19
1.0323e-19
1.0139e-19
9.9591e-20
9.7821e-20
9.6082e-20
9.4373e-20
9.2694e-20
9.1044e-20
8.9424e-20
8.7832e-20
8.6268e-20
8.4731e-20
8.3221e-20
8.1738e-20
8.0281e-20
7.8849e-20
7.7443e-20
7.6061e-20
7.4704e-20
7.337e-20
7.206e-20
7.0773e-20
6.9509e-20
6.8267e-20
6.7046e-20
6.5848e-20
6.467e-20
6.3513e-20
6.2377e-20
6.1261e-20
6.0164e-20
5.9087e-20
5.8028e-20
5.6989e-20
5.5967e-20
5.4964e-20
5.3979e-20
5.3011e-20
5.206e-20
5.1126e-20
5.0208e-20
4.9307e-20
4.8421e-20
4.7551e-20
4.6697e-20
4.5858e-20
4.5034e-20
4.4224e-20
4.3428e-20
4.2647e-20
4.188e-20
4.1126e-20
4.0385e-20
3.9658e-20
3.8944e-20
3.8242e-20
3.7553e-20
3.6876e-20
3.6211e-20
3.5558e-20
3.4916e-20
3.4286e-20
3.3667e-20
3.306e-20
3.2462e-20
3.1876e-20
3.13e-20
3.0734e-20
3.0179e-20
2.9633e-20
2.9097e-20
2.8571e-20
2.8054e-20
2.7546e-20
2.7047e-20
2.6557e-20
2.6076e-20
2.5604e-20
2.514e-20
2.4684e-20
2.4236e-20
2.3797e-20
2.3365e-20
2.2941e-20
2.2524e-20
2.2115e-20
2.1714e-20
2.1319e-20
2.0932e-20
2.0551e-20
2.0178e-20
1.9811e-20
1.945e-20
1.9097e-20
1.8749e-20
1.8408e-20
1.8073e-20
1.7743e-20
1.742e-20
1.7103e-20
1.6791e-20
1.6485e-20
1.6184e-20
1.5889e-20
1.5599e-20
1.5314e-20
1.5035e-20
1.476e-20
1.4491e-20
1.4226e-20
1.3966e-20
1.3711e-20
1.346e-20
1.3214e-20
1.2972e-20
1.2735e-20
1.2502e-20
1.2273e-20
1.2048e-20
1.1828e-20
1.1611e-20
1.1398e-20
1.1189e-20
1.0984e-20
1.0783e-20
1.0585e-20
1.0391e-20
1.02e-20
1.0013e-20
9.8289e-21
9.6484e-21
9.4711e-21
9.2971e-21
9.1262e-21
8.9584e-21
8.7937e-21
8.6319e-21
8.4731e-21
8.3172e-21
8.1641e-21
8.0138e-21
7.8662e-21
7.7213e-21
7.579e-21
7.4393e-21
7.3021e-21
7.1675e-21
7.0353e-21
6.9055e-21
6.778e-21
6.6529e-21
6.5301e-21
6.4095e-21
6.2911e-21
6.1748e-21
6.0607e-21
5.9487e-21
5.8387e-21
5.7307e-21
5.6247e-21
5.5206e-21
5.4184e-21
5.3181e-21
5.2196e-21
5.1229e-21
5.028e-21
4.9348e-21
4.8433e-21
4.7535e-21
4.6653e-21
4.5788e-21
4.4938e-21
4.4104e-21
4.3285e-21
4.2481e-21
4.1692e-21
4.0918e-21
4.0157e-21
3.9411e-21
3.8678e-21
3.7958e-21
3.7252e-21
3.6559e-21
3.5879e-21
3.5211e-21
3.4555e-21
3.3911e-21
3.328e-21
3.2659e-21
3.2051e-21
3.1453e-21
3.0867e-21
3.0291e-21
2.9726e-21
2.9171e-21
2.8626e-21
2.8092e-21
2.7567e-21
2.7052e-21
2.6546e-21
2.605e-21
2.5563e-21
2.5085e-21
2.4616e-21
2.4155e-21
2.3703e-21
2.326e-21
2.2824e-21
2.2397e-21
2.1977e-21
2.1565e-21
2.1161e-21
2.0764e-21
2.0375e-21
1.9993e-21
1.9618e-21
1.925e-21
1.8888e-21
1.8534e-21
1.8186e-21
1.7844e-21
1.7509e-21
1.718e-21
1.6857e-21
1.654e-21
1.6229e-21
1.5923e-21
1.5624e-21
1.533e-21
1.5041e-21
1.4758e-21
1.448e-21
1.4207e-21
1.3939e-21
1.3677e-21
1.3419e-21
1.3166e-21
1.2917e-21
1.2674e-21
1.2435e-21
1.22e-21
1.1969e-21
1.1743e-21
1.1522e-21
1.1304e-21
1.109e-21
1.0881e-21
1.0675e-21
1.0473e-21
1.0275e-21
1.008e-21
9.8896e-22
9.7023e-22
9.5186e-22
9.3383e-22
9.1614e-22
8.9877e-22
8.8174e-22
8.6502e-22
8.4861e-22
8.3252e-22
8.1672e-22
8.0122e-22
7.8601e-22
7.7108e-22
7.5644e-22
7.4207e-22
7.2797e-22
7.1413e-22
7.0055e-22
6.8723e-22
6.7416e-22
6.6133e-22
6.4875e-22
6.364e-22
6.2428e-22
6.1239e-22
6.0073e-22
5.8928e-22
5.7805e-22
5.6703e-22
5.5622e-22
5.4561e-22
5.352e-22
5.2499e-22
5.1497e-22
5.0514e-22
4.955e-22
4.8603e-22
4.7675e-22
4.6764e-22
4.587e-22
4.4993e-22
4.4132e-22
4.3288e-22
4.246e-22
4.1648e-22
4.085e-22
4.0068e-22
3.9301e-22
3.8548e-22
3.781e-22
3.7085e-22
3.6374e-22
3.5677e-22
3.4992e-22
3.4321e-22
3.3663e-22
3.3016e-22
3.2383e-22
3.1761e-22
3.1151e-22
3.0552e-22
2.9965e-22
2.9389e-22
2.8824e-22
2.827e-22
2.7726e-22
2.7193e-22
2.667e-22
2.6156e-22
2.5653e-22
2.5159e-22
2.4674e-22
2.4199e-22
2.3732e-22
2.3275e-22
2.2826e-22
2.2386e-22
2.1954e-22
2.153e-22
2.1115e-22
2.0707e-22
2.0308e-22
1.9915e-22
1.9531e-22
1.9153e-22
1.8783e-22
1.842e-22
1.8064e-22
1.7714e-22
1.7372e-22
1.7036e-22
1.6706e-22
1.6382e-22
1.6065e-22
1.5754e-22
1.5449e-22
1.5149e-22
1.4856e-22
1.4568e-22
1.4285e-22
1.4008e-22
1.3736e-22
1.347e-22
1.3208e-22
1.2952e-22
1.27e-22
1.2454e-22
1.2212e-22
1.1974e-22
1.1742e-22
1.1513e-22
1.1289e-22
1.107e-22
1.0854e-22
1.0643e-22
1.0436e-22
1.0233e-22
1.0034e-22
9.8381e-23
9.6464e-23
9.4584e-23
9.274e-23
9.0932e-23
8.9159e-23
8.7419e-23
8.5713e-23
8.4041e-23
8.24e-23
8.0791e-23
7.9213e-23
7.7666e-23
7.6148e-23
7.466e-23
7.32e-23
7.1769e-23
7.0365e-23
6.8988e-23
6.7638e-23
6.6314e-23
6.5016e-23
6.3743e-23
6.2494e-23
6.127e-23
6.0069e-23
5.8892e-23
5.7737e-23
5.6605e-23
5.5495e-23
5.4406e-23
5.3338e-23
5.2292e-23
5.1265e-23
5.0258e-23
4.9271e-23
4.8303e-23
4.7354e-23
4.6423e-23
4.551e-23
4.4615e-23
4.3738e-23
4.2877e-23
4.2033e-23
4.1206e-23
4.0395e-23
3.9599e-23
3.8819e-23
3.8054e-23
3.7304e-23
3.6569e-23
3.5848e-23
3.5141e-23
3.4448e-23
3.3768e-23
3.3102e-23
3.2448e-23
3.1808e-23
3.1179e-23
3.0563e-23
2.996e-23
2.9367e-23
2.8787e-23
2.8218e-23
2.766e-23
2.7113e-23
2.6576e-23
2.605e-23
2.5534e-23
2.5029e-23
2.4533e-23
2.4047e-23
2.3571e-23
2.3104e-23
2.2646e-23
2.2197e-23
2.1756e-23
2.1325e-23
2.0902e-23
2.0487e-23
2.008e-23
1.9681e-23
1.9291e-23
1.8907e-23
1.8532e-23
1.8163e-23
1.7802e-23
1.7448e-23
1.7101e-23
1.6761e-23
1.6428e-23
1.6101e-23
1.578e-23
1.5466e-23
1.5158e-23
1.4856e-23
1.456e-23
1.427e-23
1.3985e-23
1.3706e-23
1.3433e-23
1.3165e-23
1.2902e-23
1.2645e-23
1.2392e-23
1.2145e-23
1.1902e-23
1.1665e-23
1.1432e-23
1.1203e-23
1.0979e-23
1.076e-23
1.0544e-23
1.0334e-23
1.0127e-23
9.9241e-24
9.7255e-24
9.5307e-24
9.3399e-24
9.1528e-24
8.9694e-24
8.7896e-24
8.6134e-24
8.4407e-24
8.2714e-24
8.1055e-24
7.9429e-24
7.7835e-24
7.6272e-24
7.4741e-24
7.324e-24
7.1769e-24
7.0327e-24
6.8913e-24
6.7528e-24
6.617e-24
6.484e-24
6.3535e-24
6.2257e-24
6.1004e-24
5.9776e-24
5.8573e-24
5.7393e-24
5.6237e-24
5.5104e-24
5.3993e-24
5.2905e-24
5.1838e-24
5.0793e-24
4.9768e-24
4.8764e-24
4.778e-24
4.6816e-24
4.5871e-24
4.4944e-24
4.4036e-24
4.3147e-24
4.2275e-24
4.142e-24
4.0583e-24
3.9762e-24
3.8958e-24
3.817e-24
3.7397e-24
3.664e-24
3.5899e-24
3.5172e-24
3.4459e-24
3.3761e-24
3.3077e-24
3.2407e-24
3.175e-24
3.1106e-24
3.0475e-24
2.9857e-24
2.9251e-24
2.8657e-24
2.8075e-24
2.7505e-24
2.6947e-24
2.6399e-24
2.5863e-24
2.5337e-24
2.4822e-24
2.4317e-24
2.3823e-24
2.3338e-24
2.2863e-24
2.2398e-24
2.1942e-24
2.1495e-24
2.1058e-24
2.0629e-24
2.0208e-24
1.9796e-24
1.9393e-24
1.8998e-24
1.861e-24
1.8231e-24
1.7859e-24
1.7494e-24
1.7137e-24
1.6787e-24
1.6444e-24
1.6108e-24
1.5779e-24
1.5457e-24
1.5141e-24
1.4831e-24
1.4528e-24
1.4231e-24
1.394e-24
1.3655e-24
1.3375e-24
1.3101e-24
1.2833e-24
1.257e-24
1.2313e-24
1.206e-24
1.1813e-24
1.1571e-24
1.1334e-24
1.1101e-24
1.0874e-24
1.065e-24
1.0432e-24
1.0218e-24
1.0008e-24
9.8024e-25
9.601e-25
9.4037e-25
9.2105e-25
9.0212e-25
8.8357e-25
8.654e-25
8.476e-25
8.3016e-25
8.1307e-25
7.9634e-25
7.7994e-25
7.6388e-25
7.4815e-25
7.3273e-25
7.1763e-25
7.0284e-25
6.8835e-25
6.7416e-25
6.6025e-25
6.4663e-25
6.3329e-25
6.2022e-25
6.0742e-25
5.9487e-25
5.8259e-25
5.7055e-25
5.5876e-25
5.4722e-25
5.359e-25
5.2482e-25
5.1397e-25
5.0334e-25
4.9292e-25
4.8272e-25
4.7273e-25
4.6294e-25
4.5336e-25
4.4397e-25
4.3477e-25
4.2576e-25
4.1693e-25
4.0829e-25
3.9982e-25
3.9153e-25
3.8341e-25
3.7545e-25
3.6766e-25
3.6003e-25
3.5255e-25
3.4523e-25
3.3806e-25
3.3103e-25
3.2415e-25
3.1742e-25
3.1082e-25
3.0435e-25
2.9802e-25
2.9182e-25
2.8575e-25
2.798e-25
2.7397e-25
2.6827e-25
2.6268e-25
2.5721e-25
2.5185e-25
2.466e-25
2.4146e-25
2.3642e-25
2.3149e-25
2.2666e-25
2.2193e-25
2.173e-25
2.1277e-25
2.0832e-25
2.0397e-25
1.9971e-25
1.9554e-25
1.9145e-25
1.8745e-25
1.8353e-25
1.7969e-25
1.7593e-25
1.7225e-25
1.6865e-25
1.6512e-25
1.6166e-25
1.5828e-25
1.5496e-25
1.5172e-25
1.4854e-25
1.4542e-25
1.4237e-25
1.3939e-25
1.3647e-25
1.336e-25
1.308e-25
1.2805e-25
1.2537e-25
1.2273e-25
1.2016e-25
1.1763e-25
1.1516e-25
1.1274e-25
1.1037e-25
1.0805e-25
1.0578e-25
1.0355e-25
1.0138e-25
9.9243e-26
9.7154e-26
9.5109e-26
9.3106e-26
9.1145e-26
8.9225e-26
8.7345e-26
8.5505e-26
8.3702e-26
8.1937e-26
8.021e-26
7.8518e-26
7.6861e-26
7.5239e-26
7.3651e-26
7.2096e-26
7.0574e-26
6.9083e-26
6.7624e-26
6.6195e-26
6.4796e-26
6.3426e-26
6.2085e-26
6.0772e-26
5.9486e-26
5.8228e-26
5.6996e-26
5.5789e-26
5.4608e-26
5.3452e-26
5.2319e-26
5.1211e-26
5.0126e-26
4.9063e-26
4.8023e-26
4.7005e-26
4.6008e-26
4.5032e-26
4.4077e-26
4.3141e-26
4.2225e-26
4.1329e-26
4.0451e-26
3.9592e-26
3.8751e-26
3.7927e-26
3.7121e-26
3.6332e-26
3.5559e-26
3.4803e-26
3.4063e-26
3.3338e-26
3.2628e-26
3.1934e-26
3.1254e-26
3.0588e-26
2.9937e-26
2.9299e-26
2.8674e-26
2.8063e-26
2.7465e-26
2.6879e-26
2.6306e-26
2.5745e-26
2.5195e-26
2.4658e-26
2.4131e-26
2.3616e-26
2.3112e-26
2.2618e-26
2.2135e-26
2.1662e-26
2.1199e-26
2.0745e-26
2.0302e-26
1.9867e-26
1.9442e-26
1.9026e-26
1.8619e-26
1.8221e-26
1.783e-26
1.7449e-26
1.7075e-26
1.6709e-26
1.6351e-26
1.6e-26
1.5657e-26
1.5321e-26
1.4993e-26
1.4671e-26
1.4356e-26
1.4048e-26
1.3747e-26
1.3451e-26
1.3163e-26
1.288e-26
1.2603e-26
1.2332e-26
1.2067e-26
1.1808e-26
1.1554e-26
1.1305e-26
1.1062e-26
1.0824e-26
1.0591e-26
1.0363e-26
1.014e-26
9.9214e-27
9.7077e-27
9.4985e-27
9.2938e-27
9.0935e-27
8.8974e-27
8.7055e-27
8.5178e-27
8.334e-27
8.1541e-27
7.9781e-27
7.8059e-27
7.6374e-27
7.4724e-27
7.311e-27
7.153e-27
6.9984e-27
6.8471e-27
6.6991e-27
6.5542e-27
6.4125e-27
6.2737e-27
6.138e-27
6.0051e-27
5.8751e-27
5.7479e-27
5.6234e-27
5.5016e-27
5.3824e-27
5.2657e-27
5.1516e-27
5.0399e-27
4.9306e-27
4.8237e-27
4.719e-27
4.6166e-27
4.5164e-27
4.4184e-27
4.3224e-27
4.2286e-27
4.1367e-27
4.0468e-27
3.9589e-27
3.8728e-27
3.7886e-27
3.7062e-27
3.6256e-27
3.5468e-27
3.4696e-27
3.3941e-27
3.3202e-27
3.2479e-27
3.1772e-27
3.1079e-27
3.0402e-27
2.974e-27
2.9092e-27
2.8457e-27
2.7837e-27
2.723e-27
2.6636e-27
2.6054e-27
2.5486e-27
2.4929e-27
2.4385e-27
2.3853e-27
2.3332e-27
2.2822e-27
2.2323e-27
2.1835e-27
2.1358e-27
2.0891e-27
2.0434e-27
1.9987e-27
1.955e-27
1.9122e-27
1.8703e-27
1.8294e-27
1.7893e-27
1.7501e-27
1.7118e-27
1.6743e-27
1.6376e-27
1.6017e-27
1.5666e-27
1.5322e-27
1.4986e-27
1.4657e-27
1.4335e-27
1.4021e-27
1.3713e-27
1.3412e-27
1.3117e-27
1.2829e-27
1.2547e-27
1.2272e-27
1.2002e-27
1.1738e-27
1.148e-27
1.1227e-27
1.098e-27
1.0739e-27
1.0502e-27
1.0271e-27
1.0045e-27
9.8237e-28
9.6073e-28
9.3956e-28
9.1886e-28
8.986e-28
8.7879e-28
8.5941e-28
8.4046e-28
8.2192e-28
8.0378e-28
7.8604e-28
7.6869e-28
7.5172e-28
7.3512e-28
7.1888e-28
7.03e-28
6.8746e-28
6.7227e-28
6.5741e-28
6.4287e-28
6.2865e-28
6.1475e-28
6.0115e-28
5.8784e-28
5.7483e-28
5.621e-28
5.4966e-28
5.3748e-28
5.2558e-28
5.1393e-28
5.0254e-28
4.914e-28
4.8051e-28
4.6985e-28
4.5943e-28
4.4924e-28
4.3927e-28
4.2952e-28
4.1998e-28
4.1066e-28
4.0154e-28
3.9262e-28
3.8389e-28
3.7536e-28
3.6702e-28
3.5886e-28
3.5088e-28
3.4308e-28
3.3544e-28
3.2798e-28
3.2068e-28
3.1354e-28
3.0656e-28
2.9974e-28
2.9306e-28
2.8653e-28
2.8015e-28
2.739e-28
2.678e-28
2.6183e-28
2.5599e-28
2.5028e-28
2.4469e-28
2.3923e-28
2.3389e-28
2.2867e-28
2.2357e-28
2.1857e-28
2.1369e-28
2.0892e-28
2.0425e-28
1.9968e-28
1.9522e-28
1.9085e-28
1.8658e-28
1.8241e-28
1.7833e-28
1.7434e-28
1.7044e-28
1.6662e-28
1.6289e-28
1.5924e-28
1.5567e-28
1.5218e-28
1.4877e-28
1.4544e-28
1.4218e-28
1.3899e-28
1.3587e-28
1.3282e-28
1.2984e-28
1.2693e-28
1.2408e-28
1.2129e-28
1.1857e-28
1.1591e-28
1.133e-28
1.1075e-28
1.0827e-28
1.0583e-28
1.0345e-28
1.0113e-28
9.885e-29
9.6626e-29
9.4452e-29
9.2326e-29
9.0247e-29
8.8215e-29
8.6228e-29
8.4285e-29
8.2386e-29
8.0529e-29
7.8714e-29
7.694e-29
7.5204e-29
7.3508e-29
7.185e-29
7.0229e-29
6.8644e-29
6.7094e-29
6.5579e-29
6.4098e-29
6.265e-29
6.1235e-29
5.9851e-29
5.8498e-29
5.7176e-29
5.5883e-29
5.4619e-29
5.3384e-29
5.2176e-29
5.0995e-29
4.9841e-29
4.8713e-29
4.761e-29
4.6531e-29
4.5477e-29
4.4447e-29
4.344e-29
4.2455e-29
4.1493e-29
4.0552e-29
3.9632e-29
3.8733e-29
3.7854e-29
3.6995e-29
3.6155e-29
3.5334e-29
3.4532e-29
3.3748e-29
3.2981e-29
3.2232e-29
3.1499e-29
3.0783e-29
3.0083e-29
2.9399e-29
2.8731e-29
2.8077e-29
2.7438e-29
2.6814e-29
2.6203e-29
2.5607e-29
2.5023e-29
2.4454e-29
2.3896e-29
2.3352e-29
2.282e-29
2.2299e-29
2.1791e-29
2.1294e-29
2.0808e-29
2.0334e-29
1.987e-29
1.9416e-29
1.8973e-29
1.854e-29
1.8116e-29
1.7703e-29
1.7298e-29
1.6903e-29
1.6516e-29
1.6139e-29
1.577e-29
1.5409e-29
1.5057e-29
1.4712e-29
1.4376e-29
1.4047e-29
1.3725e-29
1.3411e-29
1.3104e-29
1.2803e-29
1.251e-29
1.2223e-29
1.1943e-29
1.1669e-29
1.1402e-29
1.114e-29
1.0885e-29
1.0635e-29
1.0391e-29
1.0153e-29
9.9195e-30
9.6917e-30
9.4691e-30
9.2516e-30
9.0391e-30
8.8314e-30
8.6284e-30
8.43e-30
8.2362e-30
8.0468e-30
7.8617e-30
7.6808e-30
7.504e-30
7.3313e-30
7.1625e-30
6.9976e-30
6.8365e-30
6.679e-30
6.5251e-30
6.3747e-30
6.2278e-30
6.0842e-30
5.944e-30
5.8069e-30
5.6729e-30
5.5421e-30
5.4142e-30
5.2892e-30
5.1671e-30
5.0478e-30
4.9312e-30
4.8173e-30
4.7061e-30
4.5973e-30
4.4911e-30
4.3873e-30
4.2858e-30
4.1867e-30
4.0899e-30
3.9953e-30
3.9028e-30
3.8125e-30
3.7243e-30
3.6381e-30
3.5538e-30
3.4715e-30
3.3911e-30
3.3126e-30
3.2358e-30
3.1608e-30
3.0875e-30
3.016e-30
2.946e-30
2.8777e-30
2.811e-30
2.7457e-30
2.682e-30
2.6198e-30
2.559e-30
2.4996e-30
2.4415e-30
2.3848e-30
2.3294e-30
2.2753e-30
2.2225e-30
2.1708e-30
2.1204e-30
2.0711e-30
2.0229e-30
1.9759e-30
1.93e-30
1.8851e-30
1.8412e-30
1.7984e-30
1.7566e-30
1.7157e-30
1.6758e-30
1.6368e-30
1.5987e-30
1.5615e-30
1.5251e-30
1.4896e-30
1.4549e-30
1.421e-30
1.388e-30
1.3556e-30
1.3241e-30
1.2932e-30
1.2631e-30
1.2337e-30
1.2049e-30
1.1769e-30
1.1495e-30
1.1227e-30
1.0965e-30
1.071e-30
1.0461e-30
1.0217e-30
9.9792e-31
9.7469e-31
9.52e-31
9.2984e-31
9.082e-31
8.8706e-31
8.6643e-31
8.4628e-31
8.266e-31
8.0738e-31
7.8862e-31
7.7029e-31
7.524e-31
7.3493e-31
7.1788e-31
7.0122e-31
6.8497e-31
6.6909e-31
6.5359e-31
6.3846e-31
6.2369e-31
6.0927e-31
5.952e-31
5.8146e-31
5.6805e-31
5.5496e-31
5.4218e-31
5.2971e-31
5.1754e-31
5.0566e-31
4.9407e-31
4.8276e-31
4.7173e-31
4.6096e-31
4.5046e-31
4.4021e-31
4.3021e-31
4.2046e-31
4.1094e-31
4.0167e-31
3.9262e-31
3.838e-31
3.7519e-31
3.668e-31
3.5863e-31
3.5065e-31
3.4289e-31
3.3531e-31
3.2793e-31
3.2075e-31
3.1374e-31
3.0692e-31
3.0028e-31
2.9381e-31
2.8751e-31
2.8138e-31
2.7541e-31
2.6961e-31
2.6396e-31
2.5847e-31
2.5312e-31
2.4793e-31
2.4289e-31
2.3799e-31
2.3322e-31
2.286e-31
2.2412e-31
2.1976e-31
2.1554e-31
2.1145e-31
2.0749e-31
2.0365e-31
1.9993e-31
1.9633e-31
1.9286e-31
1.895e-31
1.8626e-31
1.8313e-31
1.8011e-31
1.7721e-31
1.7442e-31
1.7173e-31
1.6915e-31
1.6668e-31
1.6431e-31
1.6205e-31
1.5989e-31
1.5783e-31
1.5588e-31
1.5402e-31
1.5226e-31
1.5061e-31
1.4905e-31
1.4758e-31
1.4622e-31
1.4495e-31
1.4378e-31
1.4271e-31
1.4173e-31
1.4085e-31
1.4006e-31
1.3937e-31
1.3877e-31
