1.691e-08
1.6872e-08
1.6833e-08
1.6795e-08
1.6756e-08
1.6718e-08
1.668e-08
1.6642e-08
1.6603e-08
1.6565e-08
1.6527e-08
1.649e-08
1.6452e-08
1.6414e-08
1.6376e-08
1.6339e-08
1.6301e-08
1.6264e-08
1.6227e-08
1.6189e-08
1.6152e-08
1.6115e-08
1.6078e-08
1.6041e-08
1.6004e-08
1.5967e-08
1.593e-08
1.5894e-08
1.5857e-08
1.5821e-08
1.5784e-08
1.5748e-08
1.5711e-08
1.5675e-08
1.5639e-08
1.5603e-08
1.5567e-08
1.5531e-08
1.5495e-08
1.5459e-08
1.5423e-08
1.5387e-08
1.5352e-08
1.5316e-08
1.5281e-08
1.5245e-08
1.521e-08
1.5175e-08
1.514e-08
1.5104e-08
1.5069e-08
1.5034e-08
1.4999e-08
1.4965e-08
1.493e-08
1.4895e-08
1.486e-08
1.4826e-08
1.4791e-08
1.4757e-08
1.4723e-08
1.4688e-08
1.4654e-08
1.462e-08
1.4586e-08
1.4552e-08
1.4518e-08
1.4484e-08
1.445e-08
1.4416e-08
1.4383e-08
1.4349e-08
1.4316e-08
1.4282e-08
1.4249e-08
1.4215e-08
1.4182e-08
1.4149e-08
1.4116e-08
1.4083e-08
1.405e-08
1.4017e-08
1.3984e-08
1.3951e-08
1.3918e-08
1.3886e-08
1.3853e-08
1.3821e-08
1.3788e-08
1.3756e-08
1.3723e-08
1.3691e-08
1.3659e-08
1.3627e-08
1.3595e-08
1.3563e-08
1.3531e-08
1.3499e-08
1.3467e-08
1.3436e-08
1.3404e-08
1.3372e-08
1.3341e-08
1.3309e-08
1.3278e-08
1.3247e-08
1.3215e-08
1.3184e-08
1.3153e-08
1.3122e-08
1.3091e-08
1.306e-08
1.3029e-08
1.2998e-08
1.2967e-08
1.2937e-08
1.2906e-08
1.2876e-08
1.2845e-08
1.2815e-08
1.2784e-08
1.2754e-08
1.2724e-08
1.2694e-08
1.2663e-08
1.2633e-08
1.2603e-08
1.2573e-08
1.2544e-08
1.2514e-08
1.2484e-08
1.2454e-08
1.2425e-08
1.2395e-08
1.2366e-08
1.2336e-08
1.2307e-08
1.2278e-08
1.2249e-08
1.2219e-08
1.219e-08
1.2161e-08
1.2132e-08
1.2103e-08
1.2075e-08
1.2046e-08
1.2017e-08
1.1988e-08
1.196e-08
1.1931e-08
1.1903e-08
1.1874e-08
1.1846e-08
1.1818e-08
1.1789e-08
1.1761e-08
1.1733e-08
1.1705e-08
1.1677e-08
1.1649e-08
1.1621e-08
1.1594e-08
1.1566e-08
1.1538e-08
1.151e-08
1.1483e-08
1.1455e-08
1.1428e-08
1.1401e-08
1.1373e-08
1.1346e-08
1.1319e-08
1.1292e-08
1.1265e-08
1.1238e-08
1.1211e-08
1.1184e-08
1.1157e-08
1.113e-08
1.1103e-08
1.1077e-08
1.105e-08
1.1024e-08
1.0997e-08
1.0971e-08
1.0944e-08
1.0918e-08
1.0892e-08
1.0866e-08
1.084e-08
1.0813e-08
1.0787e-08
1.0762e-08
1.0736e-08
1.071e-08
1.0684e-08
1.0658e-08
1.0633e-08
1.0607e-08
1.0582e-08
1.0556e-08
1.0531e-08
1.0505e-08
1.048e-08
1.0455e-08
1.0429e-08
1.0404e-08
1.0379e-08
1.0354e-08
1.0329e-08
1.0304e-08
1.028e-08
1.0255e-08
1.023e-08
1.0205e-08
1.0181e-08
1.0156e-08
1.0132e-08
1.0107e-08
1.0083e-08
1.0059e-08
1.0034e-08
1.001e-08
9.9859e-09
9.9618e-09
9.9378e-09
9.9138e-09
9.8898e-09
9.866e-09
9.8421e-09
9.8184e-09
9.7947e-09
9.771e-09
9.7474e-09
9.7239e-09
9.7004e-09
9.677e-09
9.6536e-09
9.6303e-09
9.607e-09
9.5838e-09
9.5607e-09
9.5376e-09
9.5146e-09
9.4916e-09
9.4687e-09
9.4458e-09
9.423e-09
9.4002e-09
9.3775e-09
9.3549e-09
9.3323e-09
9.3097e-09
9.2872e-09
9.2648e-09
9.2424e-09
9.2201e-09
9.1979e-09
9.1757e-09
9.1535e-09
9.1314e-09
9.1094e-09
9.0874e-09
9.0654e-09
9.0436e-09
9.0217e-09
9e-09
8.9782e-09
8.9566e-09
8.935e-09
8.9134e-09
8.8919e-09
8.8705e-09
8.8491e-09
8.8277e-09
8.8064e-09
8.7852e-09
8.764e-09
8.7429e-09
8.7218e-09
8.7008e-09
8.6799e-09
8.6589e-09
8.6381e-09
8.6173e-09
8.5965e-09
8.5758e-09
8.5552e-09
8.5346e-09
8.5141e-09
8.4936e-09
8.4732e-09
8.4528e-09
8.4325e-09
8.4122e-09
8.392e-09
8.3718e-09
8.3517e-09
8.3316e-09
8.3116e-09
8.2917e-09
8.2718e-09
8.2519e-09
8.2321e-09
8.2124e-09
8.1927e-09
8.1731e-09
8.1535e-09
8.134e-09
8.1145e-09
8.095e-09
8.0757e-09
8.0563e-09
8.0371e-09
8.0179e-09
7.9987e-09
7.9796e-09
7.9605e-09
7.9415e-09
7.9225e-09
7.9036e-09
7.8848e-09
7.866e-09
7.8472e-09
7.8285e-09
7.8099e-09
7.7913e-09
7.7728e-09
7.7543e-09
7.7358e-09
7.7174e-09
7.6991e-09
7.6808e-09
7.6626e-09
7.6444e-09
7.6263e-09
7.6082e-09
7.5902e-09
7.5722e-09
7.5543e-09
7.5364e-09
7.5186e-09
7.5008e-09
7.4831e-09
7.4654e-09
7.4478e-09
7.4302e-09
7.4127e-09
7.3953e-09
7.3778e-09
7.3605e-09
7.3432e-09
7.3259e-09
7.3087e-09
7.2915e-09
7.2744e-09
7.2574e-09
7.2404e-09
7.2234e-09
7.2065e-09
7.1897e-09
7.1729e-09
7.1561e-09
7.1394e-09
7.1228e-09
7.1062e-09
7.0896e-09
7.0731e-09
7.0567e-09
7.0403e-09
7.024e-09
7.0077e-09
6.9914e-09
6.9752e-09
6.9591e-09
6.943e-09
6.927e-09
6.911e-09
6.895e-09
6.8791e-09
6.8633e-09
6.8475e-09
6.8318e-09
6.8161e-09
6.8004e-09
6.7849e-09
6.7693e-09
6.7538e-09
6.7384e-09
6.723e-09
6.7077e-09
6.6924e-09
6.6772e-09
6.662e-09
6.6468e-09
6.6318e-09
6.6167e-09
6.6018e-09
6.5868e-09
6.5719e-09
6.5571e-09
6.5423e-09
6.5276e-09
6.5129e-09
6.4983e-09
6.4837e-09
6.4692e-09
6.4547e-09
6.4403e-09
6.4259e-09
6.4116e-09
6.3973e-09
6.3831e-09
6.3689e-09
6.3547e-09
6.3407e-09
6.3266e-09
6.3127e-09
6.2987e-09
6.2849e-09
6.271e-09
6.2573e-09
6.2435e-09
6.2299e-09
6.2162e-09
6.2027e-09
6.1891e-09
6.1757e-09
6.1622e-09
6.1489e-09
6.1355e-09
6.1223e-09
6.109e-09
6.0959e-09
6.0828e-09
6.0697e-09
6.0567e-09
6.0437e-09
6.0308e-09
6.0179e-09
6.0051e-09
5.9923e-09
5.9796e-09
5.9669e-09
5.9543e-09
5.9417e-09
5.9292e-09
5.9168e-09
5.9043e-09
5.892e-09
5.8797e-09
5.8674e-09
5.8552e-09
5.843e-09
5.8309e-09
5.8188e-09
5.8068e-09
5.7949e-09
5.783e-09
5.7711e-09
5.7593e-09
5.7475e-09
5.7358e-09
5.7242e-09
5.7126e-09
5.701e-09
5.6895e-09
5.6781e-09
5.6667e-09
5.6553e-09
5.644e-09
5.6328e-09
5.6216e-09
5.6104e-09
5.5993e-09
5.5883e-09
5.5773e-09
5.5663e-09
5.5555e-09
5.5446e-09
5.5338e-09
5.5231e-09
5.5124e-09
5.5018e-09
5.4912e-09
5.4807e-09
5.4702e-09
5.4598e-09
5.4494e-09
5.4391e-09
5.4288e-09
5.4186e-09
5.4084e-09
5.3983e-09
5.3882e-09
5.3782e-09
5.3682e-09
5.3583e-09
5.3485e-09
5.3387e-09
5.3289e-09
5.3192e-09
5.3096e-09
5.3e-09
5.2904e-09
5.2809e-09
5.2715e-09
5.2621e-09
5.2528e-09
5.2435e-09
5.2343e-09
5.2251e-09
5.216e-09
5.2069e-09
5.1979e-09
5.1889e-09
5.18e-09
5.1712e-09
5.1624e-09
5.1536e-09
5.1449e-09
5.1363e-09
5.1277e-09
5.1191e-09
5.1106e-09
5.1022e-09
5.0938e-09
5.0855e-09
5.0772e-09
5.069e-09
5.0609e-09
5.0527e-09
5.0447e-09
5.0367e-09
5.0287e-09
5.0209e-09
5.013e-09
5.0052e-09
4.9975e-09
4.9898e-09
4.9822e-09
4.9746e-09
4.9671e-09
4.9597e-09
4.9523e-09
4.9449e-09
4.9376e-09
4.9304e-09
4.9232e-09
4.9161e-09
4.909e-09
4.902e-09
4.895e-09
4.8881e-09
4.8813e-09
4.8745e-09
4.8678e-09
4.8611e-09
4.8545e-09
4.8479e-09
4.8414e-09
4.8349e-09
4.8285e-09
4.8222e-09
4.8159e-09
4.8097e-09
4.8035e-09
4.7974e-09
4.7913e-09
4.7853e-09
4.7794e-09
4.7735e-09
4.7676e-09
4.7619e-09
4.7562e-09
4.7505e-09
4.7449e-09
4.7394e-09
4.7339e-09
4.7284e-09
4.7231e-09
4.7178e-09
4.7125e-09
4.7073e-09
4.7022e-09
4.6971e-09
4.6921e-09
4.6871e-09
4.6822e-09
4.6774e-09
4.6726e-09
4.6679e-09
4.6632e-09
4.6586e-09
4.6541e-09
4.6496e-09
4.6452e-09
4.6408e-09
4.6365e-09
4.6323e-09
4.6281e-09
4.624e-09
4.6199e-09
4.6159e-09
4.612e-09
4.6081e-09
4.6043e-09
4.6006e-09
4.5969e-09
4.5932e-09
4.5897e-09
4.5862e-09
4.5827e-09
4.5793e-09
4.576e-09
4.5728e-09
4.5696e-09
4.5664e-09
4.5634e-09
4.5604e-09
4.5574e-09
4.5545e-09
4.5517e-09
4.549e-09
4.5463e-09
4.5437e-09
4.5411e-09
4.5386e-09
4.5362e-09
4.5338e-09
4.5315e-09
4.5293e-09
4.5271e-09
4.525e-09
4.5229e-09
4.521e-09
4.5191e-09
4.5172e-09
4.5154e-09
4.5137e-09
4.5121e-09
4.5105e-09
4.509e-09
4.5075e-09
4.5062e-09
4.5049e-09
4.5036e-09
4.5024e-09
4.5013e-09
4.5003e-09
4.4993e-09
4.4984e-09
4.4976e-09
4.4968e-09
4.4961e-09
4.4955e-09
4.4949e-09
4.4944e-09
4.494e-09
4.4937e-09
4.4934e-09
4.4932e-09
4.493e-09
4.493e-09
4.493e-09
4.493e-09
4.4932e-09
4.4934e-09
4.4937e-09
4.494e-09
4.4945e-09
4.495e-09
4.4955e-09
4.4962e-09
4.4969e-09
4.4977e-09
4.4986e-09
4.4995e-09
4.5005e-09
4.5016e-09
4.5028e-09
4.504e-09
4.5053e-09
4.5067e-09
4.5081e-09
4.5097e-09
4.5113e-09
4.513e-09
4.5147e-09
4.5166e-09
4.5185e-09
4.5205e-09
4.5225e-09
4.5247e-09
4.5269e-09
4.5292e-09
4.5316e-09
4.534e-09
4.5365e-09
4.5392e-09
4.5418e-09
4.5446e-09
4.5475e-09
4.5504e-09
4.5534e-09
4.5565e-09
4.5596e-09
4.5629e-09
4.5662e-09
4.5696e-09
4.5731e-09
4.5767e-09
4.5803e-09
4.5841e-09
4.5879e-09
4.5918e-09
4.5958e-09
4.5998e-09
4.604e-09
4.6082e-09
4.6125e-09
4.6169e-09
4.6214e-09
4.626e-09
4.6306e-09
4.6353e-09
4.6402e-09
4.6451e-09
4.6501e-09
4.6552e-09
4.6603e-09
4.6656e-09
4.6709e-09
4.6764e-09
4.6819e-09
4.6875e-09
4.6932e-09
4.699e-09
4.7048e-09
4.7108e-09
4.7168e-09
4.723e-09
4.7292e-09
4.7355e-09
4.7419e-09
4.7485e-09
4.755e-09
4.7617e-09
4.7685e-09
4.7754e-09
4.7824e-09
4.7894e-09
4.7966e-09
4.8038e-09
4.8111e-09
4.8186e-09
4.8261e-09
4.8337e-09
4.8415e-09
4.8493e-09
4.8572e-09
4.8652e-09
4.8733e-09
4.8815e-09
4.8898e-09
4.8982e-09
4.9067e-09
4.9153e-09
4.924e-09
4.9328e-09
4.9417e-09
4.9506e-09
4.9597e-09
4.9689e-09
4.9782e-09
4.9876e-09
4.9971e-09
5.0067e-09
5.0164e-09
5.0262e-09
5.0361e-09
5.0462e-09
5.0563e-09
5.0665e-09
5.0768e-09
5.0872e-09
5.0978e-09
5.1084e-09
5.1192e-09
5.13e-09
5.141e-09
5.1521e-09
5.1632e-09
5.1745e-09
5.1859e-09
5.1974e-09
5.2091e-09
5.2208e-09
5.2326e-09
5.2446e-09
5.2566e-09
5.2688e-09
5.2811e-09
5.2935e-09
5.306e-09
5.3186e-09
5.3313e-09
5.3442e-09
5.3572e-09
5.3702e-09
5.3834e-09
5.3968e-09
5.4102e-09
5.4237e-09
5.4374e-09
5.4512e-09
5.4651e-09
5.4791e-09
5.4932e-09
5.5075e-09
5.5219e-09
5.5364e-09
5.551e-09
5.5657e-09
5.5806e-09
5.5956e-09
5.6107e-09
5.6259e-09
5.6413e-09
5.6568e-09
5.6724e-09
5.6881e-09
5.704e-09
5.72e-09
5.7361e-09
5.7523e-09
5.7687e-09
5.7852e-09
5.8018e-09
5.8186e-09
5.8355e-09
5.8525e-09
5.8696e-09
5.8869e-09
5.9043e-09
5.9219e-09
5.9395e-09
5.9573e-09
5.9753e-09
5.9934e-09
6.0116e-09
6.0299e-09
6.0484e-09
6.067e-09
6.0858e-09
6.1047e-09
6.1237e-09
6.1429e-09
6.1622e-09
6.1817e-09
6.2013e-09
6.221e-09
6.2409e-09
6.261e-09
6.2811e-09
6.3014e-09
6.3219e-09
6.3425e-09
6.3632e-09
6.3841e-09
6.4052e-09
6.4264e-09
6.4477e-09
6.4692e-09
6.4908e-09
6.5126e-09
6.5345e-09
6.5566e-09
6.5789e-09
6.6012e-09
6.6238e-09
6.6465e-09
6.6693e-09
6.6923e-09
6.7155e-09
6.7388e-09
6.7623e-09
6.7859e-09
6.8097e-09
6.8336e-09
6.8577e-09
6.882e-09
6.9064e-09
6.931e-09
6.9558e-09
6.9807e-09
7.0057e-09
7.031e-09
7.0564e-09
7.0819e-09
7.1077e-09
7.1336e-09
7.1596e-09
7.1859e-09
7.2123e-09
7.2388e-09
7.2656e-09
7.2925e-09
7.3196e-09
7.3468e-09
7.3743e-09
7.4019e-09
7.4296e-09
7.4576e-09
7.4857e-09
7.514e-09
7.5425e-09
7.5712e-09
7.6e-09
7.629e-09
7.6582e-09
7.6876e-09
7.7172e-09
7.7469e-09
7.7768e-09
7.8069e-09
7.8372e-09
7.8677e-09
7.8984e-09
7.9292e-09
7.9603e-09
7.9915e-09
8.0229e-09
8.0545e-09
8.0863e-09
8.1183e-09
8.1505e-09
8.1829e-09
8.2155e-09
8.2482e-09
8.2812e-09
8.3143e-09
8.3477e-09
8.3813e-09
8.415e-09
8.449e-09
8.4831e-09
8.5175e-09
8.552e-09
8.5868e-09
8.6218e-09
8.6569e-09
8.6923e-09
8.7279e-09
8.7637e-09
8.7997e-09
8.8359e-09
8.8723e-09
8.909e-09
8.9458e-09
8.9829e-09
9.0201e-09
9.0576e-09
9.0953e-09
9.1332e-09
9.1714e-09
9.2097e-09
9.2483e-09
9.2871e-09
9.3261e-09
9.3654e-09
9.4048e-09
9.4445e-09
9.4844e-09
9.5245e-09
9.5649e-09
9.6055e-09
9.6463e-09
9.6874e-09
9.7286e-09
9.7702e-09
9.8119e-09
9.8539e-09
9.8961e-09
9.9385e-09
9.9812e-09
1.0024e-08
1.0067e-08
1.0111e-08
1.0154e-08
1.0198e-08
1.0242e-08
1.0287e-08
1.0331e-08
1.0376e-08
1.0421e-08
1.0467e-08
1.0512e-08
1.0558e-08
1.0604e-08
1.0651e-08
1.0697e-08
1.0744e-08
1.0791e-08
1.0839e-08
1.0886e-08
1.0934e-08
1.0982e-08
1.1031e-08
1.1079e-08
1.1128e-08
1.1177e-08
1.1227e-08
1.1277e-08
1.1327e-08
1.1377e-08
1.1427e-08
1.1478e-08
1.1529e-08
1.1581e-08
1.1632e-08
1.1684e-08
1.1736e-08
1.1789e-08
1.1842e-08
1.1895e-08
1.1948e-08
1.2001e-08
1.2055e-08
1.2109e-08
1.2164e-08
1.2219e-08
1.2274e-08
1.2329e-08
1.2384e-08
1.244e-08
1.2497e-08
1.2553e-08
1.261e-08
1.2667e-08
1.2724e-08
1.2782e-08
1.284e-08
1.2898e-08
1.2957e-08
1.3015e-08
1.3075e-08
1.3134e-08
1.3194e-08
1.3254e-08
1.3314e-08
1.3375e-08
1.3436e-08
1.3498e-08
1.3559e-08
1.3621e-08
1.3684e-08
1.3746e-08
1.3809e-08
1.3872e-08
1.3936e-08
1.4e-08
1.4064e-08
1.4129e-08
1.4194e-08
1.4259e-08
1.4324e-08
1.439e-08
1.4457e-08
1.4523e-08
1.459e-08
1.4657e-08
1.4725e-08
1.4793e-08
1.4861e-08
1.493e-08
1.4999e-08
1.5068e-08
1.5138e-08
1.5208e-08
1.5278e-08
1.5349e-08
1.542e-08
1.5492e-08
1.5563e-08
1.5636e-08
1.5708e-08
1.5781e-08
1.5854e-08
1.5928e-08
1.6002e-08
1.6076e-08
1.6151e-08
1.6226e-08
1.6302e-08
1.6377e-08
1.6454e-08
1.653e-08
1.6607e-08
1.6685e-08
1.6762e-08
1.6841e-08
1.6919e-08
1.6998e-08
1.7077e-08
1.7157e-08
1.7237e-08
1.7318e-08
1.7398e-08
1.748e-08
1.7561e-08
1.7644e-08
1.7726e-08
1.7809e-08
1.7892e-08
1.7976e-08
1.806e-08
1.8145e-08
1.823e-08
1.8315e-08
1.8401e-08
1.8487e-08
1.8574e-08
1.8661e-08
1.8748e-08
1.8836e-08
1.8924e-08
1.9013e-08
1.9102e-08
1.9192e-08
1.9282e-08
1.9372e-08
1.9463e-08
1.9555e-08
1.9646e-08
1.9739e-08
1.9831e-08
1.9925e-08
2.0018e-08
2.0112e-08
2.0207e-08
2.0302e-08
2.0397e-08
2.0493e-08
2.0589e-08
2.0686e-08
2.0783e-08
2.0881e-08
2.0979e-08
2.1078e-08
2.1177e-08
2.1277e-08
2.1377e-08
2.1477e-08
2.1578e-08
2.168e-08
2.1782e-08
2.1884e-08
2.1987e-08
2.2091e-08
2.2195e-08
2.2299e-08
2.2404e-08
2.251e-08
2.2615e-08
2.2722e-08
2.2829e-08
2.2936e-08
2.3044e-08
2.3153e-08
2.3262e-08
2.3371e-08
2.3481e-08
2.3592e-08
2.3703e-08
2.3815e-08
2.3927e-08
2.4039e-08
2.4152e-08
2.4266e-08
2.438e-08
2.4495e-08
2.461e-08
2.4726e-08
2.4843e-08
2.496e-08
2.5077e-08
2.5195e-08
2.5314e-08
2.5433e-08
2.5553e-08
2.5673e-08
2.5794e-08
2.5915e-08
2.6037e-08
2.616e-08
2.6283e-08
2.6406e-08
2.653e-08
2.6655e-08
2.6781e-08
2.6907e-08
2.7033e-08
2.716e-08
2.7288e-08
2.7416e-08
2.7545e-08
2.7675e-08
2.7805e-08
2.7936e-08
2.8067e-08
2.8199e-08
2.8331e-08
2.8465e-08
2.8598e-08
2.8733e-08
2.8868e-08
2.9003e-08
2.9139e-08
2.9276e-08
2.9414e-08
2.9552e-08
2.9691e-08
2.983e-08
2.997e-08
3.0111e-08
3.0252e-08
3.0394e-08
3.0536e-08
3.068e-08
3.0824e-08
3.0968e-08
3.1113e-08
3.1259e-08
3.1406e-08
3.1553e-08
3.1701e-08
3.1849e-08
3.1999e-08
3.2149e-08
3.2299e-08
3.245e-08
3.2602e-08
3.2755e-08
3.2908e-08
3.3062e-08
3.3217e-08
3.3373e-08
3.3529e-08
3.3685e-08
3.3843e-08
3.4001e-08
3.416e-08
3.432e-08
3.448e-08
3.4641e-08
3.4803e-08
3.4966e-08
3.5129e-08
3.5293e-08
3.5458e-08
3.5623e-08
3.579e-08
3.5957e-08
3.6125e-08
3.6293e-08
3.6462e-08
3.6632e-08
3.6803e-08
3.6975e-08
3.7147e-08
3.732e-08
3.7494e-08
3.7668e-08
3.7844e-08
3.802e-08
3.8197e-08
3.8375e-08
3.8553e-08
3.8733e-08
3.8913e-08
3.9094e-08
3.9276e-08
3.9458e-08
3.9641e-08
3.9826e-08
4.0011e-08
4.0196e-08
4.0383e-08
4.0571e-08
4.0759e-08
4.0948e-08
4.1138e-08
4.1329e-08
4.152e-08
4.1713e-08
4.1906e-08
4.21e-08
4.2295e-08
4.2491e-08
4.2688e-08
4.2886e-08
4.3084e-08
4.3284e-08
4.3484e-08
4.3685e-08
4.3887e-08
4.409e-08
4.4294e-08
4.4498e-08
4.4704e-08
4.491e-08
4.5118e-08
4.5326e-08
4.5535e-08
4.5745e-08
4.5956e-08
4.6168e-08
4.6381e-08
4.6595e-08
4.681e-08
4.7025e-08
4.7242e-08
4.7459e-08
4.7678e-08
4.7897e-08
4.8118e-08
4.8339e-08
4.8562e-08
4.8785e-08
4.9009e-08
4.9234e-08
4.946e-08
4.9688e-08
4.9916e-08
5.0145e-08
5.0375e-08
5.0606e-08
5.0838e-08
5.1072e-08
5.1306e-08
5.1541e-08
5.1777e-08
5.2014e-08
5.2252e-08
5.2492e-08
5.2732e-08
5.2973e-08
5.3215e-08
5.3459e-08
5.3703e-08
5.3949e-08
5.4195e-08
5.4443e-08
5.4692e-08
5.4941e-08
5.5192e-08
5.5444e-08
5.5697e-08
5.5951e-08
5.6206e-08
5.6462e-08
5.6719e-08
5.6978e-08
5.7237e-08
5.7498e-08
5.776e-08
5.8022e-08
5.8286e-08
5.8551e-08
5.8818e-08
5.9085e-08
5.9353e-08
5.9623e-08
5.9894e-08
6.0166e-08
6.0439e-08
6.0713e-08
6.0988e-08
6.1265e-08
6.1542e-08
6.1821e-08
6.2101e-08
6.2383e-08
6.2665e-08
6.2949e-08
6.3233e-08
6.3519e-08
6.3807e-08
6.4095e-08
6.4385e-08
6.4676e-08
6.4968e-08
6.5261e-08
6.5556e-08
6.5852e-08
6.6149e-08
6.6447e-08
6.6746e-08
6.7047e-08
6.7349e-08
6.7653e-08
6.7957e-08
6.8263e-08
6.857e-08
6.8879e-08
6.9189e-08
6.95e-08
6.9812e-08
7.0126e-08
7.0441e-08
7.0757e-08
7.1074e-08
7.1393e-08
7.1714e-08
7.2035e-08
7.2358e-08
7.2682e-08
7.3008e-08
7.3335e-08
7.3663e-08
7.3993e-08
7.4324e-08
7.4656e-08
7.499e-08
7.5325e-08
7.5662e-08
7.6e-08
7.6339e-08
7.668e-08
7.7022e-08
7.7366e-08
7.7711e-08
7.8057e-08
7.8405e-08
7.8755e-08
7.9105e-08
7.9458e-08
7.9811e-08
8.0166e-08
8.0523e-08
8.0881e-08
8.124e-08
8.1601e-08
8.1964e-08
8.2328e-08
8.2693e-08
8.306e-08
8.3429e-08
8.3799e-08
8.417e-08
8.4543e-08
8.4918e-08
8.5294e-08
8.5672e-08
8.6051e-08
8.6431e-08
8.6814e-08
8.7198e-08
8.7583e-08
8.797e-08
8.8358e-08
8.8749e-08
8.914e-08
8.9534e-08
8.9928e-08
9.0325e-08
9.0723e-08
9.1123e-08
9.1524e-08
9.1927e-08
9.2332e-08
9.2738e-08
9.3146e-08
9.3556e-08
9.3967e-08
9.438e-08
9.4794e-08
9.5211e-08
9.5629e-08
9.6048e-08
9.647e-08
9.6893e-08
9.7317e-08
9.7744e-08
9.8172e-08
9.8602e-08
9.9033e-08
9.9467e-08
9.9902e-08
1.0034e-07
1.0078e-07
1.0122e-07
1.0166e-07
1.021e-07
1.0255e-07
1.03e-07
1.0345e-07
1.039e-07
1.0435e-07
1.0481e-07
1.0526e-07
1.0572e-07
1.0618e-07
1.0664e-07
1.0711e-07
1.0757e-07
1.0804e-07
1.0851e-07
1.0898e-07
1.0945e-07
1.0993e-07
1.1041e-07
1.1088e-07
1.1136e-07
1.1185e-07
1.1233e-07
1.1282e-07
1.1331e-07
1.138e-07
1.1429e-07
1.1478e-07
1.1528e-07
1.1578e-07
1.1628e-07
1.1678e-07
1.1729e-07
1.1779e-07
1.183e-07
1.1881e-07
1.1932e-07
1.1984e-07
1.2035e-07
1.2087e-07
1.2139e-07
1.2191e-07
1.2244e-07
1.2296e-07
1.2349e-07
1.2402e-07
1.2456e-07
1.2509e-07
1.2563e-07
1.2617e-07
1.2671e-07
1.2725e-07
1.278e-07
1.2834e-07
1.2889e-07
1.2945e-07
1.3e-07
1.3056e-07
1.3111e-07
1.3167e-07
1.3224e-07
1.328e-07
1.3337e-07
1.3394e-07
1.3451e-07
1.3508e-07
1.3566e-07
1.3624e-07
1.3682e-07
1.374e-07
1.3799e-07
1.3857e-07
1.3916e-07
1.3975e-07
1.4035e-07
1.4094e-07
1.4154e-07
1.4214e-07
1.4275e-07
1.4335e-07
1.4396e-07
1.4457e-07
1.4518e-07
1.458e-07
1.4642e-07
1.4704e-07
1.4766e-07
1.4828e-07
1.4891e-07
1.4954e-07
1.5017e-07
1.5081e-07
1.5144e-07
1.5208e-07
1.5272e-07
1.5337e-07
1.5401e-07
1.5466e-07
1.5532e-07
1.5597e-07
1.5663e-07
1.5728e-07
1.5795e-07
1.5861e-07
1.5928e-07
1.5995e-07
1.6062e-07
1.6129e-07
1.6197e-07
1.6265e-07
1.6333e-07
1.6402e-07
1.647e-07
1.6539e-07
1.6609e-07
1.6678e-07
1.6748e-07
1.6818e-07
1.6888e-07
1.6959e-07
1.703e-07
1.7101e-07
1.7172e-07
1.7244e-07
1.7316e-07
1.7388e-07
1.746e-07
1.7533e-07
1.7606e-07
1.7679e-07
1.7753e-07
1.7827e-07
1.7901e-07
1.7975e-07
1.805e-07
1.8125e-07
1.82e-07
1.8276e-07
1.8352e-07
1.8428e-07
1.8504e-07
1.8581e-07
1.8658e-07
1.8735e-07
1.8812e-07
1.889e-07
1.8968e-07
1.9047e-07
1.9126e-07
1.9205e-07
1.9284e-07
1.9363e-07
1.9443e-07
1.9524e-07
1.9604e-07
1.9685e-07
1.9766e-07
1.9847e-07
1.9929e-07
2.0011e-07
2.0093e-07
2.0176e-07
2.0259e-07
2.0342e-07
2.0426e-07
2.0509e-07
2.0594e-07
2.0678e-07
2.0763e-07
2.0848e-07
2.0933e-07
2.1019e-07
2.1105e-07
2.1191e-07
2.1278e-07
2.1365e-07
2.1452e-07
2.154e-07
2.1628e-07
2.1716e-07
2.1805e-07
2.1894e-07
2.1983e-07
2.2073e-07
2.2163e-07
2.2253e-07
2.2343e-07
2.2434e-07
2.2526e-07
2.2617e-07
2.2709e-07
2.2801e-07
2.2894e-07
2.2987e-07
2.308e-07
2.3174e-07
2.3268e-07
2.3362e-07
2.3457e-07
2.3552e-07
2.3647e-07
2.3743e-07
2.3839e-07
2.3935e-07
2.4032e-07
2.4129e-07
2.4226e-07
2.4324e-07
2.4422e-07
2.4521e-07
2.462e-07
2.4719e-07
2.4818e-07
2.4918e-07
2.5019e-07
2.5119e-07
2.522e-07
2.5322e-07
2.5423e-07
2.5526e-07
2.5628e-07
2.5731e-07
2.5834e-07
2.5938e-07
2.6042e-07
2.6146e-07
2.6251e-07
2.6356e-07
2.6461e-07
2.6567e-07
2.6674e-07
2.678e-07
2.6887e-07
2.6995e-07
2.7102e-07
2.7211e-07
2.7319e-07
2.7428e-07
2.7537e-07
2.7647e-07
2.7757e-07
2.7868e-07
2.7979e-07
2.809e-07
2.8202e-07
2.8314e-07
2.8426e-07
2.8539e-07
2.8652e-07
2.8766e-07
2.888e-07
2.8995e-07
2.9109e-07
2.9225e-07
2.934e-07
2.9457e-07
2.9573e-07
2.969e-07
2.9807e-07
2.9925e-07
3.0043e-07
3.0162e-07
3.0281e-07
3.0401e-07
3.052e-07
3.0641e-07
3.0762e-07
3.0883e-07
3.1004e-07
3.1126e-07
3.1249e-07
3.1372e-07
3.1495e-07
3.1619e-07
3.1743e-07
3.1867e-07
3.1992e-07
3.2118e-07
3.2244e-07
3.237e-07
3.2497e-07
3.2624e-07
3.2752e-07
3.288e-07
3.3009e-07
3.3138e-07
3.3267e-07
3.3397e-07
3.3527e-07
3.3658e-07
3.379e-07
3.3921e-07
3.4054e-07
3.4186e-07
3.4319e-07
3.4453e-07
3.4587e-07
3.4721e-07
3.4856e-07
3.4992e-07
3.5128e-07
3.5264e-07
3.5401e-07
3.5538e-07
3.5676e-07
3.5815e-07
3.5953e-07
3.6093e-07
3.6232e-07
3.6372e-07
3.6513e-07
3.6654e-07
3.6796e-07
3.6938e-07
3.7081e-07
3.7224e-07
3.7368e-07
3.7512e-07
3.7656e-07
3.7801e-07
3.7947e-07
3.8093e-07
3.824e-07
3.8387e-07
3.8534e-07
3.8682e-07
3.8831e-07
3.898e-07
3.913e-07
3.928e-07
3.9431e-07
3.9582e-07
3.9733e-07
3.9886e-07
4.0038e-07
4.0191e-07
4.0345e-07
4.0499e-07
4.0654e-07
4.081e-07
4.0965e-07
4.1122e-07
4.1279e-07
4.1436e-07
4.1594e-07
4.1753e-07
4.1912e-07
4.2071e-07
4.2231e-07
4.2392e-07
4.2553e-07
4.2715e-07
4.2877e-07
4.304e-07
4.3203e-07
4.3367e-07
4.3532e-07
4.3697e-07
4.3862e-07
4.4028e-07
4.4195e-07
4.4362e-07
4.453e-07
4.4699e-07
4.4867e-07
4.5037e-07
4.5207e-07
4.5378e-07
4.5549e-07
4.5721e-07
4.5893e-07
4.6066e-07
4.6239e-07
4.6413e-07
4.6588e-07
4.6763e-07
4.6939e-07
4.7116e-07
4.7293e-07
4.747e-07
4.7648e-07
4.7827e-07
4.8006e-07
4.8186e-07
4.8367e-07
4.8548e-07
4.873e-07
4.8912e-07
4.9095e-07
4.9278e-07
4.9463e-07
4.9647e-07
4.9833e-07
5.0019e-07
5.0205e-07
5.0392e-07
5.058e-07
5.0769e-07
5.0958e-07
5.1147e-07
5.1337e-07
5.1528e-07
5.172e-07
5.1912e-07
5.2105e-07
5.2298e-07
5.2492e-07
5.2687e-07
5.2882e-07
5.3078e-07
5.3275e-07
5.3472e-07
5.367e-07
5.3868e-07
5.4068e-07
5.4267e-07
5.4468e-07
5.4669e-07
5.4871e-07
5.5073e-07
5.5276e-07
5.548e-07
5.5684e-07
5.5889e-07
5.6095e-07
5.6301e-07
5.6508e-07
5.6716e-07
5.6925e-07
5.7134e-07
5.7343e-07
5.7554e-07
5.7765e-07
5.7977e-07
5.8189e-07
5.8402e-07
5.8616e-07
5.883e-07
5.9046e-07
5.9261e-07
5.9478e-07
5.9695e-07
5.9913e-07
6.0132e-07
6.0351e-07
6.0571e-07
6.0792e-07
6.1013e-07
6.1236e-07
6.1458e-07
6.1682e-07
6.1906e-07
6.2131e-07
6.2357e-07
6.2583e-07
6.2811e-07
6.3038e-07
6.3267e-07
6.3496e-07
6.3726e-07
6.3957e-07
6.4189e-07
6.4421e-07
6.4654e-07
6.4888e-07
6.5122e-07
6.5357e-07
6.5593e-07
6.583e-07
6.6067e-07
6.6306e-07
6.6544e-07
6.6784e-07
6.7025e-07
6.7266e-07
6.7508e-07
6.775e-07
6.7994e-07
6.8238e-07
6.8483e-07
6.8729e-07
6.8975e-07
6.9223e-07
6.9471e-07
6.9719e-07
6.9969e-07
7.0219e-07
7.0471e-07
7.0723e-07
7.0975e-07
7.1229e-07
7.1483e-07
7.1738e-07
7.1994e-07
7.2251e-07
7.2508e-07
7.2767e-07
7.3026e-07
7.3286e-07
7.3546e-07
7.3808e-07
7.407e-07
7.4333e-07
7.4597e-07
7.4862e-07
7.5127e-07
7.5394e-07
7.5661e-07
7.5929e-07
7.6198e-07
7.6467e-07
7.6738e-07
7.7009e-07
7.7281e-07
7.7554e-07
7.7828e-07
7.8103e-07
7.8378e-07
7.8655e-07
7.8932e-07
7.921e-07
7.9489e-07
7.9769e-07
8.0049e-07
8.0331e-07
8.0613e-07
8.0896e-07
8.118e-07
8.1465e-07
8.1751e-07
8.2037e-07
8.2325e-07
8.2613e-07
8.2903e-07
8.3193e-07
8.3484e-07
8.3776e-07
8.4068e-07
8.4362e-07
8.4657e-07
8.4952e-07
8.5248e-07
8.5545e-07
8.5844e-07
8.6143e-07
8.6442e-07
8.6743e-07
8.7045e-07
8.7348e-07
8.7651e-07
8.7956e-07
8.8261e-07
8.8567e-07
8.8874e-07
8.9182e-07
8.9491e-07
8.9801e-07
9.0112e-07
9.0424e-07
9.0737e-07
9.105e-07
9.1365e-07
9.168e-07
9.1997e-07
9.2314e-07
9.2633e-07
9.2952e-07
9.3272e-07
9.3593e-07
9.3915e-07
9.4239e-07
9.4563e-07
9.4888e-07
9.5214e-07
9.554e-07
9.5868e-07
9.6197e-07
9.6527e-07
9.6858e-07
9.719e-07
9.7522e-07
9.7856e-07
9.8191e-07
9.8527e-07
9.8863e-07
9.9201e-07
9.954e-07
9.9879e-07
1.0022e-06
1.0056e-06
1.009e-06
1.0125e-06
1.0159e-06
1.0194e-06
1.0228e-06
1.0263e-06
1.0298e-06
1.0333e-06
1.0368e-06
1.0403e-06
1.0439e-06
1.0474e-06
1.0509e-06
1.0545e-06
1.0581e-06
1.0617e-06
1.0652e-06
1.0688e-06
1.0725e-06
1.0761e-06
1.0797e-06
1.0833e-06
1.087e-06
1.0907e-06
1.0943e-06
1.098e-06
1.1017e-06
1.1054e-06
1.1091e-06
1.1129e-06
1.1166e-06
1.1203e-06
1.1241e-06
1.1279e-06
1.1316e-06
1.1354e-06
1.1392e-06
1.1431e-06
1.1469e-06
1.1507e-06
1.1546e-06
1.1584e-06
1.1623e-06
1.1662e-06
1.17e-06
1.1739e-06
1.1779e-06
1.1818e-06
1.1857e-06
1.1897e-06
1.1936e-06
1.1976e-06
1.2016e-06
1.2055e-06
1.2095e-06
1.2136e-06
1.2176e-06
1.2216e-06
1.2257e-06
1.2297e-06
1.2338e-06
1.2379e-06
1.242e-06
1.2461e-06
1.2502e-06
1.2543e-06
1.2584e-06
1.2626e-06
1.2667e-06
1.2709e-06
1.2751e-06
1.2793e-06
1.2835e-06
1.2877e-06
1.2919e-06
1.2962e-06
1.3004e-06
1.3047e-06
1.309e-06
1.3133e-06
1.3176e-06
1.3219e-06
1.3262e-06
1.3306e-06
1.3349e-06
1.3393e-06
1.3436e-06
1.348e-06
1.3524e-06
1.3568e-06
1.3613e-06
1.3657e-06
1.3701e-06
1.3746e-06
1.3791e-06
1.3835e-06
1.388e-06
1.3926e-06
1.3971e-06
1.4016e-06
1.4061e-06
1.4107e-06
1.4153e-06
1.4199e-06
1.4245e-06
1.4291e-06
1.4337e-06
1.4383e-06
1.443e-06
1.4476e-06
1.4523e-06
1.457e-06
1.4617e-06
1.4664e-06
1.4711e-06
1.4758e-06
1.4806e-06
1.4853e-06
1.4901e-06
1.4949e-06
1.4997e-06
1.5045e-06
1.5093e-06
1.5142e-06
1.519e-06
1.5239e-06
1.5287e-06
1.5336e-06
1.5385e-06
1.5435e-06
1.5484e-06
1.5533e-06
1.5583e-06
1.5632e-06
1.5682e-06
1.5732e-06
1.5782e-06
1.5832e-06
1.5883e-06
1.5933e-06
1.5984e-06
1.6035e-06
1.6086e-06
1.6137e-06
1.6188e-06
1.6239e-06
1.629e-06
1.6342e-06
1.6394e-06
1.6446e-06
1.6497e-06
1.655e-06
1.6602e-06
1.6654e-06
1.6707e-06
1.6759e-06
1.6812e-06
1.6865e-06
1.6918e-06
1.6971e-06
1.7025e-06
1.7078e-06
1.7132e-06
1.7186e-06
1.724e-06
1.7294e-06
1.7348e-06
1.7402e-06
1.7457e-06
1.7511e-06
1.7566e-06
1.7621e-06
1.7676e-06
1.7731e-06
1.7786e-06
1.7842e-06
1.7898e-06
1.7953e-06
1.8009e-06
1.8065e-06
1.8121e-06
1.8178e-06
1.8234e-06
1.8291e-06
1.8348e-06
1.8405e-06
1.8462e-06
1.8519e-06
1.8576e-06
1.8634e-06
1.8691e-06
1.8749e-06
1.8807e-06
1.8865e-06
1.8924e-06
1.8982e-06
1.904e-06
1.9099e-06
1.9158e-06
1.9217e-06
1.9276e-06
1.9335e-06
1.9395e-06
1.9455e-06
1.9514e-06
1.9574e-06
1.9634e-06
1.9694e-06
1.9755e-06
1.9815e-06
1.9876e-06
1.9937e-06
1.9998e-06
2.0059e-06
2.012e-06
2.0182e-06
2.0243e-06
2.0305e-06
2.0367e-06
2.0429e-06
2.0491e-06
2.0553e-06
2.0616e-06
2.0679e-06
2.0741e-06
2.0804e-06
2.0867e-06
2.0931e-06
2.0994e-06
2.1058e-06
2.1122e-06
2.1186e-06
2.125e-06
2.1314e-06
2.1378e-06
2.1443e-06
2.1508e-06
2.1572e-06
2.1637e-06
2.1703e-06
2.1768e-06
2.1834e-06
2.1899e-06
2.1965e-06
2.2031e-06
2.2097e-06
2.2164e-06
2.223e-06
2.2297e-06
2.2364e-06
2.2431e-06
2.2498e-06
2.2565e-06
2.2633e-06
2.27e-06
2.2768e-06
2.2836e-06
2.2904e-06
2.2972e-06
2.3041e-06
2.3109e-06
2.3178e-06
2.3247e-06
2.3316e-06
2.3386e-06
2.3455e-06
2.3525e-06
2.3595e-06
2.3665e-06
2.3735e-06
2.3805e-06
2.3876e-06
2.3946e-06
2.4017e-06
2.4088e-06
2.4159e-06
2.423e-06
2.4302e-06
2.4374e-06
2.4445e-06
2.4517e-06
2.459e-06
2.4662e-06
2.4735e-06
2.4807e-06
2.488e-06
2.4953e-06
2.5026e-06
2.51e-06
2.5173e-06
2.5247e-06
2.5321e-06
2.5395e-06
2.5469e-06
2.5544e-06
2.5618e-06
2.5693e-06
2.5768e-06
2.5843e-06
2.5919e-06
2.5994e-06
2.607e-06
2.6146e-06
2.6222e-06
2.6298e-06
2.6374e-06
2.6451e-06
2.6528e-06
2.6605e-06
2.6682e-06
2.6759e-06
2.6836e-06
2.6914e-06
2.6992e-06
2.707e-06
2.7148e-06
2.7226e-06
2.7305e-06
2.7384e-06
2.7463e-06
2.7542e-06
2.7621e-06
2.77e-06
2.778e-06
2.786e-06
2.794e-06
2.802e-06
2.81e-06
2.8181e-06
2.8262e-06
2.8343e-06
2.8424e-06
2.8505e-06
2.8587e-06
2.8668e-06
2.875e-06
2.8832e-06
2.8914e-06
2.8997e-06
2.9079e-06
2.9162e-06
2.9245e-06
2.9328e-06
2.9412e-06
2.9495e-06
2.9579e-06
2.9663e-06
2.9747e-06
2.9831e-06
2.9916e-06
3e-06
3.0085e-06
3.017e-06
3.0256e-06
3.0341e-06
3.0427e-06
3.0513e-06
3.0599e-06
3.0685e-06
3.0771e-06
3.0858e-06
3.0945e-06
3.1032e-06
3.1119e-06
3.1206e-06
3.1294e-06
3.1381e-06
3.1469e-06
3.1558e-06
3.1646e-06
3.1734e-06
3.1823e-06
3.1912e-06
3.2001e-06
3.209e-06
3.218e-06
3.227e-06
3.236e-06
3.245e-06
3.254e-06
3.2631e-06
3.2721e-06
3.2812e-06
3.2903e-06
3.2994e-06
3.3086e-06
3.3178e-06
3.327e-06
3.3362e-06
3.3454e-06
3.3546e-06
3.3639e-06
3.3732e-06
3.3825e-06
3.3918e-06
3.4012e-06
3.4106e-06
3.4199e-06
3.4294e-06
3.4388e-06
3.4482e-06
3.4577e-06
3.4672e-06
3.4767e-06
3.4862e-06
3.4958e-06
3.5054e-06
3.515e-06
3.5246e-06
3.5342e-06
3.5439e-06
3.5535e-06
3.5632e-06
3.5729e-06
3.5827e-06
3.5924e-06
3.6022e-06
3.612e-06
3.6218e-06
3.6317e-06
3.6415e-06
3.6514e-06
3.6613e-06
3.6712e-06
3.6812e-06
3.6912e-06
3.7011e-06
3.7112e-06
3.7212e-06
3.7312e-06
3.7413e-06
3.7514e-06
3.7615e-06
3.7716e-06
3.7818e-06
3.792e-06
3.8022e-06
3.8124e-06
3.8226e-06
3.8329e-06
3.8432e-06
3.8535e-06
3.8638e-06
3.8741e-06
3.8845e-06
3.8949e-06
3.9053e-06
3.9157e-06
3.9262e-06
3.9366e-06
3.9471e-06
3.9577e-06
3.9682e-06
3.9788e-06
3.9893e-06
3.9999e-06
4.0106e-06
4.0212e-06
4.0319e-06
4.0426e-06
4.0533e-06
4.064e-06
4.0748e-06
4.0855e-06
4.0963e-06
4.1071e-06
4.118e-06
4.1288e-06
4.1397e-06
4.1506e-06
4.1616e-06
4.1725e-06
4.1835e-06
4.1945e-06
4.2055e-06
4.2165e-06
4.2276e-06
4.2387e-06
4.2498e-06
4.2609e-06
4.2721e-06
4.2832e-06
4.2944e-06
4.3056e-06
4.3169e-06
4.3281e-06
4.3394e-06
4.3507e-06
4.362e-06
4.3734e-06
4.3848e-06
4.3962e-06
4.4076e-06
4.419e-06
4.4305e-06
4.442e-06
4.4535e-06
4.465e-06
4.4765e-06
4.4881e-06
4.4997e-06
4.5113e-06
4.523e-06
4.5346e-06
4.5463e-06
4.558e-06
4.5697e-06
4.5815e-06
4.5933e-06
4.6051e-06
4.6169e-06
4.6287e-06
4.6406e-06
4.6525e-06
4.6644e-06
4.6763e-06
4.6883e-06
4.7003e-06
4.7123e-06
4.7243e-06
4.7364e-06
4.7484e-06
4.7605e-06
4.7726e-06
4.7848e-06
4.797e-06
4.8091e-06
4.8214e-06
4.8336e-06
4.8458e-06
4.8581e-06
4.8704e-06
4.8828e-06
4.8951e-06
4.9075e-06
4.9199e-06
4.9323e-06
4.9447e-06
4.9572e-06
4.9697e-06
4.9822e-06
4.9947e-06
5.0073e-06
5.0199e-06
5.0325e-06
5.0451e-06
5.0578e-06
5.0704e-06
5.0831e-06
5.0959e-06
5.1086e-06
5.1214e-06
5.1342e-06
5.147e-06
5.1598e-06
5.1727e-06
5.1856e-06
5.1985e-06
5.2114e-06
5.2244e-06
5.2373e-06
5.2503e-06
5.2634e-06
5.2764e-06
5.2895e-06
5.3026e-06
5.3157e-06
5.3289e-06
5.342e-06
5.3552e-06
5.3685e-06
5.3817e-06
5.395e-06
5.4083e-06
5.4216e-06
5.4349e-06
5.4483e-06
5.4616e-06
5.4751e-06
5.4885e-06
5.5019e-06
5.5154e-06
5.5289e-06
5.5425e-06
5.556e-06
5.5696e-06
5.5832e-06
5.5968e-06
5.6105e-06
5.6241e-06
5.6378e-06
5.6515e-06
5.6653e-06
5.6791e-06
5.6929e-06
5.7067e-06
5.7205e-06
5.7344e-06
5.7483e-06
5.7622e-06
5.7761e-06
5.7901e-06
5.8041e-06
5.8181e-06
5.8321e-06
5.8462e-06
5.8602e-06
5.8744e-06
5.8885e-06
5.9026e-06
5.9168e-06
5.931e-06
5.9453e-06
5.9595e-06
5.9738e-06
5.9881e-06
6.0024e-06
6.0168e-06
6.0311e-06
6.0455e-06
6.06e-06
6.0744e-06
6.0889e-06
6.1034e-06
6.1179e-06
6.1324e-06
6.147e-06
6.1616e-06
6.1762e-06
6.1909e-06
6.2055e-06
6.2202e-06
6.235e-06
6.2497e-06
6.2645e-06
6.2793e-06
6.2941e-06
6.3089e-06
6.3238e-06
6.3387e-06
6.3536e-06
6.3685e-06
6.3835e-06
6.3985e-06
6.4135e-06
6.4285e-06
6.4436e-06
6.4587e-06
6.4738e-06
6.4889e-06
6.5041e-06
6.5193e-06
6.5345e-06
6.5497e-06
6.565e-06
6.5803e-06
6.5956e-06
6.6109e-06
6.6263e-06
6.6416e-06
6.6571e-06
6.6725e-06
6.6879e-06
6.7034e-06
6.7189e-06
6.7345e-06
6.75e-06
6.7656e-06
6.7812e-06
6.7968e-06
6.8125e-06
6.8282e-06
6.8439e-06
6.8596e-06
6.8754e-06
6.8912e-06
6.907e-06
6.9228e-06
6.9387e-06
6.9545e-06
6.9704e-06
6.9864e-06
7.0023e-06
7.0183e-06
7.0343e-06
7.0503e-06
7.0664e-06
7.0825e-06
7.0986e-06
7.1147e-06
7.1309e-06
7.147e-06
7.1632e-06
7.1795e-06
7.1957e-06
7.212e-06
7.2283e-06
7.2446e-06
7.261e-06
7.2774e-06
7.2938e-06
7.3102e-06
7.3267e-06
7.3431e-06
7.3597e-06
7.3762e-06
7.3927e-06
7.4093e-06
7.4259e-06
7.4425e-06
7.4592e-06
7.4759e-06
7.4926e-06
7.5093e-06
7.5261e-06
7.5428e-06
7.5596e-06
7.5765e-06
7.5933e-06
7.6102e-06
7.6271e-06
7.644e-06
7.661e-06
7.678e-06
7.695e-06
7.712e-06
7.7291e-06
7.7461e-06
7.7632e-06
7.7804e-06
7.7975e-06
7.8147e-06
7.8319e-06
7.8491e-06
7.8664e-06
7.8837e-06
7.901e-06
7.9183e-06
7.9357e-06
7.953e-06
7.9704e-06
7.9879e-06
8.0053e-06
8.0228e-06
8.0403e-06
8.0578e-06
8.0754e-06
8.093e-06
8.1106e-06
8.1282e-06
8.1458e-06
8.1635e-06
8.1812e-06
8.199e-06
8.2167e-06
8.2345e-06
8.2523e-06
8.2701e-06
8.288e-06
8.3058e-06
8.3237e-06
8.3417e-06
8.3596e-06
8.3776e-06
8.3956e-06
8.4136e-06
8.4317e-06
8.4498e-06
8.4679e-06
8.486e-06
8.5041e-06
8.5223e-06
8.5405e-06
8.5587e-06
8.577e-06
8.5953e-06
8.6136e-06
8.6319e-06
8.6502e-06
8.6686e-06
8.687e-06
8.7054e-06
8.7239e-06
8.7423e-06
8.7608e-06
8.7794e-06
8.7979e-06
8.8165e-06
8.8351e-06
8.8537e-06
8.8723e-06
8.891e-06
8.9097e-06
8.9284e-06
8.9472e-06
8.9659e-06
8.9847e-06
9.0036e-06
9.0224e-06
9.0413e-06
9.0602e-06
9.0791e-06
9.098e-06
9.117e-06
9.136e-06
9.155e-06
9.174e-06
9.1931e-06
9.2122e-06
9.2313e-06
9.2504e-06
9.2696e-06
9.2888e-06
9.308e-06
9.3272e-06
9.3465e-06
9.3658e-06
9.3851e-06
9.4044e-06
9.4237e-06
9.4431e-06
9.4625e-06
9.482e-06
9.5014e-06
9.5209e-06
9.5404e-06
9.5599e-06
9.5795e-06
9.599e-06
9.6186e-06
9.6383e-06
9.6579e-06
9.6776e-06
9.6973e-06
9.717e-06
9.7367e-06
9.7565e-06
9.7763e-06
9.7961e-06
9.816e-06
9.8358e-06
9.8557e-06
9.8756e-06
9.8956e-06
9.9155e-06
9.9355e-06
9.9555e-06
9.9755e-06
9.9956e-06
1.0016e-05
1.0036e-05
1.0056e-05
1.0076e-05
1.0096e-05
1.0116e-05
1.0137e-05
1.0157e-05
1.0177e-05
1.0197e-05
1.0218e-05
1.0238e-05
1.0258e-05
1.0279e-05
1.0299e-05
1.032e-05
1.034e-05
1.0361e-05
1.0381e-05
1.0402e-05
1.0422e-05
1.0443e-05
1.0463e-05
1.0484e-05
1.0505e-05
1.0525e-05
1.0546e-05
1.0567e-05
1.0588e-05
1.0608e-05
1.0629e-05
1.065e-05
1.0671e-05
1.0692e-05
1.0712e-05
1.0733e-05
1.0754e-05
1.0775e-05
1.0796e-05
1.0817e-05
1.0838e-05
1.0859e-05
1.088e-05
1.0901e-05
1.0923e-05
1.0944e-05
1.0965e-05
1.0986e-05
1.1007e-05
1.1028e-05
1.105e-05
1.1071e-05
1.1092e-05
1.1114e-05
1.1135e-05
1.1156e-05
1.1178e-05
1.1199e-05
1.122e-05
1.1242e-05
1.1263e-05
1.1285e-05
1.1306e-05
1.1328e-05
1.1349e-05
1.1371e-05
1.1393e-05
1.1414e-05
1.1436e-05
1.1458e-05
1.1479e-05
1.1501e-05
1.1523e-05
1.1545e-05
1.1566e-05
1.1588e-05
1.161e-05
1.1632e-05
1.1654e-05
1.1676e-05
1.1697e-05
1.1719e-05
1.1741e-05
1.1763e-05
1.1785e-05
1.1807e-05
1.1829e-05
1.1852e-05
1.1874e-05
1.1896e-05
1.1918e-05
1.194e-05
1.1962e-05
1.1984e-05
1.2007e-05
1.2029e-05
1.2051e-05
1.2073e-05
1.2096e-05
1.2118e-05
1.214e-05
1.2163e-05
1.2185e-05
1.2208e-05
1.223e-05
1.2252e-05
1.2275e-05
1.2297e-05
1.232e-05
1.2342e-05
1.2365e-05
1.2388e-05
1.241e-05
1.2433e-05
1.2455e-05
1.2478e-05
1.2501e-05
1.2524e-05
1.2546e-05
1.2569e-05
1.2592e-05
1.2615e-05
1.2637e-05
1.266e-05
1.2683e-05
1.2706e-05
1.2729e-05
1.2752e-05
1.2775e-05
1.2798e-05
1.2821e-05
1.2844e-05
1.2867e-05
1.289e-05
1.2913e-05
1.2936e-05
1.2959e-05
1.2982e-05
1.3005e-05
1.3028e-05
1.3051e-05
1.3075e-05
1.3098e-05
1.3121e-05
1.3144e-05
1.3167e-05
1.3191e-05
1.3214e-05
1.3237e-05
1.3261e-05
1.3284e-05
1.3308e-05
1.3331e-05
1.3354e-05
1.3378e-05
1.3401e-05
1.3425e-05
1.3448e-05
1.3472e-05
1.3495e-05
1.3519e-05
1.3542e-05
1.3566e-05
1.359e-05
1.3613e-05
1.3637e-05
1.3661e-05
1.3684e-05
1.3708e-05
1.3732e-05
1.3755e-05
1.3779e-05
1.3803e-05
1.3827e-05
1.3851e-05
1.3874e-05
1.3898e-05
1.3922e-05
1.3946e-05
1.397e-05
1.3994e-05
1.4018e-05
1.4042e-05
1.4066e-05
1.409e-05
1.4114e-05
1.4138e-05
1.4162e-05
1.4186e-05
1.421e-05
1.4234e-05
1.4258e-05
1.4282e-05
1.4306e-05
1.4331e-05
1.4355e-05
1.4379e-05
1.4403e-05
1.4428e-05
1.4452e-05
1.4476e-05
1.45e-05
1.4525e-05
1.4549e-05
1.4573e-05
1.4598e-05
1.4622e-05
1.4646e-05
1.4671e-05
1.4695e-05
1.472e-05
1.4744e-05
1.4769e-05
1.4793e-05
1.4818e-05
1.4842e-05
1.4867e-05
1.4891e-05
1.4916e-05
1.494e-05
1.4965e-05
1.499e-05
1.5014e-05
1.5039e-05
1.5064e-05
1.5088e-05
1.5113e-05
1.5138e-05
1.5162e-05
1.5187e-05
1.5212e-05
1.5237e-05
1.5261e-05
1.5286e-05
1.5311e-05
1.5336e-05
1.5361e-05
1.5386e-05
1.5411e-05
1.5435e-05
1.546e-05
1.5485e-05
1.551e-05
1.5535e-05
1.556e-05
1.5585e-05
1.561e-05
1.5635e-05
1.566e-05
1.5685e-05
1.571e-05
1.5735e-05
1.576e-05
1.5785e-05
1.5811e-05
1.5836e-05
1.5861e-05
1.5886e-05
1.5911e-05
1.5936e-05
1.5962e-05
1.5987e-05
1.6012e-05
1.6037e-05
1.6062e-05
1.6088e-05
1.6113e-05
1.6138e-05
1.6164e-05
1.6189e-05
1.6214e-05
1.624e-05
1.6265e-05
1.629e-05
1.6316e-05
1.6341e-05
1.6366e-05
1.6392e-05
1.6417e-05
1.6443e-05
1.6468e-05
1.6494e-05
1.6519e-05
1.6545e-05
1.657e-05
1.6596e-05
1.6621e-05
1.6647e-05
1.6672e-05
1.6698e-05
1.6723e-05
1.6749e-05
1.6775e-05
1.68e-05
1.6826e-05
1.6851e-05
1.6877e-05
1.6903e-05
1.6928e-05
1.6954e-05
1.698e-05
1.7005e-05
1.7031e-05
1.7057e-05
1.7083e-05
1.7108e-05
1.7134e-05
1.716e-05
1.7186e-05
1.7211e-05
1.7237e-05
1.7263e-05
1.7289e-05
1.7315e-05
1.7341e-05
1.7366e-05
1.7392e-05
1.7418e-05
1.7444e-05
1.747e-05
1.7496e-05
1.7522e-05
1.7548e-05
1.7573e-05
1.7599e-05
1.7625e-05
1.7651e-05
1.7677e-05
1.7703e-05
1.7729e-05
1.7755e-05
1.7781e-05
1.7807e-05
1.7833e-05
1.7859e-05
1.7885e-05
1.7911e-05
1.7937e-05
1.7963e-05
1.7989e-05
1.8016e-05
1.8042e-05
1.8068e-05
1.8094e-05
1.812e-05
1.8146e-05
1.8172e-05
1.8198e-05
1.8224e-05
1.8251e-05
1.8277e-05
1.8303e-05
1.8329e-05
1.8355e-05
1.8381e-05
1.8408e-05
1.8434e-05
1.846e-05
1.8486e-05
1.8512e-05
1.8539e-05
1.8565e-05
1.8591e-05
1.8617e-05
1.8644e-05
1.867e-05
1.8696e-05
1.8722e-05
1.8749e-05
1.8775e-05
1.8801e-05
1.8827e-05
1.8854e-05
1.888e-05
1.8906e-05
1.8933e-05
1.8959e-05
1.8985e-05
1.9012e-05
1.9038e-05
1.9064e-05
1.9091e-05
1.9117e-05
1.9143e-05
1.917e-05
1.9196e-05
1.9222e-05
1.9249e-05
1.9275e-05
1.9302e-05
1.9328e-05
1.9354e-05
1.9381e-05
1.9407e-05
1.9434e-05
1.946e-05
1.9486e-05
1.9513e-05
1.9539e-05
1.9566e-05
1.9592e-05
1.9618e-05
1.9645e-05
1.9671e-05
1.9698e-05
1.9724e-05
1.9751e-05
1.9777e-05
1.9804e-05
1.983e-05
1.9856e-05
1.9883e-05
1.9909e-05
1.9936e-05
1.9962e-05
1.9989e-05
2.0015e-05
2.0042e-05
2.0068e-05
2.0095e-05
2.0121e-05
2.0148e-05
2.0174e-05
2.0201e-05
2.0227e-05
2.0254e-05
2.028e-05
2.0307e-05
2.0333e-05
2.036e-05
2.0386e-05
2.0413e-05
2.0439e-05
2.0466e-05
2.0492e-05
2.0519e-05
2.0545e-05
2.0572e-05
2.0598e-05
2.0625e-05
2.0651e-05
2.0678e-05
2.0704e-05
2.0731e-05
2.0757e-05
2.0784e-05
2.081e-05
2.0837e-05
2.0863e-05
2.0889e-05
2.0916e-05
2.0942e-05
2.0969e-05
2.0995e-05
2.1022e-05
2.1048e-05
2.1075e-05
2.1101e-05
2.1128e-05
2.1154e-05
2.1181e-05
2.1207e-05
2.1234e-05
2.126e-05
2.1287e-05
2.1313e-05
2.134e-05
2.1366e-05
2.1393e-05
2.1419e-05
2.1446e-05
2.1472e-05
2.1499e-05
2.1525e-05
2.1551e-05
2.1578e-05
2.1604e-05
2.1631e-05
2.1657e-05
2.1684e-05
2.171e-05
2.1737e-05
2.1763e-05
2.1789e-05
2.1816e-05
2.1842e-05
2.1869e-05
2.1895e-05
2.1921e-05
2.1948e-05
2.1974e-05
2.2001e-05
2.2027e-05
2.2053e-05
2.208e-05
2.2106e-05
2.2132e-05
2.2159e-05
2.2185e-05
2.2212e-05
2.2238e-05
2.2264e-05
2.2291e-05
2.2317e-05
2.2343e-05
2.237e-05
2.2396e-05
2.2422e-05
2.2448e-05
2.2475e-05
2.2501e-05
2.2527e-05
2.2554e-05
2.258e-05
2.2606e-05
2.2632e-05
2.2659e-05
2.2685e-05
2.2711e-05
2.2737e-05
2.2764e-05
2.279e-05
2.2816e-05
2.2842e-05
2.2868e-05
2.2895e-05
2.2921e-05
2.2947e-05
2.2973e-05
2.2999e-05
2.3025e-05
2.3051e-05
2.3078e-05
2.3104e-05
2.313e-05
2.3156e-05
2.3182e-05
2.3208e-05
2.3234e-05
2.326e-05
2.3286e-05
2.3312e-05
2.3338e-05
2.3364e-05
2.339e-05
2.3416e-05
2.3442e-05
2.3468e-05
2.3494e-05
2.352e-05
2.3546e-05
2.3572e-05
2.3598e-05
2.3624e-05
2.365e-05
2.3676e-05
2.3702e-05
2.3728e-05
2.3754e-05
2.378e-05
2.3805e-05
2.3831e-05
2.3857e-05
2.3883e-05
2.3909e-05
2.3935e-05
2.396e-05
2.3986e-05
2.4012e-05
2.4038e-05
2.4063e-05
2.4089e-05
2.4115e-05
2.4141e-05
2.4166e-05
2.4192e-05
2.4218e-05
2.4243e-05
2.4269e-05
2.4295e-05
2.432e-05
2.4346e-05
2.4371e-05
2.4397e-05
2.4423e-05
2.4448e-05
2.4474e-05
2.4499e-05
2.4525e-05
2.455e-05
2.4576e-05
2.4601e-05
2.4627e-05
2.4652e-05
2.4677e-05
2.4703e-05
2.4728e-05
2.4754e-05
2.4779e-05
2.4804e-05
2.483e-05
2.4855e-05
2.488e-05
2.4906e-05
2.4931e-05
2.4956e-05
2.4981e-05
2.5007e-05
2.5032e-05
2.5057e-05
2.5082e-05
2.5107e-05
2.5133e-05
2.5158e-05
2.5183e-05
2.5208e-05
2.5233e-05
2.5258e-05
2.5283e-05
2.5308e-05
2.5333e-05
2.5358e-05
2.5383e-05
2.5408e-05
2.5433e-05
2.5458e-05
2.5483e-05
2.5508e-05
2.5533e-05
2.5558e-05
2.5583e-05
2.5607e-05
2.5632e-05
2.5657e-05
2.5682e-05
2.5707e-05
2.5731e-05
2.5756e-05
2.5781e-05
2.5805e-05
2.583e-05
2.5855e-05
2.5879e-05
2.5904e-05
2.5929e-05
2.5953e-05
2.5978e-05
2.6002e-05
2.6027e-05
2.6051e-05
2.6076e-05
2.61e-05
2.6125e-05
2.6149e-05
2.6173e-05
2.6198e-05
2.6222e-05
2.6246e-05
2.6271e-05
2.6295e-05
2.6319e-05
2.6344e-05
2.6368e-05
2.6392e-05
2.6416e-05
2.644e-05
2.6464e-05
2.6489e-05
2.6513e-05
2.6537e-05
2.6561e-05
2.6585e-05
2.6609e-05
2.6633e-05
2.6657e-05
2.6681e-05
2.6705e-05
2.6729e-05
2.6752e-05
2.6776e-05
2.68e-05
2.6824e-05
2.6848e-05
2.6872e-05
2.6895e-05
2.6919e-05
2.6943e-05
2.6966e-05
2.699e-05
2.7014e-05
2.7037e-05
2.7061e-05
2.7084e-05
2.7108e-05
2.7131e-05
2.7155e-05
2.7178e-05
2.7202e-05
2.7225e-05
2.7249e-05
2.7272e-05
2.7295e-05
2.7319e-05
2.7342e-05
2.7365e-05
2.7388e-05
2.7412e-05
2.7435e-05
2.7458e-05
2.7481e-05
2.7504e-05
2.7527e-05
2.755e-05
2.7573e-05
2.7596e-05
2.7619e-05
2.7642e-05
2.7665e-05
2.7688e-05
2.7711e-05
2.7734e-05
2.7757e-05
2.7779e-05
2.7802e-05
2.7825e-05
2.7848e-05
2.787e-05
2.7893e-05
2.7915e-05
2.7938e-05
2.7961e-05
2.7983e-05
2.8006e-05
2.8028e-05
2.8051e-05
2.8073e-05
2.8096e-05
2.8118e-05
2.814e-05
2.8163e-05
2.8185e-05
2.8207e-05
2.8229e-05
2.8252e-05
2.8274e-05
2.8296e-05
2.8318e-05
2.834e-05
2.8362e-05
2.8384e-05
2.8406e-05
2.8428e-05
2.845e-05
2.8472e-05
2.8494e-05
2.8516e-05
2.8537e-05
2.8559e-05
2.8581e-05
2.8603e-05
2.8624e-05
2.8646e-05
2.8668e-05
2.8689e-05
2.8711e-05
2.8732e-05
2.8754e-05
2.8775e-05
2.8797e-05
2.8818e-05
2.884e-05
2.8861e-05
2.8882e-05
2.8904e-05
2.8925e-05
2.8946e-05
2.8967e-05
2.8989e-05
2.901e-05
2.9031e-05
2.9052e-05
2.9073e-05
2.9094e-05
2.9115e-05
2.9136e-05
2.9157e-05
2.9178e-05
2.9198e-05
2.9219e-05
2.924e-05
2.9261e-05
2.9281e-05
2.9302e-05
2.9323e-05
2.9343e-05
2.9364e-05
2.9384e-05
2.9405e-05
2.9425e-05
2.9446e-05
2.9466e-05
2.9487e-05
2.9507e-05
2.9527e-05
2.9548e-05
2.9568e-05
2.9588e-05
2.9608e-05
2.9628e-05
2.9648e-05
2.9668e-05
2.9688e-05
2.9708e-05
2.9728e-05
2.9748e-05
2.9768e-05
2.9788e-05
2.9808e-05
2.9827e-05
2.9847e-05
2.9867e-05
2.9887e-05
2.9906e-05
2.9926e-05
2.9945e-05
2.9965e-05
2.9984e-05
3.0004e-05
3.0023e-05
3.0043e-05
3.0062e-05
3.0081e-05
3.01e-05
3.012e-05
3.0139e-05
3.0158e-05
3.0177e-05
3.0196e-05
3.0215e-05
3.0234e-05
3.0253e-05
3.0272e-05
3.0291e-05
3.031e-05
3.0329e-05
3.0347e-05
3.0366e-05
3.0385e-05
3.0403e-05
3.0422e-05
3.0441e-05
3.0459e-05
3.0478e-05
3.0496e-05
3.0515e-05
3.0533e-05
3.0551e-05
3.057e-05
3.0588e-05
3.0606e-05
3.0624e-05
3.0642e-05
3.0661e-05
3.0679e-05
3.0697e-05
3.0715e-05
3.0733e-05
3.075e-05
3.0768e-05
3.0786e-05
3.0804e-05
3.0822e-05
3.0839e-05
3.0857e-05
3.0875e-05
3.0892e-05
3.091e-05
3.0927e-05
3.0945e-05
3.0962e-05
3.098e-05
3.0997e-05
3.1014e-05
3.1031e-05
3.1049e-05
3.1066e-05
3.1083e-05
3.11e-05
3.1117e-05
3.1134e-05
3.1151e-05
3.1168e-05
3.1185e-05
3.1202e-05
3.1218e-05
3.1235e-05
3.1252e-05
3.1269e-05
3.1285e-05
3.1302e-05
3.1318e-05
3.1335e-05
3.1351e-05
3.1368e-05
3.1384e-05
3.14e-05
3.1417e-05
3.1433e-05
3.1449e-05
3.1465e-05
3.1481e-05
3.1497e-05
3.1514e-05
3.1529e-05
3.1545e-05
3.1561e-05
3.1577e-05
3.1593e-05
3.1609e-05
3.1624e-05
3.164e-05
3.1656e-05
3.1671e-05
3.1687e-05
3.1702e-05
3.1718e-05
3.1733e-05
3.1749e-05
3.1764e-05
3.1779e-05
3.1794e-05
3.181e-05
3.1825e-05
3.184e-05
3.1855e-05
3.187e-05
3.1885e-05
3.19e-05
3.1915e-05
3.1929e-05
3.1944e-05
3.1959e-05
3.1974e-05
3.1988e-05
3.2003e-05
3.2017e-05
3.2032e-05
3.2046e-05
3.2061e-05
3.2075e-05
3.2089e-05
3.2104e-05
3.2118e-05
3.2132e-05
3.2146e-05
3.216e-05
3.2174e-05
3.2188e-05
3.2202e-05
3.2216e-05
3.223e-05
3.2244e-05
3.2257e-05
3.2271e-05
3.2285e-05
3.2298e-05
3.2312e-05
3.2326e-05
3.2339e-05
3.2352e-05
3.2366e-05
3.2379e-05
3.2392e-05
3.2406e-05
3.2419e-05
3.2432e-05
3.2445e-05
3.2458e-05
3.2471e-05
3.2484e-05
3.2497e-05
3.251e-05
3.2523e-05
3.2535e-05
3.2548e-05
3.2561e-05
3.2573e-05
3.2586e-05
3.2598e-05
3.2611e-05
3.2623e-05
3.2636e-05
3.2648e-05
3.266e-05
3.2672e-05
3.2684e-05
3.2697e-05
3.2709e-05
3.2721e-05
3.2733e-05
3.2745e-05
3.2756e-05
3.2768e-05
3.278e-05
3.2792e-05
3.2803e-05
3.2815e-05
3.2827e-05
3.2838e-05
3.285e-05
3.2861e-05
3.2872e-05
3.2884e-05
3.2895e-05
3.2906e-05
3.2917e-05
3.2928e-05
3.294e-05
3.2951e-05
3.2962e-05
3.2972e-05
3.2983e-05
3.2994e-05
3.3005e-05
3.3016e-05
3.3026e-05
3.3037e-05
3.3047e-05
3.3058e-05
3.3068e-05
3.3079e-05
3.3089e-05
3.3099e-05
3.311e-05
3.312e-05
3.313e-05
3.314e-05
3.315e-05
3.316e-05
3.317e-05
3.318e-05
3.319e-05
3.32e-05
3.3209e-05
3.3219e-05
3.3229e-05
3.3238e-05
3.3248e-05
3.3257e-05
3.3267e-05
3.3276e-05
3.3286e-05
3.3295e-05
3.3304e-05
3.3313e-05
3.3322e-05
3.3331e-05
3.334e-05
3.3349e-05
3.3358e-05
3.3367e-05
3.3376e-05
3.3385e-05
3.3393e-05
3.3402e-05
3.3411e-05
3.3419e-05
3.3428e-05
3.3436e-05
3.3444e-05
3.3453e-05
3.3461e-05
3.3469e-05
3.3477e-05
3.3486e-05
3.3494e-05
3.3502e-05
3.351e-05
3.3517e-05
3.3525e-05
3.3533e-05
3.3541e-05
3.3549e-05
3.3556e-05
3.3564e-05
3.3571e-05
3.3579e-05
3.3586e-05
3.3594e-05
3.3601e-05
3.3608e-05
3.3615e-05
3.3623e-05
3.363e-05
3.3637e-05
3.3644e-05
3.3651e-05
3.3657e-05
3.3664e-05
3.3671e-05
3.3678e-05
3.3685e-05
3.3691e-05
3.3698e-05
3.3704e-05
3.3711e-05
3.3717e-05
3.3723e-05
3.373e-05
3.3736e-05
3.3742e-05
3.3748e-05
3.3754e-05
3.376e-05
3.3766e-05
3.3772e-05
3.3778e-05
3.3784e-05
3.379e-05
3.3795e-05
3.3801e-05
3.3807e-05
3.3812e-05
3.3818e-05
3.3823e-05
3.3828e-05
3.3834e-05
3.3839e-05
3.3844e-05
3.3849e-05
3.3854e-05
3.3859e-05
3.3864e-05
3.3869e-05
3.3874e-05
3.3879e-05
3.3884e-05
3.3888e-05
3.3893e-05
3.3898e-05
3.3902e-05
3.3907e-05
3.3911e-05
3.3916e-05
3.392e-05
3.3924e-05
3.3928e-05
3.3933e-05
3.3937e-05
3.3941e-05
3.3945e-05
3.3949e-05
3.3952e-05
3.3956e-05
3.396e-05
3.3964e-05
3.3967e-05
3.3971e-05
3.3975e-05
3.3978e-05
3.3982e-05
3.3985e-05
3.3988e-05
3.3991e-05
3.3995e-05
3.3998e-05
3.4001e-05
3.4004e-05
3.4007e-05
3.401e-05
3.4013e-05
3.4016e-05
3.4018e-05
3.4021e-05
3.4024e-05
3.4026e-05
3.4029e-05
3.4031e-05
3.4034e-05
3.4036e-05
3.4039e-05
3.4041e-05
3.4043e-05
3.4045e-05
3.4047e-05
3.4049e-05
3.4051e-05
3.4053e-05
3.4055e-05
3.4057e-05
3.4059e-05
3.406e-05
3.4062e-05
3.4064e-05
3.4065e-05
3.4067e-05
3.4068e-05
3.407e-05
3.4071e-05
3.4072e-05
3.4073e-05
3.4074e-05
3.4076e-05
3.4077e-05
3.4078e-05
3.4079e-05
3.4079e-05
3.408e-05
3.4081e-05
3.4082e-05
3.4082e-05
3.4083e-05
3.4083e-05
3.4084e-05
3.4084e-05
3.4085e-05
3.4085e-05
3.4085e-05
3.4085e-05
3.4086e-05
3.4086e-05
3.4086e-05
3.4086e-05
3.4086e-05
3.4086e-05
3.4085e-05
3.4085e-05
3.4085e-05
3.4084e-05
3.4084e-05
3.4084e-05
3.4083e-05
3.4082e-05
3.4082e-05
3.4081e-05
3.408e-05
3.408e-05
3.4079e-05
3.4078e-05
3.4077e-05
3.4076e-05
3.4075e-05
3.4073e-05
3.4072e-05
3.4071e-05
3.407e-05
3.4068e-05
3.4067e-05
3.4065e-05
3.4064e-05
3.4062e-05
3.4061e-05
3.4059e-05
3.4057e-05
3.4055e-05
3.4054e-05
3.4052e-05
3.405e-05
3.4048e-05
3.4045e-05
3.4043e-05
3.4041e-05
3.4039e-05
3.4037e-05
3.4034e-05
3.4032e-05
3.4029e-05
3.4027e-05
3.4024e-05
3.4021e-05
3.4019e-05
3.4016e-05
3.4013e-05
3.401e-05
3.4007e-05
3.4004e-05
3.4001e-05
3.3998e-05
3.3995e-05
3.3992e-05
3.3989e-05
3.3985e-05
3.3982e-05
3.3979e-05
3.3975e-05
3.3972e-05
3.3968e-05
3.3964e-05
3.3961e-05
3.3957e-05
3.3953e-05
3.3949e-05
3.3945e-05
3.3941e-05
3.3937e-05
3.3933e-05
3.3929e-05
3.3925e-05
3.392e-05
3.3916e-05
3.3912e-05
3.3907e-05
3.3903e-05
3.3898e-05
3.3894e-05
3.3889e-05
3.3884e-05
3.388e-05
3.3875e-05
3.387e-05
3.3865e-05
3.386e-05
3.3855e-05
3.385e-05
3.3845e-05
3.384e-05
3.3834e-05
3.3829e-05
3.3824e-05
3.3818e-05
3.3813e-05
3.3807e-05
3.3802e-05
3.3796e-05
3.379e-05
3.3785e-05
3.3779e-05
3.3773e-05
3.3767e-05
3.3761e-05
3.3755e-05
3.3749e-05
3.3743e-05
3.3737e-05
3.3731e-05
3.3724e-05
3.3718e-05
3.3712e-05
3.3705e-05
3.3699e-05
3.3692e-05
3.3685e-05
3.3679e-05
3.3672e-05
3.3665e-05
3.3658e-05
3.3652e-05
3.3645e-05
3.3638e-05
3.3631e-05
3.3623e-05
3.3616e-05
3.3609e-05
3.3602e-05
3.3595e-05
3.3587e-05
3.358e-05
3.3572e-05
3.3565e-05
3.3557e-05
3.355e-05
3.3542e-05
3.3534e-05
3.3526e-05
3.3519e-05
3.3511e-05
3.3503e-05
3.3495e-05
3.3487e-05
3.3479e-05
3.347e-05
3.3462e-05
3.3454e-05
3.3446e-05
3.3437e-05
3.3429e-05
3.342e-05
3.3412e-05
3.3403e-05
3.3394e-05
3.3386e-05
3.3377e-05
3.3368e-05
3.3359e-05
3.3351e-05
3.3342e-05
3.3333e-05
3.3324e-05
3.3314e-05
3.3305e-05
3.3296e-05
3.3287e-05
3.3277e-05
3.3268e-05
3.3259e-05
3.3249e-05
3.324e-05
3.323e-05
3.322e-05
3.3211e-05
3.3201e-05
3.3191e-05
3.3181e-05
3.3172e-05
3.3162e-05
3.3152e-05
3.3142e-05
3.3131e-05
3.3121e-05
3.3111e-05
3.3101e-05
3.3091e-05
3.308e-05
3.307e-05
3.3059e-05
3.3049e-05
3.3038e-05
3.3028e-05
3.3017e-05
3.3006e-05
3.2996e-05
3.2985e-05
3.2974e-05
3.2963e-05
3.2952e-05
3.2941e-05
3.293e-05
3.2919e-05
3.2908e-05
3.2896e-05
3.2885e-05
3.2874e-05
3.2863e-05
3.2851e-05
3.284e-05
3.2828e-05
3.2817e-05
3.2805e-05
3.2793e-05
3.2782e-05
3.277e-05
3.2758e-05
3.2746e-05
3.2734e-05
3.2722e-05
3.271e-05
3.2698e-05
3.2686e-05
3.2674e-05
3.2662e-05
3.2649e-05
3.2637e-05
3.2625e-05
3.2612e-05
3.26e-05
3.2587e-05
3.2575e-05
3.2562e-05
3.255e-05
3.2537e-05
3.2524e-05
3.2511e-05
3.2499e-05
3.2486e-05
3.2473e-05
3.246e-05
3.2447e-05
3.2434e-05
3.2421e-05
3.2407e-05
3.2394e-05
3.2381e-05
3.2368e-05
3.2354e-05
3.2341e-05
3.2327e-05
3.2314e-05
3.23e-05
3.2287e-05
3.2273e-05
3.2259e-05
3.2246e-05
3.2232e-05
3.2218e-05
3.2204e-05
3.219e-05
3.2176e-05
3.2162e-05
3.2148e-05
3.2134e-05
3.212e-05
3.2106e-05
3.2091e-05
3.2077e-05
3.2063e-05
3.2048e-05
3.2034e-05
3.2019e-05
3.2005e-05
3.199e-05
3.1976e-05
3.1961e-05
3.1946e-05
3.1931e-05
3.1917e-05
3.1902e-05
3.1887e-05
3.1872e-05
3.1857e-05
3.1842e-05
3.1827e-05
3.1812e-05
3.1796e-05
3.1781e-05
3.1766e-05
3.1751e-05
3.1735e-05
3.172e-05
3.1704e-05
3.1689e-05
3.1673e-05
3.1658e-05
3.1642e-05
3.1627e-05
3.1611e-05
3.1595e-05
3.1579e-05
3.1563e-05
3.1548e-05
3.1532e-05
3.1516e-05
3.15e-05
3.1484e-05
3.1467e-05
3.1451e-05
3.1435e-05
3.1419e-05
3.1403e-05
3.1386e-05
3.137e-05
3.1354e-05
3.1337e-05
3.1321e-05
3.1304e-05
3.1287e-05
3.1271e-05
3.1254e-05
3.1237e-05
3.1221e-05
3.1204e-05
3.1187e-05
3.117e-05
3.1153e-05
3.1136e-05
3.1119e-05
3.1102e-05
3.1085e-05
3.1068e-05
3.1051e-05
3.1034e-05
3.1017e-05
3.0999e-05
3.0982e-05
3.0965e-05
3.0947e-05
3.093e-05
3.0912e-05
3.0895e-05
3.0877e-05
3.0859e-05
3.0842e-05
3.0824e-05
3.0806e-05
3.0789e-05
3.0771e-05
3.0753e-05
3.0735e-05
3.0717e-05
3.0699e-05
3.0681e-05
3.0663e-05
3.0645e-05
3.0627e-05
3.0609e-05
3.059e-05
3.0572e-05
3.0554e-05
3.0535e-05
3.0517e-05
3.0499e-05
3.048e-05
3.0462e-05
3.0443e-05
3.0425e-05
3.0406e-05
3.0387e-05
3.0369e-05
3.035e-05
3.0331e-05
3.0312e-05
3.0293e-05
3.0275e-05
3.0256e-05
3.0237e-05
3.0218e-05
3.0199e-05
3.018e-05
3.0161e-05
3.0141e-05
3.0122e-05
3.0103e-05
3.0084e-05
3.0064e-05
3.0045e-05
3.0026e-05
3.0006e-05
2.9987e-05
2.9967e-05
2.9948e-05
2.9928e-05
2.9909e-05
2.9889e-05
2.987e-05
2.985e-05
2.983e-05
2.981e-05
2.9791e-05
2.9771e-05
2.9751e-05
2.9731e-05
2.9711e-05
2.9691e-05
2.9671e-05
2.9651e-05
2.9631e-05
2.9611e-05
2.9591e-05
2.957e-05
2.955e-05
2.953e-05
2.951e-05
2.9489e-05
2.9469e-05
2.9449e-05
2.9428e-05
2.9408e-05
2.9387e-05
2.9367e-05
2.9346e-05
2.9325e-05
2.9305e-05
2.9284e-05
2.9263e-05
2.9243e-05
2.9222e-05
2.9201e-05
2.918e-05
2.9159e-05
2.9139e-05
2.9118e-05
2.9097e-05
2.9076e-05
2.9055e-05
2.9034e-05
2.9013e-05
2.8991e-05
2.897e-05
2.8949e-05
2.8928e-05
2.8907e-05
2.8885e-05
2.8864e-05
2.8843e-05
2.8821e-05
2.88e-05
2.8778e-05
2.8757e-05
2.8735e-05
2.8714e-05
2.8692e-05
2.8671e-05
2.8649e-05
2.8627e-05
2.8606e-05
2.8584e-05
2.8562e-05
2.854e-05
2.8519e-05
2.8497e-05
2.8475e-05
2.8453e-05
2.8431e-05
2.8409e-05
2.8387e-05
2.8365e-05
2.8343e-05
2.8321e-05
2.8299e-05
2.8277e-05
2.8254e-05
2.8232e-05
2.821e-05
2.8188e-05
2.8166e-05
2.8143e-05
2.8121e-05
2.8099e-05
2.8076e-05
2.8054e-05
2.8031e-05
2.8009e-05
2.7986e-05
2.7964e-05
2.7941e-05
2.7919e-05
2.7896e-05
2.7873e-05
2.7851e-05
2.7828e-05
2.7805e-05
2.7782e-05
2.776e-05
2.7737e-05
2.7714e-05
2.7691e-05
2.7668e-05
2.7645e-05
2.7622e-05
2.7599e-05
2.7576e-05
2.7553e-05
2.753e-05
2.7507e-05
2.7484e-05
2.7461e-05
2.7438e-05
2.7415e-05
2.7391e-05
2.7368e-05
2.7345e-05
2.7322e-05
2.7298e-05
2.7275e-05
2.7252e-05
2.7228e-05
2.7205e-05
2.7181e-05
2.7158e-05
2.7135e-05
2.7111e-05
2.7088e-05
2.7064e-05
2.704e-05
2.7017e-05
2.6993e-05
2.697e-05
2.6946e-05
2.6922e-05
2.6898e-05
2.6875e-05
2.6851e-05
2.6827e-05
2.6803e-05
2.678e-05
2.6756e-05
2.6732e-05
2.6708e-05
2.6684e-05
2.666e-05
2.6636e-05
2.6612e-05
2.6588e-05
2.6564e-05
2.654e-05
2.6516e-05
2.6492e-05
2.6468e-05
2.6444e-05
2.6419e-05
2.6395e-05
2.6371e-05
2.6347e-05
2.6323e-05
2.6298e-05
2.6274e-05
2.625e-05
2.6225e-05
2.6201e-05
2.6177e-05
2.6152e-05
2.6128e-05
2.6103e-05
2.6079e-05
2.6054e-05
2.603e-05
2.6005e-05
2.5981e-05
2.5956e-05
2.5932e-05
2.5907e-05
2.5883e-05
2.5858e-05
2.5833e-05
2.5809e-05
2.5784e-05
2.5759e-05
2.5735e-05
2.571e-05
2.5685e-05
2.566e-05
2.5636e-05
2.5611e-05
2.5586e-05
2.5561e-05
2.5536e-05
2.5511e-05
2.5486e-05
2.5461e-05
2.5437e-05
2.5412e-05
2.5387e-05
2.5362e-05
2.5337e-05
2.5312e-05
2.5287e-05
2.5262e-05
2.5236e-05
2.5211e-05
2.5186e-05
2.5161e-05
2.5136e-05
2.5111e-05
2.5086e-05
2.506e-05
2.5035e-05
2.501e-05
2.4985e-05
2.496e-05
2.4934e-05
2.4909e-05
2.4884e-05
2.4858e-05
2.4833e-05
2.4808e-05
2.4782e-05
2.4757e-05
2.4732e-05
2.4706e-05
2.4681e-05
2.4655e-05
2.463e-05
2.4605e-05
2.4579e-05
2.4554e-05
2.4528e-05
2.4503e-05
2.4477e-05
2.4451e-05
2.4426e-05
2.44e-05
2.4375e-05
2.4349e-05
2.4324e-05
2.4298e-05
2.4272e-05
2.4247e-05
2.4221e-05
2.4195e-05
2.417e-05
2.4144e-05
2.4118e-05
2.4093e-05
2.4067e-05
2.4041e-05
2.4015e-05
2.399e-05
2.3964e-05
2.3938e-05
2.3912e-05
2.3886e-05
2.3861e-05
2.3835e-05
2.3809e-05
2.3783e-05
2.3757e-05
2.3731e-05
2.3705e-05
2.368e-05
2.3654e-05
2.3628e-05
2.3602e-05
2.3576e-05
2.355e-05
2.3524e-05
2.3498e-05
2.3472e-05
2.3446e-05
2.342e-05
2.3394e-05
2.3368e-05
2.3342e-05
2.3316e-05
2.329e-05
2.3264e-05
2.3238e-05
2.3212e-05
2.3186e-05
2.3159e-05
2.3133e-05
2.3107e-05
2.3081e-05
2.3055e-05
2.3029e-05
2.3003e-05
2.2977e-05
2.295e-05
2.2924e-05
2.2898e-05
2.2872e-05
2.2846e-05
2.2819e-05
2.2793e-05
2.2767e-05
2.2741e-05
2.2715e-05
2.2688e-05
2.2662e-05
2.2636e-05
2.261e-05
2.2583e-05
2.2557e-05
2.2531e-05
2.2505e-05
2.2478e-05
2.2452e-05
2.2426e-05
2.2399e-05
2.2373e-05
2.2347e-05
2.232e-05
2.2294e-05
2.2268e-05
2.2241e-05
2.2215e-05
2.2189e-05
2.2162e-05
2.2136e-05
2.211e-05
2.2083e-05
2.2057e-05
2.203e-05
2.2004e-05
2.1978e-05
2.1951e-05
2.1925e-05
2.1899e-05
2.1872e-05
2.1846e-05
2.1819e-05
2.1793e-05
2.1766e-05
2.174e-05
2.1714e-05
2.1687e-05
2.1661e-05
2.1634e-05
2.1608e-05
2.1581e-05
2.1555e-05
2.1529e-05
2.1502e-05
2.1476e-05
2.1449e-05
2.1423e-05
2.1396e-05
2.137e-05
2.1343e-05
2.1317e-05
2.129e-05
2.1264e-05
2.1237e-05
2.1211e-05
2.1184e-05
2.1158e-05
2.1131e-05
2.1105e-05
2.1078e-05
2.1052e-05
2.1026e-05
2.0999e-05
2.0973e-05
2.0946e-05
2.092e-05
2.0893e-05
2.0867e-05
2.084e-05
2.0814e-05
2.0787e-05
2.0761e-05
2.0734e-05
2.0708e-05
2.0681e-05
2.0655e-05
2.0628e-05
2.0602e-05
2.0575e-05
2.0549e-05
2.0522e-05
2.0496e-05
2.0469e-05
2.0443e-05
2.0416e-05
2.039e-05
2.0363e-05
2.0337e-05
2.031e-05
2.0284e-05
2.0257e-05
2.0231e-05
2.0204e-05
2.0178e-05
2.0151e-05
2.0125e-05
2.0098e-05
2.0072e-05
2.0045e-05
2.0019e-05
1.9992e-05
1.9966e-05
1.9939e-05
1.9913e-05
1.9886e-05
1.986e-05
1.9834e-05
1.9807e-05
1.9781e-05
1.9754e-05
1.9728e-05
1.9701e-05
1.9675e-05
1.9648e-05
1.9622e-05
1.9596e-05
1.9569e-05
1.9543e-05
1.9516e-05
1.949e-05
1.9463e-05
1.9437e-05
1.9411e-05
1.9384e-05
1.9358e-05
1.9331e-05
1.9305e-05
1.9279e-05
1.9252e-05
1.9226e-05
1.92e-05
1.9173e-05
1.9147e-05
1.9121e-05
1.9094e-05
1.9068e-05
1.9041e-05
1.9015e-05
1.8989e-05
1.8963e-05
1.8936e-05
1.891e-05
1.8884e-05
1.8857e-05
1.8831e-05
1.8805e-05
1.8778e-05
1.8752e-05
1.8726e-05
1.87e-05
1.8673e-05
1.8647e-05
1.8621e-05
1.8595e-05
1.8568e-05
1.8542e-05
1.8516e-05
1.849e-05
1.8463e-05
1.8437e-05
1.8411e-05
1.8385e-05
1.8359e-05
1.8333e-05
1.8306e-05
1.828e-05
1.8254e-05
1.8228e-05
1.8202e-05
1.8176e-05
1.815e-05
1.8123e-05
1.8097e-05
1.8071e-05
1.8045e-05
1.8019e-05
1.7993e-05
1.7967e-05
1.7941e-05
1.7915e-05
1.7889e-05
1.7863e-05
1.7837e-05
1.7811e-05
1.7785e-05
1.7759e-05
1.7733e-05
1.7707e-05
1.7681e-05
1.7655e-05
1.7629e-05
1.7603e-05
1.7577e-05
1.7551e-05
1.7525e-05
1.7499e-05
1.7473e-05
1.7447e-05
1.7422e-05
1.7396e-05
1.737e-05
1.7344e-05
1.7318e-05
1.7292e-05
1.7266e-05
1.7241e-05
1.7215e-05
1.7189e-05
1.7163e-05
1.7138e-05
1.7112e-05
1.7086e-05
1.706e-05
1.7035e-05
1.7009e-05
1.6983e-05
1.6958e-05
1.6932e-05
1.6906e-05
1.6881e-05
1.6855e-05
1.6829e-05
1.6804e-05
1.6778e-05
1.6752e-05
1.6727e-05
1.6701e-05
1.6676e-05
1.665e-05
1.6625e-05
1.6599e-05
1.6574e-05
1.6548e-05
1.6523e-05
1.6497e-05
1.6472e-05
1.6446e-05
1.6421e-05
1.6395e-05
1.637e-05
1.6344e-05
1.6319e-05
1.6294e-05
1.6268e-05
1.6243e-05
1.6218e-05
1.6192e-05
1.6167e-05
1.6142e-05
1.6116e-05
1.6091e-05
1.6066e-05
1.6041e-05
1.6015e-05
1.599e-05
1.5965e-05
1.594e-05
1.5915e-05
1.5889e-05
1.5864e-05
1.5839e-05
1.5814e-05
1.5789e-05
1.5764e-05
1.5739e-05
1.5714e-05
1.5689e-05
1.5663e-05
1.5638e-05
1.5613e-05
1.5588e-05
1.5563e-05
1.5538e-05
1.5514e-05
1.5489e-05
1.5464e-05
1.5439e-05
1.5414e-05
1.5389e-05
1.5364e-05
1.5339e-05
1.5314e-05
1.529e-05
1.5265e-05
1.524e-05
1.5215e-05
1.519e-05
1.5166e-05
1.5141e-05
1.5116e-05
1.5092e-05
1.5067e-05
1.5042e-05
1.5018e-05
1.4993e-05
1.4968e-05
1.4944e-05
1.4919e-05
1.4895e-05
1.487e-05
1.4845e-05
1.4821e-05
1.4796e-05
1.4772e-05
1.4747e-05
1.4723e-05
1.4699e-05
1.4674e-05
1.465e-05
1.4625e-05
1.4601e-05
1.4577e-05
1.4552e-05
1.4528e-05
1.4504e-05
1.4479e-05
1.4455e-05
1.4431e-05
1.4406e-05
1.4382e-05
1.4358e-05
1.4334e-05
1.431e-05
1.4286e-05
1.4261e-05
1.4237e-05
1.4213e-05
1.4189e-05
1.4165e-05
1.4141e-05
1.4117e-05
1.4093e-05
1.4069e-05
1.4045e-05
1.4021e-05
1.3997e-05
1.3973e-05
1.3949e-05
1.3925e-05
1.3901e-05
1.3878e-05
1.3854e-05
1.383e-05
1.3806e-05
1.3782e-05
1.3759e-05
1.3735e-05
1.3711e-05
1.3687e-05
1.3664e-05
1.364e-05
1.3616e-05
1.3593e-05
1.3569e-05
1.3546e-05
1.3522e-05
1.3498e-05
1.3475e-05
1.3451e-05
1.3428e-05
1.3404e-05
1.3381e-05
1.3357e-05
1.3334e-05
1.3311e-05
1.3287e-05
1.3264e-05
1.3241e-05
1.3217e-05
1.3194e-05
1.3171e-05
1.3147e-05
1.3124e-05
1.3101e-05
1.3078e-05
1.3054e-05
1.3031e-05
1.3008e-05
1.2985e-05
1.2962e-05
1.2939e-05
1.2916e-05
1.2893e-05
1.287e-05
1.2847e-05
1.2824e-05
1.2801e-05
1.2778e-05
1.2755e-05
1.2732e-05
1.2709e-05
1.2686e-05
1.2663e-05
1.264e-05
1.2618e-05
1.2595e-05
1.2572e-05
1.2549e-05
1.2527e-05
1.2504e-05
1.2481e-05
1.2458e-05
1.2436e-05
1.2413e-05
1.2391e-05
1.2368e-05
1.2345e-05
1.2323e-05
1.23e-05
1.2278e-05
1.2255e-05
1.2233e-05
1.2211e-05
1.2188e-05
1.2166e-05
1.2143e-05
1.2121e-05
1.2099e-05
1.2076e-05
1.2054e-05
1.2032e-05
1.201e-05
1.1987e-05
1.1965e-05
1.1943e-05
1.1921e-05
1.1899e-05
1.1877e-05
1.1854e-05
1.1832e-05
1.181e-05
1.1788e-05
1.1766e-05
1.1744e-05
1.1722e-05
1.17e-05
1.1678e-05
1.1657e-05
1.1635e-05
1.1613e-05
1.1591e-05
1.1569e-05
1.1547e-05
1.1526e-05
1.1504e-05
1.1482e-05
1.146e-05
1.1439e-05
1.1417e-05
1.1396e-05
1.1374e-05
1.1352e-05
1.1331e-05
1.1309e-05
1.1288e-05
1.1266e-05
1.1245e-05
1.1223e-05
1.1202e-05
1.118e-05
1.1159e-05
1.1138e-05
1.1116e-05
1.1095e-05
1.1074e-05
1.1052e-05
1.1031e-05
1.101e-05
1.0989e-05
1.0968e-05
1.0946e-05
1.0925e-05
1.0904e-05
1.0883e-05
1.0862e-05
1.0841e-05
1.082e-05
1.0799e-05
1.0778e-05
1.0757e-05
1.0736e-05
1.0715e-05
1.0694e-05
1.0673e-05
1.0653e-05
1.0632e-05
1.0611e-05
1.059e-05
1.057e-05
1.0549e-05
1.0528e-05
1.0507e-05
1.0487e-05
1.0466e-05
1.0446e-05
1.0425e-05
1.0404e-05
1.0384e-05
1.0363e-05
1.0343e-05
1.0322e-05
1.0302e-05
1.0282e-05
1.0261e-05
1.0241e-05
1.022e-05
1.02e-05
1.018e-05
1.016e-05
1.0139e-05
1.0119e-05
1.0099e-05
1.0079e-05
1.0059e-05
1.0038e-05
1.0018e-05
9.9983e-06
9.9782e-06
9.9582e-06
9.9382e-06
9.9182e-06
9.8982e-06
9.8783e-06
9.8583e-06
9.8385e-06
9.8186e-06
9.7987e-06
9.7789e-06
9.7591e-06
9.7394e-06
9.7196e-06
9.6999e-06
9.6802e-06
9.6605e-06
9.6409e-06
9.6212e-06
9.6016e-06
9.5821e-06
9.5625e-06
9.543e-06
9.5235e-06
9.504e-06
9.4845e-06
9.4651e-06
9.4457e-06
9.4263e-06
9.407e-06
9.3876e-06
9.3683e-06
9.349e-06
9.3298e-06
9.3105e-06
9.2913e-06
9.2721e-06
9.253e-06
9.2338e-06
9.2147e-06
9.1956e-06
9.1765e-06
9.1575e-06
9.1385e-06
9.1195e-06
9.1005e-06
9.0816e-06
9.0627e-06
9.0438e-06
9.0249e-06
9.006e-06
8.9872e-06
8.9684e-06
8.9497e-06
8.9309e-06
8.9122e-06
8.8935e-06
8.8748e-06
8.8562e-06
8.8375e-06
8.8189e-06
8.8004e-06
8.7818e-06
8.7633e-06
8.7448e-06
8.7263e-06
8.7079e-06
8.6894e-06
8.671e-06
8.6527e-06
8.6343e-06
8.616e-06
8.5977e-06
8.5794e-06
8.5611e-06
8.5429e-06
8.5247e-06
8.5065e-06
8.4884e-06
8.4702e-06
8.4521e-06
8.4341e-06
8.416e-06
8.398e-06
8.38e-06
8.362e-06
8.344e-06
8.3261e-06
8.3082e-06
8.2903e-06
8.2725e-06
8.2546e-06
8.2368e-06
8.2191e-06
8.2013e-06
8.1836e-06
8.1659e-06
8.1482e-06
8.1305e-06
8.1129e-06
8.0953e-06
8.0777e-06
8.0601e-06
8.0426e-06
8.0251e-06
8.0076e-06
7.9902e-06
7.9727e-06
7.9553e-06
7.9379e-06
7.9206e-06
7.9033e-06
7.886e-06
7.8687e-06
7.8514e-06
7.8342e-06
7.817e-06
7.7998e-06
7.7826e-06
7.7655e-06
7.7484e-06
7.7313e-06
7.7143e-06
7.6972e-06
7.6802e-06
7.6632e-06
7.6463e-06
7.6293e-06
7.6124e-06
7.5956e-06
7.5787e-06
7.5619e-06
7.5451e-06
7.5283e-06
7.5115e-06
7.4948e-06
7.4781e-06
7.4614e-06
7.4447e-06
7.4281e-06
7.4115e-06
7.3949e-06
7.3784e-06
7.3618e-06
7.3453e-06
7.3288e-06
7.3124e-06
7.296e-06
7.2795e-06
7.2632e-06
7.2468e-06
7.2305e-06
7.2142e-06
7.1979e-06
7.1816e-06
7.1654e-06
7.1492e-06
7.133e-06
7.1168e-06
7.1007e-06
7.0846e-06
7.0685e-06
7.0525e-06
7.0364e-06
7.0204e-06
7.0044e-06
6.9885e-06
6.9725e-06
6.9566e-06
6.9407e-06
6.9249e-06
6.9091e-06
6.8932e-06
6.8775e-06
6.8617e-06
6.846e-06
6.8303e-06
6.8146e-06
6.7989e-06
6.7833e-06
6.7677e-06
6.7521e-06
6.7365e-06
6.721e-06
6.7055e-06
6.69e-06
6.6745e-06
6.6591e-06
6.6437e-06
6.6283e-06
6.6129e-06
6.5976e-06
6.5823e-06
6.567e-06
6.5517e-06
6.5365e-06
6.5213e-06
6.5061e-06
6.4909e-06
6.4758e-06
6.4607e-06
6.4456e-06
6.4305e-06
6.4155e-06
6.4005e-06
6.3855e-06
6.3705e-06
6.3556e-06
6.3406e-06
6.3257e-06
6.3109e-06
6.296e-06
6.2812e-06
6.2664e-06
6.2516e-06
6.2369e-06
6.2222e-06
6.2075e-06
6.1928e-06
6.1782e-06
6.1635e-06
6.1489e-06
6.1344e-06
6.1198e-06
6.1053e-06
6.0908e-06
6.0763e-06
6.0619e-06
6.0474e-06
6.033e-06
6.0187e-06
6.0043e-06
5.99e-06
5.9757e-06
5.9614e-06
5.9471e-06
5.9329e-06
5.9187e-06
5.9045e-06
5.8903e-06
5.8762e-06
5.8621e-06
5.848e-06
5.834e-06
5.8199e-06
5.8059e-06
5.7919e-06
5.7779e-06
5.764e-06
5.7501e-06
5.7362e-06
5.7223e-06
5.7085e-06
5.6947e-06
5.6809e-06
5.6671e-06
5.6534e-06
5.6396e-06
5.6259e-06
5.6123e-06
5.5986e-06
5.585e-06
5.5714e-06
5.5578e-06
5.5442e-06
5.5307e-06
5.5172e-06
5.5037e-06
5.4903e-06
5.4768e-06
5.4634e-06
5.45e-06
5.4367e-06
5.4233e-06
5.41e-06
5.3967e-06
5.3834e-06
5.3702e-06
5.357e-06
5.3438e-06
5.3306e-06
5.3175e-06
5.3043e-06
5.2912e-06
5.2781e-06
5.2651e-06
5.2521e-06
5.2391e-06
5.2261e-06
5.2131e-06
5.2002e-06
5.1873e-06
5.1744e-06
5.1615e-06
5.1487e-06
5.1358e-06
5.123e-06
5.1103e-06
5.0975e-06
5.0848e-06
5.0721e-06
5.0594e-06
5.0468e-06
5.0341e-06
5.0215e-06
5.0089e-06
4.9964e-06
4.9838e-06
4.9713e-06
4.9588e-06
4.9464e-06
4.9339e-06
4.9215e-06
4.9091e-06
4.8967e-06
4.8844e-06
4.872e-06
4.8597e-06
4.8475e-06
4.8352e-06
4.823e-06
4.8107e-06
4.7986e-06
4.7864e-06
4.7742e-06
4.7621e-06
4.75e-06
4.7379e-06
4.7259e-06
4.7139e-06
4.7019e-06
4.6899e-06
4.6779e-06
4.666e-06
4.6541e-06
4.6422e-06
4.6303e-06
4.6184e-06
4.6066e-06
4.5948e-06
4.583e-06
4.5713e-06
4.5596e-06
4.5478e-06
4.5362e-06
4.5245e-06
4.5128e-06
4.5012e-06
4.4896e-06
4.4781e-06
4.4665e-06
4.455e-06
4.4435e-06
4.432e-06
4.4205e-06
4.4091e-06
4.3977e-06
4.3863e-06
4.3749e-06
4.3635e-06
4.3522e-06
4.3409e-06
4.3296e-06
4.3183e-06
4.3071e-06
4.2959e-06
4.2847e-06
4.2735e-06
4.2624e-06
4.2512e-06
4.2401e-06
4.2291e-06
4.218e-06
4.2069e-06
4.1959e-06
4.1849e-06
4.174e-06
4.163e-06
4.1521e-06
4.1412e-06
4.1303e-06
4.1194e-06
4.1086e-06
4.0977e-06
4.0869e-06
4.0762e-06
4.0654e-06
4.0547e-06
4.044e-06
4.0333e-06
4.0226e-06
4.012e-06
4.0013e-06
3.9907e-06
3.9801e-06
3.9696e-06
3.959e-06
3.9485e-06
3.938e-06
3.9275e-06
3.9171e-06
3.9067e-06
3.8962e-06
3.8859e-06
3.8755e-06
3.8651e-06
3.8548e-06
3.8445e-06
3.8342e-06
3.824e-06
3.8137e-06
3.8035e-06
3.7933e-06
3.7831e-06
3.773e-06
3.7628e-06
3.7527e-06
3.7426e-06
3.7325e-06
3.7225e-06
3.7125e-06
3.7025e-06
3.6925e-06
3.6825e-06
3.6726e-06
3.6626e-06
3.6527e-06
3.6428e-06
3.633e-06
3.6231e-06
3.6133e-06
3.6035e-06
3.5937e-06
3.584e-06
3.5742e-06
3.5645e-06
3.5548e-06
3.5451e-06
3.5355e-06
3.5258e-06
3.5162e-06
3.5066e-06
3.497e-06
3.4875e-06
3.478e-06
3.4684e-06
3.4589e-06
3.4495e-06
3.44e-06
3.4306e-06
3.4212e-06
3.4118e-06
3.4024e-06
3.3931e-06
3.3837e-06
3.3744e-06
3.3651e-06
3.3559e-06
3.3466e-06
3.3374e-06
3.3282e-06
3.319e-06
3.3098e-06
3.3006e-06
3.2915e-06
3.2824e-06
3.2733e-06
3.2642e-06
3.2552e-06
3.2461e-06
3.2371e-06
3.2281e-06
3.2192e-06
3.2102e-06
3.2013e-06
3.1924e-06
3.1835e-06
3.1746e-06
3.1657e-06
3.1569e-06
3.1481e-06
3.1393e-06
3.1305e-06
3.1218e-06
3.113e-06
3.1043e-06
3.0956e-06
3.0869e-06
3.0783e-06
3.0696e-06
3.061e-06
3.0524e-06
3.0438e-06
3.0352e-06
3.0267e-06
3.0182e-06
3.0096e-06
3.0012e-06
2.9927e-06
2.9842e-06
2.9758e-06
2.9674e-06
2.959e-06
2.9506e-06
2.9423e-06
2.9339e-06
2.9256e-06
2.9173e-06
2.909e-06
2.9008e-06
2.8925e-06
2.8843e-06
2.8761e-06
2.8679e-06
2.8597e-06
2.8516e-06
2.8434e-06
2.8353e-06
2.8272e-06
2.8192e-06
2.8111e-06
2.8031e-06
2.795e-06
2.787e-06
2.779e-06
2.7711e-06
2.7631e-06
2.7552e-06
2.7473e-06
2.7394e-06
2.7315e-06
2.7237e-06
2.7158e-06
2.708e-06
2.7002e-06
2.6924e-06
2.6847e-06
2.6769e-06
2.6692e-06
2.6615e-06
2.6538e-06
2.6461e-06
2.6384e-06
2.6308e-06
2.6232e-06
2.6156e-06
2.608e-06
2.6004e-06
2.5929e-06
2.5853e-06
2.5778e-06
2.5703e-06
2.5628e-06
2.5554e-06
2.5479e-06
2.5405e-06
2.5331e-06
2.5257e-06
2.5183e-06
2.5109e-06
2.5036e-06
2.4963e-06
2.489e-06
2.4817e-06
2.4744e-06
2.4671e-06
2.4599e-06
2.4527e-06
2.4455e-06
2.4383e-06
2.4311e-06
2.424e-06
2.4168e-06
2.4097e-06
2.4026e-06
2.3955e-06
2.3885e-06
2.3814e-06
2.3744e-06
2.3674e-06
2.3604e-06
2.3534e-06
2.3464e-06
2.3395e-06
2.3325e-06
2.3256e-06
2.3187e-06
2.3118e-06
2.305e-06
2.2981e-06
2.2913e-06
2.2845e-06
2.2777e-06
2.2709e-06
2.2641e-06
2.2574e-06
2.2506e-06
2.2439e-06
2.2372e-06
2.2305e-06
2.2239e-06
2.2172e-06
2.2106e-06
2.204e-06
2.1974e-06
2.1908e-06
2.1842e-06
2.1777e-06
2.1711e-06
2.1646e-06
2.1581e-06
2.1516e-06
2.1451e-06
2.1387e-06
2.1322e-06
2.1258e-06
2.1194e-06
2.113e-06
2.1066e-06
2.1002e-06
2.0939e-06
2.0876e-06
2.0812e-06
2.0749e-06
2.0687e-06
2.0624e-06
2.0561e-06
2.0499e-06
2.0437e-06
2.0375e-06
2.0313e-06
2.0251e-06
2.0189e-06
2.0128e-06
2.0067e-06
2.0006e-06
1.9945e-06
1.9884e-06
1.9823e-06
1.9763e-06
1.9702e-06
1.9642e-06
1.9582e-06
1.9522e-06
1.9462e-06
1.9403e-06
1.9343e-06
1.9284e-06
1.9225e-06
1.9166e-06
1.9107e-06
1.9048e-06
1.899e-06
1.8931e-06
1.8873e-06
1.8815e-06
1.8757e-06
1.8699e-06
1.8641e-06
1.8584e-06
1.8526e-06
1.8469e-06
1.8412e-06
1.8355e-06
1.8298e-06
1.8242e-06
1.8185e-06
1.8129e-06
1.8073e-06
1.8016e-06
1.7961e-06
1.7905e-06
1.7849e-06
1.7794e-06
1.7738e-06
1.7683e-06
1.7628e-06
1.7573e-06
1.7518e-06
1.7464e-06
1.7409e-06
1.7355e-06
1.7301e-06
1.7247e-06
1.7193e-06
1.7139e-06
1.7085e-06
1.7032e-06
1.6978e-06
1.6925e-06
1.6872e-06
1.6819e-06
1.6766e-06
1.6714e-06
1.6661e-06
1.6609e-06
1.6556e-06
1.6504e-06
1.6452e-06
1.64e-06
1.6349e-06
1.6297e-06
1.6246e-06
1.6194e-06
1.6143e-06
1.6092e-06
1.6041e-06
1.599e-06
1.594e-06
1.5889e-06
1.5839e-06
1.5789e-06
1.5739e-06
1.5689e-06
1.5639e-06
1.5589e-06
1.554e-06
1.549e-06
1.5441e-06
1.5392e-06
1.5343e-06
1.5294e-06
1.5245e-06
1.5196e-06
1.5148e-06
1.5099e-06
1.5051e-06
1.5003e-06
1.4955e-06
1.4907e-06
1.4859e-06
1.4812e-06
1.4764e-06
1.4717e-06
1.467e-06
1.4623e-06
1.4576e-06
1.4529e-06
1.4482e-06
1.4436e-06
1.4389e-06
1.4343e-06
1.4297e-06
1.425e-06
1.4204e-06
1.4159e-06
1.4113e-06
1.4067e-06
1.4022e-06
1.3977e-06
1.3931e-06
1.3886e-06
1.3841e-06
1.3796e-06
1.3752e-06
1.3707e-06
1.3663e-06
1.3618e-06
1.3574e-06
1.353e-06
1.3486e-06
1.3442e-06
1.3398e-06
1.3355e-06
1.3311e-06
1.3268e-06
1.3224e-06
1.3181e-06
1.3138e-06
1.3095e-06
1.3053e-06
1.301e-06
1.2967e-06
1.2925e-06
1.2883e-06
1.284e-06
1.2798e-06
1.2756e-06
1.2714e-06
1.2673e-06
1.2631e-06
1.259e-06
1.2548e-06
1.2507e-06
1.2466e-06
1.2425e-06
1.2384e-06
1.2343e-06
1.2302e-06
1.2262e-06
1.2221e-06
1.2181e-06
1.2141e-06
1.2101e-06
1.206e-06
1.2021e-06
1.1981e-06
1.1941e-06
1.1902e-06
1.1862e-06
1.1823e-06
1.1784e-06
1.1744e-06
1.1705e-06
1.1666e-06
1.1628e-06
1.1589e-06
1.155e-06
1.1512e-06
1.1474e-06
1.1435e-06
1.1397e-06
1.1359e-06
1.1321e-06
1.1283e-06
1.1246e-06
1.1208e-06
1.1171e-06
1.1133e-06
1.1096e-06
1.1059e-06
1.1022e-06
1.0985e-06
1.0948e-06
1.0911e-06
1.0875e-06
1.0838e-06
1.0802e-06
1.0765e-06
1.0729e-06
1.0693e-06
1.0657e-06
1.0621e-06
1.0585e-06
1.055e-06
1.0514e-06
1.0478e-06
1.0443e-06
1.0408e-06
1.0373e-06
1.0337e-06
1.0303e-06
1.0268e-06
1.0233e-06
1.0198e-06
1.0164e-06
1.0129e-06
1.0095e-06
1.006e-06
1.0026e-06
9.9922e-07
9.9582e-07
9.9243e-07
9.8906e-07
9.8569e-07
9.8233e-07
9.7898e-07
9.7564e-07
9.7231e-07
9.6899e-07
9.6568e-07
9.6239e-07
9.591e-07
9.5582e-07
9.5254e-07
9.4928e-07
9.4603e-07
9.4279e-07
9.3956e-07
9.3634e-07
9.3312e-07
9.2992e-07
9.2672e-07
9.2354e-07
9.2036e-07
9.172e-07
9.1404e-07
9.109e-07
9.0776e-07
9.0463e-07
9.0151e-07
8.984e-07
8.953e-07
8.9221e-07
8.8913e-07
8.8605e-07
8.8299e-07
8.7993e-07
8.7689e-07
8.7385e-07
8.7082e-07
8.6781e-07
8.648e-07
8.618e-07
8.5881e-07
8.5582e-07
8.5285e-07
8.4989e-07
8.4693e-07
8.4398e-07
8.4105e-07
8.3812e-07
8.352e-07
8.3229e-07
8.2938e-07
8.2649e-07
8.2361e-07
8.2073e-07
8.1786e-07
8.15e-07
8.1215e-07
8.0931e-07
8.0648e-07
8.0365e-07
8.0084e-07
7.9803e-07
7.9523e-07
7.9244e-07
7.8966e-07
7.8689e-07
7.8412e-07
7.8137e-07
7.7862e-07
7.7588e-07
7.7315e-07
7.7043e-07
7.6771e-07
7.65e-07
7.6231e-07
7.5962e-07
7.5694e-07
7.5426e-07
7.516e-07
7.4894e-07
7.4629e-07
7.4365e-07
7.4102e-07
7.384e-07
7.3578e-07
7.3317e-07
7.3057e-07
7.2798e-07
7.254e-07
7.2282e-07
7.2025e-07
7.1769e-07
7.1514e-07
7.126e-07
7.1006e-07
7.0753e-07
7.0501e-07
7.025e-07
6.9999e-07
6.9749e-07
6.9501e-07
6.9252e-07
6.9005e-07
6.8758e-07
6.8513e-07
6.8267e-07
6.8023e-07
6.778e-07
6.7537e-07
6.7295e-07
6.7053e-07
6.6813e-07
6.6573e-07
6.6334e-07
6.6096e-07
6.5858e-07
6.5621e-07
6.5385e-07
6.515e-07
6.4916e-07
6.4682e-07
6.4449e-07
6.4216e-07
6.3985e-07
6.3754e-07
6.3524e-07
6.3294e-07
6.3066e-07
6.2838e-07
6.261e-07
6.2384e-07
6.2158e-07
6.1933e-07
6.1708e-07
6.1485e-07
6.1262e-07
6.104e-07
6.0818e-07
6.0597e-07
6.0377e-07
6.0158e-07
5.9939e-07
5.9721e-07
5.9503e-07
5.9287e-07
5.9071e-07
5.8855e-07
5.8641e-07
5.8427e-07
5.8214e-07
5.8001e-07
5.7789e-07
5.7578e-07
5.7368e-07
5.7158e-07
5.6949e-07
5.674e-07
5.6532e-07
5.6325e-07
5.6119e-07
5.5913e-07
5.5708e-07
5.5503e-07
5.53e-07
5.5096e-07
5.4894e-07
5.4692e-07
5.4491e-07
5.429e-07
5.409e-07
5.3891e-07
5.3693e-07
5.3495e-07
5.3297e-07
5.3101e-07
5.2905e-07
5.2709e-07
5.2514e-07
5.232e-07
5.2127e-07
5.1934e-07
5.1742e-07
5.155e-07
5.1359e-07
5.1169e-07
5.0979e-07
5.079e-07
5.0601e-07
5.0413e-07
5.0226e-07
5.0039e-07
4.9853e-07
4.9668e-07
4.9483e-07
4.9299e-07
4.9115e-07
4.8932e-07
4.875e-07
4.8568e-07
4.8387e-07
4.8206e-07
4.8026e-07
4.7847e-07
4.7668e-07
4.749e-07
4.7312e-07
4.7135e-07
4.6958e-07
4.6782e-07
4.6607e-07
4.6432e-07
4.6258e-07
4.6085e-07
4.5912e-07
4.5739e-07
4.5567e-07
4.5396e-07
4.5225e-07
4.5055e-07
4.4886e-07
4.4717e-07
4.4548e-07
4.438e-07
4.4213e-07
4.4046e-07
4.388e-07
4.3714e-07
4.3549e-07
4.3385e-07
4.3221e-07
4.3057e-07
4.2894e-07
4.2732e-07
4.257e-07
4.2409e-07
4.2248e-07
4.2088e-07
4.1928e-07
4.1769e-07
4.1611e-07
4.1452e-07
4.1295e-07
4.1138e-07
4.0982e-07
4.0826e-07
4.067e-07
4.0515e-07
4.0361e-07
4.0207e-07
4.0054e-07
3.9901e-07
3.9749e-07
3.9597e-07
3.9446e-07
3.9295e-07
3.9145e-07
3.8995e-07
3.8846e-07
3.8697e-07
3.8549e-07
3.8401e-07
3.8254e-07
3.8107e-07
3.7961e-07
3.7816e-07
3.767e-07
3.7526e-07
3.7382e-07
3.7238e-07
3.7095e-07
3.6952e-07
3.681e-07
3.6668e-07
3.6527e-07
3.6386e-07
3.6246e-07
3.6106e-07
3.5967e-07
3.5828e-07
3.5689e-07
3.5551e-07
3.5414e-07
3.5277e-07
3.5141e-07
3.5005e-07
3.4869e-07
3.4734e-07
3.4599e-07
3.4465e-07
3.4332e-07
3.4198e-07
3.4066e-07
3.3933e-07
3.3801e-07
3.367e-07
3.3539e-07
3.3409e-07
3.3279e-07
3.3149e-07
3.302e-07
3.2891e-07
3.2763e-07
3.2635e-07
3.2508e-07
3.2381e-07
3.2255e-07
3.2129e-07
3.2003e-07
3.1878e-07
3.1753e-07
3.1629e-07
3.1505e-07
3.1382e-07
3.1259e-07
3.1136e-07
3.1014e-07
3.0893e-07
3.0772e-07
3.0651e-07
3.053e-07
3.041e-07
3.0291e-07
3.0172e-07
3.0053e-07
2.9935e-07
2.9817e-07
2.9699e-07
2.9582e-07
2.9466e-07
2.935e-07
2.9234e-07
2.9118e-07
2.9003e-07
2.8889e-07
2.8775e-07
2.8661e-07
2.8547e-07
2.8435e-07
2.8322e-07
2.821e-07
2.8098e-07
2.7987e-07
2.7876e-07
2.7765e-07
2.7655e-07
2.7545e-07
2.7436e-07
2.7327e-07
2.7218e-07
2.711e-07
2.7002e-07
2.6895e-07
2.6787e-07
2.6681e-07
2.6574e-07
2.6468e-07
2.6363e-07
2.6258e-07
2.6153e-07
2.6049e-07
2.5944e-07
2.5841e-07
2.5737e-07
2.5635e-07
2.5532e-07
2.543e-07
2.5328e-07
2.5226e-07
2.5125e-07
2.5025e-07
2.4924e-07
2.4824e-07
2.4725e-07
2.4625e-07
2.4526e-07
2.4428e-07
2.433e-07
2.4232e-07
2.4134e-07
2.4037e-07
2.394e-07
2.3844e-07
2.3748e-07
2.3652e-07
2.3556e-07
2.3461e-07
2.3367e-07
2.3272e-07
2.3178e-07
2.3085e-07
2.2991e-07
2.2898e-07
2.2806e-07
2.2713e-07
2.2621e-07
2.253e-07
2.2438e-07
2.2347e-07
2.2257e-07
2.2166e-07
2.2076e-07
2.1987e-07
2.1897e-07
2.1808e-07
2.172e-07
2.1631e-07
2.1543e-07
2.1455e-07
2.1368e-07
2.1281e-07
2.1194e-07
2.1108e-07
2.1022e-07
2.0936e-07
2.085e-07
2.0765e-07
2.068e-07
2.0596e-07
2.0512e-07
2.0428e-07
2.0344e-07
2.0261e-07
2.0178e-07
2.0095e-07
2.0013e-07
1.9931e-07
1.9849e-07
1.9767e-07
1.9686e-07
1.9605e-07
1.9525e-07
1.9445e-07
1.9365e-07
1.9285e-07
1.9206e-07
1.9127e-07
1.9048e-07
1.8969e-07
1.8891e-07
1.8813e-07
1.8736e-07
1.8658e-07
1.8581e-07
1.8504e-07
1.8428e-07
1.8352e-07
1.8276e-07
1.82e-07
1.8125e-07
1.805e-07
1.7975e-07
1.7901e-07
1.7826e-07
1.7753e-07
1.7679e-07
1.7606e-07
1.7532e-07
1.746e-07
1.7387e-07
1.7315e-07
1.7243e-07
1.7171e-07
1.71e-07
1.7028e-07
1.6958e-07
1.6887e-07
1.6816e-07
1.6746e-07
1.6677e-07
1.6607e-07
1.6538e-07
1.6469e-07
1.64e-07
1.6331e-07
1.6263e-07
1.6195e-07
1.6127e-07
1.606e-07
1.5992e-07
1.5925e-07
1.5859e-07
1.5792e-07
1.5726e-07
1.566e-07
1.5594e-07
1.5529e-07
1.5463e-07
1.5398e-07
1.5334e-07
1.5269e-07
1.5205e-07
1.5141e-07
1.5077e-07
1.5014e-07
1.495e-07
1.4887e-07
1.4825e-07
1.4762e-07
1.47e-07
1.4638e-07
1.4576e-07
1.4514e-07
1.4453e-07
1.4392e-07
1.4331e-07
1.427e-07
1.421e-07
1.415e-07
1.409e-07
1.403e-07
1.3971e-07
1.3911e-07
1.3852e-07
1.3793e-07
1.3735e-07
1.3677e-07
1.3618e-07
1.3561e-07
1.3503e-07
1.3445e-07
1.3388e-07
1.3331e-07
1.3274e-07
1.3218e-07
1.3161e-07
1.3105e-07
1.3049e-07
1.2994e-07
1.2938e-07
1.2883e-07
1.2828e-07
1.2773e-07
1.2719e-07
1.2664e-07
1.261e-07
1.2556e-07
1.2502e-07
1.2449e-07
1.2395e-07
1.2342e-07
1.2289e-07
1.2236e-07
1.2184e-07
1.2132e-07
1.2079e-07
1.2028e-07
1.1976e-07
1.1924e-07
1.1873e-07
1.1822e-07
1.1771e-07
1.172e-07
1.167e-07
1.162e-07
1.1569e-07
1.152e-07
1.147e-07
1.142e-07
1.1371e-07
1.1322e-07
1.1273e-07
1.1224e-07
1.1176e-07
1.1127e-07
1.1079e-07
1.1031e-07
1.0983e-07
1.0936e-07
1.0888e-07
1.0841e-07
1.0794e-07
1.0747e-07
1.0701e-07
1.0654e-07
1.0608e-07
1.0562e-07
1.0516e-07
1.047e-07
1.0425e-07
1.0379e-07
1.0334e-07
1.0289e-07
1.0244e-07
1.0199e-07
1.0155e-07
1.0111e-07
1.0067e-07
1.0023e-07
9.9788e-08
9.9352e-08
9.8918e-08
9.8485e-08
9.8055e-08
9.7625e-08
9.7198e-08
9.6772e-08
9.6349e-08
9.5926e-08
9.5506e-08
9.5087e-08
9.467e-08
9.4254e-08
9.384e-08
9.3428e-08
9.3018e-08
9.2609e-08
9.2202e-08
9.1796e-08
9.1392e-08
9.099e-08
9.0589e-08
9.019e-08
8.9793e-08
8.9397e-08
8.9003e-08
8.861e-08
8.8219e-08
8.7829e-08
8.7441e-08
8.7055e-08
8.667e-08
8.6287e-08
8.5905e-08
8.5525e-08
8.5147e-08
8.477e-08
8.4394e-08
8.402e-08
8.3648e-08
8.3277e-08
8.2907e-08
8.2539e-08
8.2173e-08
8.1808e-08
8.1444e-08
8.1082e-08
8.0722e-08
8.0363e-08
8.0005e-08
7.9649e-08
7.9295e-08
7.8941e-08
7.859e-08
7.8239e-08
7.789e-08
7.7543e-08
7.7197e-08
7.6852e-08
7.6509e-08
7.6167e-08
7.5827e-08
7.5488e-08
7.515e-08
7.4814e-08
7.4479e-08
7.4146e-08
7.3814e-08
7.3483e-08
7.3154e-08
7.2826e-08
7.2499e-08
7.2174e-08
7.185e-08
7.1527e-08
7.1206e-08
7.0886e-08
7.0567e-08
7.025e-08
6.9934e-08
6.9619e-08
6.9306e-08
6.8993e-08
6.8683e-08
6.8373e-08
6.8065e-08
6.7758e-08
6.7452e-08
6.7148e-08
6.6845e-08
6.6543e-08
6.6242e-08
6.5943e-08
6.5645e-08
6.5348e-08
6.5052e-08
6.4757e-08
6.4464e-08
6.4172e-08
6.3882e-08
6.3592e-08
6.3304e-08
6.3016e-08
6.273e-08
6.2446e-08
6.2162e-08
6.188e-08
6.1599e-08
6.1319e-08
6.104e-08
6.0762e-08
6.0485e-08
6.021e-08
5.9936e-08
5.9663e-08
5.9391e-08
5.912e-08
5.8851e-08
5.8582e-08
5.8315e-08
5.8048e-08
5.7783e-08
5.7519e-08
5.7256e-08
5.6995e-08
5.6734e-08
5.6474e-08
5.6216e-08
5.5959e-08
5.5702e-08
5.5447e-08
5.5193e-08
5.494e-08
5.4688e-08
5.4437e-08
5.4187e-08
5.3938e-08
5.369e-08
5.3444e-08
5.3198e-08
5.2953e-08
5.271e-08
5.2467e-08
5.2226e-08
5.1985e-08
5.1746e-08
5.1507e-08
5.127e-08
5.1034e-08
5.0798e-08
5.0564e-08
5.033e-08
5.0098e-08
4.9866e-08
4.9636e-08
4.9407e-08
4.9178e-08
4.8951e-08
4.8724e-08
4.8498e-08
4.8274e-08
4.805e-08
4.7828e-08
4.7606e-08
4.7385e-08
4.7165e-08
4.6946e-08
4.6728e-08
4.6511e-08
4.6295e-08
4.608e-08
4.5866e-08
4.5653e-08
4.544e-08
4.5229e-08
4.5018e-08
4.4809e-08
4.46e-08
4.4392e-08
4.4185e-08
4.3979e-08
4.3774e-08
4.3569e-08
4.3366e-08
4.3164e-08
4.2962e-08
4.2761e-08
4.2561e-08
4.2362e-08
4.2164e-08
4.1967e-08
4.177e-08
4.1575e-08
4.138e-08
4.1186e-08
4.0993e-08
4.0801e-08
4.0609e-08
4.0419e-08
4.0229e-08
4.004e-08
3.9852e-08
3.9664e-08
3.9478e-08
3.9292e-08
3.9107e-08
3.8923e-08
3.874e-08
3.8558e-08
3.8376e-08
3.8195e-08
3.8015e-08
3.7836e-08
3.7657e-08
3.748e-08
3.7303e-08
3.7127e-08
3.6951e-08
3.6777e-08
3.6603e-08
3.643e-08
3.6257e-08
3.6086e-08
3.5915e-08
3.5745e-08
3.5575e-08
3.5407e-08
3.5239e-08
3.5072e-08
3.4905e-08
3.474e-08
3.4575e-08
3.4411e-08
3.4247e-08
3.4085e-08
3.3923e-08
3.3761e-08
3.3601e-08
3.3441e-08
3.3282e-08
3.3123e-08
3.2965e-08
3.2808e-08
3.2652e-08
3.2496e-08
3.2341e-08
3.2187e-08
3.2033e-08
3.188e-08
3.1728e-08
3.1576e-08
3.1425e-08
3.1275e-08
3.1126e-08
3.0977e-08
3.0828e-08
3.0681e-08
3.0534e-08
3.0388e-08
3.0242e-08
3.0097e-08
2.9953e-08
2.9809e-08
2.9666e-08
2.9523e-08
2.9382e-08
2.924e-08
2.91e-08
2.896e-08
2.8821e-08
2.8682e-08
2.8544e-08
2.8407e-08
2.827e-08
2.8134e-08
2.7998e-08
2.7863e-08
2.7729e-08
2.7595e-08
2.7462e-08
2.7329e-08
2.7197e-08
2.7066e-08
2.6935e-08
2.6805e-08
2.6675e-08
2.6546e-08
2.6418e-08
2.629e-08
2.6163e-08
2.6036e-08
2.591e-08
2.5784e-08
2.5659e-08
2.5535e-08
2.5411e-08
2.5288e-08
2.5165e-08
2.5043e-08
2.4921e-08
2.48e-08
2.4679e-08
2.4559e-08
2.444e-08
2.4321e-08
2.4202e-08
2.4085e-08
2.3967e-08
2.385e-08
2.3734e-08
2.3618e-08
2.3503e-08
2.3389e-08
2.3274e-08
2.3161e-08
2.3048e-08
2.2935e-08
2.2823e-08
2.2711e-08
2.26e-08
2.249e-08
2.238e-08
2.227e-08
2.2161e-08
2.2052e-08
2.1944e-08
2.1837e-08
2.173e-08
2.1623e-08
2.1517e-08
2.1411e-08
2.1306e-08
2.1201e-08
2.1097e-08
2.0994e-08
2.089e-08
2.0788e-08
2.0685e-08
2.0584e-08
2.0482e-08
2.0381e-08
2.0281e-08
2.0181e-08
2.0081e-08
1.9982e-08
1.9884e-08
1.9786e-08
1.9688e-08
1.9591e-08
1.9494e-08
1.9398e-08
1.9302e-08
1.9206e-08
1.9111e-08
1.9017e-08
1.8923e-08
1.8829e-08
1.8736e-08
1.8643e-08
1.855e-08
1.8458e-08
1.8367e-08
1.8276e-08
1.8185e-08
1.8095e-08
1.8005e-08
1.7916e-08
1.7826e-08
1.7738e-08
1.765e-08
1.7562e-08
1.7474e-08
1.7388e-08
1.7301e-08
1.7215e-08
1.7129e-08
1.7044e-08
1.6959e-08
1.6874e-08
1.679e-08
1.6706e-08
1.6623e-08
1.654e-08
1.6457e-08
1.6375e-08
1.6293e-08
1.6211e-08
1.613e-08
1.605e-08
1.5969e-08
1.5889e-08
1.581e-08
1.5731e-08
1.5652e-08
1.5573e-08
1.5495e-08
1.5417e-08
1.534e-08
1.5263e-08
1.5186e-08
1.511e-08
1.5034e-08
1.4959e-08
1.4883e-08
1.4809e-08
1.4734e-08
1.466e-08
1.4586e-08
1.4513e-08
1.4439e-08
1.4367e-08
1.4294e-08
1.4222e-08
1.415e-08
1.4079e-08
1.4008e-08
1.3937e-08
1.3867e-08
1.3797e-08
1.3727e-08
1.3658e-08
1.3589e-08
1.352e-08
1.3451e-08
1.3383e-08
1.3316e-08
1.3248e-08
1.3181e-08
1.3114e-08
1.3048e-08
1.2981e-08
1.2916e-08
1.285e-08
1.2785e-08
1.272e-08
1.2655e-08
1.2591e-08
1.2527e-08
1.2463e-08
1.24e-08
1.2337e-08
1.2274e-08
1.2211e-08
1.2149e-08
1.2087e-08
1.2026e-08
1.1964e-08
1.1903e-08
1.1843e-08
1.1782e-08
1.1722e-08
1.1662e-08
1.1603e-08
1.1543e-08
1.1484e-08
1.1426e-08
1.1367e-08
1.1309e-08
1.1251e-08
1.1193e-08
1.1136e-08
1.1079e-08
1.1022e-08
1.0966e-08
1.091e-08
1.0854e-08
1.0798e-08
1.0743e-08
1.0687e-08
1.0632e-08
1.0578e-08
1.0523e-08
1.0469e-08
1.0416e-08
1.0362e-08
1.0309e-08
1.0256e-08
1.0203e-08
1.015e-08
1.0098e-08
1.0046e-08
9.9941e-09
9.9425e-09
9.8912e-09
9.8402e-09
9.7894e-09
9.7388e-09
9.6885e-09
9.6385e-09
9.5886e-09
9.5391e-09
9.4897e-09
9.4406e-09
9.3918e-09
9.3432e-09
9.2948e-09
9.2466e-09
9.1987e-09
9.151e-09
9.1036e-09
9.0564e-09
9.0094e-09
8.9626e-09
8.9161e-09
8.8698e-09
8.8237e-09
8.7778e-09
8.7322e-09
8.6868e-09
8.6416e-09
8.5967e-09
8.5519e-09
8.5074e-09
8.4631e-09
8.419e-09
8.3751e-09
8.3315e-09
8.288e-09
8.2448e-09
8.2018e-09
8.159e-09
8.1164e-09
8.074e-09
8.0318e-09
7.9898e-09
7.948e-09
7.9065e-09
7.8651e-09
7.824e-09
7.783e-09
7.7423e-09
7.7017e-09
7.6614e-09
7.6212e-09
7.5813e-09
7.5415e-09
7.5019e-09
7.4626e-09
7.4234e-09
7.3844e-09
7.3456e-09
7.3071e-09
7.2687e-09
7.2304e-09
7.1924e-09
7.1546e-09
7.1169e-09
7.0795e-09
7.0422e-09
7.0051e-09
6.9682e-09
6.9315e-09
6.8949e-09
6.8586e-09
6.8224e-09
6.7864e-09
6.7506e-09
6.7149e-09
6.6795e-09
6.6442e-09
6.6091e-09
6.5741e-09
6.5394e-09
6.5048e-09
6.4704e-09
6.4361e-09
6.402e-09
6.3681e-09
6.3344e-09
6.3008e-09
6.2674e-09
6.2342e-09
6.2011e-09
6.1682e-09
6.1355e-09
6.1029e-09
6.0705e-09
6.0382e-09
6.0061e-09
5.9742e-09
5.9424e-09
5.9108e-09
5.8794e-09
5.8481e-09
5.817e-09
5.786e-09
5.7552e-09
5.7245e-09
5.694e-09
5.6636e-09
5.6334e-09
5.6033e-09
5.5734e-09
5.5437e-09
5.5141e-09
5.4846e-09
5.4553e-09
5.4262e-09
5.3971e-09
5.3683e-09
5.3396e-09
5.311e-09
5.2825e-09
5.2543e-09
5.2261e-09
5.1981e-09
5.1702e-09
5.1425e-09
5.1149e-09
5.0875e-09
5.0602e-09
5.033e-09
5.006e-09
4.9791e-09
4.9524e-09
4.9257e-09
4.8993e-09
4.8729e-09
4.8467e-09
4.8206e-09
4.7947e-09
4.7689e-09
4.7432e-09
4.7176e-09
4.6922e-09
4.6669e-09
4.6417e-09
4.6167e-09
4.5918e-09
4.567e-09
4.5423e-09
4.5178e-09
4.4934e-09
4.4691e-09
4.445e-09
4.4209e-09
4.397e-09
4.3732e-09
4.3495e-09
4.326e-09
4.3026e-09
4.2793e-09
4.2561e-09
4.233e-09
4.2101e-09
4.1872e-09
4.1645e-09
4.1419e-09
4.1194e-09
4.0971e-09
4.0748e-09
4.0527e-09
4.0306e-09
4.0087e-09
3.9869e-09
3.9652e-09
3.9436e-09
3.9222e-09
3.9008e-09
3.8796e-09
3.8584e-09
3.8374e-09
3.8165e-09
3.7957e-09
3.775e-09
3.7544e-09
3.7339e-09
3.7135e-09
3.6932e-09
3.6731e-09
3.653e-09
3.633e-09
3.6131e-09
3.5934e-09
3.5737e-09
3.5542e-09
3.5347e-09
3.5154e-09
3.4961e-09
3.4769e-09
3.4579e-09
3.4389e-09
3.4201e-09
3.4013e-09
3.3826e-09
3.3641e-09
3.3456e-09
3.3272e-09
3.309e-09
3.2908e-09
3.2727e-09
3.2547e-09
3.2368e-09
3.219e-09
3.2013e-09
3.1836e-09
3.1661e-09
3.1487e-09
3.1313e-09
3.1141e-09
3.0969e-09
3.0798e-09
3.0628e-09
3.0459e-09
3.0291e-09
3.0124e-09
2.9957e-09
2.9792e-09
2.9627e-09
2.9463e-09
2.9301e-09
2.9139e-09
2.8977e-09
2.8817e-09
2.8657e-09
2.8499e-09
2.8341e-09
2.8184e-09
2.8028e-09
2.7872e-09
2.7718e-09
2.7564e-09
2.7411e-09
2.7259e-09
2.7107e-09
2.6957e-09
2.6807e-09
2.6658e-09
2.651e-09
2.6362e-09
2.6216e-09
2.607e-09
2.5925e-09
2.5781e-09
2.5637e-09
2.5494e-09
2.5352e-09
2.5211e-09
2.507e-09
2.493e-09
2.4791e-09
2.4653e-09
2.4515e-09
2.4379e-09
2.4242e-09
2.4107e-09
2.3972e-09
2.3838e-09
2.3705e-09
2.3572e-09
2.3441e-09
2.3309e-09
2.3179e-09
2.3049e-09
2.292e-09
2.2792e-09
2.2664e-09
2.2537e-09
2.241e-09
2.2285e-09
2.216e-09
2.2035e-09
2.1912e-09
2.1789e-09
2.1666e-09
2.1544e-09
2.1423e-09
2.1303e-09
2.1183e-09
2.1064e-09
2.0945e-09
2.0828e-09
2.071e-09
2.0594e-09
2.0478e-09
2.0362e-09
2.0247e-09
2.0133e-09
2.002e-09
1.9907e-09
1.9794e-09
1.9683e-09
1.9572e-09
1.9461e-09
1.9351e-09
1.9242e-09
1.9133e-09
1.9025e-09
1.8917e-09
1.881e-09
1.8704e-09
1.8598e-09
1.8493e-09
1.8388e-09
1.8284e-09
1.818e-09
1.8077e-09
1.7974e-09
1.7872e-09
1.7771e-09
1.767e-09
1.757e-09
1.747e-09
1.7371e-09
1.7272e-09
1.7174e-09
1.7076e-09
1.6979e-09
1.6883e-09
1.6787e-09
1.6691e-09
1.6596e-09
1.6502e-09
1.6408e-09
1.6314e-09
1.6221e-09
1.6129e-09
1.6037e-09
1.5945e-09
1.5854e-09
1.5764e-09
1.5674e-09
1.5584e-09
1.5495e-09
1.5407e-09
1.5319e-09
1.5231e-09
1.5144e-09
1.5057e-09
1.4971e-09
1.4886e-09
1.48e-09
1.4716e-09
1.4631e-09
1.4548e-09
1.4464e-09
1.4381e-09
1.4299e-09
1.4217e-09
1.4135e-09
1.4054e-09
1.3973e-09
1.3893e-09
1.3813e-09
1.3734e-09
1.3655e-09
1.3577e-09
1.3499e-09
1.3421e-09
1.3344e-09
1.3267e-09
1.3191e-09
1.3115e-09
1.3039e-09
1.2964e-09
1.2889e-09
1.2815e-09
1.2741e-09
1.2668e-09
1.2595e-09
1.2522e-09
1.245e-09
1.2378e-09
1.2306e-09
1.2235e-09
1.2165e-09
1.2094e-09
1.2025e-09
1.1955e-09
1.1886e-09
1.1817e-09
1.1749e-09
1.1681e-09
1.1613e-09
1.1546e-09
1.1479e-09
1.1413e-09
1.1346e-09
1.1281e-09
1.1215e-09
1.115e-09
1.1085e-09
1.1021e-09
1.0957e-09
1.0894e-09
1.083e-09
1.0767e-09
1.0705e-09
1.0643e-09
1.0581e-09
1.0519e-09
1.0458e-09
1.0397e-09
1.0337e-09
1.0277e-09
1.0217e-09
1.0157e-09
1.0098e-09
1.0039e-09
9.9809e-10
9.9227e-10
9.8649e-10
9.8074e-10
9.7502e-10
9.6933e-10
9.6367e-10
9.5805e-10
9.5246e-10
9.4689e-10
9.4136e-10
9.3587e-10
9.304e-10
9.2496e-10
9.1955e-10
9.1418e-10
9.0883e-10
9.0351e-10
8.9823e-10
8.9297e-10
8.8774e-10
8.8255e-10
8.7738e-10
8.7224e-10
8.6713e-10
8.6205e-10
8.5699e-10
8.5197e-10
8.4697e-10
8.4201e-10
8.3707e-10
8.3216e-10
8.2727e-10
8.2242e-10
8.1759e-10
8.1279e-10
8.0801e-10
8.0327e-10
7.9855e-10
7.9386e-10
7.8919e-10
7.8455e-10
7.7994e-10
7.7535e-10
7.7079e-10
7.6625e-10
7.6175e-10
7.5726e-10
7.528e-10
7.4837e-10
7.4397e-10
7.3958e-10
7.3523e-10
7.309e-10
7.2659e-10
7.2231e-10
7.1805e-10
7.1382e-10
7.0961e-10
7.0542e-10
7.0126e-10
6.9712e-10
6.9301e-10
6.8892e-10
6.8486e-10
6.8081e-10
6.768e-10
6.728e-10
6.6883e-10
6.6488e-10
6.6095e-10
6.5705e-10
6.5316e-10
6.493e-10
6.4547e-10
6.4165e-10
6.3786e-10
6.3409e-10
6.3034e-10
6.2661e-10
6.2291e-10
6.1923e-10
6.1556e-10
6.1192e-10
6.083e-10
6.0471e-10
6.0113e-10
5.9757e-10
5.9404e-10
5.9052e-10
5.8703e-10
5.8355e-10
5.801e-10
5.7667e-10
5.7325e-10
5.6986e-10
5.6649e-10
5.6314e-10
5.598e-10
5.5649e-10
5.532e-10
5.4992e-10
5.4667e-10
5.4343e-10
5.4021e-10
5.3702e-10
5.3384e-10
5.3068e-10
5.2754e-10
5.2442e-10
5.2131e-10
5.1823e-10
5.1516e-10
5.1211e-10
5.0908e-10
5.0607e-10
5.0308e-10
5.001e-10
4.9714e-10
4.942e-10
4.9128e-10
4.8838e-10
4.8549e-10
4.8262e-10
4.7977e-10
4.7693e-10
4.7412e-10
4.7132e-10
4.6853e-10
4.6577e-10
4.6302e-10
4.6028e-10
4.5757e-10
4.5487e-10
4.5218e-10
4.4952e-10
4.4687e-10
4.4423e-10
4.4162e-10
4.3901e-10
4.3643e-10
4.3386e-10
4.3131e-10
4.2877e-10
4.2625e-10
4.2374e-10
4.2125e-10
4.1878e-10
4.1632e-10
4.1387e-10
4.1144e-10
4.0903e-10
4.0663e-10
4.0425e-10
4.0188e-10
3.9953e-10
3.9719e-10
3.9487e-10
3.9256e-10
3.9027e-10
3.8799e-10
3.8572e-10
3.8347e-10
3.8124e-10
3.7902e-10
3.7681e-10
3.7462e-10
3.7244e-10
3.7028e-10
3.6813e-10
3.6599e-10
3.6387e-10
3.6176e-10
3.5967e-10
3.5759e-10
3.5552e-10
3.5347e-10
3.5143e-10
3.4941e-10
3.474e-10
3.454e-10
3.4341e-10
3.4144e-10
3.3948e-10
3.3754e-10
3.3561e-10
3.3369e-10
3.3179e-10
3.2989e-10
3.2801e-10
3.2615e-10
3.243e-10
3.2246e-10
3.2063e-10
3.1881e-10
3.1701e-10
3.1522e-10
3.1345e-10
3.1168e-10
3.0993e-10
3.0819e-10
3.0647e-10
3.0475e-10
3.0305e-10
3.0136e-10
2.9968e-10
2.9802e-10
2.9637e-10
2.9473e-10
2.931e-10
2.9148e-10
2.8988e-10
2.8829e-10
2.8671e-10
2.8514e-10
2.8359e-10
2.8204e-10
2.8051e-10
2.7899e-10
2.7748e-10
2.7599e-10
2.745e-10
2.7303e-10
2.7157e-10
2.7012e-10
2.6868e-10
2.6725e-10
2.6584e-10
2.6444e-10
2.6304e-10
2.6166e-10
2.603e-10
2.5894e-10
2.5759e-10
2.5626e-10
2.5494e-10
2.5362e-10
2.5232e-10
2.5104e-10
2.4976e-10
2.4849e-10
2.4724e-10
2.4599e-10
2.4476e-10
2.4354e-10
2.4233e-10
2.4113e-10
2.3994e-10
2.3877e-10
2.376e-10
2.3645e-10
2.3531e-10
2.3417e-10
2.3305e-10
2.3194e-10
2.3085e-10
2.2976e-10
2.2868e-10
2.2762e-10
2.2656e-10
2.2552e-10
2.2449e-10
2.2347e-10
2.2246e-10
2.2146e-10
2.2047e-10
2.195e-10
2.1853e-10
2.1758e-10
2.1664e-10
2.157e-10
2.1478e-10
2.1387e-10
2.1297e-10
2.1209e-10
2.1121e-10
2.1034e-10
2.0949e-10
2.0865e-10
2.0782e-10
2.0699e-10
2.0619e-10
