8.2048e-09
8.1831e-09
8.1615e-09
8.1399e-09
8.1183e-09
8.0968e-09
8.0754e-09
8.054e-09
8.0326e-09
8.0113e-09
7.9901e-09
7.9689e-09
7.9477e-09
7.9266e-09
7.9056e-09
7.8846e-09
7.8636e-09
7.8427e-09
7.8219e-09
7.8011e-09
7.7803e-09
7.7596e-09
7.739e-09
7.7184e-09
7.6978e-09
7.6773e-09
7.6569e-09
7.6364e-09
7.6161e-09
7.5958e-09
7.5755e-09
7.5553e-09
7.5351e-09
7.515e-09
7.4949e-09
7.4749e-09
7.455e-09
7.435e-09
7.4152e-09
7.3953e-09
7.3755e-09
7.3558e-09
7.3361e-09
7.3165e-09
7.2969e-09
7.2773e-09
7.2579e-09
7.2384e-09
7.219e-09
7.1996e-09
7.1803e-09
7.1611e-09
7.1419e-09
7.1227e-09
7.1036e-09
7.0845e-09
7.0655e-09
7.0465e-09
7.0276e-09
7.0087e-09
6.9898e-09
6.971e-09
6.9523e-09
6.9336e-09
6.9149e-09
6.8963e-09
6.8778e-09
6.8593e-09
6.8408e-09
6.8224e-09
6.804e-09
6.7856e-09
6.7674e-09
6.7491e-09
6.7309e-09
6.7128e-09
6.6946e-09
6.6766e-09
6.6586e-09
6.6406e-09
6.6227e-09
6.6048e-09
6.587e-09
6.5692e-09
6.5514e-09
6.5337e-09
6.5161e-09
6.4984e-09
6.4809e-09
6.4633e-09
6.4459e-09
6.4284e-09
6.411e-09
6.3937e-09
6.3764e-09
6.3591e-09
6.3419e-09
6.3247e-09
6.3076e-09
6.2905e-09
6.2735e-09
6.2565e-09
6.2396e-09
6.2226e-09
6.2058e-09
6.189e-09
6.1722e-09
6.1554e-09
6.1388e-09
6.1221e-09
6.1055e-09
6.0889e-09
6.0724e-09
6.0559e-09
6.0395e-09
6.0231e-09
6.0068e-09
5.9905e-09
5.9742e-09
5.958e-09
5.9418e-09
5.9257e-09
5.9096e-09
5.8935e-09
5.8775e-09
5.8616e-09
5.8456e-09
5.8298e-09
5.8139e-09
5.7981e-09
5.7824e-09
5.7667e-09
5.751e-09
5.7354e-09
5.7198e-09
5.7042e-09
5.6887e-09
5.6733e-09
5.6579e-09
5.6425e-09
5.6271e-09
5.6118e-09
5.5966e-09
5.5814e-09
5.5662e-09
5.5511e-09
5.536e-09
5.5209e-09
5.5059e-09
5.491e-09
5.476e-09
5.4612e-09
5.4463e-09
5.4315e-09
5.4167e-09
5.402e-09
5.3873e-09
5.3727e-09
5.3581e-09
5.3435e-09
5.329e-09
5.3145e-09
5.3001e-09
5.2857e-09
5.2714e-09
5.257e-09
5.2428e-09
5.2285e-09
5.2143e-09
5.2002e-09
5.1861e-09
5.172e-09
5.1579e-09
5.1439e-09
5.13e-09
5.1161e-09
5.1022e-09
5.0883e-09
5.0746e-09
5.0608e-09
5.0471e-09
5.0334e-09
5.0197e-09
5.0061e-09
4.9926e-09
4.9791e-09
4.9656e-09
4.9521e-09
4.9387e-09
4.9254e-09
4.912e-09
4.8987e-09
4.8855e-09
4.8723e-09
4.8591e-09
4.846e-09
4.8329e-09
4.8198e-09
4.8068e-09
4.7938e-09
4.7809e-09
4.768e-09
4.7551e-09
4.7423e-09
4.7295e-09
4.7168e-09
4.7041e-09
4.6914e-09
4.6788e-09
4.6662e-09
4.6536e-09
4.6411e-09
4.6286e-09
4.6162e-09
4.6038e-09
4.5914e-09
4.5791e-09
4.5668e-09
4.5546e-09
4.5423e-09
4.5302e-09
4.518e-09
4.5059e-09
4.4939e-09
4.4819e-09
4.4699e-09
4.4579e-09
4.446e-09
4.4341e-09
4.4223e-09
4.4105e-09
4.3987e-09
4.387e-09
4.3753e-09
4.3637e-09
4.3521e-09
4.3405e-09
4.329e-09
4.3175e-09
4.306e-09
4.2946e-09
4.2832e-09
4.2719e-09
4.2606e-09
4.2493e-09
4.238e-09
4.2268e-09
4.2157e-09
4.2046e-09
4.1935e-09
4.1824e-09
4.1714e-09
4.1604e-09
4.1495e-09
4.1386e-09
4.1277e-09
4.1169e-09
4.1061e-09
4.0953e-09
4.0846e-09
4.0739e-09
4.0633e-09
4.0527e-09
4.0421e-09
4.0316e-09
4.0211e-09
4.0106e-09
4.0002e-09
3.9898e-09
3.9795e-09
3.9691e-09
3.9589e-09
3.9486e-09
3.9384e-09
3.9282e-09
3.9181e-09
3.908e-09
3.898e-09
3.8879e-09
3.8779e-09
3.868e-09
3.8581e-09
3.8482e-09
3.8384e-09
3.8286e-09
3.8188e-09
3.8091e-09
3.7994e-09
3.7897e-09
3.7801e-09
3.7705e-09
3.7609e-09
3.7514e-09
3.7419e-09
3.7325e-09
3.7231e-09
3.7137e-09
3.7044e-09
3.6951e-09
3.6858e-09
3.6766e-09
3.6674e-09
3.6583e-09
3.6491e-09
3.6401e-09
3.631e-09
3.622e-09
3.613e-09
3.6041e-09
3.5952e-09
3.5863e-09
3.5775e-09
3.5687e-09
3.56e-09
3.5513e-09
3.5426e-09
3.5339e-09
3.5253e-09
3.5167e-09
3.5082e-09
3.4997e-09
3.4912e-09
3.4828e-09
3.4744e-09
3.4661e-09
3.4577e-09
3.4495e-09
3.4412e-09
3.433e-09
3.4248e-09
3.4167e-09
3.4086e-09
3.4005e-09
3.3925e-09
3.3845e-09
3.3765e-09
3.3686e-09
3.3607e-09
3.3528e-09
3.345e-09
3.3373e-09
3.3295e-09
3.3218e-09
3.3141e-09
3.3065e-09
3.2989e-09
3.2913e-09
3.2838e-09
3.2763e-09
3.2689e-09
3.2615e-09
3.2541e-09
3.2467e-09
3.2394e-09
3.2322e-09
3.2249e-09
3.2177e-09
3.2106e-09
3.2034e-09
3.1964e-09
3.1893e-09
3.1823e-09
3.1753e-09
3.1684e-09
3.1615e-09
3.1546e-09
3.1478e-09
3.141e-09
3.1342e-09
3.1275e-09
3.1208e-09
3.1142e-09
3.1075e-09
3.101e-09
3.0944e-09
3.0879e-09
3.0815e-09
3.075e-09
3.0686e-09
3.0623e-09
3.056e-09
3.0497e-09
3.0434e-09
3.0372e-09
3.0311e-09
3.0249e-09
3.0188e-09
3.0128e-09
3.0068e-09
3.0008e-09
2.9948e-09
2.9889e-09
2.9831e-09
2.9772e-09
2.9714e-09
2.9657e-09
2.9599e-09
2.9543e-09
2.9486e-09
2.943e-09
2.9374e-09
2.9319e-09
2.9264e-09
2.921e-09
2.9155e-09
2.9102e-09
2.9048e-09
2.8995e-09
2.8942e-09
2.889e-09
2.8838e-09
2.8787e-09
2.8735e-09
2.8685e-09
2.8634e-09
2.8584e-09
2.8535e-09
2.8485e-09
2.8437e-09
2.8388e-09
2.834e-09
2.8292e-09
2.8245e-09
2.8198e-09
2.8152e-09
2.8105e-09
2.806e-09
2.8014e-09
2.7969e-09
2.7925e-09
2.7881e-09
2.7837e-09
2.7793e-09
2.775e-09
2.7708e-09
2.7666e-09
2.7624e-09
2.7582e-09
2.7541e-09
2.7501e-09
2.746e-09
2.7421e-09
2.7381e-09
2.7342e-09
2.7303e-09
2.7265e-09
2.7227e-09
2.719e-09
2.7153e-09
2.7116e-09
2.708e-09
2.7044e-09
2.7009e-09
2.6974e-09
2.6939e-09
2.6905e-09
2.6871e-09
2.6838e-09
2.6805e-09
2.6772e-09
2.674e-09
2.6708e-09
2.6677e-09
2.6646e-09
2.6616e-09
2.6586e-09
2.6556e-09
2.6527e-09
2.6498e-09
2.647e-09
2.6442e-09
2.6414e-09
2.6387e-09
2.636e-09
2.6334e-09
2.6308e-09
2.6283e-09
2.6258e-09
2.6233e-09
2.6209e-09
2.6185e-09
2.6162e-09
2.6139e-09
2.6117e-09
2.6095e-09
2.6073e-09
2.6052e-09
2.6032e-09
2.6011e-09
2.5992e-09
2.5972e-09
2.5953e-09
2.5935e-09
2.5917e-09
2.5899e-09
2.5882e-09
2.5865e-09
2.5849e-09
2.5833e-09
2.5818e-09
2.5803e-09
2.5789e-09
2.5775e-09
2.5761e-09
2.5748e-09
2.5736e-09
2.5723e-09
2.5712e-09
2.5701e-09
2.569e-09
2.5679e-09
2.567e-09
2.566e-09
2.5651e-09
2.5643e-09
2.5635e-09
2.5627e-09
2.562e-09
2.5614e-09
2.5608e-09
2.5602e-09
2.5597e-09
2.5592e-09
2.5588e-09
2.5585e-09
2.5581e-09
2.5579e-09
2.5576e-09
2.5575e-09
2.5573e-09
2.5573e-09
2.5572e-09
2.5573e-09
2.5573e-09
2.5574e-09
2.5576e-09
2.5578e-09
2.5581e-09
2.5584e-09
2.5588e-09
2.5592e-09
2.5597e-09
2.5602e-09
2.5608e-09
2.5614e-09
2.5621e-09
2.5628e-09
2.5636e-09
2.5644e-09
2.5653e-09
2.5662e-09
2.5672e-09
2.5683e-09
2.5694e-09
2.5705e-09
2.5717e-09
2.573e-09
2.5743e-09
2.5756e-09
2.577e-09
2.5785e-09
2.58e-09
2.5816e-09
2.5832e-09
2.5849e-09
2.5866e-09
2.5884e-09
2.5903e-09
2.5922e-09
2.5941e-09
2.5961e-09
2.5982e-09
2.6003e-09
2.6025e-09
2.6048e-09
2.607e-09
2.6094e-09
2.6118e-09
2.6143e-09
2.6168e-09
2.6194e-09
2.622e-09
2.6247e-09
2.6275e-09
2.6303e-09
2.6331e-09
2.6361e-09
2.6391e-09
2.6421e-09
2.6452e-09
2.6484e-09
2.6516e-09
2.6549e-09
2.6582e-09
2.6616e-09
2.6651e-09
2.6686e-09
2.6722e-09
2.6759e-09
2.6796e-09
2.6834e-09
2.6872e-09
2.6911e-09
2.6951e-09
2.6991e-09
2.7032e-09
2.7073e-09
2.7116e-09
2.7158e-09
2.7202e-09
2.7246e-09
2.7291e-09
2.7336e-09
2.7382e-09
2.7429e-09
2.7476e-09
2.7524e-09
2.7573e-09
2.7622e-09
2.7672e-09
2.7722e-09
2.7774e-09
2.7826e-09
2.7878e-09
2.7932e-09
2.7986e-09
2.804e-09
2.8096e-09
2.8152e-09
2.8209e-09
2.8266e-09
2.8324e-09
2.8383e-09
2.8443e-09
2.8503e-09
2.8564e-09
2.8626e-09
2.8688e-09
2.8751e-09
2.8815e-09
2.8879e-09
2.8945e-09
2.9011e-09
2.9077e-09
2.9145e-09
2.9213e-09
2.9282e-09
2.9352e-09
2.9422e-09
2.9493e-09
2.9565e-09
2.9638e-09
2.9712e-09
2.9786e-09
2.9861e-09
2.9936e-09
3.0013e-09
3.009e-09
3.0168e-09
3.0247e-09
3.0327e-09
3.0407e-09
3.0489e-09
3.0571e-09
3.0653e-09
3.0737e-09
3.0821e-09
3.0907e-09
3.0993e-09
3.108e-09
3.1167e-09
3.1256e-09
3.1345e-09
3.1435e-09
3.1526e-09
3.1618e-09
3.1711e-09
3.1804e-09
3.1898e-09
3.1994e-09
3.209e-09
3.2187e-09
3.2284e-09
3.2383e-09
3.2483e-09
3.2583e-09
3.2684e-09
3.2786e-09
3.2889e-09
3.2993e-09
3.3098e-09
3.3204e-09
3.331e-09
3.3418e-09
3.3526e-09
3.3635e-09
3.3746e-09
3.3857e-09
3.3969e-09
3.4082e-09
3.4196e-09
3.4311e-09
3.4426e-09
3.4543e-09
3.4661e-09
3.4779e-09
3.4899e-09
3.502e-09
3.5141e-09
3.5264e-09
3.5387e-09
3.5511e-09
3.5637e-09
3.5763e-09
3.5891e-09
3.6019e-09
3.6148e-09
3.6279e-09
3.641e-09
3.6543e-09
3.6676e-09
3.681e-09
3.6946e-09
3.7082e-09
3.722e-09
3.7359e-09
3.7498e-09
3.7639e-09
3.7781e-09
3.7923e-09
3.8067e-09
3.8212e-09
3.8358e-09
3.8505e-09
3.8653e-09
3.8803e-09
3.8953e-09
3.9104e-09
3.9257e-09
3.941e-09
3.9565e-09
3.9721e-09
3.9878e-09
4.0036e-09
4.0195e-09
4.0356e-09
4.0517e-09
4.068e-09
4.0844e-09
4.1009e-09
4.1175e-09
4.1342e-09
4.1511e-09
4.1681e-09
4.1851e-09
4.2024e-09
4.2197e-09
4.2371e-09
4.2547e-09
4.2724e-09
4.2902e-09
4.3081e-09
4.3262e-09
4.3444e-09
4.3627e-09
4.3811e-09
4.3996e-09
4.4183e-09
4.4371e-09
4.4561e-09
4.4751e-09
4.4943e-09
4.5136e-09
4.5331e-09
4.5526e-09
4.5723e-09
4.5922e-09
4.6122e-09
4.6323e-09
4.6525e-09
4.6729e-09
4.6934e-09
4.714e-09
4.7348e-09
4.7557e-09
4.7767e-09
4.7979e-09
4.8192e-09
4.8407e-09
4.8623e-09
4.884e-09
4.9059e-09
4.9279e-09
4.9501e-09
4.9724e-09
4.9948e-09
5.0174e-09
5.0402e-09
5.0631e-09
5.0861e-09
5.1093e-09
5.1326e-09
5.156e-09
5.1797e-09
5.2034e-09
5.2273e-09
5.2514e-09
5.2756e-09
5.3e-09
5.3245e-09
5.3492e-09
5.374e-09
5.399e-09
5.4242e-09
5.4495e-09
5.4749e-09
5.5005e-09
5.5263e-09
5.5522e-09
5.5783e-09
5.6046e-09
5.631e-09
5.6576e-09
5.6843e-09
5.7112e-09
5.7383e-09
5.7655e-09
5.7929e-09
5.8205e-09
5.8482e-09
5.8761e-09
5.9042e-09
5.9325e-09
5.9609e-09
5.9895e-09
6.0182e-09
6.0471e-09
6.0763e-09
6.1055e-09
6.135e-09
6.1646e-09
6.1944e-09
6.2244e-09
6.2546e-09
6.2849e-09
6.3155e-09
6.3462e-09
6.3771e-09
6.4082e-09
6.4394e-09
6.4709e-09
6.5025e-09
6.5343e-09
6.5663e-09
6.5985e-09
6.6309e-09
6.6635e-09
6.6962e-09
6.7292e-09
6.7623e-09
6.7957e-09
6.8292e-09
6.863e-09
6.8969e-09
6.931e-09
6.9654e-09
6.9999e-09
7.0346e-09
7.0695e-09
7.1047e-09
7.14e-09
7.1756e-09
7.2113e-09
7.2472e-09
7.2834e-09
7.3198e-09
7.3563e-09
7.3931e-09
7.4301e-09
7.4673e-09
7.5048e-09
7.5424e-09
7.5802e-09
7.6183e-09
7.6566e-09
7.6951e-09
7.7338e-09
7.7727e-09
7.8119e-09
7.8513e-09
7.8909e-09
7.9307e-09
7.9708e-09
8.0111e-09
8.0516e-09
8.0923e-09
8.1333e-09
8.1745e-09
8.2159e-09
8.2576e-09
8.2995e-09
8.3416e-09
8.384e-09
8.4266e-09
8.4694e-09
8.5125e-09
8.5558e-09
8.5994e-09
8.6432e-09
8.6872e-09
8.7315e-09
8.7761e-09
8.8209e-09
8.8659e-09
8.9112e-09
8.9567e-09
9.0025e-09
9.0485e-09
9.0948e-09
9.1414e-09
9.1882e-09
9.2353e-09
9.2826e-09
9.3302e-09
9.378e-09
9.4261e-09
9.4745e-09
9.5231e-09
9.5721e-09
9.6212e-09
9.6707e-09
9.7204e-09
9.7704e-09
9.8206e-09
9.8712e-09
9.922e-09
9.973e-09
1.0024e-08
1.0076e-08
1.0128e-08
1.018e-08
1.0233e-08
1.0285e-08
1.0338e-08
1.0392e-08
1.0445e-08
1.0499e-08
1.0554e-08
1.0608e-08
1.0663e-08
1.0718e-08
1.0773e-08
1.0829e-08
1.0885e-08
1.0941e-08
1.0998e-08
1.1055e-08
1.1112e-08
1.1169e-08
1.1227e-08
1.1285e-08
1.1344e-08
1.1403e-08
1.1462e-08
1.1521e-08
1.1581e-08
1.1641e-08
1.1701e-08
1.1762e-08
1.1823e-08
1.1884e-08
1.1945e-08
1.2007e-08
1.207e-08
1.2132e-08
1.2195e-08
1.2258e-08
1.2322e-08
1.2386e-08
1.245e-08
1.2515e-08
1.258e-08
1.2645e-08
1.2711e-08
1.2777e-08
1.2843e-08
1.291e-08
1.2977e-08
1.3044e-08
1.3112e-08
1.318e-08
1.3248e-08
1.3317e-08
1.3386e-08
1.3456e-08
1.3526e-08
1.3596e-08
1.3666e-08
1.3737e-08
1.3809e-08
1.3881e-08
1.3953e-08
1.4025e-08
1.4098e-08
1.4171e-08
1.4245e-08
1.4319e-08
1.4393e-08
1.4468e-08
1.4543e-08
1.4618e-08
1.4694e-08
1.4771e-08
1.4847e-08
1.4924e-08
1.5002e-08
1.508e-08
1.5158e-08
1.5237e-08
1.5316e-08
1.5395e-08
1.5475e-08
1.5556e-08
1.5636e-08
1.5718e-08
1.5799e-08
1.5881e-08
1.5964e-08
1.6046e-08
1.613e-08
1.6213e-08
1.6297e-08
1.6382e-08
1.6467e-08
1.6552e-08
1.6638e-08
1.6724e-08
1.6811e-08
1.6898e-08
1.6986e-08
1.7074e-08
1.7162e-08
1.7251e-08
1.7341e-08
1.7431e-08
1.7521e-08
1.7612e-08
1.7703e-08
1.7795e-08
1.7887e-08
1.7979e-08
1.8072e-08
1.8166e-08
1.826e-08
1.8354e-08
1.8449e-08
1.8545e-08
1.8641e-08
1.8737e-08
1.8834e-08
1.8931e-08
1.9029e-08
1.9128e-08
1.9226e-08
1.9326e-08
1.9426e-08
1.9526e-08
1.9627e-08
1.9728e-08
1.983e-08
1.9932e-08
2.0035e-08
2.0139e-08
2.0243e-08
2.0347e-08
2.0452e-08
2.0557e-08
2.0663e-08
2.077e-08
2.0877e-08
2.0985e-08
2.1093e-08
2.1201e-08
2.1311e-08
2.142e-08
2.1531e-08
2.1641e-08
2.1753e-08
2.1865e-08
2.1977e-08
2.209e-08
2.2204e-08
2.2318e-08
2.2433e-08
2.2548e-08
2.2664e-08
2.278e-08
2.2897e-08
2.3015e-08
2.3133e-08
2.3252e-08
2.3371e-08
2.3491e-08
2.3611e-08
2.3733e-08
2.3854e-08
2.3976e-08
2.4099e-08
2.4223e-08
2.4347e-08
2.4472e-08
2.4597e-08
2.4723e-08
2.4849e-08
2.4977e-08
2.5104e-08
2.5233e-08
2.5362e-08
2.5491e-08
2.5622e-08
2.5753e-08
2.5884e-08
2.6016e-08
2.6149e-08
2.6283e-08
2.6417e-08
2.6552e-08
2.6687e-08
2.6823e-08
2.696e-08
2.7097e-08
2.7235e-08
2.7374e-08
2.7514e-08
2.7654e-08
2.7795e-08
2.7936e-08
2.8078e-08
2.8221e-08
2.8364e-08
2.8509e-08
2.8654e-08
2.8799e-08
2.8946e-08
2.9093e-08
2.924e-08
2.9389e-08
2.9538e-08
2.9688e-08
2.9838e-08
2.999e-08
3.0142e-08
3.0294e-08
3.0448e-08
3.0602e-08
3.0757e-08
3.0913e-08
3.1069e-08
3.1226e-08
3.1384e-08
3.1543e-08
3.1703e-08
3.1863e-08
3.2024e-08
3.2186e-08
3.2348e-08
3.2511e-08
3.2675e-08
3.284e-08
3.3006e-08
3.3172e-08
3.334e-08
3.3508e-08
3.3676e-08
3.3846e-08
3.4017e-08
3.4188e-08
3.436e-08
3.4533e-08
3.4706e-08
3.4881e-08
3.5056e-08
3.5232e-08
3.5409e-08
3.5587e-08
3.5766e-08
3.5945e-08
3.6126e-08
3.6307e-08
3.6489e-08
3.6672e-08
3.6856e-08
3.704e-08
3.7226e-08
3.7412e-08
3.7599e-08
3.7788e-08
3.7977e-08
3.8166e-08
3.8357e-08
3.8549e-08
3.8742e-08
3.8935e-08
3.9129e-08
3.9325e-08
3.9521e-08
3.9718e-08
3.9916e-08
4.0115e-08
4.0315e-08
4.0516e-08
4.0718e-08
4.092e-08
4.1124e-08
4.1329e-08
4.1534e-08
4.1741e-08
4.1948e-08
4.2157e-08
4.2366e-08
4.2577e-08
4.2788e-08
4.3e-08
4.3214e-08
4.3428e-08
4.3643e-08
4.386e-08
4.4077e-08
4.4295e-08
4.4515e-08
4.4735e-08
4.4956e-08
4.5179e-08
4.5402e-08
4.5626e-08
4.5852e-08
4.6078e-08
4.6306e-08
4.6535e-08
4.6764e-08
4.6995e-08
4.7227e-08
4.746e-08
4.7694e-08
4.7929e-08
4.8165e-08
4.8402e-08
4.864e-08
4.8879e-08
4.912e-08
4.9361e-08
4.9604e-08
4.9848e-08
5.0093e-08
5.0339e-08
5.0586e-08
5.0834e-08
5.1083e-08
5.1334e-08
5.1585e-08
5.1838e-08
5.2092e-08
5.2347e-08
5.2603e-08
5.2861e-08
5.312e-08
5.3379e-08
5.364e-08
5.3902e-08
5.4166e-08
5.443e-08
5.4696e-08
5.4963e-08
5.5231e-08
5.55e-08
5.5771e-08
5.6043e-08
5.6316e-08
5.659e-08
5.6866e-08
5.7142e-08
5.742e-08
5.77e-08
5.798e-08
5.8262e-08
5.8545e-08
5.8829e-08
5.9115e-08
5.9402e-08
5.969e-08
5.9979e-08
6.027e-08
6.0562e-08
6.0856e-08
6.115e-08
6.1446e-08
6.1744e-08
6.2042e-08
6.2342e-08
6.2644e-08
6.2946e-08
6.325e-08
6.3556e-08
6.3863e-08
6.4171e-08
6.448e-08
6.4791e-08
6.5104e-08
6.5417e-08
6.5732e-08
6.6049e-08
6.6367e-08
6.6686e-08
6.7007e-08
6.7329e-08
6.7653e-08
6.7978e-08
6.8304e-08
6.8632e-08
6.8962e-08
6.9292e-08
6.9625e-08
6.9958e-08
7.0294e-08
7.063e-08
7.0969e-08
7.1308e-08
7.165e-08
7.1992e-08
7.2337e-08
7.2682e-08
7.303e-08
7.3379e-08
7.3729e-08
7.4081e-08
7.4434e-08
7.4789e-08
7.5146e-08
7.5504e-08
7.5864e-08
7.6225e-08
7.6588e-08
7.6952e-08
7.7318e-08
7.7686e-08
7.8055e-08
7.8426e-08
7.8799e-08
7.9173e-08
7.9549e-08
7.9926e-08
8.0305e-08
8.0686e-08
8.1068e-08
8.1452e-08
8.1838e-08
8.2226e-08
8.2615e-08
8.3006e-08
8.3398e-08
8.3792e-08
8.4188e-08
8.4586e-08
8.4985e-08
8.5386e-08
8.5789e-08
8.6194e-08
8.66e-08
8.7008e-08
8.7418e-08
8.783e-08
8.8243e-08
8.8659e-08
8.9076e-08
8.9494e-08
8.9915e-08
9.0338e-08
9.0762e-08
9.1188e-08
9.1616e-08
9.2046e-08
9.2477e-08
9.2911e-08
9.3346e-08
9.3783e-08
9.4223e-08
9.4664e-08
9.5106e-08
9.5551e-08
9.5998e-08
9.6447e-08
9.6897e-08
9.735e-08
9.7804e-08
9.826e-08
9.8719e-08
9.9179e-08
9.9641e-08
1.0011e-07
1.0057e-07
1.0104e-07
1.0151e-07
1.0198e-07
1.0246e-07
1.0293e-07
1.0341e-07
1.0389e-07
1.0437e-07
1.0486e-07
1.0534e-07
1.0583e-07
1.0632e-07
1.0682e-07
1.0731e-07
1.0781e-07
1.0831e-07
1.0881e-07
1.0931e-07
1.0982e-07
1.1032e-07
1.1083e-07
1.1135e-07
1.1186e-07
1.1238e-07
1.1289e-07
1.1341e-07
1.1394e-07
1.1446e-07
1.1499e-07
1.1552e-07
1.1605e-07
1.1658e-07
1.1712e-07
1.1766e-07
1.182e-07
1.1874e-07
1.1929e-07
1.1983e-07
1.2038e-07
1.2093e-07
1.2149e-07
1.2205e-07
1.226e-07
1.2317e-07
1.2373e-07
1.243e-07
1.2486e-07
1.2543e-07
1.2601e-07
1.2658e-07
1.2716e-07
1.2774e-07
1.2832e-07
1.2891e-07
1.295e-07
1.3009e-07
1.3068e-07
1.3127e-07
1.3187e-07
1.3247e-07
1.3307e-07
1.3368e-07
1.3428e-07
1.3489e-07
1.3551e-07
1.3612e-07
1.3674e-07
1.3736e-07
1.3798e-07
1.3861e-07
1.3923e-07
1.3986e-07
1.405e-07
1.4113e-07
1.4177e-07
1.4241e-07
1.4306e-07
1.437e-07
1.4435e-07
1.45e-07
1.4566e-07
1.4631e-07
1.4697e-07
1.4763e-07
1.483e-07
1.4897e-07
1.4964e-07
1.5031e-07
1.5098e-07
1.5166e-07
1.5234e-07
1.5303e-07
1.5372e-07
1.544e-07
1.551e-07
1.5579e-07
1.5649e-07
1.5719e-07
1.579e-07
1.586e-07
1.5931e-07
1.6002e-07
1.6074e-07
1.6146e-07
1.6218e-07
1.629e-07
1.6363e-07
1.6436e-07
1.6509e-07
1.6583e-07
1.6657e-07
1.6731e-07
1.6805e-07
1.688e-07
1.6955e-07
1.7031e-07
1.7106e-07
1.7182e-07
1.7259e-07
1.7335e-07
1.7412e-07
1.7489e-07
1.7567e-07
1.7645e-07
1.7723e-07
1.7801e-07
1.788e-07
1.7959e-07
1.8039e-07
1.8118e-07
1.8199e-07
1.8279e-07
1.836e-07
1.8441e-07
1.8522e-07
1.8604e-07
1.8686e-07
1.8768e-07
1.8851e-07
1.8934e-07
1.9017e-07
1.9101e-07
1.9185e-07
1.9269e-07
1.9354e-07
1.9439e-07
1.9524e-07
1.961e-07
1.9696e-07
1.9782e-07
1.9869e-07
1.9956e-07
2.0043e-07
2.0131e-07
2.0219e-07
2.0307e-07
2.0396e-07
2.0485e-07
2.0575e-07
2.0664e-07
2.0755e-07
2.0845e-07
2.0936e-07
2.1027e-07
2.1119e-07
2.1211e-07
2.1303e-07
2.1396e-07
2.1489e-07
2.1582e-07
2.1676e-07
2.177e-07
2.1865e-07
2.196e-07
2.2055e-07
2.2151e-07
2.2247e-07
2.2343e-07
2.244e-07
2.2537e-07
2.2634e-07
2.2732e-07
2.283e-07
2.2929e-07
2.3028e-07
2.3128e-07
2.3227e-07
2.3328e-07
2.3428e-07
2.3529e-07
2.3631e-07
2.3732e-07
2.3835e-07
2.3937e-07
2.404e-07
2.4143e-07
2.4247e-07
2.4351e-07
2.4456e-07
2.4561e-07
2.4666e-07
2.4772e-07
2.4878e-07
2.4985e-07
2.5092e-07
2.5199e-07
2.5307e-07
2.5415e-07
2.5524e-07
2.5633e-07
2.5743e-07
2.5853e-07
2.5963e-07
2.6074e-07
2.6185e-07
2.6296e-07
2.6409e-07
2.6521e-07
2.6634e-07
2.6747e-07
2.6861e-07
2.6975e-07
2.709e-07
2.7205e-07
2.732e-07
2.7436e-07
2.7553e-07
2.767e-07
2.7787e-07
2.7905e-07
2.8023e-07
2.8141e-07
2.8261e-07
2.838e-07
2.85e-07
2.862e-07
2.8741e-07
2.8863e-07
2.8985e-07
2.9107e-07
2.923e-07
2.9353e-07
2.9476e-07
2.9601e-07
2.9725e-07
2.985e-07
2.9976e-07
3.0102e-07
3.0228e-07
3.0355e-07
3.0483e-07
3.0611e-07
3.0739e-07
3.0868e-07
3.0997e-07
3.1127e-07
3.1257e-07
3.1388e-07
3.152e-07
3.1651e-07
3.1784e-07
3.1916e-07
3.205e-07
3.2184e-07
3.2318e-07
3.2453e-07
3.2588e-07
3.2724e-07
3.286e-07
3.2997e-07
3.3134e-07
3.3272e-07
3.341e-07
3.3549e-07
3.3688e-07
3.3828e-07
3.3969e-07
3.411e-07
3.4251e-07
3.4393e-07
3.4536e-07
3.4679e-07
3.4822e-07
3.4966e-07
3.5111e-07
3.5256e-07
3.5402e-07
3.5548e-07
3.5695e-07
3.5842e-07
3.599e-07
3.6138e-07
3.6287e-07
3.6437e-07
3.6587e-07
3.6737e-07
3.6888e-07
3.704e-07
3.7192e-07
3.7345e-07
3.7498e-07
3.7652e-07
3.7807e-07
3.7962e-07
3.8117e-07
3.8273e-07
3.843e-07
3.8587e-07
3.8745e-07
3.8904e-07
3.9063e-07
3.9222e-07
3.9383e-07
3.9543e-07
3.9705e-07
3.9867e-07
4.0029e-07
4.0192e-07
4.0356e-07
4.052e-07
4.0685e-07
4.0851e-07
4.1017e-07
4.1183e-07
4.1351e-07
4.1519e-07
4.1687e-07
4.1856e-07
4.2026e-07
4.2196e-07
4.2367e-07
4.2539e-07
4.2711e-07
4.2884e-07
4.3057e-07
4.3231e-07
4.3406e-07
4.3581e-07
4.3757e-07
4.3933e-07
4.4111e-07
4.4288e-07
4.4467e-07
4.4646e-07
4.4826e-07
4.5006e-07
4.5187e-07
4.5369e-07
4.5551e-07
4.5734e-07
4.5917e-07
4.6102e-07
4.6286e-07
4.6472e-07
4.6658e-07
4.6845e-07
4.7033e-07
4.7221e-07
4.741e-07
4.7599e-07
4.7789e-07
4.798e-07
4.8172e-07
4.8364e-07
4.8557e-07
4.875e-07
4.8945e-07
4.914e-07
4.9335e-07
4.9531e-07
4.9728e-07
4.9926e-07
5.0124e-07
5.0324e-07
5.0523e-07
5.0724e-07
5.0925e-07
5.1127e-07
5.1329e-07
5.1533e-07
5.1737e-07
5.1941e-07
5.2147e-07
5.2353e-07
5.256e-07
5.2767e-07
5.2976e-07
5.3185e-07
5.3395e-07
5.3605e-07
5.3816e-07
5.4028e-07
5.4241e-07
5.4454e-07
5.4669e-07
5.4883e-07
5.5099e-07
5.5315e-07
5.5533e-07
5.575e-07
5.5969e-07
5.6189e-07
5.6409e-07
5.663e-07
5.6851e-07
5.7074e-07
5.7297e-07
5.7521e-07
5.7746e-07
5.7971e-07
5.8197e-07
5.8424e-07
5.8652e-07
5.8881e-07
5.911e-07
5.934e-07
5.9571e-07
5.9803e-07
6.0036e-07
6.0269e-07
6.0503e-07
6.0738e-07
6.0974e-07
6.121e-07
6.1448e-07
6.1686e-07
6.1925e-07
6.2165e-07
6.2405e-07
6.2647e-07
6.2889e-07
6.3132e-07
6.3376e-07
6.3621e-07
6.3866e-07
6.4112e-07
6.436e-07
6.4608e-07
6.4856e-07
6.5106e-07
6.5357e-07
6.5608e-07
6.586e-07
6.6113e-07
6.6367e-07
6.6622e-07
6.6878e-07
6.7134e-07
6.7391e-07
6.765e-07
6.7909e-07
6.8169e-07
6.8429e-07
6.8691e-07
6.8954e-07
6.9217e-07
6.9481e-07
6.9747e-07
7.0013e-07
7.028e-07
7.0548e-07
7.0816e-07
7.1086e-07
7.1356e-07
7.1628e-07
7.19e-07
7.2173e-07
7.2448e-07
7.2723e-07
7.2999e-07
7.3275e-07
7.3553e-07
7.3832e-07
7.4111e-07
7.4392e-07
7.4673e-07
7.4956e-07
7.5239e-07
7.5523e-07
7.5809e-07
7.6095e-07
7.6382e-07
7.667e-07
7.6959e-07
7.7249e-07
7.7539e-07
7.7831e-07
7.8124e-07
7.8418e-07
7.8712e-07
7.9008e-07
7.9305e-07
7.9602e-07
7.9901e-07
8.02e-07
8.0501e-07
8.0802e-07
8.1105e-07
8.1408e-07
8.1712e-07
8.2018e-07
8.2324e-07
8.2632e-07
8.294e-07
8.3249e-07
8.356e-07
8.3871e-07
8.4183e-07
8.4497e-07
8.4811e-07
8.5127e-07
8.5443e-07
8.576e-07
8.6079e-07
8.6398e-07
8.6719e-07
8.704e-07
8.7363e-07
8.7687e-07
8.8011e-07
8.8337e-07
8.8664e-07
8.8991e-07
8.932e-07
8.965e-07
8.9981e-07
9.0313e-07
9.0646e-07
9.098e-07
9.1315e-07
9.1651e-07
9.1989e-07
9.2327e-07
9.2667e-07
9.3007e-07
9.3349e-07
9.3691e-07
9.4035e-07
9.438e-07
9.4726e-07
9.5073e-07
9.5421e-07
9.577e-07
9.6121e-07
9.6472e-07
9.6825e-07
9.7178e-07
9.7533e-07
9.7889e-07
9.8246e-07
9.8604e-07
9.8963e-07
9.9324e-07
9.9685e-07
1.0005e-06
1.0041e-06
1.0078e-06
1.0114e-06
1.0151e-06
1.0188e-06
1.0225e-06
1.0262e-06
1.0299e-06
1.0336e-06
1.0374e-06
1.0411e-06
1.0449e-06
1.0487e-06
1.0525e-06
1.0562e-06
1.0601e-06
1.0639e-06
1.0677e-06
1.0716e-06
1.0754e-06
1.0793e-06
1.0832e-06
1.0871e-06
1.091e-06
1.0949e-06
1.0988e-06
1.1028e-06
1.1067e-06
1.1107e-06
1.1147e-06
1.1187e-06
1.1227e-06
1.1267e-06
1.1307e-06
1.1347e-06
1.1388e-06
1.1429e-06
1.1469e-06
1.151e-06
1.1551e-06
1.1592e-06
1.1634e-06
1.1675e-06
1.1717e-06
1.1758e-06
1.18e-06
1.1842e-06
1.1884e-06
1.1926e-06
1.1968e-06
1.2011e-06
1.2053e-06
1.2096e-06
1.2139e-06
1.2182e-06
1.2225e-06
1.2268e-06
1.2311e-06
1.2355e-06
1.2398e-06
1.2442e-06
1.2486e-06
1.253e-06
1.2574e-06
1.2618e-06
1.2663e-06
1.2707e-06
1.2752e-06
1.2797e-06
1.2841e-06
1.2886e-06
1.2932e-06
1.2977e-06
1.3022e-06
1.3068e-06
1.3114e-06
1.3159e-06
1.3205e-06
1.3252e-06
1.3298e-06
1.3344e-06
1.3391e-06
1.3437e-06
1.3484e-06
1.3531e-06
1.3578e-06
1.3625e-06
1.3673e-06
1.372e-06
1.3768e-06
1.3816e-06
1.3864e-06
1.3912e-06
1.396e-06
1.4008e-06
1.4057e-06
1.4105e-06
1.4154e-06
1.4203e-06
1.4252e-06
1.4301e-06
1.4351e-06
1.44e-06
1.445e-06
1.4499e-06
1.4549e-06
1.4599e-06
1.465e-06
1.47e-06
1.475e-06
1.4801e-06
1.4852e-06
1.4903e-06
1.4954e-06
1.5005e-06
1.5056e-06
1.5108e-06
1.516e-06
1.5211e-06
1.5263e-06
1.5316e-06
1.5368e-06
1.542e-06
1.5473e-06
1.5525e-06
1.5578e-06
1.5631e-06
1.5685e-06
1.5738e-06
1.5791e-06
1.5845e-06
1.5899e-06
1.5953e-06
1.6007e-06
1.6061e-06
1.6115e-06
1.617e-06
1.6225e-06
1.628e-06
1.6335e-06
1.639e-06
1.6445e-06
1.6501e-06
1.6556e-06
1.6612e-06
1.6668e-06
1.6724e-06
1.678e-06
1.6837e-06
1.6893e-06
1.695e-06
1.7007e-06
1.7064e-06
1.7121e-06
1.7179e-06
1.7236e-06
1.7294e-06
1.7352e-06
1.741e-06
1.7468e-06
1.7526e-06
1.7585e-06
1.7644e-06
1.7702e-06
1.7761e-06
1.7821e-06
1.788e-06
1.7939e-06
1.7999e-06
1.8059e-06
1.8119e-06
1.8179e-06
1.8239e-06
1.83e-06
1.8361e-06
1.8421e-06
1.8482e-06
1.8544e-06
1.8605e-06
1.8666e-06
1.8728e-06
1.879e-06
1.8852e-06
1.8914e-06
1.8977e-06
1.9039e-06
1.9102e-06
1.9165e-06
1.9228e-06
1.9291e-06
1.9354e-06
1.9418e-06
1.9482e-06
1.9545e-06
1.9609e-06
1.9674e-06
1.9738e-06
1.9803e-06
1.9867e-06
1.9932e-06
1.9998e-06
2.0063e-06
2.0128e-06
2.0194e-06
2.026e-06
2.0326e-06
2.0392e-06
2.0458e-06
2.0525e-06
2.0592e-06
2.0658e-06
2.0726e-06
2.0793e-06
2.086e-06
2.0928e-06
2.0996e-06
2.1064e-06
2.1132e-06
2.12e-06
2.1269e-06
2.1337e-06
2.1406e-06
2.1475e-06
2.1545e-06
2.1614e-06
2.1684e-06
2.1753e-06
2.1823e-06
2.1894e-06
2.1964e-06
2.2034e-06
2.2105e-06
2.2176e-06
2.2247e-06
2.2318e-06
2.239e-06
2.2462e-06
2.2533e-06
2.2605e-06
2.2678e-06
2.275e-06
2.2823e-06
2.2896e-06
2.2969e-06
2.3042e-06
2.3115e-06
2.3189e-06
2.3262e-06
2.3336e-06
2.341e-06
2.3485e-06
2.3559e-06
2.3634e-06
2.3709e-06
2.3784e-06
2.3859e-06
2.3935e-06
2.401e-06
2.4086e-06
2.4162e-06
2.4239e-06
2.4315e-06
2.4392e-06
2.4469e-06
2.4546e-06
2.4623e-06
2.47e-06
2.4778e-06
2.4856e-06
2.4934e-06
2.5012e-06
2.5091e-06
2.5169e-06
2.5248e-06
2.5327e-06
2.5406e-06
2.5486e-06
2.5565e-06
2.5645e-06
2.5725e-06
2.5806e-06
2.5886e-06
2.5967e-06
2.6048e-06
2.6129e-06
2.621e-06
2.6291e-06
2.6373e-06
2.6455e-06
2.6537e-06
2.6619e-06
2.6702e-06
2.6784e-06
2.6867e-06
2.6951e-06
2.7034e-06
2.7117e-06
2.7201e-06
2.7285e-06
2.7369e-06
2.7454e-06
2.7538e-06
2.7623e-06
2.7708e-06
2.7793e-06
2.7879e-06
2.7964e-06
2.805e-06
2.8136e-06
2.8222e-06
2.8309e-06
2.8396e-06
2.8482e-06
2.857e-06
2.8657e-06
2.8744e-06
2.8832e-06
2.892e-06
2.9008e-06
2.9097e-06
2.9185e-06
2.9274e-06
2.9363e-06
2.9453e-06
2.9542e-06
2.9632e-06
2.9722e-06
2.9812e-06
2.9902e-06
2.9993e-06
3.0084e-06
3.0175e-06
3.0266e-06
3.0357e-06
3.0449e-06
3.0541e-06
3.0633e-06
3.0725e-06
3.0818e-06
3.0911e-06
3.1004e-06
3.1097e-06
3.119e-06
3.1284e-06
3.1378e-06
3.1472e-06
3.1566e-06
3.1661e-06
3.1756e-06
3.1851e-06
3.1946e-06
3.2041e-06
3.2137e-06
3.2233e-06
3.2329e-06
3.2426e-06
3.2522e-06
3.2619e-06
3.2716e-06
3.2813e-06
3.2911e-06
3.3009e-06
3.3107e-06
3.3205e-06
3.3303e-06
3.3402e-06
3.3501e-06
3.36e-06
3.3699e-06
3.3799e-06
3.3899e-06
3.3999e-06
3.4099e-06
3.42e-06
3.43e-06
3.4401e-06
3.4503e-06
3.4604e-06
3.4706e-06
3.4808e-06
3.491e-06
3.5012e-06
3.5115e-06
3.5218e-06
3.5321e-06
3.5424e-06
3.5528e-06
3.5632e-06
3.5736e-06
3.584e-06
3.5945e-06
3.6049e-06
3.6154e-06
3.626e-06
3.6365e-06
3.6471e-06
3.6577e-06
3.6683e-06
3.6789e-06
3.6896e-06
3.7003e-06
3.711e-06
3.7218e-06
3.7325e-06
3.7433e-06
3.7541e-06
3.765e-06
3.7758e-06
3.7867e-06
3.7976e-06
3.8086e-06
3.8195e-06
3.8305e-06
3.8415e-06
3.8526e-06
3.8636e-06
3.8747e-06
3.8858e-06
3.897e-06
3.9081e-06
3.9193e-06
3.9305e-06
3.9417e-06
3.953e-06
3.9643e-06
3.9756e-06
3.9869e-06
3.9983e-06
4.0096e-06
4.0211e-06
4.0325e-06
4.0439e-06
4.0554e-06
4.0669e-06
4.0785e-06
4.09e-06
4.1016e-06
4.1132e-06
4.1248e-06
4.1365e-06
4.1482e-06
4.1599e-06
4.1716e-06
4.1834e-06
4.1952e-06
4.207e-06
4.2188e-06
4.2307e-06
4.2426e-06
4.2545e-06
4.2664e-06
4.2784e-06
4.2904e-06
4.3024e-06
4.3144e-06
4.3265e-06
4.3386e-06
4.3507e-06
4.3629e-06
4.375e-06
4.3872e-06
4.3994e-06
4.4117e-06
4.424e-06
4.4363e-06
4.4486e-06
4.4609e-06
4.4733e-06
4.4857e-06
4.4982e-06
4.5106e-06
4.5231e-06
4.5356e-06
4.5481e-06
4.5607e-06
4.5733e-06
4.5859e-06
4.5985e-06
4.6112e-06
4.6239e-06
4.6366e-06
4.6494e-06
4.6621e-06
4.6749e-06
4.6878e-06
4.7006e-06
4.7135e-06
4.7264e-06
4.7393e-06
4.7523e-06
4.7653e-06
4.7783e-06
4.7913e-06
4.8044e-06
4.8175e-06
4.8306e-06
4.8437e-06
4.8569e-06
4.8701e-06
4.8833e-06
4.8966e-06
4.9099e-06
4.9232e-06
4.9365e-06
4.9499e-06
4.9633e-06
4.9767e-06
4.9901e-06
5.0036e-06
5.0171e-06
5.0306e-06
5.0442e-06
5.0577e-06
5.0713e-06
5.085e-06
5.0986e-06
5.1123e-06
5.126e-06
5.1398e-06
5.1535e-06
5.1673e-06
5.1812e-06
5.195e-06
5.2089e-06
5.2228e-06
5.2367e-06
5.2507e-06
5.2647e-06
5.2787e-06
5.2927e-06
5.3068e-06
5.3209e-06
5.335e-06
5.3492e-06
5.3634e-06
5.3776e-06
5.3918e-06
5.4061e-06
5.4204e-06
5.4347e-06
5.449e-06
5.4634e-06
5.4778e-06
5.4923e-06
5.5067e-06
5.5212e-06
5.5357e-06
5.5503e-06
5.5648e-06
5.5794e-06
5.5941e-06
5.6087e-06
5.6234e-06
5.6381e-06
5.6529e-06
5.6676e-06
5.6824e-06
5.6972e-06
5.7121e-06
5.727e-06
5.7419e-06
5.7568e-06
5.7718e-06
5.7868e-06
5.8018e-06
5.8169e-06
5.8319e-06
5.847e-06
5.8622e-06
5.8773e-06
5.8925e-06
5.9078e-06
5.923e-06
5.9383e-06
5.9536e-06
5.9689e-06
5.9843e-06
5.9997e-06
6.0151e-06
6.0305e-06
6.046e-06
6.0615e-06
6.0771e-06
6.0926e-06
6.1082e-06
6.1238e-06
6.1395e-06
6.1552e-06
6.1709e-06
6.1866e-06
6.2024e-06
6.2182e-06
6.234e-06
6.2498e-06
6.2657e-06
6.2816e-06
6.2976e-06
6.3135e-06
6.3295e-06
6.3455e-06
6.3616e-06
6.3777e-06
6.3938e-06
6.4099e-06
6.4261e-06
6.4423e-06
6.4585e-06
6.4748e-06
6.491e-06
6.5074e-06
6.5237e-06
6.5401e-06
6.5565e-06
6.5729e-06
6.5894e-06
6.6058e-06
6.6224e-06
6.6389e-06
6.6555e-06
6.6721e-06
6.6887e-06
6.7054e-06
6.7221e-06
6.7388e-06
6.7555e-06
6.7723e-06
6.7891e-06
6.8059e-06
6.8228e-06
6.8397e-06
6.8566e-06
6.8736e-06
6.8906e-06
6.9076e-06
6.9246e-06
6.9417e-06
6.9588e-06
6.9759e-06
6.9931e-06
7.0103e-06
7.0275e-06
7.0447e-06
7.062e-06
7.0793e-06
7.0966e-06
7.114e-06
7.1314e-06
7.1488e-06
7.1663e-06
7.1837e-06
7.2013e-06
7.2188e-06
7.2364e-06
7.254e-06
7.2716e-06
7.2892e-06
7.3069e-06
7.3246e-06
7.3424e-06
7.3602e-06
7.378e-06
7.3958e-06
7.4137e-06
7.4316e-06
7.4495e-06
7.4674e-06
7.4854e-06
7.5034e-06
7.5215e-06
7.5395e-06
7.5576e-06
7.5758e-06
7.5939e-06
7.6121e-06
7.6303e-06
7.6486e-06
7.6669e-06
7.6852e-06
7.7035e-06
7.7219e-06
7.7403e-06
7.7587e-06
7.7771e-06
7.7956e-06
7.8141e-06
7.8327e-06
7.8513e-06
7.8699e-06
7.8885e-06
7.9071e-06
7.9258e-06
7.9446e-06
7.9633e-06
7.9821e-06
8.0009e-06
8.0197e-06
8.0386e-06
8.0575e-06
8.0764e-06
8.0954e-06
8.1144e-06
8.1334e-06
8.1524e-06
8.1715e-06
8.1906e-06
8.2097e-06
8.2289e-06
8.2481e-06
8.2673e-06
8.2866e-06
8.3059e-06
8.3252e-06
8.3445e-06
8.3639e-06
8.3833e-06
8.4027e-06
8.4222e-06
8.4417e-06
8.4612e-06
8.4807e-06
8.5003e-06
8.5199e-06
8.5395e-06
8.5592e-06
8.5789e-06
8.5986e-06
8.6184e-06
8.6382e-06
8.658e-06
8.6778e-06
8.6977e-06
8.7176e-06
8.7375e-06
8.7575e-06
8.7775e-06
8.7975e-06
8.8176e-06
8.8376e-06
8.8577e-06
8.8779e-06
8.8981e-06
8.9182e-06
8.9385e-06
8.9587e-06
8.979e-06
8.9993e-06
9.0197e-06
9.04e-06
9.0604e-06
9.0809e-06
9.1013e-06
9.1218e-06
9.1424e-06
9.1629e-06
9.1835e-06
9.2041e-06
9.2247e-06
9.2454e-06
9.2661e-06
9.2868e-06
9.3076e-06
9.3283e-06
9.3492e-06
9.37e-06
9.3909e-06
9.4118e-06
9.4327e-06
9.4537e-06
9.4746e-06
9.4957e-06
9.5167e-06
9.5378e-06
9.5589e-06
9.58e-06
9.6012e-06
9.6224e-06
9.6436e-06
9.6648e-06
9.6861e-06
9.7074e-06
9.7288e-06
9.7501e-06
9.7715e-06
9.793e-06
9.8144e-06
9.8359e-06
9.8574e-06
9.8789e-06
9.9005e-06
9.9221e-06
9.9437e-06
9.9654e-06
9.9871e-06
1.0009e-05
1.0031e-05
1.0052e-05
1.0074e-05
1.0096e-05
1.0118e-05
1.014e-05
1.0162e-05
1.0183e-05
1.0205e-05
1.0227e-05
1.0249e-05
1.0272e-05
1.0294e-05
1.0316e-05
1.0338e-05
1.036e-05
1.0382e-05
1.0404e-05
1.0427e-05
1.0449e-05
1.0471e-05
1.0494e-05
1.0516e-05
1.0538e-05
1.0561e-05
1.0583e-05
1.0606e-05
1.0628e-05
1.0651e-05
1.0673e-05
1.0696e-05
1.0719e-05
1.0741e-05
1.0764e-05
1.0787e-05
1.0809e-05
1.0832e-05
1.0855e-05
1.0878e-05
1.0901e-05
1.0923e-05
1.0946e-05
1.0969e-05
1.0992e-05
1.1015e-05
1.1038e-05
1.1061e-05
1.1084e-05
1.1107e-05
1.1131e-05
1.1154e-05
1.1177e-05
1.12e-05
1.1223e-05
1.1247e-05
1.127e-05
1.1293e-05
1.1317e-05
1.134e-05
1.1363e-05
1.1387e-05
1.141e-05
1.1434e-05
1.1457e-05
1.1481e-05
1.1504e-05
1.1528e-05
1.1552e-05
1.1575e-05
1.1599e-05
1.1623e-05
1.1646e-05
1.167e-05
1.1694e-05
1.1718e-05
1.1741e-05
1.1765e-05
1.1789e-05
1.1813e-05
1.1837e-05
1.1861e-05
1.1885e-05
1.1909e-05
1.1933e-05
1.1957e-05
1.1981e-05
1.2005e-05
1.203e-05
1.2054e-05
1.2078e-05
1.2102e-05
1.2126e-05
1.2151e-05
1.2175e-05
1.2199e-05
1.2224e-05
1.2248e-05
1.2273e-05
1.2297e-05
1.2321e-05
1.2346e-05
1.237e-05
1.2395e-05
1.242e-05
1.2444e-05
1.2469e-05
1.2493e-05
1.2518e-05
1.2543e-05
1.2568e-05
1.2592e-05
1.2617e-05
1.2642e-05
1.2667e-05
1.2692e-05
1.2716e-05
1.2741e-05
1.2766e-05
1.2791e-05
1.2816e-05
1.2841e-05
1.2866e-05
1.2891e-05
1.2916e-05
1.2942e-05
1.2967e-05
1.2992e-05
1.3017e-05
1.3042e-05
1.3067e-05
1.3093e-05
1.3118e-05
1.3143e-05
1.3169e-05
1.3194e-05
1.3219e-05
1.3245e-05
1.327e-05
1.3296e-05
1.3321e-05
1.3347e-05
1.3372e-05
1.3398e-05
1.3423e-05
1.3449e-05
1.3474e-05
1.35e-05
1.3526e-05
1.3551e-05
1.3577e-05
1.3603e-05
1.3629e-05
1.3654e-05
1.368e-05
1.3706e-05
1.3732e-05
1.3758e-05
1.3784e-05
1.381e-05
1.3836e-05
1.3862e-05
1.3888e-05
1.3914e-05
1.394e-05
1.3966e-05
1.3992e-05
1.4018e-05
1.4044e-05
1.407e-05
1.4096e-05
1.4123e-05
1.4149e-05
1.4175e-05
1.4201e-05
1.4228e-05
1.4254e-05
1.428e-05
1.4307e-05
1.4333e-05
1.4359e-05
1.4386e-05
1.4412e-05
1.4439e-05
1.4465e-05
1.4492e-05
1.4518e-05
1.4545e-05
1.4572e-05
1.4598e-05
1.4625e-05
1.4651e-05
1.4678e-05
1.4705e-05
1.4731e-05
1.4758e-05
1.4785e-05
1.4812e-05
1.4839e-05
1.4865e-05
1.4892e-05
1.4919e-05
1.4946e-05
1.4973e-05
1.5e-05
1.5027e-05
1.5054e-05
1.5081e-05
1.5108e-05
1.5135e-05
1.5162e-05
1.5189e-05
1.5216e-05
1.5243e-05
1.527e-05
1.5297e-05
1.5325e-05
1.5352e-05
1.5379e-05
1.5406e-05
1.5433e-05
1.5461e-05
1.5488e-05
1.5515e-05
1.5543e-05
1.557e-05
1.5597e-05
1.5625e-05
1.5652e-05
1.568e-05
1.5707e-05
1.5734e-05
1.5762e-05
1.5789e-05
1.5817e-05
1.5844e-05
1.5872e-05
1.59e-05
1.5927e-05
1.5955e-05
1.5982e-05
1.601e-05
1.6038e-05
1.6065e-05
1.6093e-05
1.6121e-05
1.6149e-05
1.6176e-05
1.6204e-05
1.6232e-05
1.626e-05
1.6288e-05
1.6315e-05
1.6343e-05
1.6371e-05
1.6399e-05
1.6427e-05
1.6455e-05
1.6483e-05
1.6511e-05
1.6539e-05
1.6567e-05
1.6595e-05
1.6623e-05
1.6651e-05
1.6679e-05
1.6707e-05
1.6735e-05
1.6763e-05
1.6792e-05
1.682e-05
1.6848e-05
1.6876e-05
1.6904e-05
1.6932e-05
1.6961e-05
1.6989e-05
1.7017e-05
1.7046e-05
1.7074e-05
1.7102e-05
1.713e-05
1.7159e-05
1.7187e-05
1.7216e-05
1.7244e-05
1.7272e-05
1.7301e-05
1.7329e-05
1.7358e-05
1.7386e-05
1.7415e-05
1.7443e-05
1.7472e-05
1.75e-05
1.7529e-05
1.7557e-05
1.7586e-05
1.7614e-05
1.7643e-05
1.7672e-05
1.77e-05
1.7729e-05
1.7757e-05
1.7786e-05
1.7815e-05
1.7843e-05
1.7872e-05
1.7901e-05
1.793e-05
1.7958e-05
1.7987e-05
1.8016e-05
1.8045e-05
1.8073e-05
1.8102e-05
1.8131e-05
1.816e-05
1.8189e-05
1.8218e-05
1.8246e-05
1.8275e-05
1.8304e-05
1.8333e-05
1.8362e-05
1.8391e-05
1.842e-05
1.8449e-05
1.8478e-05
1.8507e-05
1.8536e-05
1.8565e-05
1.8594e-05
1.8623e-05
1.8652e-05
1.8681e-05
1.871e-05
1.8739e-05
1.8768e-05
1.8797e-05
1.8826e-05
1.8855e-05
1.8885e-05
1.8914e-05
1.8943e-05
1.8972e-05
1.9001e-05
1.903e-05
1.9059e-05
1.9089e-05
1.9118e-05
1.9147e-05
1.9176e-05
1.9205e-05
1.9235e-05
1.9264e-05
1.9293e-05
1.9322e-05
1.9352e-05
1.9381e-05
1.941e-05
1.944e-05
1.9469e-05
1.9498e-05
1.9527e-05
1.9557e-05
1.9586e-05
1.9615e-05
1.9645e-05
1.9674e-05
1.9704e-05
1.9733e-05
1.9762e-05
1.9792e-05
1.9821e-05
1.985e-05
1.988e-05
1.9909e-05
1.9939e-05
1.9968e-05
1.9998e-05
2.0027e-05
2.0056e-05
2.0086e-05
2.0115e-05
2.0145e-05
2.0174e-05
2.0204e-05
2.0233e-05
2.0263e-05
2.0292e-05
2.0322e-05
2.0351e-05
2.0381e-05
2.041e-05
2.044e-05
2.0469e-05
2.0499e-05
2.0528e-05
2.0558e-05
2.0588e-05
2.0617e-05
2.0647e-05
2.0676e-05
2.0706e-05
2.0735e-05
2.0765e-05
2.0795e-05
2.0824e-05
2.0854e-05
2.0883e-05
2.0913e-05
2.0943e-05
2.0972e-05
2.1002e-05
2.1031e-05
2.1061e-05
2.1091e-05
2.112e-05
2.115e-05
2.1179e-05
2.1209e-05
2.1239e-05
2.1268e-05
2.1298e-05
2.1328e-05
2.1357e-05
2.1387e-05
2.1416e-05
2.1446e-05
2.1476e-05
2.1505e-05
2.1535e-05
2.1565e-05
2.1594e-05
2.1624e-05
2.1654e-05
2.1683e-05
2.1713e-05
2.1743e-05
2.1772e-05
2.1802e-05
2.1832e-05
2.1861e-05
2.1891e-05
2.192e-05
2.195e-05
2.198e-05
2.2009e-05
2.2039e-05
2.2069e-05
2.2098e-05
2.2128e-05
2.2158e-05
2.2187e-05
2.2217e-05
2.2247e-05
2.2276e-05
2.2306e-05
2.2336e-05
2.2365e-05
2.2395e-05
2.2424e-05
2.2454e-05
2.2484e-05
2.2513e-05
2.2543e-05
2.2573e-05
2.2602e-05
2.2632e-05
2.2661e-05
2.2691e-05
2.2721e-05
2.275e-05
2.278e-05
2.2809e-05
2.2839e-05
2.2869e-05
2.2898e-05
2.2928e-05
2.2957e-05
2.2987e-05
2.3017e-05
2.3046e-05
2.3076e-05
2.3105e-05
2.3135e-05
2.3164e-05
2.3194e-05
2.3223e-05
2.3253e-05
2.3282e-05
2.3312e-05
2.3341e-05
2.3371e-05
2.3401e-05
2.343e-05
2.346e-05
2.3489e-05
2.3518e-05
2.3548e-05
2.3577e-05
2.3607e-05
2.3636e-05
2.3666e-05
2.3695e-05
2.3725e-05
2.3754e-05
2.3784e-05
2.3813e-05
2.3842e-05
2.3872e-05
2.3901e-05
2.3931e-05
2.396e-05
2.3989e-05
2.4019e-05
2.4048e-05
2.4077e-05
2.4107e-05
2.4136e-05
2.4165e-05
2.4195e-05
2.4224e-05
2.4253e-05
2.4282e-05
2.4312e-05
2.4341e-05
2.437e-05
2.4399e-05
2.4429e-05
2.4458e-05
2.4487e-05
2.4516e-05
2.4546e-05
2.4575e-05
2.4604e-05
2.4633e-05
2.4662e-05
2.4691e-05
2.472e-05
2.475e-05
2.4779e-05
2.4808e-05
2.4837e-05
2.4866e-05
2.4895e-05
2.4924e-05
2.4953e-05
2.4982e-05
2.5011e-05
2.504e-05
2.5069e-05
2.5098e-05
2.5127e-05
2.5156e-05
2.5185e-05
2.5214e-05
2.5243e-05
2.5272e-05
2.5301e-05
2.5329e-05
2.5358e-05
2.5387e-05
2.5416e-05
2.5445e-05
2.5474e-05
2.5502e-05
2.5531e-05
2.556e-05
2.5589e-05
2.5617e-05
2.5646e-05
2.5675e-05
2.5703e-05
2.5732e-05
2.5761e-05
2.5789e-05
2.5818e-05
2.5847e-05
2.5875e-05
2.5904e-05
2.5932e-05
2.5961e-05
2.5989e-05
2.6018e-05
2.6046e-05
2.6075e-05
2.6103e-05
2.6132e-05
2.616e-05
2.6189e-05
2.6217e-05
2.6245e-05
2.6274e-05
2.6302e-05
2.633e-05
2.6359e-05
2.6387e-05
2.6415e-05
2.6443e-05
2.6472e-05
2.65e-05
2.6528e-05
2.6556e-05
2.6584e-05
2.6613e-05
2.6641e-05
2.6669e-05
2.6697e-05
2.6725e-05
2.6753e-05
2.6781e-05
2.6809e-05
2.6837e-05
2.6865e-05
2.6893e-05
2.6921e-05
2.6949e-05
2.6976e-05
2.7004e-05
2.7032e-05
2.706e-05
2.7088e-05
2.7115e-05
2.7143e-05
2.7171e-05
2.7199e-05
2.7226e-05
2.7254e-05
2.7282e-05
2.7309e-05
2.7337e-05
2.7364e-05
2.7392e-05
2.7419e-05
2.7447e-05
2.7474e-05
2.7502e-05
2.7529e-05
2.7557e-05
2.7584e-05
2.7612e-05
2.7639e-05
2.7666e-05
2.7693e-05
2.7721e-05
2.7748e-05
2.7775e-05
2.7802e-05
2.783e-05
2.7857e-05
2.7884e-05
2.7911e-05
2.7938e-05
2.7965e-05
2.7992e-05
2.8019e-05
2.8046e-05
2.8073e-05
2.81e-05
2.8127e-05
2.8154e-05
2.818e-05
2.8207e-05
2.8234e-05
2.8261e-05
2.8288e-05
2.8314e-05
2.8341e-05
2.8368e-05
2.8394e-05
2.8421e-05
2.8447e-05
2.8474e-05
2.85e-05
2.8527e-05
2.8553e-05
2.858e-05
2.8606e-05
2.8633e-05
2.8659e-05
2.8685e-05
2.8712e-05
2.8738e-05
2.8764e-05
2.879e-05
2.8816e-05
2.8843e-05
2.8869e-05
2.8895e-05
2.8921e-05
2.8947e-05
2.8973e-05
2.8999e-05
2.9025e-05
2.9051e-05
2.9077e-05
2.9102e-05
2.9128e-05
2.9154e-05
2.918e-05
2.9206e-05
2.9231e-05
2.9257e-05
2.9283e-05
2.9308e-05
2.9334e-05
2.9359e-05
2.9385e-05
2.941e-05
2.9436e-05
2.9461e-05
2.9486e-05
2.9512e-05
2.9537e-05
2.9562e-05
2.9588e-05
2.9613e-05
2.9638e-05
2.9663e-05
2.9688e-05
2.9713e-05
2.9738e-05
2.9763e-05
2.9788e-05
2.9813e-05
2.9838e-05
2.9863e-05
2.9888e-05
2.9913e-05
2.9938e-05
2.9962e-05
2.9987e-05
3.0012e-05
3.0036e-05
3.0061e-05
3.0085e-05
3.011e-05
3.0134e-05
3.0159e-05
3.0183e-05
3.0208e-05
3.0232e-05
3.0256e-05
3.0281e-05
3.0305e-05
3.0329e-05
3.0353e-05
3.0377e-05
3.0402e-05
3.0426e-05
3.045e-05
3.0474e-05
3.0498e-05
3.0521e-05
3.0545e-05
3.0569e-05
3.0593e-05
3.0617e-05
3.064e-05
3.0664e-05
3.0688e-05
3.0711e-05
3.0735e-05
3.0759e-05
3.0782e-05
3.0805e-05
3.0829e-05
3.0852e-05
3.0876e-05
3.0899e-05
3.0922e-05
3.0945e-05
3.0969e-05
3.0992e-05
3.1015e-05
3.1038e-05
3.1061e-05
3.1084e-05
3.1107e-05
3.113e-05
3.1153e-05
3.1175e-05
3.1198e-05
3.1221e-05
3.1244e-05
3.1266e-05
3.1289e-05
3.1311e-05
3.1334e-05
3.1357e-05
3.1379e-05
3.1401e-05
3.1424e-05
3.1446e-05
3.1468e-05
3.1491e-05
3.1513e-05
3.1535e-05
3.1557e-05
3.1579e-05
3.1601e-05
3.1623e-05
3.1645e-05
3.1667e-05
3.1689e-05
3.1711e-05
3.1732e-05
3.1754e-05
3.1776e-05
3.1798e-05
3.1819e-05
3.1841e-05
3.1862e-05
3.1884e-05
3.1905e-05
3.1926e-05
3.1948e-05
3.1969e-05
3.199e-05
3.2012e-05
3.2033e-05
3.2054e-05
3.2075e-05
3.2096e-05
3.2117e-05
3.2138e-05
3.2159e-05
3.2179e-05
3.22e-05
3.2221e-05
3.2242e-05
3.2262e-05
3.2283e-05
3.2304e-05
3.2324e-05
3.2345e-05
3.2365e-05
3.2385e-05
3.2406e-05
3.2426e-05
3.2446e-05
3.2466e-05
3.2486e-05
3.2507e-05
3.2527e-05
3.2547e-05
3.2567e-05
3.2586e-05
3.2606e-05
3.2626e-05
3.2646e-05
3.2666e-05
3.2685e-05
3.2705e-05
3.2724e-05
3.2744e-05
3.2763e-05
3.2783e-05
3.2802e-05
3.2822e-05
3.2841e-05
3.286e-05
3.2879e-05
3.2898e-05
3.2917e-05
3.2936e-05
3.2955e-05
3.2974e-05
3.2993e-05
3.3012e-05
3.3031e-05
3.305e-05
3.3068e-05
3.3087e-05
3.3105e-05
3.3124e-05
3.3142e-05
3.3161e-05
3.3179e-05
3.3198e-05
3.3216e-05
3.3234e-05
3.3252e-05
3.327e-05
3.3288e-05
3.3306e-05
3.3324e-05
3.3342e-05
3.336e-05
3.3378e-05
3.3396e-05
3.3414e-05
3.3431e-05
3.3449e-05
3.3466e-05
3.3484e-05
3.3501e-05
3.3519e-05
3.3536e-05
3.3553e-05
3.3571e-05
3.3588e-05
3.3605e-05
3.3622e-05
3.3639e-05
3.3656e-05
3.3673e-05
3.369e-05
3.3707e-05
3.3723e-05
3.374e-05
3.3757e-05
3.3773e-05
3.379e-05
3.3806e-05
3.3823e-05
3.3839e-05
3.3855e-05
3.3872e-05
3.3888e-05
3.3904e-05
3.392e-05
3.3936e-05
3.3952e-05
3.3968e-05
3.3984e-05
3.4e-05
3.4016e-05
3.4031e-05
3.4047e-05
3.4063e-05
3.4078e-05
3.4094e-05
3.4109e-05
3.4125e-05
3.414e-05
3.4155e-05
3.417e-05
3.4185e-05
3.4201e-05
3.4216e-05
3.4231e-05
3.4246e-05
3.426e-05
3.4275e-05
3.429e-05
3.4305e-05
3.4319e-05
3.4334e-05
3.4349e-05
3.4363e-05
3.4377e-05
3.4392e-05
3.4406e-05
3.442e-05
3.4435e-05
3.4449e-05
3.4463e-05
3.4477e-05
3.4491e-05
3.4505e-05
3.4519e-05
3.4532e-05
3.4546e-05
3.456e-05
3.4573e-05
3.4587e-05
3.4601e-05
3.4614e-05
3.4627e-05
3.4641e-05
3.4654e-05
3.4667e-05
3.468e-05
3.4693e-05
3.4706e-05
3.4719e-05
3.4732e-05
3.4745e-05
3.4758e-05
3.4771e-05
3.4783e-05
3.4796e-05
3.4809e-05
3.4821e-05
3.4834e-05
3.4846e-05
3.4858e-05
3.4871e-05
3.4883e-05
3.4895e-05
3.4907e-05
3.4919e-05
3.4931e-05
3.4943e-05
3.4955e-05
3.4967e-05
3.4978e-05
3.499e-05
3.5001e-05
3.5013e-05
3.5025e-05
3.5036e-05
3.5047e-05
3.5059e-05
3.507e-05
3.5081e-05
3.5092e-05
3.5103e-05
3.5114e-05
3.5125e-05
3.5136e-05
3.5147e-05
3.5158e-05
3.5168e-05
3.5179e-05
3.5189e-05
3.52e-05
3.521e-05
3.5221e-05
3.5231e-05
3.5241e-05
3.5252e-05
3.5262e-05
3.5272e-05
3.5282e-05
3.5292e-05
3.5302e-05
3.5311e-05
3.5321e-05
3.5331e-05
3.5341e-05
3.535e-05
3.536e-05
3.5369e-05
3.5378e-05
3.5388e-05
3.5397e-05
3.5406e-05
3.5415e-05
3.5424e-05
3.5433e-05
3.5442e-05
3.5451e-05
3.546e-05
3.5469e-05
3.5478e-05
3.5486e-05
3.5495e-05
3.5503e-05
3.5512e-05
3.552e-05
3.5528e-05
3.5537e-05
3.5545e-05
3.5553e-05
3.5561e-05
3.5569e-05
3.5577e-05
3.5585e-05
3.5593e-05
3.56e-05
3.5608e-05
3.5616e-05
3.5623e-05
3.5631e-05
3.5638e-05
3.5646e-05
3.5653e-05
3.566e-05
3.5667e-05
3.5674e-05
3.5681e-05
3.5688e-05
3.5695e-05
3.5702e-05
3.5709e-05
3.5716e-05
3.5722e-05
3.5729e-05
3.5735e-05
3.5742e-05
3.5748e-05
3.5755e-05
3.5761e-05
3.5767e-05
3.5773e-05
3.5779e-05
3.5785e-05
3.5791e-05
3.5797e-05
3.5803e-05
3.5809e-05
3.5814e-05
3.582e-05
3.5826e-05
3.5831e-05
3.5837e-05
3.5842e-05
3.5847e-05
3.5852e-05
3.5858e-05
3.5863e-05
3.5868e-05
3.5873e-05
3.5878e-05
3.5882e-05
3.5887e-05
3.5892e-05
3.5897e-05
3.5901e-05
3.5906e-05
3.591e-05
3.5914e-05
3.5919e-05
3.5923e-05
3.5927e-05
3.5931e-05
3.5935e-05
3.5939e-05
3.5943e-05
3.5947e-05
3.5951e-05
3.5955e-05
3.5958e-05
3.5962e-05
3.5965e-05
3.5969e-05
3.5972e-05
3.5976e-05
3.5979e-05
3.5982e-05
3.5985e-05
3.5988e-05
3.5991e-05
3.5994e-05
3.5997e-05
3.6e-05
3.6003e-05
3.6005e-05
3.6008e-05
3.601e-05
3.6013e-05
3.6015e-05
3.6018e-05
3.602e-05
3.6022e-05
3.6024e-05
3.6026e-05
3.6028e-05
3.603e-05
3.6032e-05
3.6034e-05
3.6036e-05
3.6037e-05
3.6039e-05
3.6041e-05
3.6042e-05
3.6044e-05
3.6045e-05
3.6046e-05
3.6047e-05
3.6049e-05
3.605e-05
3.6051e-05
3.6052e-05
3.6052e-05
3.6053e-05
3.6054e-05
3.6055e-05
3.6055e-05
3.6056e-05
3.6056e-05
3.6057e-05
3.6057e-05
3.6057e-05
3.6058e-05
3.6058e-05
3.6058e-05
3.6058e-05
3.6058e-05
3.6058e-05
3.6058e-05
3.6057e-05
3.6057e-05
3.6057e-05
3.6056e-05
3.6056e-05
3.6055e-05
3.6055e-05
3.6054e-05
3.6053e-05
3.6052e-05
3.6051e-05
3.605e-05
3.6049e-05
3.6048e-05
3.6047e-05
3.6046e-05
3.6045e-05
3.6043e-05
3.6042e-05
3.604e-05
3.6039e-05
3.6037e-05
3.6035e-05
3.6034e-05
3.6032e-05
3.603e-05
3.6028e-05
3.6026e-05
3.6024e-05
3.6022e-05
3.6019e-05
3.6017e-05
3.6015e-05
3.6012e-05
3.601e-05
3.6007e-05
3.6005e-05
3.6002e-05
3.5999e-05
3.5996e-05
3.5993e-05
3.5991e-05
3.5988e-05
3.5984e-05
3.5981e-05
3.5978e-05
3.5975e-05
3.5971e-05
3.5968e-05
3.5965e-05
3.5961e-05
3.5957e-05
3.5954e-05
3.595e-05
3.5946e-05
3.5942e-05
3.5938e-05
3.5934e-05
3.593e-05
3.5926e-05
3.5922e-05
3.5918e-05
3.5913e-05
3.5909e-05
3.5904e-05
3.59e-05
3.5895e-05
3.5891e-05
3.5886e-05
3.5881e-05
3.5876e-05
3.5871e-05
3.5866e-05
3.5861e-05
3.5856e-05
3.5851e-05
3.5846e-05
3.584e-05
3.5835e-05
3.583e-05
3.5824e-05
3.5819e-05
3.5813e-05
3.5807e-05
3.5801e-05
3.5796e-05
3.579e-05
3.5784e-05
3.5778e-05
3.5772e-05
3.5766e-05
3.5759e-05
3.5753e-05
3.5747e-05
3.574e-05
3.5734e-05
3.5727e-05
3.5721e-05
3.5714e-05
3.5707e-05
3.57e-05
3.5694e-05
3.5687e-05
3.568e-05
3.5673e-05
3.5665e-05
3.5658e-05
3.5651e-05
3.5644e-05
3.5636e-05
3.5629e-05
3.5621e-05
3.5614e-05
3.5606e-05
3.5598e-05
3.5591e-05
3.5583e-05
3.5575e-05
3.5567e-05
3.5559e-05
3.5551e-05
3.5543e-05
3.5535e-05
3.5526e-05
3.5518e-05
3.551e-05
3.5501e-05
3.5493e-05
3.5484e-05
3.5475e-05
3.5467e-05
3.5458e-05
3.5449e-05
3.544e-05
3.5431e-05
3.5422e-05
3.5413e-05
3.5404e-05
3.5395e-05
3.5385e-05
3.5376e-05
3.5367e-05
3.5357e-05
3.5348e-05
3.5338e-05
3.5328e-05
3.5319e-05
3.5309e-05
3.5299e-05
3.5289e-05
3.5279e-05
3.5269e-05
3.5259e-05
3.5249e-05
3.5239e-05
3.5228e-05
3.5218e-05
3.5208e-05
3.5197e-05
3.5187e-05
3.5176e-05
3.5166e-05
3.5155e-05
3.5144e-05
3.5133e-05
3.5122e-05
3.5111e-05
3.51e-05
3.5089e-05
3.5078e-05
3.5067e-05
3.5056e-05
3.5044e-05
3.5033e-05
3.5022e-05
3.501e-05
3.4999e-05
3.4987e-05
3.4975e-05
3.4963e-05
3.4952e-05
3.494e-05
3.4928e-05
3.4916e-05
3.4904e-05
3.4892e-05
3.488e-05
3.4867e-05
3.4855e-05
3.4843e-05
3.483e-05
3.4818e-05
3.4805e-05
3.4793e-05
3.478e-05
3.4768e-05
3.4755e-05
3.4742e-05
3.4729e-05
3.4716e-05
3.4703e-05
3.469e-05
3.4677e-05
3.4664e-05
3.4651e-05
3.4637e-05
3.4624e-05
3.4611e-05
3.4597e-05
3.4584e-05
3.457e-05
3.4556e-05
3.4543e-05
3.4529e-05
3.4515e-05
3.4501e-05
3.4487e-05
3.4473e-05
3.4459e-05
3.4445e-05
3.4431e-05
3.4417e-05
3.4403e-05
3.4388e-05
3.4374e-05
3.4359e-05
3.4345e-05
3.433e-05
3.4316e-05
3.4301e-05
3.4286e-05
3.4272e-05
3.4257e-05
3.4242e-05
3.4227e-05
3.4212e-05
3.4197e-05
3.4182e-05
3.4166e-05
3.4151e-05
3.4136e-05
3.4121e-05
3.4105e-05
3.409e-05
3.4074e-05
3.4059e-05
3.4043e-05
3.4027e-05
3.4012e-05
3.3996e-05
3.398e-05
3.3964e-05
3.3948e-05
3.3932e-05
3.3916e-05
3.39e-05
3.3884e-05
3.3867e-05
3.3851e-05
3.3835e-05
3.3818e-05
3.3802e-05
3.3786e-05
3.3769e-05
3.3752e-05
3.3736e-05
3.3719e-05
3.3702e-05
3.3685e-05
3.3669e-05
3.3652e-05
3.3635e-05
3.3618e-05
3.36e-05
3.3583e-05
3.3566e-05
3.3549e-05
3.3532e-05
3.3514e-05
3.3497e-05
3.3479e-05
3.3462e-05
3.3444e-05
3.3427e-05
3.3409e-05
3.3391e-05
3.3373e-05
3.3356e-05
3.3338e-05
3.332e-05
3.3302e-05
3.3284e-05
3.3266e-05
3.3248e-05
3.3229e-05
3.3211e-05
3.3193e-05
3.3175e-05
3.3156e-05
3.3138e-05
3.3119e-05
3.3101e-05
3.3082e-05
3.3063e-05
3.3045e-05
3.3026e-05
3.3007e-05
3.2988e-05
3.297e-05
3.2951e-05
3.2932e-05
3.2913e-05
3.2893e-05
3.2874e-05
3.2855e-05
3.2836e-05
3.2817e-05
3.2797e-05
3.2778e-05
3.2758e-05
3.2739e-05
3.2719e-05
3.27e-05
3.268e-05
3.2661e-05
3.2641e-05
3.2621e-05
3.2601e-05
3.2581e-05
3.2561e-05
3.2542e-05
3.2521e-05
3.2501e-05
3.2481e-05
3.2461e-05
3.2441e-05
3.2421e-05
3.24e-05
3.238e-05
3.236e-05
3.2339e-05
3.2319e-05
3.2298e-05
3.2278e-05
3.2257e-05
3.2236e-05
3.2216e-05
3.2195e-05
3.2174e-05
3.2153e-05
3.2132e-05
3.2111e-05
3.209e-05
3.2069e-05
3.2048e-05
3.2027e-05
3.2006e-05
3.1985e-05
3.1964e-05
3.1942e-05
3.1921e-05
3.19e-05
3.1878e-05
3.1857e-05
3.1835e-05
3.1814e-05
3.1792e-05
3.177e-05
3.1749e-05
3.1727e-05
3.1705e-05
3.1683e-05
3.1661e-05
3.1639e-05
3.1618e-05
3.1596e-05
3.1573e-05
3.1551e-05
3.1529e-05
3.1507e-05
3.1485e-05
3.1463e-05
3.144e-05
3.1418e-05
3.1396e-05
3.1373e-05
3.1351e-05
3.1328e-05
3.1306e-05
3.1283e-05
3.126e-05
3.1238e-05
3.1215e-05
3.1192e-05
3.117e-05
3.1147e-05
3.1124e-05
3.1101e-05
3.1078e-05
3.1055e-05
3.1032e-05
3.1009e-05
3.0986e-05
3.0963e-05
3.0939e-05
3.0916e-05
3.0893e-05
3.087e-05
3.0846e-05
3.0823e-05
3.0799e-05
3.0776e-05
3.0753e-05
3.0729e-05
3.0705e-05
3.0682e-05
3.0658e-05
3.0634e-05
3.0611e-05
3.0587e-05
3.0563e-05
3.0539e-05
3.0515e-05
3.0491e-05
3.0467e-05
3.0443e-05
3.0419e-05
3.0395e-05
3.0371e-05
3.0347e-05
3.0323e-05
3.0299e-05
3.0274e-05
3.025e-05
3.0226e-05
3.0202e-05
3.0177e-05
3.0153e-05
3.0128e-05
3.0104e-05
3.0079e-05
3.0055e-05
3.003e-05
3.0005e-05
2.9981e-05
2.9956e-05
2.9931e-05
2.9906e-05
2.9882e-05
2.9857e-05
2.9832e-05
2.9807e-05
2.9782e-05
2.9757e-05
2.9732e-05
2.9707e-05
2.9682e-05
2.9657e-05
2.9632e-05
2.9606e-05
2.9581e-05
2.9556e-05
2.9531e-05
2.9505e-05
2.948e-05
2.9455e-05
2.9429e-05
2.9404e-05
2.9378e-05
2.9353e-05
2.9327e-05
2.9302e-05
2.9276e-05
2.925e-05
2.9225e-05
2.9199e-05
2.9173e-05
2.9147e-05
2.9122e-05
2.9096e-05
2.907e-05
2.9044e-05
2.9018e-05
2.8992e-05
2.8966e-05
2.894e-05
2.8914e-05
2.8888e-05
2.8862e-05
2.8836e-05
2.881e-05
2.8784e-05
2.8757e-05
2.8731e-05
2.8705e-05
2.8679e-05
2.8652e-05
2.8626e-05
2.8599e-05
2.8573e-05
2.8547e-05
2.852e-05
2.8494e-05
2.8467e-05
2.8441e-05
2.8414e-05
2.8387e-05
2.8361e-05
2.8334e-05
2.8307e-05
2.8281e-05
2.8254e-05
2.8227e-05
2.82e-05
2.8174e-05
2.8147e-05
2.812e-05
2.8093e-05
2.8066e-05
2.8039e-05
2.8012e-05
2.7985e-05
2.7958e-05
2.7931e-05
2.7904e-05
2.7877e-05
2.785e-05
2.7823e-05
2.7795e-05
2.7768e-05
2.7741e-05
2.7714e-05
2.7686e-05
2.7659e-05
2.7632e-05
2.7604e-05
2.7577e-05
2.755e-05
2.7522e-05
2.7495e-05
2.7467e-05
2.744e-05
2.7412e-05
2.7385e-05
2.7357e-05
2.733e-05
2.7302e-05
2.7275e-05
2.7247e-05
2.7219e-05
2.7192e-05
2.7164e-05
2.7136e-05
2.7108e-05
2.7081e-05
2.7053e-05
2.7025e-05
2.6997e-05
2.6969e-05
2.6941e-05
2.6914e-05
2.6886e-05
2.6858e-05
2.683e-05
2.6802e-05
2.6774e-05
2.6746e-05
2.6718e-05
2.669e-05
2.6662e-05
2.6633e-05
2.6605e-05
2.6577e-05
2.6549e-05
2.6521e-05
2.6493e-05
2.6464e-05
2.6436e-05
2.6408e-05
2.638e-05
2.6351e-05
2.6323e-05
2.6295e-05
2.6266e-05
2.6238e-05
2.621e-05
2.6181e-05
2.6153e-05
2.6124e-05
2.6096e-05
2.6068e-05
2.6039e-05
2.6011e-05
2.5982e-05
2.5954e-05
2.5925e-05
2.5896e-05
2.5868e-05
2.5839e-05
2.5811e-05
2.5782e-05
2.5753e-05
2.5725e-05
2.5696e-05
2.5667e-05
2.5639e-05
2.561e-05
2.5581e-05
2.5552e-05
2.5524e-05
2.5495e-05
2.5466e-05
2.5437e-05
2.5409e-05
2.538e-05
2.5351e-05
2.5322e-05
2.5293e-05
2.5264e-05
2.5235e-05
2.5206e-05
2.5178e-05
2.5149e-05
2.512e-05
2.5091e-05
2.5062e-05
2.5033e-05
2.5004e-05
2.4975e-05
2.4946e-05
2.4917e-05
2.4888e-05
2.4858e-05
2.4829e-05
2.48e-05
2.4771e-05
2.4742e-05
2.4713e-05
2.4684e-05
2.4655e-05
2.4626e-05
2.4596e-05
2.4567e-05
2.4538e-05
2.4509e-05
2.448e-05
2.445e-05
2.4421e-05
2.4392e-05
2.4363e-05
2.4333e-05
2.4304e-05
2.4275e-05
2.4246e-05
2.4216e-05
2.4187e-05
2.4158e-05
2.4128e-05
2.4099e-05
2.407e-05
2.404e-05
2.4011e-05
2.3982e-05
2.3952e-05
2.3923e-05
2.3894e-05
2.3864e-05
2.3835e-05
2.3805e-05
2.3776e-05
2.3747e-05
2.3717e-05
2.3688e-05
2.3658e-05
2.3629e-05
2.3599e-05
2.357e-05
2.354e-05
2.3511e-05
2.3481e-05
2.3452e-05
2.3422e-05
2.3393e-05
2.3363e-05
2.3334e-05
2.3304e-05
2.3275e-05
2.3245e-05
2.3216e-05
2.3186e-05
2.3157e-05
2.3127e-05
2.3098e-05
2.3068e-05
2.3039e-05
2.3009e-05
2.2979e-05
2.295e-05
2.292e-05
2.2891e-05
2.2861e-05
2.2831e-05
2.2802e-05
2.2772e-05
2.2743e-05
2.2713e-05
2.2683e-05
2.2654e-05
2.2624e-05
2.2595e-05
2.2565e-05
2.2535e-05
2.2506e-05
2.2476e-05
2.2446e-05
2.2417e-05
2.2387e-05
2.2358e-05
2.2328e-05
2.2298e-05
2.2269e-05
2.2239e-05
2.2209e-05
2.218e-05
2.215e-05
2.212e-05
2.2091e-05
2.2061e-05
2.2031e-05
2.2002e-05
2.1972e-05
2.1943e-05
2.1913e-05
2.1883e-05
2.1854e-05
2.1824e-05
2.1794e-05
2.1765e-05
2.1735e-05
2.1705e-05
2.1676e-05
2.1646e-05
2.1616e-05
2.1587e-05
2.1557e-05
2.1527e-05
2.1498e-05
2.1468e-05
2.1438e-05
2.1409e-05
2.1379e-05
2.135e-05
2.132e-05
2.129e-05
2.1261e-05
2.1231e-05
2.1201e-05
2.1172e-05
2.1142e-05
2.1113e-05
2.1083e-05
2.1053e-05
2.1024e-05
2.0994e-05
2.0965e-05
2.0935e-05
2.0905e-05
2.0876e-05
2.0846e-05
2.0817e-05
2.0787e-05
2.0757e-05
2.0728e-05
2.0698e-05
2.0669e-05
2.0639e-05
2.061e-05
2.058e-05
2.055e-05
2.0521e-05
2.0491e-05
2.0462e-05
2.0432e-05
2.0403e-05
2.0373e-05
2.0344e-05
2.0314e-05
2.0285e-05
2.0255e-05
2.0226e-05
2.0196e-05
2.0167e-05
2.0137e-05
2.0108e-05
2.0078e-05
2.0049e-05
2.0019e-05
1.999e-05
1.9961e-05
1.9931e-05
1.9902e-05
1.9872e-05
1.9843e-05
1.9814e-05
1.9784e-05
1.9755e-05
1.9725e-05
1.9696e-05
1.9667e-05
1.9637e-05
1.9608e-05
1.9579e-05
1.9549e-05
1.952e-05
1.9491e-05
1.9461e-05
1.9432e-05
1.9403e-05
1.9373e-05
1.9344e-05
1.9315e-05
1.9286e-05
1.9256e-05
1.9227e-05
1.9198e-05
1.9169e-05
1.9139e-05
1.911e-05
1.9081e-05
1.9052e-05
1.9023e-05
1.8994e-05
1.8964e-05
1.8935e-05
1.8906e-05
1.8877e-05
1.8848e-05
1.8819e-05
1.879e-05
1.8761e-05
1.8732e-05
1.8703e-05
1.8673e-05
1.8644e-05
1.8615e-05
1.8586e-05
1.8557e-05
1.8528e-05
1.8499e-05
1.847e-05
1.8441e-05
1.8413e-05
1.8384e-05
1.8355e-05
1.8326e-05
1.8297e-05
1.8268e-05
1.8239e-05
1.821e-05
1.8181e-05
1.8152e-05
1.8124e-05
1.8095e-05
1.8066e-05
1.8037e-05
1.8008e-05
1.798e-05
1.7951e-05
1.7922e-05
1.7894e-05
1.7865e-05
1.7836e-05
1.7807e-05
1.7779e-05
1.775e-05
1.7721e-05
1.7693e-05
1.7664e-05
1.7636e-05
1.7607e-05
1.7578e-05
1.755e-05
1.7521e-05
1.7493e-05
1.7464e-05
1.7436e-05
1.7407e-05
1.7379e-05
1.735e-05
1.7322e-05
1.7293e-05
1.7265e-05
1.7237e-05
1.7208e-05
1.718e-05
1.7152e-05
1.7123e-05
1.7095e-05
1.7067e-05
1.7038e-05
1.701e-05
1.6982e-05
1.6953e-05
1.6925e-05
1.6897e-05
1.6869e-05
1.6841e-05
1.6812e-05
1.6784e-05
1.6756e-05
1.6728e-05
1.67e-05
1.6672e-05
1.6644e-05
1.6616e-05
1.6588e-05
1.656e-05
1.6532e-05
1.6504e-05
1.6476e-05
1.6448e-05
1.642e-05
1.6392e-05
1.6364e-05
1.6336e-05
1.6308e-05
1.628e-05
1.6253e-05
1.6225e-05
1.6197e-05
1.6169e-05
1.6142e-05
1.6114e-05
1.6086e-05
1.6058e-05
1.6031e-05
1.6003e-05
1.5975e-05
1.5948e-05
1.592e-05
1.5893e-05
1.5865e-05
1.5837e-05
1.581e-05
1.5782e-05
1.5755e-05
1.5727e-05
1.57e-05
1.5672e-05
1.5645e-05
1.5618e-05
1.559e-05
1.5563e-05
1.5536e-05
1.5508e-05
1.5481e-05
1.5454e-05
1.5426e-05
1.5399e-05
1.5372e-05
1.5345e-05
1.5318e-05
1.529e-05
1.5263e-05
1.5236e-05
1.5209e-05
1.5182e-05
1.5155e-05
1.5128e-05
1.5101e-05
1.5074e-05
1.5047e-05
1.502e-05
1.4993e-05
1.4966e-05
1.4939e-05
1.4912e-05
1.4885e-05
1.4858e-05
1.4832e-05
1.4805e-05
1.4778e-05
1.4751e-05
1.4725e-05
1.4698e-05
1.4671e-05
1.4645e-05
1.4618e-05
1.4591e-05
1.4565e-05
1.4538e-05
1.4512e-05
1.4485e-05
1.4459e-05
1.4432e-05
1.4406e-05
1.4379e-05
1.4353e-05
1.4326e-05
1.43e-05
1.4274e-05
1.4247e-05
1.4221e-05
1.4195e-05
1.4168e-05
1.4142e-05
1.4116e-05
1.409e-05
1.4063e-05
1.4037e-05
1.4011e-05
1.3985e-05
1.3959e-05
1.3933e-05
1.3907e-05
1.3881e-05
1.3855e-05
1.3829e-05
1.3803e-05
1.3777e-05
1.3751e-05
1.3725e-05
1.3699e-05
1.3674e-05
1.3648e-05
1.3622e-05
1.3596e-05
1.3571e-05
1.3545e-05
1.3519e-05
1.3493e-05
1.3468e-05
1.3442e-05
1.3417e-05
1.3391e-05
1.3366e-05
1.334e-05
1.3315e-05
1.3289e-05
1.3264e-05
1.3238e-05
1.3213e-05
1.3187e-05
1.3162e-05
1.3137e-05
1.3111e-05
1.3086e-05
1.3061e-05
1.3036e-05
1.301e-05
1.2985e-05
1.296e-05
1.2935e-05
1.291e-05
1.2885e-05
1.286e-05
1.2835e-05
1.281e-05
1.2785e-05
1.276e-05
1.2735e-05
1.271e-05
1.2685e-05
1.266e-05
1.2636e-05
1.2611e-05
1.2586e-05
1.2561e-05
1.2536e-05
1.2512e-05
1.2487e-05
1.2462e-05
1.2438e-05
1.2413e-05
1.2389e-05
1.2364e-05
1.234e-05
1.2315e-05
1.2291e-05
1.2266e-05
1.2242e-05
1.2217e-05
1.2193e-05
1.2169e-05
1.2144e-05
1.212e-05
1.2096e-05
1.2072e-05
1.2048e-05
1.2023e-05
1.1999e-05
1.1975e-05
1.1951e-05
1.1927e-05
1.1903e-05
1.1879e-05
1.1855e-05
1.1831e-05
1.1807e-05
1.1783e-05
1.1759e-05
1.1735e-05
1.1712e-05
1.1688e-05
1.1664e-05
1.164e-05
1.1616e-05
1.1593e-05
1.1569e-05
1.1545e-05
1.1522e-05
1.1498e-05
1.1475e-05
1.1451e-05
1.1428e-05
1.1404e-05
1.1381e-05
1.1357e-05
1.1334e-05
1.1311e-05
1.1287e-05
1.1264e-05
1.1241e-05
1.1217e-05
1.1194e-05
1.1171e-05
1.1148e-05
1.1125e-05
1.1102e-05
1.1078e-05
1.1055e-05
1.1032e-05
1.1009e-05
1.0986e-05
1.0963e-05
1.094e-05
1.0918e-05
1.0895e-05
1.0872e-05
1.0849e-05
1.0826e-05
1.0804e-05
1.0781e-05
1.0758e-05
1.0735e-05
1.0713e-05
1.069e-05
1.0668e-05
1.0645e-05
1.0623e-05
1.06e-05
1.0578e-05
1.0555e-05
1.0533e-05
1.051e-05
1.0488e-05
1.0466e-05
1.0443e-05
1.0421e-05
1.0399e-05
1.0377e-05
1.0354e-05
1.0332e-05
1.031e-05
1.0288e-05
1.0266e-05
1.0244e-05
1.0222e-05
1.02e-05
1.0178e-05
1.0156e-05
1.0134e-05
1.0112e-05
1.009e-05
1.0068e-05
1.0047e-05
1.0025e-05
1.0003e-05
9.9815e-06
9.9598e-06
9.9381e-06
9.9165e-06
9.8949e-06
9.8734e-06
9.8518e-06
9.8303e-06
9.8089e-06
9.7874e-06
9.766e-06
9.7446e-06
9.7233e-06
9.7019e-06
9.6806e-06
9.6594e-06
9.6381e-06
9.6169e-06
9.5957e-06
9.5746e-06
9.5534e-06
9.5324e-06
9.5113e-06
9.4902e-06
9.4692e-06
9.4483e-06
9.4273e-06
9.4064e-06
9.3855e-06
9.3646e-06
9.3438e-06
9.323e-06
9.3022e-06
9.2815e-06
9.2607e-06
9.2401e-06
9.2194e-06
9.1988e-06
9.1782e-06
9.1576e-06
9.1371e-06
9.1165e-06
9.0961e-06
9.0756e-06
9.0552e-06
9.0348e-06
9.0144e-06
8.9941e-06
8.9738e-06
8.9535e-06
8.9333e-06
8.913e-06
8.8929e-06
8.8727e-06
8.8526e-06
8.8325e-06
8.8124e-06
8.7923e-06
8.7723e-06
8.7524e-06
8.7324e-06
8.7125e-06
8.6926e-06
8.6727e-06
8.6529e-06
8.6331e-06
8.6133e-06
8.5935e-06
8.5738e-06
8.5541e-06
8.5345e-06
8.5149e-06
8.4953e-06
8.4757e-06
8.4561e-06
8.4366e-06
8.4172e-06
8.3977e-06
8.3783e-06
8.3589e-06
8.3395e-06
8.3202e-06
8.3009e-06
8.2816e-06
8.2624e-06
8.2431e-06
8.224e-06
8.2048e-06
8.1857e-06
8.1666e-06
8.1475e-06
8.1285e-06
8.1095e-06
8.0905e-06
8.0715e-06
8.0526e-06
8.0337e-06
8.0149e-06
7.996e-06
7.9772e-06
7.9585e-06
7.9397e-06
7.921e-06
7.9023e-06
7.8837e-06
7.8651e-06
7.8465e-06
7.8279e-06
7.8094e-06
7.7909e-06
7.7724e-06
7.7539e-06
7.7355e-06
7.7171e-06
7.6988e-06
7.6804e-06
7.6621e-06
7.6439e-06
7.6256e-06
7.6074e-06
7.5892e-06
7.5711e-06
7.553e-06
7.5349e-06
7.5168e-06
7.4988e-06
7.4808e-06
7.4628e-06
7.4449e-06
7.4269e-06
7.4091e-06
7.3912e-06
7.3734e-06
7.3556e-06
7.3378e-06
7.3201e-06
7.3024e-06
7.2847e-06
7.267e-06
7.2494e-06
7.2318e-06
7.2143e-06
7.1967e-06
7.1792e-06
7.1618e-06
7.1443e-06
7.1269e-06
7.1095e-06
7.0922e-06
7.0748e-06
7.0575e-06
7.0403e-06
7.023e-06
7.0058e-06
6.9886e-06
6.9715e-06
6.9544e-06
6.9373e-06
6.9202e-06
6.9032e-06
6.8862e-06
6.8692e-06
6.8523e-06
6.8353e-06
6.8185e-06
6.8016e-06
6.7848e-06
6.768e-06
6.7512e-06
6.7345e-06
6.7177e-06
6.7011e-06
6.6844e-06
6.6678e-06
6.6512e-06
6.6346e-06
6.6181e-06
6.6016e-06
6.5851e-06
6.5687e-06
6.5522e-06
6.5358e-06
6.5195e-06
6.5031e-06
6.4868e-06
6.4706e-06
6.4543e-06
6.4381e-06
6.4219e-06
6.4058e-06
6.3896e-06
6.3735e-06
6.3574e-06
6.3414e-06
6.3254e-06
6.3094e-06
6.2934e-06
6.2775e-06
6.2616e-06
6.2457e-06
6.2299e-06
6.2141e-06
6.1983e-06
6.1825e-06
6.1668e-06
6.1511e-06
6.1354e-06
6.1198e-06
6.1042e-06
6.0886e-06
6.0731e-06
6.0575e-06
6.042e-06
6.0266e-06
6.0111e-06
5.9957e-06
5.9803e-06
5.965e-06
5.9496e-06
5.9343e-06
5.9191e-06
5.9038e-06
5.8886e-06
5.8734e-06
5.8583e-06
5.8431e-06
5.828e-06
5.813e-06
5.7979e-06
5.7829e-06
5.7679e-06
5.753e-06
5.738e-06
5.7231e-06
5.7083e-06
5.6934e-06
5.6786e-06
5.6638e-06
5.649e-06
5.6343e-06
5.6196e-06
5.6049e-06
5.5903e-06
5.5757e-06
5.5611e-06
5.5465e-06
5.532e-06
5.5175e-06
5.503e-06
5.4885e-06
5.4741e-06
5.4597e-06
5.4453e-06
5.431e-06
5.4167e-06
5.4024e-06
5.3881e-06
5.3739e-06
5.3597e-06
5.3455e-06
5.3314e-06
5.3173e-06
5.3032e-06
5.2891e-06
5.2751e-06
5.2611e-06
5.2471e-06
5.2331e-06
5.2192e-06
5.2053e-06
5.1914e-06
5.1776e-06
5.1638e-06
5.15e-06
5.1362e-06
5.1225e-06
5.1088e-06
5.0951e-06
5.0814e-06
5.0678e-06
5.0542e-06
5.0406e-06
5.0271e-06
5.0136e-06
5.0001e-06
4.9866e-06
4.9732e-06
4.9598e-06
4.9464e-06
4.9331e-06
4.9197e-06
4.9064e-06
4.8932e-06
4.8799e-06
4.8667e-06
4.8535e-06
4.8403e-06
4.8272e-06
4.8141e-06
4.801e-06
4.7879e-06
4.7749e-06
4.7619e-06
4.7489e-06
4.736e-06
4.7231e-06
4.7102e-06
4.6973e-06
4.6844e-06
4.6716e-06
4.6588e-06
4.6461e-06
4.6333e-06
4.6206e-06
4.6079e-06
4.5953e-06
4.5826e-06
4.57e-06
4.5574e-06
4.5449e-06
4.5324e-06
4.5199e-06
4.5074e-06
4.4949e-06
4.4825e-06
4.4701e-06
4.4577e-06
4.4454e-06
4.4331e-06
4.4208e-06
4.4085e-06
4.3963e-06
4.3841e-06
4.3719e-06
4.3597e-06
4.3476e-06
4.3355e-06
4.3234e-06
4.3113e-06
4.2993e-06
4.2873e-06
4.2753e-06
4.2633e-06
4.2514e-06
4.2395e-06
4.2276e-06
4.2158e-06
4.2039e-06
4.1921e-06
4.1803e-06
4.1686e-06
4.1569e-06
4.1452e-06
4.1335e-06
4.1218e-06
4.1102e-06
4.0986e-06
4.087e-06
4.0755e-06
4.064e-06
4.0525e-06
4.041e-06
4.0295e-06
4.0181e-06
4.0067e-06
3.9953e-06
3.984e-06
3.9727e-06
3.9614e-06
3.9501e-06
3.9388e-06
3.9276e-06
3.9164e-06
3.9052e-06
3.8941e-06
3.8829e-06
3.8718e-06
3.8608e-06
3.8497e-06
3.8387e-06
3.8277e-06
3.8167e-06
3.8057e-06
3.7948e-06
3.7839e-06
3.773e-06
3.7622e-06
3.7513e-06
3.7405e-06
3.7297e-06
3.719e-06
3.7083e-06
3.6975e-06
3.6869e-06
3.6762e-06
3.6655e-06
3.6549e-06
3.6443e-06
3.6338e-06
3.6232e-06
3.6127e-06
3.6022e-06
3.5917e-06
3.5813e-06
3.5709e-06
3.5605e-06
3.5501e-06
3.5398e-06
3.5294e-06
3.5191e-06
3.5088e-06
3.4986e-06
3.4883e-06
3.4781e-06
3.4679e-06
3.4578e-06
3.4476e-06
3.4375e-06
3.4274e-06
3.4174e-06
3.4073e-06
3.3973e-06
3.3873e-06
3.3773e-06
3.3674e-06
3.3574e-06
3.3475e-06
3.3376e-06
3.3278e-06
3.3179e-06
3.3081e-06
3.2983e-06
3.2886e-06
3.2788e-06
3.2691e-06
3.2594e-06
3.2497e-06
3.2401e-06
3.2304e-06
3.2208e-06
3.2112e-06
3.2017e-06
3.1921e-06
3.1826e-06
3.1731e-06
3.1636e-06
3.1542e-06
3.1448e-06
3.1354e-06
3.126e-06
3.1166e-06
3.1073e-06
3.098e-06
3.0887e-06
3.0794e-06
3.0701e-06
3.0609e-06
3.0517e-06
3.0425e-06
3.0334e-06
3.0242e-06
3.0151e-06
3.006e-06
2.9969e-06
2.9879e-06
2.9788e-06
2.9698e-06
2.9608e-06
2.9519e-06
2.9429e-06
2.934e-06
2.9251e-06
2.9162e-06
2.9074e-06
2.8985e-06
2.8897e-06
2.8809e-06
2.8722e-06
2.8634e-06
2.8547e-06
2.846e-06
2.8373e-06
2.8286e-06
2.82e-06
2.8114e-06
2.8028e-06
2.7942e-06
2.7856e-06
2.7771e-06
2.7686e-06
2.7601e-06
2.7516e-06
2.7432e-06
2.7347e-06
2.7263e-06
2.7179e-06
2.7096e-06
2.7012e-06
2.6929e-06
2.6846e-06
2.6763e-06
2.668e-06
2.6598e-06
2.6516e-06
2.6434e-06
2.6352e-06
2.627e-06
2.6189e-06
2.6108e-06
2.6027e-06
2.5946e-06
2.5865e-06
2.5785e-06
2.5705e-06
2.5625e-06
2.5545e-06
2.5465e-06
2.5386e-06
2.5307e-06
2.5228e-06
2.5149e-06
2.507e-06
2.4992e-06
2.4914e-06
2.4836e-06
2.4758e-06
2.468e-06
2.4603e-06
2.4526e-06
2.4449e-06
2.4372e-06
2.4295e-06
2.4219e-06
2.4143e-06
2.4067e-06
2.3991e-06
2.3915e-06
2.384e-06
2.3764e-06
2.3689e-06
2.3615e-06
2.354e-06
2.3465e-06
2.3391e-06
2.3317e-06
2.3243e-06
2.317e-06
2.3096e-06
2.3023e-06
2.295e-06
2.2877e-06
2.2804e-06
2.2731e-06
2.2659e-06
2.2587e-06
2.2515e-06
2.2443e-06
2.2371e-06
2.23e-06
2.2229e-06
2.2158e-06
2.2087e-06
2.2016e-06
2.1946e-06
2.1875e-06
2.1805e-06
2.1735e-06
2.1665e-06
2.1596e-06
2.1527e-06
2.1457e-06
2.1388e-06
2.1319e-06
2.1251e-06
2.1182e-06
2.1114e-06
2.1046e-06
2.0978e-06
2.091e-06
2.0843e-06
2.0775e-06
2.0708e-06
2.0641e-06
2.0574e-06
2.0508e-06
2.0441e-06
2.0375e-06
2.0309e-06
2.0243e-06
2.0177e-06
2.0111e-06
2.0046e-06
1.9981e-06
1.9916e-06
1.9851e-06
1.9786e-06
1.9721e-06
1.9657e-06
1.9593e-06
1.9529e-06
1.9465e-06
1.9401e-06
1.9338e-06
1.9274e-06
1.9211e-06
1.9148e-06
1.9085e-06
1.9023e-06
1.896e-06
1.8898e-06
1.8836e-06
1.8774e-06
1.8712e-06
1.865e-06
1.8589e-06
1.8528e-06
1.8467e-06
1.8406e-06
1.8345e-06
1.8284e-06
1.8224e-06
1.8163e-06
1.8103e-06
1.8043e-06
1.7984e-06
1.7924e-06
1.7865e-06
1.7805e-06
1.7746e-06
1.7687e-06
1.7628e-06
1.757e-06
1.7511e-06
1.7453e-06
1.7395e-06
1.7337e-06
1.7279e-06
1.7221e-06
1.7164e-06
1.7106e-06
1.7049e-06
1.6992e-06
1.6935e-06
1.6879e-06
1.6822e-06
1.6766e-06
1.6709e-06
1.6653e-06
1.6597e-06
1.6542e-06
1.6486e-06
1.6431e-06
1.6375e-06
1.632e-06
1.6265e-06
1.621e-06
1.6156e-06
1.6101e-06
1.6047e-06
1.5993e-06
1.5939e-06
1.5885e-06
1.5831e-06
1.5777e-06
1.5724e-06
1.5671e-06
1.5618e-06
1.5565e-06
1.5512e-06
1.5459e-06
1.5407e-06
1.5354e-06
1.5302e-06
1.525e-06
1.5198e-06
1.5146e-06
1.5095e-06
1.5043e-06
1.4992e-06
1.4941e-06
1.4889e-06
1.4839e-06
1.4788e-06
1.4737e-06
1.4687e-06
1.4636e-06
1.4586e-06
1.4536e-06
1.4486e-06
1.4437e-06
1.4387e-06
1.4338e-06
1.4288e-06
1.4239e-06
1.419e-06
1.4141e-06
1.4093e-06
1.4044e-06
1.3996e-06
1.3947e-06
1.3899e-06
1.3851e-06
1.3803e-06
1.3755e-06
1.3708e-06
1.366e-06
1.3613e-06
1.3566e-06
1.3519e-06
1.3472e-06
1.3425e-06
1.3379e-06
1.3332e-06
1.3286e-06
1.324e-06
1.3193e-06
1.3148e-06
1.3102e-06
1.3056e-06
1.3011e-06
1.2965e-06
1.292e-06
1.2875e-06
1.283e-06
1.2785e-06
1.274e-06
1.2696e-06
1.2651e-06
1.2607e-06
1.2563e-06
1.2518e-06
1.2475e-06
1.2431e-06
1.2387e-06
1.2344e-06
1.23e-06
1.2257e-06
1.2214e-06
1.2171e-06
1.2128e-06
1.2085e-06
1.2042e-06
1.2e-06
1.1957e-06
1.1915e-06
1.1873e-06
1.1831e-06
1.1789e-06
1.1747e-06
1.1706e-06
1.1664e-06
1.1623e-06
1.1582e-06
1.1541e-06
1.15e-06
1.1459e-06
1.1418e-06
1.1377e-06
1.1337e-06
1.1297e-06
1.1256e-06
1.1216e-06
1.1176e-06
1.1136e-06
1.1097e-06
1.1057e-06
1.1017e-06
1.0978e-06
1.0939e-06
1.09e-06
1.0861e-06
1.0822e-06
1.0783e-06
1.0744e-06
1.0706e-06
1.0667e-06
1.0629e-06
1.0591e-06
1.0553e-06
1.0515e-06
1.0477e-06
1.0439e-06
1.0401e-06
1.0364e-06
1.0327e-06
1.0289e-06
1.0252e-06
1.0215e-06
1.0178e-06
1.0141e-06
1.0105e-06
1.0068e-06
1.0032e-06
9.9953e-07
9.9591e-07
9.9229e-07
9.8869e-07
9.851e-07
9.8153e-07
9.7796e-07
9.744e-07
9.7086e-07
9.6732e-07
9.638e-07
9.6029e-07
9.5679e-07
9.533e-07
9.4982e-07
9.4635e-07
9.429e-07
9.3945e-07
9.3602e-07
9.3259e-07
9.2918e-07
9.2578e-07
9.2239e-07
9.19e-07
9.1563e-07
9.1228e-07
9.0893e-07
9.0559e-07
9.0226e-07
8.9894e-07
8.9564e-07
8.9234e-07
8.8906e-07
8.8578e-07
8.8252e-07
8.7926e-07
8.7602e-07
8.7278e-07
8.6956e-07
8.6635e-07
8.6315e-07
8.5995e-07
8.5677e-07
8.536e-07
8.5044e-07
8.4729e-07
8.4415e-07
8.4101e-07
8.3789e-07
8.3478e-07
8.3168e-07
8.2859e-07
8.2551e-07
8.2244e-07
8.1938e-07
8.1633e-07
8.1328e-07
8.1025e-07
8.0723e-07
8.0422e-07
8.0122e-07
7.9822e-07
7.9524e-07
7.9227e-07
7.893e-07
7.8635e-07
7.8341e-07
7.8047e-07
7.7755e-07
7.7463e-07
7.7172e-07
7.6883e-07
7.6594e-07
7.6306e-07
7.602e-07
7.5734e-07
7.5449e-07
7.5165e-07
7.4882e-07
7.4599e-07
7.4318e-07
7.4038e-07
7.3759e-07
7.348e-07
7.3203e-07
7.2926e-07
7.265e-07
7.2375e-07
7.2102e-07
7.1829e-07
7.1556e-07
7.1285e-07
7.1015e-07
7.0746e-07
7.0477e-07
7.0209e-07
6.9943e-07
6.9677e-07
6.9412e-07
6.9148e-07
6.8885e-07
6.8622e-07
6.8361e-07
6.81e-07
6.7841e-07
6.7582e-07
6.7324e-07
6.7067e-07
6.681e-07
6.6555e-07
6.63e-07
6.6047e-07
6.5794e-07
6.5542e-07
6.5291e-07
6.504e-07
6.4791e-07
6.4542e-07
6.4294e-07
6.4047e-07
6.3801e-07
6.3556e-07
6.3312e-07
6.3068e-07
6.2825e-07
6.2583e-07
6.2342e-07
6.2101e-07
6.1862e-07
6.1623e-07
6.1385e-07
6.1148e-07
6.0912e-07
6.0676e-07
6.0441e-07
6.0207e-07
5.9974e-07
5.9742e-07
5.951e-07
5.928e-07
5.905e-07
5.882e-07
5.8592e-07
5.8364e-07
5.8138e-07
5.7911e-07
5.7686e-07
5.7462e-07
5.7238e-07
5.7015e-07
5.6793e-07
5.6571e-07
5.635e-07
5.613e-07
5.5911e-07
5.5693e-07
5.5475e-07
5.5258e-07
5.5042e-07
5.4826e-07
5.4612e-07
5.4398e-07
5.4185e-07
5.3972e-07
5.376e-07
5.3549e-07
5.3339e-07
5.3129e-07
5.2921e-07
5.2712e-07
5.2505e-07
5.2298e-07
5.2092e-07
5.1887e-07
5.1683e-07
5.1479e-07
5.1276e-07
5.1073e-07
5.0872e-07
5.0671e-07
5.047e-07
5.0271e-07
5.0072e-07
4.9874e-07
4.9676e-07
4.9479e-07
4.9283e-07
4.9088e-07
4.8893e-07
4.8699e-07
4.8505e-07
4.8313e-07
4.8121e-07
4.7929e-07
4.7739e-07
4.7549e-07
4.7359e-07
4.7171e-07
4.6983e-07
4.6795e-07
4.6609e-07
4.6422e-07
4.6237e-07
4.6052e-07
4.5868e-07
4.5685e-07
4.5502e-07
4.532e-07
4.5139e-07
4.4958e-07
4.4778e-07
4.4598e-07
4.4419e-07
4.4241e-07
4.4063e-07
4.3886e-07
4.371e-07
4.3534e-07
4.3359e-07
4.3184e-07
4.3011e-07
4.2837e-07
4.2665e-07
4.2493e-07
4.2321e-07
4.2151e-07
4.198e-07
4.1811e-07
4.1642e-07
4.1474e-07
4.1306e-07
4.1139e-07
4.0972e-07
4.0806e-07
4.0641e-07
4.0476e-07
4.0312e-07
4.0148e-07
3.9985e-07
3.9823e-07
3.9661e-07
3.95e-07
3.9339e-07
3.9179e-07
3.902e-07
3.8861e-07
3.8703e-07
3.8545e-07
3.8388e-07
3.8231e-07
3.8075e-07
3.792e-07
3.7765e-07
3.7611e-07
3.7457e-07
3.7304e-07
3.7151e-07
3.6999e-07
3.6847e-07
3.6696e-07
3.6546e-07
3.6396e-07
3.6247e-07
3.6098e-07
3.595e-07
3.5802e-07
3.5655e-07
3.5508e-07
3.5362e-07
3.5217e-07
3.5072e-07
3.4927e-07
3.4783e-07
3.464e-07
3.4497e-07
3.4354e-07
3.4213e-07
3.4071e-07
3.3931e-07
3.379e-07
3.3651e-07
3.3511e-07
3.3373e-07
3.3234e-07
3.3097e-07
3.2959e-07
3.2823e-07
3.2687e-07
3.2551e-07
3.2416e-07
3.2281e-07
3.2147e-07
3.2013e-07
3.188e-07
3.1747e-07
3.1615e-07
3.1484e-07
3.1352e-07
3.1222e-07
3.1091e-07
3.0962e-07
3.0832e-07
3.0704e-07
3.0575e-07
3.0448e-07
3.032e-07
3.0193e-07
3.0067e-07
2.9941e-07
2.9816e-07
2.9691e-07
2.9566e-07
2.9442e-07
2.9319e-07
2.9196e-07
2.9073e-07
2.8951e-07
2.8829e-07
2.8708e-07
2.8587e-07
2.8467e-07
2.8347e-07
2.8228e-07
2.8109e-07
2.799e-07
2.7872e-07
2.7754e-07
2.7637e-07
2.752e-07
2.7404e-07
2.7288e-07
2.7173e-07
2.7058e-07
2.6943e-07
2.6829e-07
2.6716e-07
2.6602e-07
2.649e-07
2.6377e-07
2.6265e-07
2.6154e-07
2.6043e-07
2.5932e-07
2.5822e-07
2.5712e-07
2.5602e-07
2.5493e-07
2.5385e-07
2.5277e-07
2.5169e-07
2.5062e-07
2.4955e-07
2.4848e-07
2.4742e-07
2.4637e-07
2.4531e-07
2.4426e-07
2.4322e-07
2.4218e-07
2.4114e-07
2.4011e-07
2.3908e-07
2.3806e-07
2.3703e-07
2.3602e-07
2.3501e-07
2.34e-07
2.3299e-07
2.3199e-07
2.3099e-07
2.3e-07
2.2901e-07
2.2802e-07
2.2704e-07
2.2606e-07
2.2509e-07
2.2412e-07
2.2315e-07
2.2219e-07
2.2123e-07
2.2027e-07
2.1932e-07
2.1837e-07
2.1743e-07
2.1649e-07
2.1555e-07
2.1462e-07
2.1369e-07
2.1276e-07
2.1184e-07
2.1092e-07
2.1001e-07
2.091e-07
2.0819e-07
2.0728e-07
2.0638e-07
2.0548e-07
2.0459e-07
2.037e-07
2.0281e-07
2.0193e-07
2.0105e-07
2.0017e-07
1.993e-07
1.9843e-07
1.9757e-07
1.967e-07
1.9584e-07
1.9499e-07
1.9413e-07
1.9329e-07
1.9244e-07
1.916e-07
1.9076e-07
1.8992e-07
1.8909e-07
1.8826e-07
1.8744e-07
1.8661e-07
1.8579e-07
1.8498e-07
1.8416e-07
1.8335e-07
1.8255e-07
1.8175e-07
1.8095e-07
1.8015e-07
1.7936e-07
1.7856e-07
1.7778e-07
1.7699e-07
1.7621e-07
1.7543e-07
1.7466e-07
1.7389e-07
1.7312e-07
1.7235e-07
1.7159e-07
1.7083e-07
1.7008e-07
1.6932e-07
1.6857e-07
1.6783e-07
1.6708e-07
1.6634e-07
1.656e-07
1.6487e-07
1.6413e-07
1.6341e-07
1.6268e-07
1.6196e-07
1.6123e-07
1.6052e-07
1.598e-07
1.5909e-07
1.5838e-07
1.5768e-07
1.5697e-07
1.5627e-07
1.5557e-07
1.5488e-07
1.5419e-07
1.535e-07
1.5281e-07
1.5213e-07
1.5145e-07
1.5077e-07
1.501e-07
1.4942e-07
1.4875e-07
1.4809e-07
1.4742e-07
1.4676e-07
1.461e-07
1.4545e-07
1.4479e-07
1.4414e-07
1.4349e-07
1.4285e-07
1.422e-07
1.4156e-07
1.4093e-07
1.4029e-07
1.3966e-07
1.3903e-07
1.384e-07
1.3778e-07
1.3716e-07
1.3654e-07
1.3592e-07
1.353e-07
1.3469e-07
1.3408e-07
1.3348e-07
1.3287e-07
1.3227e-07
1.3167e-07
1.3107e-07
1.3048e-07
1.2989e-07
1.293e-07
1.2871e-07
1.2813e-07
1.2754e-07
1.2696e-07
1.2639e-07
1.2581e-07
1.2524e-07
1.2467e-07
1.241e-07
1.2354e-07
1.2297e-07
1.2241e-07
1.2185e-07
1.213e-07
1.2074e-07
1.2019e-07
1.1964e-07
1.191e-07
1.1855e-07
1.1801e-07
1.1747e-07
1.1693e-07
1.164e-07
1.1586e-07
1.1533e-07
1.148e-07
1.1427e-07
1.1375e-07
1.1323e-07
1.1271e-07
1.1219e-07
1.1167e-07
1.1116e-07
1.1065e-07
1.1014e-07
1.0963e-07
1.0913e-07
1.0862e-07
1.0812e-07
1.0763e-07
1.0713e-07
1.0663e-07
1.0614e-07
1.0565e-07
1.0516e-07
1.0468e-07
1.0419e-07
1.0371e-07
1.0323e-07
1.0275e-07
1.0228e-07
1.018e-07
1.0133e-07
1.0086e-07
1.0039e-07
9.9928e-08
9.9464e-08
9.9002e-08
9.8542e-08
9.8084e-08
9.7628e-08
9.7173e-08
9.6721e-08
9.6271e-08
9.5823e-08
9.5376e-08
9.4931e-08
9.4489e-08
9.4048e-08
9.3609e-08
9.3172e-08
9.2737e-08
9.2304e-08
9.1872e-08
9.1443e-08
9.1015e-08
9.0589e-08
9.0165e-08
8.9743e-08
8.9322e-08
8.8904e-08
8.8487e-08
8.8072e-08
8.7658e-08
8.7247e-08
8.6837e-08
8.6429e-08
8.6023e-08
8.5619e-08
8.5216e-08
8.4815e-08
8.4416e-08
8.4018e-08
8.3623e-08
8.3228e-08
8.2836e-08
8.2445e-08
8.2056e-08
8.1669e-08
8.1284e-08
8.09e-08
8.0517e-08
8.0137e-08
7.9758e-08
7.938e-08
7.9005e-08
7.8631e-08
7.8258e-08
7.7888e-08
7.7518e-08
7.7151e-08
7.6785e-08
7.642e-08
7.6058e-08
7.5696e-08
7.5337e-08
7.4979e-08
7.4622e-08
7.4267e-08
7.3914e-08
7.3562e-08
7.3212e-08
7.2863e-08
7.2516e-08
7.217e-08
7.1826e-08
7.1483e-08
7.1142e-08
7.0802e-08
7.0464e-08
7.0128e-08
6.9792e-08
6.9459e-08
6.9126e-08
6.8795e-08
6.8466e-08
6.8138e-08
6.7812e-08
6.7487e-08
6.7163e-08
6.6841e-08
6.652e-08
6.6201e-08
6.5883e-08
6.5567e-08
6.5251e-08
6.4938e-08
6.4625e-08
6.4314e-08
6.4005e-08
6.3697e-08
6.339e-08
6.3084e-08
6.278e-08
6.2478e-08
6.2176e-08
6.1876e-08
6.1577e-08
6.128e-08
6.0984e-08
6.0689e-08
6.0396e-08
6.0104e-08
5.9813e-08
5.9523e-08
5.9235e-08
5.8948e-08
5.8663e-08
5.8378e-08
5.8095e-08
5.7813e-08
5.7533e-08
5.7253e-08
5.6975e-08
5.6698e-08
5.6423e-08
5.6148e-08
5.5875e-08
5.5603e-08
5.5333e-08
5.5063e-08
5.4795e-08
5.4528e-08
5.4262e-08
5.3997e-08
5.3734e-08
5.3472e-08
5.3211e-08
5.2951e-08
5.2692e-08
5.2434e-08
5.2178e-08
5.1923e-08
5.1669e-08
5.1416e-08
5.1164e-08
5.0913e-08
5.0664e-08
5.0415e-08
5.0168e-08
4.9922e-08
4.9677e-08
4.9433e-08
4.919e-08
4.8949e-08
4.8708e-08
4.8468e-08
4.823e-08
4.7993e-08
4.7756e-08
4.7521e-08
4.7287e-08
4.7054e-08
4.6822e-08
4.6591e-08
4.6361e-08
4.6132e-08
4.5905e-08
4.5678e-08
4.5452e-08
4.5228e-08
4.5004e-08
4.4781e-08
4.456e-08
4.4339e-08
4.412e-08
4.3901e-08
4.3683e-08
4.3467e-08
4.3251e-08
4.3037e-08
4.2823e-08
4.2611e-08
4.2399e-08
4.2188e-08
4.1979e-08
4.177e-08
4.1562e-08
4.1355e-08
4.1149e-08
4.0944e-08
4.074e-08
4.0537e-08
4.0335e-08
4.0134e-08
3.9934e-08
3.9735e-08
3.9536e-08
3.9339e-08
3.9142e-08
3.8947e-08
3.8752e-08
3.8558e-08
3.8365e-08
3.8173e-08
3.7982e-08
3.7792e-08
3.7603e-08
3.7414e-08
3.7226e-08
3.704e-08
3.6854e-08
3.6669e-08
3.6485e-08
3.6301e-08
3.6119e-08
3.5937e-08
3.5757e-08
3.5577e-08
3.5398e-08
3.522e-08
3.5042e-08
3.4866e-08
3.469e-08
3.4515e-08
3.4341e-08
3.4168e-08
3.3995e-08
3.3824e-08
3.3653e-08
3.3483e-08
3.3313e-08
3.3145e-08
3.2977e-08
3.2811e-08
3.2644e-08
3.2479e-08
3.2315e-08
3.2151e-08
3.1988e-08
3.1826e-08
3.1664e-08
3.1504e-08
3.1344e-08
3.1184e-08
3.1026e-08
3.0868e-08
3.0711e-08
3.0555e-08
3.04e-08
3.0245e-08
3.0091e-08
2.9938e-08
2.9785e-08
2.9633e-08
2.9482e-08
2.9332e-08
2.9182e-08
2.9033e-08
2.8885e-08
2.8738e-08
2.8591e-08
2.8445e-08
2.8299e-08
2.8155e-08
2.801e-08
2.7867e-08
2.7724e-08
2.7582e-08
2.7441e-08
2.73e-08
2.716e-08
2.7021e-08
2.6882e-08
2.6744e-08
2.6607e-08
2.647e-08
2.6334e-08
2.6199e-08
2.6064e-08
2.593e-08
2.5797e-08
2.5664e-08
2.5532e-08
2.54e-08
2.5269e-08
2.5139e-08
2.501e-08
2.488e-08
2.4752e-08
2.4624e-08
2.4497e-08
2.4371e-08
2.4245e-08
2.4119e-08
2.3995e-08
2.387e-08
2.3747e-08
2.3624e-08
2.3502e-08
2.338e-08
2.3259e-08
2.3138e-08
2.3018e-08
2.2899e-08
2.278e-08
2.2662e-08
2.2544e-08
2.2427e-08
2.231e-08
2.2194e-08
2.2079e-08
2.1964e-08
2.185e-08
2.1736e-08
2.1623e-08
2.151e-08
2.1398e-08
2.1286e-08
2.1175e-08
2.1065e-08
2.0955e-08
2.0845e-08
2.0737e-08
2.0628e-08
2.052e-08
2.0413e-08
2.0306e-08
2.02e-08
2.0094e-08
1.9989e-08
1.9885e-08
1.978e-08
1.9677e-08
1.9574e-08
1.9471e-08
1.9369e-08
1.9267e-08
1.9166e-08
1.9065e-08
1.8965e-08
1.8865e-08
1.8766e-08
1.8668e-08
1.8569e-08
1.8472e-08
1.8374e-08
1.8278e-08
1.8181e-08
1.8085e-08
1.799e-08
1.7895e-08
1.7801e-08
1.7707e-08
1.7613e-08
1.752e-08
1.7428e-08
1.7336e-08
1.7244e-08
1.7153e-08
1.7062e-08
1.6972e-08
1.6882e-08
1.6793e-08
1.6704e-08
1.6615e-08
1.6527e-08
1.6439e-08
1.6352e-08
1.6265e-08
1.6179e-08
1.6093e-08
1.6008e-08
1.5922e-08
1.5838e-08
1.5754e-08
1.567e-08
1.5586e-08
1.5503e-08
1.5421e-08
1.5339e-08
1.5257e-08
1.5176e-08
1.5095e-08
1.5014e-08
1.4934e-08
1.4854e-08
1.4775e-08
1.4696e-08
1.4618e-08
1.4539e-08
1.4462e-08
1.4384e-08
1.4307e-08
1.4231e-08
1.4155e-08
1.4079e-08
1.4003e-08
1.3928e-08
1.3854e-08
1.3779e-08
1.3705e-08
1.3632e-08
1.3559e-08
1.3486e-08
1.3413e-08
1.3341e-08
1.327e-08
1.3198e-08
1.3127e-08
1.3057e-08
1.2986e-08
1.2916e-08
1.2847e-08
1.2777e-08
1.2709e-08
1.264e-08
1.2572e-08
1.2504e-08
1.2437e-08
1.2369e-08
1.2303e-08
1.2236e-08
1.217e-08
1.2104e-08
1.2039e-08
1.1974e-08
1.1909e-08
1.1844e-08
1.178e-08
1.1716e-08
1.1653e-08
1.159e-08
1.1527e-08
1.1464e-08
1.1402e-08
1.134e-08
1.1278e-08
1.1217e-08
1.1156e-08
1.1096e-08
1.1035e-08
1.0975e-08
1.0915e-08
1.0856e-08
1.0797e-08
1.0738e-08
1.068e-08
1.0621e-08
1.0563e-08
1.0506e-08
1.0448e-08
1.0391e-08
1.0335e-08
1.0278e-08
1.0222e-08
1.0166e-08
1.0111e-08
1.0055e-08
1e-08
9.9456e-09
9.8911e-09
9.8369e-09
9.783e-09
9.7294e-09
9.6761e-09
9.623e-09
9.5702e-09
9.5177e-09
9.4654e-09
9.4135e-09
9.3618e-09
9.3103e-09
9.2591e-09
9.2082e-09
9.1576e-09
9.1072e-09
9.057e-09
9.0072e-09
8.9576e-09
8.9082e-09
8.8591e-09
8.8103e-09
8.7617e-09
8.7133e-09
8.6652e-09
8.6174e-09
8.5698e-09
8.5225e-09
8.4754e-09
8.4285e-09
8.3819e-09
8.3355e-09
8.2894e-09
8.2435e-09
8.1979e-09
8.1525e-09
8.1073e-09
8.0624e-09
8.0177e-09
7.9732e-09
7.929e-09
7.8849e-09
7.8412e-09
7.7976e-09
7.7543e-09
7.7112e-09
7.6683e-09
7.6257e-09
7.5833e-09
7.5411e-09
7.4991e-09
7.4573e-09
7.4158e-09
7.3745e-09
7.3334e-09
7.2925e-09
7.2518e-09
7.2114e-09
7.1711e-09
7.1311e-09
7.0912e-09
7.0516e-09
7.0122e-09
6.973e-09
6.934e-09
6.8952e-09
6.8567e-09
6.8183e-09
6.7801e-09
6.7421e-09
6.7043e-09
6.6668e-09
6.6294e-09
6.5922e-09
6.5552e-09
6.5184e-09
6.4818e-09
6.4454e-09
6.4092e-09
6.3732e-09
6.3374e-09
6.3017e-09
6.2663e-09
6.231e-09
6.196e-09
6.1611e-09
6.1264e-09
6.0919e-09
6.0575e-09
6.0234e-09
5.9894e-09
5.9556e-09
5.922e-09
5.8886e-09
5.8553e-09
5.8223e-09
5.7894e-09
5.7566e-09
5.7241e-09
5.6917e-09
5.6595e-09
5.6275e-09
5.5956e-09
5.5639e-09
5.5324e-09
5.501e-09
5.4699e-09
5.4388e-09
5.408e-09
5.3773e-09
5.3468e-09
5.3164e-09
5.2862e-09
5.2562e-09
5.2263e-09
5.1966e-09
5.167e-09
5.1377e-09
5.1084e-09
5.0793e-09
5.0504e-09
5.0216e-09
4.993e-09
4.9646e-09
4.9363e-09
4.9081e-09
4.8801e-09
4.8523e-09
4.8245e-09
4.797e-09
4.7696e-09
4.7423e-09
4.7152e-09
4.6883e-09
4.6614e-09
4.6348e-09
4.6082e-09
4.5819e-09
4.5556e-09
4.5295e-09
4.5036e-09
4.4777e-09
4.4521e-09
4.4265e-09
4.4011e-09
4.3759e-09
4.3507e-09
4.3257e-09
4.3009e-09
4.2762e-09
4.2516e-09
4.2271e-09
4.2028e-09
4.1786e-09
4.1546e-09
4.1307e-09
4.1069e-09
4.0832e-09
4.0597e-09
4.0363e-09
4.013e-09
3.9898e-09
3.9668e-09
3.9439e-09
3.9211e-09
3.8985e-09
3.8759e-09
3.8535e-09
3.8313e-09
3.8091e-09
3.7871e-09
3.7651e-09
3.7433e-09
3.7217e-09
3.7001e-09
3.6787e-09
3.6573e-09
3.6361e-09
3.615e-09
3.5941e-09
3.5732e-09
3.5524e-09
3.5318e-09
3.5113e-09
3.4909e-09
3.4706e-09
3.4504e-09
3.4303e-09
3.4104e-09
3.3905e-09
3.3708e-09
3.3512e-09
3.3316e-09
3.3122e-09
3.2929e-09
3.2737e-09
3.2546e-09
3.2356e-09
3.2167e-09
3.198e-09
3.1793e-09
3.1607e-09
3.1422e-09
3.1239e-09
3.1056e-09
3.0874e-09
3.0694e-09
3.0514e-09
3.0335e-09
3.0158e-09
2.9981e-09
2.9805e-09
2.963e-09
2.9457e-09
2.9284e-09
2.9112e-09
2.8941e-09
2.8771e-09
2.8602e-09
2.8434e-09
2.8267e-09
2.8101e-09
2.7936e-09
2.7771e-09
2.7608e-09
2.7445e-09
2.7284e-09
2.7123e-09
2.6963e-09
2.6804e-09
2.6646e-09
2.6489e-09
2.6333e-09
2.6177e-09
2.6023e-09
2.5869e-09
2.5716e-09
2.5565e-09
2.5413e-09
2.5263e-09
2.5114e-09
2.4965e-09
2.4818e-09
2.4671e-09
2.4525e-09
2.4379e-09
2.4235e-09
2.4091e-09
2.3948e-09
2.3806e-09
2.3665e-09
2.3525e-09
2.3385e-09
2.3246e-09
2.3108e-09
2.2971e-09
2.2834e-09
2.2699e-09
2.2564e-09
2.2429e-09
2.2296e-09
2.2163e-09
2.2031e-09
2.19e-09
2.177e-09
2.164e-09
2.1511e-09
2.1383e-09
2.1255e-09
2.1128e-09
2.1002e-09
2.0877e-09
2.0752e-09
2.0628e-09
2.0505e-09
2.0382e-09
2.026e-09
2.0139e-09
2.0019e-09
1.9899e-09
1.978e-09
1.9661e-09
1.9543e-09
1.9426e-09
1.931e-09
1.9194e-09
1.9079e-09
1.8965e-09
1.8851e-09
1.8738e-09
1.8625e-09
1.8513e-09
1.8402e-09
1.8291e-09
1.8181e-09
1.8072e-09
1.7963e-09
1.7855e-09
1.7748e-09
1.7641e-09
1.7535e-09
1.7429e-09
1.7324e-09
1.7219e-09
1.7116e-09
1.7012e-09
1.691e-09
1.6808e-09
1.6706e-09
1.6605e-09
1.6505e-09
1.6405e-09
1.6306e-09
1.6207e-09
1.6109e-09
1.6012e-09
1.5915e-09
1.5819e-09
1.5723e-09
1.5627e-09
1.5533e-09
1.5439e-09
1.5345e-09
1.5252e-09
1.5159e-09
1.5067e-09
1.4976e-09
1.4885e-09
1.4795e-09
1.4705e-09
1.4615e-09
1.4526e-09
1.4438e-09
1.435e-09
1.4263e-09
1.4176e-09
1.409e-09
1.4004e-09
1.3919e-09
1.3834e-09
1.3749e-09
1.3666e-09
1.3582e-09
1.3499e-09
1.3417e-09
1.3335e-09
1.3254e-09
1.3173e-09
1.3092e-09
1.3012e-09
1.2933e-09
1.2853e-09
1.2775e-09
1.2697e-09
1.2619e-09
1.2542e-09
1.2465e-09
1.2388e-09
1.2312e-09
1.2237e-09
1.2162e-09
1.2087e-09
1.2013e-09
1.1939e-09
1.1866e-09
1.1793e-09
1.1721e-09
1.1649e-09
1.1577e-09
1.1506e-09
1.1435e-09
1.1365e-09
1.1295e-09
1.1225e-09
1.1156e-09
1.1087e-09
1.1019e-09
1.0951e-09
1.0884e-09
1.0817e-09
1.075e-09
1.0683e-09
1.0617e-09
1.0552e-09
1.0487e-09
1.0422e-09
1.0358e-09
1.0293e-09
1.023e-09
1.0167e-09
1.0104e-09
1.0041e-09
9.9789e-10
9.9171e-10
9.8557e-10
9.7946e-10
9.7339e-10
9.6735e-10
9.6135e-10
9.5539e-10
9.4946e-10
9.4357e-10
9.3771e-10
9.3188e-10
9.2609e-10
9.2034e-10
9.1461e-10
9.0893e-10
9.0327e-10
8.9765e-10
8.9206e-10
8.8651e-10
8.8099e-10
8.755e-10
8.7004e-10
8.6462e-10
8.5923e-10
8.5387e-10
8.4854e-10
8.4325e-10
8.3798e-10
8.3275e-10
8.2755e-10
8.2238e-10
8.1724e-10
8.1213e-10
8.0705e-10
8.02e-10
7.9698e-10
7.92e-10
7.8704e-10
7.8211e-10
7.7721e-10
7.7234e-10
7.675e-10
7.6268e-10
7.579e-10
7.5315e-10
7.4842e-10
7.4372e-10
7.3905e-10
7.3441e-10
7.298e-10
7.2521e-10
7.2065e-10
7.1612e-10
7.1161e-10
7.0714e-10
7.0269e-10
6.9826e-10
6.9386e-10
6.8949e-10
6.8515e-10
6.8083e-10
6.7654e-10
6.7227e-10
6.6803e-10
6.6382e-10
6.5963e-10
6.5546e-10
6.5132e-10
6.4721e-10
6.4312e-10
6.3905e-10
6.3501e-10
6.3099e-10
6.27e-10
6.2303e-10
6.1909e-10
6.1517e-10
6.1127e-10
6.074e-10
6.0355e-10
5.9972e-10
5.9592e-10
5.9214e-10
5.8838e-10
5.8465e-10
5.8094e-10
5.7725e-10
5.7358e-10
5.6994e-10
5.6631e-10
5.6271e-10
5.5914e-10
5.5558e-10
5.5204e-10
5.4853e-10
5.4504e-10
5.4157e-10
5.3812e-10
5.3469e-10
5.3128e-10
5.2789e-10
5.2452e-10
5.2118e-10
5.1785e-10
5.1455e-10
5.1126e-10
5.08e-10
5.0475e-10
5.0152e-10
4.9832e-10
4.9513e-10
4.9197e-10
4.8882e-10
4.8569e-10
4.8258e-10
4.7949e-10
4.7642e-10
4.7337e-10
4.7033e-10
4.6732e-10
4.6432e-10
4.6134e-10
4.5838e-10
4.5544e-10
4.5252e-10
4.4961e-10
4.4672e-10
4.4385e-10
4.41e-10
4.3816e-10
4.3535e-10
4.3255e-10
4.2976e-10
4.27e-10
4.2425e-10
4.2152e-10
4.188e-10
4.161e-10
4.1342e-10
4.1075e-10
4.0811e-10
4.0547e-10
4.0286e-10
4.0026e-10
3.9767e-10
3.951e-10
3.9255e-10
3.9002e-10
3.8749e-10
3.8499e-10
3.825e-10
3.8002e-10
3.7757e-10
3.7512e-10
3.7269e-10
3.7028e-10
3.6788e-10
3.655e-10
3.6313e-10
3.6077e-10
3.5843e-10
3.5611e-10
3.538e-10
3.515e-10
3.4922e-10
3.4695e-10
3.447e-10
3.4246e-10
3.4023e-10
3.3802e-10
3.3582e-10
3.3363e-10
3.3146e-10
3.2931e-10
3.2716e-10
3.2503e-10
3.2291e-10
3.2081e-10
3.1872e-10
3.1664e-10
3.1457e-10
3.1252e-10
3.1048e-10
3.0846e-10
3.0644e-10
3.0444e-10
3.0245e-10
3.0048e-10
2.9851e-10
2.9656e-10
2.9462e-10
2.9269e-10
2.9078e-10
2.8887e-10
2.8698e-10
2.851e-10
2.8324e-10
2.8138e-10
2.7953e-10
2.777e-10
2.7588e-10
2.7407e-10
2.7227e-10
2.7048e-10
2.6871e-10
2.6694e-10
2.6519e-10
2.6345e-10
2.6172e-10
2.6e-10
2.5829e-10
2.5659e-10
2.549e-10
2.5322e-10
2.5155e-10
2.499e-10
2.4825e-10
2.4661e-10
2.4499e-10
2.4337e-10
2.4177e-10
2.4017e-10
2.3859e-10
2.3701e-10
2.3545e-10
2.3389e-10
2.3235e-10
2.3081e-10
2.2929e-10
2.2777e-10
2.2627e-10
2.2477e-10
2.2328e-10
2.218e-10
2.2034e-10
2.1888e-10
2.1743e-10
2.1599e-10
2.1455e-10
2.1313e-10
2.1172e-10
2.1031e-10
2.0892e-10
2.0753e-10
2.0615e-10
2.0479e-10
2.0342e-10
2.0207e-10
2.0073e-10
1.994e-10
1.9807e-10
1.9675e-10
1.9544e-10
1.9414e-10
1.9285e-10
1.9157e-10
1.9029e-10
1.8902e-10
1.8776e-10
1.8651e-10
1.8527e-10
1.8403e-10
1.828e-10
1.8158e-10
1.8037e-10
1.7917e-10
1.7797e-10
1.7678e-10
1.756e-10
1.7443e-10
1.7326e-10
1.721e-10
1.7095e-10
1.6981e-10
1.6867e-10
1.6754e-10
1.6642e-10
1.653e-10
1.642e-10
1.631e-10
1.62e-10
1.6092e-10
1.5984e-10
1.5876e-10
1.577e-10
1.5664e-10
1.5559e-10
1.5454e-10
1.5351e-10
1.5247e-10
1.5145e-10
1.5043e-10
1.4942e-10
1.4841e-10
1.4741e-10
1.4642e-10
1.4544e-10
1.4446e-10
1.4348e-10
1.4252e-10
1.4156e-10
1.406e-10
1.3965e-10
1.3871e-10
1.3778e-10
1.3685e-10
1.3592e-10
1.35e-10
1.3409e-10
1.3319e-10
1.3229e-10
1.3139e-10
1.305e-10
1.2962e-10
1.2874e-10
1.2787e-10
1.2701e-10
1.2615e-10
1.2529e-10
1.2444e-10
1.236e-10
1.2276e-10
1.2193e-10
1.211e-10
1.2028e-10
1.1947e-10
1.1865e-10
1.1785e-10
1.1705e-10
1.1625e-10
1.1546e-10
1.1468e-10
1.139e-10
1.1313e-10
1.1236e-10
1.1159e-10
1.1083e-10
1.1008e-10
1.0933e-10
1.0858e-10
1.0784e-10
1.0711e-10
1.0638e-10
1.0565e-10
1.0493e-10
1.0422e-10
1.0351e-10
1.028e-10
1.021e-10
1.014e-10
1.0071e-10
1.0002e-10
9.9337e-11
9.8658e-11
9.7983e-11
9.7313e-11
9.6648e-11
9.5986e-11
9.5329e-11
9.4677e-11
9.4029e-11
9.3385e-11
9.2745e-11
9.2109e-11
9.1478e-11
9.0851e-11
9.0228e-11
8.9609e-11
8.8994e-11
8.8383e-11
8.7776e-11
8.7173e-11
8.6575e-11
8.598e-11
8.5389e-11
8.4802e-11
8.4219e-11
8.364e-11
8.3065e-11
8.2493e-11
8.1925e-11
8.1361e-11
8.0801e-11
8.0245e-11
7.9692e-11
7.9143e-11
7.8597e-11
7.8055e-11
7.7517e-11
7.6982e-11
7.6451e-11
7.5924e-11
7.5399e-11
7.4879e-11
7.4362e-11
7.3848e-11
7.3338e-11
7.2831e-11
7.2328e-11
7.1827e-11
7.1331e-11
7.0837e-11
7.0347e-11
6.986e-11
6.9377e-11
6.8896e-11
6.8419e-11
6.7945e-11
6.7474e-11
6.7007e-11
6.6542e-11
6.6081e-11
6.5622e-11
6.5167e-11
6.4715e-11
6.4266e-11
6.382e-11
6.3376e-11
6.2936e-11
6.2499e-11
6.2065e-11
6.1633e-11
6.1205e-11
6.0779e-11
6.0357e-11
5.9937e-11
5.952e-11
5.9106e-11
5.8694e-11
5.8285e-11
5.788e-11
5.7476e-11
5.7076e-11
5.6678e-11
5.6283e-11
5.5891e-11
5.5501e-11
5.5114e-11
5.473e-11
5.4348e-11
5.3968e-11
5.3592e-11
5.3217e-11
5.2846e-11
5.2477e-11
5.211e-11
5.1746e-11
5.1384e-11
5.1025e-11
5.0669e-11
5.0314e-11
4.9962e-11
4.9613e-11
4.9266e-11
4.8921e-11
4.8579e-11
4.8238e-11
4.7901e-11
4.7565e-11
4.7232e-11
4.6901e-11
4.6573e-11
4.6246e-11
4.5922e-11
4.56e-11
4.528e-11
4.4963e-11
4.4647e-11
4.4334e-11
4.4023e-11
4.3714e-11
4.3408e-11
4.3103e-11
4.28e-11
4.25e-11
4.2201e-11
4.1905e-11
4.1611e-11
4.1318e-11
4.1028e-11
4.074e-11
4.0453e-11
4.0169e-11
3.9887e-11
3.9606e-11
3.9328e-11
3.9051e-11
3.8776e-11
3.8504e-11
3.8233e-11
3.7964e-11
3.7697e-11
3.7431e-11
3.7168e-11
3.6906e-11
3.6647e-11
3.6389e-11
3.6133e-11
3.5878e-11
3.5626e-11
3.5375e-11
3.5126e-11
3.4878e-11
3.4633e-11
3.4389e-11
3.4147e-11
3.3906e-11
3.3667e-11
3.343e-11
3.3195e-11
3.2961e-11
3.2729e-11
3.2498e-11
3.2269e-11
3.2042e-11
3.1816e-11
3.1592e-11
3.137e-11
3.1149e-11
3.0929e-11
3.0711e-11
3.0495e-11
3.028e-11
3.0067e-11
2.9855e-11
2.9645e-11
2.9437e-11
2.9229e-11
2.9024e-11
2.8819e-11
2.8617e-11
2.8415e-11
2.8215e-11
2.8017e-11
2.782e-11
2.7624e-11
2.743e-11
2.7237e-11
2.7046e-11
2.6856e-11
2.6667e-11
2.648e-11
2.6294e-11
2.6109e-11
2.5926e-11
2.5744e-11
2.5563e-11
2.5384e-11
2.5206e-11
2.5029e-11
2.4854e-11
2.468e-11
2.4507e-11
2.4335e-11
2.4165e-11
2.3996e-11
2.3828e-11
2.3661e-11
2.3496e-11
2.3332e-11
2.3169e-11
2.3007e-11
2.2847e-11
2.2688e-11
2.253e-11
2.2373e-11
2.2217e-11
2.2062e-11
2.1909e-11
2.1757e-11
2.1606e-11
2.1456e-11
2.1307e-11
2.1159e-11
2.1013e-11
2.0867e-11
2.0723e-11
2.058e-11
2.0437e-11
2.0296e-11
2.0157e-11
2.0018e-11
1.988e-11
1.9743e-11
1.9608e-11
1.9473e-11
1.9339e-11
1.9207e-11
1.9075e-11
1.8945e-11
1.8816e-11
1.8687e-11
1.856e-11
1.8434e-11
1.8308e-11
1.8184e-11
1.8061e-11
1.7938e-11
1.7817e-11
1.7697e-11
1.7577e-11
1.7459e-11
1.7342e-11
1.7225e-11
1.711e-11
1.6995e-11
1.6882e-11
1.6769e-11
1.6657e-11
1.6546e-11
1.6437e-11
1.6328e-11
1.622e-11
1.6113e-11
1.6007e-11
1.5901e-11
1.5797e-11
1.5694e-11
1.5591e-11
1.549e-11
1.5389e-11
1.5289e-11
1.519e-11
1.5092e-11
1.4995e-11
1.4899e-11
1.4803e-11
1.4709e-11
1.4615e-11
1.4522e-11
1.443e-11
1.4339e-11
1.4249e-11
1.416e-11
1.4071e-11
1.3983e-11
1.3896e-11
1.381e-11
1.3725e-11
1.3641e-11
1.3557e-11
1.3475e-11
1.3393e-11
1.3312e-11
1.3232e-11
1.3152e-11
1.3074e-11
1.2996e-11
1.2919e-11
1.2843e-11
1.2767e-11
1.2693e-11
1.2619e-11
1.2546e-11
1.2474e-11
1.2403e-11
1.2332e-11
1.2263e-11
1.2194e-11
1.2126e-11
1.2058e-11
1.1992e-11
1.1926e-11
1.1861e-11
1.1797e-11
1.1734e-11
1.1671e-11
1.1609e-11
1.1548e-11
1.1488e-11
1.1428e-11
1.137e-11
1.1312e-11
1.1255e-11
1.1198e-11
1.1143e-11
1.1088e-11
1.1034e-11
1.0981e-11
1.0929e-11
1.0877e-11
1.0826e-11
1.0776e-11
1.0727e-11
1.0678e-11
1.063e-11
1.0584e-11
1.0537e-11
1.0492e-11
1.0447e-11
1.0404e-11
1.0361e-11
