7.0478e-09
7.0286e-09
7.0094e-09
6.9903e-09
6.9713e-09
6.9523e-09
6.9333e-09
6.9144e-09
6.8955e-09
6.8767e-09
6.8579e-09
6.8392e-09
6.8205e-09
6.8019e-09
6.7833e-09
6.7647e-09
6.7462e-09
6.7278e-09
6.7094e-09
6.691e-09
6.6727e-09
6.6544e-09
6.6362e-09
6.618e-09
6.5998e-09
6.5817e-09
6.5637e-09
6.5457e-09
6.5277e-09
6.5098e-09
6.4919e-09
6.4741e-09
6.4563e-09
6.4386e-09
6.4209e-09
6.4032e-09
6.3856e-09
6.3681e-09
6.3506e-09
6.3331e-09
6.3156e-09
6.2983e-09
6.2809e-09
6.2636e-09
6.2464e-09
6.2291e-09
6.212e-09
6.1949e-09
6.1778e-09
6.1607e-09
6.1437e-09
6.1268e-09
6.1099e-09
6.093e-09
6.0762e-09
6.0594e-09
6.0427e-09
6.026e-09
6.0093e-09
5.9927e-09
5.9761e-09
5.9596e-09
5.9431e-09
5.9267e-09
5.9103e-09
5.8939e-09
5.8776e-09
5.8614e-09
5.8451e-09
5.8289e-09
5.8128e-09
5.7967e-09
5.7806e-09
5.7646e-09
5.7486e-09
5.7327e-09
5.7168e-09
5.7009e-09
5.6851e-09
5.6694e-09
5.6536e-09
5.6379e-09
5.6223e-09
5.6067e-09
5.5911e-09
5.5756e-09
5.5601e-09
5.5447e-09
5.5293e-09
5.5139e-09
5.4986e-09
5.4833e-09
5.4681e-09
5.4529e-09
5.4377e-09
5.4226e-09
5.4075e-09
5.3925e-09
5.3775e-09
5.3625e-09
5.3476e-09
5.3327e-09
5.3179e-09
5.3031e-09
5.2883e-09
5.2736e-09
5.2589e-09
5.2443e-09
5.2297e-09
5.2151e-09
5.2006e-09
5.1861e-09
5.1717e-09
5.1573e-09
5.1429e-09
5.1286e-09
5.1143e-09
5.1001e-09
5.0859e-09
5.0717e-09
5.0576e-09
5.0435e-09
5.0295e-09
5.0155e-09
5.0015e-09
4.9875e-09
4.9737e-09
4.9598e-09
4.946e-09
4.9322e-09
4.9185e-09
4.9048e-09
4.8911e-09
4.8775e-09
4.8639e-09
4.8503e-09
4.8368e-09
4.8234e-09
4.8099e-09
4.7965e-09
4.7832e-09
4.7699e-09
4.7566e-09
4.7433e-09
4.7301e-09
4.7169e-09
4.7038e-09
4.6907e-09
4.6777e-09
4.6647e-09
4.6517e-09
4.6387e-09
4.6258e-09
4.613e-09
4.6001e-09
4.5873e-09
4.5746e-09
4.5618e-09
4.5492e-09
4.5365e-09
4.5239e-09
4.5113e-09
4.4988e-09
4.4863e-09
4.4738e-09
4.4614e-09
4.449e-09
4.4367e-09
4.4244e-09
4.4121e-09
4.3999e-09
4.3877e-09
4.3755e-09
4.3634e-09
4.3513e-09
4.3392e-09
4.3272e-09
4.3152e-09
4.3032e-09
4.2913e-09
4.2795e-09
4.2676e-09
4.2558e-09
4.244e-09
4.2323e-09
4.2206e-09
4.209e-09
4.1973e-09
4.1857e-09
4.1742e-09
4.1627e-09
4.1512e-09
4.1397e-09
4.1283e-09
4.117e-09
4.1056e-09
4.0943e-09
4.0831e-09
4.0718e-09
4.0606e-09
4.0495e-09
4.0383e-09
4.0272e-09
4.0162e-09
4.0052e-09
3.9942e-09
3.9832e-09
3.9723e-09
3.9614e-09
3.9506e-09
3.9398e-09
3.929e-09
3.9183e-09
3.9076e-09
3.8969e-09
3.8863e-09
3.8757e-09
3.8651e-09
3.8546e-09
3.8441e-09
3.8336e-09
3.8232e-09
3.8128e-09
3.8025e-09
3.7922e-09
3.7819e-09
3.7716e-09
3.7614e-09
3.7512e-09
3.7411e-09
3.731e-09
3.7209e-09
3.7108e-09
3.7008e-09
3.6909e-09
3.6809e-09
3.671e-09
3.6612e-09
3.6513e-09
3.6415e-09
3.6317e-09
3.622e-09
3.6123e-09
3.6026e-09
3.593e-09
3.5834e-09
3.5739e-09
3.5643e-09
3.5548e-09
3.5454e-09
3.536e-09
3.5266e-09
3.5172e-09
3.5079e-09
3.4986e-09
3.4893e-09
3.4801e-09
3.4709e-09
3.4618e-09
3.4527e-09
3.4436e-09
3.4345e-09
3.4255e-09
3.4165e-09
3.4076e-09
3.3986e-09
3.3898e-09
3.3809e-09
3.3721e-09
3.3633e-09
3.3546e-09
3.3459e-09
3.3372e-09
3.3285e-09
3.3199e-09
3.3113e-09
3.3028e-09
3.2943e-09
3.2858e-09
3.2774e-09
3.269e-09
3.2606e-09
3.2522e-09
3.2439e-09
3.2357e-09
3.2274e-09
3.2192e-09
3.211e-09
3.2029e-09
3.1948e-09
3.1867e-09
3.1787e-09
3.1707e-09
3.1627e-09
3.1548e-09
3.1469e-09
3.139e-09
3.1311e-09
3.1233e-09
3.1156e-09
3.1078e-09
3.1001e-09
3.0925e-09
3.0848e-09
3.0772e-09
3.0697e-09
3.0621e-09
3.0546e-09
3.0471e-09
3.0397e-09
3.0323e-09
3.0249e-09
3.0176e-09
3.0103e-09
3.003e-09
2.9958e-09
2.9886e-09
2.9814e-09
2.9743e-09
2.9672e-09
2.9601e-09
2.9531e-09
2.9461e-09
2.9391e-09
2.9322e-09
2.9253e-09
2.9185e-09
2.9116e-09
2.9048e-09
2.8981e-09
2.8913e-09
2.8846e-09
2.878e-09
2.8714e-09
2.8648e-09
2.8582e-09
2.8517e-09
2.8452e-09
2.8387e-09
2.8323e-09
2.8259e-09
2.8196e-09
2.8132e-09
2.807e-09
2.8007e-09
2.7945e-09
2.7883e-09
2.7821e-09
2.776e-09
2.7699e-09
2.7639e-09
2.7579e-09
2.7519e-09
2.7459e-09
2.74e-09
2.7342e-09
2.7283e-09
2.7225e-09
2.7167e-09
2.711e-09
2.7053e-09
2.6996e-09
2.694e-09
2.6884e-09
2.6828e-09
2.6772e-09
2.6717e-09
2.6663e-09
2.6608e-09
2.6554e-09
2.6501e-09
2.6448e-09
2.6395e-09
2.6342e-09
2.629e-09
2.6238e-09
2.6186e-09
2.6135e-09
2.6084e-09
2.6034e-09
2.5984e-09
2.5934e-09
2.5884e-09
2.5835e-09
2.5787e-09
2.5738e-09
2.569e-09
2.5642e-09
2.5595e-09
2.5548e-09
2.5501e-09
2.5455e-09
2.5409e-09
2.5364e-09
2.5318e-09
2.5274e-09
2.5229e-09
2.5185e-09
2.5141e-09
2.5098e-09
2.5055e-09
2.5012e-09
2.497e-09
2.4928e-09
2.4886e-09
2.4845e-09
2.4804e-09
2.4763e-09
2.4723e-09
2.4683e-09
2.4644e-09
2.4605e-09
2.4566e-09
2.4528e-09
2.449e-09
2.4452e-09
2.4415e-09
2.4378e-09
2.4341e-09
2.4305e-09
2.4269e-09
2.4234e-09
2.4199e-09
2.4164e-09
2.413e-09
2.4096e-09
2.4062e-09
2.4029e-09
2.3996e-09
2.3964e-09
2.3932e-09
2.39e-09
2.3869e-09
2.3838e-09
2.3807e-09
2.3777e-09
2.3747e-09
2.3718e-09
2.3689e-09
2.366e-09
2.3632e-09
2.3604e-09
2.3577e-09
2.355e-09
2.3523e-09
2.3497e-09
2.3471e-09
2.3445e-09
2.342e-09
2.3395e-09
2.3371e-09
2.3347e-09
2.3323e-09
2.33e-09
2.3277e-09
2.3255e-09
2.3233e-09
2.3211e-09
2.319e-09
2.3169e-09
2.3149e-09
2.3129e-09
2.3109e-09
2.309e-09
2.3071e-09
2.3053e-09
2.3035e-09
2.3017e-09
2.3e-09
2.2983e-09
2.2967e-09
2.2951e-09
2.2935e-09
2.292e-09
2.2905e-09
2.2891e-09
2.2877e-09
2.2864e-09
2.2851e-09
2.2838e-09
2.2826e-09
2.2814e-09
2.2803e-09
2.2792e-09
2.2781e-09
2.2771e-09
2.2761e-09
2.2752e-09
2.2743e-09
2.2735e-09
2.2727e-09
2.272e-09
2.2712e-09
2.2706e-09
2.27e-09
2.2694e-09
2.2688e-09
2.2684e-09
2.2679e-09
2.2675e-09
2.2672e-09
2.2668e-09
2.2666e-09
2.2664e-09
2.2662e-09
2.266e-09
2.266e-09
2.2659e-09
2.2659e-09
2.266e-09
2.2661e-09
2.2662e-09
2.2664e-09
2.2666e-09
2.2669e-09
2.2672e-09
2.2676e-09
2.268e-09
2.2685e-09
2.269e-09
2.2696e-09
2.2702e-09
2.2708e-09
2.2715e-09
2.2723e-09
2.2731e-09
2.2739e-09
2.2748e-09
2.2758e-09
2.2768e-09
2.2778e-09
2.2789e-09
2.28e-09
2.2812e-09
2.2825e-09
2.2837e-09
2.2851e-09
2.2865e-09
2.2879e-09
2.2894e-09
2.2909e-09
2.2925e-09
2.2941e-09
2.2958e-09
2.2976e-09
2.2994e-09
2.3012e-09
2.3031e-09
2.305e-09
2.307e-09
2.3091e-09
2.3112e-09
2.3134e-09
2.3156e-09
2.3178e-09
2.3201e-09
2.3225e-09
2.3249e-09
2.3274e-09
2.3299e-09
2.3325e-09
2.3351e-09
2.3378e-09
2.3406e-09
2.3434e-09
2.3462e-09
2.3491e-09
2.3521e-09
2.3551e-09
2.3582e-09
2.3613e-09
2.3645e-09
2.3678e-09
2.3711e-09
2.3744e-09
2.3778e-09
2.3813e-09
2.3848e-09
2.3884e-09
2.3921e-09
2.3958e-09
2.3995e-09
2.4034e-09
2.4072e-09
2.4112e-09
2.4152e-09
2.4192e-09
2.4233e-09
2.4275e-09
2.4318e-09
2.4361e-09
2.4404e-09
2.4448e-09
2.4493e-09
2.4539e-09
2.4585e-09
2.4631e-09
2.4679e-09
2.4727e-09
2.4775e-09
2.4824e-09
2.4874e-09
2.4924e-09
2.4975e-09
2.5027e-09
2.508e-09
2.5133e-09
2.5186e-09
2.524e-09
2.5295e-09
2.5351e-09
2.5407e-09
2.5464e-09
2.5522e-09
2.558e-09
2.5639e-09
2.5698e-09
2.5759e-09
2.582e-09
2.5881e-09
2.5943e-09
2.6006e-09
2.607e-09
2.6134e-09
2.6199e-09
2.6265e-09
2.6332e-09
2.6399e-09
2.6467e-09
2.6535e-09
2.6604e-09
2.6674e-09
2.6745e-09
2.6817e-09
2.6889e-09
2.6962e-09
2.7035e-09
2.711e-09
2.7185e-09
2.726e-09
2.7337e-09
2.7414e-09
2.7492e-09
2.7571e-09
2.7651e-09
2.7731e-09
2.7812e-09
2.7894e-09
2.7976e-09
2.806e-09
2.8144e-09
2.8229e-09
2.8315e-09
2.8401e-09
2.8488e-09
2.8577e-09
2.8665e-09
2.8755e-09
2.8846e-09
2.8937e-09
2.9029e-09
2.9122e-09
2.9216e-09
2.931e-09
2.9405e-09
2.9502e-09
2.9599e-09
2.9697e-09
2.9795e-09
2.9895e-09
2.9995e-09
3.0096e-09
3.0198e-09
3.0301e-09
3.0405e-09
3.051e-09
3.0615e-09
3.0722e-09
3.0829e-09
3.0937e-09
3.1046e-09
3.1156e-09
3.1267e-09
3.1379e-09
3.1492e-09
3.1605e-09
3.172e-09
3.1835e-09
3.1951e-09
3.2068e-09
3.2187e-09
3.2306e-09
3.2426e-09
3.2547e-09
3.2668e-09
3.2791e-09
3.2915e-09
3.304e-09
3.3165e-09
3.3292e-09
3.342e-09
3.3548e-09
3.3678e-09
3.3808e-09
3.394e-09
3.4073e-09
3.4206e-09
3.4341e-09
3.4476e-09
3.4613e-09
3.475e-09
3.4889e-09
3.5028e-09
3.5169e-09
3.5311e-09
3.5453e-09
3.5597e-09
3.5742e-09
3.5888e-09
3.6035e-09
3.6183e-09
3.6332e-09
3.6482e-09
3.6633e-09
3.6785e-09
3.6939e-09
3.7093e-09
3.7249e-09
3.7405e-09
3.7563e-09
3.7722e-09
3.7882e-09
3.8043e-09
3.8205e-09
3.8369e-09
3.8533e-09
3.8699e-09
3.8866e-09
3.9033e-09
3.9203e-09
3.9373e-09
3.9544e-09
3.9717e-09
3.9891e-09
4.0066e-09
4.0242e-09
4.0419e-09
4.0598e-09
4.0778e-09
4.0959e-09
4.1141e-09
4.1325e-09
4.1509e-09
4.1695e-09
4.1882e-09
4.2071e-09
4.2261e-09
4.2452e-09
4.2644e-09
4.2837e-09
4.3032e-09
4.3228e-09
4.3426e-09
4.3624e-09
4.3824e-09
4.4026e-09
4.4228e-09
4.4432e-09
4.4637e-09
4.4844e-09
4.5052e-09
4.5261e-09
4.5472e-09
4.5684e-09
4.5897e-09
4.6112e-09
4.6328e-09
4.6546e-09
4.6765e-09
4.6985e-09
4.7207e-09
4.743e-09
4.7655e-09
4.7881e-09
4.8108e-09
4.8337e-09
4.8567e-09
4.8799e-09
4.9032e-09
4.9267e-09
4.9503e-09
4.9741e-09
4.998e-09
5.0221e-09
5.0463e-09
5.0707e-09
5.0952e-09
5.1199e-09
5.1447e-09
5.1697e-09
5.1948e-09
5.2201e-09
5.2456e-09
5.2712e-09
5.2969e-09
5.3229e-09
5.3489e-09
5.3752e-09
5.4016e-09
5.4282e-09
5.4549e-09
5.4818e-09
5.5088e-09
5.536e-09
5.5634e-09
5.591e-09
5.6187e-09
5.6466e-09
5.6746e-09
5.7029e-09
5.7313e-09
5.7598e-09
5.7886e-09
5.8175e-09
5.8466e-09
5.8758e-09
5.9053e-09
5.9349e-09
5.9647e-09
5.9946e-09
6.0248e-09
6.0551e-09
6.0856e-09
6.1163e-09
6.1472e-09
6.1782e-09
6.2095e-09
6.2409e-09
6.2725e-09
6.3043e-09
6.3363e-09
6.3685e-09
6.4008e-09
6.4334e-09
6.4661e-09
6.4991e-09
6.5322e-09
6.5655e-09
6.599e-09
6.6327e-09
6.6666e-09
6.7007e-09
6.735e-09
6.7696e-09
6.8043e-09
6.8392e-09
6.8743e-09
6.9096e-09
6.9451e-09
6.9808e-09
7.0168e-09
7.0529e-09
7.0892e-09
7.1258e-09
7.1626e-09
7.1995e-09
7.2367e-09
7.2741e-09
7.3117e-09
7.3496e-09
7.3876e-09
7.4259e-09
7.4644e-09
7.5031e-09
7.542e-09
7.5811e-09
7.6205e-09
7.6601e-09
7.6999e-09
7.7399e-09
7.7802e-09
7.8207e-09
7.8614e-09
7.9024e-09
7.9436e-09
7.985e-09
8.0267e-09
8.0686e-09
8.1107e-09
8.153e-09
8.1956e-09
8.2385e-09
8.2816e-09
8.3249e-09
8.3684e-09
8.4122e-09
8.4563e-09
8.5006e-09
8.5451e-09
8.5899e-09
8.635e-09
8.6803e-09
8.7258e-09
8.7716e-09
8.8177e-09
8.864e-09
8.9106e-09
8.9574e-09
9.0045e-09
9.0518e-09
9.0994e-09
9.1473e-09
9.1954e-09
9.2438e-09
9.2925e-09
9.3414e-09
9.3906e-09
9.4401e-09
9.4899e-09
9.5399e-09
9.5902e-09
9.6407e-09
9.6916e-09
9.7427e-09
9.7941e-09
9.8458e-09
9.8978e-09
9.95e-09
1.0003e-08
1.0055e-08
1.0108e-08
1.0162e-08
1.0216e-08
1.027e-08
1.0324e-08
1.0378e-08
1.0433e-08
1.0488e-08
1.0544e-08
1.06e-08
1.0656e-08
1.0712e-08
1.0769e-08
1.0826e-08
1.0883e-08
1.0941e-08
1.0999e-08
1.1057e-08
1.1115e-08
1.1174e-08
1.1233e-08
1.1293e-08
1.1353e-08
1.1413e-08
1.1473e-08
1.1534e-08
1.1595e-08
1.1656e-08
1.1718e-08
1.178e-08
1.1843e-08
1.1905e-08
1.1968e-08
1.2032e-08
1.2096e-08
1.216e-08
1.2224e-08
1.2289e-08
1.2354e-08
1.2419e-08
1.2485e-08
1.2551e-08
1.2618e-08
1.2685e-08
1.2752e-08
1.282e-08
1.2887e-08
1.2956e-08
1.3024e-08
1.3093e-08
1.3163e-08
1.3232e-08
1.3303e-08
1.3373e-08
1.3444e-08
1.3515e-08
1.3587e-08
1.3659e-08
1.3731e-08
1.3804e-08
1.3877e-08
1.395e-08
1.4024e-08
1.4098e-08
1.4173e-08
1.4248e-08
1.4323e-08
1.4399e-08
1.4476e-08
1.4552e-08
1.4629e-08
1.4707e-08
1.4784e-08
1.4863e-08
1.4941e-08
1.502e-08
1.51e-08
1.518e-08
1.526e-08
1.534e-08
1.5422e-08
1.5503e-08
1.5585e-08
1.5667e-08
1.575e-08
1.5833e-08
1.5917e-08
1.6001e-08
1.6086e-08
1.6171e-08
1.6256e-08
1.6342e-08
1.6428e-08
1.6515e-08
1.6602e-08
1.669e-08
1.6778e-08
1.6866e-08
1.6955e-08
1.7044e-08
1.7134e-08
1.7225e-08
1.7315e-08
1.7407e-08
1.7498e-08
1.7591e-08
1.7683e-08
1.7776e-08
1.787e-08
1.7964e-08
1.8059e-08
1.8154e-08
1.8249e-08
1.8345e-08
1.8442e-08
1.8539e-08
1.8636e-08
1.8734e-08
1.8833e-08
1.8932e-08
1.9031e-08
1.9131e-08
1.9232e-08
1.9333e-08
1.9434e-08
1.9536e-08
1.9639e-08
1.9742e-08
1.9846e-08
1.995e-08
2.0054e-08
2.0159e-08
2.0265e-08
2.0371e-08
2.0478e-08
2.0585e-08
2.0693e-08
2.0802e-08
2.0911e-08
2.102e-08
2.113e-08
2.1241e-08
2.1352e-08
2.1463e-08
2.1576e-08
2.1688e-08
2.1802e-08
2.1916e-08
2.203e-08
2.2145e-08
2.2261e-08
2.2377e-08
2.2494e-08
2.2611e-08
2.2729e-08
2.2848e-08
2.2967e-08
2.3087e-08
2.3207e-08
2.3328e-08
2.3449e-08
2.3572e-08
2.3694e-08
2.3818e-08
2.3942e-08
2.4066e-08
2.4191e-08
2.4317e-08
2.4444e-08
2.4571e-08
2.4698e-08
2.4827e-08
2.4956e-08
2.5085e-08
2.5215e-08
2.5346e-08
2.5478e-08
2.561e-08
2.5743e-08
2.5876e-08
2.601e-08
2.6145e-08
2.6281e-08
2.6417e-08
2.6553e-08
2.6691e-08
2.6829e-08
2.6968e-08
2.7107e-08
2.7247e-08
2.7388e-08
2.753e-08
2.7672e-08
2.7815e-08
2.7959e-08
2.8103e-08
2.8248e-08
2.8394e-08
2.854e-08
2.8687e-08
2.8835e-08
2.8984e-08
2.9133e-08
2.9283e-08
2.9434e-08
2.9585e-08
2.9738e-08
2.9891e-08
3.0044e-08
3.0199e-08
3.0354e-08
3.051e-08
3.0667e-08
3.0824e-08
3.0982e-08
3.1141e-08
3.1301e-08
3.1462e-08
3.1623e-08
3.1785e-08
3.1948e-08
3.2112e-08
3.2276e-08
3.2441e-08
3.2607e-08
3.2774e-08
3.2942e-08
3.311e-08
3.328e-08
3.345e-08
3.3621e-08
3.3792e-08
3.3965e-08
3.4138e-08
3.4312e-08
3.4487e-08
3.4663e-08
3.484e-08
3.5018e-08
3.5196e-08
3.5375e-08
3.5555e-08
3.5736e-08
3.5918e-08
3.6101e-08
3.6284e-08
3.6469e-08
3.6654e-08
3.684e-08
3.7028e-08
3.7216e-08
3.7404e-08
3.7594e-08
3.7785e-08
3.7976e-08
3.8169e-08
3.8362e-08
3.8557e-08
3.8752e-08
3.8948e-08
3.9145e-08
3.9343e-08
3.9542e-08
3.9742e-08
3.9943e-08
4.0145e-08
4.0348e-08
4.0551e-08
4.0756e-08
4.0962e-08
4.1168e-08
4.1376e-08
4.1584e-08
4.1794e-08
4.2004e-08
4.2216e-08
4.2429e-08
4.2642e-08
4.2857e-08
4.3072e-08
4.3289e-08
4.3506e-08
4.3725e-08
4.3944e-08
4.4165e-08
4.4387e-08
4.4609e-08
4.4833e-08
4.5058e-08
4.5284e-08
4.551e-08
4.5738e-08
4.5967e-08
4.6197e-08
4.6429e-08
4.6661e-08
4.6894e-08
4.7129e-08
4.7364e-08
4.7601e-08
4.7838e-08
4.8077e-08
4.8317e-08
4.8558e-08
4.88e-08
4.9043e-08
4.9288e-08
4.9533e-08
4.978e-08
5.0028e-08
5.0276e-08
5.0527e-08
5.0778e-08
5.103e-08
5.1284e-08
5.1538e-08
5.1794e-08
5.2051e-08
5.231e-08
5.2569e-08
5.283e-08
5.3092e-08
5.3355e-08
5.3619e-08
5.3884e-08
5.4151e-08
5.4419e-08
5.4688e-08
5.4959e-08
5.523e-08
5.5503e-08
5.5777e-08
5.6053e-08
5.6329e-08
5.6607e-08
5.6886e-08
5.7167e-08
5.7449e-08
5.7732e-08
5.8016e-08
5.8301e-08
5.8588e-08
5.8877e-08
5.9166e-08
5.9457e-08
5.9749e-08
6.0043e-08
6.0337e-08
6.0634e-08
6.0931e-08
6.123e-08
6.153e-08
6.1832e-08
6.2135e-08
6.2439e-08
6.2745e-08
6.3052e-08
6.336e-08
6.367e-08
6.3982e-08
6.4294e-08
6.4608e-08
6.4924e-08
6.5241e-08
6.5559e-08
6.5879e-08
6.62e-08
6.6523e-08
6.6847e-08
6.7173e-08
6.75e-08
6.7828e-08
6.8158e-08
6.849e-08
6.8823e-08
6.9157e-08
6.9493e-08
6.9831e-08
7.017e-08
7.051e-08
7.0852e-08
7.1196e-08
7.1541e-08
7.1888e-08
7.2236e-08
7.2586e-08
7.2937e-08
7.329e-08
7.3644e-08
7.4001e-08
7.4358e-08
7.4717e-08
7.5078e-08
7.5441e-08
7.5805e-08
7.617e-08
7.6538e-08
7.6907e-08
7.7277e-08
7.7649e-08
7.8023e-08
7.8399e-08
7.8776e-08
7.9155e-08
7.9535e-08
7.9918e-08
8.0301e-08
8.0687e-08
8.1074e-08
8.1463e-08
8.1854e-08
8.2247e-08
8.2641e-08
8.3037e-08
8.3434e-08
8.3834e-08
8.4235e-08
8.4638e-08
8.5043e-08
8.5449e-08
8.5857e-08
8.6267e-08
8.6679e-08
8.7093e-08
8.7508e-08
8.7926e-08
8.8345e-08
8.8766e-08
8.9189e-08
8.9613e-08
9.004e-08
9.0468e-08
9.0899e-08
9.1331e-08
9.1765e-08
9.2201e-08
9.2638e-08
9.3078e-08
9.352e-08
9.3963e-08
9.4409e-08
9.4856e-08
9.5306e-08
9.5757e-08
9.621e-08
9.6666e-08
9.7123e-08
9.7582e-08
9.8043e-08
9.8507e-08
9.8972e-08
9.9439e-08
9.9908e-08
1.0038e-07
1.0085e-07
1.0133e-07
1.0181e-07
1.0229e-07
1.0277e-07
1.0325e-07
1.0374e-07
1.0422e-07
1.0471e-07
1.0521e-07
1.057e-07
1.062e-07
1.0669e-07
1.072e-07
1.077e-07
1.082e-07
1.0871e-07
1.0922e-07
1.0973e-07
1.1024e-07
1.1076e-07
1.1128e-07
1.118e-07
1.1232e-07
1.1284e-07
1.1337e-07
1.139e-07
1.1443e-07
1.1497e-07
1.155e-07
1.1604e-07
1.1658e-07
1.1712e-07
1.1767e-07
1.1822e-07
1.1877e-07
1.1932e-07
1.1987e-07
1.2043e-07
1.2099e-07
1.2155e-07
1.2211e-07
1.2268e-07
1.2325e-07
1.2382e-07
1.2439e-07
1.2497e-07
1.2555e-07
1.2613e-07
1.2671e-07
1.273e-07
1.2788e-07
1.2848e-07
1.2907e-07
1.2966e-07
1.3026e-07
1.3086e-07
1.3147e-07
1.3207e-07
1.3268e-07
1.3329e-07
1.339e-07
1.3452e-07
1.3514e-07
1.3576e-07
1.3638e-07
1.3701e-07
1.3764e-07
1.3827e-07
1.389e-07
1.3954e-07
1.4018e-07
1.4082e-07
1.4147e-07
1.4212e-07
1.4277e-07
1.4342e-07
1.4407e-07
1.4473e-07
1.4539e-07
1.4606e-07
1.4673e-07
1.4739e-07
1.4807e-07
1.4874e-07
1.4942e-07
1.501e-07
1.5078e-07
1.5147e-07
1.5216e-07
1.5285e-07
1.5355e-07
1.5424e-07
1.5494e-07
1.5565e-07
1.5635e-07
1.5706e-07
1.5778e-07
1.5849e-07
1.5921e-07
1.5993e-07
1.6065e-07
1.6138e-07
1.6211e-07
1.6284e-07
1.6358e-07
1.6432e-07
1.6506e-07
1.6581e-07
1.6655e-07
1.673e-07
1.6806e-07
1.6882e-07
1.6958e-07
1.7034e-07
1.7111e-07
1.7188e-07
1.7265e-07
1.7343e-07
1.742e-07
1.7499e-07
1.7577e-07
1.7656e-07
1.7735e-07
1.7815e-07
1.7895e-07
1.7975e-07
1.8055e-07
1.8136e-07
1.8217e-07
1.8299e-07
1.8381e-07
1.8463e-07
1.8545e-07
1.8628e-07
1.8711e-07
1.8795e-07
1.8879e-07
1.8963e-07
1.9047e-07
1.9132e-07
1.9217e-07
1.9303e-07
1.9389e-07
1.9475e-07
1.9561e-07
1.9648e-07
1.9735e-07
1.9823e-07
1.9911e-07
1.9999e-07
2.0088e-07
2.0177e-07
2.0266e-07
2.0356e-07
2.0446e-07
2.0537e-07
2.0627e-07
2.0719e-07
2.081e-07
2.0902e-07
2.0994e-07
2.1087e-07
2.118e-07
2.1273e-07
2.1367e-07
2.1461e-07
2.1556e-07
2.1651e-07
2.1746e-07
2.1841e-07
2.1937e-07
2.2034e-07
2.2131e-07
2.2228e-07
2.2325e-07
2.2423e-07
2.2522e-07
2.262e-07
2.2719e-07
2.2819e-07
2.2919e-07
2.3019e-07
2.312e-07
2.3221e-07
2.3322e-07
2.3424e-07
2.3526e-07
2.3629e-07
2.3732e-07
2.3835e-07
2.3939e-07
2.4044e-07
2.4148e-07
2.4253e-07
2.4359e-07
2.4465e-07
2.4571e-07
2.4678e-07
2.4785e-07
2.4893e-07
2.5001e-07
2.5109e-07
2.5218e-07
2.5327e-07
2.5437e-07
2.5547e-07
2.5658e-07
2.5769e-07
2.588e-07
2.5992e-07
2.6104e-07
2.6217e-07
2.633e-07
2.6444e-07
2.6558e-07
2.6672e-07
2.6787e-07
2.6902e-07
2.7018e-07
2.7135e-07
2.7251e-07
2.7368e-07
2.7486e-07
2.7604e-07
2.7723e-07
2.7842e-07
2.7961e-07
2.8081e-07
2.8201e-07
2.8322e-07
2.8443e-07
2.8565e-07
2.8687e-07
2.881e-07
2.8933e-07
2.9057e-07
2.9181e-07
2.9306e-07
2.9431e-07
2.9556e-07
2.9682e-07
2.9809e-07
2.9936e-07
3.0063e-07
3.0191e-07
3.032e-07
3.0448e-07
3.0578e-07
3.0708e-07
3.0838e-07
3.0969e-07
3.1101e-07
3.1232e-07
3.1365e-07
3.1498e-07
3.1631e-07
3.1765e-07
3.1899e-07
3.2034e-07
3.217e-07
3.2306e-07
3.2442e-07
3.2579e-07
3.2717e-07
3.2855e-07
3.2993e-07
3.3132e-07
3.3272e-07
3.3412e-07
3.3553e-07
3.3694e-07
3.3835e-07
3.3978e-07
3.412e-07
3.4264e-07
3.4408e-07
3.4552e-07
3.4697e-07
3.4842e-07
3.4988e-07
3.5135e-07
3.5282e-07
3.543e-07
3.5578e-07
3.5726e-07
3.5876e-07
3.6026e-07
3.6176e-07
3.6327e-07
3.6479e-07
3.6631e-07
3.6783e-07
3.6937e-07
3.709e-07
3.7245e-07
3.74e-07
3.7555e-07
3.7711e-07
3.7868e-07
3.8025e-07
3.8183e-07
3.8341e-07
3.85e-07
3.866e-07
3.882e-07
3.8981e-07
3.9142e-07
3.9304e-07
3.9467e-07
3.963e-07
3.9794e-07
3.9958e-07
4.0123e-07
4.0288e-07
4.0455e-07
4.0621e-07
4.0789e-07
4.0957e-07
4.1125e-07
4.1294e-07
4.1464e-07
4.1635e-07
4.1806e-07
4.1978e-07
4.215e-07
4.2323e-07
4.2496e-07
4.2671e-07
4.2846e-07
4.3021e-07
4.3197e-07
4.3374e-07
4.3551e-07
4.3729e-07
4.3908e-07
4.4087e-07
4.4267e-07
4.4448e-07
4.4629e-07
4.4811e-07
4.4994e-07
4.5177e-07
4.5361e-07
4.5546e-07
4.5731e-07
4.5917e-07
4.6103e-07
4.6291e-07
4.6479e-07
4.6667e-07
4.6857e-07
4.7047e-07
4.7237e-07
4.7429e-07
4.7621e-07
4.7813e-07
4.8007e-07
4.8201e-07
4.8396e-07
4.8591e-07
4.8787e-07
4.8984e-07
4.9182e-07
4.938e-07
4.9579e-07
4.9779e-07
4.9979e-07
5.018e-07
5.0382e-07
5.0585e-07
5.0788e-07
5.0992e-07
5.1197e-07
5.1402e-07
5.1608e-07
5.1815e-07
5.2023e-07
5.2231e-07
5.244e-07
5.265e-07
5.2861e-07
5.3072e-07
5.3284e-07
5.3497e-07
5.371e-07
5.3925e-07
5.414e-07
5.4355e-07
5.4572e-07
5.4789e-07
5.5008e-07
5.5226e-07
5.5446e-07
5.5666e-07
5.5888e-07
5.611e-07
5.6332e-07
5.6556e-07
5.678e-07
5.7005e-07
5.7231e-07
5.7458e-07
5.7685e-07
5.7913e-07
5.8142e-07
5.8372e-07
5.8603e-07
5.8834e-07
5.9066e-07
5.9299e-07
5.9533e-07
5.9768e-07
6.0003e-07
6.0239e-07
6.0476e-07
6.0714e-07
6.0953e-07
6.1193e-07
6.1433e-07
6.1674e-07
6.1916e-07
6.2159e-07
6.2403e-07
6.2647e-07
6.2892e-07
6.3139e-07
6.3386e-07
6.3634e-07
6.3882e-07
6.4132e-07
6.4382e-07
6.4634e-07
6.4886e-07
6.5139e-07
6.5393e-07
6.5648e-07
6.5903e-07
6.616e-07
6.6417e-07
6.6675e-07
6.6934e-07
6.7194e-07
6.7455e-07
6.7717e-07
6.798e-07
6.8243e-07
6.8508e-07
6.8773e-07
6.9039e-07
6.9306e-07
6.9575e-07
6.9843e-07
7.0113e-07
7.0384e-07
7.0656e-07
7.0928e-07
7.1202e-07
7.1476e-07
7.1752e-07
7.2028e-07
7.2305e-07
7.2583e-07
7.2862e-07
7.3142e-07
7.3423e-07
7.3705e-07
7.3988e-07
7.4272e-07
7.4556e-07
7.4842e-07
7.5129e-07
7.5416e-07
7.5705e-07
7.5994e-07
7.6285e-07
7.6576e-07
7.6869e-07
7.7162e-07
7.7456e-07
7.7752e-07
7.8048e-07
7.8345e-07
7.8644e-07
7.8943e-07
7.9243e-07
7.9544e-07
7.9847e-07
8.015e-07
8.0454e-07
8.0759e-07
8.1065e-07
8.1373e-07
8.1681e-07
8.199e-07
8.2301e-07
8.2612e-07
8.2924e-07
8.3238e-07
8.3552e-07
8.3867e-07
8.4184e-07
8.4501e-07
8.482e-07
8.5139e-07
8.546e-07
8.5782e-07
8.6104e-07
8.6428e-07
8.6753e-07
8.7079e-07
8.7406e-07
8.7734e-07
8.8063e-07
8.8393e-07
8.8724e-07
8.9056e-07
8.9389e-07
8.9724e-07
9.0059e-07
9.0396e-07
9.0734e-07
9.1072e-07
9.1412e-07
9.1753e-07
9.2095e-07
9.2438e-07
9.2782e-07
9.3128e-07
9.3474e-07
9.3822e-07
9.4171e-07
9.452e-07
9.4871e-07
9.5223e-07
9.5577e-07
9.5931e-07
9.6286e-07
9.6643e-07
9.7001e-07
9.7359e-07
9.7719e-07
9.8081e-07
9.8443e-07
9.8806e-07
9.9171e-07
9.9537e-07
9.9904e-07
1.0027e-06
1.0064e-06
1.0101e-06
1.0138e-06
1.0176e-06
1.0213e-06
1.025e-06
1.0288e-06
1.0326e-06
1.0364e-06
1.0402e-06
1.044e-06
1.0478e-06
1.0516e-06
1.0555e-06
1.0593e-06
1.0632e-06
1.0671e-06
1.071e-06
1.0749e-06
1.0788e-06
1.0828e-06
1.0867e-06
1.0907e-06
1.0946e-06
1.0986e-06
1.1026e-06
1.1066e-06
1.1106e-06
1.1147e-06
1.1187e-06
1.1228e-06
1.1268e-06
1.1309e-06
1.135e-06
1.1391e-06
1.1432e-06
1.1474e-06
1.1515e-06
1.1557e-06
1.1598e-06
1.164e-06
1.1682e-06
1.1724e-06
1.1766e-06
1.1809e-06
1.1851e-06
1.1894e-06
1.1937e-06
1.198e-06
1.2023e-06
1.2066e-06
1.2109e-06
1.2152e-06
1.2196e-06
1.224e-06
1.2283e-06
1.2327e-06
1.2371e-06
1.2416e-06
1.246e-06
1.2504e-06
1.2549e-06
1.2594e-06
1.2639e-06
1.2684e-06
1.2729e-06
1.2774e-06
1.2819e-06
1.2865e-06
1.2911e-06
1.2957e-06
1.3003e-06
1.3049e-06
1.3095e-06
1.3141e-06
1.3188e-06
1.3235e-06
1.3281e-06
1.3328e-06
1.3375e-06
1.3423e-06
1.347e-06
1.3517e-06
1.3565e-06
1.3613e-06
1.3661e-06
1.3709e-06
1.3757e-06
1.3806e-06
1.3854e-06
1.3903e-06
1.3952e-06
1.4001e-06
1.405e-06
1.4099e-06
1.4148e-06
1.4198e-06
1.4248e-06
1.4297e-06
1.4347e-06
1.4397e-06
1.4448e-06
1.4498e-06
1.4549e-06
1.4599e-06
1.465e-06
1.4701e-06
1.4752e-06
1.4804e-06
1.4855e-06
1.4907e-06
1.4959e-06
1.5011e-06
1.5063e-06
1.5115e-06
1.5167e-06
1.522e-06
1.5272e-06
1.5325e-06
1.5378e-06
1.5431e-06
1.5485e-06
1.5538e-06
1.5592e-06
1.5646e-06
1.57e-06
1.5754e-06
1.5808e-06
1.5862e-06
1.5917e-06
1.5972e-06
1.6026e-06
1.6081e-06
1.6137e-06
1.6192e-06
1.6247e-06
1.6303e-06
1.6359e-06
1.6415e-06
1.6471e-06
1.6527e-06
1.6584e-06
1.664e-06
1.6697e-06
1.6754e-06
1.6811e-06
1.6869e-06
1.6926e-06
1.6984e-06
1.7041e-06
1.7099e-06
1.7157e-06
1.7216e-06
1.7274e-06
1.7333e-06
1.7391e-06
1.745e-06
1.7509e-06
1.7569e-06
1.7628e-06
1.7688e-06
1.7747e-06
1.7807e-06
1.7867e-06
1.7928e-06
1.7988e-06
1.8049e-06
1.811e-06
1.8171e-06
1.8232e-06
1.8293e-06
1.8354e-06
1.8416e-06
1.8478e-06
1.854e-06
1.8602e-06
1.8664e-06
1.8727e-06
1.8789e-06
1.8852e-06
1.8915e-06
1.8979e-06
1.9042e-06
1.9105e-06
1.9169e-06
1.9233e-06
1.9297e-06
1.9361e-06
1.9426e-06
1.949e-06
1.9555e-06
1.962e-06
1.9685e-06
1.9751e-06
1.9816e-06
1.9882e-06
1.9948e-06
2.0014e-06
2.008e-06
2.0146e-06
2.0213e-06
2.028e-06
2.0347e-06
2.0414e-06
2.0481e-06
2.0549e-06
2.0616e-06
2.0684e-06
2.0752e-06
2.082e-06
2.0889e-06
2.0957e-06
2.1026e-06
2.1095e-06
2.1164e-06
2.1234e-06
2.1303e-06
2.1373e-06
2.1443e-06
2.1513e-06
2.1583e-06
2.1654e-06
2.1724e-06
2.1795e-06
2.1866e-06
2.1938e-06
2.2009e-06
2.2081e-06
2.2152e-06
2.2224e-06
2.2297e-06
2.2369e-06
2.2442e-06
2.2514e-06
2.2587e-06
2.266e-06
2.2734e-06
2.2807e-06
2.2881e-06
2.2955e-06
2.3029e-06
2.3104e-06
2.3178e-06
2.3253e-06
2.3328e-06
2.3403e-06
2.3478e-06
2.3554e-06
2.3629e-06
2.3705e-06
2.3781e-06
2.3858e-06
2.3934e-06
2.4011e-06
2.4088e-06
2.4165e-06
2.4242e-06
2.432e-06
2.4398e-06
2.4475e-06
2.4554e-06
2.4632e-06
2.471e-06
2.4789e-06
2.4868e-06
2.4947e-06
2.5027e-06
2.5106e-06
2.5186e-06
2.5266e-06
2.5346e-06
2.5426e-06
2.5507e-06
2.5588e-06
2.5669e-06
2.575e-06
2.5831e-06
2.5913e-06
2.5995e-06
2.6077e-06
2.6159e-06
2.6242e-06
2.6324e-06
2.6407e-06
2.649e-06
2.6574e-06
2.6657e-06
2.6741e-06
2.6825e-06
2.6909e-06
2.6993e-06
2.7078e-06
2.7163e-06
2.7248e-06
2.7333e-06
2.7418e-06
2.7504e-06
2.759e-06
2.7676e-06
2.7762e-06
2.7849e-06
2.7935e-06
2.8022e-06
2.811e-06
2.8197e-06
2.8285e-06
2.8372e-06
2.846e-06
2.8549e-06
2.8637e-06
2.8726e-06
2.8815e-06
2.8904e-06
2.8993e-06
2.9083e-06
2.9173e-06
2.9263e-06
2.9353e-06
2.9443e-06
2.9534e-06
2.9625e-06
2.9716e-06
2.9808e-06
2.9899e-06
2.9991e-06
3.0083e-06
3.0175e-06
3.0268e-06
3.0361e-06
3.0454e-06
3.0547e-06
3.064e-06
3.0734e-06
3.0828e-06
3.0922e-06
3.1016e-06
3.1111e-06
3.1205e-06
3.13e-06
3.1396e-06
3.1491e-06
3.1587e-06
3.1683e-06
3.1779e-06
3.1875e-06
3.1972e-06
3.2069e-06
3.2166e-06
3.2263e-06
3.2361e-06
3.2459e-06
3.2557e-06
3.2655e-06
3.2753e-06
3.2852e-06
3.2951e-06
3.305e-06
3.315e-06
3.3249e-06
3.3349e-06
3.3449e-06
3.355e-06
3.365e-06
3.3751e-06
3.3852e-06
3.3954e-06
3.4055e-06
3.4157e-06
3.4259e-06
3.4362e-06
3.4464e-06
3.4567e-06
3.467e-06
3.4773e-06
3.4877e-06
3.4981e-06
3.5085e-06
3.5189e-06
3.5293e-06
3.5398e-06
3.5503e-06
3.5608e-06
3.5714e-06
3.5819e-06
3.5925e-06
3.6031e-06
3.6138e-06
3.6245e-06
3.6352e-06
3.6459e-06
3.6566e-06
3.6674e-06
3.6782e-06
3.689e-06
3.6998e-06
3.7107e-06
3.7216e-06
3.7325e-06
3.7435e-06
3.7544e-06
3.7654e-06
3.7764e-06
3.7875e-06
3.7985e-06
3.8096e-06
3.8207e-06
3.8319e-06
3.8431e-06
3.8543e-06
3.8655e-06
3.8767e-06
3.888e-06
3.8993e-06
3.9106e-06
3.9219e-06
3.9333e-06
3.9447e-06
3.9561e-06
3.9676e-06
3.9791e-06
3.9906e-06
4.0021e-06
4.0136e-06
4.0252e-06
4.0368e-06
4.0484e-06
4.0601e-06
4.0718e-06
4.0835e-06
4.0952e-06
4.107e-06
4.1188e-06
4.1306e-06
4.1424e-06
4.1543e-06
4.1662e-06
4.1781e-06
4.19e-06
4.202e-06
4.214e-06
4.226e-06
4.238e-06
4.2501e-06
4.2622e-06
4.2743e-06
4.2865e-06
4.2987e-06
4.3109e-06
4.3231e-06
4.3354e-06
4.3476e-06
4.3599e-06
4.3723e-06
4.3846e-06
4.397e-06
4.4095e-06
4.4219e-06
4.4344e-06
4.4469e-06
4.4594e-06
4.4719e-06
4.4845e-06
4.4971e-06
4.5098e-06
4.5224e-06
4.5351e-06
4.5478e-06
4.5606e-06
4.5733e-06
4.5861e-06
4.5989e-06
4.6118e-06
4.6247e-06
4.6376e-06
4.6505e-06
4.6635e-06
4.6764e-06
4.6895e-06
4.7025e-06
4.7156e-06
4.7287e-06
4.7418e-06
4.7549e-06
4.7681e-06
4.7813e-06
4.7945e-06
4.8078e-06
4.8211e-06
4.8344e-06
4.8477e-06
4.8611e-06
4.8745e-06
4.8879e-06
4.9014e-06
4.9149e-06
4.9284e-06
4.9419e-06
4.9555e-06
4.9691e-06
4.9827e-06
4.9963e-06
5.01e-06
5.0237e-06
5.0375e-06
5.0512e-06
5.065e-06
5.0788e-06
5.0927e-06
5.1065e-06
5.1204e-06
5.1344e-06
5.1483e-06
5.1623e-06
5.1763e-06
5.1904e-06
5.2044e-06
5.2185e-06
5.2327e-06
5.2468e-06
5.261e-06
5.2752e-06
5.2895e-06
5.3037e-06
5.318e-06
5.3323e-06
5.3467e-06
5.3611e-06
5.3755e-06
5.3899e-06
5.4044e-06
5.4189e-06
5.4334e-06
5.448e-06
5.4626e-06
5.4772e-06
5.4918e-06
5.5065e-06
5.5212e-06
5.5359e-06
5.5507e-06
5.5655e-06
5.5803e-06
5.5951e-06
5.61e-06
5.6249e-06
5.6398e-06
5.6548e-06
5.6698e-06
5.6848e-06
5.6998e-06
5.7149e-06
5.73e-06
5.7451e-06
5.7603e-06
5.7755e-06
5.7907e-06
5.806e-06
5.8212e-06
5.8366e-06
5.8519e-06
5.8673e-06
5.8827e-06
5.8981e-06
5.9135e-06
5.929e-06
5.9445e-06
5.9601e-06
5.9757e-06
5.9913e-06
6.0069e-06
6.0225e-06
6.0382e-06
6.054e-06
6.0697e-06
6.0855e-06
6.1013e-06
6.1171e-06
6.133e-06
6.1489e-06
6.1648e-06
6.1808e-06
6.1968e-06
6.2128e-06
6.2288e-06
6.2449e-06
6.261e-06
6.2771e-06
6.2933e-06
6.3095e-06
6.3257e-06
6.342e-06
6.3583e-06
6.3746e-06
6.3909e-06
6.4073e-06
6.4237e-06
6.4401e-06
6.4566e-06
6.4731e-06
6.4896e-06
6.5062e-06
6.5227e-06
6.5393e-06
6.556e-06
6.5727e-06
6.5894e-06
6.6061e-06
6.6229e-06
6.6396e-06
6.6565e-06
6.6733e-06
6.6902e-06
6.7071e-06
6.7241e-06
6.741e-06
6.758e-06
6.7751e-06
6.7921e-06
6.8092e-06
6.8263e-06
6.8435e-06
6.8607e-06
6.8779e-06
6.8951e-06
6.9124e-06
6.9297e-06
6.9471e-06
6.9644e-06
6.9818e-06
6.9992e-06
7.0167e-06
7.0342e-06
7.0517e-06
7.0693e-06
7.0868e-06
7.1044e-06
7.1221e-06
7.1397e-06
7.1574e-06
7.1752e-06
7.1929e-06
7.2107e-06
7.2285e-06
7.2464e-06
7.2643e-06
7.2822e-06
7.3001e-06
7.3181e-06
7.3361e-06
7.3541e-06
7.3722e-06
7.3903e-06
7.4084e-06
7.4266e-06
7.4448e-06
7.463e-06
7.4812e-06
7.4995e-06
7.5178e-06
7.5361e-06
7.5545e-06
7.5729e-06
7.5913e-06
7.6098e-06
7.6283e-06
7.6468e-06
7.6654e-06
7.684e-06
7.7026e-06
7.7212e-06
7.7399e-06
7.7586e-06
7.7773e-06
7.7961e-06
7.8149e-06
7.8337e-06
7.8526e-06
7.8715e-06
7.8904e-06
7.9093e-06
7.9283e-06
7.9473e-06
7.9664e-06
7.9854e-06
8.0045e-06
8.0237e-06
8.0428e-06
8.062e-06
8.0813e-06
8.1005e-06
8.1198e-06
8.1391e-06
8.1585e-06
8.1778e-06
8.1973e-06
8.2167e-06
8.2362e-06
8.2557e-06
8.2752e-06
8.2948e-06
8.3143e-06
8.334e-06
8.3536e-06
8.3733e-06
8.393e-06
8.4128e-06
8.4325e-06
8.4524e-06
8.4722e-06
8.4921e-06
8.512e-06
8.5319e-06
8.5518e-06
8.5718e-06
8.5919e-06
8.6119e-06
8.632e-06
8.6521e-06
8.6722e-06
8.6924e-06
8.7126e-06
8.7329e-06
8.7531e-06
8.7734e-06
8.7937e-06
8.8141e-06
8.8345e-06
8.8549e-06
8.8754e-06
8.8958e-06
8.9163e-06
8.9369e-06
8.9575e-06
8.9781e-06
8.9987e-06
9.0193e-06
9.04e-06
9.0608e-06
9.0815e-06
9.1023e-06
9.1231e-06
9.144e-06
9.1648e-06
9.1857e-06
9.2067e-06
9.2276e-06
9.2486e-06
9.2697e-06
9.2907e-06
9.3118e-06
9.3329e-06
9.3541e-06
9.3752e-06
9.3964e-06
9.4177e-06
9.439e-06
9.4603e-06
9.4816e-06
9.5029e-06
9.5243e-06
9.5457e-06
9.5672e-06
9.5887e-06
9.6102e-06
9.6317e-06
9.6533e-06
9.6749e-06
9.6965e-06
9.7182e-06
9.7399e-06
9.7616e-06
9.7834e-06
9.8051e-06
9.8269e-06
9.8488e-06
9.8707e-06
9.8926e-06
9.9145e-06
9.9364e-06
9.9584e-06
9.9805e-06
1.0003e-05
1.0025e-05
1.0047e-05
1.0069e-05
1.0091e-05
1.0113e-05
1.0135e-05
1.0158e-05
1.018e-05
1.0202e-05
1.0225e-05
1.0247e-05
1.0269e-05
1.0292e-05
1.0314e-05
1.0337e-05
1.0359e-05
1.0382e-05
1.0405e-05
1.0427e-05
1.045e-05
1.0472e-05
1.0495e-05
1.0518e-05
1.0541e-05
1.0563e-05
1.0586e-05
1.0609e-05
1.0632e-05
1.0655e-05
1.0678e-05
1.0701e-05
1.0724e-05
1.0747e-05
1.077e-05
1.0793e-05
1.0816e-05
1.0839e-05
1.0862e-05
1.0886e-05
1.0909e-05
1.0932e-05
1.0955e-05
1.0979e-05
1.1002e-05
1.1025e-05
1.1049e-05
1.1072e-05
1.1096e-05
1.1119e-05
1.1143e-05
1.1166e-05
1.119e-05
1.1213e-05
1.1237e-05
1.1261e-05
1.1284e-05
1.1308e-05
1.1332e-05
1.1356e-05
1.1379e-05
1.1403e-05
1.1427e-05
1.1451e-05
1.1475e-05
1.1499e-05
1.1523e-05
1.1547e-05
1.1571e-05
1.1595e-05
1.1619e-05
1.1643e-05
1.1667e-05
1.1691e-05
1.1716e-05
1.174e-05
1.1764e-05
1.1788e-05
1.1813e-05
1.1837e-05
1.1861e-05
1.1886e-05
1.191e-05
1.1935e-05
1.1959e-05
1.1984e-05
1.2008e-05
1.2033e-05
1.2057e-05
1.2082e-05
1.2107e-05
1.2131e-05
1.2156e-05
1.2181e-05
1.2206e-05
1.223e-05
1.2255e-05
1.228e-05
1.2305e-05
1.233e-05
1.2355e-05
1.238e-05
1.2405e-05
1.243e-05
1.2455e-05
1.248e-05
1.2505e-05
1.253e-05
1.2555e-05
1.258e-05
1.2605e-05
1.263e-05
1.2656e-05
1.2681e-05
1.2706e-05
1.2732e-05
1.2757e-05
1.2782e-05
1.2808e-05
1.2833e-05
1.2859e-05
1.2884e-05
1.291e-05
1.2935e-05
1.2961e-05
1.2986e-05
1.3012e-05
1.3037e-05
1.3063e-05
1.3089e-05
1.3115e-05
1.314e-05
1.3166e-05
1.3192e-05
1.3218e-05
1.3243e-05
1.3269e-05
1.3295e-05
1.3321e-05
1.3347e-05
1.3373e-05
1.3399e-05
1.3425e-05
1.3451e-05
1.3477e-05
1.3503e-05
1.3529e-05
1.3556e-05
1.3582e-05
1.3608e-05
1.3634e-05
1.366e-05
1.3687e-05
1.3713e-05
1.3739e-05
1.3766e-05
1.3792e-05
1.3818e-05
1.3845e-05
1.3871e-05
1.3898e-05
1.3924e-05
1.3951e-05
1.3977e-05
1.4004e-05
1.403e-05
1.4057e-05
1.4084e-05
1.411e-05
1.4137e-05
1.4164e-05
1.419e-05
1.4217e-05
1.4244e-05
1.4271e-05
1.4297e-05
1.4324e-05
1.4351e-05
1.4378e-05
1.4405e-05
1.4432e-05
1.4459e-05
1.4486e-05
1.4513e-05
1.454e-05
1.4567e-05
1.4594e-05
1.4621e-05
1.4648e-05
1.4675e-05
1.4703e-05
1.473e-05
1.4757e-05
1.4784e-05
1.4811e-05
1.4839e-05
1.4866e-05
1.4893e-05
1.4921e-05
1.4948e-05
1.4976e-05
1.5003e-05
1.503e-05
1.5058e-05
1.5085e-05
1.5113e-05
1.514e-05
1.5168e-05
1.5195e-05
1.5223e-05
1.5251e-05
1.5278e-05
1.5306e-05
1.5334e-05
1.5361e-05
1.5389e-05
1.5417e-05
1.5444e-05
1.5472e-05
1.55e-05
1.5528e-05
1.5556e-05
1.5584e-05
1.5611e-05
1.5639e-05
1.5667e-05
1.5695e-05
1.5723e-05
1.5751e-05
1.5779e-05
1.5807e-05
1.5835e-05
1.5863e-05
1.5891e-05
1.5919e-05
1.5948e-05
1.5976e-05
1.6004e-05
1.6032e-05
1.606e-05
1.6088e-05
1.6117e-05
1.6145e-05
1.6173e-05
1.6202e-05
1.623e-05
1.6258e-05
1.6287e-05
1.6315e-05
1.6343e-05
1.6372e-05
1.64e-05
1.6429e-05
1.6457e-05
1.6486e-05
1.6514e-05
1.6543e-05
1.6571e-05
1.66e-05
1.6628e-05
1.6657e-05
1.6685e-05
1.6714e-05
1.6743e-05
1.6771e-05
1.68e-05
1.6829e-05
1.6857e-05
1.6886e-05
1.6915e-05
1.6944e-05
1.6972e-05
1.7001e-05
1.703e-05
1.7059e-05
1.7088e-05
1.7117e-05
1.7146e-05
1.7174e-05
1.7203e-05
1.7232e-05
1.7261e-05
1.729e-05
1.7319e-05
1.7348e-05
1.7377e-05
1.7406e-05
1.7435e-05
1.7464e-05
1.7493e-05
1.7522e-05
1.7552e-05
1.7581e-05
1.761e-05
1.7639e-05
1.7668e-05
1.7697e-05
1.7727e-05
1.7756e-05
1.7785e-05
1.7814e-05
1.7843e-05
1.7873e-05
1.7902e-05
1.7931e-05
1.7961e-05
1.799e-05
1.8019e-05
1.8049e-05
1.8078e-05
1.8107e-05
1.8137e-05
1.8166e-05
1.8196e-05
1.8225e-05
1.8254e-05
1.8284e-05
1.8313e-05
1.8343e-05
1.8372e-05
1.8402e-05
1.8431e-05
1.8461e-05
1.8491e-05
1.852e-05
1.855e-05
1.8579e-05
1.8609e-05
1.8638e-05
1.8668e-05
1.8698e-05
1.8727e-05
1.8757e-05
1.8787e-05
1.8816e-05
1.8846e-05
1.8876e-05
1.8905e-05
1.8935e-05
1.8965e-05
1.8995e-05
1.9024e-05
1.9054e-05
1.9084e-05
1.9114e-05
1.9144e-05
1.9173e-05
1.9203e-05
1.9233e-05
1.9263e-05
1.9293e-05
1.9323e-05
1.9353e-05
1.9382e-05
1.9412e-05
1.9442e-05
1.9472e-05
1.9502e-05
1.9532e-05
1.9562e-05
1.9592e-05
1.9622e-05
1.9652e-05
1.9682e-05
1.9712e-05
1.9742e-05
1.9772e-05
1.9802e-05
1.9832e-05
1.9862e-05
1.9892e-05
1.9922e-05
1.9952e-05
1.9982e-05
2.0012e-05
2.0042e-05
2.0072e-05
2.0102e-05
2.0132e-05
2.0162e-05
2.0193e-05
2.0223e-05
2.0253e-05
2.0283e-05
2.0313e-05
2.0343e-05
2.0373e-05
2.0404e-05
2.0434e-05
2.0464e-05
2.0494e-05
2.0524e-05
2.0554e-05
2.0585e-05
2.0615e-05
2.0645e-05
2.0675e-05
2.0705e-05
2.0736e-05
2.0766e-05
2.0796e-05
2.0826e-05
2.0857e-05
2.0887e-05
2.0917e-05
2.0947e-05
2.0978e-05
2.1008e-05
2.1038e-05
2.1068e-05
2.1099e-05
2.1129e-05
2.1159e-05
2.1189e-05
2.122e-05
2.125e-05
2.128e-05
2.1311e-05
2.1341e-05
2.1371e-05
2.1402e-05
2.1432e-05
2.1462e-05
2.1492e-05
2.1523e-05
2.1553e-05
2.1583e-05
2.1614e-05
2.1644e-05
2.1674e-05
2.1705e-05
2.1735e-05
2.1765e-05
2.1796e-05
2.1826e-05
2.1856e-05
2.1887e-05
2.1917e-05
2.1947e-05
2.1978e-05
2.2008e-05
2.2038e-05
2.2069e-05
2.2099e-05
2.2129e-05
2.216e-05
2.219e-05
2.222e-05
2.2251e-05
2.2281e-05
2.2311e-05
2.2342e-05
2.2372e-05
2.2402e-05
2.2433e-05
2.2463e-05
2.2493e-05
2.2524e-05
2.2554e-05
2.2584e-05
2.2615e-05
2.2645e-05
2.2675e-05
2.2706e-05
2.2736e-05
2.2766e-05
2.2797e-05
2.2827e-05
2.2857e-05
2.2888e-05
2.2918e-05
2.2948e-05
2.2978e-05
2.3009e-05
2.3039e-05
2.3069e-05
2.31e-05
2.313e-05
2.316e-05
2.319e-05
2.3221e-05
2.3251e-05
2.3281e-05
2.3311e-05
2.3342e-05
2.3372e-05
2.3402e-05
2.3432e-05
2.3463e-05
2.3493e-05
2.3523e-05
2.3553e-05
2.3583e-05
2.3614e-05
2.3644e-05
2.3674e-05
2.3704e-05
2.3734e-05
2.3765e-05
2.3795e-05
2.3825e-05
2.3855e-05
2.3885e-05
2.3915e-05
2.3945e-05
2.3976e-05
2.4006e-05
2.4036e-05
2.4066e-05
2.4096e-05
2.4126e-05
2.4156e-05
2.4186e-05
2.4216e-05
2.4246e-05
2.4276e-05
2.4306e-05
2.4336e-05
2.4366e-05
2.4396e-05
2.4426e-05
2.4456e-05
2.4486e-05
2.4516e-05
2.4546e-05
2.4576e-05
2.4606e-05
2.4636e-05
2.4666e-05
2.4696e-05
2.4726e-05
2.4756e-05
2.4786e-05
2.4816e-05
2.4845e-05
2.4875e-05
2.4905e-05
2.4935e-05
2.4965e-05
2.4995e-05
2.5024e-05
2.5054e-05
2.5084e-05
2.5114e-05
2.5143e-05
2.5173e-05
2.5203e-05
2.5233e-05
2.5262e-05
2.5292e-05
2.5322e-05
2.5351e-05
2.5381e-05
2.5411e-05
2.544e-05
2.547e-05
2.5499e-05
2.5529e-05
2.5559e-05
2.5588e-05
2.5618e-05
2.5647e-05
2.5677e-05
2.5706e-05
2.5736e-05
2.5765e-05
2.5795e-05
2.5824e-05
2.5853e-05
2.5883e-05
2.5912e-05
2.5942e-05
2.5971e-05
2.6e-05
2.603e-05
2.6059e-05
2.6088e-05
2.6118e-05
2.6147e-05
2.6176e-05
2.6205e-05
2.6234e-05
2.6264e-05
2.6293e-05
2.6322e-05
2.6351e-05
2.638e-05
2.6409e-05
2.6438e-05
2.6468e-05
2.6497e-05
2.6526e-05
2.6555e-05
2.6584e-05
2.6613e-05
2.6642e-05
2.6671e-05
2.67e-05
2.6728e-05
2.6757e-05
2.6786e-05
2.6815e-05
2.6844e-05
2.6873e-05
2.6902e-05
2.693e-05
2.6959e-05
2.6988e-05
2.7016e-05
2.7045e-05
2.7074e-05
2.7103e-05
2.7131e-05
2.716e-05
2.7188e-05
2.7217e-05
2.7245e-05
2.7274e-05
2.7302e-05
2.7331e-05
2.7359e-05
2.7388e-05
2.7416e-05
2.7445e-05
2.7473e-05
2.7501e-05
2.753e-05
2.7558e-05
2.7586e-05
2.7615e-05
2.7643e-05
2.7671e-05
2.7699e-05
2.7727e-05
2.7756e-05
2.7784e-05
2.7812e-05
2.784e-05
2.7868e-05
2.7896e-05
2.7924e-05
2.7952e-05
2.798e-05
2.8008e-05
2.8036e-05
2.8064e-05
2.8091e-05
2.8119e-05
2.8147e-05
2.8175e-05
2.8203e-05
2.823e-05
2.8258e-05
2.8286e-05
2.8313e-05
2.8341e-05
2.8369e-05
2.8396e-05
2.8424e-05
2.8451e-05
2.8479e-05
2.8506e-05
2.8534e-05
2.8561e-05
2.8588e-05
2.8616e-05
2.8643e-05
2.867e-05
2.8698e-05
2.8725e-05
2.8752e-05
2.8779e-05
2.8806e-05
2.8833e-05
2.8861e-05
2.8888e-05
2.8915e-05
2.8942e-05
2.8969e-05
2.8996e-05
2.9022e-05
2.9049e-05
2.9076e-05
2.9103e-05
2.913e-05
2.9157e-05
2.9183e-05
2.921e-05
2.9237e-05
2.9263e-05
2.929e-05
2.9317e-05
2.9343e-05
2.937e-05
2.9396e-05
2.9423e-05
2.9449e-05
2.9476e-05
2.9502e-05
2.9528e-05
2.9555e-05
2.9581e-05
2.9607e-05
2.9633e-05
2.9659e-05
2.9686e-05
2.9712e-05
2.9738e-05
2.9764e-05
2.979e-05
2.9816e-05
2.9842e-05
2.9868e-05
2.9893e-05
2.9919e-05
2.9945e-05
2.9971e-05
2.9997e-05
3.0022e-05
3.0048e-05
3.0074e-05
3.0099e-05
3.0125e-05
3.015e-05
3.0176e-05
3.0201e-05
3.0227e-05
3.0252e-05
3.0277e-05
3.0303e-05
3.0328e-05
3.0353e-05
3.0379e-05
3.0404e-05
3.0429e-05
3.0454e-05
3.0479e-05
3.0504e-05
3.0529e-05
3.0554e-05
3.0579e-05
3.0604e-05
3.0629e-05
3.0653e-05
3.0678e-05
3.0703e-05
3.0728e-05
3.0752e-05
3.0777e-05
3.0801e-05
3.0826e-05
3.0851e-05
3.0875e-05
3.0899e-05
3.0924e-05
3.0948e-05
3.0972e-05
3.0997e-05
3.1021e-05
3.1045e-05
3.1069e-05
3.1093e-05
3.1117e-05
3.1141e-05
3.1165e-05
3.1189e-05
3.1213e-05
3.1237e-05
3.1261e-05
3.1285e-05
3.1309e-05
3.1332e-05
3.1356e-05
3.138e-05
3.1403e-05
3.1427e-05
3.145e-05
3.1474e-05
3.1497e-05
3.152e-05
3.1544e-05
3.1567e-05
3.159e-05
3.1613e-05
3.1637e-05
3.166e-05
3.1683e-05
3.1706e-05
3.1729e-05
3.1752e-05
3.1775e-05
3.1798e-05
3.182e-05
3.1843e-05
3.1866e-05
3.1889e-05
3.1911e-05
3.1934e-05
3.1956e-05
3.1979e-05
3.2001e-05
3.2024e-05
3.2046e-05
3.2069e-05
3.2091e-05
3.2113e-05
3.2135e-05
3.2157e-05
3.218e-05
3.2202e-05
3.2224e-05
3.2246e-05
3.2267e-05
3.2289e-05
3.2311e-05
3.2333e-05
3.2355e-05
3.2376e-05
3.2398e-05
3.242e-05
3.2441e-05
3.2463e-05
3.2484e-05
3.2506e-05
3.2527e-05
3.2548e-05
3.257e-05
3.2591e-05
3.2612e-05
3.2633e-05
3.2654e-05
3.2675e-05
3.2696e-05
3.2717e-05
3.2738e-05
3.2759e-05
3.278e-05
3.28e-05
3.2821e-05
3.2842e-05
3.2862e-05
3.2883e-05
3.2903e-05
3.2924e-05
3.2944e-05
3.2965e-05
3.2985e-05
3.3005e-05
3.3025e-05
3.3046e-05
3.3066e-05
3.3086e-05
3.3106e-05
3.3126e-05
3.3146e-05
3.3166e-05
3.3185e-05
3.3205e-05
3.3225e-05
3.3244e-05
3.3264e-05
3.3284e-05
3.3303e-05
3.3323e-05
3.3342e-05
3.3361e-05
3.3381e-05
3.34e-05
3.3419e-05
3.3438e-05
3.3457e-05
3.3476e-05
3.3495e-05
3.3514e-05
3.3533e-05
3.3552e-05
3.3571e-05
3.3589e-05
3.3608e-05
3.3627e-05
3.3645e-05
3.3664e-05
3.3682e-05
3.3701e-05
3.3719e-05
3.3737e-05
3.3755e-05
3.3774e-05
3.3792e-05
3.381e-05
3.3828e-05
3.3846e-05
3.3864e-05
3.3882e-05
3.3899e-05
3.3917e-05
3.3935e-05
3.3953e-05
3.397e-05
3.3988e-05
3.4005e-05
3.4023e-05
3.404e-05
3.4057e-05
3.4075e-05
3.4092e-05
3.4109e-05
3.4126e-05
3.4143e-05
3.416e-05
3.4177e-05
3.4194e-05
3.4211e-05
3.4227e-05
3.4244e-05
3.4261e-05
3.4277e-05
3.4294e-05
3.431e-05
3.4327e-05
3.4343e-05
3.436e-05
3.4376e-05
3.4392e-05
3.4408e-05
3.4424e-05
3.444e-05
3.4456e-05
3.4472e-05
3.4488e-05
3.4504e-05
3.4519e-05
3.4535e-05
3.4551e-05
3.4566e-05
3.4582e-05
3.4597e-05
3.4613e-05
3.4628e-05
3.4643e-05
3.4658e-05
3.4674e-05
3.4689e-05
3.4704e-05
3.4719e-05
3.4734e-05
3.4749e-05
3.4763e-05
3.4778e-05
3.4793e-05
3.4807e-05
3.4822e-05
3.4836e-05
3.4851e-05
3.4865e-05
3.488e-05
3.4894e-05
3.4908e-05
3.4922e-05
3.4936e-05
3.495e-05
3.4964e-05
3.4978e-05
3.4992e-05
3.5006e-05
3.502e-05
3.5033e-05
3.5047e-05
3.506e-05
3.5074e-05
3.5087e-05
3.5101e-05
3.5114e-05
3.5127e-05
3.514e-05
3.5153e-05
3.5167e-05
3.518e-05
3.5192e-05
3.5205e-05
3.5218e-05
3.5231e-05
3.5244e-05
3.5256e-05
3.5269e-05
3.5281e-05
3.5294e-05
3.5306e-05
3.5318e-05
3.5331e-05
3.5343e-05
3.5355e-05
3.5367e-05
3.5379e-05
3.5391e-05
3.5403e-05
3.5415e-05
3.5426e-05
3.5438e-05
3.545e-05
3.5461e-05
3.5473e-05
3.5484e-05
3.5496e-05
3.5507e-05
3.5518e-05
3.5529e-05
3.554e-05
3.5552e-05
3.5563e-05
3.5573e-05
3.5584e-05
3.5595e-05
3.5606e-05
3.5617e-05
3.5627e-05
3.5638e-05
3.5648e-05
3.5659e-05
3.5669e-05
3.5679e-05
3.569e-05
3.57e-05
3.571e-05
3.572e-05
3.573e-05
3.574e-05
3.575e-05
3.5759e-05
3.5769e-05
3.5779e-05
3.5788e-05
3.5798e-05
3.5807e-05
3.5817e-05
3.5826e-05
3.5835e-05
3.5844e-05
3.5854e-05
3.5863e-05
3.5872e-05
3.5881e-05
3.5889e-05
3.5898e-05
3.5907e-05
3.5916e-05
3.5924e-05
3.5933e-05
3.5941e-05
3.595e-05
3.5958e-05
3.5966e-05
3.5975e-05
3.5983e-05
3.5991e-05
3.5999e-05
3.6007e-05
3.6015e-05
3.6022e-05
3.603e-05
3.6038e-05
3.6046e-05
3.6053e-05
3.6061e-05
3.6068e-05
3.6075e-05
3.6083e-05
3.609e-05
3.6097e-05
3.6104e-05
3.6111e-05
3.6118e-05
3.6125e-05
3.6132e-05
3.6139e-05
3.6145e-05
3.6152e-05
3.6158e-05
3.6165e-05
3.6171e-05
3.6178e-05
3.6184e-05
3.619e-05
3.6196e-05
3.6202e-05
3.6208e-05
3.6214e-05
3.622e-05
3.6226e-05
3.6232e-05
3.6238e-05
3.6243e-05
3.6249e-05
3.6254e-05
3.626e-05
3.6265e-05
3.627e-05
3.6275e-05
3.6281e-05
3.6286e-05
3.6291e-05
3.6296e-05
3.6301e-05
3.6305e-05
3.631e-05
3.6315e-05
3.6319e-05
3.6324e-05
3.6328e-05
3.6333e-05
3.6337e-05
3.6341e-05
3.6346e-05
3.635e-05
3.6354e-05
3.6358e-05
3.6362e-05
3.6366e-05
3.6369e-05
3.6373e-05
3.6377e-05
3.638e-05
3.6384e-05
3.6387e-05
3.6391e-05
3.6394e-05
3.6397e-05
3.64e-05
3.6404e-05
3.6407e-05
3.641e-05
3.6412e-05
3.6415e-05
3.6418e-05
3.6421e-05
3.6423e-05
3.6426e-05
3.6428e-05
3.6431e-05
3.6433e-05
3.6436e-05
3.6438e-05
3.644e-05
3.6442e-05
3.6444e-05
3.6446e-05
3.6448e-05
3.645e-05
3.6451e-05
3.6453e-05
3.6455e-05
3.6456e-05
3.6458e-05
3.6459e-05
3.646e-05
3.6462e-05
3.6463e-05
3.6464e-05
3.6465e-05
3.6466e-05
3.6467e-05
3.6468e-05
3.6469e-05
3.6469e-05
3.647e-05
3.6471e-05
3.6471e-05
3.6471e-05
3.6472e-05
3.6472e-05
3.6472e-05
3.6473e-05
3.6473e-05
3.6473e-05
3.6473e-05
3.6473e-05
3.6472e-05
3.6472e-05
3.6472e-05
3.6471e-05
3.6471e-05
3.647e-05
3.647e-05
3.6469e-05
3.6468e-05
3.6468e-05
3.6467e-05
3.6466e-05
3.6465e-05
3.6464e-05
3.6463e-05
3.6462e-05
3.646e-05
3.6459e-05
3.6457e-05
3.6456e-05
3.6454e-05
3.6453e-05
3.6451e-05
3.6449e-05
3.6448e-05
3.6446e-05
3.6444e-05
3.6442e-05
3.644e-05
3.6437e-05
3.6435e-05
3.6433e-05
3.6431e-05
3.6428e-05
3.6426e-05
3.6423e-05
3.642e-05
3.6418e-05
3.6415e-05
3.6412e-05
3.6409e-05
3.6406e-05
3.6403e-05
3.64e-05
3.6397e-05
3.6394e-05
3.639e-05
3.6387e-05
3.6383e-05
3.638e-05
3.6376e-05
3.6373e-05
3.6369e-05
3.6365e-05
3.6361e-05
3.6357e-05
3.6353e-05
3.6349e-05
3.6345e-05
3.6341e-05
3.6337e-05
3.6332e-05
3.6328e-05
3.6323e-05
3.6319e-05
3.6314e-05
3.6309e-05
3.6305e-05
3.63e-05
3.6295e-05
3.629e-05
3.6285e-05
3.628e-05
3.6275e-05
3.627e-05
3.6264e-05
3.6259e-05
3.6253e-05
3.6248e-05
3.6242e-05
3.6237e-05
3.6231e-05
3.6225e-05
3.622e-05
3.6214e-05
3.6208e-05
3.6202e-05
3.6196e-05
3.6189e-05
3.6183e-05
3.6177e-05
3.617e-05
3.6164e-05
3.6158e-05
3.6151e-05
3.6144e-05
3.6138e-05
3.6131e-05
3.6124e-05
3.6117e-05
3.611e-05
3.6103e-05
3.6096e-05
3.6089e-05
3.6082e-05
3.6074e-05
3.6067e-05
3.606e-05
3.6052e-05
3.6044e-05
3.6037e-05
3.6029e-05
3.6021e-05
3.6014e-05
3.6006e-05
3.5998e-05
3.599e-05
3.5982e-05
3.5973e-05
3.5965e-05
3.5957e-05
3.5949e-05
3.594e-05
3.5932e-05
3.5923e-05
3.5914e-05
3.5906e-05
3.5897e-05
3.5888e-05
3.5879e-05
3.587e-05
3.5861e-05
3.5852e-05
3.5843e-05
3.5834e-05
3.5825e-05
3.5815e-05
3.5806e-05
3.5797e-05
3.5787e-05
3.5777e-05
3.5768e-05
3.5758e-05
3.5748e-05
3.5738e-05
3.5728e-05
3.5718e-05
3.5708e-05
3.5698e-05
3.5688e-05
3.5678e-05
3.5668e-05
3.5657e-05
3.5647e-05
3.5636e-05
3.5626e-05
3.5615e-05
3.5604e-05
3.5594e-05
3.5583e-05
3.5572e-05
3.5561e-05
3.555e-05
3.5539e-05
3.5528e-05
3.5517e-05
3.5505e-05
3.5494e-05
3.5483e-05
3.5471e-05
3.546e-05
3.5448e-05
3.5437e-05
3.5425e-05
3.5413e-05
3.5401e-05
3.5389e-05
3.5377e-05
3.5365e-05
3.5353e-05
3.5341e-05
3.5329e-05
3.5317e-05
3.5304e-05
3.5292e-05
3.528e-05
3.5267e-05
3.5254e-05
3.5242e-05
3.5229e-05
3.5216e-05
3.5204e-05
3.5191e-05
3.5178e-05
3.5165e-05
3.5152e-05
3.5139e-05
3.5125e-05
3.5112e-05
3.5099e-05
3.5085e-05
3.5072e-05
3.5059e-05
3.5045e-05
3.5031e-05
3.5018e-05
3.5004e-05
3.499e-05
3.4976e-05
3.4962e-05
3.4948e-05
3.4934e-05
3.492e-05
3.4906e-05
3.4892e-05
3.4878e-05
3.4863e-05
3.4849e-05
3.4834e-05
3.482e-05
3.4805e-05
3.4791e-05
3.4776e-05
3.4761e-05
3.4747e-05
3.4732e-05
3.4717e-05
3.4702e-05
3.4687e-05
3.4672e-05
3.4656e-05
3.4641e-05
3.4626e-05
3.4611e-05
3.4595e-05
3.458e-05
3.4564e-05
3.4549e-05
3.4533e-05
3.4517e-05
3.4502e-05
3.4486e-05
3.447e-05
3.4454e-05
3.4438e-05
3.4422e-05
3.4406e-05
3.439e-05
3.4374e-05
3.4357e-05
3.4341e-05
3.4325e-05
3.4308e-05
3.4292e-05
3.4275e-05
3.4259e-05
3.4242e-05
3.4225e-05
3.4208e-05
3.4192e-05
3.4175e-05
3.4158e-05
3.4141e-05
3.4124e-05
3.4107e-05
3.4089e-05
3.4072e-05
3.4055e-05
3.4038e-05
3.402e-05
3.4003e-05
3.3985e-05
3.3968e-05
3.395e-05
3.3933e-05
3.3915e-05
3.3897e-05
3.3879e-05
3.3861e-05
3.3843e-05
3.3826e-05
3.3807e-05
3.3789e-05
3.3771e-05
3.3753e-05
3.3735e-05
3.3716e-05
3.3698e-05
3.368e-05
3.3661e-05
3.3643e-05
3.3624e-05
3.3606e-05
3.3587e-05
3.3568e-05
3.3549e-05
3.3531e-05
3.3512e-05
3.3493e-05
3.3474e-05
3.3455e-05
3.3436e-05
3.3416e-05
3.3397e-05
3.3378e-05
3.3359e-05
3.3339e-05
3.332e-05
3.33e-05
3.3281e-05
3.3261e-05
3.3242e-05
3.3222e-05
3.3202e-05
3.3183e-05
3.3163e-05
3.3143e-05
3.3123e-05
3.3103e-05
3.3083e-05
3.3063e-05
3.3043e-05
3.3023e-05
3.3003e-05
3.2982e-05
3.2962e-05
3.2942e-05
3.2921e-05
3.2901e-05
3.288e-05
3.286e-05
3.2839e-05
3.2818e-05
3.2798e-05
3.2777e-05
3.2756e-05
3.2735e-05
3.2714e-05
3.2693e-05
3.2672e-05
3.2651e-05
3.263e-05
3.2609e-05
3.2588e-05
3.2567e-05
3.2545e-05
3.2524e-05
3.2503e-05
3.2481e-05
3.246e-05
3.2438e-05
3.2417e-05
3.2395e-05
3.2374e-05
3.2352e-05
3.233e-05
3.2308e-05
3.2286e-05
3.2265e-05
3.2243e-05
3.2221e-05
3.2199e-05
3.2177e-05
3.2154e-05
3.2132e-05
3.211e-05
3.2088e-05
3.2066e-05
3.2043e-05
3.2021e-05
3.1998e-05
3.1976e-05
3.1953e-05
3.1931e-05
3.1908e-05
3.1886e-05
3.1863e-05
3.184e-05
3.1817e-05
3.1795e-05
3.1772e-05
3.1749e-05
3.1726e-05
3.1703e-05
3.168e-05
3.1657e-05
3.1634e-05
3.161e-05
3.1587e-05
3.1564e-05
3.1541e-05
3.1517e-05
3.1494e-05
3.147e-05
3.1447e-05
3.1423e-05
3.14e-05
3.1376e-05
3.1353e-05
3.1329e-05
3.1305e-05
3.1282e-05
3.1258e-05
3.1234e-05
3.121e-05
3.1186e-05
3.1162e-05
3.1138e-05
3.1114e-05
3.109e-05
3.1066e-05
3.1042e-05
3.1018e-05
3.0993e-05
3.0969e-05
3.0945e-05
3.092e-05
3.0896e-05
3.0872e-05
3.0847e-05
3.0823e-05
3.0798e-05
3.0774e-05
3.0749e-05
3.0724e-05
3.07e-05
3.0675e-05
3.065e-05
3.0625e-05
3.06e-05
3.0576e-05
3.0551e-05
3.0526e-05
3.0501e-05
3.0476e-05
3.0451e-05
3.0425e-05
3.04e-05
3.0375e-05
3.035e-05
3.0325e-05
3.0299e-05
3.0274e-05
3.0249e-05
3.0223e-05
3.0198e-05
3.0172e-05
3.0147e-05
3.0121e-05
3.0096e-05
3.007e-05
3.0045e-05
3.0019e-05
2.9993e-05
2.9967e-05
2.9942e-05
2.9916e-05
2.989e-05
2.9864e-05
2.9838e-05
2.9812e-05
2.9786e-05
2.976e-05
2.9734e-05
2.9708e-05
2.9682e-05
2.9656e-05
2.963e-05
2.9603e-05
2.9577e-05
2.9551e-05
2.9525e-05
2.9498e-05
2.9472e-05
2.9446e-05
2.9419e-05
2.9393e-05
2.9366e-05
2.934e-05
2.9313e-05
2.9286e-05
2.926e-05
2.9233e-05
2.9207e-05
2.918e-05
2.9153e-05
2.9126e-05
2.9099e-05
2.9073e-05
2.9046e-05
2.9019e-05
2.8992e-05
2.8965e-05
2.8938e-05
2.8911e-05
2.8884e-05
2.8857e-05
2.883e-05
2.8803e-05
2.8775e-05
2.8748e-05
2.8721e-05
2.8694e-05
2.8667e-05
2.8639e-05
2.8612e-05
2.8585e-05
2.8557e-05
2.853e-05
2.8502e-05
2.8475e-05
2.8447e-05
2.842e-05
2.8392e-05
2.8365e-05
2.8337e-05
2.831e-05
2.8282e-05
2.8254e-05
2.8227e-05
2.8199e-05
2.8171e-05
2.8143e-05
2.8115e-05
2.8088e-05
2.806e-05
2.8032e-05
2.8004e-05
2.7976e-05
2.7948e-05
2.792e-05
2.7892e-05
2.7864e-05
2.7836e-05
2.7808e-05
2.778e-05
2.7752e-05
2.7724e-05
2.7695e-05
2.7667e-05
2.7639e-05
2.7611e-05
2.7583e-05
2.7554e-05
2.7526e-05
2.7498e-05
2.7469e-05
2.7441e-05
2.7412e-05
2.7384e-05
2.7356e-05
2.7327e-05
2.7299e-05
2.727e-05
2.7242e-05
2.7213e-05
2.7184e-05
2.7156e-05
2.7127e-05
2.7099e-05
2.707e-05
2.7041e-05
2.7013e-05
2.6984e-05
2.6955e-05
2.6926e-05
2.6898e-05
2.6869e-05
2.684e-05
2.6811e-05
2.6782e-05
2.6753e-05
2.6725e-05
2.6696e-05
2.6667e-05
2.6638e-05
2.6609e-05
2.658e-05
2.6551e-05
2.6522e-05
2.6493e-05
2.6464e-05
2.6435e-05
2.6405e-05
2.6376e-05
2.6347e-05
2.6318e-05
2.6289e-05
2.626e-05
2.6231e-05
2.6201e-05
2.6172e-05
2.6143e-05
2.6114e-05
2.6084e-05
2.6055e-05
2.6026e-05
2.5996e-05
2.5967e-05
2.5938e-05
2.5908e-05
2.5879e-05
2.5849e-05
2.582e-05
2.5791e-05
2.5761e-05
2.5732e-05
2.5702e-05
2.5673e-05
2.5643e-05
2.5614e-05
2.5584e-05
2.5555e-05
2.5525e-05
2.5495e-05
2.5466e-05
2.5436e-05
2.5407e-05
2.5377e-05
2.5347e-05
2.5318e-05
2.5288e-05
2.5258e-05
2.5229e-05
2.5199e-05
2.5169e-05
2.5139e-05
2.511e-05
2.508e-05
2.505e-05
2.502e-05
2.4991e-05
2.4961e-05
2.4931e-05
2.4901e-05
2.4871e-05
2.4841e-05
2.4812e-05
2.4782e-05
2.4752e-05
2.4722e-05
2.4692e-05
2.4662e-05
2.4632e-05
2.4602e-05
2.4572e-05
2.4542e-05
2.4512e-05
2.4482e-05
2.4452e-05
2.4422e-05
2.4392e-05
2.4362e-05
2.4332e-05
2.4302e-05
2.4272e-05
2.4242e-05
2.4212e-05
2.4182e-05
2.4152e-05
2.4122e-05
2.4092e-05
2.4062e-05
2.4032e-05
2.4002e-05
2.3971e-05
2.3941e-05
2.3911e-05
2.3881e-05
2.3851e-05
2.3821e-05
2.3791e-05
2.376e-05
2.373e-05
2.37e-05
2.367e-05
2.364e-05
2.361e-05
2.3579e-05
2.3549e-05
2.3519e-05
2.3489e-05
2.3459e-05
2.3428e-05
2.3398e-05
2.3368e-05
2.3338e-05
2.3307e-05
2.3277e-05
2.3247e-05
2.3217e-05
2.3186e-05
2.3156e-05
2.3126e-05
2.3095e-05
2.3065e-05
2.3035e-05
2.3005e-05
2.2974e-05
2.2944e-05
2.2914e-05
2.2883e-05
2.2853e-05
2.2823e-05
2.2793e-05
2.2762e-05
2.2732e-05
2.2702e-05
2.2671e-05
2.2641e-05
2.2611e-05
2.258e-05
2.255e-05
2.252e-05
2.2489e-05
2.2459e-05
2.2429e-05
2.2398e-05
2.2368e-05
2.2338e-05
2.2307e-05
2.2277e-05
2.2247e-05
2.2216e-05
2.2186e-05
2.2156e-05
2.2125e-05
2.2095e-05
2.2065e-05
2.2034e-05
2.2004e-05
2.1974e-05
2.1943e-05
2.1913e-05
2.1883e-05
2.1852e-05
2.1822e-05
2.1792e-05
2.1761e-05
2.1731e-05
2.1701e-05
2.167e-05
2.164e-05
2.161e-05
2.1579e-05
2.1549e-05
2.1519e-05
2.1488e-05
2.1458e-05
2.1428e-05
2.1397e-05
2.1367e-05
2.1337e-05
2.1307e-05
2.1276e-05
2.1246e-05
2.1216e-05
2.1185e-05
2.1155e-05
2.1125e-05
2.1095e-05
2.1064e-05
2.1034e-05
2.1004e-05
2.0973e-05
2.0943e-05
2.0913e-05
2.0883e-05
2.0852e-05
2.0822e-05
2.0792e-05
2.0762e-05
2.0732e-05
2.0701e-05
2.0671e-05
2.0641e-05
2.0611e-05
2.0581e-05
2.055e-05
2.052e-05
2.049e-05
2.046e-05
2.043e-05
2.0399e-05
2.0369e-05
2.0339e-05
2.0309e-05
2.0279e-05
2.0249e-05
2.0219e-05
2.0189e-05
2.0158e-05
2.0128e-05
2.0098e-05
2.0068e-05
2.0038e-05
2.0008e-05
1.9978e-05
1.9948e-05
1.9918e-05
1.9888e-05
1.9858e-05
1.9828e-05
1.9798e-05
1.9768e-05
1.9738e-05
1.9708e-05
1.9678e-05
1.9648e-05
1.9618e-05
1.9588e-05
1.9558e-05
1.9528e-05
1.9498e-05
1.9468e-05
1.9438e-05
1.9408e-05
1.9378e-05
1.9348e-05
1.9319e-05
1.9289e-05
1.9259e-05
1.9229e-05
1.9199e-05
1.9169e-05
1.914e-05
1.911e-05
1.908e-05
1.905e-05
1.902e-05
1.8991e-05
1.8961e-05
1.8931e-05
1.8901e-05
1.8872e-05
1.8842e-05
1.8812e-05
1.8783e-05
1.8753e-05
1.8723e-05
1.8694e-05
1.8664e-05
1.8634e-05
1.8605e-05
1.8575e-05
1.8546e-05
1.8516e-05
1.8487e-05
1.8457e-05
1.8427e-05
1.8398e-05
1.8368e-05
1.8339e-05
1.8309e-05
1.828e-05
1.825e-05
1.8221e-05
1.8192e-05
1.8162e-05
1.8133e-05
1.8103e-05
1.8074e-05
1.8045e-05
1.8015e-05
1.7986e-05
1.7957e-05
1.7927e-05
1.7898e-05
1.7869e-05
1.7839e-05
1.781e-05
1.7781e-05
1.7752e-05
1.7723e-05
1.7693e-05
1.7664e-05
1.7635e-05
1.7606e-05
1.7577e-05
1.7548e-05
1.7519e-05
1.7489e-05
1.746e-05
1.7431e-05
1.7402e-05
1.7373e-05
1.7344e-05
1.7315e-05
1.7286e-05
1.7257e-05
1.7228e-05
1.7199e-05
1.717e-05
1.7142e-05
1.7113e-05
1.7084e-05
1.7055e-05
1.7026e-05
1.6997e-05
1.6969e-05
1.694e-05
1.6911e-05
1.6882e-05
1.6854e-05
1.6825e-05
1.6796e-05
1.6767e-05
1.6739e-05
1.671e-05
1.6682e-05
1.6653e-05
1.6624e-05
1.6596e-05
1.6567e-05
1.6539e-05
1.651e-05
1.6482e-05
1.6453e-05
1.6425e-05
1.6396e-05
1.6368e-05
1.6339e-05
1.6311e-05
1.6283e-05
1.6254e-05
1.6226e-05
1.6198e-05
1.6169e-05
1.6141e-05
1.6113e-05
1.6085e-05
1.6056e-05
1.6028e-05
1.6e-05
1.5972e-05
1.5944e-05
1.5916e-05
1.5888e-05
1.5859e-05
1.5831e-05
1.5803e-05
1.5775e-05
1.5747e-05
1.5719e-05
1.5691e-05
1.5663e-05
1.5636e-05
1.5608e-05
1.558e-05
1.5552e-05
1.5524e-05
1.5496e-05
1.5468e-05
1.5441e-05
1.5413e-05
1.5385e-05
1.5358e-05
1.533e-05
1.5302e-05
1.5274e-05
1.5247e-05
1.5219e-05
1.5192e-05
1.5164e-05
1.5137e-05
1.5109e-05
1.5082e-05
1.5054e-05
1.5027e-05
1.4999e-05
1.4972e-05
1.4944e-05
1.4917e-05
1.489e-05
1.4862e-05
1.4835e-05
1.4808e-05
1.4781e-05
1.4753e-05
1.4726e-05
1.4699e-05
1.4672e-05
1.4645e-05
1.4617e-05
1.459e-05
1.4563e-05
1.4536e-05
1.4509e-05
1.4482e-05
1.4455e-05
1.4428e-05
1.4401e-05
1.4374e-05
1.4348e-05
1.4321e-05
1.4294e-05
1.4267e-05
1.424e-05
1.4213e-05
1.4187e-05
1.416e-05
1.4133e-05
1.4107e-05
1.408e-05
1.4053e-05
1.4027e-05
1.4e-05
1.3974e-05
1.3947e-05
1.3921e-05
1.3894e-05
1.3868e-05
1.3841e-05
1.3815e-05
1.3788e-05
1.3762e-05
1.3736e-05
1.3709e-05
1.3683e-05
1.3657e-05
1.3631e-05
1.3604e-05
1.3578e-05
1.3552e-05
1.3526e-05
1.35e-05
1.3474e-05
1.3448e-05
1.3422e-05
1.3396e-05
1.337e-05
1.3344e-05
1.3318e-05
1.3292e-05
1.3266e-05
1.324e-05
1.3214e-05
1.3188e-05
1.3163e-05
1.3137e-05
1.3111e-05
1.3085e-05
1.306e-05
1.3034e-05
1.3008e-05
1.2983e-05
1.2957e-05
1.2932e-05
1.2906e-05
1.2881e-05
1.2855e-05
1.283e-05
1.2804e-05
1.2779e-05
1.2753e-05
1.2728e-05
1.2703e-05
1.2678e-05
1.2652e-05
1.2627e-05
1.2602e-05
1.2577e-05
1.2552e-05
1.2526e-05
1.2501e-05
1.2476e-05
1.2451e-05
1.2426e-05
1.2401e-05
1.2376e-05
1.2351e-05
1.2326e-05
1.2301e-05
1.2277e-05
1.2252e-05
1.2227e-05
1.2202e-05
1.2177e-05
1.2153e-05
1.2128e-05
1.2103e-05
1.2079e-05
1.2054e-05
1.2029e-05
1.2005e-05
1.198e-05
1.1956e-05
1.1931e-05
1.1907e-05
1.1883e-05
1.1858e-05
1.1834e-05
1.1809e-05
1.1785e-05
1.1761e-05
1.1737e-05
1.1712e-05
1.1688e-05
1.1664e-05
1.164e-05
1.1616e-05
1.1592e-05
1.1568e-05
1.1544e-05
1.152e-05
1.1496e-05
1.1472e-05
1.1448e-05
1.1424e-05
1.14e-05
1.1376e-05
1.1352e-05
1.1329e-05
1.1305e-05
1.1281e-05
1.1257e-05
1.1234e-05
1.121e-05
1.1187e-05
1.1163e-05
1.1139e-05
1.1116e-05
1.1092e-05
1.1069e-05
1.1046e-05
1.1022e-05
1.0999e-05
1.0975e-05
1.0952e-05
1.0929e-05
1.0906e-05
1.0882e-05
1.0859e-05
1.0836e-05
1.0813e-05
1.079e-05
1.0767e-05
1.0744e-05
1.0721e-05
1.0698e-05
1.0675e-05
1.0652e-05
1.0629e-05
1.0606e-05
1.0583e-05
1.056e-05
1.0538e-05
1.0515e-05
1.0492e-05
1.0469e-05
1.0447e-05
1.0424e-05
1.0401e-05
1.0379e-05
1.0356e-05
1.0334e-05
1.0311e-05
1.0289e-05
1.0266e-05
1.0244e-05
1.0222e-05
1.0199e-05
1.0177e-05
1.0155e-05
1.0132e-05
1.011e-05
1.0088e-05
1.0066e-05
1.0044e-05
1.0022e-05
9.9995e-06
9.9775e-06
9.9554e-06
9.9335e-06
9.9115e-06
9.8896e-06
9.8677e-06
9.8458e-06
9.824e-06
9.8022e-06
9.7804e-06
9.7586e-06
9.7369e-06
9.7152e-06
9.6936e-06
9.672e-06
9.6504e-06
9.6288e-06
9.6073e-06
9.5858e-06
9.5643e-06
9.5428e-06
9.5214e-06
9.5e-06
9.4787e-06
9.4574e-06
9.4361e-06
9.4148e-06
9.3936e-06
9.3724e-06
9.3512e-06
9.33e-06
9.3089e-06
9.2878e-06
9.2668e-06
9.2458e-06
9.2248e-06
9.2038e-06
9.1829e-06
9.162e-06
9.1411e-06
9.1203e-06
9.0995e-06
9.0787e-06
9.0579e-06
9.0372e-06
9.0165e-06
8.9959e-06
8.9752e-06
8.9546e-06
8.9341e-06
8.9135e-06
8.893e-06
8.8726e-06
8.8521e-06
8.8317e-06
8.8113e-06
8.791e-06
8.7707e-06
8.7504e-06
8.7301e-06
8.7099e-06
8.6897e-06
8.6695e-06
8.6494e-06
8.6293e-06
8.6092e-06
8.5891e-06
8.5691e-06
8.5491e-06
8.5292e-06
8.5092e-06
8.4893e-06
8.4695e-06
8.4497e-06
8.4298e-06
8.4101e-06
8.3903e-06
8.3706e-06
8.3509e-06
8.3313e-06
8.3117e-06
8.2921e-06
8.2725e-06
8.253e-06
8.2335e-06
8.214e-06
8.1946e-06
8.1752e-06
8.1558e-06
8.1365e-06
8.1172e-06
8.0979e-06
8.0786e-06
8.0594e-06
8.0402e-06
8.0211e-06
8.0019e-06
7.9828e-06
7.9638e-06
7.9447e-06
7.9257e-06
7.9067e-06
7.8878e-06
7.8689e-06
7.85e-06
7.8311e-06
7.8123e-06
7.7935e-06
7.7748e-06
7.756e-06
7.7373e-06
7.7187e-06
7.7e-06
7.6814e-06
7.6628e-06
7.6443e-06
7.6258e-06
7.6073e-06
7.5888e-06
7.5704e-06
7.552e-06
7.5336e-06
7.5153e-06
7.497e-06
7.4787e-06
7.4605e-06
7.4423e-06
7.4241e-06
7.4059e-06
7.3878e-06
7.3697e-06
7.3517e-06
7.3336e-06
7.3156e-06
7.2977e-06
7.2797e-06
7.2618e-06
7.244e-06
7.2261e-06
7.2083e-06
7.1905e-06
7.1728e-06
7.155e-06
7.1373e-06
7.1197e-06
7.102e-06
7.0844e-06
7.0669e-06
7.0493e-06
7.0318e-06
7.0143e-06
6.9969e-06
6.9794e-06
6.9621e-06
6.9447e-06
6.9274e-06
6.9101e-06
6.8928e-06
6.8755e-06
6.8583e-06
6.8412e-06
6.824e-06
6.8069e-06
6.7898e-06
6.7727e-06
6.7557e-06
6.7387e-06
6.7217e-06
6.7048e-06
6.6879e-06
6.671e-06
6.6542e-06
6.6374e-06
6.6206e-06
6.6038e-06
6.5871e-06
6.5704e-06
6.5537e-06
6.5371e-06
6.5205e-06
6.5039e-06
6.4873e-06
6.4708e-06
6.4543e-06
6.4379e-06
6.4214e-06
6.405e-06
6.3887e-06
6.3723e-06
6.356e-06
6.3398e-06
6.3235e-06
6.3073e-06
6.2911e-06
6.2749e-06
6.2588e-06
6.2427e-06
6.2266e-06
6.2106e-06
6.1946e-06
6.1786e-06
6.1626e-06
6.1467e-06
6.1308e-06
6.115e-06
6.0991e-06
6.0833e-06
6.0676e-06
6.0518e-06
6.0361e-06
6.0204e-06
6.0047e-06
5.9891e-06
5.9735e-06
5.958e-06
5.9424e-06
5.9269e-06
5.9114e-06
5.896e-06
5.8806e-06
5.8652e-06
5.8498e-06
5.8345e-06
5.8192e-06
5.8039e-06
5.7886e-06
5.7734e-06
5.7582e-06
5.7431e-06
5.7279e-06
5.7128e-06
5.6978e-06
5.6827e-06
5.6677e-06
5.6527e-06
5.6378e-06
5.6229e-06
5.608e-06
5.5931e-06
5.5782e-06
5.5634e-06
5.5487e-06
5.5339e-06
5.5192e-06
5.5045e-06
5.4898e-06
5.4752e-06
5.4606e-06
5.446e-06
5.4314e-06
5.4169e-06
5.4024e-06
5.388e-06
5.3735e-06
5.3591e-06
5.3447e-06
5.3304e-06
5.3161e-06
5.3018e-06
5.2875e-06
5.2733e-06
5.2591e-06
5.2449e-06
5.2307e-06
5.2166e-06
5.2025e-06
5.1884e-06
5.1744e-06
5.1604e-06
5.1464e-06
5.1325e-06
5.1185e-06
5.1046e-06
5.0908e-06
5.0769e-06
5.0631e-06
5.0493e-06
5.0356e-06
5.0218e-06
5.0081e-06
4.9945e-06
4.9808e-06
4.9672e-06
4.9536e-06
4.9401e-06
4.9265e-06
4.913e-06
4.8995e-06
4.8861e-06
4.8727e-06
4.8593e-06
4.8459e-06
4.8326e-06
4.8193e-06
4.806e-06
4.7927e-06
4.7795e-06
4.7663e-06
4.7531e-06
4.74e-06
4.7269e-06
4.7138e-06
4.7007e-06
4.6877e-06
4.6747e-06
4.6617e-06
4.6487e-06
4.6358e-06
4.6229e-06
4.61e-06
4.5972e-06
4.5844e-06
4.5716e-06
4.5588e-06
4.5461e-06
4.5334e-06
4.5207e-06
4.508e-06
4.4954e-06
4.4828e-06
4.4702e-06
4.4577e-06
4.4452e-06
4.4327e-06
4.4202e-06
4.4078e-06
4.3953e-06
4.383e-06
4.3706e-06
4.3583e-06
4.346e-06
4.3337e-06
4.3214e-06
4.3092e-06
4.297e-06
4.2848e-06
4.2727e-06
4.2605e-06
4.2485e-06
4.2364e-06
4.2243e-06
4.2123e-06
4.2003e-06
4.1884e-06
4.1764e-06
4.1645e-06
4.1526e-06
4.1408e-06
4.1289e-06
4.1171e-06
4.1054e-06
4.0936e-06
4.0819e-06
4.0702e-06
4.0585e-06
4.0468e-06
4.0352e-06
4.0236e-06
4.0121e-06
4.0005e-06
3.989e-06
3.9775e-06
3.966e-06
3.9546e-06
3.9432e-06
3.9318e-06
3.9204e-06
3.909e-06
3.8977e-06
3.8864e-06
3.8752e-06
3.8639e-06
3.8527e-06
3.8415e-06
3.8304e-06
3.8192e-06
3.8081e-06
3.797e-06
3.786e-06
3.7749e-06
3.7639e-06
3.7529e-06
3.7419e-06
3.731e-06
3.7201e-06
3.7092e-06
3.6983e-06
3.6875e-06
3.6767e-06
3.6659e-06
3.6551e-06
3.6444e-06
3.6337e-06
3.623e-06
3.6123e-06
3.6017e-06
3.5911e-06
3.5805e-06
3.5699e-06
3.5594e-06
3.5489e-06
3.5384e-06
3.5279e-06
3.5174e-06
3.507e-06
3.4966e-06
3.4863e-06
3.4759e-06
3.4656e-06
3.4553e-06
3.445e-06
3.4348e-06
3.4245e-06
3.4143e-06
3.4041e-06
3.394e-06
3.3839e-06
3.3738e-06
3.3637e-06
3.3536e-06
3.3436e-06
3.3336e-06
3.3236e-06
3.3136e-06
3.3037e-06
3.2937e-06
3.2839e-06
3.274e-06
3.2641e-06
3.2543e-06
3.2445e-06
3.2347e-06
3.225e-06
3.2153e-06
3.2055e-06
3.1959e-06
3.1862e-06
3.1766e-06
3.167e-06
3.1574e-06
3.1478e-06
3.1383e-06
3.1287e-06
3.1192e-06
3.1098e-06
3.1003e-06
3.0909e-06
3.0815e-06
3.0721e-06
3.0627e-06
3.0534e-06
3.0441e-06
3.0348e-06
3.0255e-06
3.0163e-06
3.007e-06
2.9978e-06
2.9887e-06
2.9795e-06
2.9704e-06
2.9613e-06
2.9522e-06
2.9431e-06
2.9341e-06
2.925e-06
2.916e-06
2.9071e-06
2.8981e-06
2.8892e-06
2.8803e-06
2.8714e-06
2.8625e-06
2.8537e-06
2.8448e-06
2.836e-06
2.8272e-06
2.8185e-06
2.8098e-06
2.801e-06
2.7923e-06
2.7837e-06
2.775e-06
2.7664e-06
2.7578e-06
2.7492e-06
2.7406e-06
2.7321e-06
2.7236e-06
2.7151e-06
2.7066e-06
2.6982e-06
2.6897e-06
2.6813e-06
2.6729e-06
2.6646e-06
2.6562e-06
2.6479e-06
2.6396e-06
2.6313e-06
2.623e-06
2.6148e-06
2.6066e-06
2.5984e-06
2.5902e-06
2.582e-06
2.5739e-06
2.5658e-06
2.5577e-06
2.5496e-06
2.5415e-06
2.5335e-06
2.5255e-06
2.5175e-06
2.5095e-06
2.5016e-06
2.4936e-06
2.4857e-06
2.4778e-06
2.47e-06
2.4621e-06
2.4543e-06
2.4465e-06
2.4387e-06
2.4309e-06
2.4232e-06
2.4154e-06
2.4077e-06
2.4e-06
2.3924e-06
2.3847e-06
2.3771e-06
2.3695e-06
2.3619e-06
2.3543e-06
2.3468e-06
2.3392e-06
2.3317e-06
2.3243e-06
2.3168e-06
2.3093e-06
2.3019e-06
2.2945e-06
2.2871e-06
2.2797e-06
2.2724e-06
2.265e-06
2.2577e-06
2.2504e-06
2.2432e-06
2.2359e-06
2.2287e-06
2.2215e-06
2.2143e-06
2.2071e-06
2.1999e-06
2.1928e-06
2.1857e-06
2.1786e-06
2.1715e-06
2.1644e-06
2.1574e-06
2.1503e-06
2.1433e-06
2.1363e-06
2.1294e-06
2.1224e-06
2.1155e-06
2.1086e-06
2.1017e-06
2.0948e-06
2.0879e-06
2.0811e-06
2.0743e-06
2.0675e-06
2.0607e-06
2.0539e-06
2.0472e-06
2.0404e-06
2.0337e-06
2.027e-06
2.0204e-06
2.0137e-06
2.0071e-06
2.0005e-06
1.9939e-06
1.9873e-06
1.9807e-06
1.9742e-06
1.9676e-06
1.9611e-06
1.9546e-06
1.9481e-06
1.9417e-06
1.9352e-06
1.9288e-06
1.9224e-06
1.916e-06
1.9097e-06
1.9033e-06
1.897e-06
1.8907e-06
1.8844e-06
1.8781e-06
1.8718e-06
1.8656e-06
1.8593e-06
1.8531e-06
1.8469e-06
1.8408e-06
1.8346e-06
1.8284e-06
1.8223e-06
1.8162e-06
1.8101e-06
1.804e-06
1.798e-06
1.7919e-06
1.7859e-06
1.7799e-06
1.7739e-06
1.7679e-06
1.762e-06
1.756e-06
1.7501e-06
1.7442e-06
1.7383e-06
1.7325e-06
1.7266e-06
1.7208e-06
1.7149e-06
1.7091e-06
1.7033e-06
1.6976e-06
1.6918e-06
1.6861e-06
1.6803e-06
1.6746e-06
1.6689e-06
1.6633e-06
1.6576e-06
1.652e-06
1.6463e-06
1.6407e-06
1.6351e-06
1.6295e-06
1.624e-06
1.6184e-06
1.6129e-06
1.6074e-06
1.6019e-06
1.5964e-06
1.5909e-06
1.5855e-06
1.58e-06
1.5746e-06
1.5692e-06
1.5638e-06
1.5584e-06
1.5531e-06
1.5477e-06
1.5424e-06
1.5371e-06
1.5318e-06
1.5265e-06
1.5213e-06
1.516e-06
1.5108e-06
1.5055e-06
1.5003e-06
1.4951e-06
1.49e-06
1.4848e-06
1.4797e-06
1.4745e-06
1.4694e-06
1.4643e-06
1.4592e-06
1.4542e-06
1.4491e-06
1.4441e-06
1.439e-06
1.434e-06
1.429e-06
1.4241e-06
1.4191e-06
1.4141e-06
1.4092e-06
1.4043e-06
1.3994e-06
1.3945e-06
1.3896e-06
1.3847e-06
1.3799e-06
1.3751e-06
1.3702e-06
1.3654e-06
1.3606e-06
1.3559e-06
1.3511e-06
1.3463e-06
1.3416e-06
1.3369e-06
1.3322e-06
1.3275e-06
1.3228e-06
1.3181e-06
1.3135e-06
1.3088e-06
1.3042e-06
1.2996e-06
1.295e-06
1.2904e-06
1.2859e-06
1.2813e-06
1.2768e-06
1.2722e-06
1.2677e-06
1.2632e-06
1.2587e-06
1.2543e-06
1.2498e-06
1.2454e-06
1.2409e-06
1.2365e-06
1.2321e-06
1.2277e-06
1.2233e-06
1.219e-06
1.2146e-06
1.2103e-06
1.206e-06
1.2017e-06
1.1974e-06
1.1931e-06
1.1888e-06
1.1845e-06
1.1803e-06
1.1761e-06
1.1718e-06
1.1676e-06
1.1634e-06
1.1593e-06
1.1551e-06
1.1509e-06
1.1468e-06
1.1427e-06
1.1385e-06
1.1344e-06
1.1303e-06
1.1263e-06
1.1222e-06
1.1181e-06
1.1141e-06
1.1101e-06
1.106e-06
1.102e-06
1.0981e-06
1.0941e-06
1.0901e-06
1.0861e-06
1.0822e-06
1.0783e-06
1.0744e-06
1.0705e-06
1.0666e-06
1.0627e-06
1.0588e-06
1.055e-06
1.0511e-06
1.0473e-06
1.0435e-06
1.0396e-06
1.0358e-06
1.0321e-06
1.0283e-06
1.0245e-06
1.0208e-06
1.017e-06
1.0133e-06
1.0096e-06
1.0059e-06
1.0022e-06
9.9852e-07
9.9486e-07
9.912e-07
9.8756e-07
9.8392e-07
9.803e-07
9.7669e-07
9.7309e-07
9.6951e-07
9.6593e-07
9.6237e-07
9.5881e-07
9.5527e-07
9.5174e-07
9.4822e-07
9.4472e-07
9.4122e-07
9.3773e-07
9.3426e-07
9.308e-07
9.2734e-07
9.239e-07
9.2047e-07
9.1705e-07
9.1365e-07
9.1025e-07
9.0686e-07
9.0349e-07
9.0012e-07
8.9677e-07
8.9343e-07
8.901e-07
8.8678e-07
8.8347e-07
8.8017e-07
8.7688e-07
8.736e-07
8.7033e-07
8.6707e-07
8.6383e-07
8.6059e-07
8.5737e-07
8.5415e-07
8.5095e-07
8.4775e-07
8.4457e-07
8.4139e-07
8.3823e-07
8.3508e-07
8.3194e-07
8.288e-07
8.2568e-07
8.2257e-07
8.1947e-07
8.1638e-07
8.133e-07
8.1023e-07
8.0716e-07
8.0411e-07
8.0107e-07
7.9804e-07
7.9502e-07
7.9201e-07
7.8901e-07
7.8602e-07
7.8304e-07
7.8006e-07
7.771e-07
7.7415e-07
7.7121e-07
7.6828e-07
7.6535e-07
7.6244e-07
7.5954e-07
7.5664e-07
7.5376e-07
7.5089e-07
7.4802e-07
7.4517e-07
7.4232e-07
7.3948e-07
7.3666e-07
7.3384e-07
7.3103e-07
7.2823e-07
7.2544e-07
7.2266e-07
7.1989e-07
7.1713e-07
7.1438e-07
7.1163e-07
7.089e-07
7.0618e-07
7.0346e-07
7.0075e-07
6.9806e-07
6.9537e-07
6.9269e-07
6.9002e-07
6.8736e-07
6.8471e-07
6.8206e-07
6.7943e-07
6.768e-07
6.7419e-07
6.7158e-07
6.6898e-07
6.6639e-07
6.6381e-07
6.6124e-07
6.5867e-07
6.5612e-07
6.5357e-07
6.5103e-07
6.485e-07
6.4598e-07
6.4347e-07
6.4097e-07
6.3847e-07
6.3599e-07
6.3351e-07
6.3104e-07
6.2858e-07
6.2613e-07
6.2368e-07
6.2125e-07
6.1882e-07
6.164e-07
6.1399e-07
6.1159e-07
6.0919e-07
6.0681e-07
6.0443e-07
6.0206e-07
5.997e-07
5.9734e-07
5.95e-07
5.9266e-07
5.9033e-07
5.8801e-07
5.857e-07
5.8339e-07
5.811e-07
5.7881e-07
5.7653e-07
5.7425e-07
5.7199e-07
5.6973e-07
5.6748e-07
5.6524e-07
5.6301e-07
5.6078e-07
5.5856e-07
5.5635e-07
5.5415e-07
5.5195e-07
5.4976e-07
5.4758e-07
5.4541e-07
5.4325e-07
5.4109e-07
5.3894e-07
5.368e-07
5.3466e-07
5.3254e-07
5.3042e-07
5.2831e-07
5.262e-07
5.241e-07
5.2201e-07
5.1993e-07
5.1786e-07
5.1579e-07
5.1373e-07
5.1167e-07
5.0963e-07
5.0759e-07
5.0556e-07
5.0353e-07
5.0151e-07
4.995e-07
4.975e-07
4.955e-07
4.9352e-07
4.9153e-07
4.8956e-07
4.8759e-07
4.8563e-07
4.8368e-07
4.8173e-07
4.7979e-07
4.7786e-07
4.7593e-07
4.7401e-07
4.721e-07
4.7019e-07
4.6829e-07
4.664e-07
4.6452e-07
4.6264e-07
4.6077e-07
4.589e-07
4.5704e-07
4.5519e-07
4.5335e-07
4.5151e-07
4.4968e-07
4.4785e-07
4.4603e-07
4.4422e-07
4.4241e-07
4.4062e-07
4.3882e-07
4.3704e-07
4.3526e-07
4.3348e-07
4.3172e-07
4.2996e-07
4.282e-07
4.2645e-07
4.2471e-07
4.2298e-07
4.2125e-07
4.1953e-07
4.1781e-07
4.161e-07
4.144e-07
4.127e-07
4.1101e-07
4.0932e-07
4.0764e-07
4.0597e-07
4.043e-07
4.0264e-07
4.0099e-07
3.9934e-07
3.977e-07
3.9606e-07
3.9443e-07
3.9281e-07
3.9119e-07
3.8957e-07
3.8797e-07
3.8637e-07
3.8477e-07
3.8318e-07
3.816e-07
3.8002e-07
3.7845e-07
3.7688e-07
3.7532e-07
3.7377e-07
3.7222e-07
3.7068e-07
3.6914e-07
3.6761e-07
3.6608e-07
3.6456e-07
3.6305e-07
3.6154e-07
3.6004e-07
3.5854e-07
3.5705e-07
3.5556e-07
3.5408e-07
3.526e-07
3.5113e-07
3.4967e-07
3.4821e-07
3.4675e-07
3.4531e-07
3.4386e-07
3.4243e-07
3.4099e-07
3.3957e-07
3.3815e-07
3.3673e-07
3.3532e-07
3.3391e-07
3.3251e-07
3.3112e-07
3.2973e-07
3.2834e-07
3.2696e-07
3.2559e-07
3.2422e-07
3.2286e-07
3.215e-07
3.2014e-07
3.1879e-07
3.1745e-07
3.1611e-07
3.1478e-07
3.1345e-07
3.1213e-07
3.1081e-07
3.095e-07
3.0819e-07
3.0688e-07
3.0559e-07
3.0429e-07
3.03e-07
3.0172e-07
3.0044e-07
2.9917e-07
2.979e-07
2.9663e-07
2.9537e-07
2.9412e-07
2.9287e-07
2.9162e-07
2.9038e-07
2.8915e-07
2.8792e-07
2.8669e-07
2.8547e-07
2.8425e-07
2.8304e-07
2.8183e-07
2.8063e-07
2.7943e-07
2.7824e-07
2.7705e-07
2.7586e-07
2.7468e-07
2.7351e-07
2.7233e-07
2.7117e-07
2.7001e-07
2.6885e-07
2.6769e-07
2.6655e-07
2.654e-07
2.6426e-07
2.6313e-07
2.62e-07
2.6087e-07
2.5975e-07
2.5863e-07
2.5751e-07
2.564e-07
2.553e-07
2.542e-07
2.531e-07
2.5201e-07
2.5092e-07
2.4984e-07
2.4876e-07
2.4768e-07
2.4661e-07
2.4555e-07
2.4448e-07
2.4342e-07
2.4237e-07
2.4132e-07
2.4027e-07
2.3923e-07
2.3819e-07
2.3716e-07
2.3613e-07
2.351e-07
2.3408e-07
2.3306e-07
2.3205e-07
2.3104e-07
2.3003e-07
2.2903e-07
2.2803e-07
2.2704e-07
2.2605e-07
2.2506e-07
2.2408e-07
2.231e-07
2.2212e-07
2.2115e-07
2.2018e-07
2.1922e-07
2.1826e-07
2.1731e-07
2.1635e-07
2.1541e-07
2.1446e-07
2.1352e-07
2.1258e-07
2.1165e-07
2.1072e-07
2.0979e-07
2.0887e-07
2.0795e-07
2.0704e-07
2.0613e-07
2.0522e-07
2.0431e-07
2.0341e-07
2.0252e-07
2.0162e-07
2.0073e-07
1.9985e-07
1.9897e-07
1.9809e-07
1.9721e-07
1.9634e-07
1.9547e-07
1.946e-07
1.9374e-07
1.9288e-07
1.9203e-07
1.9118e-07
1.9033e-07
1.8949e-07
1.8865e-07
1.8781e-07
1.8697e-07
1.8614e-07
1.8531e-07
1.8449e-07
1.8367e-07
1.8285e-07
1.8204e-07
1.8123e-07
1.8042e-07
1.7961e-07
1.7881e-07
1.7801e-07
1.7722e-07
1.7643e-07
1.7564e-07
1.7485e-07
1.7407e-07
1.7329e-07
1.7252e-07
1.7174e-07
1.7097e-07
1.7021e-07
1.6944e-07
1.6868e-07
1.6793e-07
1.6717e-07
1.6642e-07
1.6567e-07
1.6493e-07
1.6419e-07
1.6345e-07
1.6271e-07
1.6198e-07
1.6125e-07
1.6052e-07
1.598e-07
1.5908e-07
1.5836e-07
1.5765e-07
1.5694e-07
1.5623e-07
1.5552e-07
1.5482e-07
1.5412e-07
1.5342e-07
1.5273e-07
1.5203e-07
1.5134e-07
1.5066e-07
1.4998e-07
1.493e-07
1.4862e-07
1.4794e-07
1.4727e-07
1.466e-07
1.4594e-07
1.4527e-07
1.4461e-07
1.4395e-07
1.433e-07
1.4264e-07
1.4199e-07
1.4135e-07
1.407e-07
1.4006e-07
1.3942e-07
1.3878e-07
1.3815e-07
1.3752e-07
1.3689e-07
1.3626e-07
1.3564e-07
1.3502e-07
1.344e-07
1.3379e-07
1.3317e-07
1.3256e-07
1.3195e-07
1.3135e-07
1.3075e-07
1.3014e-07
1.2955e-07
1.2895e-07
1.2836e-07
1.2777e-07
1.2718e-07
1.2659e-07
1.2601e-07
1.2543e-07
1.2485e-07
1.2428e-07
1.237e-07
1.2313e-07
1.2256e-07
1.22e-07
1.2143e-07
1.2087e-07
1.2031e-07
1.1976e-07
1.192e-07
1.1865e-07
1.181e-07
1.1755e-07
1.1701e-07
1.1647e-07
1.1593e-07
1.1539e-07
1.1485e-07
1.1432e-07
1.1379e-07
1.1326e-07
1.1273e-07
1.1221e-07
1.1169e-07
1.1117e-07
1.1065e-07
1.1013e-07
1.0962e-07
1.0911e-07
1.086e-07
1.0809e-07
1.0759e-07
1.0708e-07
1.0658e-07
1.0609e-07
1.0559e-07
1.0509e-07
1.046e-07
1.0411e-07
1.0363e-07
1.0314e-07
1.0266e-07
1.0217e-07
1.017e-07
1.0122e-07
1.0074e-07
1.0027e-07
9.9798e-08
9.9329e-08
9.8862e-08
9.8397e-08
9.7934e-08
9.7473e-08
9.7013e-08
9.6556e-08
9.6101e-08
9.5648e-08
9.5197e-08
9.4747e-08
9.43e-08
9.3854e-08
9.3411e-08
9.2969e-08
9.253e-08
9.2092e-08
9.1656e-08
9.1222e-08
9.079e-08
9.036e-08
8.9931e-08
8.9505e-08
8.908e-08
8.8657e-08
8.8236e-08
8.7817e-08
8.74e-08
8.6985e-08
8.6571e-08
8.6159e-08
8.5749e-08
8.5341e-08
8.4934e-08
8.453e-08
8.4127e-08
8.3725e-08
8.3326e-08
8.2928e-08
8.2532e-08
8.2138e-08
8.1746e-08
8.1355e-08
8.0966e-08
8.0579e-08
8.0193e-08
7.9809e-08
7.9427e-08
7.9046e-08
7.8668e-08
7.829e-08
7.7915e-08
7.7541e-08
7.7169e-08
7.6798e-08
7.6429e-08
7.6062e-08
7.5696e-08
7.5332e-08
7.497e-08
7.4609e-08
7.4249e-08
7.3892e-08
7.3536e-08
7.3181e-08
7.2828e-08
7.2477e-08
7.2127e-08
7.1779e-08
7.1432e-08
7.1087e-08
7.0743e-08
7.0401e-08
7.006e-08
6.9721e-08
6.9384e-08
6.9048e-08
6.8713e-08
6.838e-08
6.8049e-08
6.7718e-08
6.739e-08
6.7063e-08
6.6737e-08
6.6413e-08
6.609e-08
6.5769e-08
6.5449e-08
6.513e-08
6.4813e-08
6.4498e-08
6.4183e-08
6.3871e-08
6.3559e-08
6.3249e-08
6.2941e-08
6.2633e-08
6.2328e-08
6.2023e-08
6.172e-08
6.1418e-08
6.1118e-08
6.0819e-08
6.0521e-08
6.0225e-08
5.993e-08
5.9636e-08
5.9344e-08
5.9053e-08
5.8763e-08
5.8475e-08
5.8188e-08
5.7902e-08
5.7618e-08
5.7335e-08
5.7053e-08
5.6772e-08
5.6493e-08
5.6215e-08
5.5938e-08
5.5662e-08
5.5388e-08
5.5115e-08
5.4843e-08
5.4573e-08
5.4303e-08
5.4035e-08
5.3768e-08
5.3503e-08
5.3238e-08
5.2975e-08
5.2713e-08
5.2452e-08
5.2192e-08
5.1934e-08
5.1677e-08
5.1421e-08
5.1166e-08
5.0912e-08
5.0659e-08
5.0408e-08
5.0158e-08
4.9909e-08
4.9661e-08
4.9414e-08
4.9168e-08
4.8923e-08
4.868e-08
4.8438e-08
4.8196e-08
4.7956e-08
4.7717e-08
4.7479e-08
4.7243e-08
4.7007e-08
4.6772e-08
4.6539e-08
4.6306e-08
4.6075e-08
4.5844e-08
4.5615e-08
4.5387e-08
4.516e-08
4.4934e-08
4.4709e-08
4.4485e-08
4.4262e-08
4.404e-08
4.3819e-08
4.3599e-08
4.338e-08
4.3162e-08
4.2946e-08
4.273e-08
4.2515e-08
4.2301e-08
4.2088e-08
4.1877e-08
4.1666e-08
4.1456e-08
4.1247e-08
4.1039e-08
4.0832e-08
4.0626e-08
4.0421e-08
4.0217e-08
4.0014e-08
3.9812e-08
3.9611e-08
3.9411e-08
3.9211e-08
3.9013e-08
3.8816e-08
3.8619e-08
3.8424e-08
3.8229e-08
3.8035e-08
3.7842e-08
3.765e-08
3.7459e-08
3.7269e-08
3.708e-08
3.6892e-08
3.6704e-08
3.6518e-08
3.6332e-08
3.6147e-08
3.5963e-08
3.578e-08
3.5598e-08
3.5417e-08
3.5236e-08
3.5056e-08
3.4878e-08
3.47e-08
3.4523e-08
3.4346e-08
3.4171e-08
3.3996e-08
3.3823e-08
3.365e-08
3.3478e-08
3.3306e-08
3.3136e-08
3.2966e-08
3.2797e-08
3.2629e-08
3.2462e-08
3.2295e-08
3.213e-08
3.1965e-08
3.1801e-08
3.1637e-08
3.1475e-08
3.1313e-08
3.1152e-08
3.0992e-08
3.0833e-08
3.0674e-08
3.0516e-08
3.0359e-08
3.0202e-08
3.0047e-08
2.9892e-08
2.9738e-08
2.9584e-08
2.9431e-08
2.9279e-08
2.9128e-08
2.8978e-08
2.8828e-08
2.8679e-08
2.8531e-08
2.8383e-08
2.8236e-08
2.809e-08
2.7944e-08
2.7799e-08
2.7655e-08
2.7512e-08
2.7369e-08
2.7227e-08
2.7086e-08
2.6945e-08
2.6805e-08
2.6666e-08
2.6527e-08
2.6389e-08
2.6252e-08
2.6115e-08
2.5979e-08
2.5844e-08
2.5709e-08
2.5575e-08
2.5442e-08
2.5309e-08
2.5177e-08
2.5046e-08
2.4915e-08
2.4785e-08
2.4655e-08
2.4526e-08
2.4398e-08
2.4271e-08
2.4144e-08
2.4017e-08
2.3891e-08
2.3766e-08
2.3642e-08
2.3518e-08
2.3395e-08
2.3272e-08
2.315e-08
2.3028e-08
2.2907e-08
2.2787e-08
2.2667e-08
2.2548e-08
2.2429e-08
2.2311e-08
2.2194e-08
2.2077e-08
2.1961e-08
2.1845e-08
2.173e-08
2.1615e-08
2.1501e-08
2.1388e-08
2.1275e-08
2.1163e-08
2.1051e-08
2.094e-08
2.0829e-08
2.0719e-08
2.0609e-08
2.05e-08
2.0392e-08
2.0284e-08
2.0177e-08
2.007e-08
1.9963e-08
1.9857e-08
1.9752e-08
1.9647e-08
1.9543e-08
1.9439e-08
1.9336e-08
1.9233e-08
1.9131e-08
1.9029e-08
1.8928e-08
1.8827e-08
1.8727e-08
1.8627e-08
1.8528e-08
1.843e-08
1.8331e-08
1.8234e-08
1.8136e-08
1.804e-08
1.7943e-08
1.7847e-08
1.7752e-08
1.7657e-08
1.7563e-08
1.7469e-08
1.7376e-08
1.7283e-08
1.719e-08
1.7098e-08
1.7006e-08
1.6915e-08
1.6825e-08
1.6734e-08
1.6645e-08
1.6555e-08
1.6467e-08
1.6378e-08
1.629e-08
1.6203e-08
1.6116e-08
1.6029e-08
1.5943e-08
1.5857e-08
1.5772e-08
1.5687e-08
1.5602e-08
1.5518e-08
1.5434e-08
1.5351e-08
1.5268e-08
1.5186e-08
1.5104e-08
1.5023e-08
1.4941e-08
1.4861e-08
1.478e-08
1.47e-08
1.4621e-08
1.4542e-08
1.4463e-08
1.4385e-08
1.4307e-08
1.4229e-08
1.4152e-08
1.4076e-08
1.3999e-08
1.3923e-08
1.3848e-08
1.3772e-08
1.3698e-08
1.3623e-08
1.3549e-08
1.3476e-08
1.3402e-08
1.3329e-08
1.3257e-08
1.3185e-08
1.3113e-08
1.3041e-08
1.297e-08
1.29e-08
1.2829e-08
1.2759e-08
1.269e-08
1.262e-08
1.2551e-08
1.2483e-08
1.2415e-08
1.2347e-08
1.2279e-08
1.2212e-08
1.2145e-08
1.2079e-08
1.2013e-08
1.1947e-08
1.1881e-08
1.1816e-08
1.1751e-08
1.1687e-08
1.1623e-08
1.1559e-08
1.1496e-08
1.1432e-08
1.137e-08
1.1307e-08
1.1245e-08
1.1183e-08
1.1122e-08
1.106e-08
1.1e-08
1.0939e-08
1.0879e-08
1.0819e-08
1.0759e-08
1.07e-08
1.0641e-08
1.0582e-08
1.0524e-08
1.0465e-08
1.0408e-08
1.035e-08
1.0293e-08
1.0236e-08
1.0179e-08
1.0123e-08
1.0067e-08
1.0011e-08
9.9557e-09
9.9006e-09
9.8457e-09
9.7911e-09
9.7368e-09
9.6828e-09
9.629e-09
9.5755e-09
9.5224e-09
9.4695e-09
9.4168e-09
9.3645e-09
9.3124e-09
9.2606e-09
9.209e-09
9.1577e-09
9.1067e-09
9.056e-09
9.0055e-09
8.9553e-09
8.9054e-09
8.8557e-09
8.8063e-09
8.7571e-09
8.7082e-09
8.6596e-09
8.6112e-09
8.563e-09
8.5152e-09
8.4675e-09
8.4201e-09
8.373e-09
8.3261e-09
8.2795e-09
8.2331e-09
8.187e-09
8.1411e-09
8.0954e-09
8.05e-09
8.0048e-09
7.9599e-09
7.9151e-09
7.8707e-09
7.8264e-09
7.7824e-09
7.7387e-09
7.6951e-09
7.6518e-09
7.6088e-09
7.5659e-09
7.5233e-09
7.4809e-09
7.4387e-09
7.3968e-09
7.3551e-09
7.3136e-09
7.2723e-09
7.2312e-09
7.1904e-09
7.1498e-09
7.1094e-09
7.0692e-09
7.0292e-09
6.9894e-09
6.9499e-09
6.9105e-09
6.8714e-09
6.8325e-09
6.7937e-09
6.7552e-09
6.7169e-09
6.6788e-09
6.6409e-09
6.6032e-09
6.5657e-09
6.5285e-09
6.4914e-09
6.4545e-09
6.4178e-09
6.3813e-09
6.345e-09
6.3089e-09
6.2729e-09
6.2372e-09
6.2017e-09
6.1663e-09
6.1312e-09
6.0962e-09
6.0615e-09
6.0269e-09
5.9925e-09
5.9583e-09
5.9242e-09
5.8904e-09
5.8567e-09
5.8232e-09
5.7899e-09
5.7568e-09
5.7239e-09
5.6911e-09
5.6585e-09
5.6261e-09
5.5938e-09
5.5618e-09
5.5299e-09
5.4982e-09
5.4666e-09
5.4352e-09
5.404e-09
5.373e-09
5.3421e-09
5.3114e-09
5.2809e-09
5.2505e-09
5.2203e-09
5.1903e-09
5.1604e-09
5.1307e-09
5.1011e-09
5.0717e-09
5.0425e-09
5.0134e-09
4.9845e-09
4.9558e-09
4.9272e-09
4.8987e-09
4.8704e-09
4.8423e-09
4.8143e-09
4.7865e-09
4.7588e-09
4.7313e-09
4.7039e-09
4.6767e-09
4.6496e-09
4.6227e-09
4.5959e-09
4.5692e-09
4.5427e-09
4.5164e-09
4.4902e-09
4.4641e-09
4.4382e-09
4.4125e-09
4.3868e-09
4.3613e-09
4.336e-09
4.3108e-09
4.2857e-09
4.2608e-09
4.236e-09
4.2113e-09
4.1868e-09
4.1624e-09
4.1381e-09
4.114e-09
4.09e-09
4.0662e-09
4.0424e-09
4.0188e-09
3.9954e-09
3.972e-09
3.9488e-09
3.9258e-09
3.9028e-09
3.88e-09
3.8573e-09
3.8347e-09
3.8123e-09
3.7899e-09
3.7677e-09
3.7457e-09
3.7237e-09
3.7019e-09
3.6802e-09
3.6586e-09
3.6371e-09
3.6158e-09
3.5945e-09
3.5734e-09
3.5524e-09
3.5315e-09
3.5108e-09
3.4901e-09
3.4696e-09
3.4492e-09
3.4288e-09
3.4087e-09
3.3886e-09
3.3686e-09
3.3487e-09
3.329e-09
3.3094e-09
3.2898e-09
3.2704e-09
3.2511e-09
3.2319e-09
3.2128e-09
3.1938e-09
3.1749e-09
3.1562e-09
3.1375e-09
3.1189e-09
3.1005e-09
3.0821e-09
3.0639e-09
3.0457e-09
3.0277e-09
3.0097e-09
2.9919e-09
2.9741e-09
2.9565e-09
2.9389e-09
2.9215e-09
2.9041e-09
2.8869e-09
2.8697e-09
2.8526e-09
2.8357e-09
2.8188e-09
2.802e-09
2.7853e-09
2.7688e-09
2.7523e-09
2.7359e-09
2.7196e-09
2.7034e-09
2.6872e-09
2.6712e-09
2.6553e-09
2.6394e-09
2.6236e-09
2.608e-09
2.5924e-09
2.5769e-09
2.5615e-09
2.5462e-09
2.5309e-09
2.5158e-09
2.5007e-09
2.4858e-09
2.4709e-09
2.4561e-09
2.4413e-09
2.4267e-09
2.4121e-09
2.3977e-09
2.3833e-09
2.369e-09
2.3547e-09
2.3406e-09
2.3265e-09
2.3126e-09
2.2986e-09
2.2848e-09
2.2711e-09
2.2574e-09
2.2438e-09
2.2303e-09
2.2169e-09
2.2035e-09
2.1902e-09
2.177e-09
2.1639e-09
2.1508e-09
2.1379e-09
2.125e-09
2.1121e-09
2.0994e-09
2.0867e-09
2.0741e-09
2.0615e-09
2.0491e-09
2.0367e-09
2.0243e-09
2.0121e-09
1.9999e-09
1.9878e-09
1.9757e-09
1.9638e-09
1.9519e-09
1.94e-09
1.9282e-09
1.9165e-09
1.9049e-09
1.8933e-09
1.8818e-09
1.8704e-09
1.859e-09
1.8477e-09
1.8365e-09
1.8253e-09
1.8142e-09
1.8032e-09
1.7922e-09
1.7813e-09
1.7704e-09
1.7596e-09
1.7489e-09
1.7382e-09
1.7276e-09
1.7171e-09
1.7066e-09
1.6962e-09
1.6858e-09
1.6755e-09
1.6653e-09
1.6551e-09
1.645e-09
1.6349e-09
1.6249e-09
1.615e-09
1.6051e-09
1.5953e-09
1.5855e-09
1.5758e-09
1.5661e-09
1.5565e-09
1.547e-09
1.5375e-09
1.528e-09
1.5186e-09
1.5093e-09
1.5e-09
1.4908e-09
1.4817e-09
1.4725e-09
1.4635e-09
1.4545e-09
1.4455e-09
1.4366e-09
1.4278e-09
1.419e-09
1.4102e-09
1.4016e-09
1.3929e-09
1.3843e-09
1.3758e-09
1.3673e-09
1.3589e-09
1.3505e-09
1.3421e-09
1.3338e-09
1.3256e-09
1.3174e-09
1.3092e-09
1.3011e-09
1.2931e-09
1.2851e-09
1.2771e-09
1.2692e-09
1.2613e-09
1.2535e-09
1.2458e-09
1.238e-09
1.2304e-09
1.2227e-09
1.2151e-09
1.2076e-09
1.2001e-09
1.1926e-09
1.1852e-09
1.1779e-09
1.1705e-09
1.1632e-09
1.156e-09
1.1488e-09
1.1417e-09
1.1346e-09
1.1275e-09
1.1205e-09
1.1135e-09
1.1065e-09
1.0996e-09
1.0928e-09
1.086e-09
1.0792e-09
1.0724e-09
1.0657e-09
1.0591e-09
1.0525e-09
1.0459e-09
1.0393e-09
1.0328e-09
1.0264e-09
1.0199e-09
1.0136e-09
1.0072e-09
1.0009e-09
9.9463e-10
9.8839e-10
9.822e-10
9.7604e-10
9.6991e-10
9.6382e-10
9.5777e-10
9.5176e-10
9.4578e-10
9.3984e-10
9.3393e-10
9.2806e-10
9.2222e-10
9.1642e-10
9.1065e-10
9.0492e-10
8.9922e-10
8.9356e-10
8.8793e-10
8.8233e-10
8.7677e-10
8.7124e-10
8.6575e-10
8.6028e-10
8.5485e-10
8.4946e-10
8.4409e-10
8.3876e-10
8.3346e-10
8.2819e-10
8.2295e-10
8.1775e-10
8.1257e-10
8.0743e-10
8.0232e-10
7.9724e-10
7.9219e-10
7.8717e-10
7.8218e-10
7.7722e-10
7.7229e-10
7.674e-10
7.6253e-10
7.5769e-10
7.5288e-10
7.4809e-10
7.4334e-10
7.3862e-10
7.3392e-10
7.2926e-10
7.2462e-10
7.2001e-10
7.1543e-10
7.1087e-10
7.0634e-10
7.0185e-10
6.9737e-10
6.9293e-10
6.8851e-10
6.8412e-10
6.7976e-10
6.7542e-10
6.7111e-10
6.6682e-10
6.6257e-10
6.5833e-10
6.5413e-10
6.4994e-10
6.4579e-10
6.4166e-10
6.3755e-10
6.3347e-10
6.2942e-10
6.2539e-10
6.2138e-10
6.174e-10
6.1344e-10
6.0951e-10
6.056e-10
6.0172e-10
5.9786e-10
5.9402e-10
5.9021e-10
5.8642e-10
5.8265e-10
5.7891e-10
5.7518e-10
5.7149e-10
5.6781e-10
5.6416e-10
5.6053e-10
5.5692e-10
5.5333e-10
5.4977e-10
5.4623e-10
5.4271e-10
5.3921e-10
5.3573e-10
5.3228e-10
5.2884e-10
5.2543e-10
5.2204e-10
5.1867e-10
5.1532e-10
5.1199e-10
5.0868e-10
5.0539e-10
5.0212e-10
4.9887e-10
4.9565e-10
4.9244e-10
4.8925e-10
4.8608e-10
4.8293e-10
4.798e-10
4.7669e-10
4.736e-10
4.7053e-10
4.6748e-10
4.6444e-10
4.6143e-10
4.5843e-10
4.5546e-10
4.525e-10
4.4956e-10
4.4663e-10
4.4373e-10
4.4084e-10
4.3798e-10
4.3513e-10
4.3229e-10
4.2948e-10
4.2668e-10
4.239e-10
4.2114e-10
4.1839e-10
4.1566e-10
4.1295e-10
4.1026e-10
4.0758e-10
4.0492e-10
4.0228e-10
3.9965e-10
3.9704e-10
3.9444e-10
3.9186e-10
3.893e-10
3.8675e-10
3.8422e-10
3.8171e-10
3.7921e-10
3.7673e-10
3.7426e-10
3.7181e-10
3.6937e-10
3.6695e-10
3.6454e-10
3.6215e-10
3.5977e-10
3.5741e-10
3.5506e-10
3.5273e-10
3.5041e-10
3.4811e-10
3.4582e-10
3.4355e-10
3.4129e-10
3.3904e-10
3.3681e-10
3.346e-10
3.3239e-10
3.302e-10
3.2803e-10
3.2587e-10
3.2372e-10
3.2158e-10
3.1946e-10
3.1736e-10
3.1526e-10
3.1318e-10
3.1111e-10
3.0906e-10
3.0702e-10
3.0499e-10
3.0297e-10
3.0097e-10
2.9898e-10
2.97e-10
2.9503e-10
2.9308e-10
2.9114e-10
2.8921e-10
2.8729e-10
2.8539e-10
2.835e-10
2.8162e-10
2.7975e-10
2.7789e-10
2.7605e-10
2.7422e-10
2.724e-10
2.7059e-10
2.6879e-10
2.67e-10
2.6523e-10
2.6346e-10
2.6171e-10
2.5997e-10
2.5824e-10
2.5652e-10
2.5481e-10
2.5311e-10
2.5143e-10
2.4975e-10
2.4809e-10
2.4643e-10
2.4479e-10
2.4316e-10
2.4153e-10
2.3992e-10
2.3832e-10
2.3673e-10
2.3514e-10
2.3357e-10
2.3201e-10
2.3046e-10
2.2892e-10
2.2739e-10
2.2586e-10
2.2435e-10
2.2285e-10
2.2136e-10
2.1987e-10
2.184e-10
2.1694e-10
2.1548e-10
2.1404e-10
2.126e-10
2.1117e-10
2.0976e-10
2.0835e-10
2.0695e-10
2.0556e-10
2.0418e-10
2.028e-10
2.0144e-10
2.0008e-10
1.9874e-10
1.974e-10
1.9607e-10
1.9475e-10
1.9344e-10
1.9214e-10
1.9084e-10
1.8955e-10
1.8828e-10
1.8701e-10
1.8574e-10
1.8449e-10
1.8325e-10
1.8201e-10
1.8078e-10
1.7956e-10
1.7834e-10
1.7714e-10
1.7594e-10
1.7475e-10
1.7357e-10
1.7239e-10
1.7123e-10
1.7007e-10
1.6892e-10
1.6777e-10
1.6663e-10
1.655e-10
1.6438e-10
1.6327e-10
1.6216e-10
1.6106e-10
1.5997e-10
1.5888e-10
1.578e-10
1.5673e-10
1.5566e-10
1.5461e-10
1.5355e-10
1.5251e-10
1.5147e-10
1.5044e-10
1.4942e-10
1.484e-10
1.4739e-10
1.4639e-10
1.4539e-10
1.444e-10
1.4341e-10
1.4243e-10
1.4146e-10
1.405e-10
1.3954e-10
1.3859e-10
1.3764e-10
1.367e-10
1.3577e-10
1.3484e-10
1.3392e-10
1.33e-10
1.3209e-10
1.3119e-10
1.3029e-10
1.294e-10
1.2851e-10
1.2763e-10
1.2676e-10
1.2589e-10
1.2502e-10
1.2417e-10
1.2332e-10
1.2247e-10
1.2163e-10
1.2079e-10
1.1996e-10
1.1914e-10
1.1832e-10
1.1751e-10
1.167e-10
1.159e-10
1.151e-10
1.1431e-10
1.1352e-10
1.1274e-10
1.1197e-10
1.1119e-10
1.1043e-10
1.0967e-10
1.0891e-10
1.0816e-10
1.0741e-10
1.0667e-10
1.0594e-10
1.0521e-10
1.0448e-10
1.0376e-10
1.0304e-10
1.0233e-10
1.0162e-10
1.0092e-10
1.0022e-10
9.953e-11
9.8841e-11
9.8157e-11
9.7478e-11
9.6803e-11
9.6132e-11
9.5466e-11
9.4805e-11
9.4147e-11
9.3495e-11
9.2846e-11
9.2202e-11
9.1562e-11
9.0927e-11
9.0296e-11
8.9669e-11
8.9046e-11
8.8427e-11
8.7812e-11
8.7202e-11
8.6596e-11
8.5993e-11
8.5395e-11
8.4801e-11
8.421e-11
8.3624e-11
8.3042e-11
8.2463e-11
8.1888e-11
8.1318e-11
8.0751e-11
8.0187e-11
7.9628e-11
7.9072e-11
7.8521e-11
7.7972e-11
7.7428e-11
7.6887e-11
7.635e-11
7.5816e-11
7.5286e-11
7.476e-11
7.4237e-11
7.3717e-11
7.3202e-11
7.2689e-11
7.218e-11
7.1675e-11
7.1173e-11
7.0674e-11
7.0178e-11
6.9686e-11
6.9198e-11
6.8712e-11
6.823e-11
6.7751e-11
6.7276e-11
6.6803e-11
6.6334e-11
6.5868e-11
6.5405e-11
6.4945e-11
6.4489e-11
6.4035e-11
6.3585e-11
6.3137e-11
6.2693e-11
6.2251e-11
6.1813e-11
6.1378e-11
6.0945e-11
6.0516e-11
6.0089e-11
5.9665e-11
5.9245e-11
5.8827e-11
5.8411e-11
5.7999e-11
5.759e-11
5.7183e-11
5.6779e-11
5.6378e-11
5.5979e-11
5.5584e-11
5.5191e-11
5.48e-11
5.4412e-11
5.4027e-11
5.3645e-11
5.3265e-11
5.2888e-11
5.2513e-11
5.2141e-11
5.1772e-11
5.1405e-11
5.104e-11
5.0678e-11
5.0318e-11
4.9961e-11
4.9607e-11
4.9254e-11
4.8905e-11
4.8557e-11
4.8212e-11
4.787e-11
4.7529e-11
4.7191e-11
4.6856e-11
4.6522e-11
4.6191e-11
4.5862e-11
4.5536e-11
4.5212e-11
4.489e-11
4.457e-11
4.4252e-11
4.3937e-11
4.3623e-11
4.3312e-11
4.3003e-11
4.2696e-11
4.2392e-11
4.2089e-11
4.1789e-11
4.149e-11
4.1194e-11
4.0899e-11
4.0607e-11
4.0317e-11
4.0028e-11
3.9742e-11
3.9458e-11
3.9175e-11
3.8895e-11
3.8616e-11
3.834e-11
3.8065e-11
3.7793e-11
3.7522e-11
3.7253e-11
3.6986e-11
3.672e-11
3.6457e-11
3.6195e-11
3.5936e-11
3.5678e-11
3.5422e-11
3.5167e-11
3.4915e-11
3.4664e-11
3.4415e-11
3.4167e-11
3.3922e-11
3.3678e-11
3.3435e-11
3.3195e-11
3.2956e-11
3.2719e-11
3.2483e-11
3.2249e-11
3.2017e-11
3.1787e-11
3.1557e-11
3.133e-11
3.1104e-11
3.088e-11
3.0657e-11
3.0436e-11
3.0217e-11
2.9998e-11
2.9782e-11
2.9567e-11
2.9353e-11
2.9141e-11
2.8931e-11
2.8722e-11
2.8514e-11
2.8308e-11
2.8104e-11
2.79e-11
2.7699e-11
2.7498e-11
2.7299e-11
2.7102e-11
2.6906e-11
2.6711e-11
2.6517e-11
2.6325e-11
2.6135e-11
2.5945e-11
2.5757e-11
2.5571e-11
2.5385e-11
2.5201e-11
2.5019e-11
2.4837e-11
2.4657e-11
2.4478e-11
2.4301e-11
2.4124e-11
2.3949e-11
2.3775e-11
2.3603e-11
2.3431e-11
2.3261e-11
2.3092e-11
2.2924e-11
2.2758e-11
2.2592e-11
2.2428e-11
2.2265e-11
2.2103e-11
2.1943e-11
2.1783e-11
2.1625e-11
2.1467e-11
2.1311e-11
2.1156e-11
2.1002e-11
2.0849e-11
2.0698e-11
2.0547e-11
2.0398e-11
2.0249e-11
2.0102e-11
1.9955e-11
1.981e-11
1.9666e-11
1.9522e-11
1.938e-11
1.9239e-11
1.9099e-11
1.896e-11
1.8822e-11
1.8685e-11
1.8548e-11
1.8413e-11
1.8279e-11
1.8146e-11
1.8014e-11
1.7882e-11
1.7752e-11
1.7623e-11
1.7494e-11
1.7367e-11
1.724e-11
1.7115e-11
1.699e-11
1.6866e-11
1.6743e-11
1.6621e-11
1.65e-11
1.638e-11
1.6261e-11
1.6142e-11
1.6024e-11
1.5908e-11
1.5792e-11
1.5677e-11
1.5563e-11
1.5449e-11
1.5337e-11
1.5225e-11
1.5114e-11
1.5004e-11
1.4895e-11
1.4787e-11
1.4679e-11
1.4572e-11
1.4466e-11
1.4361e-11
1.4257e-11
1.4153e-11
1.405e-11
1.3948e-11
1.3847e-11
1.3746e-11
1.3647e-11
1.3548e-11
1.3449e-11
1.3352e-11
1.3255e-11
1.3159e-11
1.3063e-11
1.2969e-11
1.2875e-11
1.2782e-11
1.2689e-11
1.2597e-11
1.2506e-11
1.2416e-11
1.2326e-11
1.2237e-11
1.2149e-11
1.2061e-11
1.1974e-11
1.1888e-11
1.1802e-11
1.1717e-11
1.1633e-11
1.1549e-11
1.1466e-11
1.1384e-11
1.1302e-11
1.1221e-11
1.1141e-11
1.1061e-11
1.0982e-11
1.0903e-11
1.0826e-11
1.0748e-11
1.0672e-11
1.0596e-11
1.052e-11
1.0445e-11
1.0371e-11
1.0297e-11
1.0224e-11
1.0152e-11
1.008e-11
1.0009e-11
9.9379e-12
9.8678e-12
9.7982e-12
9.7292e-12
9.6608e-12
9.5929e-12
9.5257e-12
9.4589e-12
9.3928e-12
9.3271e-12
9.2621e-12
9.1975e-12
9.1336e-12
9.0701e-12
9.0072e-12
8.9449e-12
8.8831e-12
8.8218e-12
8.761e-12
8.7008e-12
8.6411e-12
8.5819e-12
8.5232e-12
8.4651e-12
8.4074e-12
8.3503e-12
8.2937e-12
8.2376e-12
8.182e-12
8.1269e-12
8.0723e-12
8.0182e-12
7.9646e-12
7.9114e-12
7.8588e-12
7.8067e-12
7.7551e-12
7.7039e-12
7.6532e-12
7.603e-12
7.5533e-12
7.5041e-12
7.4553e-12
7.4071e-12
7.3592e-12
7.3119e-12
7.265e-12
7.2187e-12
7.1727e-12
7.1273e-12
7.0822e-12
7.0377e-12
6.9936e-12
6.95e-12
6.9068e-12
6.8641e-12
6.8219e-12
6.7801e-12
6.7387e-12
6.6978e-12
6.6574e-12
6.6174e-12
6.5779e-12
6.5387e-12
6.5001e-12
6.4619e-12
6.4241e-12
6.3868e-12
6.3499e-12
6.3135e-12
6.2775e-12
6.2419e-12
6.2068e-12
6.1721e-12
6.1378e-12
6.104e-12
6.0707e-12
6.0377e-12
6.0052e-12
5.9732e-12
5.9415e-12
5.9103e-12
5.8796e-12
5.8492e-12
5.8193e-12
5.7899e-12
5.7608e-12
5.7322e-12
5.704e-12
5.6763e-12
5.649e-12
5.6221e-12
5.5957e-12
5.5697e-12
5.5441e-12
5.519e-12
5.4943e-12
5.47e-12
5.4462e-12
5.4228e-12
5.3998e-12
5.3773e-12
