1.7029e-11
1.6933e-11
1.6838e-11
1.6744e-11
1.665e-11
1.6558e-11
1.6466e-11
1.6375e-11
1.6285e-11
1.6196e-11
1.6107e-11
1.602e-11
1.5933e-11
1.5847e-11
1.5762e-11
1.5678e-11
1.5595e-11
1.5512e-11
1.543e-11
1.5349e-11
1.5269e-11
1.519e-11
1.5112e-11
1.5034e-11
1.4957e-11
1.4881e-11
1.4806e-11
1.4731e-11
1.4658e-11
1.4585e-11
1.4513e-11
1.4442e-11
1.4371e-11
1.4302e-11
1.4233e-11
1.4165e-11
1.4098e-11
1.4031e-11
1.3966e-11
1.3901e-11
1.3837e-11
1.3773e-11
1.3711e-11
1.3649e-11
1.3588e-11
1.3528e-11
1.3469e-11
1.341e-11
1.3353e-11
1.3296e-11
1.324e-11
1.3184e-11
1.313e-11
1.3076e-11
1.3023e-11
1.297e-11
1.2919e-11
1.2868e-11
1.2818e-11
1.2769e-11
1.2721e-11
1.2673e-11
1.2627e-11
1.2581e-11
1.2535e-11
1.2491e-11
1.2447e-11
1.2404e-11
1.2362e-11
1.2321e-11
1.2281e-11
1.2241e-11
1.2202e-11
1.2164e-11
1.2127e-11
1.209e-11
1.2054e-11
1.2019e-11
1.1985e-11
1.1952e-11
1.1919e-11
1.1887e-11
1.1856e-11
1.1826e-11
1.1797e-11
1.1768e-11
1.174e-11
1.1713e-11
1.1687e-11
1.1662e-11
1.1637e-11
1.1613e-11
1.159e-11
1.1568e-11
1.1547e-11
1.1526e-11
1.1507e-11
1.1488e-11
1.147e-11
1.1453e-11
1.1436e-11
1.1421e-11
1.1406e-11
1.1392e-11
1.1379e-11
1.1367e-11
1.1355e-11
1.1345e-11
1.1335e-11
1.1326e-11
1.1318e-11
1.1311e-11
1.1305e-11
1.1299e-11
1.1295e-11
1.1291e-11
1.1288e-11
1.1286e-11
1.1285e-11
1.1285e-11
1.1285e-11
1.1287e-11
1.129e-11
1.1293e-11
1.1297e-11
1.1302e-11
1.1308e-11
1.1315e-11
1.1323e-11
1.1332e-11
1.1342e-11
1.1352e-11
1.1364e-11
1.1376e-11
1.139e-11
1.1404e-11
1.142e-11
1.1436e-11
1.1453e-11
1.1471e-11
1.1491e-11
1.1511e-11
1.1532e-11
1.1554e-11
1.1577e-11
1.1601e-11
1.1626e-11
1.1653e-11
1.168e-11
1.1708e-11
1.1737e-11
1.1767e-11
1.1798e-11
1.1831e-11
1.1864e-11
1.1898e-11
1.1934e-11
1.197e-11
1.2008e-11
1.2046e-11
1.2086e-11
1.2127e-11
1.2169e-11
1.2212e-11
1.2256e-11
1.2301e-11
1.2348e-11
1.2395e-11
1.2444e-11
1.2494e-11
1.2545e-11
1.2597e-11
1.265e-11
1.2705e-11
1.276e-11
1.2817e-11
1.2875e-11
1.2935e-11
1.2995e-11
1.3057e-11
1.312e-11
1.3184e-11
1.325e-11
1.3316e-11
1.3384e-11
1.3454e-11
1.3524e-11
1.3596e-11
1.367e-11
1.3744e-11
1.382e-11
1.3897e-11
1.3976e-11
1.4056e-11
1.4137e-11
1.422e-11
1.4304e-11
1.439e-11
1.4477e-11
1.4565e-11
1.4655e-11
1.4746e-11
1.4839e-11
1.4933e-11
1.5029e-11
1.5126e-11
1.5224e-11
1.5325e-11
1.5426e-11
1.553e-11
1.5634e-11
1.5741e-11
1.5849e-11
1.5958e-11
1.607e-11
1.6183e-11
1.6297e-11
1.6413e-11
1.6531e-11
1.665e-11
1.6771e-11
1.6894e-11
1.7019e-11
1.7145e-11
1.7273e-11
1.7403e-11
1.7535e-11
1.7668e-11
1.7803e-11
1.794e-11
1.8079e-11
1.822e-11
1.8362e-11
1.8507e-11
1.8653e-11
1.8801e-11
1.8951e-11
1.9104e-11
1.9258e-11
1.9414e-11
1.9572e-11
1.9732e-11
1.9894e-11
2.0058e-11
2.0225e-11
2.0393e-11
2.0564e-11
2.0736e-11
2.0911e-11
2.1088e-11
2.1267e-11
2.1449e-11
2.1632e-11
2.1818e-11
2.2006e-11
2.2196e-11
2.2389e-11
2.2584e-11
2.2781e-11
2.2981e-11
2.3183e-11
2.3388e-11
2.3595e-11
2.3804e-11
2.4016e-11
2.423e-11
2.4447e-11
2.4667e-11
2.4889e-11
2.5113e-11
2.534e-11
2.557e-11
2.5803e-11
2.6038e-11
2.6276e-11
2.6517e-11
2.676e-11
2.7006e-11
2.7255e-11
2.7507e-11
2.7762e-11
2.8019e-11
2.828e-11
2.8543e-11
2.881e-11
2.9079e-11
2.9351e-11
2.9627e-11
2.9906e-11
3.0187e-11
3.0472e-11
3.076e-11
3.1051e-11
3.1346e-11
3.1643e-11
3.1944e-11
3.2248e-11
3.2556e-11
3.2867e-11
3.3181e-11
3.3499e-11
3.382e-11
3.4145e-11
3.4474e-11
3.4805e-11
3.5141e-11
3.548e-11
3.5823e-11
3.6169e-11
3.652e-11
3.6874e-11
3.7232e-11
3.7593e-11
3.7959e-11
3.8328e-11
3.8702e-11
3.9079e-11
3.946e-11
3.9846e-11
4.0236e-11
4.0629e-11
4.1027e-11
4.1429e-11
4.1836e-11
4.2246e-11
4.2661e-11
4.3081e-11
4.3505e-11
4.3933e-11
4.4366e-11
4.4803e-11
4.5245e-11
4.5691e-11
4.6143e-11
4.6598e-11
4.7059e-11
4.7525e-11
4.7995e-11
4.847e-11
4.895e-11
4.9435e-11
4.9925e-11
5.0421e-11
5.0921e-11
5.1427e-11
5.1937e-11
5.2453e-11
5.2975e-11
5.3501e-11
5.4034e-11
5.4571e-11
5.5114e-11
5.5663e-11
5.6217e-11
5.6777e-11
5.7343e-11
5.7915e-11
5.8492e-11
5.9075e-11
5.9664e-11
6.0259e-11
6.0861e-11
6.1468e-11
6.2082e-11
6.2701e-11
6.3327e-11
6.396e-11
6.4599e-11
6.5244e-11
6.5896e-11
6.6554e-11
6.7219e-11
6.7891e-11
6.8569e-11
6.9255e-11
6.9947e-11
7.0646e-11
7.1353e-11
7.2066e-11
7.2786e-11
7.3514e-11
7.4249e-11
7.4992e-11
7.5741e-11
7.6499e-11
7.7264e-11
7.8036e-11
7.8816e-11
7.9604e-11
8.04e-11
8.1204e-11
8.2016e-11
8.2836e-11
8.3664e-11
8.45e-11
8.5344e-11
8.6197e-11
8.7059e-11
8.7929e-11
8.8807e-11
8.9694e-11
9.059e-11
9.1495e-11
9.2409e-11
9.3332e-11
9.4264e-11
9.5205e-11
9.6155e-11
9.7115e-11
9.8084e-11
9.9063e-11
1.0005e-10
1.0105e-10
1.0206e-10
1.0307e-10
1.041e-10
1.0514e-10
1.0619e-10
1.0725e-10
1.0831e-10
1.0939e-10
1.1048e-10
1.1158e-10
1.1269e-10
1.1382e-10
1.1495e-10
1.1609e-10
1.1725e-10
1.1841e-10
1.1959e-10
1.2078e-10
1.2198e-10
1.2319e-10
1.2442e-10
1.2565e-10
1.269e-10
1.2816e-10
1.2943e-10
1.3072e-10
1.3201e-10
1.3332e-10
1.3464e-10
1.3598e-10
1.3733e-10
1.3869e-10
1.4006e-10
1.4145e-10
1.4285e-10
1.4426e-10
1.4569e-10
1.4713e-10
1.4858e-10
1.5005e-10
1.5154e-10
1.5303e-10
1.5455e-10
1.5607e-10
1.5761e-10
1.5917e-10
1.6074e-10
1.6232e-10
1.6392e-10
1.6554e-10
1.6717e-10
1.6882e-10
1.7048e-10
1.7216e-10
1.7385e-10
1.7557e-10
1.7729e-10
1.7904e-10
1.808e-10
1.8257e-10
1.8437e-10
1.8618e-10
1.8801e-10
1.8985e-10
1.9171e-10
1.9359e-10
1.9549e-10
1.9741e-10
1.9934e-10
2.013e-10
2.0327e-10
2.0526e-10
2.0727e-10
2.0929e-10
2.1134e-10
2.1341e-10
2.1549e-10
2.176e-10
2.1972e-10
2.2187e-10
2.2403e-10
2.2622e-10
2.2843e-10
2.3065e-10
2.329e-10
2.3517e-10
2.3746e-10
2.3977e-10
2.4211e-10
2.4446e-10
2.4684e-10
2.4924e-10
2.5166e-10
2.5411e-10
2.5657e-10
2.5906e-10
2.6158e-10
2.6412e-10
2.6668e-10
2.6926e-10
2.7187e-10
2.7451e-10
2.7717e-10
2.7985e-10
2.8256e-10
2.8529e-10
2.8805e-10
2.9083e-10
2.9364e-10
2.9648e-10
2.9934e-10
3.0223e-10
3.0515e-10
3.0809e-10
3.1106e-10
3.1406e-10
3.1709e-10
3.2014e-10
3.2322e-10
3.2633e-10
3.2947e-10
3.3264e-10
3.3584e-10
3.3906e-10
3.4232e-10
3.4561e-10
3.4893e-10
3.5227e-10
3.5565e-10
3.5906e-10
3.625e-10
3.6597e-10
3.6948e-10
3.7302e-10
3.7659e-10
3.8019e-10
3.8382e-10
3.8749e-10
3.9119e-10
3.9493e-10
3.987e-10
4.025e-10
4.0634e-10
4.1022e-10
4.1413e-10
4.1808e-10
4.2206e-10
4.2608e-10
4.3013e-10
4.3422e-10
4.3835e-10
4.4252e-10
4.4672e-10
4.5097e-10
4.5525e-10
4.5957e-10
4.6393e-10
4.6833e-10
4.7277e-10
4.7725e-10
4.8177e-10
4.8633e-10
4.9093e-10
4.9558e-10
5.0026e-10
5.0499e-10
5.0977e-10
5.1458e-10
5.1944e-10
5.2434e-10
5.2929e-10
5.3428e-10
5.3932e-10
5.444e-10
5.4953e-10
5.547e-10
5.5992e-10
5.6519e-10
5.7051e-10
5.7587e-10
5.8128e-10
5.8674e-10
5.9225e-10
5.9781e-10
6.0342e-10
6.0907e-10
6.1478e-10
6.2054e-10
6.2636e-10
6.3222e-10
6.3814e-10
6.4411e-10
6.5013e-10
6.5621e-10
6.6234e-10
6.6852e-10
6.7477e-10
6.8106e-10
6.8742e-10
6.9383e-10
7.0029e-10
7.0682e-10
7.134e-10
7.2004e-10
7.2674e-10
7.335e-10
7.4032e-10
7.472e-10
7.5414e-10
7.6115e-10
7.6821e-10
7.7534e-10
7.8253e-10
7.8979e-10
7.971e-10
8.0449e-10
8.1194e-10
8.1945e-10
8.2703e-10
8.3468e-10
8.424e-10
8.5018e-10
8.5804e-10
8.6596e-10
8.7395e-10
8.8201e-10
8.9014e-10
8.9835e-10
9.0663e-10
9.1498e-10
9.234e-10
9.319e-10
9.4047e-10
9.4911e-10
9.5784e-10
9.6664e-10
9.7551e-10
9.8447e-10
9.935e-10
1.0026e-09
1.0118e-09
1.0211e-09
1.0304e-09
1.0399e-09
1.0494e-09
1.059e-09
1.0687e-09
1.0784e-09
1.0883e-09
1.0982e-09
1.1082e-09
1.1184e-09
1.1286e-09
1.1389e-09
1.1492e-09
1.1597e-09
1.1703e-09
1.1809e-09
1.1917e-09
1.2025e-09
1.2134e-09
1.2244e-09
1.2356e-09
1.2468e-09
1.2581e-09
1.2695e-09
1.281e-09
1.2926e-09
1.3043e-09
1.3162e-09
1.3281e-09
1.3401e-09
1.3522e-09
1.3644e-09
1.3768e-09
1.3892e-09
1.4017e-09
1.4144e-09
1.4272e-09
1.44e-09
1.453e-09
1.4661e-09
1.4793e-09
1.4926e-09
1.506e-09
1.5196e-09
1.5332e-09
1.547e-09
1.5609e-09
1.5749e-09
1.5891e-09
1.6033e-09
1.6177e-09
1.6322e-09
1.6468e-09
1.6616e-09
1.6764e-09
1.6914e-09
1.7066e-09
1.7218e-09
1.7372e-09
1.7527e-09
1.7684e-09
1.7842e-09
1.8001e-09
1.8161e-09
1.8323e-09
1.8486e-09
1.8651e-09
1.8817e-09
1.8985e-09
1.9153e-09
1.9324e-09
1.9495e-09
1.9668e-09
1.9843e-09
2.0019e-09
2.0197e-09
2.0376e-09
2.0556e-09
2.0739e-09
2.0922e-09
2.1107e-09
2.1294e-09
2.1482e-09
2.1672e-09
2.1864e-09
2.2057e-09
2.2252e-09
2.2448e-09
2.2646e-09
2.2846e-09
2.3047e-09
2.325e-09
2.3455e-09
2.3661e-09
2.3869e-09
2.4079e-09
2.4291e-09
2.4504e-09
2.4719e-09
2.4936e-09
2.5155e-09
2.5376e-09
2.5598e-09
2.5822e-09
2.6049e-09
2.6277e-09
2.6507e-09
2.6738e-09
2.6972e-09
2.7208e-09
2.7446e-09
2.7685e-09
2.7927e-09
2.817e-09
2.8416e-09
2.8664e-09
2.8913e-09
2.9165e-09
2.9419e-09
2.9675e-09
2.9933e-09
3.0193e-09
3.0456e-09
3.072e-09
3.0987e-09
3.1256e-09
3.1527e-09
3.18e-09
3.2076e-09
3.2353e-09
3.2634e-09
3.2916e-09
3.3201e-09
3.3488e-09
3.3777e-09
3.4069e-09
3.4363e-09
3.466e-09
3.4959e-09
3.526e-09
3.5564e-09
3.587e-09
3.6179e-09
3.6491e-09
3.6805e-09
3.7121e-09
3.744e-09
3.7762e-09
3.8086e-09
3.8413e-09
3.8743e-09
3.9075e-09
3.941e-09
3.9748e-09
4.0088e-09
4.0431e-09
4.0777e-09
4.1126e-09
4.1478e-09
4.1832e-09
4.219e-09
4.255e-09
4.2913e-09
4.3279e-09
4.3648e-09
4.402e-09
4.4395e-09
4.4773e-09
4.5154e-09
4.5538e-09
4.5925e-09
4.6316e-09
4.6709e-09
4.7106e-09
4.7505e-09
4.7908e-09
4.8315e-09
4.8724e-09
4.9137e-09
4.9553e-09
4.9973e-09
5.0395e-09
5.0822e-09
5.1251e-09
5.1684e-09
5.2121e-09
5.2561e-09
5.3004e-09
5.3451e-09
5.3902e-09
5.4356e-09
5.4813e-09
5.5275e-09
5.574e-09
5.6209e-09
5.6681e-09
5.7158e-09
5.7638e-09
5.8121e-09
5.8609e-09
5.9101e-09
5.9596e-09
6.0095e-09
6.0599e-09
6.1106e-09
6.1617e-09
6.2133e-09
6.2652e-09
6.3176e-09
6.3703e-09
6.4235e-09
6.4771e-09
6.5311e-09
6.5856e-09
6.6405e-09
6.6958e-09
6.7515e-09
6.8077e-09
6.8643e-09
6.9214e-09
6.9789e-09
7.0368e-09
7.0953e-09
7.1541e-09
7.2135e-09
7.2733e-09
7.3335e-09
7.3943e-09
7.4555e-09
7.5172e-09
7.5794e-09
7.642e-09
7.7052e-09
7.7688e-09
7.8329e-09
7.8976e-09
7.9627e-09
8.0284e-09
8.0945e-09
8.1612e-09
8.2284e-09
8.2961e-09
8.3643e-09
8.4331e-09
8.5023e-09
8.5722e-09
8.6425e-09
8.7135e-09
8.7849e-09
8.8569e-09
8.9295e-09
9.0026e-09
9.0763e-09
9.1506e-09
9.2254e-09
9.3008e-09
9.3768e-09
9.4534e-09
9.5305e-09
9.6083e-09
9.6867e-09
9.7656e-09
9.8452e-09
9.9253e-09
1.0006e-08
1.0088e-08
1.017e-08
1.0252e-08
1.0335e-08
1.0419e-08
1.0504e-08
1.0589e-08
1.0675e-08
1.0762e-08
1.0849e-08
1.0937e-08
1.1025e-08
1.1114e-08
1.1204e-08
1.1295e-08
1.1386e-08
1.1478e-08
1.157e-08
1.1664e-08
1.1758e-08
1.1853e-08
1.1948e-08
1.2044e-08
1.2141e-08
1.2239e-08
1.2337e-08
1.2436e-08
1.2536e-08
1.2637e-08
1.2738e-08
1.284e-08
1.2943e-08
1.3047e-08
1.3151e-08
1.3257e-08
1.3363e-08
1.347e-08
1.3577e-08
1.3686e-08
1.3795e-08
1.3905e-08
1.4016e-08
1.4128e-08
1.424e-08
1.4354e-08
1.4468e-08
1.4583e-08
1.4699e-08
1.4816e-08
1.4934e-08
1.5052e-08
1.5172e-08
1.5292e-08
1.5413e-08
1.5536e-08
1.5659e-08
1.5783e-08
1.5908e-08
1.6033e-08
1.616e-08
1.6288e-08
1.6417e-08
1.6546e-08
1.6677e-08
1.6808e-08
1.6941e-08
1.7074e-08
1.7209e-08
1.7344e-08
1.7481e-08
1.7618e-08
1.7757e-08
1.7896e-08
1.8037e-08
1.8178e-08
1.8321e-08
1.8465e-08
1.8609e-08
1.8755e-08
1.8902e-08
1.905e-08
1.9199e-08
1.9349e-08
1.95e-08
1.9653e-08
1.9806e-08
1.9961e-08
2.0116e-08
2.0273e-08
2.0431e-08
2.059e-08
2.075e-08
2.0912e-08
2.1074e-08
2.1238e-08
2.1403e-08
2.1569e-08
2.1737e-08
2.1905e-08
2.2075e-08
2.2246e-08
2.2418e-08
2.2592e-08
2.2767e-08
2.2943e-08
2.312e-08
2.3299e-08
2.3479e-08
2.366e-08
2.3842e-08
2.4026e-08
2.4211e-08
2.4398e-08
2.4586e-08
2.4775e-08
2.4965e-08
2.5157e-08
2.5351e-08
2.5545e-08
2.5741e-08
2.5939e-08
2.6138e-08
2.6338e-08
2.654e-08
2.6743e-08
2.6948e-08
2.7154e-08
2.7361e-08
2.757e-08
2.7781e-08
2.7993e-08
2.8206e-08
2.8421e-08
2.8638e-08
2.8856e-08
2.9076e-08
2.9297e-08
2.952e-08
2.9744e-08
2.997e-08
3.0198e-08
3.0427e-08
3.0658e-08
3.089e-08
3.1124e-08
3.136e-08
3.1598e-08
3.1837e-08
3.2078e-08
3.232e-08
3.2564e-08
3.281e-08
3.3058e-08
3.3307e-08
3.3558e-08
3.3811e-08
3.4066e-08
3.4322e-08
3.4581e-08
3.4841e-08
3.5102e-08
3.5366e-08
3.5632e-08
3.5899e-08
3.6168e-08
3.644e-08
3.6713e-08
3.6988e-08
3.7264e-08
3.7543e-08
3.7824e-08
3.8107e-08
3.8391e-08
3.8678e-08
3.8967e-08
3.9257e-08
3.955e-08
3.9845e-08
4.0141e-08
4.044e-08
4.0741e-08
4.1044e-08
4.1349e-08
4.1656e-08
4.1965e-08
4.2277e-08
4.259e-08
4.2906e-08
4.3224e-08
4.3544e-08
4.3866e-08
4.4191e-08
4.4517e-08
4.4846e-08
4.5177e-08
4.5511e-08
4.5847e-08
4.6185e-08
4.6525e-08
4.6868e-08
4.7213e-08
4.756e-08
4.791e-08
4.8262e-08
4.8617e-08
4.8974e-08
4.9333e-08
4.9695e-08
5.0059e-08
5.0426e-08
5.0795e-08
5.1167e-08
5.1541e-08
5.1918e-08
5.2298e-08
5.268e-08
5.3064e-08
5.3451e-08
5.3841e-08
5.4234e-08
5.4629e-08
5.5026e-08
5.5427e-08
5.583e-08
5.6236e-08
5.6644e-08
5.7056e-08
5.747e-08
5.7887e-08
5.8306e-08
5.8729e-08
5.9154e-08
5.9582e-08
6.0013e-08
6.0447e-08
6.0884e-08
6.1324e-08
6.1766e-08
6.2212e-08
6.2661e-08
6.3112e-08
6.3567e-08
6.4025e-08
6.4485e-08
6.4949e-08
6.5416e-08
6.5886e-08
6.6359e-08
6.6835e-08
6.7315e-08
6.7797e-08
6.8283e-08
6.8772e-08
6.9264e-08
6.976e-08
7.0258e-08
7.076e-08
7.1266e-08
7.1774e-08
7.2286e-08
7.2802e-08
7.3321e-08
7.3843e-08
7.4368e-08
7.4897e-08
7.543e-08
7.5966e-08
7.6506e-08
7.7049e-08
7.7596e-08
7.8146e-08
7.87e-08
7.9257e-08
7.9818e-08
8.0383e-08
8.0951e-08
8.1524e-08
8.21e-08
8.2679e-08
8.3263e-08
8.385e-08
8.4441e-08
8.5036e-08
8.5635e-08
8.6237e-08
8.6844e-08
8.7454e-08
8.8069e-08
8.8687e-08
8.9309e-08
8.9936e-08
9.0566e-08
9.1201e-08
9.184e-08
9.2482e-08
9.3129e-08
9.378e-08
9.4435e-08
9.5095e-08
9.5759e-08
9.6427e-08
9.7099e-08
9.7775e-08
9.8456e-08
9.9142e-08
9.9831e-08
1.0053e-07
1.0122e-07
1.0193e-07
1.0263e-07
1.0335e-07
1.0406e-07
1.0478e-07
1.0551e-07
1.0624e-07
1.0697e-07
1.0771e-07
1.0846e-07
1.0921e-07
1.0996e-07
1.1072e-07
1.1148e-07
1.1225e-07
1.1302e-07
1.138e-07
1.1458e-07
1.1537e-07
1.1617e-07
1.1696e-07
1.1777e-07
1.1857e-07
1.1939e-07
1.202e-07
1.2103e-07
1.2186e-07
1.2269e-07
1.2353e-07
1.2437e-07
1.2522e-07
1.2608e-07
1.2694e-07
1.278e-07
1.2867e-07
1.2955e-07
1.3043e-07
1.3132e-07
1.3221e-07
1.3311e-07
1.3401e-07
1.3492e-07
1.3584e-07
1.3676e-07
1.3768e-07
1.3862e-07
1.3955e-07
1.405e-07
1.4145e-07
1.424e-07
1.4336e-07
1.4433e-07
1.453e-07
1.4628e-07
1.4727e-07
1.4826e-07
1.4926e-07
1.5026e-07
1.5127e-07
1.5229e-07
1.5331e-07
1.5434e-07
1.5537e-07
1.5641e-07
1.5746e-07
1.5852e-07
1.5958e-07
1.6064e-07
1.6172e-07
1.628e-07
1.6388e-07
1.6498e-07
1.6608e-07
1.6718e-07
1.683e-07
1.6942e-07
1.7054e-07
1.7168e-07
1.7282e-07
1.7396e-07
1.7512e-07
1.7628e-07
1.7745e-07
1.7862e-07
1.7981e-07
1.81e-07
1.8219e-07
1.834e-07
1.8461e-07
1.8583e-07
1.8705e-07
1.8828e-07
1.8953e-07
1.9077e-07
1.9203e-07
1.9329e-07
1.9456e-07
1.9584e-07
1.9713e-07
1.9842e-07
1.9972e-07
2.0103e-07
2.0235e-07
2.0367e-07
2.05e-07
2.0635e-07
2.0769e-07
2.0905e-07
2.1041e-07
2.1179e-07
2.1317e-07
2.1456e-07
2.1595e-07
2.1736e-07
2.1877e-07
2.202e-07
2.2163e-07
2.2306e-07
2.2451e-07
2.2597e-07
2.2743e-07
2.2891e-07
2.3039e-07
2.3188e-07
2.3338e-07
2.3489e-07
2.364e-07
2.3793e-07
2.3946e-07
2.4101e-07
2.4256e-07
2.4412e-07
2.4569e-07
2.4727e-07
2.4886e-07
2.5046e-07
2.5207e-07
2.5368e-07
2.5531e-07
2.5695e-07
2.5859e-07
2.6025e-07
2.6191e-07
2.6358e-07
2.6527e-07
2.6696e-07
2.6867e-07
2.7038e-07
2.721e-07
2.7383e-07
2.7558e-07
2.7733e-07
2.7909e-07
2.8087e-07
2.8265e-07
2.8444e-07
2.8625e-07
2.8806e-07
2.8989e-07
2.9172e-07
2.9357e-07
2.9542e-07
2.9729e-07
2.9917e-07
3.0106e-07
3.0295e-07
3.0486e-07
3.0678e-07
3.0872e-07
3.1066e-07
3.1261e-07
3.1458e-07
3.1655e-07
3.1854e-07
3.2054e-07
3.2255e-07
3.2457e-07
3.266e-07
3.2864e-07
3.307e-07
3.3276e-07
3.3484e-07
3.3693e-07
3.3903e-07
3.4115e-07
3.4327e-07
3.4541e-07
3.4756e-07
3.4972e-07
3.5189e-07
3.5408e-07
3.5628e-07
3.5849e-07
3.6071e-07
3.6294e-07
3.6519e-07
3.6745e-07
3.6972e-07
3.7201e-07
3.743e-07
3.7661e-07
3.7894e-07
3.8127e-07
3.8362e-07
3.8598e-07
3.8836e-07
3.9075e-07
3.9315e-07
3.9556e-07
3.9799e-07
4.0043e-07
4.0288e-07
4.0535e-07
4.0783e-07
4.1033e-07
4.1284e-07
4.1536e-07
4.179e-07
4.2045e-07
4.2301e-07
4.2559e-07
4.2818e-07
4.3079e-07
4.3341e-07
4.3604e-07
4.3869e-07
4.4136e-07
4.4403e-07
4.4673e-07
4.4943e-07
4.5216e-07
4.5489e-07
4.5764e-07
4.6041e-07
4.6319e-07
4.6599e-07
4.688e-07
4.7162e-07
4.7447e-07
4.7732e-07
4.802e-07
4.8308e-07
4.8599e-07
4.8891e-07
4.9184e-07
4.9479e-07
4.9776e-07
5.0074e-07
5.0374e-07
5.0675e-07
5.0978e-07
5.1283e-07
5.1589e-07
5.1897e-07
5.2206e-07
5.2517e-07
5.283e-07
5.3144e-07
5.3461e-07
5.3778e-07
5.4098e-07
5.4419e-07
5.4742e-07
5.5066e-07
5.5393e-07
5.5721e-07
5.605e-07
5.6382e-07
5.6715e-07
5.705e-07
5.7387e-07
5.7725e-07
5.8065e-07
5.8407e-07
5.8751e-07
5.9097e-07
5.9444e-07
5.9793e-07
6.0144e-07
6.0497e-07
6.0852e-07
6.1208e-07
6.1567e-07
6.1927e-07
6.2289e-07
6.2653e-07
6.3019e-07
6.3387e-07
6.3757e-07
6.4128e-07
6.4502e-07
6.4877e-07
6.5254e-07
6.5634e-07
6.6015e-07
6.6398e-07
6.6783e-07
6.7171e-07
6.756e-07
6.7951e-07
6.8344e-07
6.8739e-07
6.9137e-07
6.9536e-07
6.9937e-07
7.034e-07
7.0746e-07
7.1153e-07
7.1563e-07
7.1974e-07
7.2388e-07
7.2804e-07
7.3221e-07
7.3641e-07
7.4063e-07
7.4488e-07
7.4914e-07
7.5343e-07
7.5773e-07
7.6206e-07
7.6641e-07
7.7078e-07
7.7518e-07
7.7959e-07
7.8403e-07
7.8849e-07
7.9298e-07
7.9748e-07
8.0201e-07
8.0656e-07
8.1113e-07
8.1573e-07
8.2035e-07
8.2499e-07
8.2966e-07
8.3434e-07
8.3906e-07
8.4379e-07
8.4855e-07
8.5333e-07
8.5814e-07
8.6297e-07
8.6782e-07
8.727e-07
8.776e-07
8.8252e-07
8.8747e-07
8.9245e-07
8.9744e-07
9.0247e-07
9.0752e-07
9.1259e-07
9.1768e-07
9.2281e-07
9.2795e-07
9.3313e-07
9.3832e-07
9.4355e-07
9.4879e-07
9.5407e-07
9.5937e-07
9.6469e-07
9.7004e-07
9.7542e-07
9.8082e-07
9.8625e-07
9.9171e-07
9.9719e-07
1.0027e-06
1.0082e-06
1.0138e-06
1.0194e-06
1.025e-06
1.0306e-06
1.0363e-06
1.042e-06
1.0477e-06
1.0535e-06
1.0593e-06
1.0651e-06
1.0709e-06
1.0768e-06
1.0826e-06
1.0886e-06
1.0945e-06
1.1005e-06
1.1065e-06
1.1125e-06
1.1186e-06
1.1247e-06
1.1308e-06
1.1369e-06
1.1431e-06
1.1493e-06
1.1555e-06
1.1618e-06
1.1681e-06
1.1744e-06
1.1808e-06
1.1871e-06
1.1935e-06
1.2e-06
1.2065e-06
1.213e-06
1.2195e-06
1.2261e-06
1.2326e-06
1.2393e-06
1.2459e-06
1.2526e-06
1.2593e-06
1.2661e-06
1.2728e-06
1.2797e-06
1.2865e-06
1.2934e-06
1.3003e-06
1.3072e-06
1.3142e-06
1.3212e-06
1.3282e-06
1.3353e-06
1.3424e-06
1.3495e-06
1.3567e-06
1.3639e-06
1.3711e-06
1.3784e-06
1.3856e-06
1.393e-06
1.4003e-06
1.4077e-06
1.4152e-06
1.4226e-06
1.4301e-06
1.4376e-06
1.4452e-06
1.4528e-06
1.4604e-06
1.4681e-06
1.4758e-06
1.4835e-06
1.4913e-06
1.4991e-06
1.507e-06
1.5148e-06
1.5227e-06
1.5307e-06
1.5387e-06
1.5467e-06
1.5547e-06
1.5628e-06
1.571e-06
1.5791e-06
1.5873e-06
1.5956e-06
1.6038e-06
1.6121e-06
1.6205e-06
1.6289e-06
1.6373e-06
1.6457e-06
1.6542e-06
1.6628e-06
1.6713e-06
1.6799e-06
1.6886e-06
1.6973e-06
1.706e-06
1.7147e-06
1.7235e-06
1.7324e-06
1.7412e-06
1.7502e-06
1.7591e-06
1.7681e-06
1.7771e-06
1.7862e-06
1.7953e-06
1.8045e-06
1.8136e-06
1.8229e-06
1.8321e-06
1.8414e-06
1.8508e-06
1.8602e-06
1.8696e-06
1.8791e-06
1.8886e-06
1.8981e-06
1.9077e-06
1.9174e-06
1.927e-06
1.9367e-06
1.9465e-06
1.9563e-06
1.9661e-06
1.976e-06
1.9859e-06
1.9959e-06
2.0059e-06
2.016e-06
2.0261e-06
2.0362e-06
2.0464e-06
2.0566e-06
2.0669e-06
2.0772e-06
2.0875e-06
2.0979e-06
2.1083e-06
2.1188e-06
2.1294e-06
2.1399e-06
2.1505e-06
2.1612e-06
2.1719e-06
2.1827e-06
2.1934e-06
2.2043e-06
2.2152e-06
2.2261e-06
2.2371e-06
2.2481e-06
2.2592e-06
2.2703e-06
2.2814e-06
2.2926e-06
2.3039e-06
2.3152e-06
2.3265e-06
2.3379e-06
2.3493e-06
2.3608e-06
2.3723e-06
2.3839e-06
2.3955e-06
2.4072e-06
2.4189e-06
2.4307e-06
2.4425e-06
2.4544e-06
2.4663e-06
2.4782e-06
2.4902e-06
2.5023e-06
2.5144e-06
2.5265e-06
2.5387e-06
2.551e-06
2.5633e-06
2.5756e-06
2.588e-06
2.6005e-06
2.613e-06
2.6255e-06
2.6381e-06
2.6508e-06
2.6635e-06
2.6762e-06
2.689e-06
2.7019e-06
2.7148e-06
2.7277e-06
2.7407e-06
2.7538e-06
2.7669e-06
2.7801e-06
2.7933e-06
2.8065e-06
2.8199e-06
2.8332e-06
2.8466e-06
2.8601e-06
2.8736e-06
2.8872e-06
2.9008e-06
2.9145e-06
2.9283e-06
2.9421e-06
2.9559e-06
2.9698e-06
2.9838e-06
2.9978e-06
3.0118e-06
3.0259e-06
3.0401e-06
3.0543e-06
3.0686e-06
3.0829e-06
3.0973e-06
3.1118e-06
3.1263e-06
3.1408e-06
3.1554e-06
3.1701e-06
3.1848e-06
3.1996e-06
3.2144e-06
3.2293e-06
3.2443e-06
3.2593e-06
3.2743e-06
3.2895e-06
3.3046e-06
3.3199e-06
3.3352e-06
3.3505e-06
3.3659e-06
3.3814e-06
3.3969e-06
3.4125e-06
3.4281e-06
3.4438e-06
3.4596e-06
3.4754e-06
3.4912e-06
3.5072e-06
3.5232e-06
3.5392e-06
3.5553e-06
3.5715e-06
3.5877e-06
3.604e-06
3.6204e-06
3.6368e-06
3.6532e-06
3.6698e-06
3.6864e-06
3.703e-06
3.7197e-06
3.7365e-06
3.7533e-06
3.7702e-06
3.7872e-06
3.8042e-06
3.8213e-06
3.8384e-06
3.8556e-06
3.8729e-06
3.8902e-06
3.9076e-06
3.9251e-06
3.9426e-06
3.9602e-06
3.9778e-06
3.9955e-06
4.0133e-06
4.0311e-06
4.049e-06
4.067e-06
4.085e-06
4.1031e-06
4.1212e-06
4.1395e-06
4.1577e-06
4.1761e-06
4.1945e-06
4.213e-06
4.2315e-06
4.2501e-06
4.2688e-06
4.2875e-06
4.3063e-06
4.3252e-06
4.3441e-06
4.3632e-06
4.3822e-06
4.4014e-06
4.4206e-06
4.4398e-06
4.4592e-06
4.4786e-06
4.498e-06
4.5176e-06
4.5372e-06
4.5568e-06
4.5766e-06
4.5964e-06
4.6163e-06
4.6362e-06
4.6562e-06
4.6763e-06
4.6965e-06
4.7167e-06
4.737e-06
4.7573e-06
4.7777e-06
4.7982e-06
4.8188e-06
4.8394e-06
4.8601e-06
4.8809e-06
4.9017e-06
4.9227e-06
4.9436e-06
4.9647e-06
4.9858e-06
5.007e-06
5.0283e-06
5.0496e-06
5.071e-06
5.0925e-06
5.114e-06
5.1357e-06
5.1574e-06
5.1791e-06
5.201e-06
5.2229e-06
5.2448e-06
5.2669e-06
5.289e-06
5.3112e-06
5.3335e-06
5.3558e-06
5.3783e-06
5.4007e-06
5.4233e-06
5.4459e-06
5.4687e-06
5.4914e-06
5.5143e-06
5.5372e-06
5.5602e-06
5.5833e-06
5.6065e-06
5.6297e-06
5.653e-06
5.6764e-06
5.6998e-06
5.7233e-06
5.7469e-06
5.7706e-06
5.7944e-06
5.8182e-06
5.8421e-06
5.8661e-06
5.8901e-06
5.9143e-06
5.9385e-06
5.9628e-06
5.9871e-06
6.0116e-06
6.0361e-06
6.0607e-06
6.0853e-06
6.1101e-06
6.1349e-06
6.1598e-06
6.1848e-06
6.2098e-06
6.2349e-06
6.2601e-06
6.2854e-06
6.3108e-06
6.3362e-06
6.3617e-06
6.3873e-06
6.413e-06
6.4388e-06
6.4646e-06
6.4905e-06
6.5165e-06
6.5426e-06
6.5687e-06
6.5949e-06
6.6213e-06
6.6476e-06
6.6741e-06
6.7007e-06
6.7273e-06
6.754e-06
6.7808e-06
6.8076e-06
6.8346e-06
6.8616e-06
6.8887e-06
6.9159e-06
6.9432e-06
6.9705e-06
6.9979e-06
7.0254e-06
7.053e-06
7.0807e-06
7.1085e-06
7.1363e-06
7.1642e-06
7.1922e-06
7.2203e-06
7.2484e-06
7.2767e-06
7.305e-06
7.3334e-06
7.3619e-06
7.3905e-06
7.4191e-06
7.4479e-06
7.4767e-06
7.5056e-06
7.5346e-06
7.5636e-06
7.5928e-06
7.622e-06
7.6513e-06
7.6807e-06
7.7102e-06
7.7398e-06
7.7695e-06
7.7992e-06
7.829e-06
7.8589e-06
7.8889e-06
7.919e-06
7.9491e-06
7.9794e-06
8.0097e-06
8.0401e-06
8.0706e-06
8.1011e-06
8.1318e-06
8.1626e-06
8.1934e-06
8.2243e-06
8.2553e-06
8.2864e-06
8.3176e-06
8.3488e-06
8.3802e-06
8.4116e-06
8.4431e-06
8.4747e-06
8.5064e-06
8.5381e-06
8.57e-06
8.6019e-06
8.634e-06
8.6661e-06
8.6983e-06
8.7305e-06
8.7629e-06
8.7954e-06
8.8279e-06
8.8605e-06
8.8933e-06
8.9261e-06
8.959e-06
8.9919e-06
9.025e-06
9.0581e-06
9.0914e-06
9.1247e-06
9.1581e-06
9.1916e-06
9.2252e-06
9.2589e-06
9.2926e-06
9.3265e-06
9.3604e-06
9.3944e-06
9.4285e-06
9.4627e-06
9.497e-06
9.5314e-06
9.5658e-06
9.6004e-06
9.635e-06
9.6697e-06
9.7045e-06
9.7394e-06
9.7744e-06
9.8095e-06
9.8447e-06
9.8799e-06
9.9152e-06
9.9507e-06
9.9862e-06
1.0022e-05
1.0057e-05
1.0093e-05
1.0129e-05
1.0165e-05
1.0201e-05
1.0237e-05
1.0273e-05
1.031e-05
1.0346e-05
1.0383e-05
1.0419e-05
1.0456e-05
1.0493e-05
1.053e-05
1.0566e-05
1.0603e-05
1.0641e-05
1.0678e-05
1.0715e-05
1.0752e-05
1.079e-05
1.0827e-05
1.0865e-05
1.0903e-05
1.0941e-05
1.0979e-05
1.1017e-05
1.1055e-05
1.1093e-05
1.1131e-05
1.1169e-05
1.1208e-05
1.1246e-05
1.1285e-05
1.1324e-05
1.1363e-05
1.1401e-05
1.144e-05
1.1479e-05
1.1519e-05
1.1558e-05
1.1597e-05
1.1637e-05
1.1676e-05
1.1716e-05
1.1755e-05
1.1795e-05
1.1835e-05
1.1875e-05
1.1915e-05
1.1955e-05
1.1995e-05
1.2036e-05
1.2076e-05
1.2117e-05
1.2157e-05
1.2198e-05
1.2239e-05
1.228e-05
1.2321e-05
1.2362e-05
1.2403e-05
1.2444e-05
1.2485e-05
1.2527e-05
1.2568e-05
1.261e-05
1.2651e-05
1.2693e-05
1.2735e-05
1.2777e-05
1.2819e-05
1.2861e-05
1.2903e-05
1.2945e-05
1.2988e-05
1.303e-05
1.3073e-05
1.3115e-05
1.3158e-05
1.3201e-05
1.3244e-05
1.3287e-05
1.333e-05
1.3373e-05
1.3416e-05
1.346e-05
1.3503e-05
1.3546e-05
1.359e-05
1.3634e-05
1.3678e-05
1.3721e-05
1.3765e-05
1.3809e-05
1.3854e-05
1.3898e-05
1.3942e-05
1.3986e-05
1.4031e-05
1.4075e-05
1.412e-05
1.4165e-05
1.421e-05
1.4255e-05
1.43e-05
1.4345e-05
1.439e-05
1.4435e-05
1.4481e-05
1.4526e-05
1.4571e-05
1.4617e-05
1.4663e-05
1.4709e-05
1.4754e-05
1.48e-05
1.4846e-05
1.4893e-05
1.4939e-05
1.4985e-05
1.5031e-05
1.5078e-05
1.5124e-05
1.5171e-05
1.5218e-05
1.5265e-05
1.5312e-05
1.5359e-05
1.5406e-05
1.5453e-05
1.55e-05
1.5547e-05
1.5595e-05
1.5642e-05
1.569e-05
1.5737e-05
1.5785e-05
1.5833e-05
1.5881e-05
1.5929e-05
1.5977e-05
1.6025e-05
1.6073e-05
1.6122e-05
1.617e-05
1.6219e-05
1.6267e-05
1.6316e-05
1.6365e-05
1.6413e-05
1.6462e-05
1.6511e-05
1.656e-05
1.661e-05
1.6659e-05
1.6708e-05
1.6758e-05
1.6807e-05
1.6857e-05
1.6906e-05
1.6956e-05
1.7006e-05
1.7056e-05
1.7106e-05
1.7156e-05
1.7206e-05
1.7256e-05
1.7306e-05
1.7357e-05
1.7407e-05
1.7458e-05
1.7508e-05
1.7559e-05
1.761e-05
1.7661e-05
1.7712e-05
1.7763e-05
1.7814e-05
1.7865e-05
1.7916e-05
1.7967e-05
1.8019e-05
1.807e-05
1.8122e-05
1.8173e-05
1.8225e-05
1.8277e-05
1.8329e-05
1.8381e-05
1.8433e-05
1.8485e-05
1.8537e-05
1.8589e-05
1.8642e-05
1.8694e-05
1.8746e-05
1.8799e-05
1.8852e-05
1.8904e-05
1.8957e-05
1.901e-05
1.9063e-05
1.9116e-05
1.9169e-05
1.9222e-05
1.9275e-05
1.9329e-05
1.9382e-05
1.9435e-05
1.9489e-05
1.9542e-05
1.9596e-05
1.965e-05
1.9704e-05
1.9757e-05
1.9811e-05
1.9865e-05
1.9919e-05
1.9974e-05
2.0028e-05
2.0082e-05
2.0136e-05
2.0191e-05
2.0245e-05
2.03e-05
2.0355e-05
2.0409e-05
2.0464e-05
2.0519e-05
2.0574e-05
2.0629e-05
2.0684e-05
2.0739e-05
2.0794e-05
2.0849e-05
2.0905e-05
2.096e-05
2.1015e-05
2.1071e-05
2.1127e-05
2.1182e-05
2.1238e-05
2.1294e-05
2.135e-05
2.1405e-05
2.1461e-05
2.1517e-05
2.1573e-05
2.163e-05
2.1686e-05
2.1742e-05
2.1798e-05
2.1855e-05
2.1911e-05
2.1968e-05
2.2024e-05
2.2081e-05
2.2138e-05
2.2195e-05
2.2251e-05
2.2308e-05
2.2365e-05
2.2422e-05
2.2479e-05
2.2536e-05
2.2594e-05
2.2651e-05
2.2708e-05
2.2766e-05
2.2823e-05
2.288e-05
2.2938e-05
2.2996e-05
2.3053e-05
2.3111e-05
2.3169e-05
2.3226e-05
2.3284e-05
2.3342e-05
2.34e-05
2.3458e-05
2.3516e-05
2.3574e-05
2.3633e-05
2.3691e-05
2.3749e-05
2.3807e-05
2.3866e-05
2.3924e-05
2.3983e-05
2.4041e-05
2.41e-05
2.4159e-05
2.4217e-05
2.4276e-05
2.4335e-05
2.4394e-05
2.4453e-05
2.4512e-05
2.4571e-05
2.463e-05
2.4689e-05
2.4748e-05
2.4807e-05
2.4866e-05
2.4925e-05
2.4985e-05
2.5044e-05
2.5104e-05
2.5163e-05
2.5222e-05
2.5282e-05
2.5342e-05
2.5401e-05
2.5461e-05
2.5521e-05
2.558e-05
2.564e-05
2.57e-05
2.576e-05
2.582e-05
2.588e-05
2.594e-05
2.6e-05
2.606e-05
2.612e-05
2.618e-05
2.624e-05
2.63e-05
2.6361e-05
2.6421e-05
2.6481e-05
2.6542e-05
2.6602e-05
2.6663e-05
2.6723e-05
2.6784e-05
2.6844e-05
2.6905e-05
2.6965e-05
2.7026e-05
2.7087e-05
2.7147e-05
2.7208e-05
2.7269e-05
2.733e-05
2.739e-05
2.7451e-05
2.7512e-05
2.7573e-05
2.7634e-05
2.7695e-05
2.7756e-05
2.7817e-05
2.7878e-05
2.7939e-05
2.8e-05
2.8061e-05
2.8123e-05
2.8184e-05
2.8245e-05
2.8306e-05
2.8368e-05
2.8429e-05
2.849e-05
2.8551e-05
2.8613e-05
2.8674e-05
2.8736e-05
2.8797e-05
2.8858e-05
2.892e-05
2.8981e-05
2.9043e-05
2.9104e-05
2.9166e-05
2.9228e-05
2.9289e-05
2.9351e-05
2.9412e-05
2.9474e-05
2.9536e-05
2.9597e-05
2.9659e-05
2.9721e-05
2.9782e-05
2.9844e-05
2.9906e-05
2.9967e-05
3.0029e-05
3.0091e-05
3.0153e-05
3.0214e-05
3.0276e-05
3.0338e-05
3.04e-05
3.0462e-05
3.0524e-05
3.0585e-05
3.0647e-05
3.0709e-05
3.0771e-05
3.0833e-05
3.0895e-05
3.0957e-05
3.1018e-05
3.108e-05
3.1142e-05
3.1204e-05
3.1266e-05
3.1328e-05
3.139e-05
3.1452e-05
3.1514e-05
3.1575e-05
3.1637e-05
3.1699e-05
3.1761e-05
3.1823e-05
3.1885e-05
3.1947e-05
3.2009e-05
3.2071e-05
3.2133e-05
3.2194e-05
3.2256e-05
3.2318e-05
3.238e-05
3.2442e-05
3.2504e-05
3.2566e-05
3.2627e-05
3.2689e-05
3.2751e-05
3.2813e-05
3.2875e-05
3.2937e-05
3.2998e-05
3.306e-05
3.3122e-05
3.3184e-05
3.3245e-05
3.3307e-05
3.3369e-05
3.3431e-05
3.3492e-05
3.3554e-05
3.3616e-05
3.3677e-05
3.3739e-05
3.38e-05
3.3862e-05
3.3924e-05
3.3985e-05
3.4047e-05
3.4108e-05
3.417e-05
3.4231e-05
3.4293e-05
3.4354e-05
3.4415e-05
3.4477e-05
3.4538e-05
3.4599e-05
3.4661e-05
3.4722e-05
3.4783e-05
3.4845e-05
3.4906e-05
3.4967e-05
3.5028e-05
3.5089e-05
3.515e-05
3.5211e-05
3.5272e-05
3.5334e-05
3.5394e-05
3.5455e-05
3.5516e-05
3.5577e-05
3.5638e-05
3.5699e-05
3.576e-05
3.582e-05
3.5881e-05
3.5942e-05
3.6003e-05
3.6063e-05
3.6124e-05
3.6184e-05
3.6245e-05
3.6305e-05
3.6366e-05
3.6426e-05
3.6486e-05
3.6547e-05
3.6607e-05
3.6667e-05
3.6727e-05
3.6788e-05
3.6848e-05
3.6908e-05
3.6968e-05
3.7028e-05
3.7088e-05
3.7148e-05
3.7207e-05
3.7267e-05
3.7327e-05
3.7387e-05
3.7446e-05
3.7506e-05
3.7565e-05
3.7625e-05
3.7684e-05
3.7744e-05
3.7803e-05
3.7862e-05
3.7922e-05
3.7981e-05
3.804e-05
3.8099e-05
3.8158e-05
3.8217e-05
3.8276e-05
3.8335e-05
3.8393e-05
3.8452e-05
3.8511e-05
3.857e-05
3.8628e-05
3.8687e-05
3.8745e-05
3.8803e-05
3.8862e-05
3.892e-05
3.8978e-05
3.9036e-05
3.9094e-05
3.9152e-05
3.921e-05
3.9268e-05
3.9326e-05
3.9384e-05
3.9442e-05
3.9499e-05
3.9557e-05
3.9614e-05
3.9672e-05
3.9729e-05
3.9786e-05
3.9843e-05
3.9901e-05
3.9958e-05
4.0015e-05
4.0071e-05
4.0128e-05
4.0185e-05
4.0242e-05
4.0298e-05
4.0355e-05
4.0411e-05
4.0468e-05
4.0524e-05
4.058e-05
4.0637e-05
4.0693e-05
4.0749e-05
4.0805e-05
4.086e-05
4.0916e-05
4.0972e-05
4.1027e-05
4.1083e-05
4.1138e-05
4.1194e-05
4.1249e-05
4.1304e-05
4.1359e-05
4.1414e-05
4.1469e-05
4.1524e-05
4.1579e-05
4.1633e-05
4.1688e-05
4.1743e-05
4.1797e-05
4.1851e-05
4.1905e-05
4.196e-05
4.2014e-05
4.2068e-05
4.2121e-05
4.2175e-05
4.2229e-05
4.2282e-05
4.2336e-05
4.2389e-05
4.2443e-05
4.2496e-05
4.2549e-05
4.2602e-05
4.2655e-05
4.2708e-05
4.276e-05
4.2813e-05
4.2865e-05
4.2918e-05
4.297e-05
4.3022e-05
4.3074e-05
4.3126e-05
4.3178e-05
4.323e-05
4.3282e-05
4.3333e-05
4.3385e-05
4.3436e-05
4.3487e-05
4.3539e-05
4.359e-05
4.3641e-05
4.3691e-05
4.3742e-05
4.3793e-05
4.3843e-05
4.3894e-05
4.3944e-05
4.3994e-05
4.4044e-05
4.4094e-05
4.4144e-05
4.4194e-05
4.4243e-05
4.4293e-05
4.4342e-05
4.4392e-05
4.4441e-05
4.449e-05
4.4539e-05
4.4587e-05
4.4636e-05
4.4685e-05
4.4733e-05
4.4781e-05
4.483e-05
4.4878e-05
4.4926e-05
4.4974e-05
4.5021e-05
4.5069e-05
4.5116e-05
4.5164e-05
4.5211e-05
4.5258e-05
4.5305e-05
4.5352e-05
4.5399e-05
4.5445e-05
4.5492e-05
4.5538e-05
4.5584e-05
4.563e-05
4.5676e-05
4.5722e-05
4.5768e-05
4.5814e-05
4.5859e-05
4.5904e-05
4.5949e-05
4.5995e-05
4.6039e-05
4.6084e-05
4.6129e-05
4.6173e-05
4.6218e-05
4.6262e-05
4.6306e-05
4.635e-05
4.6394e-05
4.6438e-05
4.6481e-05
4.6525e-05
4.6568e-05
4.6611e-05
4.6654e-05
4.6697e-05
4.674e-05
4.6782e-05
4.6825e-05
4.6867e-05
4.6909e-05
4.6951e-05
4.6993e-05
4.7035e-05
4.7077e-05
4.7118e-05
4.7159e-05
4.7201e-05
4.7242e-05
4.7282e-05
4.7323e-05
4.7364e-05
4.7404e-05
4.7444e-05
4.7485e-05
4.7525e-05
4.7564e-05
4.7604e-05
4.7644e-05
4.7683e-05
4.7722e-05
4.7761e-05
4.78e-05
4.7839e-05
4.7878e-05
4.7916e-05
4.7955e-05
4.7993e-05
4.8031e-05
4.8069e-05
4.8106e-05
4.8144e-05
4.8181e-05
4.8219e-05
4.8256e-05
4.8293e-05
4.8329e-05
4.8366e-05
4.8403e-05
4.8439e-05
4.8475e-05
4.8511e-05
4.8547e-05
4.8582e-05
4.8618e-05
4.8653e-05
4.8688e-05
4.8724e-05
4.8758e-05
4.8793e-05
4.8828e-05
4.8862e-05
4.8896e-05
4.893e-05
4.8964e-05
4.8998e-05
4.9031e-05
4.9065e-05
4.9098e-05
4.9131e-05
4.9164e-05
4.9197e-05
4.9229e-05
4.9262e-05
4.9294e-05
4.9326e-05
4.9358e-05
4.9389e-05
4.9421e-05
4.9452e-05
4.9484e-05
4.9515e-05
4.9545e-05
4.9576e-05
4.9607e-05
4.9637e-05
4.9667e-05
4.9697e-05
4.9727e-05
4.9757e-05
4.9786e-05
4.9816e-05
4.9845e-05
4.9874e-05
4.9902e-05
4.9931e-05
4.9959e-05
4.9988e-05
5.0016e-05
5.0044e-05
5.0071e-05
5.0099e-05
5.0126e-05
5.0154e-05
5.0181e-05
5.0207e-05
5.0234e-05
5.0261e-05
5.0287e-05
5.0313e-05
5.0339e-05
5.0365e-05
5.039e-05
5.0416e-05
5.0441e-05
5.0466e-05
5.0491e-05
5.0516e-05
5.054e-05
5.0564e-05
5.0589e-05
5.0613e-05
5.0636e-05
5.066e-05
5.0683e-05
5.0707e-05
5.073e-05
5.0752e-05
5.0775e-05
5.0798e-05
5.082e-05
5.0842e-05
5.0864e-05
5.0886e-05
5.0907e-05
5.0929e-05
5.095e-05
5.0971e-05
5.0992e-05
5.1012e-05
5.1033e-05
5.1053e-05
5.1073e-05
5.1093e-05
5.1113e-05
5.1132e-05
5.1151e-05
5.1171e-05
5.1189e-05
5.1208e-05
5.1227e-05
5.1245e-05
5.1263e-05
5.1281e-05
5.1299e-05
5.1317e-05
5.1334e-05
5.1351e-05
5.1368e-05
5.1385e-05
5.1402e-05
5.1418e-05
5.1434e-05
5.1451e-05
5.1466e-05
5.1482e-05
5.1498e-05
5.1513e-05
5.1528e-05
5.1543e-05
5.1558e-05
5.1572e-05
5.1586e-05
5.1601e-05
5.1615e-05
5.1628e-05
5.1642e-05
5.1655e-05
5.1668e-05
5.1681e-05
5.1694e-05
5.1707e-05
5.1719e-05
5.1731e-05
5.1743e-05
5.1755e-05
5.1767e-05
5.1778e-05
5.1789e-05
5.18e-05
5.1811e-05
5.1822e-05
5.1832e-05
5.1842e-05
5.1852e-05
5.1862e-05
5.1872e-05
5.1881e-05
5.189e-05
5.1899e-05
5.1908e-05
5.1917e-05
5.1925e-05
5.1934e-05
5.1942e-05
5.195e-05
5.1957e-05
5.1965e-05
5.1972e-05
5.1979e-05
5.1986e-05
5.1992e-05
5.1999e-05
5.2005e-05
5.2011e-05
5.2017e-05
5.2023e-05
5.2028e-05
5.2034e-05
5.2039e-05
5.2043e-05
5.2048e-05
5.2053e-05
5.2057e-05
5.2061e-05
5.2065e-05
5.2069e-05
5.2072e-05
5.2075e-05
5.2078e-05
5.2081e-05
5.2084e-05
5.2086e-05
5.2089e-05
5.2091e-05
5.2093e-05
5.2094e-05
5.2096e-05
5.2097e-05
5.2098e-05
5.2099e-05
5.21e-05
5.21e-05
5.21e-05
5.21e-05
5.21e-05
5.21e-05
5.2099e-05
5.2099e-05
5.2098e-05
5.2097e-05
5.2095e-05
5.2094e-05
5.2092e-05
5.209e-05
5.2088e-05
5.2086e-05
5.2083e-05
5.2081e-05
5.2078e-05
5.2075e-05
5.2071e-05
5.2068e-05
5.2064e-05
5.206e-05
5.2056e-05
5.2052e-05
5.2047e-05
5.2042e-05
5.2037e-05
5.2032e-05
5.2027e-05
5.2021e-05
5.2016e-05
5.201e-05
5.2004e-05
5.1997e-05
5.1991e-05
5.1984e-05
5.1977e-05
5.197e-05
5.1963e-05
5.1955e-05
5.1948e-05
5.194e-05
5.1932e-05
5.1923e-05
5.1915e-05
5.1906e-05
5.1897e-05
5.1888e-05
5.1879e-05
5.187e-05
5.186e-05
5.185e-05
5.184e-05
5.183e-05
5.1819e-05
5.1809e-05
5.1798e-05
5.1787e-05
5.1775e-05
5.1764e-05
5.1752e-05
5.174e-05
5.1728e-05
5.1716e-05
5.1704e-05
5.1691e-05
5.1678e-05
5.1665e-05
5.1652e-05
5.1639e-05
5.1625e-05
5.1611e-05
5.1597e-05
5.1583e-05
5.1569e-05
5.1554e-05
5.1539e-05
5.1524e-05
5.1509e-05
5.1494e-05
5.1478e-05
5.1463e-05
5.1447e-05
5.1431e-05
5.1414e-05
5.1398e-05
5.1381e-05
5.1364e-05
5.1347e-05
5.133e-05
5.1313e-05
5.1295e-05
5.1277e-05
5.1259e-05
5.1241e-05
5.1222e-05
5.1204e-05
5.1185e-05
5.1166e-05
5.1147e-05
5.1128e-05
5.1108e-05
5.1088e-05
5.1068e-05
5.1048e-05
5.1028e-05
5.1007e-05
5.0987e-05
5.0966e-05
5.0945e-05
5.0924e-05
5.0902e-05
5.0881e-05
5.0859e-05
5.0837e-05
5.0815e-05
5.0792e-05
5.077e-05
5.0747e-05
5.0724e-05
5.0701e-05
5.0678e-05
5.0654e-05
5.0631e-05
5.0607e-05
5.0583e-05
5.0559e-05
5.0534e-05
5.051e-05
5.0485e-05
5.046e-05
5.0435e-05
5.041e-05
5.0384e-05
5.0359e-05
5.0333e-05
5.0307e-05
5.0281e-05
5.0254e-05
5.0228e-05
5.0201e-05
5.0174e-05
5.0147e-05
5.012e-05
5.0093e-05
5.0065e-05
5.0037e-05
5.0009e-05
4.9981e-05
4.9953e-05
4.9924e-05
4.9896e-05
4.9867e-05
4.9838e-05
4.9809e-05
4.9779e-05
4.975e-05
4.972e-05
4.969e-05
4.966e-05
4.963e-05
4.96e-05
4.9569e-05
4.9538e-05
4.9507e-05
4.9476e-05
4.9445e-05
4.9414e-05
4.9382e-05
4.935e-05
4.9318e-05
4.9286e-05
4.9254e-05
4.9222e-05
4.9189e-05
4.9156e-05
4.9123e-05
4.909e-05
4.9057e-05
4.9024e-05
4.899e-05
4.8956e-05
4.8922e-05
4.8888e-05
4.8854e-05
4.882e-05
4.8785e-05
4.875e-05
4.8715e-05
4.868e-05
4.8645e-05
4.861e-05
4.8574e-05
4.8538e-05
4.8503e-05
4.8467e-05
4.843e-05
4.8394e-05
4.8357e-05
4.8321e-05
4.8284e-05
4.8247e-05
4.821e-05
4.8173e-05
4.8135e-05
4.8098e-05
4.806e-05
4.8022e-05
4.7984e-05
4.7946e-05
4.7907e-05
4.7869e-05
4.783e-05
4.7791e-05
4.7752e-05
4.7713e-05
4.7674e-05
4.7634e-05
4.7595e-05
4.7555e-05
4.7515e-05
4.7475e-05
4.7435e-05
4.7395e-05
4.7354e-05
4.7314e-05
4.7273e-05
4.7232e-05
4.7191e-05
4.715e-05
4.7108e-05
4.7067e-05
4.7025e-05
4.6983e-05
4.6942e-05
4.6899e-05
4.6857e-05
4.6815e-05
4.6772e-05
4.673e-05
4.6687e-05
4.6644e-05
4.6601e-05
4.6558e-05
4.6515e-05
4.6471e-05
4.6427e-05
4.6384e-05
4.634e-05
4.6296e-05
4.6252e-05
4.6207e-05
4.6163e-05
4.6118e-05
4.6074e-05
4.6029e-05
4.5984e-05
4.5939e-05
4.5894e-05
4.5848e-05
4.5803e-05
4.5757e-05
4.5712e-05
4.5666e-05
4.562e-05
4.5574e-05
4.5527e-05
4.5481e-05
4.5434e-05
4.5388e-05
4.5341e-05
4.5294e-05
4.5247e-05
4.52e-05
4.5153e-05
4.5105e-05
4.5058e-05
4.501e-05
4.4962e-05
4.4915e-05
4.4867e-05
4.4818e-05
4.477e-05
4.4722e-05
4.4673e-05
4.4625e-05
4.4576e-05
4.4527e-05
4.4478e-05
4.4429e-05
4.438e-05
4.4331e-05
4.4281e-05
4.4232e-05
4.4182e-05
4.4132e-05
4.4083e-05
4.4033e-05
4.3982e-05
4.3932e-05
4.3882e-05
4.3832e-05
4.3781e-05
4.373e-05
4.368e-05
4.3629e-05
4.3578e-05
4.3527e-05
4.3475e-05
4.3424e-05
4.3373e-05
4.3321e-05
4.327e-05
4.3218e-05
4.3166e-05
4.3114e-05
4.3062e-05
4.301e-05
4.2958e-05
4.2906e-05
4.2853e-05
4.2801e-05
4.2748e-05
4.2695e-05
4.2642e-05
4.2589e-05
4.2536e-05
4.2483e-05
4.243e-05
4.2377e-05
4.2323e-05
4.227e-05
4.2216e-05
4.2163e-05
4.2109e-05
4.2055e-05
4.2001e-05
4.1947e-05
4.1893e-05
4.1839e-05
4.1784e-05
4.173e-05
4.1675e-05
4.1621e-05
4.1566e-05
4.1511e-05
4.1456e-05
4.1401e-05
4.1346e-05
4.1291e-05
4.1236e-05
4.1181e-05
4.1125e-05
4.107e-05
4.1014e-05
4.0959e-05
4.0903e-05
4.0847e-05
4.0791e-05
4.0736e-05
4.0679e-05
4.0623e-05
4.0567e-05
4.0511e-05
4.0455e-05
4.0398e-05
4.0342e-05
4.0285e-05
4.0229e-05
4.0172e-05
4.0115e-05
4.0058e-05
4.0001e-05
3.9944e-05
3.9887e-05
3.983e-05
3.9773e-05
3.9716e-05
3.9658e-05
3.9601e-05
3.9543e-05
3.9486e-05
3.9428e-05
3.937e-05
3.9313e-05
3.9255e-05
3.9197e-05
3.9139e-05
3.9081e-05
3.9023e-05
3.8965e-05
3.8906e-05
3.8848e-05
3.879e-05
3.8731e-05
3.8673e-05
3.8614e-05
3.8556e-05
3.8497e-05
3.8439e-05
3.838e-05
3.8321e-05
3.8262e-05
3.8203e-05
3.8144e-05
3.8085e-05
3.8026e-05
3.7967e-05
3.7908e-05
3.7848e-05
3.7789e-05
3.773e-05
3.767e-05
3.7611e-05
3.7551e-05
3.7492e-05
3.7432e-05
3.7373e-05
3.7313e-05
3.7253e-05
3.7193e-05
3.7134e-05
3.7074e-05
3.7014e-05
3.6954e-05
3.6894e-05
3.6834e-05
3.6774e-05
3.6713e-05
3.6653e-05
3.6593e-05
3.6533e-05
3.6472e-05
3.6412e-05
3.6352e-05
3.6291e-05
3.6231e-05
3.617e-05
3.611e-05
3.6049e-05
3.5988e-05
3.5928e-05
3.5867e-05
3.5806e-05
3.5746e-05
3.5685e-05
3.5624e-05
3.5563e-05
3.5502e-05
3.5441e-05
3.538e-05
3.5319e-05
3.5258e-05
3.5197e-05
3.5136e-05
3.5075e-05
3.5014e-05
3.4953e-05
3.4891e-05
3.483e-05
3.4769e-05
3.4708e-05
3.4646e-05
3.4585e-05
3.4524e-05
3.4462e-05
3.4401e-05
3.434e-05
3.4278e-05
3.4217e-05
3.4155e-05
3.4094e-05
3.4032e-05
3.3971e-05
3.3909e-05
3.3848e-05
3.3786e-05
3.3724e-05
3.3663e-05
3.3601e-05
3.3539e-05
3.3478e-05
3.3416e-05
3.3354e-05
3.3293e-05
3.3231e-05
3.3169e-05
3.3107e-05
3.3046e-05
3.2984e-05
3.2922e-05
3.286e-05
3.2799e-05
3.2737e-05
3.2675e-05
3.2613e-05
3.2551e-05
3.2489e-05
3.2427e-05
3.2366e-05
3.2304e-05
3.2242e-05
3.218e-05
3.2118e-05
3.2056e-05
3.1994e-05
3.1932e-05
3.1871e-05
3.1809e-05
3.1747e-05
3.1685e-05
3.1623e-05
3.1561e-05
3.1499e-05
3.1437e-05
3.1375e-05
3.1313e-05
3.1252e-05
3.119e-05
3.1128e-05
3.1066e-05
3.1004e-05
3.0942e-05
3.088e-05
3.0818e-05
3.0756e-05
3.0695e-05
3.0633e-05
3.0571e-05
3.0509e-05
3.0447e-05
3.0385e-05
3.0324e-05
3.0262e-05
3.02e-05
3.0138e-05
3.0076e-05
3.0015e-05
2.9953e-05
2.9891e-05
2.983e-05
2.9768e-05
2.9706e-05
2.9644e-05
2.9583e-05
2.9521e-05
2.946e-05
2.9398e-05
2.9336e-05
2.9275e-05
2.9213e-05
2.9152e-05
2.909e-05
2.9029e-05
2.8967e-05
2.8906e-05
2.8844e-05
2.8783e-05
2.8721e-05
2.866e-05
2.8599e-05
2.8537e-05
2.8476e-05
2.8415e-05
2.8353e-05
2.8292e-05
2.8231e-05
2.817e-05
2.8108e-05
2.8047e-05
2.7986e-05
2.7925e-05
2.7864e-05
2.7803e-05
2.7742e-05
2.7681e-05
2.762e-05
2.7559e-05
2.7498e-05
2.7437e-05
2.7376e-05
2.7315e-05
2.7255e-05
2.7194e-05
2.7133e-05
2.7072e-05
2.7012e-05
2.6951e-05
2.6891e-05
2.683e-05
2.6769e-05
2.6709e-05
2.6648e-05
2.6588e-05
2.6528e-05
2.6467e-05
2.6407e-05
2.6347e-05
2.6286e-05
2.6226e-05
2.6166e-05
2.6106e-05
2.6046e-05
2.5986e-05
2.5926e-05
2.5866e-05
2.5806e-05
2.5746e-05
2.5686e-05
2.5626e-05
2.5566e-05
2.5507e-05
2.5447e-05
2.5387e-05
2.5328e-05
2.5268e-05
2.5209e-05
2.5149e-05
2.509e-05
2.503e-05
2.4971e-05
2.4912e-05
2.4852e-05
2.4793e-05
2.4734e-05
2.4675e-05
2.4616e-05
2.4557e-05
2.4498e-05
2.4439e-05
2.438e-05
2.4321e-05
2.4262e-05
2.4204e-05
2.4145e-05
2.4086e-05
2.4028e-05
2.3969e-05
2.3911e-05
2.3852e-05
2.3794e-05
2.3736e-05
2.3677e-05
2.3619e-05
2.3561e-05
2.3503e-05
2.3445e-05
2.3387e-05
2.3329e-05
2.3271e-05
2.3213e-05
2.3155e-05
2.3097e-05
2.304e-05
2.2982e-05
2.2925e-05
2.2867e-05
2.281e-05
2.2752e-05
2.2695e-05
2.2637e-05
2.258e-05
2.2523e-05
2.2466e-05
2.2409e-05
2.2352e-05
2.2295e-05
2.2238e-05
2.2181e-05
2.2125e-05
2.2068e-05
2.2011e-05
2.1955e-05
2.1898e-05
2.1842e-05
2.1785e-05
2.1729e-05
2.1673e-05
2.1617e-05
2.156e-05
2.1504e-05
2.1448e-05
2.1392e-05
2.1336e-05
2.1281e-05
2.1225e-05
2.1169e-05
2.1114e-05
2.1058e-05
2.1003e-05
2.0947e-05
2.0892e-05
2.0836e-05
2.0781e-05
2.0726e-05
2.0671e-05
2.0616e-05
2.0561e-05
2.0506e-05
2.0451e-05
2.0397e-05
2.0342e-05
2.0287e-05
2.0233e-05
2.0178e-05
2.0124e-05
2.0069e-05
2.0015e-05
1.9961e-05
1.9907e-05
1.9853e-05
1.9799e-05
1.9745e-05
1.9691e-05
1.9637e-05
1.9584e-05
1.953e-05
1.9476e-05
1.9423e-05
1.9369e-05
1.9316e-05
1.9263e-05
1.921e-05
1.9157e-05
1.9103e-05
1.9051e-05
1.8998e-05
1.8945e-05
1.8892e-05
1.8839e-05
1.8787e-05
1.8734e-05
1.8682e-05
1.8629e-05
1.8577e-05
1.8525e-05
1.8473e-05
1.8421e-05
1.8369e-05
1.8317e-05
1.8265e-05
1.8213e-05
1.8161e-05
1.811e-05
1.8058e-05
1.8007e-05
1.7955e-05
1.7904e-05
1.7853e-05
1.7802e-05
1.7751e-05
1.77e-05
1.7649e-05
1.7598e-05
1.7547e-05
1.7497e-05
1.7446e-05
1.7395e-05
1.7345e-05
1.7295e-05
1.7244e-05
1.7194e-05
1.7144e-05
1.7094e-05
1.7044e-05
1.6994e-05
1.6944e-05
1.6895e-05
1.6845e-05
1.6796e-05
1.6746e-05
1.6697e-05
1.6647e-05
1.6598e-05
1.6549e-05
1.65e-05
1.6451e-05
1.6402e-05
1.6353e-05
1.6305e-05
1.6256e-05
1.6207e-05
1.6159e-05
1.611e-05
1.6062e-05
1.6014e-05
1.5966e-05
1.5918e-05
1.587e-05
1.5822e-05
1.5774e-05
1.5726e-05
1.5679e-05
1.5631e-05
1.5584e-05
1.5536e-05
1.5489e-05
1.5442e-05
1.5395e-05
1.5348e-05
1.5301e-05
1.5254e-05
1.5207e-05
1.516e-05
1.5114e-05
1.5067e-05
1.5021e-05
1.4974e-05
1.4928e-05
1.4882e-05
1.4836e-05
1.479e-05
1.4744e-05
1.4698e-05
1.4652e-05
1.4606e-05
1.4561e-05
1.4515e-05
1.447e-05
1.4425e-05
1.4379e-05
1.4334e-05
1.4289e-05
1.4244e-05
1.4199e-05
1.4154e-05
1.411e-05
1.4065e-05
1.4021e-05
1.3976e-05
1.3932e-05
1.3887e-05
1.3843e-05
1.3799e-05
1.3755e-05
1.3711e-05
1.3667e-05
1.3624e-05
1.358e-05
1.3536e-05
1.3493e-05
1.3449e-05
1.3406e-05
1.3363e-05
1.332e-05
1.3277e-05
1.3234e-05
1.3191e-05
1.3148e-05
1.3105e-05
1.3063e-05
1.302e-05
1.2978e-05
1.2935e-05
1.2893e-05
1.2851e-05
1.2809e-05
1.2767e-05
1.2725e-05
1.2683e-05
1.2642e-05
1.26e-05
1.2558e-05
1.2517e-05
1.2476e-05
1.2434e-05
1.2393e-05
1.2352e-05
1.2311e-05
1.227e-05
1.2229e-05
1.2188e-05
1.2148e-05
1.2107e-05
1.2067e-05
1.2026e-05
1.1986e-05
1.1946e-05
1.1906e-05
1.1866e-05
1.1826e-05
1.1786e-05
1.1746e-05
1.1707e-05
1.1667e-05
1.1627e-05
1.1588e-05
1.1549e-05
1.151e-05
1.147e-05
1.1431e-05
1.1392e-05
1.1353e-05
1.1315e-05
1.1276e-05
1.1237e-05
1.1199e-05
1.116e-05
1.1122e-05
1.1084e-05
1.1046e-05
1.1008e-05
1.097e-05
1.0932e-05
1.0894e-05
1.0856e-05
1.0819e-05
1.0781e-05
1.0744e-05
1.0706e-05
1.0669e-05
1.0632e-05
1.0595e-05
1.0558e-05
1.0521e-05
1.0484e-05
1.0447e-05
1.0411e-05
1.0374e-05
1.0338e-05
1.0301e-05
1.0265e-05
1.0229e-05
1.0193e-05
1.0157e-05
1.0121e-05
1.0085e-05
1.0049e-05
1.0013e-05
9.9779e-06
9.9424e-06
9.907e-06
9.8717e-06
9.8365e-06
9.8013e-06
9.7663e-06
9.7313e-06
9.6964e-06
9.6616e-06
9.6269e-06
9.5923e-06
9.5578e-06
9.5234e-06
9.489e-06
9.4547e-06
9.4206e-06
9.3865e-06
9.3525e-06
9.3186e-06
9.2847e-06
9.251e-06
9.2174e-06
9.1838e-06
9.1503e-06
9.1169e-06
9.0836e-06
9.0504e-06
9.0173e-06
8.9842e-06
8.9513e-06
8.9184e-06
8.8856e-06
8.8529e-06
8.8203e-06
8.7878e-06
8.7554e-06
8.723e-06
8.6908e-06
8.6586e-06
8.6265e-06
8.5945e-06
8.5626e-06
8.5307e-06
8.499e-06
8.4673e-06
8.4357e-06
8.4043e-06
8.3728e-06
8.3415e-06
8.3103e-06
8.2791e-06
8.2481e-06
8.2171e-06
8.1862e-06
8.1554e-06
8.1247e-06
8.094e-06
8.0635e-06
8.033e-06
8.0026e-06
7.9723e-06
7.9421e-06
7.912e-06
7.8819e-06
7.8519e-06
7.8221e-06
7.7923e-06
7.7625e-06
7.7329e-06
7.7034e-06
7.6739e-06
7.6445e-06
7.6152e-06
7.586e-06
7.5569e-06
7.5278e-06
7.4989e-06
7.47e-06
7.4412e-06
7.4125e-06
7.3838e-06
7.3553e-06
7.3268e-06
7.2984e-06
7.2701e-06
7.2419e-06
7.2137e-06
7.1857e-06
7.1577e-06
7.1298e-06
7.102e-06
7.0743e-06
7.0466e-06
7.019e-06
6.9915e-06
6.9641e-06
6.9368e-06
6.9096e-06
6.8824e-06
6.8553e-06
6.8283e-06
6.8014e-06
6.7745e-06
6.7478e-06
6.7211e-06
6.6945e-06
6.6679e-06
6.6415e-06
6.6151e-06
6.5888e-06
6.5626e-06
6.5365e-06
6.5105e-06
6.4845e-06
6.4586e-06
6.4328e-06
6.407e-06
6.3814e-06
6.3558e-06
6.3303e-06
6.3049e-06
6.2795e-06
6.2543e-06
6.2291e-06
6.204e-06
6.1789e-06
6.154e-06
6.1291e-06
6.1043e-06
6.0796e-06
6.0549e-06
6.0304e-06
6.0059e-06
5.9814e-06
5.9571e-06
5.9328e-06
5.9086e-06
5.8845e-06
5.8605e-06
5.8365e-06
5.8127e-06
5.7888e-06
5.7651e-06
5.7414e-06
5.7179e-06
5.6944e-06
5.6709e-06
5.6476e-06
5.6243e-06
5.6011e-06
5.5779e-06
5.5549e-06
5.5319e-06
5.509e-06
5.4861e-06
5.4634e-06
5.4407e-06
5.4181e-06
5.3955e-06
5.373e-06
5.3506e-06
5.3283e-06
5.3061e-06
5.2839e-06
5.2618e-06
5.2397e-06
5.2178e-06
5.1959e-06
5.1741e-06
5.1523e-06
5.1306e-06
5.109e-06
5.0875e-06
5.066e-06
5.0446e-06
5.0233e-06
5.0021e-06
4.9809e-06
4.9598e-06
4.9388e-06
4.9178e-06
4.8969e-06
4.8761e-06
4.8553e-06
4.8346e-06
4.814e-06
4.7935e-06
4.773e-06
4.7526e-06
4.7322e-06
4.712e-06
4.6918e-06
4.6716e-06
4.6516e-06
4.6316e-06
4.6116e-06
4.5918e-06
4.572e-06
4.5523e-06
4.5326e-06
4.513e-06
4.4935e-06
4.474e-06
4.4547e-06
4.4353e-06
4.4161e-06
4.3969e-06
4.3778e-06
4.3587e-06
4.3397e-06
4.3208e-06
4.302e-06
4.2832e-06
4.2645e-06
4.2458e-06
4.2272e-06
4.2087e-06
4.1902e-06
4.1718e-06
4.1535e-06
4.1352e-06
4.117e-06
4.0989e-06
4.0808e-06
4.0628e-06
4.0448e-06
4.027e-06
4.0091e-06
3.9914e-06
3.9737e-06
3.9561e-06
3.9385e-06
3.921e-06
3.9036e-06
3.8862e-06
3.8689e-06
3.8516e-06
3.8344e-06
3.8173e-06
3.8002e-06
3.7832e-06
3.7663e-06
3.7494e-06
3.7326e-06
3.7158e-06
3.6991e-06
3.6825e-06
3.6659e-06
3.6494e-06
3.633e-06
3.6166e-06
3.6002e-06
3.5839e-06
3.5677e-06
3.5516e-06
3.5355e-06
3.5194e-06
3.5035e-06
3.4876e-06
3.4717e-06
3.4559e-06
3.4402e-06
3.4245e-06
3.4088e-06
3.3933e-06
3.3778e-06
3.3623e-06
3.3469e-06
3.3316e-06
3.3163e-06
3.3011e-06
3.2859e-06
3.2708e-06
3.2558e-06
3.2408e-06
3.2259e-06
3.211e-06
3.1962e-06
3.1814e-06
3.1667e-06
3.152e-06
3.1374e-06
3.1229e-06
3.1084e-06
3.094e-06
3.0796e-06
3.0653e-06
3.051e-06
3.0368e-06
3.0227e-06
3.0086e-06
2.9945e-06
2.9805e-06
2.9666e-06
2.9527e-06
2.9389e-06
2.9251e-06
2.9113e-06
2.8977e-06
2.8841e-06
2.8705e-06
2.857e-06
2.8435e-06
2.8301e-06
2.8168e-06
2.8035e-06
2.7902e-06
2.777e-06
2.7639e-06
2.7508e-06
2.7377e-06
2.7247e-06
2.7118e-06
2.6989e-06
2.6861e-06
2.6733e-06
2.6605e-06
2.6478e-06
2.6352e-06
2.6226e-06
2.6101e-06
2.5976e-06
2.5852e-06
2.5728e-06
2.5604e-06
2.5481e-06
2.5359e-06
2.5237e-06
2.5116e-06
2.4995e-06
2.4874e-06
2.4754e-06
2.4635e-06
2.4516e-06
2.4398e-06
2.428e-06
2.4162e-06
2.4045e-06
2.3928e-06
2.3812e-06
2.3697e-06
2.3581e-06
2.3467e-06
2.3352e-06
2.3239e-06
2.3125e-06
2.3013e-06
2.29e-06
2.2788e-06
2.2677e-06
2.2566e-06
2.2455e-06
2.2345e-06
2.2236e-06
2.2126e-06
2.2018e-06
2.1909e-06
2.1802e-06
2.1694e-06
2.1587e-06
2.1481e-06
2.1375e-06
2.1269e-06
2.1164e-06
2.1059e-06
2.0955e-06
2.0851e-06
2.0748e-06
2.0645e-06
2.0542e-06
2.044e-06
2.0338e-06
2.0237e-06
2.0136e-06
2.0036e-06
1.9936e-06
1.9836e-06
1.9737e-06
1.9638e-06
1.954e-06
1.9442e-06
1.9345e-06
1.9248e-06
1.9151e-06
1.9055e-06
1.8959e-06
1.8864e-06
1.8769e-06
1.8674e-06
1.858e-06
1.8486e-06
1.8393e-06
1.83e-06
1.8207e-06
1.8115e-06
1.8023e-06
1.7932e-06
1.7841e-06
1.775e-06
1.766e-06
1.757e-06
1.7481e-06
1.7392e-06
1.7303e-06
1.7215e-06
1.7127e-06
1.704e-06
1.6952e-06
1.6866e-06
1.6779e-06
1.6693e-06
1.6608e-06
1.6523e-06
1.6438e-06
1.6353e-06
1.6269e-06
1.6185e-06
1.6102e-06
1.6019e-06
1.5936e-06
1.5854e-06
1.5772e-06
1.5691e-06
1.561e-06
1.5529e-06
1.5448e-06
1.5368e-06
1.5288e-06
1.5209e-06
1.513e-06
1.5051e-06
1.4973e-06
1.4895e-06
1.4817e-06
1.474e-06
1.4663e-06
1.4587e-06
1.451e-06
1.4435e-06
1.4359e-06
1.4284e-06
1.4209e-06
1.4134e-06
1.406e-06
1.3986e-06
1.3913e-06
1.384e-06
1.3767e-06
1.3694e-06
1.3622e-06
1.355e-06
1.3479e-06
1.3407e-06
1.3336e-06
1.3266e-06
1.3196e-06
1.3126e-06
1.3056e-06
1.2987e-06
1.2918e-06
1.2849e-06
1.2781e-06
1.2713e-06
1.2645e-06
1.2578e-06
1.2511e-06
1.2444e-06
1.2377e-06
1.2311e-06
1.2245e-06
1.218e-06
1.2115e-06
1.205e-06
1.1985e-06
1.1921e-06
1.1857e-06
1.1793e-06
1.1729e-06
1.1666e-06
1.1603e-06
1.1541e-06
1.1479e-06
1.1417e-06
1.1355e-06
1.1294e-06
1.1232e-06
1.1172e-06
1.1111e-06
1.1051e-06
1.0991e-06
1.0931e-06
1.0872e-06
1.0813e-06
1.0754e-06
1.0695e-06
1.0637e-06
1.0579e-06
1.0521e-06
1.0464e-06
1.0407e-06
1.035e-06
1.0293e-06
1.0237e-06
1.0181e-06
1.0125e-06
1.0069e-06
1.0014e-06
9.9592e-07
9.9044e-07
9.8499e-07
9.7957e-07
9.7417e-07
9.688e-07
9.6346e-07
9.5814e-07
9.5284e-07
9.4758e-07
9.4233e-07
9.3712e-07
9.3193e-07
9.2676e-07
9.2162e-07
9.165e-07
9.1141e-07
9.0635e-07
9.013e-07
8.9629e-07
8.9129e-07
8.8633e-07
8.8138e-07
8.7646e-07
8.7157e-07
8.6669e-07
8.6185e-07
8.5702e-07
8.5222e-07
8.4745e-07
8.4269e-07
8.3796e-07
8.3326e-07
8.2858e-07
8.2392e-07
8.1928e-07
8.1467e-07
8.1007e-07
8.0551e-07
8.0096e-07
7.9644e-07
7.9194e-07
7.8746e-07
7.8301e-07
7.7857e-07
7.7416e-07
7.6977e-07
7.654e-07
7.6106e-07
7.5674e-07
7.5243e-07
7.4815e-07
7.4389e-07
7.3966e-07
7.3544e-07
7.3125e-07
7.2707e-07
7.2292e-07
7.1879e-07
7.1468e-07
7.1059e-07
7.0652e-07
7.0247e-07
6.9844e-07
6.9443e-07
6.9045e-07
6.8648e-07
6.8253e-07
6.786e-07
6.747e-07
6.7081e-07
6.6694e-07
6.631e-07
6.5927e-07
6.5546e-07
6.5167e-07
6.479e-07
6.4415e-07
6.4042e-07
6.3671e-07
6.3302e-07
6.2934e-07
6.2569e-07
6.2205e-07
6.1844e-07
6.1484e-07
6.1126e-07
6.077e-07
6.0415e-07
6.0063e-07
5.9712e-07
5.9364e-07
5.9017e-07
5.8671e-07
5.8328e-07
5.7986e-07
5.7647e-07
5.7309e-07
5.6972e-07
5.6638e-07
5.6305e-07
5.5974e-07
5.5645e-07
5.5317e-07
5.4991e-07
5.4667e-07
5.4345e-07
5.4024e-07
5.3705e-07
5.3387e-07
5.3072e-07
5.2758e-07
5.2445e-07
5.2134e-07
5.1825e-07
5.1518e-07
5.1212e-07
5.0908e-07
5.0605e-07
5.0304e-07
5.0005e-07
4.9707e-07
4.9411e-07
4.9116e-07
4.8823e-07
4.8532e-07
4.8242e-07
4.7953e-07
4.7666e-07
4.7381e-07
4.7097e-07
4.6815e-07
4.6534e-07
4.6255e-07
4.5977e-07
4.5701e-07
4.5426e-07
4.5153e-07
4.4881e-07
4.461e-07
4.4341e-07
4.4074e-07
4.3808e-07
4.3543e-07
4.328e-07
4.3019e-07
4.2758e-07
4.2499e-07
4.2242e-07
4.1986e-07
4.1731e-07
4.1478e-07
4.1226e-07
4.0975e-07
4.0726e-07
4.0478e-07
4.0232e-07
3.9987e-07
3.9743e-07
3.95e-07
3.9259e-07
3.9019e-07
3.8781e-07
3.8544e-07
3.8308e-07
3.8073e-07
3.784e-07
3.7608e-07
3.7377e-07
3.7148e-07
3.692e-07
3.6693e-07
3.6467e-07
3.6243e-07
3.6019e-07
3.5798e-07
3.5577e-07
3.5357e-07
3.5139e-07
3.4922e-07
3.4706e-07
3.4492e-07
3.4278e-07
3.4066e-07
3.3855e-07
3.3645e-07
3.3436e-07
3.3229e-07
3.3022e-07
3.2817e-07
3.2613e-07
3.241e-07
3.2208e-07
3.2007e-07
3.1808e-07
3.161e-07
3.1412e-07
3.1216e-07
3.1021e-07
3.0827e-07
3.0634e-07
3.0442e-07
3.0252e-07
3.0062e-07
2.9873e-07
2.9686e-07
2.9499e-07
2.9314e-07
2.913e-07
2.8947e-07
2.8764e-07
2.8583e-07
2.8403e-07
2.8224e-07
2.8046e-07
2.7869e-07
2.7693e-07
2.7518e-07
2.7343e-07
2.717e-07
2.6998e-07
2.6827e-07
2.6657e-07
2.6488e-07
2.632e-07
2.6153e-07
2.5986e-07
2.5821e-07
2.5657e-07
2.5493e-07
2.5331e-07
2.517e-07
2.5009e-07
2.4849e-07
2.4691e-07
2.4533e-07
2.4376e-07
2.422e-07
2.4065e-07
2.3911e-07
2.3758e-07
2.3605e-07
2.3454e-07
2.3303e-07
2.3153e-07
2.3005e-07
2.2857e-07
2.2709e-07
2.2563e-07
2.2418e-07
2.2273e-07
2.213e-07
2.1987e-07
2.1845e-07
2.1704e-07
2.1563e-07
2.1424e-07
2.1285e-07
2.1147e-07
2.101e-07
2.0874e-07
2.0738e-07
2.0604e-07
2.047e-07
2.0337e-07
2.0204e-07
2.0073e-07
1.9942e-07
1.9812e-07
1.9683e-07
1.9555e-07
1.9427e-07
1.93e-07
1.9174e-07
1.9049e-07
1.8924e-07
1.88e-07
1.8677e-07
1.8554e-07
1.8433e-07
1.8312e-07
1.8192e-07
1.8072e-07
1.7953e-07
1.7835e-07
1.7718e-07
1.7601e-07
1.7485e-07
1.737e-07
1.7255e-07
1.7141e-07
1.7028e-07
1.6916e-07
1.6804e-07
1.6693e-07
1.6582e-07
1.6472e-07
1.6363e-07
1.6255e-07
1.6147e-07
1.604e-07
1.5933e-07
1.5827e-07
1.5722e-07
1.5617e-07
1.5513e-07
1.541e-07
1.5307e-07
1.5205e-07
1.5104e-07
1.5003e-07
1.4903e-07
1.4803e-07
1.4704e-07
1.4606e-07
1.4508e-07
1.4411e-07
1.4314e-07
1.4218e-07
1.4123e-07
1.4028e-07
1.3934e-07
1.384e-07
1.3747e-07
1.3654e-07
1.3563e-07
1.3471e-07
1.338e-07
1.329e-07
1.32e-07
1.3111e-07
1.3023e-07
1.2935e-07
1.2847e-07
1.276e-07
1.2674e-07
1.2588e-07
1.2503e-07
1.2418e-07
1.2333e-07
1.225e-07
1.2167e-07
1.2084e-07
1.2002e-07
1.192e-07
1.1839e-07
1.1758e-07
1.1678e-07
1.1598e-07
1.1519e-07
1.144e-07
1.1362e-07
1.1285e-07
1.1207e-07
1.1131e-07
1.1054e-07
1.0979e-07
1.0903e-07
1.0829e-07
1.0754e-07
1.0681e-07
1.0607e-07
1.0534e-07
1.0462e-07
1.039e-07
1.0318e-07
1.0247e-07
1.0176e-07
1.0106e-07
1.0037e-07
9.9672e-08
9.8984e-08
9.8299e-08
9.7619e-08
9.6944e-08
9.6273e-08
9.5606e-08
9.4943e-08
9.4285e-08
9.363e-08
9.298e-08
9.2334e-08
9.1692e-08
9.1055e-08
9.0421e-08
8.9792e-08
8.9166e-08
8.8545e-08
8.7927e-08
8.7314e-08
8.6704e-08
8.6098e-08
8.5497e-08
8.4899e-08
8.4305e-08
8.3715e-08
8.3128e-08
8.2546e-08
8.1967e-08
8.1392e-08
8.0821e-08
8.0253e-08
7.9689e-08
7.9129e-08
7.8572e-08
7.8019e-08
7.747e-08
7.6924e-08
7.6381e-08
7.5843e-08
7.5307e-08
7.4776e-08
7.4247e-08
7.3723e-08
7.3201e-08
7.2683e-08
7.2168e-08
7.1657e-08
7.1149e-08
7.0645e-08
7.0143e-08
6.9645e-08
6.9151e-08
6.8659e-08
6.8171e-08
6.7686e-08
6.7204e-08
6.6726e-08
6.625e-08
6.5778e-08
6.5308e-08
6.4842e-08
6.4379e-08
6.3919e-08
6.3462e-08
6.3008e-08
6.2557e-08
6.211e-08
6.1665e-08
6.1223e-08
6.0783e-08
6.0347e-08
5.9914e-08
5.9484e-08
5.9056e-08
5.8632e-08
5.821e-08
5.7791e-08
5.7374e-08
5.6961e-08
5.655e-08
5.6142e-08
5.5737e-08
5.5335e-08
5.4935e-08
5.4538e-08
5.4143e-08
5.3751e-08
5.3362e-08
5.2976e-08
5.2592e-08
5.221e-08
5.1832e-08
5.1455e-08
5.1082e-08
5.071e-08
5.0342e-08
4.9975e-08
4.9612e-08
4.925e-08
4.8892e-08
4.8535e-08
4.8181e-08
4.7829e-08
4.748e-08
4.7133e-08
4.6789e-08
4.6447e-08
4.6107e-08
4.5769e-08
4.5434e-08
4.5101e-08
4.4771e-08
4.4442e-08
4.4116e-08
4.3792e-08
4.347e-08
4.3151e-08
4.2833e-08
4.2518e-08
4.2205e-08
4.1894e-08
4.1585e-08
4.1279e-08
4.0974e-08
4.0672e-08
4.0371e-08
4.0073e-08
3.9777e-08
3.9483e-08
3.9191e-08
3.89e-08
3.8612e-08
3.8326e-08
3.8042e-08
3.776e-08
3.7479e-08
3.7201e-08
3.6924e-08
3.665e-08
3.6377e-08
3.6107e-08
3.5838e-08
3.5571e-08
3.5306e-08
3.5042e-08
3.4781e-08
3.4521e-08
3.4263e-08
3.4007e-08
3.3753e-08
3.3501e-08
3.325e-08
3.3001e-08
3.2754e-08
3.2508e-08
3.2264e-08
3.2022e-08
3.1782e-08
3.1543e-08
3.1306e-08
3.1071e-08
3.0837e-08
3.0605e-08
3.0374e-08
3.0146e-08
2.9918e-08
2.9693e-08
2.9469e-08
2.9246e-08
2.9025e-08
2.8806e-08
2.8588e-08
2.8372e-08
2.8157e-08
2.7944e-08
2.7732e-08
2.7522e-08
2.7314e-08
2.7106e-08
2.6901e-08
2.6696e-08
2.6493e-08
2.6292e-08
2.6092e-08
2.5893e-08
2.5696e-08
2.5501e-08
2.5306e-08
2.5113e-08
2.4922e-08
2.4731e-08
2.4543e-08
2.4355e-08
2.4169e-08
2.3984e-08
2.3801e-08
2.3618e-08
2.3437e-08
2.3258e-08
2.3079e-08
2.2902e-08
2.2727e-08
2.2552e-08
2.2379e-08
2.2207e-08
2.2036e-08
2.1867e-08
2.1698e-08
2.1531e-08
2.1365e-08
2.1201e-08
2.1037e-08
2.0875e-08
2.0714e-08
2.0554e-08
2.0395e-08
2.0237e-08
2.0081e-08
1.9925e-08
1.9771e-08
1.9618e-08
1.9466e-08
1.9315e-08
1.9165e-08
1.9016e-08
1.8868e-08
1.8722e-08
1.8576e-08
1.8432e-08
1.8288e-08
1.8146e-08
1.8005e-08
1.7864e-08
1.7725e-08
1.7587e-08
1.745e-08
1.7313e-08
1.7178e-08
1.7044e-08
1.6911e-08
1.6778e-08
1.6647e-08
1.6517e-08
1.6387e-08
1.6259e-08
1.6131e-08
1.6005e-08
1.5879e-08
1.5754e-08
1.563e-08
1.5508e-08
1.5386e-08
1.5265e-08
1.5144e-08
1.5025e-08
1.4907e-08
1.4789e-08
1.4673e-08
1.4557e-08
1.4442e-08
1.4328e-08
1.4215e-08
1.4102e-08
1.3991e-08
1.388e-08
1.377e-08
1.3661e-08
1.3553e-08
1.3445e-08
1.3338e-08
1.3233e-08
1.3127e-08
1.3023e-08
1.292e-08
1.2817e-08
1.2715e-08
1.2614e-08
1.2513e-08
1.2414e-08
1.2315e-08
1.2216e-08
1.2119e-08
1.2022e-08
1.1926e-08
1.1831e-08
1.1736e-08
1.1642e-08
1.1549e-08
1.1457e-08
1.1365e-08
1.1274e-08
1.1184e-08
1.1094e-08
1.1005e-08
1.0916e-08
1.0829e-08
1.0742e-08
1.0655e-08
1.057e-08
1.0485e-08
1.04e-08
1.0316e-08
1.0233e-08
1.0151e-08
1.0069e-08
9.9876e-09
9.907e-09
9.827e-09
9.7475e-09
9.6687e-09
9.5905e-09
9.5129e-09
9.4358e-09
9.3594e-09
9.2836e-09
9.2083e-09
9.1336e-09
9.0594e-09
8.9859e-09
8.9129e-09
8.8404e-09
8.7686e-09
8.6972e-09
8.6264e-09
8.5562e-09
8.4865e-09
8.4173e-09
8.3487e-09
8.2806e-09
8.213e-09
8.1459e-09
8.0794e-09
8.0133e-09
7.9478e-09
7.8828e-09
7.8183e-09
7.7542e-09
7.6907e-09
7.6277e-09
7.5651e-09
7.5031e-09
7.4415e-09
7.3804e-09
7.3198e-09
7.2596e-09
7.1999e-09
7.1407e-09
7.0819e-09
7.0236e-09
6.9657e-09
6.9083e-09
6.8513e-09
6.7948e-09
6.7387e-09
6.6831e-09
6.6279e-09
6.5731e-09
6.5188e-09
6.4648e-09
6.4113e-09
6.3583e-09
6.3056e-09
6.2533e-09
6.2015e-09
6.15e-09
6.099e-09
6.0484e-09
5.9981e-09
5.9483e-09
5.8988e-09
5.8497e-09
5.8011e-09
5.7528e-09
5.7049e-09
5.6573e-09
5.6101e-09
5.5634e-09
5.5169e-09
5.4709e-09
5.4252e-09
5.3798e-09
5.3349e-09
5.2903e-09
5.246e-09
5.2021e-09
5.1585e-09
5.1153e-09
5.0724e-09
5.0299e-09
4.9877e-09
4.9458e-09
4.9043e-09
4.8631e-09
4.8222e-09
4.7816e-09
4.7414e-09
4.7015e-09
4.6619e-09
4.6226e-09
4.5837e-09
4.545e-09
4.5067e-09
4.4686e-09
4.4309e-09
4.3935e-09
4.3563e-09
4.3195e-09
4.283e-09
4.2467e-09
4.2108e-09
4.1751e-09
4.1397e-09
4.1046e-09
4.0698e-09
4.0353e-09
4.001e-09
3.967e-09
3.9333e-09
3.8999e-09
3.8667e-09
3.8338e-09
3.8012e-09
3.7688e-09
3.7367e-09
3.7049e-09
3.6733e-09
3.6419e-09
3.6109e-09
3.58e-09
3.5494e-09
3.5191e-09
3.489e-09
3.4592e-09
3.4296e-09
3.4002e-09
3.3711e-09
3.3422e-09
3.3136e-09
3.2851e-09
3.2569e-09
3.229e-09
3.2013e-09
3.1737e-09
3.1465e-09
3.1194e-09
3.0926e-09
3.066e-09
3.0396e-09
3.0134e-09
2.9874e-09
2.9616e-09
2.9361e-09
2.9108e-09
2.8856e-09
2.8607e-09
2.836e-09
2.8115e-09
2.7871e-09
2.763e-09
2.7391e-09
2.7154e-09
2.6919e-09
2.6685e-09
2.6454e-09
2.6224e-09
2.5997e-09
2.5771e-09
2.5547e-09
2.5325e-09
2.5105e-09
2.4887e-09
2.467e-09
2.4455e-09
2.4242e-09
2.4031e-09
2.3821e-09
2.3614e-09
2.3408e-09
2.3203e-09
2.3001e-09
2.28e-09
2.26e-09
2.2403e-09
2.2207e-09
2.2013e-09
2.182e-09
2.1629e-09
2.1439e-09
2.1251e-09
2.1065e-09
2.088e-09
2.0697e-09
2.0515e-09
2.0335e-09
2.0156e-09
1.9979e-09
1.9803e-09
1.9629e-09
1.9456e-09
1.9284e-09
1.9114e-09
1.8946e-09
1.8779e-09
1.8613e-09
1.8449e-09
1.8286e-09
1.8124e-09
1.7964e-09
1.7805e-09
1.7648e-09
1.7492e-09
1.7337e-09
1.7183e-09
1.7031e-09
1.688e-09
1.673e-09
1.6582e-09
1.6434e-09
1.6289e-09
1.6144e-09
1.6e-09
1.5858e-09
1.5717e-09
1.5577e-09
1.5438e-09
1.5301e-09
1.5164e-09
1.5029e-09
1.4895e-09
1.4762e-09
1.4631e-09
1.45e-09
1.437e-09
1.4242e-09
1.4115e-09
1.3988e-09
1.3863e-09
1.3739e-09
1.3616e-09
1.3494e-09
1.3373e-09
1.3253e-09
1.3134e-09
1.3016e-09
1.2899e-09
1.2783e-09
1.2669e-09
1.2555e-09
1.2442e-09
1.233e-09
1.2219e-09
1.2109e-09
1.2e-09
1.1891e-09
1.1784e-09
1.1678e-09
1.1572e-09
1.1468e-09
1.1364e-09
1.1262e-09
1.116e-09
1.1059e-09
1.0959e-09
1.086e-09
1.0761e-09
1.0664e-09
1.0567e-09
1.0471e-09
1.0376e-09
1.0282e-09
1.0189e-09
1.0096e-09
1.0005e-09
9.9136e-10
9.8235e-10
9.7341e-10
9.6455e-10
9.5577e-10
9.4706e-10
9.3843e-10
9.2987e-10
9.2139e-10
9.1299e-10
9.0465e-10
8.9639e-10
8.882e-10
8.8008e-10
8.7204e-10
8.6406e-10
8.5615e-10
8.4831e-10
8.4054e-10
8.3284e-10
8.2521e-10
8.1764e-10
8.1014e-10
8.0271e-10
7.9534e-10
7.8803e-10
7.8079e-10
7.7361e-10
7.665e-10
7.5944e-10
7.5245e-10
7.4553e-10
7.3866e-10
7.3185e-10
7.251e-10
7.1842e-10
7.1179e-10
7.0522e-10
6.987e-10
6.9225e-10
6.8585e-10
6.7951e-10
6.7322e-10
6.6699e-10
6.6082e-10
6.547e-10
6.4863e-10
6.4262e-10
6.3666e-10
6.3076e-10
6.249e-10
6.191e-10
6.1335e-10
6.0765e-10
6.02e-10
5.964e-10
5.9086e-10
5.8536e-10
5.7991e-10
5.7451e-10
5.6915e-10
5.6385e-10
5.5859e-10
5.5338e-10
5.4821e-10
5.4309e-10
5.3802e-10
5.3299e-10
5.2801e-10
5.2307e-10
5.1818e-10
5.1333e-10
5.0852e-10
5.0376e-10
4.9903e-10
4.9436e-10
4.8972e-10
4.8512e-10
4.8057e-10
4.7606e-10
4.7159e-10
4.6715e-10
4.6276e-10
4.5841e-10
4.541e-10
4.4982e-10
4.4558e-10
4.4139e-10
4.3723e-10
4.331e-10
4.2902e-10
4.2497e-10
4.2096e-10
4.1698e-10
4.1304e-10
4.0914e-10
4.0527e-10
4.0144e-10
3.9764e-10
3.9387e-10
3.9014e-10
3.8645e-10
3.8279e-10
3.7916e-10
3.7556e-10
3.72e-10
3.6846e-10
3.6497e-10
3.615e-10
3.5806e-10
3.5466e-10
3.5128e-10
3.4794e-10
3.4463e-10
3.4135e-10
3.3809e-10
3.3487e-10
3.3168e-10
3.2851e-10
3.2538e-10
3.2227e-10
3.192e-10
3.1615e-10
3.1312e-10
3.1013e-10
3.0716e-10
3.0422e-10
3.0131e-10
2.9843e-10
2.9557e-10
2.9273e-10
2.8993e-10
2.8715e-10
2.8439e-10
2.8166e-10
2.7896e-10
2.7628e-10
2.7362e-10
2.7099e-10
2.6838e-10
2.658e-10
2.6324e-10
2.6071e-10
2.582e-10
2.5571e-10
2.5324e-10
2.508e-10
2.4838e-10
2.4598e-10
2.4361e-10
2.4125e-10
2.3892e-10
2.3661e-10
2.3432e-10
2.3206e-10
2.2981e-10
2.2758e-10
2.2538e-10
2.232e-10
2.2103e-10
2.1889e-10
2.1676e-10
2.1466e-10
2.1258e-10
2.1051e-10
2.0847e-10
2.0644e-10
2.0443e-10
2.0244e-10
2.0047e-10
1.9852e-10
1.9659e-10
1.9467e-10
1.9277e-10
1.9089e-10
1.8903e-10
1.8719e-10
1.8536e-10
1.8355e-10
1.8176e-10
1.7998e-10
1.7822e-10
1.7648e-10
1.7475e-10
1.7304e-10
1.7134e-10
1.6966e-10
1.68e-10
1.6635e-10
1.6472e-10
1.6311e-10
1.6151e-10
1.5992e-10
1.5835e-10
1.5679e-10
1.5525e-10
1.5372e-10
1.5221e-10
1.5071e-10
1.4923e-10
1.4776e-10
1.463e-10
1.4486e-10
1.4343e-10
1.4202e-10
1.4062e-10
1.3923e-10
1.3785e-10
1.3649e-10
1.3514e-10
1.338e-10
1.3248e-10
1.3117e-10
1.2987e-10
1.2858e-10
1.2731e-10
1.2605e-10
1.248e-10
1.2356e-10
1.2234e-10
1.2112e-10
1.1992e-10
1.1873e-10
1.1755e-10
1.1638e-10
1.1522e-10
1.1407e-10
1.1294e-10
1.1181e-10
1.107e-10
1.096e-10
1.0851e-10
1.0742e-10
1.0635e-10
1.0529e-10
1.0424e-10
1.032e-10
1.0217e-10
1.0115e-10
1.0013e-10
9.9133e-11
9.8141e-11
9.7158e-11
9.6186e-11
9.5222e-11
9.4268e-11
9.3323e-11
9.2387e-11
9.146e-11
9.0542e-11
8.9633e-11
8.8732e-11
8.7841e-11
8.6958e-11
8.6084e-11
8.5218e-11
8.436e-11
8.3511e-11
8.267e-11
8.1837e-11
8.1012e-11
8.0195e-11
7.9386e-11
7.8585e-11
7.7792e-11
7.7007e-11
7.6229e-11
7.5459e-11
7.4696e-11
7.394e-11
7.3192e-11
7.2452e-11
7.1718e-11
7.0992e-11
7.0273e-11
6.956e-11
6.8855e-11
6.8157e-11
6.7465e-11
6.678e-11
6.6102e-11
6.5431e-11
6.4766e-11
6.4107e-11
6.3455e-11
6.281e-11
6.2171e-11
6.1538e-11
6.0911e-11
6.029e-11
5.9676e-11
5.9067e-11
5.8465e-11
5.7868e-11
5.7278e-11
5.6693e-11
5.6114e-11
5.554e-11
5.4972e-11
5.441e-11
5.3854e-11
5.3302e-11
5.2757e-11
5.2216e-11
5.1681e-11
5.1152e-11
5.0627e-11
5.0108e-11
4.9594e-11
4.9085e-11
4.8581e-11
4.8082e-11
4.7588e-11
4.7098e-11
4.6614e-11
4.6134e-11
4.566e-11
4.519e-11
4.4724e-11
4.4263e-11
4.3807e-11
4.3356e-11
4.2908e-11
4.2466e-11
4.2027e-11
4.1593e-11
4.1164e-11
4.0738e-11
4.0317e-11
3.99e-11
3.9488e-11
3.9079e-11
3.8675e-11
3.8274e-11
3.7878e-11
3.7485e-11
3.7096e-11
3.6712e-11
3.6331e-11
3.5954e-11
3.558e-11
3.5211e-11
3.4845e-11
3.4483e-11
3.4124e-11
3.3769e-11
3.3418e-11
3.307e-11
3.2726e-11
3.2385e-11
3.2048e-11
3.1713e-11
3.1383e-11
3.1055e-11
3.0731e-11
3.041e-11
3.0093e-11
2.9779e-11
2.9467e-11
2.9159e-11
2.8854e-11
2.8552e-11
2.8254e-11
2.7958e-11
2.7665e-11
2.7375e-11
2.7088e-11
2.6804e-11
2.6523e-11
2.6245e-11
2.5969e-11
2.5697e-11
2.5427e-11
2.516e-11
2.4895e-11
2.4633e-11
2.4374e-11
2.4118e-11
2.3864e-11
2.3612e-11
2.3364e-11
2.3118e-11
2.2874e-11
2.2633e-11
2.2394e-11
2.2158e-11
2.1924e-11
2.1692e-11
2.1463e-11
2.1236e-11
2.1012e-11
2.0789e-11
2.0569e-11
2.0352e-11
2.0136e-11
1.9923e-11
1.9712e-11
1.9503e-11
1.9296e-11
1.9092e-11
1.8889e-11
1.8688e-11
1.849e-11
1.8294e-11
1.8099e-11
1.7907e-11
1.7716e-11
1.7528e-11
1.7342e-11
1.7157e-11
1.6974e-11
1.6793e-11
1.6614e-11
1.6437e-11
1.6262e-11
1.6089e-11
1.5917e-11
1.5747e-11
1.5579e-11
1.5412e-11
1.5248e-11
1.5085e-11
1.4923e-11
1.4764e-11
1.4606e-11
1.4449e-11
1.4295e-11
1.4142e-11
1.399e-11
1.384e-11
1.3692e-11
1.3545e-11
1.3399e-11
1.3256e-11
1.3113e-11
1.2972e-11
1.2833e-11
1.2695e-11
1.2558e-11
1.2423e-11
1.229e-11
1.2157e-11
1.2026e-11
1.1897e-11
1.1769e-11
1.1642e-11
1.1516e-11
1.1392e-11
1.1269e-11
1.1147e-11
1.1027e-11
1.0908e-11
1.079e-11
1.0673e-11
1.0558e-11
1.0444e-11
1.0331e-11
1.0219e-11
1.0108e-11
9.9985e-12
9.8902e-12
9.783e-12
9.6769e-12
9.5719e-12
9.468e-12
9.3652e-12
9.2635e-12
9.1628e-12
9.0632e-12
8.9647e-12
8.8672e-12
8.7707e-12
8.6753e-12
8.5808e-12
8.4874e-12
8.3949e-12
8.3034e-12
8.2129e-12
8.1233e-12
8.0347e-12
7.947e-12
7.8602e-12
7.7744e-12
7.6895e-12
7.6054e-12
7.5223e-12
7.44e-12
7.3586e-12
7.2781e-12
7.1984e-12
7.1195e-12
7.0416e-12
6.9644e-12
6.888e-12
6.8125e-12
6.7377e-12
6.6638e-12
6.5906e-12
6.5183e-12
6.4467e-12
6.3758e-12
6.3057e-12
6.2364e-12
6.1678e-12
6.0999e-12
6.0327e-12
5.9663e-12
5.9006e-12
5.8355e-12
5.7712e-12
5.7076e-12
5.6446e-12
5.5823e-12
5.5207e-12
5.4597e-12
5.3994e-12
5.3397e-12
5.2807e-12
5.2223e-12
5.1646e-12
5.1074e-12
5.0509e-12
4.9949e-12
4.9396e-12
4.8849e-12
4.8307e-12
4.7772e-12
4.7242e-12
4.6718e-12
4.6199e-12
4.5686e-12
4.5179e-12
4.4677e-12
4.418e-12
4.3689e-12
4.3203e-12
4.2722e-12
4.2247e-12
4.1776e-12
4.1311e-12
4.0851e-12
4.0395e-12
3.9945e-12
3.95e-12
3.9059e-12
3.8623e-12
3.8192e-12
3.7765e-12
3.7343e-12
3.6926e-12
3.6513e-12
3.6105e-12
3.5701e-12
3.5301e-12
3.4906e-12
3.4515e-12
3.4129e-12
3.3746e-12
3.3368e-12
3.2994e-12
3.2624e-12
3.2257e-12
3.1895e-12
3.1537e-12
3.1183e-12
3.0833e-12
3.0486e-12
3.0143e-12
2.9804e-12
2.9469e-12
2.9137e-12
2.8809e-12
2.8485e-12
2.8164e-12
2.7846e-12
2.7532e-12
2.7222e-12
2.6915e-12
2.6611e-12
2.6311e-12
2.6013e-12
2.572e-12
2.5429e-12
2.5141e-12
2.4857e-12
2.4576e-12
2.4298e-12
2.4023e-12
2.3751e-12
2.3482e-12
2.3216e-12
2.2952e-12
2.2692e-12
2.2435e-12
2.218e-12
2.1928e-12
2.1679e-12
2.1433e-12
2.119e-12
2.0949e-12
2.0711e-12
2.0475e-12
2.0242e-12
2.0012e-12
1.9784e-12
1.9559e-12
1.9336e-12
1.9116e-12
1.8898e-12
1.8682e-12
1.8469e-12
1.8258e-12
1.805e-12
1.7844e-12
1.764e-12
1.7438e-12
1.7239e-12
1.7042e-12
1.6847e-12
1.6654e-12
1.6464e-12
1.6275e-12
1.6089e-12
1.5904e-12
1.5722e-12
1.5542e-12
1.5364e-12
1.5188e-12
1.5013e-12
1.4841e-12
1.467e-12
1.4502e-12
1.4335e-12
1.4171e-12
1.4008e-12
1.3846e-12
1.3687e-12
1.353e-12
1.3374e-12
1.322e-12
1.3068e-12
1.2917e-12
1.2768e-12
1.2621e-12
1.2475e-12
1.2331e-12
1.2189e-12
1.2048e-12
1.1909e-12
1.1771e-12
1.1635e-12
1.1501e-12
1.1368e-12
1.1236e-12
1.1106e-12
1.0978e-12
1.085e-12
1.0725e-12
1.06e-12
1.0478e-12
1.0356e-12
1.0236e-12
1.0117e-12
9.9996e-13
9.8835e-13
9.7687e-13
9.6552e-13
9.543e-13
9.432e-13
9.3223e-13
9.2138e-13
9.1066e-13
9.0006e-13
8.8958e-13
8.7921e-13
8.6897e-13
8.5884e-13
8.4882e-13
8.3892e-13
8.2913e-13
8.1945e-13
8.0988e-13
8.0042e-13
7.9107e-13
7.8183e-13
7.7269e-13
7.6365e-13
7.5471e-13
7.4588e-13
7.3715e-13
7.2852e-13
7.1998e-13
7.1155e-13
7.0321e-13
6.9496e-13
6.8681e-13
6.7875e-13
6.7078e-13
6.6291e-13
6.5512e-13
6.4742e-13
6.3982e-13
6.3229e-13
6.2486e-13
6.1751e-13
6.1024e-13
6.0306e-13
5.9596e-13
5.8894e-13
5.82e-13
5.7514e-13
5.6836e-13
5.6165e-13
5.5503e-13
5.4848e-13
5.42e-13
5.356e-13
5.2927e-13
5.2302e-13
5.1684e-13
5.1073e-13
5.0468e-13
4.9871e-13
4.9281e-13
4.8698e-13
4.8121e-13
4.7551e-13
4.6987e-13
4.643e-13
4.588e-13
4.5335e-13
4.4797e-13
4.4266e-13
4.374e-13
4.3221e-13
4.2707e-13
4.2199e-13
4.1698e-13
4.1202e-13
4.0712e-13
4.0227e-13
3.9748e-13
3.9275e-13
3.8807e-13
3.8345e-13
3.7888e-13
3.7436e-13
3.699e-13
3.6548e-13
3.6112e-13
3.5681e-13
3.5255e-13
3.4834e-13
3.4417e-13
3.4006e-13
3.3599e-13
3.3198e-13
3.28e-13
3.2408e-13
3.202e-13
3.1636e-13
3.1257e-13
3.0883e-13
3.0512e-13
3.0147e-13
2.9785e-13
2.9428e-13
2.9074e-13
2.8725e-13
2.838e-13
2.8039e-13
2.7702e-13
2.7369e-13
2.704e-13
2.6715e-13
2.6393e-13
2.6076e-13
2.5762e-13
2.5452e-13
2.5145e-13
2.4842e-13
2.4542e-13
2.4246e-13
2.3954e-13
2.3665e-13
2.3379e-13
2.3097e-13
2.2818e-13
2.2542e-13
2.227e-13
2.2001e-13
2.1734e-13
2.1472e-13
2.1212e-13
2.0955e-13
2.0701e-13
2.045e-13
2.0203e-13
1.9958e-13
1.9716e-13
1.9477e-13
1.924e-13
1.9007e-13
1.8776e-13
1.8548e-13
1.8323e-13
1.81e-13
1.788e-13
1.7663e-13
1.7448e-13
1.7236e-13
1.7026e-13
1.6819e-13
1.6614e-13
1.6412e-13
1.6212e-13
1.6014e-13
1.5819e-13
1.5626e-13
1.5435e-13
1.5247e-13
1.5061e-13
1.4877e-13
1.4695e-13
1.4516e-13
1.4338e-13
1.4163e-13
1.399e-13
1.3818e-13
1.3649e-13
1.3482e-13
1.3317e-13
1.3154e-13
1.2993e-13
1.2834e-13
1.2676e-13
1.2521e-13
1.2367e-13
1.2215e-13
1.2066e-13
1.1917e-13
1.1771e-13
1.1626e-13
1.1483e-13
1.1342e-13
1.1203e-13
1.1065e-13
1.0929e-13
1.0794e-13
1.0661e-13
1.053e-13
1.04e-13
1.0272e-13
1.0145e-13
1.002e-13
9.8967e-14
9.7746e-14
9.6539e-14
9.5347e-14
9.417e-14
9.3006e-14
9.1857e-14
9.0721e-14
8.9599e-14
8.8491e-14
8.7396e-14
8.6314e-14
8.5245e-14
8.4189e-14
8.3146e-14
8.2116e-14
8.1098e-14
8.0092e-14
7.9099e-14
7.8117e-14
7.7148e-14
7.619e-14
7.5244e-14
7.4309e-14
7.3385e-14
7.2473e-14
7.1572e-14
7.0682e-14
6.9802e-14
6.8933e-14
6.8075e-14
6.7227e-14
6.639e-14
6.5563e-14
6.4745e-14
6.3938e-14
6.3141e-14
6.2353e-14
6.1575e-14
6.0806e-14
6.0047e-14
5.9296e-14
5.8556e-14
5.7824e-14
5.7101e-14
5.6387e-14
5.5681e-14
5.4984e-14
5.4296e-14
5.3616e-14
5.2944e-14
5.2281e-14
5.1626e-14
5.0979e-14
5.0339e-14
4.9708e-14
4.9084e-14
4.8468e-14
4.7859e-14
4.7258e-14
4.6664e-14
4.6078e-14
4.5499e-14
4.4927e-14
4.4362e-14
4.3803e-14
4.3252e-14
4.2707e-14
4.217e-14
4.1638e-14
4.1114e-14
4.0595e-14
4.0084e-14
3.9578e-14
3.9079e-14
3.8585e-14
3.8098e-14
3.7617e-14
3.7142e-14
3.6673e-14
3.6209e-14
3.5751e-14
3.5299e-14
3.4853e-14
3.4412e-14
3.3976e-14
3.3546e-14
3.3121e-14
3.2701e-14
3.2287e-14
3.1878e-14
3.1473e-14
3.1074e-14
3.068e-14
3.029e-14
2.9906e-14
2.9526e-14
2.9151e-14
2.878e-14
2.8415e-14
2.8053e-14
2.7696e-14
2.7344e-14
2.6996e-14
2.6652e-14
2.6313e-14
2.5978e-14
2.5647e-14
2.532e-14
2.4997e-14
2.4678e-14
2.4364e-14
2.4053e-14
2.3746e-14
2.3442e-14
2.3143e-14
2.2847e-14
2.2555e-14
2.2267e-14
2.1982e-14
2.1701e-14
2.1423e-14
2.1149e-14
2.0879e-14
2.0611e-14
2.0347e-14
2.0086e-14
1.9829e-14
1.9575e-14
1.9324e-14
1.9076e-14
1.8831e-14
1.8589e-14
1.8351e-14
1.8115e-14
1.7882e-14
1.7652e-14
1.7425e-14
1.7201e-14
1.698e-14
1.6762e-14
1.6546e-14
1.6333e-14
1.6122e-14
1.5915e-14
1.571e-14
1.5507e-14
1.5307e-14
1.511e-14
1.4915e-14
1.4722e-14
1.4532e-14
1.4345e-14
1.4159e-14
1.3977e-14
1.3796e-14
1.3618e-14
1.3441e-14
1.3268e-14
1.3096e-14
1.2926e-14
1.2759e-14
1.2594e-14
1.2431e-14
1.227e-14
1.2111e-14
1.1954e-14
1.1799e-14
1.1646e-14
1.1494e-14
1.1345e-14
1.1198e-14
1.1052e-14
1.0909e-14
1.0767e-14
1.0627e-14
1.0489e-14
1.0352e-14
1.0218e-14
1.0085e-14
9.9535e-15
9.8239e-15
9.696e-15
9.5696e-15
9.4449e-15
9.3218e-15
9.2002e-15
9.0802e-15
8.9617e-15
8.8447e-15
8.7292e-15
8.6152e-15
8.5027e-15
8.3916e-15
8.2819e-15
8.1736e-15
8.0667e-15
7.9612e-15
7.857e-15
7.7541e-15
7.6526e-15
7.5524e-15
7.4534e-15
7.3557e-15
7.2593e-15
7.1641e-15
7.0701e-15
6.9774e-15
6.8858e-15
6.7954e-15
6.7062e-15
6.6181e-15
6.5311e-15
6.4453e-15
6.3605e-15
6.2769e-15
6.1943e-15
6.1128e-15
6.0324e-15
5.9529e-15
5.8745e-15
5.7972e-15
5.7208e-15
5.6454e-15
5.5709e-15
5.4974e-15
5.4249e-15
5.3533e-15
5.2827e-15
5.2129e-15
5.1441e-15
5.0761e-15
5.009e-15
4.9428e-15
4.8775e-15
4.8129e-15
4.7493e-15
4.6864e-15
4.6244e-15
4.5631e-15
4.5027e-15
4.443e-15
4.3842e-15
4.326e-15
4.2687e-15
4.212e-15
4.1562e-15
4.101e-15
4.0466e-15
3.9928e-15
3.9398e-15
3.8874e-15
3.8358e-15
3.7848e-15
3.7344e-15
3.6848e-15
3.6357e-15
3.5873e-15
3.5396e-15
3.4924e-15
3.4459e-15
3.4e-15
3.3547e-15
3.3099e-15
3.2658e-15
3.2222e-15
3.1792e-15
3.1368e-15
3.0949e-15
3.0536e-15
3.0128e-15
2.9725e-15
2.9328e-15
2.8936e-15
2.8549e-15
2.8167e-15
2.779e-15
2.7418e-15
2.7051e-15
2.6689e-15
2.6331e-15
2.5978e-15
2.563e-15
2.5286e-15
2.4947e-15
2.4613e-15
2.4282e-15
2.3956e-15
2.3635e-15
2.3317e-15
2.3004e-15
2.2695e-15
2.239e-15
2.2089e-15
2.1792e-15
2.1498e-15
2.1209e-15
2.0924e-15
2.0642e-15
2.0364e-15
2.0089e-15
1.9819e-15
1.9552e-15
1.9288e-15
1.9028e-15
1.8771e-15
1.8518e-15
1.8268e-15
1.8021e-15
1.7778e-15
1.7537e-15
1.73e-15
1.7067e-15
1.6836e-15
1.6608e-15
1.6383e-15
1.6162e-15
1.5943e-15
1.5727e-15
1.5514e-15
1.5304e-15
1.5096e-15
1.4892e-15
1.469e-15
1.4491e-15
1.4294e-15
1.41e-15
1.3909e-15
1.372e-15
1.3533e-15
1.3349e-15
1.3168e-15
1.2989e-15
1.2812e-15
1.2638e-15
1.2466e-15
1.2297e-15
1.2129e-15
1.1964e-15
1.1801e-15
1.164e-15
1.1482e-15
1.1325e-15
1.1171e-15
1.1018e-15
1.0868e-15
1.072e-15
1.0573e-15
1.0429e-15
1.0287e-15
1.0146e-15
1.0007e-15
9.8706e-16
9.7356e-16
9.6025e-16
9.4711e-16
9.3415e-16
9.2136e-16
9.0874e-16
8.963e-16
8.8402e-16
8.7191e-16
8.5995e-16
8.4816e-16
8.3653e-16
8.2505e-16
8.1373e-16
8.0256e-16
7.9154e-16
7.8067e-16
7.6995e-16
7.5937e-16
7.4893e-16
7.3863e-16
7.2847e-16
7.1845e-16
7.0857e-16
6.9881e-16
6.8919e-16
6.797e-16
6.7034e-16
6.611e-16
6.5199e-16
6.43e-16
6.3413e-16
6.2538e-16
6.1676e-16
6.0824e-16
5.9985e-16
5.9156e-16
5.8339e-16
5.7533e-16
5.6738e-16
5.5953e-16
5.518e-16
5.4416e-16
5.3663e-16
5.2921e-16
5.2188e-16
5.1465e-16
5.0753e-16
5.0049e-16
4.9356e-16
4.8672e-16
4.7997e-16
4.7331e-16
4.6674e-16
4.6027e-16
4.5388e-16
4.4757e-16
4.4136e-16
4.3523e-16
4.2918e-16
4.2321e-16
4.1733e-16
4.1152e-16
4.058e-16
4.0015e-16
3.9458e-16
3.8909e-16
3.8367e-16
3.7832e-16
3.7305e-16
3.6785e-16
3.6272e-16
3.5767e-16
3.5268e-16
3.4775e-16
3.429e-16
3.3811e-16
3.3339e-16
3.2873e-16
3.2414e-16
3.1961e-16
3.1514e-16
3.1074e-16
3.0639e-16
3.021e-16
2.9788e-16
2.9371e-16
2.8959e-16
2.8554e-16
2.8154e-16
2.7759e-16
2.737e-16
2.6986e-16
2.6608e-16
2.6234e-16
2.5866e-16
2.5503e-16
2.5145e-16
2.4792e-16
2.4444e-16
2.41e-16
2.3761e-16
2.3427e-16
2.3098e-16
2.2773e-16
2.2453e-16
2.2137e-16
2.1825e-16
2.1518e-16
2.1214e-16
2.0916e-16
2.0621e-16
2.033e-16
2.0043e-16
1.9761e-16
1.9482e-16
1.9207e-16
1.8936e-16
1.8668e-16
1.8405e-16
1.8145e-16
1.7888e-16
1.7636e-16
1.7386e-16
1.714e-16
1.6898e-16
1.6659e-16
1.6423e-16
1.619e-16
1.5961e-16
1.5735e-16
1.5512e-16
1.5292e-16
1.5075e-16
1.4862e-16
1.4651e-16
1.4443e-16
1.4238e-16
1.4036e-16
1.3837e-16
1.364e-16
1.3446e-16
1.3255e-16
1.3067e-16
1.2881e-16
1.2698e-16
1.2517e-16
1.2339e-16
1.2163e-16
1.199e-16
1.1819e-16
1.1651e-16
1.1485e-16
1.1321e-16
1.116e-16
1.1001e-16
1.0844e-16
1.0689e-16
1.0537e-16
1.0386e-16
1.0238e-16
1.0092e-16
9.9476e-17
9.8054e-17
9.6653e-17
9.5271e-17
9.3908e-17
9.2565e-17
9.124e-17
8.9934e-17
8.8647e-17
8.7377e-17
8.6126e-17
8.4892e-17
8.3675e-17
8.2476e-17
8.1293e-17
8.0127e-17
7.8977e-17
7.7844e-17
7.6727e-17
7.5625e-17
7.4539e-17
7.3468e-17
7.2412e-17
7.1371e-17
7.0345e-17
6.9334e-17
6.8336e-17
6.7353e-17
6.6384e-17
6.5428e-17
6.4486e-17
6.3557e-17
6.2641e-17
6.1739e-17
6.0849e-17
5.9971e-17
5.9106e-17
5.8254e-17
5.7413e-17
5.6584e-17
5.5767e-17
5.4962e-17
5.4168e-17
5.3385e-17
5.2614e-17
5.1853e-17
5.1103e-17
5.0364e-17
4.9635e-17
4.8917e-17
4.8209e-17
4.7511e-17
4.6823e-17
4.6145e-17
4.5476e-17
4.4817e-17
4.4167e-17
4.3527e-17
4.2895e-17
4.2273e-17
4.1659e-17
4.1054e-17
4.0458e-17
3.9871e-17
3.9291e-17
3.872e-17
3.8158e-17
3.7603e-17
3.7056e-17
3.6517e-17
3.5985e-17
3.5462e-17
3.4945e-17
3.4436e-17
3.3935e-17
3.344e-17
3.2953e-17
3.2473e-17
3.1999e-17
3.1532e-17
3.1072e-17
3.0619e-17
3.0172e-17
2.9732e-17
2.9297e-17
2.8869e-17
2.8448e-17
2.8032e-17
2.7622e-17
2.7218e-17
2.682e-17
2.6428e-17
2.6041e-17
2.566e-17
2.5284e-17
2.4914e-17
2.4549e-17
2.4189e-17
2.3834e-17
2.3485e-17
2.3141e-17
2.2801e-17
2.2467e-17
2.2137e-17
2.1812e-17
2.1492e-17
2.1176e-17
2.0865e-17
2.0558e-17
2.0256e-17
1.9958e-17
1.9665e-17
1.9375e-17
1.909e-17
1.8809e-17
1.8533e-17
1.826e-17
1.7991e-17
1.7726e-17
1.7464e-17
1.7207e-17
1.6953e-17
1.6703e-17
1.6457e-17
1.6214e-17
1.5975e-17
1.5739e-17
1.5506e-17
1.5277e-17
1.5052e-17
1.4829e-17
1.461e-17
1.4394e-17
1.4181e-17
1.3971e-17
1.3765e-17
1.3561e-17
1.336e-17
1.3162e-17
1.2967e-17
1.2775e-17
1.2586e-17
1.2399e-17
1.2215e-17
1.2034e-17
1.1856e-17
1.168e-17
1.1507e-17
1.1336e-17
1.1167e-17
1.1001e-17
1.0838e-17
1.0677e-17
1.0518e-17
1.0362e-17
1.0208e-17
1.0056e-17
9.9062e-18
9.7588e-18
9.6135e-18
9.4704e-18
9.3293e-18
9.1903e-18
9.0533e-18
8.9184e-18
8.7854e-18
8.6544e-18
8.5253e-18
8.3981e-18
8.2727e-18
8.1492e-18
8.0275e-18
7.9076e-18
7.7895e-18
7.673e-18
7.5583e-18
7.4453e-18
7.334e-18
7.2243e-18
7.1162e-18
7.0097e-18
6.9047e-18
6.8013e-18
6.6995e-18
6.5991e-18
6.5002e-18
6.4027e-18
6.3067e-18
6.2122e-18
6.119e-18
6.0272e-18
5.9367e-18
5.8476e-18
5.7598e-18
5.6733e-18
5.588e-18
5.504e-18
5.4213e-18
5.3398e-18
5.2595e-18
5.1804e-18
5.1024e-18
5.0256e-18
4.95e-18
4.8754e-18
4.802e-18
4.7297e-18
4.6584e-18
4.5882e-18
4.519e-18
4.4509e-18
4.3837e-18
4.3176e-18
4.2524e-18
4.1882e-18
4.125e-18
4.0627e-18
4.0013e-18
3.9408e-18
3.8813e-18
3.8226e-18
3.7648e-18
3.7078e-18
3.6518e-18
3.5965e-18
3.542e-18
3.4884e-18
3.4356e-18
3.3835e-18
3.3323e-18
3.2818e-18
3.232e-18
3.183e-18
3.1347e-18
3.0872e-18
3.0403e-18
2.9942e-18
2.9487e-18
2.9039e-18
2.8598e-18
2.8164e-18
2.7736e-18
2.7314e-18
2.6899e-18
2.649e-18
2.6087e-18
2.569e-18
2.5299e-18
2.4914e-18
2.4534e-18
2.416e-18
2.3792e-18
2.343e-18
2.3073e-18
2.2721e-18
2.2374e-18
2.2033e-18
2.1697e-18
2.1366e-18
2.104e-18
2.0718e-18
2.0402e-18
2.009e-18
1.9783e-18
1.9481e-18
1.9183e-18
1.889e-18
1.8601e-18
1.8316e-18
1.8036e-18
1.776e-18
1.7488e-18
1.722e-18
1.6956e-18
1.6696e-18
1.644e-18
1.6188e-18
1.594e-18
1.5696e-18
1.5455e-18
1.5218e-18
1.4984e-18
1.4754e-18
1.4528e-18
1.4304e-18
1.4085e-18
1.3868e-18
1.3655e-18
1.3445e-18
1.3238e-18
1.3035e-18
1.2834e-18
1.2637e-18
1.2442e-18
1.225e-18
1.2062e-18
1.1876e-18
1.1693e-18
1.1513e-18
1.1335e-18
1.116e-18
1.0988e-18
1.0819e-18
1.0652e-18
1.0487e-18
1.0325e-18
1.0166e-18
1.0009e-18
9.8543e-19
9.702e-19
9.5521e-19
9.4044e-19
9.2589e-19
9.1157e-19
8.9746e-19
8.8357e-19
8.6989e-19
8.5642e-19
8.4316e-19
8.301e-19
8.1723e-19
8.0457e-19
7.9209e-19
7.7981e-19
7.6771e-19
7.558e-19
7.4407e-19
7.3252e-19
7.2115e-19
7.0995e-19
6.9892e-19
6.8806e-19
6.7737e-19
6.6684e-19
6.5647e-19
6.4626e-19
6.362e-19
6.2631e-19
6.1656e-19
6.0696e-19
5.9751e-19
5.882e-19
5.7904e-19
5.7001e-19
5.6113e-19
5.5238e-19
5.4377e-19
5.3528e-19
5.2693e-19
5.1871e-19
5.1061e-19
5.0264e-19
4.9479e-19
4.8706e-19
4.7945e-19
4.7196e-19
4.6458e-19
4.5732e-19
4.5016e-19
4.4312e-19
4.3619e-19
4.2936e-19
4.2264e-19
4.1602e-19
4.0951e-19
4.0309e-19
3.9677e-19
3.9055e-19
3.8443e-19
3.784e-19
3.7247e-19
3.6662e-19
3.6087e-19
3.5521e-19
3.4963e-19
3.4414e-19
3.3873e-19
3.3341e-19
3.2817e-19
3.2301e-19
3.1793e-19
3.1293e-19
3.0801e-19
3.0317e-19
2.9839e-19
2.937e-19
2.8907e-19
2.8452e-19
2.8004e-19
2.7563e-19
2.7128e-19
2.67e-19
2.6279e-19
2.5865e-19
2.5457e-19
2.5055e-19
2.466e-19
2.427e-19
2.3887e-19
2.351e-19
2.3138e-19
2.2773e-19
2.2413e-19
2.2059e-19
2.171e-19
2.1366e-19
2.1028e-19
2.0696e-19
2.0368e-19
2.0045e-19
1.9728e-19
1.9416e-19
1.9108e-19
1.8805e-19
1.8507e-19
1.8214e-19
1.7925e-19
1.764e-19
1.736e-19
1.7085e-19
1.6814e-19
1.6547e-19
1.6284e-19
1.6025e-19
1.5771e-19
1.552e-19
1.5273e-19
1.503e-19
1.4791e-19
1.4556e-19
1.4325e-19
1.4097e-19
1.3872e-19
1.3651e-19
1.3434e-19
1.322e-19
1.3009e-19
1.2802e-19
1.2598e-19
1.2397e-19
1.2199e-19
1.2005e-19
1.1813e-19
1.1624e-19
1.1439e-19
1.1256e-19
1.1076e-19
1.0899e-19
1.0725e-19
1.0554e-19
1.0385e-19
1.0219e-19
1.0056e-19
9.8947e-20
9.7364e-20
9.5805e-20
9.4271e-20
9.2762e-20
9.1276e-20
8.9814e-20
8.8374e-20
8.6958e-20
8.5564e-20
8.4191e-20
8.2841e-20
8.1512e-20
8.0204e-20
7.8916e-20
7.7649e-20
7.6402e-20
7.5175e-20
7.3967e-20
7.2779e-20
7.1609e-20
7.0457e-20
6.9324e-20
6.8209e-20
6.7112e-20
6.6032e-20
6.4969e-20
6.3923e-20
6.2893e-20
6.188e-20
6.0883e-20
5.9902e-20
5.8936e-20
5.7986e-20
5.7051e-20
5.6131e-20
5.5225e-20
5.4334e-20
5.3457e-20
5.2594e-20
5.1744e-20
5.0909e-20
5.0086e-20
4.9277e-20
4.848e-20
4.7696e-20
4.6925e-20
4.6166e-20
4.5419e-20
4.4684e-20
4.396e-20
4.3249e-20
4.2548e-20
4.1859e-20
4.1181e-20
4.0513e-20
3.9857e-20
3.921e-20
3.8574e-20
3.7949e-20
3.7333e-20
3.6727e-20
3.6131e-20
3.5544e-20
3.4967e-20
3.4399e-20
3.384e-20
3.329e-20
3.2749e-20
3.2217e-20
3.1693e-20
3.1177e-20
3.067e-20
3.0171e-20
2.968e-20
2.9196e-20
2.8721e-20
2.8253e-20
2.7793e-20
2.734e-20
2.6894e-20
2.6456e-20
2.6024e-20
2.56e-20
2.5182e-20
2.4771e-20
2.4367e-20
2.3969e-20
2.3577e-20
2.3192e-20
2.2813e-20
2.244e-20
2.2074e-20
2.1713e-20
2.1358e-20
2.1008e-20
2.0665e-20
2.0326e-20
1.9994e-20
1.9666e-20
1.9344e-20
1.9027e-20
1.8716e-20
1.8409e-20
1.8107e-20
1.781e-20
1.7518e-20
1.7231e-20
1.6948e-20
1.667e-20
1.6397e-20
1.6127e-20
1.5862e-20
1.5602e-20
1.5346e-20
1.5093e-20
1.4845e-20
1.4601e-20
1.4361e-20
1.4125e-20
1.3893e-20
1.3664e-20
1.3439e-20
1.3218e-20
1.3e-20
1.2786e-20
1.2575e-20
1.2368e-20
1.2164e-20
1.1964e-20
1.1767e-20
1.1572e-20
1.1382e-20
1.1194e-20
1.1009e-20
1.0827e-20
1.0648e-20
1.0473e-20
1.03e-20
1.0129e-20
9.962e-21
9.7973e-21
9.6353e-21
9.476e-21
9.3192e-21
9.165e-21
9.0133e-21
8.8641e-21
8.7174e-21
8.573e-21
8.431e-21
8.2913e-21
8.1539e-21
8.0187e-21
7.8858e-21
7.755e-21
7.6264e-21
7.4998e-21
7.3754e-21
7.2529e-21
7.1325e-21
7.0141e-21
6.8976e-21
6.783e-21
6.6703e-21
6.5594e-21
6.4503e-21
6.3431e-21
6.2376e-21
6.1338e-21
6.0317e-21
5.9313e-21
5.8326e-21
5.7355e-21
5.6399e-21
5.546e-21
5.4536e-21
5.3627e-21
5.2733e-21
5.1853e-21
5.0989e-21
5.0138e-21
4.9301e-21
4.8479e-21
4.7669e-21
4.6873e-21
4.6091e-21
4.5321e-21
4.4563e-21
4.3819e-21
4.3086e-21
4.2366e-21
4.1657e-21
4.096e-21
4.0275e-21
3.9601e-21
3.8938e-21
3.8286e-21
3.7645e-21
3.7015e-21
3.6395e-21
3.5785e-21
3.5185e-21
3.4595e-21
3.4015e-21
3.3444e-21
3.2883e-21
3.2331e-21
3.1789e-21
3.1255e-21
3.073e-21
3.0214e-21
2.9707e-21
2.9208e-21
2.8717e-21
2.8234e-21
2.7759e-21
2.7292e-21
2.6833e-21
2.6382e-21
2.5938e-21
2.5501e-21
2.5072e-21
2.465e-21
2.4234e-21
2.3826e-21
2.3425e-21
2.303e-21
2.2641e-21
2.226e-21
2.1884e-21
2.1515e-21
2.1152e-21
2.0795e-21
2.0444e-21
2.0099e-21
1.9759e-21
1.9425e-21
1.9097e-21
1.8774e-21
1.8457e-21
1.8145e-21
1.7838e-21
1.7536e-21
1.724e-21
1.6948e-21
1.6661e-21
1.6379e-21
1.6102e-21
1.5829e-21
1.5561e-21
1.5297e-21
1.5038e-21
1.4783e-21
1.4532e-21
1.4286e-21
1.4043e-21
1.3805e-21
1.3571e-21
1.334e-21
1.3114e-21
1.2891e-21
1.2672e-21
1.2457e-21
1.2245e-21
1.2037e-21
1.1832e-21
1.1631e-21
1.1433e-21
1.1239e-21
1.1047e-21
1.0859e-21
1.0674e-21
1.0493e-21
1.0314e-21
1.0138e-21
9.9654e-22
9.7956e-22
9.6286e-22
9.4644e-22
9.303e-22
9.1443e-22
8.9882e-22
8.8348e-22
8.684e-22
8.5357e-22
8.39e-22
8.2466e-22
8.1057e-22
7.9672e-22
7.831e-22
7.6972e-22
7.5655e-22
7.4361e-22
7.3089e-22
7.1838e-22
7.0609e-22
6.94e-22
6.8212e-22
6.7043e-22
6.5895e-22
6.4766e-22
6.3656e-22
6.2564e-22
6.1492e-22
6.0437e-22
5.94e-22
5.8381e-22
5.7379e-22
5.6394e-22
5.5426e-22
5.4474e-22
5.3539e-22
5.2619e-22
5.1715e-22
5.0826e-22
4.9952e-22
4.9093e-22
4.8249e-22
4.7419e-22
4.6603e-22
4.5801e-22
4.5012e-22
4.4237e-22
4.3476e-22
4.2727e-22
4.1991e-22
4.1267e-22
4.0556e-22
3.9857e-22
3.9169e-22
3.8494e-22
3.783e-22
3.7177e-22
3.6535e-22
3.5904e-22
3.5284e-22
3.4675e-22
3.4076e-22
3.3487e-22
3.2909e-22
3.234e-22
3.1781e-22
3.1231e-22
3.0691e-22
3.016e-22
2.9638e-22
2.9125e-22
2.8621e-22
2.8125e-22
2.7638e-22
2.7159e-22
2.6689e-22
2.6226e-22
2.5772e-22
2.5325e-22
2.4885e-22
2.4454e-22
2.403e-22
2.3613e-22
2.3203e-22
2.28e-22
2.2404e-22
2.2015e-22
2.1632e-22
2.1257e-22
2.0887e-22
2.0524e-22
2.0167e-22
1.9816e-22
1.9472e-22
1.9133e-22
1.88e-22
1.8473e-22
1.8151e-22
1.7835e-22
1.7524e-22
1.7219e-22
1.6919e-22
1.6624e-22
1.6334e-22
1.605e-22
1.577e-22
1.5495e-22
1.5224e-22
1.4958e-22
1.4697e-22
1.4441e-22
1.4189e-22
1.3941e-22
1.3697e-22
1.3458e-22
1.3223e-22
1.2992e-22
1.2764e-22
1.2541e-22
1.2322e-22
1.2106e-22
1.1894e-22
1.1686e-22
1.1481e-22
1.128e-22
1.1083e-22
1.0889e-22
1.0698e-22
1.051e-22
1.0326e-22
1.0145e-22
9.9671e-23
9.7923e-23
9.6204e-23
9.4516e-23
9.2857e-23
9.1227e-23
8.9625e-23
8.805e-23
8.6504e-23
8.4983e-23
8.349e-23
8.2022e-23
8.058e-23
7.9163e-23
7.777e-23
7.6402e-23
7.5057e-23
7.3736e-23
7.2438e-23
7.1162e-23
6.9909e-23
6.8677e-23
6.7467e-23
6.6278e-23
6.5109e-23
6.3961e-23
6.2833e-23
6.1725e-23
6.0636e-23
5.9566e-23
5.8514e-23
5.7481e-23
5.6466e-23
5.5469e-23
5.4489e-23
5.3526e-23
5.258e-23
5.1651e-23
5.0737e-23
4.984e-23
4.8958e-23
4.8092e-23
4.7241e-23
4.6405e-23
4.5583e-23
4.4776e-23
4.3983e-23
4.3204e-23
4.2438e-23
4.1686e-23
4.0947e-23
4.0221e-23
3.9508e-23
3.8807e-23
3.8119e-23
3.7442e-23
3.6778e-23
3.6125e-23
3.5483e-23
3.4853e-23
3.4234e-23
3.3626e-23
3.3028e-23
3.2441e-23
3.1864e-23
3.1297e-23
3.0741e-23
3.0194e-23
2.9657e-23
2.9129e-23
2.861e-23
2.8101e-23
2.76e-23
2.7109e-23
2.6626e-23
2.6151e-23
2.5685e-23
2.5227e-23
2.4777e-23
2.4335e-23
2.3901e-23
2.3475e-23
2.3056e-23
2.2644e-23
2.224e-23
2.1843e-23
2.1453e-23
2.1069e-23
2.0693e-23
2.0323e-23
1.996e-23
1.9603e-23
1.9252e-23
1.8908e-23
1.8569e-23
1.8237e-23
1.7911e-23
1.759e-23
1.7275e-23
1.6966e-23
1.6662e-23
1.6363e-23
1.607e-23
1.5782e-23
1.5499e-23
1.5221e-23
1.4948e-23
1.468e-23
1.4416e-23
1.4157e-23
1.3903e-23
1.3654e-23
1.3408e-23
1.3167e-23
1.2931e-23
1.2699e-23
1.247e-23
1.2246e-23
1.2026e-23
1.181e-23
1.1597e-23
1.1388e-23
1.1183e-23
1.0982e-23
1.0784e-23
1.059e-23
1.0399e-23
1.0212e-23
1.0028e-23
9.8473e-24
9.6698e-24
9.4954e-24
9.3242e-24
9.156e-24
8.9908e-24
8.8285e-24
8.6692e-24
8.5127e-24
8.359e-24
8.208e-24
8.0597e-24
7.9141e-24
7.7711e-24
7.6306e-24
7.4926e-24
7.3572e-24
7.2241e-24
7.0934e-24
6.9651e-24
6.839e-24
6.7152e-24
6.5936e-24
6.4742e-24
6.357e-24
6.2418e-24
6.1287e-24
6.0176e-24
5.9085e-24
5.8014e-24
5.6962e-24
5.5929e-24
5.4914e-24
5.3918e-24
5.2939e-24
5.1978e-24
5.1035e-24
5.0108e-24
4.9198e-24
4.8304e-24
4.7426e-24
4.6565e-24
4.5718e-24
4.4887e-24
4.4071e-24
4.3269e-24
4.2482e-24
4.1709e-24
4.095e-24
4.0205e-24
3.9473e-24
3.8754e-24
3.8048e-24
3.7355e-24
3.6675e-24
3.6007e-24
3.535e-24
3.4706e-24
3.4073e-24
3.3452e-24
3.2842e-24
3.2243e-24
3.1655e-24
3.1077e-24
3.051e-24
2.9953e-24
2.9406e-24
2.8869e-24
2.8342e-24
2.7824e-24
2.7316e-24
2.6817e-24
2.6327e-24
2.5846e-24
2.5373e-24
2.4909e-24
2.4454e-24
2.4007e-24
2.3568e-24
2.3137e-24
2.2713e-24
2.2298e-24
2.189e-24
2.1489e-24
2.1096e-24
2.071e-24
2.033e-24
1.9958e-24
1.9593e-24
1.9234e-24
1.8882e-24
1.8536e-24
1.8196e-24
1.7863e-24
1.7536e-24
1.7214e-24
1.6899e-24
1.6589e-24
1.6285e-24
1.5987e-24
1.5694e-24
1.5406e-24
1.5124e-24
1.4847e-24
1.4575e-24
1.4308e-24
1.4045e-24
1.3788e-24
1.3535e-24
1.3287e-24
1.3044e-24
1.2805e-24
1.257e-24
1.234e-24
1.2114e-24
1.1892e-24
1.1675e-24
1.1461e-24
1.1251e-24
1.1045e-24
1.0843e-24
1.0645e-24
1.045e-24
1.0259e-24
1.0072e-24
9.8876e-25
9.707e-25
9.5298e-25
9.3559e-25
9.1852e-25
9.0177e-25
8.8534e-25
8.6921e-25
8.5338e-25
8.3786e-25
8.2262e-25
8.0767e-25
7.93e-25
7.7861e-25
7.6449e-25
7.5064e-25
7.3705e-25
7.2372e-25
7.1064e-25
6.9781e-25
6.8523e-25
6.7289e-25
6.6078e-25
6.4891e-25
6.3726e-25
6.2584e-25
6.1464e-25
6.0366e-25
5.9289e-25
5.8233e-25
5.7197e-25
5.6182e-25
5.5187e-25
5.4211e-25
5.3255e-25
5.2318e-25
5.1399e-25
5.0498e-25
4.9616e-25
4.8752e-25
4.7904e-25
4.7074e-25
4.6261e-25
4.5465e-25
4.4685e-25
4.3921e-25
4.3173e-25
4.2441e-25
4.1724e-25
4.1022e-25
4.0335e-25
3.9663e-25
3.9005e-25
3.8361e-25
3.7732e-25
3.7116e-25
3.6514e-25
3.5926e-25
3.535e-25
3.4788e-25
3.4239e-25
3.3702e-25
3.3178e-25
3.2667e-25
3.2167e-25
3.168e-25
3.1204e-25
3.0741e-25
3.0289e-25
2.9848e-25
2.9419e-25
2.9001e-25
2.8595e-25
2.8199e-25
2.7814e-25
2.744e-25
2.7076e-25
2.6723e-25
2.6381e-25
2.6049e-25
2.5727e-25
2.5415e-25
2.5113e-25
2.4822e-25
2.454e-25
2.4268e-25
2.4006e-25
2.3754e-25
2.3511e-25
2.3278e-25
2.3055e-25
2.2841e-25
2.2637e-25
2.2442e-25
2.2256e-25
2.208e-25
2.1913e-25
2.1755e-25
2.1607e-25
2.1468e-25
2.1339e-25
2.1218e-25
2.1107e-25
2.1005e-25
2.0913e-25
