2.3525e-60
2.3079e-60
2.2893e-60
2.2964e-60
2.3296e-60
2.3893e-60
2.4763e-60
2.5918e-60
2.7371e-60
2.914e-60
3.1247e-60
3.3716e-60
3.6577e-60
3.9863e-60
4.3613e-60
4.787e-60
5.2685e-60
5.8113e-60
6.4218e-60
7.1071e-60
7.875e-60
8.7345e-60
9.6955e-60
1.0769e-59
1.1968e-59
1.3305e-59
1.4797e-59
1.646e-59
1.8313e-59
2.0378e-59
2.2679e-59
2.5241e-59
2.8094e-59
3.1272e-59
3.4809e-59
3.8747e-59
4.313e-59
4.8008e-59
5.3437e-59
5.9479e-59
6.6202e-59
7.3683e-59
8.2006e-59
9.1267e-59
1.0157e-58
1.1303e-58
1.2578e-58
1.3996e-58
1.5573e-58
1.7327e-58
1.9278e-58
2.1448e-58
2.3861e-58
2.6544e-58
2.9528e-58
3.2845e-58
3.6533e-58
4.0634e-58
4.5193e-58
5.0261e-58
5.5895e-58
6.2158e-58
6.9119e-58
7.6856e-58
8.5455e-58
9.5012e-58
1.0563e-57
1.1744e-57
1.3055e-57
1.4513e-57
1.6132e-57
1.7931e-57
1.993e-57
2.2151e-57
2.4618e-57
2.7358e-57
3.0403e-57
3.3784e-57
3.754e-57
4.1711e-57
4.6344e-57
5.1489e-57
5.7203e-57
6.3547e-57
7.0592e-57
7.8415e-57
8.71e-57
9.6743e-57
1.0745e-56
1.1933e-56
1.3253e-56
1.4717e-56
1.6342e-56
1.8147e-56
2.0149e-56
2.2372e-56
2.4838e-56
2.7575e-56
3.0612e-56
3.3983e-56
3.7722e-56
4.1871e-56
4.6475e-56
5.1582e-56
5.7247e-56
6.3532e-56
7.0504e-56
7.8237e-56
8.6814e-56
9.6328e-56
1.0688e-55
1.1858e-55
1.3156e-55
1.4594e-55
1.619e-55
1.7959e-55
1.9921e-55
2.2095e-55
2.4507e-55
2.7179e-55
3.0142e-55
3.3427e-55
3.7068e-55
4.1103e-55
4.5576e-55
5.0533e-55
5.6026e-55
6.2114e-55
6.886e-55
7.6335e-55
8.4618e-55
9.3795e-55
1.0396e-54
1.1523e-54
1.2771e-54
1.4153e-54
1.5685e-54
1.7381e-54
1.926e-54
2.1341e-54
2.3645e-54
2.6198e-54
2.9024e-54
3.2154e-54
3.562e-54
3.9458e-54
4.3707e-54
4.8412e-54
5.362e-54
5.9386e-54
6.5769e-54
7.2835e-54
8.0656e-54
8.9313e-54
9.8894e-54
1.095e-53
1.2123e-53
1.3422e-53
1.4859e-53
1.645e-53
1.8209e-53
2.0156e-53
2.2311e-53
2.4694e-53
2.733e-53
3.0247e-53
3.3473e-53
3.7042e-53
4.099e-53
4.5355e-53
5.0184e-53
5.5524e-53
6.143e-53
6.7961e-53
7.5182e-53
8.3167e-53
9.1996e-53
1.0176e-52
1.1255e-52
1.2448e-52
1.3767e-52
1.5225e-52
1.6836e-52
1.8618e-52
2.0586e-52
2.2762e-52
2.5167e-52
2.7825e-52
3.0761e-52
3.4007e-52
3.7592e-52
4.1554e-52
4.5932e-52
5.0768e-52
5.6111e-52
6.2013e-52
6.8533e-52
7.5735e-52
8.3689e-52
9.2475e-52
1.0218e-51
1.129e-51
1.2473e-51
1.378e-51
1.5223e-51
1.6817e-51
1.8576e-51
2.0519e-51
2.2664e-51
2.5032e-51
2.7645e-51
3.0531e-51
3.3716e-51
3.7232e-51
4.1112e-51
4.5395e-51
5.0121e-51
5.5337e-51
6.1093e-51
6.7445e-51
7.4453e-51
8.2186e-51
9.0718e-51
1.0013e-50
1.1052e-50
1.2197e-50
1.3461e-50
1.4855e-50
1.6393e-50
1.8089e-50
1.9959e-50
2.2022e-50
2.4297e-50
2.6806e-50
2.9572e-50
3.2623e-50
3.5986e-50
3.9694e-50
4.3783e-50
4.829e-50
5.326e-50
5.8737e-50
6.4775e-50
7.1431e-50
7.8766e-50
8.6851e-50
9.5761e-50
1.0558e-49
1.164e-49
1.2833e-49
1.4147e-49
1.5594e-49
1.719e-49
1.8947e-49
2.0883e-49
2.3016e-49
2.5366e-49
2.7954e-49
3.0805e-49
3.3945e-49
3.7403e-49
4.1212e-49
4.5406e-49
5.0026e-49
5.5112e-49
6.0713e-49
6.6881e-49
7.3671e-49
8.1147e-49
8.9377e-49
9.8438e-49
1.0841e-48
1.1939e-48
1.3148e-48
1.4478e-48
1.5942e-48
1.7553e-48
1.9326e-48
2.1278e-48
2.3425e-48
2.5788e-48
2.8388e-48
3.1248e-48
3.4395e-48
3.7858e-48
4.1667e-48
4.5857e-48
5.0466e-48
5.5537e-48
6.1113e-48
6.7246e-48
7.3992e-48
8.141e-48
8.9569e-48
9.854e-48
1.084e-47
1.1925e-47
1.3118e-47
1.4429e-47
1.587e-47
1.7455e-47
1.9197e-47
2.1112e-47
2.3217e-47
2.5531e-47
2.8074e-47
3.0869e-47
3.394e-47
3.7315e-47
4.1024e-47
4.51e-47
4.9579e-47
5.4499e-47
5.9905e-47
6.5845e-47
7.237e-47
7.9537e-47
8.7411e-47
9.606e-47
1.0556e-46
1.1599e-46
1.2745e-46
1.4004e-46
1.5386e-46
1.6904e-46
1.857e-46
2.04e-46
2.2409e-46
2.4615e-46
2.7037e-46
2.9696e-46
3.2614e-46
3.5818e-46
3.9335e-46
4.3195e-46
4.7432e-46
5.2082e-46
5.7185e-46
6.2785e-46
6.8931e-46
7.5674e-46
8.3074e-46
9.1193e-46
1.001e-45
1.0987e-45
1.2059e-45
1.3236e-45
1.4526e-45
1.5941e-45
1.7493e-45
1.9196e-45
2.1063e-45
2.3111e-45
2.5357e-45
2.782e-45
3.052e-45
3.3482e-45
3.6728e-45
4.0288e-45
4.4191e-45
4.847e-45
5.316e-45
5.8302e-45
6.3938e-45
7.0116e-45
7.6887e-45
8.4308e-45
9.2441e-45
1.0135e-44
1.1112e-44
1.2182e-44
1.3355e-44
1.464e-44
1.6048e-44
1.7591e-44
1.928e-44
2.1132e-44
2.316e-44
2.5381e-44
2.7814e-44
3.0479e-44
3.3398e-44
3.6594e-44
4.0095e-44
4.3929e-44
4.8127e-44
5.2723e-44
5.7756e-44
6.3267e-44
6.93e-44
7.5905e-44
8.3135e-44
9.1051e-44
9.9715e-44
1.092e-43
1.1958e-43
1.3094e-43
1.4337e-43
1.5698e-43
1.7187e-43
1.8817e-43
2.06e-43
2.255e-43
2.4685e-43
2.702e-43
2.9575e-43
3.237e-43
3.5428e-43
3.8772e-43
4.243e-43
4.6432e-43
5.0808e-43
5.5594e-43
6.0829e-43
6.6553e-43
7.2812e-43
7.9657e-43
8.714e-43
9.5323e-43
1.0427e-42
1.1405e-42
1.2474e-42
1.3643e-42
1.4921e-42
1.6317e-42
1.7844e-42
1.9512e-42
2.1335e-42
2.3328e-42
2.5506e-42
2.7885e-42
3.0486e-42
3.3327e-42
3.6431e-42
3.9823e-42
4.3528e-42
4.7576e-42
5.1998e-42
5.6828e-42
6.2104e-42
6.7867e-42
7.4162e-42
8.1036e-42
8.8544e-42
9.6742e-42
1.057e-41
1.1547e-41
1.2615e-41
1.378e-41
1.5053e-41
1.6442e-41
1.7958e-41
1.9614e-41
2.1421e-41
2.3394e-41
2.5547e-41
2.7898e-41
3.0463e-41
3.3262e-41
3.6317e-41
3.965e-41
4.3288e-41
4.7257e-41
5.1587e-41
5.6312e-41
6.1467e-41
6.7091e-41
7.3226e-41
7.9918e-41
8.7217e-41
9.518e-41
1.0386e-40
1.1333e-40
1.2366e-40
1.3493e-40
1.4721e-40
1.6061e-40
1.7521e-40
1.9114e-40
2.085e-40
2.2743e-40
2.4807e-40
2.7056e-40
2.9509e-40
3.2182e-40
3.5095e-40
3.8271e-40
4.1732e-40
4.5504e-40
4.9615e-40
5.4095e-40
5.8976e-40
6.4295e-40
7.0091e-40
7.6405e-40
8.3284e-40
9.0779e-40
9.8943e-40
1.0784e-39
1.1752e-39
1.2808e-39
1.3957e-39
1.5209e-39
1.6572e-39
1.8057e-39
1.9673e-39
2.1434e-39
2.3351e-39
2.5438e-39
2.7711e-39
3.0185e-39
3.2878e-39
3.5811e-39
3.9003e-39
4.2477e-39
4.626e-39
5.0376e-39
5.4856e-39
5.9732e-39
6.5039e-39
7.0813e-39
7.7097e-39
8.3935e-39
9.1374e-39
9.9469e-39
1.0828e-38
1.1786e-38
1.2828e-38
1.3962e-38
1.5195e-38
1.6537e-38
1.7996e-38
1.9583e-38
2.1309e-38
2.3186e-38
2.5227e-38
2.7447e-38
2.986e-38
3.2485e-38
3.5338e-38
3.844e-38
4.1813e-38
4.5479e-38
4.9465e-38
5.3797e-38
5.8507e-38
6.3625e-38
6.9189e-38
7.5235e-38
8.1806e-38
8.8947e-38
9.6706e-38
1.0514e-37
1.143e-37
1.2425e-37
1.3507e-37
1.4682e-37
1.5958e-37
1.7345e-37
1.8851e-37
2.0487e-37
2.2264e-37
2.4194e-37
2.629e-37
2.8567e-37
3.1039e-37
3.3724e-37
3.6639e-37
3.9804e-37
4.3241e-37
4.6972e-37
5.1023e-37
5.5421e-37
6.0195e-37
6.5377e-37
7.1002e-37
7.7108e-37
8.3734e-37
9.0927e-37
9.8732e-37
1.072e-36
1.1639e-36
1.2637e-36
1.3719e-36
1.4893e-36
1.6167e-36
1.755e-36
1.9049e-36
2.0676e-36
2.244e-36
2.4354e-36
2.643e-36
2.8682e-36
3.1124e-36
3.3773e-36
3.6645e-36
3.976e-36
4.3137e-36
4.68e-36
5.077e-36
5.5075e-36
5.9743e-36
6.4803e-36
7.0288e-36
7.6235e-36
8.268e-36
8.9667e-36
9.7239e-36
1.0545e-35
1.1434e-35
1.2398e-35
1.3442e-35
1.4574e-35
1.5801e-35
1.713e-35
1.8569e-35
2.0129e-35
2.1819e-35
2.365e-35
2.5633e-35
2.7781e-35
3.0108e-35
3.2628e-35
3.5357e-35
3.8313e-35
4.1514e-35
4.4981e-35
4.8735e-35
5.2799e-35
5.72e-35
6.1966e-35
6.7125e-35
7.271e-35
7.8756e-35
8.5301e-35
9.2386e-35
1.0005e-34
1.0836e-34
1.1734e-34
1.2706e-34
1.3758e-34
1.4897e-34
1.6129e-34
1.7462e-34
1.8905e-34
2.0466e-34
2.2154e-34
2.3981e-34
2.5957e-34
2.8095e-34
3.0408e-34
3.2909e-34
3.5615e-34
3.8541e-34
4.1706e-34
4.5129e-34
4.883e-34
5.2832e-34
5.716e-34
6.184e-34
6.6899e-34
7.2369e-34
7.8283e-34
8.4676e-34
9.1587e-34
9.9058e-34
1.0713e-33
1.1586e-33
1.2529e-33
1.3549e-33
1.4651e-33
1.5842e-33
1.7128e-33
1.8519e-33
2.0021e-33
2.1644e-33
2.3398e-33
2.5292e-33
2.7339e-33
2.955e-33
3.1938e-33
3.4518e-33
3.7305e-33
4.0314e-33
4.3565e-33
4.7075e-33
5.0866e-33
5.496e-33
5.938e-33
6.4153e-33
6.9307e-33
7.4871e-33
8.0878e-33
8.7363e-33
9.4363e-33
1.0192e-32
1.1008e-32
1.1888e-32
1.2838e-32
1.3864e-32
1.4971e-32
1.6165e-32
1.7454e-32
1.8845e-32
2.0346e-32
2.1965e-32
2.3712e-32
2.5597e-32
2.7631e-32
2.9824e-32
3.2191e-32
3.4743e-32
3.7496e-32
4.0465e-32
4.3668e-32
4.7122e-32
5.0847e-32
5.4863e-32
5.9194e-32
6.3865e-32
6.89e-32
7.4329e-32
8.0183e-32
8.6493e-32
9.3295e-32
1.0063e-31
1.0853e-31
1.1705e-31
1.2624e-31
1.3613e-31
1.468e-31
1.5829e-31
1.7068e-31
1.8403e-31
1.9841e-31
2.1391e-31
2.3061e-31
2.4859e-31
2.6797e-31
2.8885e-31
3.1134e-31
3.3557e-31
3.6166e-31
3.8977e-31
4.2004e-31
4.5264e-31
4.8774e-31
5.2555e-31
5.6626e-31
6.101e-31
6.573e-31
7.0812e-31
7.6283e-31
8.2174e-31
8.8515e-31
9.5341e-31
1.0269e-30
1.106e-30
1.1911e-30
1.2827e-30
1.3813e-30
1.4875e-30
1.6016e-30
1.7245e-30
1.8568e-30
1.999e-30
2.1521e-30
2.3168e-30
2.494e-30
2.6846e-30
2.8897e-30
3.1102e-30
3.3475e-30
3.6027e-30
3.8771e-30
4.1723e-30
4.4897e-30
4.8311e-30
5.1982e-30
5.5929e-30
6.0174e-30
6.4737e-30
6.9643e-30
7.4918e-30
8.0589e-30
8.6684e-30
9.3237e-30
1.0028e-29
1.0785e-29
1.1599e-29
1.2473e-29
1.3413e-29
1.4423e-29
1.5508e-29
1.6674e-29
1.7927e-29
1.9274e-29
2.072e-29
2.2274e-29
2.3944e-29
2.5737e-29
2.7664e-29
2.9733e-29
3.1956e-29
3.4343e-29
3.6907e-29
3.9661e-29
4.2618e-29
4.5793e-29
4.9203e-29
5.2864e-29
5.6795e-29
6.1016e-29
6.5547e-29
7.0411e-29
7.5633e-29
8.1239e-29
8.7256e-29
9.3714e-29
1.0065e-28
1.0809e-28
1.1607e-28
1.2464e-28
1.3383e-28
1.437e-28
1.5429e-28
1.6565e-28
1.7783e-28
1.9091e-28
2.0494e-28
2.1998e-28
2.3613e-28
2.5344e-28
2.7201e-28
2.9193e-28
3.133e-28
3.3621e-28
3.6078e-28
3.8713e-28
4.1539e-28
4.4568e-28
4.7817e-28
5.13e-28
5.5034e-28
5.9037e-28
6.3329e-28
6.7929e-28
7.286e-28
7.8146e-28
8.3811e-28
8.9883e-28
9.639e-28
1.0336e-27
1.1084e-27
1.1884e-27
1.2743e-27
1.3662e-27
1.4647e-27
1.5702e-27
1.6833e-27
1.8044e-27
1.9342e-27
2.0732e-27
2.222e-27
2.3815e-27
2.5523e-27
2.7352e-27
2.931e-27
3.1408e-27
3.3654e-27
3.6059e-27
3.8634e-27
4.1392e-27
4.4344e-27
4.7504e-27
5.0887e-27
5.4509e-27
5.8386e-27
6.2535e-27
6.6977e-27
7.1731e-27
7.6818e-27
8.2263e-27
8.809e-27
9.4325e-27
1.01e-26
1.0813e-26
1.1577e-26
1.2394e-26
1.3269e-26
1.4204e-26
1.5204e-26
1.6275e-26
1.7419e-26
1.8644e-26
1.9953e-26
2.1354e-26
2.2852e-26
2.4454e-26
2.6167e-26
2.7998e-26
2.9956e-26
3.205e-26
3.4289e-26
3.6683e-26
3.9241e-26
4.1977e-26
4.49e-26
4.8026e-26
5.1366e-26
5.4937e-26
5.8752e-26
6.283e-26
6.7188e-26
7.1845e-26
7.6822e-26
8.2139e-26
8.782e-26
9.389e-26
1.0037e-25
1.073e-25
1.147e-25
1.2261e-25
1.3105e-25
1.4007e-25
1.4971e-25
1.5999e-25
1.7098e-25
1.8272e-25
1.9525e-25
2.0863e-25
2.2292e-25
2.3817e-25
2.5446e-25
2.7185e-25
2.9041e-25
3.1023e-25
3.3138e-25
3.5396e-25
3.7806e-25
4.0379e-25
4.3124e-25
4.6054e-25
4.9181e-25
5.2518e-25
5.6078e-25
5.9878e-25
6.3931e-25
6.8256e-25
7.2871e-25
7.7794e-25
8.3045e-25
8.8647e-25
9.4623e-25
1.01e-24
1.0779e-24
1.1504e-24
1.2278e-24
1.3102e-24
1.3982e-24
1.4919e-24
1.5919e-24
1.6985e-24
1.8122e-24
1.9334e-24
2.0626e-24
2.2003e-24
2.3471e-24
2.5036e-24
2.6705e-24
2.8482e-24
3.0377e-24
3.2397e-24
3.4549e-24
3.6843e-24
3.9287e-24
4.1891e-24
4.4666e-24
4.7622e-24
5.0772e-24
5.4128e-24
5.7702e-24
6.151e-24
6.5567e-24
6.9887e-24
7.4489e-24
7.9391e-24
8.4611e-24
9.017e-24
9.609e-24
1.0239e-23
1.0911e-23
1.1625e-23
1.2386e-23
1.3197e-23
1.4059e-23
1.4977e-23
1.5955e-23
1.6995e-23
1.8103e-23
1.9282e-23
2.0537e-23
2.1872e-23
2.3293e-23
2.4805e-23
2.6414e-23
2.8127e-23
2.9949e-23
3.1887e-23
3.395e-23
3.6144e-23
3.8478e-23
4.0962e-23
4.3603e-23
4.6413e-23
4.9401e-23
5.258e-23
5.596e-23
5.9555e-23
6.3379e-23
6.7444e-23
7.1767e-23
7.6364e-23
8.1251e-23
8.6447e-23
9.1972e-23
9.7844e-23
1.0409e-22
1.1072e-22
1.1778e-22
1.2528e-22
1.3324e-22
1.4171e-22
1.5072e-22
1.6028e-22
1.7045e-22
1.8125e-22
1.9272e-22
2.0492e-22
2.1787e-22
2.3164e-22
2.4626e-22
2.6179e-22
2.7829e-22
2.9582e-22
3.1444e-22
3.3421e-22
3.5521e-22
3.7751e-22
4.012e-22
4.2635e-22
4.5306e-22
4.8141e-22
5.1152e-22
5.4349e-22
5.7743e-22
6.1346e-22
6.5171e-22
6.9232e-22
7.3541e-22
7.8116e-22
8.2971e-22
8.8125e-22
9.3594e-22
9.9397e-22
1.0556e-21
1.1209e-21
1.1903e-21
1.2638e-21
1.3419e-21
1.4247e-21
1.5126e-21
1.6058e-21
1.7047e-21
1.8096e-21
1.9208e-21
2.0388e-21
2.164e-21
2.2967e-21
2.4374e-21
2.5867e-21
2.745e-21
2.9128e-21
3.0907e-21
3.2794e-21
3.4794e-21
3.6915e-21
3.9163e-21
4.1546e-21
4.4071e-21
4.6749e-21
4.9587e-21
5.2594e-21
5.5782e-21
5.916e-21
6.274e-21
6.6533e-21
7.0552e-21
7.4811e-21
7.9324e-21
8.4104e-21
8.9169e-21
9.4534e-21
1.0022e-20
1.0624e-20
1.1262e-20
1.1937e-20
1.2652e-20
1.341e-20
1.4212e-20
1.5062e-20
1.5962e-20
1.6914e-20
1.7923e-20
1.8991e-20
2.0122e-20
2.1319e-20
2.2586e-20
2.3928e-20
2.5348e-20
2.6851e-20
2.8442e-20
3.0126e-20
3.1908e-20
3.3794e-20
3.579e-20
3.7902e-20
4.0137e-20
4.2502e-20
4.5003e-20
4.765e-20
5.0451e-20
5.3413e-20
5.6547e-20
5.9862e-20
6.3369e-20
6.7078e-20
7.1e-20
7.5149e-20
7.9536e-20
8.4176e-20
8.9082e-20
9.427e-20
9.9756e-20
1.0556e-19
1.1169e-19
1.1817e-19
1.2502e-19
1.3227e-19
1.3993e-19
1.4802e-19
1.5658e-19
1.6562e-19
1.7518e-19
1.8528e-19
1.9595e-19
2.0723e-19
2.1915e-19
2.3175e-19
2.4505e-19
2.5911e-19
2.7396e-19
2.8965e-19
3.0623e-19
3.2374e-19
3.4223e-19
3.6177e-19
3.824e-19
4.0419e-19
4.272e-19
4.5151e-19
4.7717e-19
5.0427e-19
5.3288e-19
5.6309e-19
5.9499e-19
6.2867e-19
6.6422e-19
7.0175e-19
7.4136e-19
7.8318e-19
8.2732e-19
8.739e-19
9.2307e-19
9.7496e-19
1.0297e-18
1.0875e-18
1.1485e-18
1.2128e-18
1.2807e-18
1.3523e-18
1.4279e-18
1.5076e-18
1.5917e-18
1.6804e-18
1.774e-18
1.8727e-18
1.9768e-18
2.0865e-18
2.2023e-18
2.3244e-18
2.4532e-18
2.589e-18
2.7321e-18
2.8831e-18
3.0422e-18
3.21e-18
3.3869e-18
3.5734e-18
3.77e-18
3.9772e-18
4.1956e-18
4.4257e-18
4.6684e-18
4.924e-18
5.1935e-18
5.4774e-18
5.7766e-18
6.0919e-18
6.4241e-18
6.7741e-18
7.1428e-18
7.5313e-18
7.9405e-18
8.3716e-18
8.8256e-18
9.3039e-18
9.8077e-18
1.0338e-17
1.0897e-17
1.1485e-17
1.2105e-17
1.2758e-17
1.3445e-17
1.4168e-17
1.493e-17
1.5732e-17
1.6576e-17
1.7465e-17
1.84e-17
1.9385e-17
2.0421e-17
2.1512e-17
2.2661e-17
2.3869e-17
2.5141e-17
2.6479e-17
2.7887e-17
2.9369e-17
3.0928e-17
3.2569e-17
3.4295e-17
3.611e-17
3.8021e-17
4.003e-17
4.2143e-17
4.4367e-17
4.6705e-17
4.9164e-17
5.175e-17
5.447e-17
5.7331e-17
6.0339e-17
6.3501e-17
6.6827e-17
7.0323e-17
7.3999e-17
7.7864e-17
8.1926e-17
8.6197e-17
9.0686e-17
9.5405e-17
1.0036e-16
1.0558e-16
1.1106e-16
1.1681e-16
1.2286e-16
1.2922e-16
1.359e-16
1.4292e-16
1.5029e-16
1.5804e-16
1.6618e-16
1.7473e-16
1.8372e-16
1.9315e-16
2.0306e-16
2.1347e-16
2.2441e-16
2.3589e-16
2.4795e-16
2.6061e-16
2.7391e-16
2.8788e-16
3.0254e-16
3.1793e-16
3.3409e-16
3.5106e-16
3.6887e-16
3.8757e-16
4.072e-16
4.278e-16
4.4943e-16
4.7212e-16
4.9594e-16
5.2094e-16
5.4717e-16
5.747e-16
6.0358e-16
6.3389e-16
6.6569e-16
6.9905e-16
7.3405e-16
7.7077e-16
8.0929e-16
8.4969e-16
8.9207e-16
9.3653e-16
9.8315e-16
1.032e-15
1.0833e-15
1.1371e-15
1.1935e-15
1.2526e-15
1.3146e-15
1.3796e-15
1.4478e-15
1.5192e-15
1.5941e-15
1.6726e-15
1.755e-15
1.8412e-15
1.9317e-15
2.0264e-15
2.1258e-15
2.2299e-15
2.3389e-15
2.4533e-15
2.573e-15
2.6986e-15
2.8301e-15
2.9678e-15
3.1122e-15
3.2634e-15
3.4218e-15
3.5877e-15
3.7615e-15
3.9436e-15
4.1342e-15
4.3339e-15
4.543e-15
4.762e-15
4.9914e-15
5.2315e-15
5.4829e-15
5.7462e-15
6.0218e-15
6.3104e-15
6.6125e-15
6.9287e-15
7.2597e-15
7.6062e-15
7.9689e-15
8.3485e-15
8.7457e-15
9.1615e-15
9.5966e-15
1.0052e-14
1.0528e-14
1.1027e-14
1.1548e-14
1.2094e-14
1.2665e-14
1.3262e-14
1.3887e-14
1.454e-14
1.5224e-14
1.5939e-14
1.6687e-14
1.7469e-14
1.8287e-14
1.9142e-14
2.0037e-14
2.0972e-14
2.195e-14
2.2972e-14
2.4041e-14
2.5159e-14
2.6327e-14
2.7549e-14
2.8825e-14
3.016e-14
3.1555e-14
3.3013e-14
3.4537e-14
3.6129e-14
3.7793e-14
3.9532e-14
4.1349e-14
4.3248e-14
4.5231e-14
4.7304e-14
4.9469e-14
5.1731e-14
5.4094e-14
5.6563e-14
5.9141e-14
6.1834e-14
6.4647e-14
6.7584e-14
7.0652e-14
7.3856e-14
7.7202e-14
8.0695e-14
8.4343e-14
8.8151e-14
9.2127e-14
9.6279e-14
1.0061e-13
1.0514e-13
1.0986e-13
1.1479e-13
1.1993e-13
1.253e-13
1.3091e-13
1.3676e-13
1.4286e-13
1.4923e-13
1.5588e-13
1.6281e-13
1.7005e-13
1.776e-13
1.8547e-13
1.9369e-13
2.0226e-13
2.112e-13
2.2053e-13
2.3025e-13
2.404e-13
2.5098e-13
2.6201e-13
2.7352e-13
2.8552e-13
2.9803e-13
3.1108e-13
3.2468e-13
3.3887e-13
3.5365e-13
3.6907e-13
3.8513e-13
4.0189e-13
4.1934e-13
4.3754e-13
4.5651e-13
4.7628e-13
4.9688e-13
5.1835e-13
5.4072e-13
5.6403e-13
5.8832e-13
6.1363e-13
6.3999e-13
6.6746e-13
6.9608e-13
7.2589e-13
7.5694e-13
7.8929e-13
8.2298e-13
8.5807e-13
8.9461e-13
9.3267e-13
9.7231e-13
1.0136e-12
1.0566e-12
1.1013e-12
1.1479e-12
1.1964e-12
1.2469e-12
1.2995e-12
1.3542e-12
1.4112e-12
1.4705e-12
1.5322e-12
1.5964e-12
1.6633e-12
1.7329e-12
1.8053e-12
1.8806e-12
1.959e-12
2.0406e-12
2.1255e-12
2.2138e-12
2.3056e-12
2.4012e-12
2.5006e-12
2.604e-12
2.7116e-12
2.8235e-12
2.9399e-12
3.0609e-12
3.1867e-12
3.3176e-12
3.4537e-12
3.5953e-12
3.7424e-12
3.8954e-12
4.0545e-12
4.2199e-12
4.3918e-12
4.5705e-12
4.7563e-12
4.9494e-12
5.1501e-12
5.3587e-12
5.5755e-12
5.8008e-12
6.0349e-12
6.2782e-12
6.531e-12
6.7937e-12
7.0666e-12
7.3502e-12
7.6448e-12
7.9508e-12
8.2687e-12
8.5989e-12
8.9419e-12
9.2982e-12
9.6682e-12
1.0052e-11
1.0452e-11
1.0866e-11
1.1296e-11
1.1743e-11
1.2207e-11
1.2689e-11
1.3189e-11
1.3708e-11
1.4247e-11
1.4807e-11
1.5388e-11
1.5991e-11
1.6616e-11
1.7266e-11
1.794e-11
1.8639e-11
1.9365e-11
2.0118e-11
2.09e-11
2.1711e-11
2.2552e-11
2.3425e-11
2.4331e-11
2.527e-11
2.6245e-11
2.7256e-11
2.8304e-11
2.9392e-11
3.052e-11
3.169e-11
3.2903e-11
3.4161e-11
3.5465e-11
3.6818e-11
3.822e-11
3.9675e-11
4.1182e-11
4.2745e-11
4.4365e-11
4.6045e-11
4.7786e-11
4.959e-11
5.1461e-11
5.3399e-11
5.5408e-11
5.749e-11
5.9647e-11
6.1883e-11
6.4199e-11
6.6599e-11
6.9086e-11
7.1662e-11
7.4331e-11
7.7096e-11
7.996e-11
8.2927e-11
8.5999e-11
8.9182e-11
9.2478e-11
9.5892e-11
9.9427e-11
1.0309e-10
1.0688e-10
1.108e-10
1.1487e-10
1.1908e-10
1.2343e-10
1.2794e-10
1.3261e-10
1.3744e-10
1.4244e-10
1.4762e-10
1.5298e-10
1.5853e-10
1.6427e-10
1.7021e-10
1.7635e-10
1.8271e-10
1.8929e-10
1.961e-10
2.0315e-10
2.1044e-10
2.1797e-10
2.2577e-10
2.3384e-10
2.4219e-10
2.5082e-10
2.5975e-10
2.6898e-10
2.7853e-10
2.884e-10
2.9861e-10
3.0917e-10
3.2009e-10
3.3138e-10
3.4305e-10
3.5511e-10
3.6759e-10
3.8048e-10
3.9381e-10
4.0758e-10
4.2182e-10
4.3654e-10
4.5175e-10
4.6747e-10
4.8371e-10
5.0049e-10
5.1784e-10
5.3576e-10
5.5427e-10
5.734e-10
5.9316e-10
6.1358e-10
6.3466e-10
6.5645e-10
6.7895e-10
7.0219e-10
7.2619e-10
7.5098e-10
7.7658e-10
8.0301e-10
8.3031e-10
8.585e-10
8.876e-10
9.1765e-10
9.4867e-10
9.807e-10
1.0138e-09
1.0479e-09
1.0831e-09
1.1195e-09
1.157e-09
1.1957e-09
1.2357e-09
1.277e-09
1.3195e-09
1.3635e-09
1.4088e-09
1.4555e-09
1.5038e-09
1.5536e-09
1.6049e-09
1.6579e-09
1.7125e-09
1.7689e-09
1.827e-09
1.887e-09
1.9488e-09
2.0126e-09
2.0784e-09
2.1462e-09
2.2161e-09
2.2883e-09
2.3626e-09
2.4393e-09
2.5183e-09
2.5997e-09
2.6837e-09
2.7703e-09
2.8595e-09
2.9515e-09
3.0463e-09
3.144e-09
3.2446e-09
3.3484e-09
3.4553e-09
3.5654e-09
3.6789e-09
3.7959e-09
3.9164e-09
4.0405e-09
4.1684e-09
4.3001e-09
4.4357e-09
4.5755e-09
4.7194e-09
4.8677e-09
5.0204e-09
5.1776e-09
5.3395e-09
5.5062e-09
5.6779e-09
5.8546e-09
6.0366e-09
6.224e-09
6.4169e-09
6.6154e-09
6.8198e-09
7.0302e-09
7.2467e-09
7.4696e-09
7.699e-09
7.9351e-09
8.178e-09
8.428e-09
8.6852e-09
8.9499e-09
9.2222e-09
9.5024e-09
9.7906e-09
1.0087e-08
1.0392e-08
1.0706e-08
1.1029e-08
1.1361e-08
1.1702e-08
1.2053e-08
1.2414e-08
1.2786e-08
1.3168e-08
1.356e-08
1.3964e-08
1.4379e-08
1.4806e-08
1.5244e-08
1.5695e-08
1.6159e-08
1.6636e-08
1.7125e-08
1.7629e-08
1.8146e-08
1.8678e-08
1.9225e-08
1.9786e-08
2.0363e-08
2.0956e-08
2.1565e-08
2.2191e-08
2.2834e-08
2.3495e-08
2.4173e-08
2.4871e-08
2.5587e-08
2.6322e-08
2.7077e-08
2.7853e-08
2.865e-08
2.9468e-08
3.0308e-08
3.1171e-08
3.2056e-08
3.2966e-08
3.3899e-08
3.4858e-08
3.5842e-08
3.6852e-08
3.7889e-08
3.8953e-08
4.0046e-08
4.1167e-08
4.2317e-08
4.3498e-08
4.4709e-08
4.5953e-08
4.7229e-08
4.8537e-08
4.988e-08
5.1258e-08
5.2672e-08
5.4122e-08
5.5609e-08
5.7135e-08
5.8699e-08
6.0304e-08
6.195e-08
6.3638e-08
6.5369e-08
6.7144e-08
6.8965e-08
7.0831e-08
7.2744e-08
7.4706e-08
7.6717e-08
7.8779e-08
8.0893e-08
8.3059e-08
8.5279e-08
8.7555e-08
8.9888e-08
9.2279e-08
9.4728e-08
9.7239e-08
9.9811e-08
1.0245e-07
1.0515e-07
1.0791e-07
1.1075e-07
1.1365e-07
1.1663e-07
1.1968e-07
1.228e-07
1.2599e-07
1.2927e-07
1.3262e-07
1.3606e-07
1.3957e-07
1.4317e-07
1.4686e-07
1.5064e-07
1.545e-07
1.5846e-07
1.6251e-07
1.6666e-07
1.7091e-07
1.7525e-07
1.797e-07
1.8425e-07
1.8891e-07
1.9368e-07
1.9856e-07
2.0356e-07
2.0867e-07
2.1389e-07
2.1924e-07
2.2472e-07
2.3032e-07
2.3604e-07
2.419e-07
2.479e-07
2.5403e-07
2.603e-07
2.6671e-07
2.7327e-07
2.7998e-07
2.8684e-07
2.9385e-07
3.0102e-07
3.0835e-07
3.1585e-07
3.2351e-07
3.3135e-07
3.3936e-07
3.4755e-07
3.5591e-07
3.6447e-07
3.7321e-07
3.8214e-07
3.9127e-07
4.006e-07
4.1014e-07
4.1988e-07
4.2984e-07
4.4001e-07
4.504e-07
4.6101e-07
4.7185e-07
4.8293e-07
4.9424e-07
5.058e-07
5.176e-07
5.2966e-07
5.4197e-07
5.5454e-07
5.6738e-07
5.8048e-07
5.9387e-07
6.0753e-07
6.2148e-07
6.3572e-07
6.5026e-07
6.6511e-07
6.8025e-07
6.9572e-07
7.115e-07
7.2761e-07
7.4404e-07
7.6082e-07
7.7793e-07
7.954e-07
8.1322e-07
8.3141e-07
8.4996e-07
8.6888e-07
8.8819e-07
9.0788e-07
9.2797e-07
9.4846e-07
9.6936e-07
9.9067e-07
1.0124e-06
1.0346e-06
1.0572e-06
1.0802e-06
1.1037e-06
1.1277e-06
1.1521e-06
1.177e-06
1.2024e-06
1.2283e-06
1.2547e-06
1.2816e-06
1.309e-06
1.3369e-06
1.3654e-06
1.3944e-06
1.4239e-06
1.454e-06
1.4847e-06
1.516e-06
1.5479e-06
1.5803e-06
1.6134e-06
1.647e-06
1.6814e-06
1.7163e-06
1.7519e-06
1.7881e-06
1.825e-06
1.8626e-06
1.9009e-06
1.9399e-06
1.9796e-06
2.02e-06
2.0611e-06
2.103e-06
2.1456e-06
2.189e-06
2.2332e-06
2.2781e-06
2.3239e-06
2.3705e-06
2.4179e-06
2.4661e-06
2.5152e-06
2.5651e-06
2.6159e-06
2.6676e-06
2.7202e-06
2.7737e-06
2.8281e-06
2.8835e-06
2.9398e-06
2.9971e-06
3.0553e-06
3.1146e-06
3.1748e-06
3.2361e-06
3.2984e-06
3.3618e-06
3.4262e-06
3.4917e-06
3.5582e-06
3.6259e-06
3.6947e-06
3.7646e-06
3.8357e-06
3.908e-06
3.9814e-06
4.056e-06
4.1319e-06
4.2089e-06
4.2872e-06
4.3668e-06
4.4476e-06
4.5298e-06
4.6132e-06
4.698e-06
4.7841e-06
4.8715e-06
4.9603e-06
5.0506e-06
5.1422e-06
5.2352e-06
5.3297e-06
5.4257e-06
5.5231e-06
5.622e-06
5.7225e-06
5.8244e-06
5.928e-06
6.033e-06
6.1397e-06
6.248e-06
6.3578e-06
6.4694e-06
6.5825e-06
6.6974e-06
6.814e-06
6.9322e-06
7.0522e-06
7.174e-06
7.2975e-06
7.4228e-06
7.5499e-06
7.6788e-06
7.8096e-06
7.9423e-06
8.0768e-06
8.2133e-06
8.3517e-06
8.492e-06
8.6343e-06
8.7786e-06
8.9248e-06
9.0732e-06
9.2235e-06
9.3759e-06
9.5304e-06
9.687e-06
9.8458e-06
1.0007e-05
1.017e-05
1.0335e-05
1.0502e-05
1.0672e-05
1.0844e-05
1.1018e-05
1.1195e-05
1.1373e-05
1.1555e-05
1.1738e-05
1.1924e-05
1.2112e-05
1.2303e-05
1.2496e-05
1.2691e-05
1.2889e-05
1.309e-05
1.3293e-05
1.3498e-05
1.3707e-05
1.3917e-05
1.4131e-05
1.4346e-05
1.4565e-05
1.4786e-05
1.501e-05
1.5237e-05
1.5466e-05
1.5698e-05
1.5933e-05
1.617e-05
1.6411e-05
1.6654e-05
1.69e-05
1.7149e-05
1.7401e-05
1.7655e-05
1.7913e-05
1.8173e-05
1.8437e-05
1.8703e-05
1.8972e-05
1.9245e-05
1.952e-05
1.9799e-05
2.008e-05
2.0365e-05
2.0653e-05
2.0943e-05
2.1237e-05
2.1534e-05
2.1835e-05
2.2138e-05
2.2445e-05
2.2755e-05
2.3068e-05
2.3384e-05
2.3704e-05
2.4026e-05
2.4353e-05
2.4682e-05
2.5015e-05
2.5351e-05
2.569e-05
2.6033e-05
2.6379e-05
2.6729e-05
2.7082e-05
2.7439e-05
2.7798e-05
2.8162e-05
2.8528e-05
2.8899e-05
2.9272e-05
2.9649e-05
3.003e-05
3.0414e-05
3.0802e-05
3.1193e-05
3.1588e-05
3.1986e-05
3.2388e-05
3.2793e-05
3.3202e-05
3.3615e-05
3.4031e-05
3.4451e-05
3.4874e-05
3.5301e-05
3.5731e-05
3.6166e-05
3.6603e-05
3.7045e-05
3.749e-05
3.7938e-05
3.839e-05
3.8846e-05
3.9306e-05
3.9769e-05
4.0235e-05
4.0706e-05
4.118e-05
4.1657e-05
4.2139e-05
4.2623e-05
4.3112e-05
4.3604e-05
4.41e-05
4.4599e-05
4.5102e-05
4.5609e-05
4.6119e-05
4.6632e-05
4.715e-05
4.767e-05
4.8195e-05
4.8723e-05
4.9254e-05
4.9789e-05
5.0328e-05
5.087e-05
5.1416e-05
5.1965e-05
5.2517e-05
5.3074e-05
5.3633e-05
5.4196e-05
5.4762e-05
5.5332e-05
5.5905e-05
5.6482e-05
5.7062e-05
5.7645e-05
5.8232e-05
5.8821e-05
5.9414e-05
6.0011e-05
6.061e-05
6.1213e-05
6.1819e-05
6.2428e-05
6.3041e-05
6.3656e-05
6.4275e-05
6.4896e-05
6.5521e-05
6.6149e-05
6.6779e-05
6.7413e-05
6.8049e-05
6.8689e-05
6.9331e-05
6.9976e-05
7.0624e-05
7.1274e-05
7.1928e-05
7.2584e-05
7.3243e-05
7.3904e-05
7.4568e-05
7.5234e-05
7.5903e-05
7.6575e-05
7.7249e-05
7.7925e-05
7.8603e-05
7.9284e-05
7.9968e-05
8.0653e-05
8.1341e-05
8.203e-05
8.2722e-05
8.3416e-05
8.4112e-05
8.481e-05
8.551e-05
8.6211e-05
8.6915e-05
8.762e-05
8.8327e-05
8.9035e-05
8.9746e-05
9.0457e-05
9.117e-05
9.1885e-05
9.2601e-05
9.3319e-05
9.4037e-05
9.4757e-05
9.5479e-05
9.6201e-05
9.6924e-05
9.7648e-05
9.8374e-05
9.91e-05
9.9827e-05
0.00010055
0.00010128
0.00010201
0.00010274
0.00010347
0.0001042
0.00010493
0.00010567
0.0001064
0.00010713
0.00010786
0.00010859
0.00010932
0.00011006
0.00011079
0.00011152
0.00011225
0.00011298
0.00011371
0.00011444
0.00011517
0.0001159
0.00011663
0.00011736
0.00011809
0.00011881
0.00011954
0.00012026
0.00012098
0.00012171
0.00012243
0.00012314
0.00012386
0.00012458
0.00012529
0.00012601
0.00012672
0.00012743
0.00012814
0.00012884
0.00012954
0.00013025
0.00013095
0.00013164
0.00013234
0.00013303
0.00013372
0.00013441
0.0001351
0.00013578
0.00013646
0.00013713
0.00013781
0.00013848
0.00013915
0.00013981
0.00014047
0.00014113
0.00014179
0.00014244
0.00014309
0.00014373
0.00014437
0.00014501
0.00014564
0.00014627
0.0001469
0.00014752
0.00014814
0.00014875
0.00014936
0.00014997
0.00015057
0.00015116
0.00015175
0.00015234
0.00015292
0.0001535
0.00015407
0.00015464
0.0001552
0.00015576
0.00015631
0.00015686
0.0001574
0.00015794
0.00015847
0.000159
0.00015952
0.00016003
0.00016054
0.00016105
0.00016154
0.00016204
0.00016252
0.000163
0.00016348
0.00016395
0.00016441
0.00016486
0.00016531
0.00016576
0.0001662
0.00016663
0.00016705
0.00016747
0.00016788
0.00016828
0.00016868
0.00016907
0.00016946
0.00016983
0.00017021
0.00017057
0.00017093
0.00017128
0.00017162
0.00017195
0.00017228
0.0001726
0.00017292
0.00017322
0.00017352
0.00017382
0.0001741
0.00017438
0.00017465
0.00017491
0.00017516
0.00017541
0.00017565
0.00017588
0.0001761
0.00017632
0.00017653
0.00017673
0.00017692
0.00017711
0.00017729
0.00017746
0.00017762
0.00017777
0.00017792
0.00017805
0.00017818
0.0001783
0.00017842
0.00017852
0.00017862
0.00017871
0.00017879
0.00017887
0.00017893
0.00017899
0.00017904
0.00017908
0.00017911
0.00017914
0.00017915
0.00017916
0.00017916
0.00017915
0.00017914
0.00017911
0.00017908
0.00017904
0.00017899
0.00017894
0.00017887
0.0001788
0.00017872
0.00017863
0.00017853
0.00017843
0.00017831
0.00017819
0.00017806
0.00017793
0.00017778
0.00017763
0.00017747
0.0001773
0.00017712
0.00017694
0.00017675
0.00017655
0.00017634
0.00017612
0.0001759
0.00017567
0.00017543
0.00017518
0.00017493
0.00017467
0.0001744
0.00017412
0.00017384
0.00017355
0.00017325
0.00017294
0.00017263
0.00017231
0.00017198
0.00017165
0.0001713
0.00017096
0.0001706
0.00017024
0.00016987
0.00016949
0.00016911
0.00016871
0.00016832
0.00016791
0.0001675
0.00016709
0.00016666
0.00016623
0.00016579
0.00016535
0.0001649
0.00016445
0.00016399
0.00016352
0.00016304
0.00016256
0.00016208
0.00016159
0.00016109
0.00016059
0.00016008
0.00015956
0.00015904
0.00015852
0.00015799
0.00015745
0.00015691
0.00015636
0.00015581
0.00015525
0.00015469
0.00015412
0.00015355
0.00015297
0.00015239
0.0001518
0.00015121
0.00015062
0.00015002
0.00014941
0.0001488
0.00014819
0.00014757
0.00014695
0.00014633
0.0001457
0.00014507
0.00014443
0.00014379
0.00014314
0.0001425
0.00014185
0.00014119
0.00014053
0.00013987
0.00013921
0.00013854
0.00013787
0.0001372
0.00013652
0.00013584
0.00013516
0.00013447
0.00013378
0.00013309
0.0001324
0.00013171
0.00013101
0.00013031
0.00012961
0.00012891
0.0001282
0.00012749
0.00012678
0.00012607
0.00012536
0.00012465
0.00012393
0.00012321
0.00012249
0.00012177
0.00012105
0.00012033
0.00011961
0.00011888
0.00011815
0.00011743
0.0001167
0.00011597
0.00011524
0.00011451
0.00011378
0.00011305
0.00011232
0.00011159
0.00011086
0.00011013
0.0001094
0.00010866
0.00010793
0.0001072
0.00010647
0.00010574
0.00010501
0.00010427
0.00010354
0.00010281
0.00010208
0.00010136
0.00010063
9.9899e-05
9.9173e-05
9.8446e-05
9.7721e-05
9.6997e-05
9.6274e-05
9.5552e-05
9.4831e-05
9.4111e-05
9.3392e-05
9.2675e-05
9.1958e-05
9.1244e-05
9.0531e-05
8.9819e-05
8.9109e-05
8.84e-05
8.7693e-05
8.6988e-05
8.6285e-05
8.5583e-05
8.4883e-05
8.4185e-05
8.3489e-05
8.2796e-05
8.2104e-05
8.1414e-05
8.0726e-05
8.0041e-05
7.9358e-05
7.8677e-05
7.7998e-05
7.7321e-05
7.6648e-05
7.5976e-05
7.5307e-05
7.464e-05
7.3976e-05
7.3315e-05
7.2656e-05
7.2e-05
7.1347e-05
7.0696e-05
7.0048e-05
6.9403e-05
6.876e-05
6.8121e-05
6.7484e-05
6.685e-05
6.622e-05
6.5592e-05
6.4967e-05
6.4345e-05
6.3727e-05
6.3111e-05
6.2499e-05
6.1889e-05
6.1283e-05
6.068e-05
6.008e-05
5.9484e-05
5.889e-05
5.83e-05
5.7714e-05
5.713e-05
5.655e-05
5.5973e-05
5.54e-05
5.483e-05
5.4263e-05
5.37e-05
5.314e-05
5.2584e-05
5.2031e-05
5.1482e-05
5.0936e-05
5.0394e-05
4.9855e-05
4.932e-05
4.8788e-05
4.826e-05
4.7735e-05
4.7214e-05
4.6696e-05
4.6182e-05
4.5672e-05
4.5165e-05
4.4662e-05
4.4162e-05
4.3666e-05
4.3174e-05
4.2685e-05
4.22e-05
4.1719e-05
4.1241e-05
4.0767e-05
4.0296e-05
3.9829e-05
3.9366e-05
3.8906e-05
3.845e-05
3.7997e-05
3.7548e-05
3.7103e-05
3.6661e-05
3.6223e-05
3.5789e-05
3.5358e-05
3.4931e-05
3.4507e-05
3.4087e-05
3.3671e-05
3.3258e-05
3.2849e-05
3.2443e-05
3.2041e-05
3.1642e-05
3.1247e-05
3.0856e-05
3.0468e-05
3.0083e-05
2.9702e-05
2.9325e-05
2.8951e-05
2.858e-05
2.8213e-05
2.7849e-05
2.7489e-05
2.7132e-05
2.6779e-05
2.6429e-05
2.6083e-05
2.5739e-05
2.54e-05
2.5063e-05
2.473e-05
2.44e-05
2.4074e-05
2.3751e-05
2.3431e-05
2.3114e-05
2.2801e-05
2.249e-05
2.2183e-05
2.188e-05
2.1579e-05
2.1282e-05
2.0987e-05
2.0696e-05
2.0408e-05
2.0123e-05
1.9841e-05
1.9562e-05
1.9287e-05
1.9014e-05
1.8744e-05
1.8478e-05
1.8214e-05
1.7953e-05
1.7695e-05
1.744e-05
1.7188e-05
1.6939e-05
1.6692e-05
1.6449e-05
1.6208e-05
1.597e-05
1.5735e-05
1.5503e-05
1.5273e-05
1.5046e-05
1.4822e-05
1.4601e-05
1.4382e-05
1.4166e-05
1.3952e-05
1.3741e-05
1.3533e-05
1.3327e-05
1.3123e-05
1.2923e-05
1.2724e-05
1.2528e-05
1.2335e-05
1.2144e-05
1.1955e-05
1.1769e-05
1.1586e-05
1.1404e-05
1.1225e-05
1.1048e-05
1.0874e-05
1.0702e-05
1.0532e-05
1.0364e-05
1.0198e-05
1.0035e-05
9.8738e-06
9.7147e-06
9.5578e-06
9.4031e-06
9.2504e-06
9.0997e-06
8.9511e-06
8.8046e-06
8.66e-06
8.5175e-06
8.3769e-06
8.2382e-06
8.1015e-06
7.9667e-06
7.8337e-06
7.7027e-06
7.5735e-06
7.4461e-06
7.3205e-06
7.1967e-06
7.0747e-06
6.9545e-06
6.836e-06
6.7192e-06
6.6041e-06
6.4906e-06
6.3789e-06
6.2687e-06
6.1602e-06
6.0533e-06
5.948e-06
5.8443e-06
5.742e-06
5.6414e-06
5.5422e-06
5.4446e-06
5.3484e-06
5.2537e-06
5.1604e-06
5.0685e-06
4.9781e-06
4.889e-06
4.8014e-06
4.7151e-06
4.6301e-06
4.5464e-06
4.4641e-06
4.383e-06
4.3033e-06
4.2248e-06
4.1475e-06
4.0715e-06
3.9966e-06
3.923e-06
3.8506e-06
3.7793e-06
3.7092e-06
3.6402e-06
3.5723e-06
3.5055e-06
3.4399e-06
3.3753e-06
3.3117e-06
3.2493e-06
3.1878e-06
3.1274e-06
3.068e-06
3.0095e-06
2.9521e-06
2.8956e-06
2.8401e-06
2.7855e-06
2.7318e-06
2.679e-06
2.6272e-06
2.5762e-06
2.5261e-06
2.4769e-06
2.4285e-06
2.381e-06
2.3342e-06
2.2883e-06
2.2432e-06
2.1989e-06
2.1554e-06
2.1126e-06
2.0706e-06
2.0293e-06
1.9888e-06
1.9489e-06
1.9098e-06
1.8714e-06
1.8337e-06
1.7967e-06
1.7603e-06
1.7246e-06
1.6895e-06
1.6551e-06
1.6213e-06
1.5881e-06
1.5555e-06
1.5235e-06
1.4922e-06
1.4614e-06
1.4311e-06
1.4014e-06
1.3723e-06
1.3438e-06
1.3157e-06
1.2882e-06
1.2612e-06
1.2347e-06
1.2087e-06
1.1833e-06
1.1582e-06
1.1337e-06
1.1097e-06
1.0861e-06
1.0629e-06
1.0402e-06
1.018e-06
9.9614e-07
9.7473e-07
9.5374e-07
9.3317e-07
9.1299e-07
8.9321e-07
8.7382e-07
8.5481e-07
8.3618e-07
8.1792e-07
8.0001e-07
7.8247e-07
7.6528e-07
7.4842e-07
7.3191e-07
7.1573e-07
6.9988e-07
6.8434e-07
6.6912e-07
6.5421e-07
6.396e-07
6.2529e-07
6.1127e-07
5.9754e-07
5.8409e-07
5.7092e-07
5.5802e-07
5.4539e-07
5.3302e-07
5.209e-07
5.0904e-07
4.9743e-07
4.8606e-07
4.7492e-07
4.6402e-07
4.5335e-07
4.4291e-07
4.3269e-07
4.2268e-07
4.1289e-07
4.033e-07
3.9392e-07
3.8474e-07
3.7576e-07
3.6697e-07
3.5837e-07
3.4995e-07
3.4172e-07
3.3367e-07
3.2579e-07
3.1808e-07
3.1054e-07
3.0317e-07
2.9595e-07
2.889e-07
2.82e-07
2.7526e-07
2.6866e-07
2.6221e-07
2.559e-07
2.4973e-07
2.437e-07
2.3781e-07
2.3205e-07
2.2641e-07
2.2091e-07
2.1552e-07
2.1026e-07
2.0512e-07
2.001e-07
1.9519e-07
1.9039e-07
1.857e-07
1.8112e-07
1.7664e-07
1.7227e-07
1.6799e-07
1.6382e-07
1.5974e-07
1.5576e-07
1.5186e-07
1.4806e-07
1.4435e-07
1.4073e-07
1.3718e-07
1.3373e-07
1.3035e-07
1.2705e-07
1.2383e-07
1.2069e-07
1.1762e-07
1.1463e-07
1.117e-07
1.0885e-07
1.0606e-07
1.0334e-07
1.0069e-07
9.8095e-08
9.5567e-08
9.3099e-08
9.0691e-08
8.8341e-08
8.6048e-08
8.3811e-08
8.1628e-08
7.9499e-08
7.7421e-08
7.5395e-08
7.3418e-08
7.149e-08
6.9609e-08
6.7775e-08
6.5986e-08
6.4241e-08
6.254e-08
6.0881e-08
5.9263e-08
5.7686e-08
5.6148e-08
5.4648e-08
5.3186e-08
5.1761e-08
5.0372e-08
4.9018e-08
4.7698e-08
4.6412e-08
4.5158e-08
4.3937e-08
4.2746e-08
4.1585e-08
4.0455e-08
3.9353e-08
3.828e-08
3.7234e-08
3.6215e-08
3.5222e-08
3.4255e-08
3.3313e-08
3.2396e-08
3.1502e-08
3.0632e-08
2.9784e-08
2.8958e-08
2.8154e-08
2.7372e-08
2.6609e-08
2.5867e-08
2.5144e-08
2.4441e-08
2.3756e-08
2.3089e-08
2.244e-08
2.1808e-08
2.1193e-08
2.0594e-08
2.0012e-08
1.9445e-08
1.8893e-08
1.8356e-08
1.7833e-08
1.7325e-08
1.683e-08
1.6349e-08
1.5881e-08
1.5425e-08
1.4982e-08
1.4551e-08
1.4132e-08
1.3724e-08
1.3327e-08
1.2941e-08
1.2566e-08
1.2201e-08
1.1846e-08
1.1501e-08
1.1166e-08
1.0839e-08
1.0522e-08
1.0214e-08
9.9143e-09
9.6229e-09
9.3397e-09
9.0644e-09
8.7968e-09
8.5367e-09
8.2839e-09
8.0383e-09
7.7996e-09
7.5676e-09
7.3422e-09
7.1232e-09
6.9104e-09
6.7036e-09
6.5028e-09
6.3077e-09
6.1181e-09
5.934e-09
5.7552e-09
5.5815e-09
5.4128e-09
5.249e-09
5.0899e-09
4.9353e-09
4.7853e-09
4.6396e-09
4.4982e-09
4.3608e-09
4.2275e-09
4.0981e-09
3.9724e-09
3.8504e-09
3.732e-09
3.6171e-09
3.5055e-09
3.3973e-09
3.2922e-09
3.1902e-09
3.0913e-09
2.9953e-09
2.9021e-09
2.8117e-09
2.724e-09
2.639e-09
2.5564e-09
2.4763e-09
2.3987e-09
2.3233e-09
2.2503e-09
2.1794e-09
2.1106e-09
2.044e-09
1.9793e-09
1.9166e-09
1.8558e-09
1.7969e-09
1.7398e-09
1.6844e-09
1.6306e-09
1.5786e-09
1.5281e-09
1.4791e-09
1.4317e-09
1.3857e-09
1.3412e-09
1.298e-09
1.2561e-09
1.2156e-09
1.1763e-09
1.1382e-09
1.1013e-09
1.0656e-09
1.0309e-09
9.9737e-10
9.6486e-10
9.3337e-10
9.0287e-10
8.7332e-10
8.4471e-10
8.1699e-10
7.9015e-10
7.6415e-10
7.3898e-10
7.146e-10
6.91e-10
6.6815e-10
6.4602e-10
6.2459e-10
6.0385e-10
5.8378e-10
5.6434e-10
5.4553e-10
5.2732e-10
5.0969e-10
4.9263e-10
4.7612e-10
4.6015e-10
4.4469e-10
4.2973e-10
4.1525e-10
4.0124e-10
3.8769e-10
3.7458e-10
3.619e-10
3.4963e-10
3.3776e-10
3.2628e-10
3.1517e-10
3.0443e-10
2.9404e-10
2.8399e-10
2.7428e-10
2.6488e-10
2.558e-10
2.4701e-10
2.3852e-10
2.3031e-10
2.2237e-10
2.1469e-10
2.0727e-10
2.001e-10
1.9317e-10
1.8646e-10
1.7999e-10
1.7373e-10
1.6768e-10
1.6183e-10
1.5618e-10
1.5072e-10
1.4545e-10
1.4035e-10
1.3543e-10
1.3067e-10
1.2607e-10
1.2163e-10
1.1734e-10
1.132e-10
1.092e-10
1.0533e-10
1.016e-10
9.7998e-11
9.4517e-11
9.1155e-11
8.7909e-11
8.4775e-11
8.1749e-11
7.8827e-11
7.6006e-11
7.3283e-11
7.0654e-11
6.8117e-11
6.5667e-11
6.3303e-11
6.1021e-11
5.8819e-11
5.6694e-11
5.4643e-11
5.2664e-11
5.0754e-11
4.8911e-11
4.7133e-11
4.5418e-11
4.3763e-11
4.2166e-11
4.0626e-11
3.914e-11
3.7707e-11
3.6325e-11
3.4992e-11
3.3706e-11
3.2466e-11
3.127e-11
3.0117e-11
2.9005e-11
2.7933e-11
2.69e-11
2.5903e-11
2.4942e-11
2.4016e-11
2.3123e-11
2.2262e-11
2.1433e-11
2.0633e-11
1.9862e-11
1.912e-11
1.8404e-11
1.7714e-11
1.7049e-11
1.6409e-11
1.5791e-11
1.5197e-11
1.4624e-11
1.4072e-11
1.354e-11
1.3028e-11
1.2534e-11
1.2059e-11
1.1601e-11
1.116e-11
1.0736e-11
1.0327e-11
9.9328e-12
9.5535e-12
9.1884e-12
8.8367e-12
8.4982e-12
8.1722e-12
7.8584e-12
7.5563e-12
7.2655e-12
6.9856e-12
6.7161e-12
6.4568e-12
6.2072e-12
5.9669e-12
5.7357e-12
5.5132e-12
5.2991e-12
5.0931e-12
4.8949e-12
4.7042e-12
4.5207e-12
4.3441e-12
4.1743e-12
4.0109e-12
3.8538e-12
3.7026e-12
3.5572e-12
3.4174e-12
3.2829e-12
3.1535e-12
3.0292e-12
2.9095e-12
2.7945e-12
2.6839e-12
2.5776e-12
2.4754e-12
2.3771e-12
2.2826e-12
2.1918e-12
2.1045e-12
2.0206e-12
1.9399e-12
1.8624e-12
1.7879e-12
1.7163e-12
1.6475e-12
1.5813e-12
1.5178e-12
1.4567e-12
1.3981e-12
1.3417e-12
1.2876e-12
1.2356e-12
1.1856e-12
1.1376e-12
1.0915e-12
1.0472e-12
1.0047e-12
9.6382e-13
9.2459e-13
8.8692e-13
8.5074e-13
8.1601e-13
7.8265e-13
7.5063e-13
7.1988e-13
6.9036e-13
6.6202e-13
6.3482e-13
6.087e-13
5.8364e-13
5.5958e-13
5.3649e-13
5.1432e-13
4.9306e-13
4.7265e-13
4.5306e-13
4.3426e-13
4.1623e-13
3.9893e-13
3.8233e-13
3.664e-13
3.5112e-13
3.3647e-13
3.2241e-13
3.0892e-13
2.9598e-13
2.8358e-13
2.7168e-13
2.6027e-13
2.4932e-13
2.3883e-13
2.2877e-13
2.1912e-13
2.0987e-13
2.01e-13
1.9249e-13
1.8434e-13
1.7653e-13
1.6904e-13
1.6186e-13
1.5497e-13
1.4838e-13
1.4205e-13
1.36e-13
1.3019e-13
1.2462e-13
1.1929e-13
1.1418e-13
1.0929e-13
1.046e-13
1.0011e-13
9.5801e-14
9.1678e-14
8.7728e-14
8.3944e-14
8.032e-14
7.6849e-14
7.3524e-14
7.0341e-14
6.7292e-14
6.4372e-14
6.1576e-14
5.8899e-14
5.6336e-14
5.3882e-14
5.1532e-14
4.9283e-14
4.713e-14
4.5068e-14
4.3095e-14
4.1207e-14
3.9399e-14
3.7669e-14
3.6014e-14
3.4429e-14
3.2913e-14
3.1462e-14
3.0074e-14
2.8746e-14
2.7475e-14
2.6259e-14
2.5096e-14
2.3983e-14
2.2919e-14
2.19e-14
2.0926e-14
1.9995e-14
1.9104e-14
1.8252e-14
1.7437e-14
1.6658e-14
1.5913e-14
1.52e-14
1.4519e-14
1.3868e-14
1.3245e-14
1.265e-14
1.2081e-14
1.1537e-14
1.1017e-14
1.052e-14
1.0045e-14
9.5905e-15
9.1566e-15
8.7419e-15
8.3456e-15
7.9669e-15
7.605e-15
7.2592e-15
6.9289e-15
6.6133e-15
6.3118e-15
6.0237e-15
5.7486e-15
5.4857e-15
5.2347e-15
4.9949e-15
4.7658e-15
4.5471e-15
4.3382e-15
4.1387e-15
3.9483e-15
3.7664e-15
3.5927e-15
3.4269e-15
3.2686e-15
3.1174e-15
2.9731e-15
2.8354e-15
2.7039e-15
2.5784e-15
2.4586e-15
2.3443e-15
2.2352e-15
2.1311e-15
2.0317e-15
1.9369e-15
1.8464e-15
1.7601e-15
1.6777e-15
1.5991e-15
1.5241e-15
1.4526e-15
1.3844e-15
1.3193e-15
1.2572e-15
1.198e-15
1.1415e-15
1.0876e-15
1.0363e-15
9.8726e-16
9.4055e-16
8.96e-16
8.5353e-16
8.1303e-16
7.7442e-16
7.3761e-16
7.0251e-16
6.6906e-16
6.3717e-16
6.0677e-16
5.778e-16
5.5019e-16
5.2387e-16
4.9879e-16
4.7488e-16
4.5211e-16
4.304e-16
4.0972e-16
3.9001e-16
3.7124e-16
3.5335e-16
3.3631e-16
3.2008e-16
3.0462e-16
2.8989e-16
2.7586e-16
2.625e-16
2.4977e-16
2.3765e-16
2.2611e-16
2.1512e-16
2.0465e-16
1.9469e-16
1.852e-16
1.7616e-16
1.6756e-16
1.5937e-16
1.5158e-16
1.4416e-16
1.3709e-16
1.3037e-16
1.2397e-16
1.1788e-16
1.1209e-16
1.0657e-16
1.0132e-16
9.6325e-17
9.1573e-17
8.705e-17
8.2748e-17
7.8654e-17
7.476e-17
7.1055e-17
6.753e-17
6.4178e-17
6.0989e-17
5.7956e-17
5.5072e-17
5.2328e-17
4.9719e-17
4.7238e-17
4.4879e-17
4.2636e-17
4.0503e-17
3.8475e-17
3.6547e-17
3.4713e-17
3.2971e-17
3.1314e-17
2.9739e-17
2.8243e-17
2.682e-17
2.5468e-17
2.4183e-17
2.2962e-17
2.1801e-17
2.0698e-17
1.965e-17
1.8654e-17
1.7708e-17
1.6809e-17
1.5955e-17
1.5144e-17
1.4374e-17
1.3641e-17
1.2946e-17
1.2286e-17
1.1658e-17
1.1063e-17
1.0497e-17
9.9594e-18
9.4492e-18
8.9647e-18
8.5046e-18
8.0678e-18
7.6531e-18
7.2594e-18
6.8856e-18
6.5308e-18
6.194e-18
5.8742e-18
5.5708e-18
5.2827e-18
5.0094e-18
4.7499e-18
4.5037e-18
4.2701e-18
4.0484e-18
3.8381e-18
3.6385e-18
3.4491e-18
3.2694e-18
3.099e-18
2.9373e-18
2.7839e-18
2.6384e-18
2.5004e-18
2.3695e-18
2.2454e-18
2.1277e-18
2.016e-18
1.9101e-18
1.8097e-18
1.7145e-18
1.6243e-18
1.5387e-18
1.4576e-18
1.3806e-18
1.3077e-18
1.2386e-18
1.1731e-18
1.1109e-18
1.0521e-18
9.9628e-19
9.434e-19
8.9329e-19
8.458e-19
8.008e-19
7.5816e-19
7.1776e-19
6.7948e-19
6.4321e-19
6.0885e-19
5.763e-19
5.4547e-19
5.1626e-19
4.886e-19
4.6239e-19
4.3757e-19
4.1407e-19
3.9181e-19
3.7073e-19
3.5076e-19
3.3186e-19
3.1396e-19
2.9702e-19
2.8097e-19
2.6579e-19
2.5141e-19
2.3779e-19
2.2491e-19
2.1271e-19
2.0117e-19
1.9024e-19
1.799e-19
1.7011e-19
1.6085e-19
1.5208e-19
1.4379e-19
1.3594e-19
1.2852e-19
1.2149e-19
1.1485e-19
1.0856e-19
1.0261e-19
9.6988e-20
9.1666e-20
8.6632e-20
8.1871e-20
7.7368e-20
7.3109e-20
6.9082e-20
6.5273e-20
6.1672e-20
5.8267e-20
5.5047e-20
5.2003e-20
4.9125e-20
4.6404e-20
4.3832e-20
4.1401e-20
3.9102e-20
3.693e-20
3.4877e-20
3.2936e-20
3.1102e-20
2.9369e-20
2.7731e-20
2.6183e-20
2.4721e-20
2.3339e-20
2.2033e-20
2.08e-20
1.9634e-20
1.8534e-20
1.7494e-20
1.6511e-20
1.5583e-20
1.4707e-20
1.3879e-20
1.3097e-20
1.2359e-20
1.1662e-20
1.1004e-20
1.0382e-20
9.795e-21
9.2408e-21
8.7175e-21
8.2235e-21
7.7572e-21
7.3169e-21
6.9014e-21
6.5091e-21
6.1389e-21
5.7894e-21
5.4596e-21
5.1484e-21
4.8547e-21
4.5775e-21
4.316e-21
4.0692e-21
3.8363e-21
3.6167e-21
3.4094e-21
3.2139e-21
3.0294e-21
2.8554e-21
2.6913e-21
2.5365e-21
2.3905e-21
2.2528e-21
2.1229e-21
2.0004e-21
1.885e-21
1.776e-21
1.6734e-21
1.5765e-21
1.4853e-21
1.3992e-21
1.318e-21
1.2416e-21
1.1695e-21
1.1015e-21
1.0374e-21
9.7705e-22
9.2014e-22
8.6651e-22
8.1597e-22
7.6834e-22
7.2345e-22
6.8116e-22
6.4131e-22
6.0377e-22
5.684e-22
5.3507e-22
5.0368e-22
4.7411e-22
4.4625e-22
4.2001e-22
3.953e-22
3.7202e-22
3.501e-22
3.2945e-22
3.1001e-22
2.917e-22
2.7447e-22
2.5823e-22
2.4295e-22
2.2856e-22
2.1502e-22
2.0226e-22
1.9026e-22
1.7896e-22
1.6832e-22
1.5831e-22
1.4889e-22
1.4002e-22
1.3167e-22
1.2382e-22
1.1643e-22
1.0947e-22
1.0293e-22
9.6771e-23
9.0978e-23
8.5528e-23
8.0401e-23
7.5578e-23
7.1041e-23
6.6773e-23
6.2758e-23
5.8983e-23
5.5432e-23
5.2092e-23
4.8952e-23
4.5999e-23
4.3221e-23
4.061e-23
3.8155e-23
3.5847e-23
3.3676e-23
3.1636e-23
2.9718e-23
2.7915e-23
2.622e-23
2.4627e-23
2.313e-23
2.1723e-23
2.04e-23
1.9157e-23
1.7989e-23
1.6892e-23
1.586e-23
1.4891e-23
1.3981e-23
1.3126e-23
1.2322e-23
1.1567e-23
1.0858e-23
1.0192e-23
9.566e-24
8.9783e-24
8.4263e-24
7.9079e-24
7.4211e-24
6.9639e-24
6.5346e-24
6.1315e-24
5.753e-24
5.3976e-24
5.0639e-24
4.7506e-24
4.4566e-24
4.1805e-24
3.9213e-24
3.6781e-24
3.4498e-24
3.2355e-24
3.0344e-24
2.8457e-24
2.6685e-24
2.5023e-24
2.3464e-24
2.2e-24
2.0627e-24
1.9339e-24
1.813e-24
1.6996e-24
1.5933e-24
1.4935e-24
1.3999e-24
1.3121e-24
1.2298e-24
1.1525e-24
1.0801e-24
1.0122e-24
9.4851e-25
8.8879e-25
8.3279e-25
7.8028e-25
7.3105e-25
6.849e-25
6.4163e-25
6.0107e-25
5.6304e-25
5.274e-25
4.9399e-25
4.6268e-25
4.3333e-25
4.0582e-25
3.8005e-25
3.5589e-25
3.3326e-25
3.1205e-25
2.9218e-25
2.7356e-25
2.5611e-25
2.3977e-25
2.2446e-25
2.1012e-25
1.9668e-25
1.841e-25
1.7231e-25
1.6127e-25
1.5093e-25
1.4125e-25
1.3218e-25
1.2369e-25
1.1574e-25
1.083e-25
1.0132e-25
9.4799e-26
8.8689e-26
8.297e-26
7.7615e-26
7.2603e-26
6.7912e-26
6.3521e-26
5.9411e-26
5.5564e-26
5.1964e-26
4.8595e-26
4.5443e-26
4.2493e-26
3.9733e-26
3.715e-26
3.4734e-26
3.2473e-26
3.0358e-26
2.838e-26
2.6529e-26
2.4798e-26
2.3179e-26
2.1665e-26
2.0248e-26
1.8923e-26
1.7685e-26
1.6526e-26
1.5443e-26
1.443e-26
1.3483e-26
1.2597e-26
1.1769e-26
1.0995e-26
1.0272e-26
9.5956e-27
8.9633e-27
8.3724e-27
7.82e-27
7.3038e-27
6.8213e-27
6.3704e-27
5.9491e-27
5.5553e-27
5.1874e-27
4.8437e-27
4.5225e-27
4.2224e-27
3.942e-27
3.6801e-27
3.4355e-27
3.2069e-27
2.9935e-27
2.7941e-27
2.6079e-27
2.4339e-27
2.2715e-27
2.1198e-27
1.9782e-27
1.8459e-27
1.7224e-27
1.6071e-27
1.4995e-27
1.3989e-27
1.3051e-27
1.2175e-27
1.1358e-27
1.0594e-27
9.8819e-28
9.217e-28
8.5965e-28
8.0174e-28
7.4769e-28
6.9726e-28
6.5019e-28
6.0628e-28
5.6531e-28
5.2708e-28
4.9142e-28
4.5815e-28
4.2711e-28
3.9815e-28
3.7114e-28
3.4595e-28
3.2246e-28
3.0054e-28
2.801e-28
2.6105e-28
2.4327e-28
2.267e-28
2.1124e-28
1.9683e-28
1.834e-28
1.7087e-28
1.592e-28
1.4831e-28
1.3816e-28
1.287e-28
1.1988e-28
1.1167e-28
1.0401e-28
9.6868e-29
9.0215e-29
8.4016e-29
7.8239e-29
7.2855e-29
6.784e-29
6.3166e-29
5.8812e-29
5.4756e-29
5.0977e-29
4.7456e-29
4.4177e-29
4.1123e-29
3.8277e-29
3.5628e-29
3.316e-29
3.0861e-29
2.8721e-29
2.6728e-29
2.4872e-29
2.3144e-29
2.1535e-29
2.0037e-29
1.8642e-29
1.7344e-29
1.6135e-29
1.501e-29
1.3963e-29
1.2988e-29
1.208e-29
1.1236e-29
1.045e-29
9.7187e-30
9.0382e-30
8.4048e-30
7.8156e-30
7.2673e-30
6.7571e-30
6.2825e-30
5.841e-30
5.4302e-30
5.0481e-30
4.6927e-30
4.3621e-30
4.0546e-30
3.7686e-30
3.5026e-30
3.2553e-30
3.0253e-30
2.8114e-30
2.6125e-30
2.4275e-30
2.2556e-30
2.0957e-30
1.9471e-30
1.809e-30
1.6805e-30
1.5611e-30
1.4502e-30
1.347e-30
1.2512e-30
1.1621e-30
1.0793e-30
1.0023e-30
9.3083e-31
8.6439e-31
8.0266e-31
7.453e-31
6.9201e-31
6.425e-31
5.965e-31
5.5378e-31
5.1409e-31
4.7722e-31
4.4297e-31
4.1117e-31
3.8163e-31
3.542e-31
3.2872e-31
3.0507e-31
2.831e-31
2.627e-31
2.4376e-31
2.2618e-31
2.0985e-31
1.947e-31
1.8063e-31
1.6757e-31
1.5545e-31
1.4419e-31
1.3375e-31
1.2406e-31
1.1506e-31
1.0671e-31
9.8965e-32
9.1776e-32
8.5106e-32
7.8916e-32
7.3174e-32
6.7846e-32
6.2904e-32
5.8318e-32
5.4065e-32
5.0119e-32
4.646e-32
4.3065e-32
3.9917e-32
3.6997e-32
3.429e-32
3.1779e-32
2.945e-32
2.7291e-32
2.5289e-32
2.3433e-32
2.1712e-32
2.0117e-32
1.8638e-32
1.7266e-32
1.5996e-32
1.4817e-32
1.3726e-32
1.2713e-32
1.1776e-32
1.0906e-32
1.0101e-32
9.3543e-33
8.6626e-33
8.0217e-33
7.4278e-33
6.8776e-33
6.3679e-33
5.8957e-33
5.4583e-33
5.0531e-33
4.6777e-33
4.3301e-33
4.0081e-33
3.7098e-33
3.4336e-33
3.1779e-33
2.941e-33
2.7217e-33
2.5186e-33
2.3306e-33
2.1565e-33
1.9953e-33
1.8461e-33
1.7079e-33
1.5801e-33
1.4617e-33
1.3521e-33
1.2507e-33
1.1569e-33
1.07e-33
9.8964e-34
9.1526e-34
8.4643e-34
7.8274e-34
7.238e-34
6.6928e-34
6.1883e-34
5.7216e-34
5.2899e-34
4.8905e-34
4.5211e-34
4.1794e-34
3.8633e-34
3.571e-34
3.3006e-34
3.0506e-34
2.8194e-34
2.6056e-34
2.4079e-34
2.2251e-34
2.0561e-34
1.8998e-34
1.7553e-34
1.6218e-34
1.4983e-34
1.3842e-34
1.2787e-34
1.1812e-34
1.0911e-34
1.0078e-34
9.3079e-35
8.5966e-35
7.9392e-35
7.3318e-35
6.7706e-35
6.252e-35
5.7729e-35
5.3303e-35
4.9214e-35
4.5436e-35
4.1947e-35
3.8723e-35
3.5746e-35
3.2996e-35
3.0457e-35
2.8111e-35
2.5945e-35
2.3945e-35
2.2098e-35
2.0392e-35
1.8818e-35
1.7364e-35
1.6022e-35
1.4782e-35
1.3638e-35
1.2582e-35
1.1608e-35
1.0708e-35
9.8774e-36
9.111e-36
8.4036e-36
7.7508e-36
7.1484e-36
6.5925e-36
6.0796e-36
5.6063e-36
5.1696e-36
4.7667e-36
4.395e-36
4.0521e-36
3.7358e-36
3.4441e-36
3.1749e-36
2.9267e-36
2.6978e-36
2.4866e-36
2.2919e-36
2.1123e-36
1.9467e-36
1.794e-36
1.6532e-36
1.5234e-36
1.4038e-36
1.2934e-36
1.1917e-36
1.0979e-36
1.0115e-36
9.3181e-37
8.5837e-37
7.9068e-37
7.283e-37
6.7081e-37
6.1783e-37
5.6901e-37
5.2402e-37
4.8257e-37
4.4437e-37
4.0918e-37
3.7676e-37
3.469e-37
3.1938e-37
2.9404e-37
2.7069e-37
2.4919e-37
2.2938e-37
2.1114e-37
1.9434e-37
1.7887e-37
1.6462e-37
1.515e-37
1.3942e-37
1.283e-37
1.1806e-37
1.0863e-37
9.9951e-38
9.1961e-38
8.4605e-38
7.7835e-38
7.1602e-38
6.5866e-38
6.0587e-38
5.5728e-38
5.1257e-38
4.7142e-38
4.3356e-38
3.9871e-38
3.6666e-38
3.3716e-38
3.1002e-38
2.8506e-38
2.6209e-38
2.4096e-38
2.2153e-38
2.0365e-38
1.8721e-38
1.7209e-38
1.5818e-38
1.4539e-38
1.3362e-38
1.2281e-38
1.1286e-38
1.0372e-38
9.5308e-39
8.7577e-39
8.0469e-39
7.3935e-39
6.7929e-39
6.2407e-39
5.7332e-39
5.2667e-39
4.838e-39
4.4439e-39
4.0818e-39
3.749e-39
3.4432e-39
3.1621e-39
2.9039e-39
2.6667e-39
2.4487e-39
2.2484e-39
2.0645e-39
1.8954e-39
1.7402e-39
1.5976e-39
1.4666e-39
1.3463e-39
1.2358e-39
1.1343e-39
1.0411e-39
9.5552e-40
8.7694e-40
8.0478e-40
7.3852e-40
6.7769e-40
6.2184e-40
5.7057e-40
5.235e-40
4.8029e-40
4.4063e-40
4.0423e-40
3.7081e-40
3.4014e-40
3.12e-40
2.8617e-40
2.6247e-40
2.4072e-40
2.2076e-40
2.0245e-40
1.8564e-40
1.7023e-40
1.5609e-40
1.4311e-40
1.3121e-40
1.2029e-40
1.1028e-40
1.0109e-40
9.267e-41
8.4943e-41
7.7858e-41
7.136e-41
6.5402e-41
5.9938e-41
5.4929e-41
5.0335e-41
4.6124e-41
4.2263e-41
3.8724e-41
3.5479e-41
3.2505e-41
2.9779e-41
2.728e-41
2.499e-41
2.289e-41
2.0967e-41
1.9204e-41
1.7588e-41
1.6108e-41
1.4752e-41
1.3509e-41
1.237e-41
1.1327e-41
1.0371e-41
9.4958e-42
8.6938e-42
7.9592e-42
7.2863e-42
6.67e-42
6.1056e-42
5.5886e-42
5.1152e-42
4.6817e-42
4.2848e-42
3.9213e-42
3.5885e-42
3.2837e-42
3.0048e-42
2.7494e-42
2.5155e-42
2.3015e-42
2.1056e-42
1.9263e-42
1.7621e-42
1.6119e-42
1.4744e-42
1.3486e-42
1.2335e-42
1.1281e-42
1.0317e-42
9.435e-43
8.6279e-43
7.8895e-43
7.214e-43
6.596e-43
6.0307e-43
5.5135e-43
5.0405e-43
4.6079e-43
4.2122e-43
3.8503e-43
3.5193e-43
3.2166e-43
2.9399e-43
2.6868e-43
2.4554e-43
2.2438e-43
2.0504e-43
1.8735e-43
1.7119e-43
1.5641e-43
1.429e-43
1.3055e-43
1.1926e-43
1.0895e-43
9.9517e-44
9.0901e-44
8.3026e-44
7.5831e-44
6.9256e-44
6.3248e-44
5.7758e-44
5.2743e-44
4.8161e-44
4.3975e-44
4.0151e-44
3.6658e-44
3.3467e-44
3.0552e-44
2.7891e-44
2.5459e-44
2.3239e-44
2.1212e-44
1.936e-44
1.7669e-44
1.6125e-44
1.4716e-44
1.3429e-44
1.2254e-44
1.1181e-44
1.0202e-44
9.3078e-45
8.4918e-45
7.747e-45
7.0672e-45
6.4467e-45
5.8805e-45
5.3638e-45
4.8922e-45
4.4619e-45
4.0692e-45
3.711e-45
3.3841e-45
3.0859e-45
2.8138e-45
2.5656e-45
2.3392e-45
2.1327e-45
1.9443e-45
1.7725e-45
1.6157e-45
1.4728e-45
1.3425e-45
1.2236e-45
1.1152e-45
1.0164e-45
9.2626e-46
8.441e-46
7.6918e-46
7.0089e-46
6.3863e-46
5.8187e-46
5.3013e-46
4.8297e-46
4.3999e-46
4.0081e-46
3.6511e-46
3.3257e-46
3.0291e-46
2.7589e-46
2.5127e-46
2.2883e-46
2.0839e-46
1.8977e-46
1.728e-46
1.5734e-46
1.4326e-46
1.3043e-46
1.1875e-46
1.081e-46
9.8412e-47
8.9584e-47
8.1544e-47
7.4222e-47
6.7555e-47
6.1483e-47
5.5955e-47
5.0922e-47
4.6339e-47
4.2167e-47
3.8368e-47
3.491e-47
3.1763e-47
2.8898e-47
2.629e-47
2.3916e-47
2.1756e-47
1.979e-47
1.8e-47
1.6372e-47
1.4891e-47
1.3542e-47
1.2316e-47
1.12e-47
1.0184e-47
9.2606e-48
8.4202e-48
7.6558e-48
6.9604e-48
6.3279e-48
5.7526e-48
5.2294e-48
4.7536e-48
4.3208e-48
3.9273e-48
3.5694e-48
3.2441e-48
2.9482e-48
2.6792e-48
2.4346e-48
2.2123e-48
2.0101e-48
1.8264e-48
1.6594e-48
1.5075e-48
1.3696e-48
1.2441e-48
1.1301e-48
1.0266e-48
9.3242e-49
8.4688e-49
7.6915e-49
6.9852e-49
6.3435e-49
5.7605e-49
5.2308e-49
4.7496e-49
4.3125e-49
3.9154e-49
3.5548e-49
3.2272e-49
2.9296e-49
2.6594e-49
2.414e-49
2.1911e-49
1.9887e-49
1.805e-49
1.6381e-49
1.4866e-49
1.349e-49
1.2241e-49
1.1108e-49
1.0079e-49
9.1443e-50
8.2963e-50
7.5265e-50
6.8279e-50
6.1939e-50
5.6184e-50
5.0962e-50
4.6223e-50
4.1923e-50
3.8021e-50
3.4481e-50
3.1269e-50
2.8355e-50
2.5711e-50
2.3313e-50
2.1137e-50
1.9164e-50
1.7374e-50
1.575e-50
1.4278e-50
1.2943e-50
1.1732e-50
1.0633e-50
9.6376e-51
8.7346e-51
7.9159e-51
7.1736e-51
6.5006e-51
5.8904e-51
5.3373e-51
4.8359e-51
4.3814e-51
3.9695e-51
3.5961e-51
3.2577e-51
2.9509e-51
2.673e-51
2.4211e-51
2.1929e-51
1.986e-51
1.7987e-51
1.6289e-51
1.475e-51
1.3357e-51
1.2094e-51
1.0951e-51
9.9146e-52
8.9762e-52
8.1262e-52
7.3564e-52
6.6593e-52
6.0279e-52
5.4561e-52
4.9384e-52
4.4695e-52
4.045e-52
3.6607e-52
3.3127e-52
2.9976e-52
2.7124e-52
2.4542e-52
2.2205e-52
2.009e-52
1.8175e-52
1.6442e-52
1.4874e-52
1.3454e-52
1.217e-52
1.1007e-52
9.9554e-53
9.0037e-53
8.1425e-53
7.3634e-53
6.6586e-53
6.0209e-53
5.4441e-53
4.9223e-53
4.4503e-53
4.0234e-53
3.6372e-53
3.288e-53
2.9722e-53
2.6866e-53
2.4283e-53
2.1947e-53
1.9835e-53
1.7926e-53
1.62e-53
1.4639e-53
1.3228e-53
1.1952e-53
1.0799e-53
9.7571e-54
8.815e-54
7.9636e-54
7.194e-54
6.4985e-54
5.87e-54
5.302e-54
4.7888e-54
4.325e-54
3.906e-54
3.5274e-54
3.1854e-54
2.8764e-54
2.5972e-54
2.345e-54
2.1173e-54
1.9115e-54
1.7257e-54
1.5579e-54
1.4063e-54
1.2694e-54
1.1458e-54
1.0342e-54
9.3337e-55
8.4236e-55
7.602e-55
6.8601e-55
6.1904e-55
5.5858e-55
5.04e-55
4.5473e-55
4.1026e-55
3.7012e-55
3.339e-55
3.012e-55
2.717e-55
2.4507e-55
2.2104e-55
1.9936e-55
1.798e-55
1.6215e-55
1.4622e-55
1.3186e-55
1.189e-55
1.0721e-55
9.666e-56
8.7148e-56
7.8568e-56
7.0829e-56
6.385e-56
5.7555e-56
5.1879e-56
4.6761e-56
4.2145e-56
3.7984e-56
3.4231e-56
3.0848e-56
2.7798e-56
2.5049e-56
2.257e-56
2.0336e-56
1.8322e-56
1.6507e-56
1.4871e-56
1.3396e-56
1.2067e-56
1.087e-56
9.7904e-57
8.818e-57
7.9418e-57
7.1524e-57
6.4411e-57
5.8003e-57
5.223e-57
4.7029e-57
4.2344e-57
3.8124e-57
3.4324e-57
3.09e-57
2.7817e-57
2.504e-57
2.254e-57
2.0288e-57
1.826e-57
1.6435e-57
1.4791e-57
1.3311e-57
1.1978e-57
1.0779e-57
9.6987e-58
8.7265e-58
7.8515e-58
7.0639e-58
6.355e-58
5.7169e-58
5.1427e-58
4.626e-58
4.161e-58
3.7425e-58
3.366e-58
3.0272e-58
2.7224e-58
2.4482e-58
2.2015e-58
1.9796e-58
1.7799e-58
1.6003e-58
1.4388e-58
1.2935e-58
1.1629e-58
1.0453e-58
9.3966e-59
8.4462e-59
7.5916e-59
6.8232e-59
6.1322e-59
5.511e-59
4.9525e-59
4.4503e-59
3.9989e-59
3.5932e-59
3.2284e-59
2.9006e-59
2.6059e-59
2.341e-59
2.103e-59
1.8891e-59
1.6969e-59
1.5241e-59
1.3689e-59
1.2294e-59
1.1041e-59
9.9153e-60
8.9039e-60
7.9952e-60
7.179e-60
6.4458e-60
5.7872e-60
5.1957e-60
4.6644e-60
4.1873e-60
3.7587e-60
3.3739e-60
3.0284e-60
2.7181e-60
2.4395e-60
2.1893e-60
1.9647e-60
1.7631e-60
1.5821e-60
1.4196e-60
1.2737e-60
1.1428e-60
1.0253e-60
9.1981e-61
8.2514e-61
7.4019e-61
6.6395e-61
5.9554e-61
5.3415e-61
4.7907e-61
4.2965e-61
3.8531e-61
3.4553e-61
3.0984e-61
2.7782e-61
2.4911e-61
2.2335e-61
2.0024e-61
1.7952e-61
1.6093e-61
1.4426e-61
1.2931e-61
1.1591e-61
1.0389e-61
9.3113e-62
8.345e-62
7.4786e-62
6.7018e-62
6.0055e-62
5.3813e-62
4.8217e-62
4.3201e-62
3.8705e-62
3.4675e-62
3.1064e-62
2.7827e-62
2.4927e-62
2.2328e-62
1.9998e-62
1.7911e-62
1.6042e-62
1.4366e-62
1.2865e-62
1.152e-62
1.0316e-62
9.2368e-63
8.2702e-63
7.4044e-63
6.629e-63
5.9344e-63
5.3125e-63
4.7554e-63
4.2566e-63
3.81e-63
3.41e-63
3.0519e-63
2.7313e-63
2.4442e-63
2.1872e-63
1.9572e-63
1.7512e-63
1.5669e-63
1.4019e-63
1.2542e-63
1.122e-63
1.0037e-63
8.9788e-64
8.0315e-64
7.1837e-64
6.4252e-64
5.7465e-64
5.1392e-64
4.5959e-64
4.1099e-64
3.6751e-64
3.2861e-64
2.9382e-64
2.6269e-64
2.3486e-64
2.0996e-64
1.877e-64
1.6779e-64
1.4998e-64
1.3406e-64
1.1982e-64
1.0709e-64
9.5704e-65
8.5528e-65
7.643e-65
6.8297e-65
6.1026e-65
5.4527e-65
4.8718e-65
4.3525e-65
3.8885e-65
3.4737e-65
3.1031e-65
2.7718e-65
2.4758e-65
2.2113e-65
1.975e-65
1.7639e-65
1.5752e-65
1.4067e-65
1.2561e-65
1.1216e-65
1.0015e-65
8.9418e-66
7.9832e-66
7.1271e-66
6.3625e-66
5.6797e-66
5.0699e-66
4.5254e-66
4.0392e-66
3.605e-66
3.2174e-66
2.8713e-66
2.5623e-66
2.2865e-66
2.0403e-66
1.8205e-66
1.6243e-66
1.4492e-66
1.2929e-66
1.1534e-66
1.0289e-66
9.1778e-67
8.1865e-67
7.3018e-67
6.5125e-67
5.8082e-67
5.1799e-67
4.6193e-67
4.1192e-67
3.673e-67
3.2751e-67
2.9201e-67
2.6035e-67
2.3211e-67
2.0692e-67
1.8446e-67
1.6443e-67
1.4657e-67
1.3064e-67
1.1643e-67
1.0377e-67
9.2481e-68
8.2416e-68
7.3442e-68
6.5443e-68
5.8312e-68
5.1956e-68
4.629e-68
4.124e-68
3.674e-68
3.2729e-68
2.9155e-68
2.597e-68
2.3131e-68
2.0602e-68
1.8349e-68
1.6341e-68
1.4553e-68
1.2959e-68
1.154e-68
1.0275e-68
9.1488e-69
8.1455e-69
7.252e-69
6.4561e-69
5.7473e-69
5.1161e-69
4.554e-69
4.0535e-69
3.6078e-69
3.211e-69
2.8577e-69
2.5431e-69
2.2631e-69
2.0138e-69
1.7919e-69
1.5944e-69
1.4186e-69
1.2621e-69
1.1228e-69
9.9883e-70
8.8852e-70
7.9035e-70
7.03e-70
6.2527e-70
5.5612e-70
4.9458e-70
4.3984e-70
3.9114e-70
3.4781e-70
3.0927e-70
2.7499e-70
2.4449e-70
2.1737e-70
1.9325e-70
1.718e-70
1.5272e-70
1.3575e-70
1.2066e-70
1.0725e-70
9.532e-71
8.4714e-71
7.5286e-71
6.6903e-71
5.9451e-71
5.2827e-71
4.6938e-71
4.1704e-71
3.7052e-71
3.2918e-71
2.9243e-71
2.5978e-71
2.3076e-71
2.0497e-71
1.8205e-71
1.6169e-71
1.436e-71
1.2753e-71
1.1325e-71
1.0057e-71
8.9302e-72
7.9293e-72
7.0403e-72
6.2506e-72
5.5493e-72
4.9264e-72
4.3732e-72
3.882e-72
3.4458e-72
3.0585e-72
2.7145e-72
2.4092e-72
2.1381e-72
1.8974e-72
1.6837e-72
1.494e-72
1.3257e-72
1.1762e-72
1.0436e-72
9.2583e-73
8.2134e-73
7.2861e-73
6.4632e-73
5.733e-73
5.085e-73
4.5101e-73
4e-73
3.5474e-73
3.1459e-73
2.7897e-73
2.4737e-73
2.1934e-73
1.9448e-73
1.7243e-73
1.5287e-73
1.3552e-73
1.2014e-73
1.065e-73
9.4398e-74
8.3671e-74
7.416e-74
6.5726e-74
5.8249e-74
5.1621e-74
4.5744e-74
4.0535e-74
3.5917e-74
3.1824e-74
2.8195e-74
2.498e-74
2.213e-74
1.9604e-74
1.7366e-74
1.5383e-74
1.3625e-74
1.2068e-74
1.0688e-74
9.4658e-75
8.3828e-75
7.4233e-75
6.5734e-75
5.8205e-75
5.1536e-75
4.5629e-75
4.0397e-75
3.5764e-75
3.166e-75
2.8026e-75
2.4808e-75
2.1958e-75
1.9435e-75
1.7201e-75
1.5223e-75
1.3472e-75
1.1922e-75
1.055e-75
9.3349e-76
8.2596e-76
7.3078e-76
6.4654e-76
5.7199e-76
5.0601e-76
4.4762e-76
3.9595e-76
3.5022e-76
3.0977e-76
2.7397e-76
2.423e-76
2.1428e-76
1.8949e-76
1.6756e-76
1.4816e-76
1.3101e-76
1.1583e-76
1.0241e-76
9.0535e-77
8.0036e-77
7.0751e-77
6.2541e-77
5.528e-77
4.8861e-77
4.3184e-77
3.8166e-77
3.3729e-77
2.9806e-77
2.6339e-77
2.3274e-77
2.0564e-77
1.8169e-77
1.6053e-77
1.4182e-77
1.2529e-77
1.1067e-77
9.7763e-78
8.6354e-78
7.6272e-78
6.7365e-78
5.9495e-78
5.2542e-78
4.64e-78
4.0973e-78
3.618e-78
3.1946e-78
2.8206e-78
2.4903e-78
2.1985e-78
1.9409e-78
1.7133e-78
1.5124e-78
1.335e-78
1.1783e-78
1.04e-78
9.1784e-79
8.1002e-79
7.1482e-79
6.3079e-79
5.5661e-79
4.9113e-79
4.3333e-79
3.8232e-79
3.3729e-79
2.9756e-79
2.6249e-79
2.3155e-79
2.0424e-79
1.8015e-79
1.5889e-79
1.4013e-79
1.2358e-79
1.0898e-79
9.6106e-80
8.4745e-80
7.4724e-80
6.5884e-80
5.8088e-80
5.1211e-80
4.5147e-80
3.9799e-80
3.5083e-80
3.0924e-80
2.7257e-80
2.4024e-80
2.1173e-80
1.866e-80
1.6444e-80
1.4491e-80
1.2769e-80
1.1251e-80
9.9134e-81
8.7342e-81
7.6949e-81
6.779e-81
5.9719e-81
5.2605e-81
4.6337e-81
4.0814e-81
3.5948e-81
3.166e-81
2.7883e-81
2.4555e-81
2.1623e-81
1.9041e-81
1.6766e-81
1.4762e-81
1.2997e-81
1.1443e-81
1.0074e-81
8.8679e-82
7.8062e-82
6.8714e-82
6.0481e-82
5.3233e-82
4.6851e-82
4.1233e-82
3.6286e-82
3.1932e-82
2.8098e-82
2.4724e-82
2.1754e-82
1.914e-82
1.6839e-82
1.4814e-82
1.3032e-82
1.1464e-82
1.0084e-82
8.8697e-83
7.8013e-83
6.8613e-83
6.0342e-83
5.3066e-83
4.6666e-83
4.1035e-83
3.6082e-83
3.1726e-83
2.7894e-83
2.4524e-83
2.156e-83
1.8953e-83
1.6661e-83
1.4645e-83
1.2873e-83
1.1314e-83
9.944e-84
8.7393e-84
7.6802e-84
6.7492e-84
5.9307e-84
5.2112e-84
4.5789e-84
4.023e-84
3.5345e-84
3.1052e-84
2.7278e-84
2.3963e-84
2.1049e-84
1.8489e-84
1.6239e-84
1.4262e-84
1.2526e-84
1.1e-84
9.66e-85
8.4826e-85
7.4484e-85
6.54e-85
5.7421e-85
5.0413e-85
4.4259e-85
3.8854e-85
3.4107e-85
2.9939e-85
2.6279e-85
2.3066e-85
2.0244e-85
1.7767e-85
1.5592e-85
1.3683e-85
1.2007e-85
1.0536e-85
9.2443e-86
8.1108e-86
7.116e-86
6.2429e-86
5.4767e-86
4.8043e-86
4.2143e-86
3.6965e-86
3.2422e-86
2.8437e-86
2.4939e-86
2.1871e-86
1.918e-86
1.6819e-86
1.4748e-86
1.2931e-86
1.1338e-86
9.9403e-87
8.7146e-87
7.6398e-87
6.6971e-87
5.8705e-87
5.1457e-87
4.5102e-87
3.953e-87
3.4645e-87
3.0362e-87
2.6607e-87
2.3315e-87
2.043e-87
1.7901e-87
1.5684e-87
1.3741e-87
1.2039e-87
1.0547e-87
9.2388e-88
8.0929e-88
7.0888e-88
6.2089e-88
5.4381e-88
4.7627e-88
4.171e-88
3.6526e-88
3.1985e-88
2.8008e-88
2.4524e-88
2.1472e-88
1.8799e-88
1.6458e-88
1.4408e-88
1.2613e-88
1.1041e-88
9.6641e-89
8.4588e-89
7.4034e-89
6.4795e-89
5.6705e-89
4.9624e-89
4.3424e-89
3.7998e-89
3.3248e-89
2.909e-89
2.5451e-89
2.2266e-89
1.9479e-89
1.704e-89
1.4906e-89
1.3038e-89
1.1404e-89
9.9745e-90
8.7235e-90
7.6291e-90
6.6717e-90
5.8342e-90
5.1015e-90
4.4607e-90
3.9002e-90
3.4099e-90
2.9812e-90
2.6062e-90
2.2783e-90
1.9916e-90
1.7408e-90
1.5216e-90
1.3299e-90
1.1623e-90
1.0158e-90
8.8768e-91
7.757e-91
6.7782e-91
5.9226e-91
5.1748e-91
4.5212e-91
3.95e-91
3.4507e-91
3.0145e-91
2.6332e-91
2.3001e-91
2.009e-91
1.7547e-91
1.5325e-91
1.3384e-91
1.1688e-91
1.0206e-91
8.9124e-92
7.782e-92
6.7947e-92
5.9323e-92
5.1792e-92
4.5215e-92
3.9471e-92
3.4455e-92
3.0075e-92
2.6251e-92
2.2912e-92
1.9997e-92
1.7451e-92
1.523e-92
1.329e-92
1.1597e-92
1.0119e-92
8.8289e-93
7.703e-93
6.7204e-93
5.8629e-93
5.1145e-93
4.4615e-93
3.8916e-93
3.3944e-93
2.9606e-93
2.5821e-93
2.2519e-93
1.9638e-93
1.7125e-93
1.4933e-93
1.3021e-93
1.1353e-93
9.8983e-94
8.6296e-94
7.5232e-94
6.5584e-94
5.717e-94
4.9833e-94
4.3436e-94
3.7858e-94
3.2995e-94
2.8756e-94
2.506e-94
2.1838e-94
1.9029e-94
1.6581e-94
1.4447e-94
1.2587e-94
1.0966e-94
9.5535e-95
8.3224e-95
7.2497e-95
6.3149e-95
5.5004e-95
4.7908e-95
4.1725e-95
3.6338e-95
3.1645e-95
2.7557e-95
2.3996e-95
2.0895e-95
1.8193e-95
1.584e-95
1.379e-95
1.2006e-95
1.0451e-95
9.0977e-96
7.9192e-96
6.893e-96
5.9995e-96
5.2215e-96
4.5443e-96
3.9547e-96
3.4414e-96
2.9946e-96
2.6057e-96
2.2672e-96
1.9726e-96
1.7162e-96
1.493e-96
1.2988e-96
1.1298e-96
9.8277e-97
8.5482e-97
7.435e-97
6.4664e-97
5.6237e-97
4.8907e-97
4.2529e-97
3.6982e-97
3.2157e-97
2.796e-97
2.431e-97
2.1135e-97
1.8374e-97
1.5973e-97
1.3885e-97
1.2069e-97
1.0491e-97
9.1181e-98
7.9247e-98
6.8872e-98
5.9853e-98
5.2012e-98
4.5196e-98
3.9272e-98
3.4123e-98
2.9647e-98
2.5757e-98
2.2377e-98
1.9439e-98
1.6886e-98
1.4668e-98
1.2741e-98
1.1066e-98
9.6109e-99
8.3469e-99
7.2487e-99
6.2947e-99
5.466e-99
4.7462e-99
4.121e-99
3.578e-99
3.1064e-99
2.6968e-99
2.3411e-99
2.0323e-99
1.7641e-99
1.5312e-99
1.329e-99
1.1535e-99
1.0011e-99
8.6875e-100
7.5389e-100
6.5418e-100
5.6764e-100
4.9252e-100
4.2733e-100
3.7074e-100
3.2164e-100
2.7902e-100
2.4204e-100
2.0995e-100
1.8211e-100
1.5795e-100
1.3699e-100
1.1881e-100
1.0303e-100
8.935e-101
7.7479e-101
6.7182e-101
5.8251e-101
5.0505e-101
4.3787e-101
3.7961e-101
3.2908e-101
2.8527e-101
2.4728e-101
2.1433e-101
1.8577e-101
1.6101e-101
1.3954e-101
1.2093e-101
1.0479e-101
9.0808e-102
7.8685e-102
6.8177e-102
5.907e-102
5.1177e-102
4.4336e-102
3.8408e-102
3.3271e-102
2.882e-102
2.4963e-102
2.1622e-102
1.8726e-102
1.6218e-102
1.4045e-102
1.2163e-102
1.0532e-102
9.1197e-103
7.8963e-103
6.8367e-103
5.919e-103
5.1243e-103
4.4361e-103
3.8401e-103
3.324e-103
2.8772e-103
2.4903e-103
2.1553e-103
1.8653e-103
1.6143e-103
1.3969e-103
1.2088e-103
1.046e-103
9.0503e-104
7.8304e-104
6.7746e-104
5.8609e-104
5.0702e-104
4.386e-104
3.7939e-104
3.2816e-104
2.8383e-104
2.4548e-104
2.1231e-104
1.836e-104
1.5877e-104
1.373e-104
1.1872e-104
1.0265e-104
8.8751e-105
7.6731e-105
6.6336e-105
5.7346e-105
4.9573e-105
4.2851e-105
3.7039e-105
3.2013e-105
2.7669e-105
2.3912e-105
2.0665e-105
1.7858e-105
1.5432e-105
1.3334e-105
1.1521e-105
9.9544e-106
8.6002e-106
7.4299e-106
6.4185e-106
5.5446e-106
4.7894e-106
4.1369e-106
3.5731e-106
3.086e-106
2.6652e-106
2.3017e-106
1.9876e-106
1.7164e-106
1.482e-106
1.2797e-106
1.1049e-106
9.5389e-107
8.2351e-107
7.1091e-107
6.1369e-107
5.2973e-107
4.5724e-107
3.9465e-107
3.4062e-107
2.9397e-107
2.5369e-107
2.1892e-107
1.8891e-107
1.6301e-107
1.4065e-107
1.2135e-107
1.047e-107
9.0324e-108
7.792e-108
6.7216e-108
5.798e-108
5.0011e-108
4.3135e-108
3.7203e-108
3.2085e-108
2.767e-108
2.3861e-108
2.0576e-108
1.7742e-108
1.5298e-108
1.319e-108
1.1372e-108
9.8035e-109
8.4514e-109
7.2854e-109
6.2799e-109
5.413e-109
4.6655e-109
4.0211e-109
3.4655e-109
2.9865e-109
2.5736e-109
2.2177e-109
1.911e-109
1.6465e-109
1.4186e-109
1.2222e-109
1.053e-109
9.071e-110
7.814e-110
6.7309e-110
5.7977e-110
4.9936e-110
4.3008e-110
3.704e-110
3.1898e-110
2.7469e-110
2.3654e-110
2.0368e-110
1.7537e-110
1.5099e-110
1.3e-110
1.1192e-110
9.6345e-111
8.2936e-111
7.139e-111
6.1449e-111
5.289e-111
4.552e-111
3.9176e-111
3.3714e-111
2.9013e-111
2.4966e-111
2.1482e-111
1.8484e-111
1.5903e-111
1.3682e-111
1.1771e-111
1.0126e-111
8.7108e-112
7.4929e-112
6.445e-112
5.5434e-112
4.7677e-112
4.1003e-112
3.5262e-112
3.0324e-112
2.6075e-112
2.2421e-112
1.9278e-112
1.6575e-112
1.4251e-112
1.2251e-112
1.0532e-112
9.0536e-113
7.7823e-113
6.6893e-113
5.7494e-113
4.9414e-113
4.2468e-113
3.6496e-113
3.1363e-113
2.695e-113
2.3157e-113
1.9897e-113
1.7096e-113
1.4688e-113
1.2618e-113
1.084e-113
9.3116e-114
7.9985e-114
6.8703e-114
5.9009e-114
5.0681e-114
4.3526e-114
3.7379e-114
3.2099e-114
2.7564e-114
2.3668e-114
2.0322e-114
1.7448e-114
1.498e-114
1.286e-114
1.104e-114
9.4771e-115
8.135e-115
6.9826e-115
5.9932e-115
5.1437e-115
4.4145e-115
3.7884e-115
3.251e-115
2.7897e-115
2.3937e-115
2.0539e-115
1.7622e-115
1.5119e-115
1.297e-115
1.1127e-115
9.5448e-116
8.1873e-116
7.0226e-116
6.0233e-116
5.166e-116
4.4305e-116
3.7995e-116
3.2582e-116
2.7939e-116
2.3957e-116
2.0541e-116
1.7612e-116
1.5099e-116
1.2945e-116
1.1097e-116
9.5126e-117
8.154e-117
6.9891e-117
5.9904e-117
5.1342e-117
4.4001e-117
3.7708e-117
3.2314e-117
2.769e-117
2.3726e-117
2.0329e-117
1.7418e-117
1.4922e-117
1.2784e-117
1.0952e-117
9.3815e-118
8.036e-118
6.8832e-118
5.8955e-118
5.0493e-118
4.3243e-118
3.7033e-118
3.1713e-118
2.7156e-118
2.3252e-118
1.9909e-118
1.7046e-118
1.4594e-118
1.2494e-118
1.0695e-118
9.1555e-119
7.837e-119
6.708e-119
5.7414e-119
4.9139e-119
4.2054e-119
3.5989e-119
3.0798e-119
2.6354e-119
2.255e-119
1.9294e-119
1.6508e-119
1.4123e-119
1.2082e-119
1.0336e-119
8.8417e-120
7.5631e-120
6.469e-120
5.533e-120
4.7322e-120
4.0471e-120
3.461e-120
2.9596e-120
2.5308e-120
2.164e-120
1.8503e-120
1.582e-120
1.3525e-120
1.1563e-120
9.8844e-121
8.4494e-121
7.2224e-121
6.1734e-121
5.2764e-121
4.5096e-121
3.854e-121
3.2936e-121
2.8145e-121
2.405e-121
2.055e-121
1.7558e-121
1.5002e-121
1.2817e-121
1.0949e-121
9.3537e-122
7.9902e-122
6.8251e-122
5.8296e-122
4.9791e-122
4.2525e-122
3.6318e-122
3.1015e-122
2.6485e-122
2.2616e-122
1.9311e-122
1.6488e-122
1.4077e-122
1.2019e-122
1.026e-122
8.7589e-123
7.4769e-123
6.3822e-123
5.4475e-123
4.6495e-123
3.9682e-123
3.3866e-123
2.8901e-123
2.4662e-123
2.1045e-123
1.7957e-123
1.5321e-123
1.3072e-123
1.1152e-123
9.5142e-124
8.1163e-124
6.9234e-124
5.9056e-124
5.0372e-124
4.2963e-124
3.6642e-124
3.1249e-124
2.6649e-124
2.2725e-124
1.9378e-124
1.6523e-124
1.4088e-124
1.2011e-124
1.024e-124
8.73e-125
7.4421e-125
6.3439e-125
5.4075e-125
4.6091e-125
3.9284e-125
3.3481e-125
2.8533e-125
2.4316e-125
2.0721e-125
1.7657e-125
1.5045e-125
1.2819e-125
1.0921e-125
9.3046e-126
7.9267e-126
6.7526e-126
5.7521e-126
4.8996e-126
4.1733e-126
3.5545e-126
3.0272e-126
2.5781e-126
2.1955e-126
1.8696e-126
1.592e-126
1.3556e-126
1.1542e-126
9.8266e-127
8.366e-127
7.1221e-127
6.0629e-127
5.161e-127
4.393e-127
3.7391e-127
3.1825e-127
2.7085e-127
2.3051e-127
1.9616e-127
1.6693e-127
1.4204e-127
1.2086e-127
1.0283e-127
8.749e-128
7.4433e-128
6.3322e-128
5.3867e-128
4.5821e-128
3.8976e-128
3.3151e-128
2.8196e-128
2.398e-128
2.0394e-128
1.7343e-128
1.4748e-128
1.254e-128
1.0663e-128
9.0661e-129
7.708e-129
6.5531e-129
5.571e-129
4.7358e-129
4.0256e-129
3.4218e-129
2.9084e-129
2.472e-129
2.1009e-129
1.7854e-129
1.5173e-129
1.2893e-129
1.0956e-129
9.309e-130
7.9094e-130
6.7199e-130
5.709e-130
4.85e-130
4.12e-130
3.4997e-130
2.9727e-130
2.5249e-130
2.1445e-130
1.8213e-130
1.5467e-130
1.3135e-130
1.1154e-130
9.4712e-131
8.0419e-131
6.828e-131
5.7971e-131
4.9216e-131
4.1781e-131
3.5467e-131
3.0107e-131
2.5555e-131
2.169e-131
1.8409e-131
1.5624e-131
1.3259e-131
1.1252e-131
9.5483e-132
8.1021e-132
6.8746e-132
5.8328e-132
4.9487e-132
4.1983e-132
3.5616e-132
3.0213e-132
2.5628e-132
2.1739e-132
1.8438e-132
1.5638e-132
1.3263e-132
1.1248e-132
9.5382e-133
8.0882e-133
6.8583e-133
5.8152e-133
4.9305e-133
4.1802e-133
3.5439e-133
3.0043e-133
2.5468e-133
2.1588e-133
1.8298e-133
1.5509e-133
1.3145e-133
1.114e-133
9.4411e-134
8.0006e-134
6.7796e-134
5.7447e-134
4.8675e-134
4.1241e-134
3.494e-134
2.9601e-134
2.5077e-134
2.1243e-134
1.7994e-134
1.5241e-134
1.2909e-134
1.0934e-134
9.2597e-135
7.8418e-135
6.6407e-135
5.6233e-135
4.7615e-135
4.0316e-135
3.4135e-135
2.89e-135
2.4466e-135
2.0712e-135
1.7533e-135
1.4841e-135
1.2562e-135
1.0633e-135
8.9989e-136
7.6159e-136
6.4452e-136
5.4541e-136
4.6153e-136
3.9052e-136
3.3043e-136
2.7957e-136
2.3653e-136
2.001e-136
1.6928e-136
1.432e-136
1.2113e-136
1.0245e-136
8.6655e-137
7.329e-137
6.1983e-137
5.2418e-137
4.4327e-137
3.7483e-137
3.1694e-137
2.6798e-137
2.2657e-137
1.9156e-137
1.6194e-137
1.369e-137
1.1573e-137
9.7821e-138
8.2683e-138
6.9884e-138
5.9064e-138
4.9917e-138
4.2184e-138
3.5648e-138
3.0123e-138
2.5453e-138
2.1506e-138
1.817e-138
1.5351e-138
1.2969e-138
1.0956e-138
9.2545e-139
7.8172e-139
6.6029e-139
5.5769e-139
4.7101e-139
3.9778e-139
3.3593e-139
2.8367e-139
2.3954e-139
2.0226e-139
1.7078e-139
1.4419e-139
1.2173e-139
1.0277e-139
8.6754e-140
7.3232e-140
6.1815e-140
5.2176e-140
4.4038e-140
3.7167e-140
3.1367e-140
2.647e-140
2.2337e-140
1.8849e-140
1.5904e-140
1.3419e-140
1.1322e-140
9.5519e-141
8.0582e-141
6.7978e-141
5.7342e-141
4.8369e-141
4.0797e-141
3.441e-141
2.9021e-141
2.4475e-141
2.064e-141
1.7405e-141
1.4676e-141
1.2375e-141
1.0434e-141
8.797e-142
7.4165e-142
6.2523e-142
5.2707e-142
4.4429e-142
3.745e-142
3.1566e-142
2.6605e-142
2.2422e-142
1.8897e-142
1.5925e-142
1.3419e-142
1.1308e-142
9.5278e-143
8.0277e-143
6.7635e-143
5.6981e-143
4.8003e-143
4.0438e-143
3.4063e-143
2.8692e-143
2.4167e-143
2.0355e-143
1.7143e-143
1.4437e-143
1.2158e-143
1.0238e-143
8.6208e-144
7.2587e-144
6.1116e-144
5.1455e-144
4.332e-144
3.6469e-144
3.07e-144
2.5842e-144
2.1752e-144
1.8308e-144
1.5409e-144
1.2969e-144
1.0914e-144
9.1846e-145
7.7288e-145
6.5034e-145
5.4721e-145
4.6041e-145
3.8736e-145
3.2588e-145
2.7415e-145
2.3062e-145
1.9399e-145
1.6317e-145
1.3725e-145
1.1543e-145
9.7081e-146
8.1643e-146
6.8657e-146
5.7734e-146
4.8546e-146
4.0819e-146
3.432e-146
2.8854e-146
2.4258e-146
2.0393e-146
1.7143e-146
1.441e-146
1.2112e-146
1.018e-146
8.5564e-147
7.191e-147
6.0433e-147
5.0785e-147
4.2675e-147
3.5859e-147
3.013e-147
2.5315e-147
2.1268e-147
1.7868e-147
1.501e-147
1.2609e-147
1.0592e-147
8.8965e-148
7.4723e-148
6.2758e-148
5.2707e-148
4.4263e-148
3.717e-148
3.1213e-148
2.6209e-148
2.2006e-148
1.8476e-148
1.5512e-148
1.3023e-148
1.0932e-148
9.1771e-149
7.7033e-149
6.4659e-149
5.427e-149
4.5548e-149
3.8226e-149
3.208e-149
2.692e-149
2.259e-149
1.8955e-149
1.5904e-149
1.3344e-149
1.1195e-149
9.3918e-150
7.8788e-150
6.6091e-150
5.5438e-150
4.65e-150
3.9002e-150
3.2711e-150
2.7433e-150
2.3006e-150
1.9292e-150
1.6177e-150
1.3565e-150
1.1373e-150
9.5357e-151
7.9946e-151
6.7022e-151
5.6185e-151
4.7098e-151
3.9479e-151
3.309e-151
2.7735e-151
2.3245e-151
1.948e-151
1.6325e-151
1.368e-151
1.1463e-151
9.6053e-152
8.048e-152
6.7429e-152
5.6492e-152
4.7326e-152
3.9646e-152
3.321e-152
2.7818e-152
2.33e-152
1.9515e-152
1.6344e-152
1.3688e-152
1.1463e-152
9.5991e-153
8.0379e-153
6.7303e-153
5.6352e-153
4.718e-153
3.9499e-153
3.3067e-153
2.7681e-153
2.3172e-153
1.9396e-153
1.6234e-153
1.3588e-153
1.1372e-153
9.517e-154
7.9643e-154
6.6646e-154
5.5768e-154
4.6663e-154
3.9042e-154
3.2665e-154
2.7328e-154
2.2862e-154
1.9125e-154
1.5998e-154
1.3381e-154
1.1193e-154
9.3612e-155
7.8291e-155
6.5475e-155
5.4754e-155
4.5787e-155
3.8286e-155
3.2013e-155
2.6766e-155
2.2378e-155
1.8709e-155
1.564e-155
1.3074e-155
1.0929e-155
9.1351e-156
7.6354e-156
6.3816e-156
5.3334e-156
4.4572e-156
3.7248e-156
3.1125e-156
2.6008e-156
2.1731e-156
1.8157e-156
1.517e-156
1.2673e-156
1.0587e-156
8.8441e-157
7.3876e-157
6.1707e-157
5.154e-157
4.3047e-157
3.5951e-157
3.0023e-157
2.5072e-157
2.0936e-157
1.7482e-157
1.4597e-157
1.2187e-157
1.0175e-157
8.4946e-158
7.0914e-158
5.9197e-158
4.9413e-158
4.1245e-158
3.4425e-158
2.8732e-158
2.3979e-158
2.0011e-158
1.6699e-158
1.3935e-158
1.1627e-158
9.7017e-159
8.0945e-159
6.7532e-159
5.634e-159
4.7e-159
3.9206e-159
3.2704e-159
2.7278e-159
2.2752e-159
1.8976e-159
1.5825e-159
1.3198e-159
1.1006e-159
9.1772e-160
7.6523e-160
6.3804e-160
5.3197e-160
4.4351e-160
3.6974e-160
3.0823e-160
2.5694e-160
2.1417e-160
1.7852e-160
1.4879e-160
1.2401e-160
1.0335e-160
8.6125e-161
7.177e-161
5.9805e-161
4.9832e-161
4.152e-161
3.4593e-161
2.882e-161
2.401e-161
2.0001e-161
1.6661e-161
1.3878e-161
1.156e-161
9.6279e-162
8.0186e-162
6.678e-162
5.5613e-162
4.6311e-162
3.8563e-162
3.2109e-162
2.6735e-162
2.2259e-162
1.8531e-162
1.5427e-162
1.2843e-162
1.069e-162
8.8986e-163
7.4067e-163
6.1646e-163
5.1306e-163
4.2698e-163
3.5533e-163
2.9568e-163
2.4604e-163
2.0472e-163
1.7034e-163
1.4172e-163
1.179e-163
9.8085e-164
8.1594e-164
6.7873e-164
5.6456e-164
4.6958e-164
3.9056e-164
3.2482e-164
2.7013e-164
2.2464e-164
1.868e-164
1.5533e-164
1.2915e-164
1.0738e-164
8.928e-165
7.4225e-165
6.1705e-165
5.1295e-165
4.2639e-165
3.5442e-165
2.9458e-165
2.4483e-165
2.0348e-165
1.691e-165
1.4053e-165
1.1677e-165
9.7032e-166
8.0624e-166
6.6987e-166
5.5654e-166
4.6236e-166
3.841e-166
3.1907e-166
2.6504e-166
2.2015e-166
1.8285e-166
1.5187e-166
1.2613e-166
1.0475e-166
8.6983e-167
7.223e-167
5.9976e-167
4.9799e-167
4.1347e-167
3.4327e-167
2.8498e-167
2.3658e-167
1.9639e-167
1.6302e-167
1.3531e-167
1.1231e-167
9.3212e-168
7.7358e-168
6.4198e-168
5.3275e-168
4.4207e-168
3.6682e-168
3.0436e-168
2.5252e-168
2.095e-168
1.7381e-168
1.4418e-168
1.1961e-168
9.9212e-169
8.2292e-169
6.8254e-169
5.6608e-169
4.6947e-169
3.8933e-169
3.2286e-169
2.6772e-169
2.2199e-169
1.8406e-169
1.526e-169
1.2652e-169
1.0489e-169
8.6949e-170
7.2076e-170
5.9744e-170
4.952e-170
4.1044e-170
3.4017e-170
2.8191e-170
2.3363e-170
1.936e-170
1.6042e-170
1.3293e-170
1.1014e-170
9.125e-171
7.5599e-171
6.2629e-171
5.1882e-171
4.2977e-171
3.5599e-171
2.9486e-171
2.4421e-171
2.0226e-171
1.675e-171
1.3872e-171
1.1487e-171
9.5117e-172
7.8758e-172
6.5209e-172
5.3989e-172
4.4697e-172
3.7003e-172
3.0632e-172
2.5356e-172
2.0988e-172
1.7372e-172
1.4378e-172
1.19e-172
9.8479e-173
8.1496e-173
6.7438e-173
5.5803e-173
4.6173e-173
3.8203e-173
3.1607e-173
2.6149e-173
2.1632e-173
1.7895e-173
1.4802e-173
1.2244e-173
1.0127e-173
8.3759e-174
6.9272e-174
5.7288e-174
4.7375e-174
3.9175e-174
3.2393e-174
2.6784e-174
2.2145e-174
1.8309e-174
1.5136e-174
1.2513e-174
1.0344e-174
8.5504e-175
7.0675e-175
5.8415e-175
4.828e-175
3.9901e-175
3.2975e-175
2.725e-175
2.2517e-175
1.8606e-175
1.5373e-175
1.2702e-175
1.0494e-175
8.6696e-176
7.162e-176
5.9163e-176
4.887e-176
4.0366e-176
3.334e-176
2.7536e-176
2.2741e-176
1.878e-176
1.5509e-176
1.2806e-176
1.0574e-176
8.731e-177
7.2087e-177
5.9515e-177
4.9133e-177
4.056e-177
3.3482e-177
2.7637e-177
2.2812e-177
1.8828e-177
1.5539e-177
1.2825e-177
1.0583e-177
8.7336e-178
7.2067e-178
5.9465e-178
4.9064e-178
4.0481e-178
3.3397e-178
2.7552e-178
2.2729e-178
1.8749e-178
1.5465e-178
1.2756e-178
1.0521e-178
8.6771e-179
7.156e-179
5.9013e-179
4.8664e-179
4.0128e-179
3.3087e-179
2.7281e-179
2.2492e-179
1.8543e-179
1.5287e-179
1.2602e-179
1.0388e-179
8.5627e-180
7.0577e-180
5.817e-180
4.7941e-180
3.951e-180
3.2559e-180
2.683e-180
2.2108e-180
1.8217e-180
1.5009e-180
1.2366e-180
1.0188e-180
8.3927e-181
6.9137e-181
5.6951e-181
4.691e-181
3.8638e-181
3.1823e-181
2.6209e-181
2.1584e-181
1.7774e-181
1.4637e-181
1.2052e-181
9.9236e-182
8.1705e-182
6.7269e-182
5.538e-182
4.5591e-182
3.753e-182
3.0893e-182
2.5428e-182
2.093e-182
1.7226e-182
1.4177e-182
1.1667e-182
9.601e-183
7.9005e-183
6.5008e-183
5.3489e-183
4.4009e-183
3.6208e-183
2.9788e-183
2.4505e-183
2.0158e-183
1.6581e-183
1.3639e-183
1.1218e-183
9.2261e-184
7.5877e-184
6.2399e-184
5.1314e-184
4.2195e-184
3.4696e-184
2.8527e-184
2.3455e-184
1.9283e-184
1.5853e-184
1.3032e-184
1.0713e-184
8.8059e-185
7.238e-185
5.949e-185
4.8894e-185
4.0183e-185
3.3022e-185
2.7136e-185
2.2298e-185
1.8322e-185
1.5054e-185
1.2369e-185
1.0162e-185
8.348e-186
6.8578e-186
5.6333e-186
4.6273e-186
3.8007e-186
3.1216e-186
2.5638e-186
2.1055e-186
1.7291e-186
1.4199e-186
1.1659e-186
9.5735e-187
7.8604e-187
6.4536e-187
5.2983e-187
4.3496e-187
3.5706e-187
2.931e-187
2.4059e-187
1.9747e-187
1.6208e-187
1.3302e-187
1.0916e-187
8.9584e-188
7.3513e-188
6.0321e-188
4.9495e-188
4.061e-188
3.3318e-188
2.7334e-188
2.2424e-188
1.8395e-188
1.5089e-188
1.2377e-188
1.0152e-188
8.3262e-189
6.8286e-189
5.6001e-189
4.5924e-189
3.7658e-189
3.0879e-189
2.5319e-189
2.0759e-189
1.702e-189
1.3953e-189
1.1439e-189
9.3767e-190
7.6862e-190
6.3001e-190
5.1638e-190
4.2322e-190
3.4685e-190
2.8425e-190
2.3294e-190
1.9088e-190
1.5641e-190
1.2815e-190
1.05e-190
8.6023e-191
7.0474e-191
5.7733e-191
4.7293e-191
3.8739e-191
3.1731e-191
2.5989e-191
2.1285e-191
1.7432e-191
1.4276e-191
1.1691e-191
9.5729e-192
7.8385e-192
6.418e-192
5.2547e-192
4.302e-192
3.5219e-192
2.8832e-192
2.3601e-192
1.9319e-192
1.5813e-192
1.2942e-192
1.0592e-192
8.6687e-193
7.0941e-193
5.8052e-193
4.7503e-193
3.8869e-193
3.1803e-193
2.602e-193
2.1288e-193
1.7415e-193
1.4246e-193
1.1654e-193
9.5324e-194
7.7968e-194
6.377e-194
5.2155e-194
4.2653e-194
3.4881e-194
2.8523e-194
2.3324e-194
1.9071e-194
1.5593e-194
1.2748e-194
1.0422e-194
8.5204e-195
6.9652e-195
5.6936e-195
4.6539e-195
3.8039e-195
3.109e-195
2.5409e-195
2.0765e-195
1.6969e-195
1.3867e-195
1.1331e-195
9.2581e-196
7.5643e-196
6.1801e-196
5.049e-196
4.1247e-196
3.3694e-196
2.7523e-196
2.2481e-196
1.8362e-196
1.4997e-196
1.2248e-196
1.0003e-196
8.1683e-197
6.6701e-197
5.4464e-197
4.447e-197
3.6309e-197
2.9643e-197
2.4201e-197
1.9756e-197
1.6127e-197
1.3164e-197
1.0745e-197
8.7702e-198
7.1579e-198
5.8417e-198
4.7673e-198
3.8903e-198
3.1745e-198
2.5903e-198
2.1135e-198
1.7244e-198
1.4069e-198
1.1477e-198
9.3629e-199
7.6377e-199
6.23e-199
5.0816e-199
4.1446e-199
3.3803e-199
2.7568e-199
2.2482e-199
1.8333e-199
1.4949e-199
1.2189e-199
9.9387e-200
8.1032e-200
6.6063e-200
5.3857e-200
4.3904e-200
3.5789e-200
2.9172e-200
2.3778e-200
1.938e-200
1.5795e-200
1.2872e-200
1.049e-200
8.5481e-201
6.9654e-201
5.6755e-201
4.6243e-201
3.7676e-201
3.0694e-201
2.5005e-201
2.037e-201
1.6593e-201
1.3516e-201
1.1009e-201
8.9661e-202
7.3023e-202
5.9469e-202
4.8429e-202
3.9436e-202
3.2112e-202
2.6147e-202
2.1288e-202
1.7332e-202
1.4111e-202
1.1487e-202
9.351e-203
7.6118e-203
6.1957e-203
5.0429e-203
4.1044e-203
3.3403e-203
2.7184e-203
2.2122e-203
1.8001e-203
1.4648e-203
1.1918e-203
9.6969e-204
7.8892e-204
6.4182e-204
5.2213e-204
4.2473e-204
3.4549e-204
2.8102e-204
2.2857e-204
1.859e-204
1.5119e-204
1.2295e-204
9.9983e-205
8.1302e-205
6.6108e-205
5.3752e-205
4.3702e-205
3.553e-205
2.8885e-205
2.3482e-205
1.9088e-205
1.5516e-205
1.2611e-205
1.025e-205
8.3308e-206
6.7704e-206
5.5021e-206
4.4711e-206
3.6331e-206
2.9521e-206
2.3986e-206
1.9488e-206
1.5833e-206
1.2862e-206
1.0449e-206
8.4877e-207
6.8944e-207
5.5999e-207
4.5482e-207
3.6939e-207
2.9999e-207
2.4362e-207
1.9783e-207
1.6064e-207
1.3043e-207
1.059e-207
8.5983e-208
6.9805e-208
5.6669e-208
4.6003e-208
3.7342e-208
3.0311e-208
2.4602e-208
1.9968e-208
1.6206e-208
1.3152e-208
1.0673e-208
8.6606e-209
7.0275e-209
5.7021e-209
4.6264e-209
3.7535e-209
3.0452e-209
2.4704e-209
2.004e-209
1.6255e-209
1.3185e-209
1.0694e-209
8.6737e-210
7.0345e-210
5.7048e-210
4.6262e-210
3.7514e-210
3.0419e-210
2.4664e-210
1.9997e-210
1.6213e-210
1.3144e-210
1.0655e-210
8.6373e-211
7.0013e-211
5.675e-211
4.5996e-211
3.7279e-211
3.0212e-211
2.4484e-211
1.9841e-211
1.6078e-211
1.3027e-211
1.0555e-211
8.552e-212
6.9286e-212
5.6131e-212
4.5471e-212
3.6834e-212
2.9836e-212
2.4167e-212
1.9574e-212
1.5853e-212
1.2839e-212
1.0397e-212
8.4193e-213
6.8175e-213
5.5202e-213
4.4696e-213
3.6187e-213
2.9297e-213
2.3718e-213
1.92e-213
1.5542e-213
1.258e-213
1.0183e-213
8.2414e-214
6.67e-214
5.398e-214
4.3683e-214
3.5349e-214
2.8603e-214
2.3144e-214
1.8726e-214
1.515e-214
1.2257e-214
9.9157e-215
8.0212e-215
6.4884e-215
5.2483e-215
4.245e-215
3.4333e-215
2.7767e-215
2.2456e-215
1.8159e-215
1.4684e-215
1.1874e-215
9.6007e-216
7.7624e-216
6.2758e-216
5.0737e-216
4.1016e-216
3.3156e-216
2.6801e-216
2.1663e-216
1.751e-216
1.4152e-216
1.1437e-216
9.2427e-217
7.4691e-217
6.0355e-217
4.8769e-217
3.9405e-217
3.1837e-217
2.5721e-217
2.078e-217
1.6787e-217
1.356e-217
1.0953e-217
8.8473e-218
7.1458e-218
5.7713e-218
4.661e-218
3.764e-218
3.0396e-218
2.4544e-218
1.9819e-218
1.6002e-218
1.292e-218
1.043e-218
8.4205e-219
6.7976e-219
5.4872e-219
4.4292e-219
3.575e-219
2.8854e-219
2.3288e-219
1.8794e-219
1.5167e-219
1.2239e-219
9.8758e-220
7.9686e-220
6.4294e-220
5.1873e-220
4.1849e-220
3.3761e-220
2.7235e-220
2.1969e-220
1.7721e-220
1.4293e-220
1.1528e-220
9.2972e-221
7.4979e-221
6.0465e-221
4.8758e-221
3.9316e-221
3.1701e-221
2.5559e-221
2.0607e-221
1.6613e-221
1.3393e-221
1.0796e-221
8.7026e-222
7.0147e-222
5.6539e-222
4.5568e-222
3.6725e-222
2.9596e-222
2.385e-222
1.9219e-222
1.5486e-222
1.2478e-222
1.0053e-222
8.0995e-223
6.5252e-223
5.2566e-223
4.2344e-223
3.4109e-223
2.7474e-223
2.2128e-223
1.7822e-223
1.4353e-223
1.1559e-223
9.308e-224
7.4952e-224
6.0352e-224
4.8593e-224
3.9124e-224
3.1498e-224
2.5358e-224
2.0413e-224
1.6432e-224
1.3227e-224
1.0646e-224
8.5688e-225
6.8964e-225
5.5501e-225
4.4664e-225
3.5942e-225
2.8921e-225
2.3271e-225
1.8724e-225
1.5064e-225
1.212e-225
9.75e-226
7.8433e-226
6.3092e-226
5.0749e-226
4.0819e-226
3.283e-226
2.6404e-226
2.1234e-226
1.7076e-226
1.3732e-226
1.1042e-226
8.8781e-227
7.1382e-227
5.739e-227
4.6139e-227
3.7091e-227
2.9817e-227
2.3968e-227
1.9265e-227
1.5484e-227
1.2445e-227
1.0002e-227
8.038e-228
6.4594e-228
5.1905e-228
4.1708e-228
3.3512e-228
2.6925e-228
2.1632e-228
1.7379e-228
1.3961e-228
1.1215e-228
9.0085e-229
7.2358e-229
5.8117e-229
4.6677e-229
3.7487e-229
3.0105e-229
2.4175e-229
1.9412e-229
1.5587e-229
1.2515e-229
1.0048e-229
8.0673e-230
6.4765e-230
5.1991e-230
4.1735e-230
3.35e-230
2.6889e-230
2.1582e-230
1.7321e-230
1.3901e-230
1.1156e-230
8.9519e-231
7.1832e-231
5.7638e-231
4.6246e-231
3.7103e-231
2.9767e-231
2.388e-231
1.9157e-231
1.5367e-231
1.2326e-231
9.8865e-232
7.9295e-232
6.3595e-232
5.1001e-232
4.09e-232
3.2797e-232
2.6299e-232
2.1087e-232
1.6907e-232
1.3555e-232
1.0867e-232
8.7119e-233
6.9837e-233
5.5981e-233
4.4871e-233
3.5965e-233
2.8825e-233
2.3102e-233
1.8514e-233
1.4836e-233
1.1889e-233
9.5262e-234
7.6329e-234
6.1155e-234
4.8996e-234
3.9253e-234
3.1445e-234
2.5189e-234
2.0177e-234
1.6162e-234
1.2945e-234
1.0367e-234
8.303e-235
6.6493e-235
5.3247e-235
4.2638e-235
3.4141e-235
2.7336e-235
2.1886e-235
1.7522e-235
1.4028e-235
1.123e-235
8.9893e-236
7.1955e-236
5.7594e-236
4.6097e-236
3.6893e-236
2.9525e-236
2.3628e-236
1.8908e-236
1.513e-236
1.2106e-236
9.6862e-237
7.7497e-237
6.2e-237
4.96e-237
3.9678e-237
3.1739e-237
2.5388e-237
2.0306e-237
1.6241e-237
1.2989e-237
1.0388e-237
8.3072e-238
6.6429e-238
5.3118e-238
4.2472e-238
3.3958e-238
2.715e-238
2.1705e-238
1.7352e-238
1.3871e-238
1.1088e-238
8.8626e-239
7.0837e-239
5.6616e-239
4.5248e-239
3.616e-239
2.8897e-239
2.3091e-239
1.8451e-239
1.4742e-239
1.1779e-239
9.4105e-240
7.5181e-240
6.0059e-240
4.7977e-240
3.8323e-240
3.061e-240
2.4449e-240
1.9527e-240
1.5595e-240
1.2454e-240
9.9451e-241
7.9413e-241
6.341e-241
5.063e-241
4.0423e-241
3.2273e-241
2.5764e-241
2.0567e-241
1.6418e-241
1.3105e-241
1.046e-241
8.3488e-242
6.6632e-242
5.3177e-242
4.2437e-242
3.3864e-242
2.7022e-242
2.1561e-242
1.7203e-242
1.3725e-242
1.095e-242
8.7356e-243
6.9686e-243
5.5588e-243
4.434e-243
3.5366e-243
2.8207e-243
2.2496e-243
1.7941e-243
1.4307e-243
1.1409e-243
9.0971e-244
7.2536e-244
5.7833e-244
4.6109e-244
3.676e-244
2.9305e-244
2.336e-244
1.8621e-244
1.4843e-244
1.183e-244
9.4288e-245
7.5144e-245
5.9885e-245
4.7722e-245
3.8028e-245
3.0301e-245
2.4143e-245
1.9236e-245
1.5325e-245
1.2209e-245
9.7263e-246
7.7479e-246
6.1716e-246
4.9158e-246
3.9153e-246
3.1183e-246
2.4834e-246
1.9777e-246
1.5749e-246
1.2541e-246
9.9857e-247
7.9508e-247
6.3302e-247
5.0397e-247
4.0121e-247
3.1939e-247
2.5424e-247
2.0237e-247
1.6108e-247
1.2821e-247
1.0204e-247
8.1204e-248
6.4622e-248
5.1423e-248
4.0919e-248
3.2559e-248
2.5905e-248
2.061e-248
1.6397e-248
1.3044e-248
1.0377e-248
8.2543e-249
6.5657e-249
5.2222e-249
4.1535e-249
3.3033e-249
2.627e-249
2.0891e-249
1.6612e-249
1.3209e-249
1.0503e-249
8.3508e-250
6.6392e-250
5.2782e-250
4.196e-250
3.3356e-250
2.6514e-250
2.1075e-250
1.6751e-250
1.3313e-250
1.058e-250
8.4084e-251
6.6819e-251
5.3096e-251
4.219e-251
3.3522e-251
2.6634e-251
2.116e-251
1.681e-251
1.3354e-251
1.0608e-251
8.4263e-252
6.6929e-252
5.3159e-252
4.2219e-252
3.353e-252
2.6627e-252
2.1145e-252
1.679e-252
1.3332e-252
1.0585e-252
8.4043e-253
6.6723e-253
5.2969e-253
4.2049e-253
3.3379e-253
2.6495e-253
2.1029e-253
1.6691e-253
1.3247e-253
1.0513e-253
8.3426e-254
6.6202e-254
5.2531e-254
4.1681e-254
3.3071e-254
2.6238e-254
2.0816e-254
1.6513e-254
1.31e-254
1.0391e-254
8.2422e-255
6.5374e-255
5.1849e-255
4.1121e-255
3.2611e-255
2.5861e-255
2.0507e-255
1.6261e-255
1.2893e-255
1.0222e-255
8.1044e-256
6.425e-256
5.0934e-256
4.0376e-256
3.2005e-256
2.5368e-256
2.0107e-256
1.5936e-256
1.2629e-256
1.0009e-256
7.9312e-257
6.2847e-257
4.9798e-257
3.9457e-257
3.1261e-257
2.4767e-257
1.9621e-257
1.5543e-257
1.2313e-257
9.7529e-258
7.7249e-258
6.1184e-258
4.8457e-258
3.8376e-258
3.0391e-258
2.4066e-258
1.9056e-258
1.5089e-258
1.1947e-258
9.4587e-259
7.4884e-259
5.9282e-259
4.6929e-259
3.7148e-259
2.9404e-259
2.3273e-259
1.842e-259
1.4578e-259
1.1537e-259
9.1299e-260
7.2247e-260
5.7167e-260
4.5233e-260
3.5789e-260
2.8315e-260
2.2401e-260
1.7721e-260
1.4018e-260
1.1089e-260
8.7709e-261
6.9372e-261
5.4867e-261
4.3392e-261
3.4316e-261
2.7137e-261
2.1458e-261
1.6967e-261
1.3416e-261
1.0607e-261
8.386e-262
6.6297e-262
5.2409e-262
4.1429e-262
3.2748e-262
2.5884e-262
2.0458e-262
1.6169e-262
1.2778e-262
1.0098e-262
7.98e-263
6.3057e-263
4.9825e-263
3.9367e-263
3.1103e-263
2.4573e-263
1.9412e-263
1.5335e-263
1.2114e-263
9.5684e-264
7.5576e-264
5.9691e-264
4.7143e-264
3.7231e-264
2.9401e-264
2.3217e-264
1.8333e-264
1.4475e-264
1.1429e-264
9.0234e-265
7.1237e-265
5.6238e-265
4.4394e-265
3.5043e-265
2.766e-265
2.1832e-265
1.7231e-265
1.3599e-265
1.0732e-265
8.469e-266
6.6829e-266
5.2733e-266
4.1607e-266
3.2828e-266
2.59e-266
2.0432e-266
1.6119e-266
1.2715e-266
1.003e-266
7.911e-267
6.2397e-267
4.9211e-267
3.8811e-267
3.0607e-267
2.4136e-267
1.9032e-267
1.5007e-267
1.1832e-267
9.3289e-268
7.3548e-268
5.7982e-268
4.5708e-268
3.603e-268
2.8401e-268
2.2385e-268
1.7643e-268
1.3905e-268
1.0959e-268
8.6359e-269
6.8052e-269
5.3624e-269
4.2252e-269
3.3291e-269
2.6228e-269
2.0664e-269
1.6279e-269
1.2823e-269
1.0101e-269
7.9565e-270
6.2669e-270
4.9358e-270
3.8873e-270
3.0613e-270
2.4108e-270
1.8984e-270
1.4948e-270
1.177e-270
9.2668e-271
7.2958e-271
5.7437e-271
4.5216e-271
3.5594e-271
2.8018e-271
2.2053e-271
1.7358e-271
1.3661e-271
1.0751e-271
8.461e-272
6.6582e-272
5.2393e-272
4.1225e-272
3.2437e-272
2.5521e-272
2.0078e-272
1.5796e-272
1.2426e-272
9.7745e-273
7.6886e-273
6.0475e-273
4.7565e-273
3.7409e-273
2.942e-273
2.3136e-273
1.8193e-273
1.4306e-273
1.1249e-273
8.8443e-274
6.9536e-274
5.4667e-274
4.2976e-274
3.3784e-274
2.6557e-274
2.0874e-274
1.6407e-274
1.2895e-274
1.0135e-274
7.9646e-275
6.259e-275
4.9183e-275
3.8647e-275
3.0366e-275
2.3858e-275
1.8745e-275
1.4726e-275
1.1569e-275
9.0876e-276
7.1384e-276
5.607e-276
4.4039e-276
3.4588e-276
2.7164e-276
2.1333e-276
1.6752e-276
1.3155e-276
1.0329e-276
8.1101e-277
6.3675e-277
4.9991e-277
3.9246e-277
3.0809e-277
2.4185e-277
1.8984e-277
1.4901e-277
1.1695e-277
9.1787e-278
7.2034e-278
5.6529e-278
4.436e-278
3.4809e-278
2.7313e-278
2.143e-278
1.6813e-278
1.3191e-278
1.0348e-278
8.1177e-279
6.3677e-279
4.9947e-279
3.9176e-279
3.0726e-279
2.4098e-279
1.8899e-279
1.482e-279
1.1622e-279
9.1127e-280
7.1452e-280
5.6022e-280
4.3922e-280
3.4434e-280
2.6994e-280
2.1161e-280
1.6587e-280
1.3002e-280
1.019e-280
7.9868e-281
6.2594e-281
4.9054e-281
3.844e-281
3.0122e-281
2.3603e-281
1.8493e-281
1.4489e-281
1.1352e-281
8.8932e-282
6.9668e-282
5.4574e-282
4.2748e-282
3.3483e-282
2.6225e-282
2.0539e-282
1.6085e-282
1.2597e-282
9.8644e-283
7.7242e-283
6.0481e-283
4.7355e-283
3.7076e-283
2.9027e-283
2.2724e-283
1.7789e-283
1.3925e-283
1.0899e-283
8.5311e-284
6.6771e-284
5.2257e-284
4.0896e-284
3.2004e-284
2.5044e-284
1.9596e-284
1.5333e-284
1.1997e-284
9.386e-285
7.343e-285
5.7444e-285
4.4937e-285
3.5151e-285
2.7494e-285
2.1505e-285
1.6819e-285
1.3154e-285
1.0287e-285
8.0443e-286
6.2904e-286
4.9186e-286
3.8458e-286
3.0069e-286
2.3508e-286
1.8378e-286
1.4367e-286
1.1231e-286
8.7786e-287
6.8617e-287
5.363e-287
4.1915e-287
3.2757e-287
2.5599e-287
2.0004e-287
1.5631e-287
1.2214e-287
9.5431e-288
7.456e-288
5.8251e-288
4.5507e-288
3.5549e-288
2.7769e-288
2.1691e-288
1.6942e-288
1.3232e-288
1.0334e-288
8.0707e-289
6.3026e-289
4.9216e-289
3.843e-289
3.0007e-289
2.3428e-289
1.8291e-289
1.428e-289
1.1148e-289
8.7023e-290
6.7929e-290
5.3022e-290
4.1385e-290
3.23e-290
2.5208e-290
1.9672e-290
1.5352e-290
1.1979e-290
9.3473e-291
7.2933e-291
5.6903e-291
4.4395e-291
3.4634e-291
2.7018e-291
2.1076e-291
1.644e-291
1.2823e-291
1.0001e-291
7.8003e-292
6.0833e-292
4.7441e-292
3.6994e-292
2.8847e-292
2.2493e-292
1.7538e-292
1.3673e-292
1.066e-292
8.3105e-293
6.4784e-293
5.05e-293
3.9363e-293
3.0681e-293
2.3913e-293
1.8637e-293
1.4524e-293
1.1318e-293
8.8199e-294
6.8726e-294
5.355e-294
4.1723e-294
3.2506e-294
2.5324e-294
1.9728e-294
1.5368e-294
1.1971e-294
9.3245e-295
7.2626e-295
5.6565e-295
4.4053e-295
3.4307e-295
2.6716e-295
2.0803e-295
1.6199e-295
1.2613e-295
9.82e-296
7.6453e-296
5.9519e-296
4.6334e-296
3.6068e-296
2.8075e-296
2.1853e-296
1.7008e-296
1.3237e-296
1.0302e-296
8.0171e-297
6.2387e-297
4.8545e-297
3.7773e-297
2.939e-297
2.2866e-297
1.779e-297
1.3839e-297
1.0766e-297
8.3745e-298
6.514e-298
5.0666e-298
3.9407e-298
3.0648e-298
2.3834e-298
1.8535e-298
1.4413e-298
1.1207e-298
8.7142e-299
6.7754e-299
5.2676e-299
4.0952e-299
3.1836e-299
2.4748e-299
1.9237e-299
1.4953e-299
1.1622e-299
9.0327e-300
7.02e-300
5.4555e-300
4.2395e-300
3.2943e-300
2.5598e-300
1.9889e-300
1.5453e-300
1.2006e-300
9.3268e-301
7.2454e-301
5.6283e-301
4.3719e-301
3.3957e-301
2.6374e-301
2.0484e-301
1.5908e-301
1.2354e-301
9.5933e-302
7.4493e-302
5.7841e-302
4.491e-302
3.4868e-302
2.707e-302
2.1015e-302
1.6314e-302
1.2663e-302
9.8294e-303
7.6294e-303
5.9214e-303
4.5956e-303
3.5665e-303
2.7677e-303
2.1477e-303
1.6665e-303
1.2931e-303
1.0033e-303
7.7836e-304
6.0386e-304
4.6845e-304
3.6339e-304
2.8188e-304
2.1864e-304
1.6958e-304
1.3152e-304
1.02e-304
7.9104e-305
6.1343e-305
4.7567e-305
3.6884e-305
2.8598e-305
2.2173e-305
1.719e-305
1.3327e-305
1.0331e-305
8.0083e-306
6.2075e-306
4.8114e-306
3.7292e-306
2.8902e-306
2.2399e-306
1.7358e-306
1.3451e-306
1.0423e-306
8.0761e-307
6.2574e-307
4.848e-307
3.7559e-307
2.9097e-307
2.254e-307
1.746e-307
1.3524e-307
1.0475e-307
8.113e-308
6.2833e-308
4.866e-308
3.7682e-308
2.918e-308
2.2594e-308
1.7495e-308
1.3545e-308
1.0487e-308
8.1187e-309
6.285e-309
4.8652e-309
3.766e-309
2.915e-309
2.2562e-309
1.7462e-309
1.3514e-309
1.0458e-309
8.093e-310
6.2624e-310
4.8457e-310
3.7493e-310
2.9008e-310
2.2442e-310
1.7362e-310
1.3431e-310
1.0389e-310
8.0363e-311
6.2159e-311
4.8076e-311
3.7182e-311
2.8755e-311
2.2237e-311
1.7196e-311
1.3297e-311
1.0281e-311
7.9492e-312
6.1459e-312
4.7514e-312
3.6732e-312
2.8395e-312
2.1949e-312
1.6966e-312
1.3113e-312
1.0135e-312
7.8327e-313
6.0532e-313
4.6778e-313
3.6147e-313
2.7931e-313
2.1581e-313
1.6674e-313
1.2882e-313
9.9521e-314
7.6882e-314
5.9389e-314
4.5875e-314
3.5434e-314
2.7368e-314
2.1137e-314
1.6324e-314
1.2606e-314
9.735e-315
7.5172e-315
5.8045e-315
4.4817e-315
3.4603e-315
2.6715e-315
2.0625e-315
1.5923e-315
1.2292e-315
9.489e-316
7.3252e-316
5.6548e-316
4.3654e-316
3.3701e-316
2.6018e-316
2.0088e-316
1.551e-316
1.1975e-316
9.245e-317
7.1358e-317
5.5055e-317
4.2451e-317
3.2706e-317
2.5184e-317
1.9407e-317
1.5026e-317
1.1797e-317
9.5736e-318
8.2923e-318
