1.2166e-09
1.2121e-09
1.2077e-09
1.2033e-09
1.1989e-09
1.1945e-09
1.1901e-09
1.1858e-09
1.1815e-09
1.1771e-09
1.1728e-09
1.1685e-09
1.1643e-09
1.16e-09
1.1558e-09
1.1516e-09
1.1474e-09
1.1432e-09
1.139e-09
1.1348e-09
1.1307e-09
1.1266e-09
1.1225e-09
1.1184e-09
1.1143e-09
1.1102e-09
1.1062e-09
1.1021e-09
1.0981e-09
1.0941e-09
1.0901e-09
1.0862e-09
1.0822e-09
1.0783e-09
1.0744e-09
1.0705e-09
1.0666e-09
1.0627e-09
1.0588e-09
1.055e-09
1.0512e-09
1.0473e-09
1.0435e-09
1.0398e-09
1.036e-09
1.0322e-09
1.0285e-09
1.0248e-09
1.0211e-09
1.0174e-09
1.0137e-09
1.01e-09
1.0064e-09
1.0028e-09
9.9913e-10
9.9553e-10
9.9194e-10
9.8837e-10
9.8481e-10
9.8127e-10
9.7774e-10
9.7422e-10
9.7072e-10
9.6724e-10
9.6377e-10
9.6031e-10
9.5687e-10
9.5344e-10
9.5003e-10
9.4663e-10
9.4325e-10
9.3988e-10
9.3653e-10
9.3319e-10
9.2986e-10
9.2655e-10
9.2326e-10
9.1997e-10
9.1671e-10
9.1345e-10
9.1021e-10
9.0699e-10
9.0378e-10
9.0058e-10
8.974e-10
8.9423e-10
8.9108e-10
8.8794e-10
8.8481e-10
8.817e-10
8.7861e-10
8.7552e-10
8.7245e-10
8.694e-10
8.6636e-10
8.6333e-10
8.6032e-10
8.5732e-10
8.5434e-10
8.5136e-10
8.4841e-10
8.4546e-10
8.4253e-10
8.3962e-10
8.3672e-10
8.3383e-10
8.3096e-10
8.281e-10
8.2525e-10
8.2242e-10
8.196e-10
8.1679e-10
8.14e-10
8.1122e-10
8.0846e-10
8.0571e-10
8.0297e-10
8.0025e-10
7.9754e-10
7.9485e-10
7.9216e-10
7.8949e-10
7.8684e-10
7.842e-10
7.8157e-10
7.7896e-10
7.7636e-10
7.7377e-10
7.712e-10
7.6864e-10
7.6609e-10
7.6356e-10
7.6104e-10
7.5853e-10
7.5604e-10
7.5356e-10
7.5109e-10
7.4864e-10
7.462e-10
7.4377e-10
7.4136e-10
7.3896e-10
7.3658e-10
7.3421e-10
7.3185e-10
7.295e-10
7.2717e-10
7.2485e-10
7.2255e-10
7.2026e-10
7.1798e-10
7.1571e-10
7.1346e-10
7.1122e-10
7.09e-10
7.0678e-10
7.0459e-10
7.024e-10
7.0023e-10
6.9807e-10
6.9592e-10
6.9379e-10
6.9167e-10
6.8957e-10
6.8747e-10
6.854e-10
6.8333e-10
6.8128e-10
6.7924e-10
6.7721e-10
6.752e-10
6.732e-10
6.7121e-10
6.6924e-10
6.6728e-10
6.6533e-10
6.634e-10
6.6148e-10
6.5958e-10
6.5768e-10
6.558e-10
6.5394e-10
6.5208e-10
6.5024e-10
6.4842e-10
6.466e-10
6.448e-10
6.4302e-10
6.4124e-10
6.3948e-10
6.3773e-10
6.36e-10
6.3428e-10
6.3257e-10
6.3088e-10
6.292e-10
6.2753e-10
6.2588e-10
6.2424e-10
6.2261e-10
6.21e-10
6.194e-10
6.1781e-10
6.1624e-10
6.1468e-10
6.1313e-10
6.116e-10
6.1008e-10
6.0858e-10
6.0708e-10
6.0561e-10
6.0414e-10
6.0269e-10
6.0125e-10
5.9983e-10
5.9841e-10
5.9702e-10
5.9563e-10
5.9426e-10
5.9291e-10
5.9156e-10
5.9023e-10
5.8892e-10
5.8762e-10
5.8633e-10
5.8505e-10
5.8379e-10
5.8254e-10
5.8131e-10
5.8009e-10
5.7889e-10
5.7769e-10
5.7652e-10
5.7535e-10
5.742e-10
5.7306e-10
5.7194e-10
5.7083e-10
5.6974e-10
5.6866e-10
5.6759e-10
5.6654e-10
5.655e-10
5.6448e-10
5.6347e-10
5.6247e-10
5.6149e-10
5.6052e-10
5.5957e-10
5.5863e-10
5.577e-10
5.5679e-10
5.5589e-10
5.5501e-10
5.5414e-10
5.5329e-10
5.5245e-10
5.5163e-10
5.5082e-10
5.5002e-10
5.4924e-10
5.4847e-10
5.4772e-10
5.4699e-10
5.4626e-10
5.4556e-10
5.4486e-10
5.4418e-10
5.4352e-10
5.4287e-10
5.4224e-10
5.4162e-10
5.4102e-10
5.4043e-10
5.3985e-10
5.393e-10
5.3875e-10
5.3822e-10
5.3771e-10
5.3721e-10
5.3673e-10
5.3626e-10
5.3581e-10
5.3537e-10
5.3495e-10
5.3455e-10
5.3416e-10
5.3378e-10
5.3342e-10
5.3308e-10
5.3275e-10
5.3244e-10
5.3215e-10
5.3187e-10
5.316e-10
5.3135e-10
5.3112e-10
5.309e-10
5.307e-10
5.3052e-10
5.3035e-10
5.302e-10
5.3006e-10
5.2994e-10
5.2984e-10
5.2975e-10
5.2968e-10
5.2963e-10
5.2959e-10
5.2957e-10
5.2957e-10
5.2958e-10
5.2961e-10
5.2966e-10
5.2972e-10
5.2981e-10
5.299e-10
5.3002e-10
5.3015e-10
5.303e-10
5.3047e-10
5.3065e-10
5.3085e-10
5.3107e-10
5.3131e-10
5.3156e-10
5.3183e-10
5.3212e-10
5.3243e-10
5.3276e-10
5.331e-10
5.3346e-10
5.3384e-10
5.3424e-10
5.3465e-10
5.3509e-10
5.3554e-10
5.3601e-10
5.365e-10
5.3701e-10
5.3753e-10
5.3808e-10
5.3864e-10
5.3923e-10
5.3983e-10
5.4045e-10
5.4109e-10
5.4175e-10
5.4243e-10
5.4312e-10
5.4384e-10
5.4458e-10
5.4533e-10
5.4611e-10
5.469e-10
5.4772e-10
5.4856e-10
5.4941e-10
5.5029e-10
5.5118e-10
5.521e-10
5.5303e-10
5.5399e-10
5.5497e-10
5.5597e-10
5.5699e-10
5.5803e-10
5.5909e-10
5.6017e-10
5.6127e-10
5.6239e-10
5.6354e-10
5.6471e-10
5.6589e-10
5.671e-10
5.6833e-10
5.6959e-10
5.7086e-10
5.7216e-10
5.7348e-10
5.7482e-10
5.7618e-10
5.7757e-10
5.7898e-10
5.8041e-10
5.8186e-10
5.8334e-10
5.8484e-10
5.8636e-10
5.8791e-10
5.8948e-10
5.9107e-10
5.9268e-10
5.9432e-10
5.9599e-10
5.9767e-10
5.9939e-10
6.0112e-10
6.0288e-10
6.0466e-10
6.0647e-10
6.083e-10
6.1016e-10
6.1204e-10
6.1395e-10
6.1588e-10
6.1784e-10
6.1982e-10
6.2183e-10
6.2387e-10
6.2593e-10
6.2801e-10
6.3012e-10
6.3226e-10
6.3442e-10
6.3661e-10
6.3883e-10
6.4107e-10
6.4334e-10
6.4564e-10
6.4797e-10
6.5032e-10
6.527e-10
6.551e-10
6.5754e-10
6.6e-10
6.6249e-10
6.65e-10
6.6755e-10
6.7013e-10
6.7273e-10
6.7536e-10
6.7802e-10
6.8071e-10
6.8343e-10
6.8618e-10
6.8895e-10
6.9176e-10
6.946e-10
6.9746e-10
7.0036e-10
7.0329e-10
7.0625e-10
7.0923e-10
7.1225e-10
7.153e-10
7.1838e-10
7.215e-10
7.2464e-10
7.2781e-10
7.3102e-10
7.3426e-10
7.3753e-10
7.4084e-10
7.4417e-10
7.4754e-10
7.5094e-10
7.5438e-10
7.5785e-10
7.6135e-10
7.6488e-10
7.6845e-10
7.7205e-10
7.7569e-10
7.7936e-10
7.8307e-10
7.8681e-10
7.9059e-10
7.944e-10
7.9824e-10
8.0212e-10
8.0604e-10
8.1e-10
8.1399e-10
8.1801e-10
8.2207e-10
8.2617e-10
8.3031e-10
8.3448e-10
8.3869e-10
8.4294e-10
8.4723e-10
8.5155e-10
8.5592e-10
8.6032e-10
8.6476e-10
8.6924e-10
8.7376e-10
8.7831e-10
8.8291e-10
8.8755e-10
8.9223e-10
8.9694e-10
9.017e-10
9.065e-10
9.1134e-10
9.1622e-10
9.2114e-10
9.2611e-10
9.3112e-10
9.3616e-10
9.4126e-10
9.4639e-10
9.5157e-10
9.5679e-10
9.6205e-10
9.6736e-10
9.7271e-10
9.781e-10
9.8354e-10
9.8903e-10
9.9456e-10
1.0001e-09
1.0058e-09
1.0114e-09
1.0171e-09
1.0229e-09
1.0287e-09
1.0346e-09
1.0405e-09
1.0464e-09
1.0524e-09
1.0584e-09
1.0645e-09
1.0707e-09
1.0769e-09
1.0831e-09
1.0894e-09
1.0957e-09
1.1021e-09
1.1085e-09
1.115e-09
1.1216e-09
1.1282e-09
1.1348e-09
1.1415e-09
1.1482e-09
1.155e-09
1.1619e-09
1.1688e-09
1.1758e-09
1.1828e-09
1.1898e-09
1.197e-09
1.2041e-09
1.2114e-09
1.2186e-09
1.226e-09
1.2334e-09
1.2408e-09
1.2483e-09
1.2559e-09
1.2635e-09
1.2712e-09
1.279e-09
1.2868e-09
1.2946e-09
1.3025e-09
1.3105e-09
1.3185e-09
1.3266e-09
1.3348e-09
1.343e-09
1.3513e-09
1.3596e-09
1.368e-09
1.3765e-09
1.385e-09
1.3936e-09
1.4023e-09
1.411e-09
1.4198e-09
1.4286e-09
1.4375e-09
1.4465e-09
1.4556e-09
1.4647e-09
1.4738e-09
1.4831e-09
1.4924e-09
1.5018e-09
1.5112e-09
1.5207e-09
1.5303e-09
1.54e-09
1.5497e-09
1.5595e-09
1.5694e-09
1.5793e-09
1.5893e-09
1.5994e-09
1.6095e-09
1.6198e-09
1.6301e-09
1.6404e-09
1.6509e-09
1.6614e-09
1.672e-09
1.6827e-09
1.6934e-09
1.7042e-09
1.7151e-09
1.7261e-09
1.7372e-09
1.7483e-09
1.7595e-09
1.7708e-09
1.7822e-09
1.7936e-09
1.8052e-09
1.8168e-09
1.8285e-09
1.8403e-09
1.8521e-09
1.8641e-09
1.8761e-09
1.8882e-09
1.9004e-09
1.9127e-09
1.9251e-09
1.9375e-09
1.9501e-09
1.9627e-09
1.9754e-09
1.9882e-09
2.0011e-09
2.0141e-09
2.0272e-09
2.0403e-09
2.0536e-09
2.0669e-09
2.0804e-09
2.0939e-09
2.1075e-09
2.1212e-09
2.135e-09
2.1489e-09
2.1629e-09
2.177e-09
2.1912e-09
2.2055e-09
2.2199e-09
2.2344e-09
2.249e-09
2.2637e-09
2.2785e-09
2.2934e-09
2.3083e-09
2.3234e-09
2.3386e-09
2.3539e-09
2.3693e-09
2.3848e-09
2.4004e-09
2.4162e-09
2.432e-09
2.4479e-09
2.4639e-09
2.4801e-09
2.4963e-09
2.5127e-09
2.5292e-09
2.5458e-09
2.5625e-09
2.5793e-09
2.5962e-09
2.6132e-09
2.6304e-09
2.6476e-09
2.665e-09
2.6825e-09
2.7001e-09
2.7178e-09
2.7357e-09
2.7536e-09
2.7717e-09
2.7899e-09
2.8083e-09
2.8267e-09
2.8453e-09
2.864e-09
2.8828e-09
2.9017e-09
2.9208e-09
2.94e-09
2.9593e-09
2.9788e-09
2.9984e-09
3.0181e-09
3.0379e-09
3.0579e-09
3.078e-09
3.0982e-09
3.1186e-09
3.1391e-09
3.1597e-09
3.1805e-09
3.2014e-09
3.2224e-09
3.2436e-09
3.2649e-09
3.2864e-09
3.308e-09
3.3297e-09
3.3516e-09
3.3737e-09
3.3958e-09
3.4181e-09
3.4406e-09
3.4632e-09
3.486e-09
3.5089e-09
3.5319e-09
3.5551e-09
3.5785e-09
3.602e-09
3.6256e-09
3.6495e-09
3.6734e-09
3.6975e-09
3.7218e-09
3.7462e-09
3.7708e-09
3.7956e-09
3.8205e-09
3.8456e-09
3.8708e-09
3.8962e-09
3.9218e-09
3.9475e-09
3.9734e-09
3.9994e-09
4.0256e-09
4.052e-09
4.0786e-09
4.1053e-09
4.1322e-09
4.1593e-09
4.1866e-09
4.214e-09
4.2416e-09
4.2693e-09
4.2973e-09
4.3254e-09
4.3537e-09
4.3822e-09
4.4109e-09
4.4398e-09
4.4688e-09
4.498e-09
4.5274e-09
4.557e-09
4.5868e-09
4.6168e-09
4.647e-09
4.6773e-09
4.7079e-09
4.7386e-09
4.7695e-09
4.8007e-09
4.832e-09
4.8635e-09
4.8953e-09
4.9272e-09
4.9593e-09
4.9917e-09
5.0242e-09
5.0569e-09
5.0899e-09
5.123e-09
5.1564e-09
5.19e-09
5.2238e-09
5.2578e-09
5.292e-09
5.3264e-09
5.3611e-09
5.3959e-09
5.431e-09
5.4663e-09
5.5018e-09
5.5376e-09
5.5735e-09
5.6097e-09
5.6461e-09
5.6828e-09
5.7197e-09
5.7568e-09
5.7941e-09
5.8317e-09
5.8695e-09
5.9075e-09
5.9458e-09
5.9843e-09
6.023e-09
6.062e-09
6.1013e-09
6.1407e-09
6.1805e-09
6.2204e-09
6.2607e-09
6.3011e-09
6.3418e-09
6.3828e-09
6.424e-09
6.4655e-09
6.5073e-09
6.5493e-09
6.5915e-09
6.634e-09
6.6768e-09
6.7198e-09
6.7631e-09
6.8067e-09
6.8506e-09
6.8947e-09
6.939e-09
6.9837e-09
7.0286e-09
7.0738e-09
7.1193e-09
7.1651e-09
7.2111e-09
7.2575e-09
7.3041e-09
7.351e-09
7.3981e-09
7.4456e-09
7.4934e-09
7.5414e-09
7.5898e-09
7.6384e-09
7.6874e-09
7.7366e-09
7.7861e-09
7.836e-09
7.8861e-09
7.9366e-09
7.9873e-09
8.0384e-09
8.0898e-09
8.1414e-09
8.1934e-09
8.2458e-09
8.2984e-09
8.3514e-09
8.4046e-09
8.4582e-09
8.5122e-09
8.5664e-09
8.621e-09
8.6759e-09
8.7311e-09
8.7867e-09
8.8426e-09
8.8989e-09
8.9555e-09
9.0124e-09
9.0697e-09
9.1273e-09
9.1852e-09
9.2436e-09
9.3022e-09
9.3612e-09
9.4206e-09
9.4803e-09
9.5404e-09
9.6009e-09
9.6617e-09
9.7229e-09
9.7844e-09
9.8463e-09
9.9086e-09
9.9713e-09
1.0034e-08
1.0098e-08
1.0161e-08
1.0226e-08
1.029e-08
1.0355e-08
1.042e-08
1.0486e-08
1.0552e-08
1.0619e-08
1.0686e-08
1.0753e-08
1.0821e-08
1.0889e-08
1.0957e-08
1.1026e-08
1.1096e-08
1.1165e-08
1.1235e-08
1.1306e-08
1.1377e-08
1.1448e-08
1.152e-08
1.1592e-08
1.1665e-08
1.1738e-08
1.1812e-08
1.1886e-08
1.196e-08
1.2035e-08
1.211e-08
1.2186e-08
1.2262e-08
1.2339e-08
1.2416e-08
1.2493e-08
1.2571e-08
1.265e-08
1.2729e-08
1.2808e-08
1.2888e-08
1.2968e-08
1.3049e-08
1.313e-08
1.3212e-08
1.3294e-08
1.3377e-08
1.346e-08
1.3544e-08
1.3628e-08
1.3713e-08
1.3798e-08
1.3884e-08
1.397e-08
1.4056e-08
1.4143e-08
1.4231e-08
1.4319e-08
1.4408e-08
1.4497e-08
1.4587e-08
1.4677e-08
1.4768e-08
1.4859e-08
1.4951e-08
1.5043e-08
1.5136e-08
1.523e-08
1.5324e-08
1.5418e-08
1.5513e-08
1.5609e-08
1.5705e-08
1.5802e-08
1.5899e-08
1.5997e-08
1.6095e-08
1.6194e-08
1.6294e-08
1.6394e-08
1.6495e-08
1.6596e-08
1.6698e-08
1.68e-08
1.6903e-08
1.7007e-08
1.7111e-08
1.7216e-08
1.7322e-08
1.7428e-08
1.7534e-08
1.7642e-08
1.775e-08
1.7858e-08
1.7967e-08
1.8077e-08
1.8187e-08
1.8298e-08
1.841e-08
1.8522e-08
1.8635e-08
1.8749e-08
1.8863e-08
1.8978e-08
1.9093e-08
1.921e-08
1.9326e-08
1.9444e-08
1.9562e-08
1.9681e-08
1.98e-08
1.9921e-08
2.0042e-08
2.0163e-08
2.0285e-08
2.0408e-08
2.0532e-08
2.0656e-08
2.0781e-08
2.0907e-08
2.1034e-08
2.1161e-08
2.1289e-08
2.1418e-08
2.1547e-08
2.1677e-08
2.1808e-08
2.1939e-08
2.2072e-08
2.2205e-08
2.2339e-08
2.2473e-08
2.2609e-08
2.2745e-08
2.2881e-08
2.3019e-08
2.3157e-08
2.3297e-08
2.3437e-08
2.3577e-08
2.3719e-08
2.3861e-08
2.4004e-08
2.4148e-08
2.4293e-08
2.4439e-08
2.4585e-08
2.4732e-08
2.488e-08
2.5029e-08
2.5179e-08
2.5329e-08
2.548e-08
2.5633e-08
2.5786e-08
2.5939e-08
2.6094e-08
2.625e-08
2.6406e-08
2.6564e-08
2.6722e-08
2.6881e-08
2.7041e-08
2.7202e-08
2.7363e-08
2.7526e-08
2.769e-08
2.7854e-08
2.8019e-08
2.8186e-08
2.8353e-08
2.8521e-08
2.869e-08
2.886e-08
2.9031e-08
2.9203e-08
2.9376e-08
2.9549e-08
2.9724e-08
2.99e-08
3.0076e-08
3.0254e-08
3.0433e-08
3.0612e-08
3.0793e-08
3.0974e-08
3.1157e-08
3.134e-08
3.1525e-08
3.1711e-08
3.1897e-08
3.2085e-08
3.2273e-08
3.2463e-08
3.2654e-08
3.2846e-08
3.3038e-08
3.3232e-08
3.3427e-08
3.3623e-08
3.382e-08
3.4018e-08
3.4217e-08
3.4418e-08
3.4619e-08
3.4822e-08
3.5025e-08
3.523e-08
3.5436e-08
3.5642e-08
3.585e-08
3.606e-08
3.627e-08
3.6481e-08
3.6694e-08
3.6908e-08
3.7122e-08
3.7339e-08
3.7556e-08
3.7774e-08
3.7994e-08
3.8214e-08
3.8436e-08
3.8659e-08
3.8884e-08
3.9109e-08
3.9336e-08
3.9564e-08
3.9793e-08
4.0024e-08
4.0255e-08
4.0488e-08
4.0722e-08
4.0958e-08
4.1195e-08
4.1433e-08
4.1672e-08
4.1912e-08
4.2154e-08
4.2397e-08
4.2642e-08
4.2887e-08
4.3134e-08
4.3383e-08
4.3632e-08
4.3883e-08
4.4136e-08
4.4389e-08
4.4644e-08
4.4901e-08
4.5159e-08
4.5418e-08
4.5678e-08
4.594e-08
4.6203e-08
4.6468e-08
4.6734e-08
4.7002e-08
4.727e-08
4.7541e-08
4.7813e-08
4.8086e-08
4.836e-08
4.8636e-08
4.8914e-08
4.9193e-08
4.9474e-08
4.9756e-08
5.0039e-08
5.0324e-08
5.061e-08
5.0898e-08
5.1188e-08
5.1479e-08
5.1771e-08
5.2066e-08
5.2361e-08
5.2658e-08
5.2957e-08
5.3257e-08
5.3559e-08
5.3863e-08
5.4168e-08
5.4474e-08
5.4783e-08
5.5093e-08
5.5404e-08
5.5717e-08
5.6032e-08
5.6348e-08
5.6666e-08
5.6986e-08
5.7307e-08
5.763e-08
5.7955e-08
5.8282e-08
5.861e-08
5.894e-08
5.9271e-08
5.9604e-08
5.9939e-08
6.0276e-08
6.0615e-08
6.0955e-08
6.1297e-08
6.1641e-08
6.1986e-08
6.2333e-08
6.2683e-08
6.3033e-08
6.3386e-08
6.3741e-08
6.4097e-08
6.4455e-08
6.4815e-08
6.5177e-08
6.5541e-08
6.5907e-08
6.6274e-08
6.6644e-08
6.7015e-08
6.7388e-08
6.7764e-08
6.8141e-08
6.852e-08
6.8901e-08
6.9284e-08
6.9668e-08
7.0055e-08
7.0444e-08
7.0835e-08
7.1228e-08
7.1623e-08
7.2019e-08
7.2418e-08
7.2819e-08
7.3222e-08
7.3627e-08
7.4034e-08
7.4443e-08
7.4855e-08
7.5268e-08
7.5683e-08
7.6101e-08
7.652e-08
7.6942e-08
7.7366e-08
7.7792e-08
7.822e-08
7.8651e-08
7.9083e-08
7.9518e-08
7.9955e-08
8.0394e-08
8.0835e-08
8.1279e-08
8.1725e-08
8.2173e-08
8.2623e-08
8.3076e-08
8.3531e-08
8.3988e-08
8.4447e-08
8.4909e-08
8.5373e-08
8.584e-08
8.6309e-08
8.678e-08
8.7253e-08
8.7729e-08
8.8207e-08
8.8688e-08
8.9171e-08
8.9656e-08
9.0144e-08
9.0635e-08
9.1127e-08
9.1623e-08
9.212e-08
9.2621e-08
9.3123e-08
9.3628e-08
9.4136e-08
9.4646e-08
9.5159e-08
9.5674e-08
9.6192e-08
9.6713e-08
9.7236e-08
9.7761e-08
9.829e-08
9.882e-08
9.9354e-08
9.989e-08
1.0043e-07
1.0097e-07
1.0151e-07
1.0206e-07
1.0261e-07
1.0316e-07
1.0372e-07
1.0428e-07
1.0484e-07
1.054e-07
1.0596e-07
1.0653e-07
1.071e-07
1.0768e-07
1.0826e-07
1.0884e-07
1.0942e-07
1.1e-07
1.1059e-07
1.1118e-07
1.1178e-07
1.1238e-07
1.1298e-07
1.1358e-07
1.1419e-07
1.1479e-07
1.1541e-07
1.1602e-07
1.1664e-07
1.1726e-07
1.1788e-07
1.1851e-07
1.1914e-07
1.1977e-07
1.2041e-07
1.2105e-07
1.2169e-07
1.2234e-07
1.2299e-07
1.2364e-07
1.2429e-07
1.2495e-07
1.2561e-07
1.2628e-07
1.2694e-07
1.2762e-07
1.2829e-07
1.2897e-07
1.2965e-07
1.3033e-07
1.3102e-07
1.3171e-07
1.324e-07
1.331e-07
1.338e-07
1.345e-07
1.3521e-07
1.3592e-07
1.3664e-07
1.3735e-07
1.3807e-07
1.388e-07
1.3953e-07
1.4026e-07
1.4099e-07
1.4173e-07
1.4247e-07
1.4322e-07
1.4397e-07
1.4472e-07
1.4548e-07
1.4624e-07
1.47e-07
1.4777e-07
1.4854e-07
1.4931e-07
1.5009e-07
1.5087e-07
1.5166e-07
1.5244e-07
1.5324e-07
1.5403e-07
1.5483e-07
1.5564e-07
1.5645e-07
1.5726e-07
1.5807e-07
1.5889e-07
1.5972e-07
1.6054e-07
1.6137e-07
1.6221e-07
1.6305e-07
1.6389e-07
1.6474e-07
1.6559e-07
1.6644e-07
1.673e-07
1.6816e-07
1.6903e-07
1.699e-07
1.7078e-07
1.7166e-07
1.7254e-07
1.7343e-07
1.7432e-07
1.7521e-07
1.7611e-07
1.7702e-07
1.7793e-07
1.7884e-07
1.7975e-07
1.8068e-07
1.816e-07
1.8253e-07
1.8346e-07
1.844e-07
1.8534e-07
1.8629e-07
1.8724e-07
1.882e-07
1.8916e-07
1.9012e-07
1.9109e-07
1.9207e-07
1.9304e-07
1.9403e-07
1.9501e-07
1.96e-07
1.97e-07
1.98e-07
1.9901e-07
2.0002e-07
2.0103e-07
2.0205e-07
2.0307e-07
2.041e-07
2.0514e-07
2.0617e-07
2.0722e-07
2.0826e-07
2.0932e-07
2.1037e-07
2.1144e-07
2.125e-07
2.1357e-07
2.1465e-07
2.1573e-07
2.1682e-07
2.1791e-07
2.1901e-07
2.2011e-07
2.2121e-07
2.2233e-07
2.2344e-07
2.2456e-07
2.2569e-07
2.2682e-07
2.2796e-07
2.291e-07
2.3025e-07
2.314e-07
2.3256e-07
2.3372e-07
2.3489e-07
2.3606e-07
2.3724e-07
2.3843e-07
2.3961e-07
2.4081e-07
2.4201e-07
2.4321e-07
2.4442e-07
2.4564e-07
2.4686e-07
2.4809e-07
2.4932e-07
2.5056e-07
2.518e-07
2.5305e-07
2.5431e-07
2.5557e-07
2.5684e-07
2.5811e-07
2.5938e-07
2.6067e-07
2.6196e-07
2.6325e-07
2.6455e-07
2.6586e-07
2.6717e-07
2.6849e-07
2.6981e-07
2.7114e-07
2.7248e-07
2.7382e-07
2.7516e-07
2.7652e-07
2.7788e-07
2.7924e-07
2.8061e-07
2.8199e-07
2.8337e-07
2.8476e-07
2.8616e-07
2.8756e-07
2.8897e-07
2.9038e-07
2.918e-07
2.9323e-07
2.9466e-07
2.961e-07
2.9755e-07
2.99e-07
3.0046e-07
3.0192e-07
3.0339e-07
3.0487e-07
3.0635e-07
3.0784e-07
3.0934e-07
3.1084e-07
3.1235e-07
3.1387e-07
3.1539e-07
3.1692e-07
3.1846e-07
3.2e-07
3.2155e-07
3.2311e-07
3.2467e-07
3.2624e-07
3.2782e-07
3.294e-07
3.3099e-07
3.3259e-07
3.342e-07
3.3581e-07
3.3742e-07
3.3905e-07
3.4068e-07
3.4232e-07
3.4397e-07
3.4562e-07
3.4728e-07
3.4895e-07
3.5062e-07
3.5231e-07
3.54e-07
3.5569e-07
3.574e-07
3.5911e-07
3.6082e-07
3.6255e-07
3.6428e-07
3.6602e-07
3.6777e-07
3.6953e-07
3.7129e-07
3.7306e-07
3.7484e-07
3.7662e-07
3.7842e-07
3.8022e-07
3.8203e-07
3.8384e-07
3.8567e-07
3.875e-07
3.8934e-07
3.9118e-07
3.9304e-07
3.949e-07
3.9677e-07
3.9865e-07
4.0054e-07
4.0243e-07
4.0433e-07
4.0624e-07
4.0816e-07
4.1009e-07
4.1202e-07
4.1397e-07
4.1592e-07
4.1787e-07
4.1984e-07
4.2182e-07
4.238e-07
4.2579e-07
4.2779e-07
4.298e-07
4.3182e-07
4.3385e-07
4.3588e-07
4.3792e-07
4.3997e-07
4.4203e-07
4.441e-07
4.4618e-07
4.4826e-07
4.5036e-07
4.5246e-07
4.5457e-07
4.5669e-07
4.5882e-07
4.6096e-07
4.6311e-07
4.6526e-07
4.6743e-07
4.696e-07
4.7178e-07
4.7397e-07
4.7617e-07
4.7838e-07
4.806e-07
4.8283e-07
4.8507e-07
4.8731e-07
4.8957e-07
4.9183e-07
4.9411e-07
4.9639e-07
4.9868e-07
5.0098e-07
5.0329e-07
5.0562e-07
5.0795e-07
5.1029e-07
5.1264e-07
5.1499e-07
5.1736e-07
5.1974e-07
5.2213e-07
5.2453e-07
5.2693e-07
5.2935e-07
5.3178e-07
5.3421e-07
5.3666e-07
5.3912e-07
5.4158e-07
5.4406e-07
5.4655e-07
5.4904e-07
5.5155e-07
5.5407e-07
5.5659e-07
5.5913e-07
5.6168e-07
5.6423e-07
5.668e-07
5.6938e-07
5.7197e-07
5.7457e-07
5.7718e-07
5.798e-07
5.8243e-07
5.8507e-07
5.8772e-07
5.9038e-07
5.9305e-07
5.9574e-07
5.9843e-07
6.0113e-07
6.0385e-07
6.0658e-07
6.0931e-07
6.1206e-07
6.1482e-07
6.1759e-07
6.2037e-07
6.2316e-07
6.2596e-07
6.2878e-07
6.316e-07
6.3444e-07
6.3729e-07
6.4015e-07
6.4302e-07
6.459e-07
6.4879e-07
6.5169e-07
6.5461e-07
6.5754e-07
6.6047e-07
6.6342e-07
6.6639e-07
6.6936e-07
6.7234e-07
6.7534e-07
6.7835e-07
6.8137e-07
6.844e-07
6.8744e-07
6.905e-07
6.9357e-07
6.9665e-07
6.9974e-07
7.0284e-07
7.0596e-07
7.0908e-07
7.1222e-07
7.1537e-07
7.1854e-07
7.2171e-07
7.249e-07
7.281e-07
7.3132e-07
7.3454e-07
7.3778e-07
7.4103e-07
7.4429e-07
7.4757e-07
7.5086e-07
7.5416e-07
7.5747e-07
7.608e-07
7.6414e-07
7.6749e-07
7.7086e-07
7.7423e-07
7.7762e-07
7.8103e-07
7.8445e-07
7.8788e-07
7.9132e-07
7.9477e-07
7.9824e-07
8.0173e-07
8.0522e-07
8.0873e-07
8.1225e-07
8.1579e-07
8.1934e-07
8.229e-07
8.2648e-07
8.3007e-07
8.3367e-07
8.3729e-07
8.4092e-07
8.4456e-07
8.4822e-07
8.5189e-07
8.5557e-07
8.5927e-07
8.6299e-07
8.6672e-07
8.7046e-07
8.7421e-07
8.7798e-07
8.8176e-07
8.8556e-07
8.8937e-07
8.932e-07
8.9704e-07
9.009e-07
9.0477e-07
9.0865e-07
9.1255e-07
9.1646e-07
9.2039e-07
9.2433e-07
9.2829e-07
9.3226e-07
9.3624e-07
9.4024e-07
9.4426e-07
9.4829e-07
9.5234e-07
9.564e-07
9.6047e-07
9.6456e-07
9.6867e-07
9.7279e-07
9.7692e-07
9.8108e-07
9.8524e-07
9.8942e-07
9.9362e-07
9.9783e-07
1.0021e-06
1.0063e-06
1.0106e-06
1.0148e-06
1.0191e-06
1.0234e-06
1.0278e-06
1.0321e-06
1.0364e-06
1.0408e-06
1.0452e-06
1.0496e-06
1.054e-06
1.0584e-06
1.0629e-06
1.0674e-06
1.0718e-06
1.0763e-06
1.0809e-06
1.0854e-06
1.0899e-06
1.0945e-06
1.0991e-06
1.1037e-06
1.1083e-06
1.1129e-06
1.1176e-06
1.1222e-06
1.1269e-06
1.1316e-06
1.1363e-06
1.141e-06
1.1458e-06
1.1505e-06
1.1553e-06
1.1601e-06
1.1649e-06
1.1698e-06
1.1746e-06
1.1795e-06
1.1844e-06
1.1893e-06
1.1942e-06
1.1991e-06
1.2041e-06
1.209e-06
1.214e-06
1.219e-06
1.2241e-06
1.2291e-06
1.2342e-06
1.2392e-06
1.2443e-06
1.2495e-06
1.2546e-06
1.2597e-06
1.2649e-06
1.2701e-06
1.2753e-06
1.2805e-06
1.2858e-06
1.291e-06
1.2963e-06
1.3016e-06
1.3069e-06
1.3122e-06
1.3176e-06
1.323e-06
1.3283e-06
1.3337e-06
1.3392e-06
1.3446e-06
1.3501e-06
1.3556e-06
1.3611e-06
1.3666e-06
1.3721e-06
1.3777e-06
1.3833e-06
1.3889e-06
1.3945e-06
1.4001e-06
1.4058e-06
1.4114e-06
1.4171e-06
1.4228e-06
1.4286e-06
1.4343e-06
1.4401e-06
1.4459e-06
1.4517e-06
1.4575e-06
1.4634e-06
1.4693e-06
1.4752e-06
1.4811e-06
1.487e-06
1.493e-06
1.4989e-06
1.5049e-06
1.5109e-06
1.517e-06
1.523e-06
1.5291e-06
1.5352e-06
1.5413e-06
1.5474e-06
1.5536e-06
1.5598e-06
1.566e-06
1.5722e-06
1.5784e-06
1.5847e-06
1.591e-06
1.5973e-06
1.6036e-06
1.61e-06
1.6163e-06
1.6227e-06
1.6291e-06
1.6356e-06
1.642e-06
1.6485e-06
1.655e-06
1.6615e-06
1.668e-06
1.6746e-06
1.6812e-06
1.6878e-06
1.6944e-06
1.701e-06
1.7077e-06
1.7144e-06
1.7211e-06
1.7279e-06
1.7346e-06
1.7414e-06
1.7482e-06
1.755e-06
1.7619e-06
1.7687e-06
1.7756e-06
1.7826e-06
1.7895e-06
1.7964e-06
1.8034e-06
1.8104e-06
1.8175e-06
1.8245e-06
1.8316e-06
1.8387e-06
1.8458e-06
1.853e-06
1.8601e-06
1.8673e-06
1.8745e-06
1.8818e-06
1.889e-06
1.8963e-06
1.9036e-06
1.9109e-06
1.9183e-06
1.9257e-06
1.9331e-06
1.9405e-06
1.948e-06
1.9554e-06
1.9629e-06
1.9704e-06
1.978e-06
1.9856e-06
1.9932e-06
2.0008e-06
2.0084e-06
2.0161e-06
2.0238e-06
2.0315e-06
2.0392e-06
2.047e-06
2.0548e-06
2.0626e-06
2.0704e-06
2.0783e-06
2.0862e-06
2.0941e-06
2.102e-06
2.11e-06
2.118e-06
2.126e-06
2.134e-06
2.1421e-06
2.1502e-06
2.1583e-06
2.1664e-06
2.1746e-06
2.1828e-06
2.191e-06
2.1993e-06
2.2075e-06
2.2158e-06
2.2241e-06
2.2325e-06
2.2409e-06
2.2493e-06
2.2577e-06
2.2661e-06
2.2746e-06
2.2831e-06
2.2916e-06
2.3002e-06
2.3088e-06
2.3174e-06
2.326e-06
2.3347e-06
2.3433e-06
2.3521e-06
2.3608e-06
2.3696e-06
2.3784e-06
2.3872e-06
2.396e-06
2.4049e-06
2.4138e-06
2.4227e-06
2.4317e-06
2.4407e-06
2.4497e-06
2.4587e-06
2.4678e-06
2.4769e-06
2.486e-06
2.4951e-06
2.5043e-06
2.5135e-06
2.5228e-06
2.532e-06
2.5413e-06
2.5506e-06
2.56e-06
2.5693e-06
2.5787e-06
2.5882e-06
2.5976e-06
2.6071e-06
2.6166e-06
2.6261e-06
2.6357e-06
2.6453e-06
2.6549e-06
2.6646e-06
2.6743e-06
2.684e-06
2.6937e-06
2.7035e-06
2.7133e-06
2.7231e-06
2.733e-06
2.7429e-06
2.7528e-06
2.7627e-06
2.7727e-06
2.7827e-06
2.7927e-06
2.8028e-06
2.8129e-06
2.823e-06
2.8331e-06
2.8433e-06
2.8535e-06
2.8638e-06
2.874e-06
2.8843e-06
2.8947e-06
2.905e-06
2.9154e-06
2.9258e-06
2.9363e-06
2.9468e-06
2.9573e-06
2.9678e-06
2.9784e-06
2.989e-06
2.9996e-06
3.0103e-06
3.021e-06
3.0317e-06
3.0424e-06
3.0532e-06
3.064e-06
3.0749e-06
3.0858e-06
3.0967e-06
3.1076e-06
3.1186e-06
3.1296e-06
3.1406e-06
3.1517e-06
3.1628e-06
3.1739e-06
3.1851e-06
3.1962e-06
3.2075e-06
3.2187e-06
3.23e-06
3.2413e-06
3.2527e-06
3.264e-06
3.2755e-06
3.2869e-06
3.2984e-06
3.3099e-06
3.3214e-06
3.333e-06
3.3446e-06
3.3562e-06
3.3679e-06
3.3796e-06
3.3914e-06
3.4031e-06
3.4149e-06
3.4268e-06
3.4386e-06
3.4505e-06
3.4624e-06
3.4744e-06
3.4864e-06
3.4984e-06
3.5105e-06
3.5226e-06
3.5347e-06
3.5469e-06
3.5591e-06
3.5713e-06
3.5836e-06
3.5959e-06
3.6082e-06
3.6206e-06
3.633e-06
3.6454e-06
3.6579e-06
3.6704e-06
3.6829e-06
3.6955e-06
3.7081e-06
3.7207e-06
3.7334e-06
3.7461e-06
3.7588e-06
3.7716e-06
3.7844e-06
3.7972e-06
3.8101e-06
3.823e-06
3.8359e-06
3.8489e-06
3.8619e-06
3.875e-06
3.8881e-06
3.9012e-06
3.9143e-06
3.9275e-06
3.9407e-06
3.954e-06
3.9673e-06
3.9806e-06
3.994e-06
4.0074e-06
4.0208e-06
4.0343e-06
4.0478e-06
4.0613e-06
4.0749e-06
4.0885e-06
4.1021e-06
4.1158e-06
4.1295e-06
4.1433e-06
4.1571e-06
4.1709e-06
4.1847e-06
4.1986e-06
4.2126e-06
4.2265e-06
4.2405e-06
4.2546e-06
4.2686e-06
4.2828e-06
4.2969e-06
4.3111e-06
4.3253e-06
4.3396e-06
4.3539e-06
4.3682e-06
4.3826e-06
4.397e-06
4.4114e-06
4.4259e-06
4.4404e-06
4.4549e-06
4.4695e-06
4.4842e-06
4.4988e-06
4.5135e-06
4.5282e-06
4.543e-06
4.5578e-06
4.5727e-06
4.5876e-06
4.6025e-06
4.6174e-06
4.6324e-06
4.6475e-06
4.6626e-06
4.6777e-06
4.6928e-06
4.708e-06
4.7232e-06
4.7385e-06
4.7538e-06
4.7691e-06
4.7845e-06
4.7999e-06
4.8154e-06
4.8308e-06
4.8464e-06
4.8619e-06
4.8775e-06
4.8932e-06
4.9089e-06
4.9246e-06
4.9403e-06
4.9561e-06
4.972e-06
4.9878e-06
5.0038e-06
5.0197e-06
5.0357e-06
5.0517e-06
5.0678e-06
5.0839e-06
5.1e-06
5.1162e-06
5.1325e-06
5.1487e-06
5.165e-06
5.1814e-06
5.1977e-06
5.2142e-06
5.2306e-06
5.2471e-06
5.2636e-06
5.2802e-06
5.2968e-06
5.3135e-06
5.3302e-06
5.3469e-06
5.3637e-06
5.3805e-06
5.3974e-06
5.4143e-06
5.4312e-06
5.4482e-06
5.4652e-06
5.4822e-06
5.4993e-06
5.5165e-06
5.5336e-06
5.5508e-06
5.5681e-06
5.5854e-06
5.6027e-06
5.6201e-06
5.6375e-06
5.655e-06
5.6725e-06
5.69e-06
5.7076e-06
5.7252e-06
5.7428e-06
5.7605e-06
5.7783e-06
5.7961e-06
5.8139e-06
5.8317e-06
5.8496e-06
5.8676e-06
5.8856e-06
5.9036e-06
5.9216e-06
5.9398e-06
5.9579e-06
5.9761e-06
5.9943e-06
6.0126e-06
6.0309e-06
6.0492e-06
6.0676e-06
6.0861e-06
6.1046e-06
6.1231e-06
6.1416e-06
6.1602e-06
6.1789e-06
6.1976e-06
6.2163e-06
6.235e-06
6.2539e-06
6.2727e-06
6.2916e-06
6.3105e-06
6.3295e-06
6.3485e-06
6.3676e-06
6.3867e-06
6.4058e-06
6.425e-06
6.4442e-06
6.4635e-06
6.4828e-06
6.5022e-06
6.5216e-06
6.541e-06
6.5605e-06
6.58e-06
6.5996e-06
6.6192e-06
6.6388e-06
6.6585e-06
6.6782e-06
6.698e-06
6.7178e-06
6.7377e-06
6.7576e-06
6.7775e-06
6.7975e-06
6.8176e-06
6.8376e-06
6.8577e-06
6.8779e-06
6.8981e-06
6.9184e-06
6.9386e-06
6.959e-06
6.9793e-06
6.9998e-06
7.0202e-06
7.0407e-06
7.0613e-06
7.0818e-06
7.1025e-06
7.1231e-06
7.1439e-06
7.1646e-06
7.1854e-06
7.2063e-06
7.2271e-06
7.2481e-06
7.269e-06
7.2901e-06
7.3111e-06
7.3322e-06
7.3534e-06
7.3746e-06
7.3958e-06
7.4171e-06
7.4384e-06
7.4598e-06
7.4812e-06
7.5026e-06
7.5241e-06
7.5456e-06
7.5672e-06
7.5888e-06
7.6105e-06
7.6322e-06
7.654e-06
7.6758e-06
7.6976e-06
7.7195e-06
7.7414e-06
7.7634e-06
7.7854e-06
7.8075e-06
7.8296e-06
7.8517e-06
7.8739e-06
7.8961e-06
7.9184e-06
7.9407e-06
7.9631e-06
7.9855e-06
8.008e-06
8.0305e-06
8.053e-06
8.0756e-06
8.0982e-06
8.1209e-06
8.1436e-06
8.1664e-06
8.1892e-06
8.212e-06
8.2349e-06
8.2578e-06
8.2808e-06
8.3038e-06
8.3269e-06
8.35e-06
8.3732e-06
8.3964e-06
8.4196e-06
8.4429e-06
8.4662e-06
8.4896e-06
8.513e-06
8.5365e-06
8.56e-06
8.5836e-06
8.6072e-06
8.6308e-06
8.6545e-06
8.6782e-06
8.702e-06
8.7258e-06
8.7497e-06
8.7736e-06
8.7975e-06
8.8215e-06
8.8456e-06
8.8696e-06
8.8938e-06
8.9179e-06
8.9421e-06
8.9664e-06
8.9907e-06
9.0151e-06
9.0394e-06
9.0639e-06
9.0884e-06
9.1129e-06
9.1375e-06
9.1621e-06
9.1867e-06
9.2114e-06
9.2362e-06
9.261e-06
9.2858e-06
9.3107e-06
9.3356e-06
9.3606e-06
9.3856e-06
9.4106e-06
9.4357e-06
9.4609e-06
9.4861e-06
9.5113e-06
9.5366e-06
9.5619e-06
9.5873e-06
9.6127e-06
9.6381e-06
9.6636e-06
9.6892e-06
9.7147e-06
9.7404e-06
9.766e-06
9.7918e-06
9.8175e-06
9.8433e-06
9.8692e-06
9.8951e-06
9.921e-06
9.947e-06
9.973e-06
9.9991e-06
1.0025e-05
1.0051e-05
1.0078e-05
1.0104e-05
1.013e-05
1.0156e-05
1.0183e-05
1.0209e-05
1.0236e-05
1.0262e-05
1.0289e-05
1.0315e-05
1.0342e-05
1.0369e-05
1.0395e-05
1.0422e-05
1.0449e-05
1.0476e-05
1.0503e-05
1.053e-05
1.0557e-05
1.0584e-05
1.0611e-05
1.0638e-05
1.0665e-05
1.0692e-05
1.072e-05
1.0747e-05
1.0774e-05
1.0802e-05
1.0829e-05
1.0857e-05
1.0884e-05
1.0912e-05
1.0939e-05
1.0967e-05
1.0995e-05
1.1022e-05
1.105e-05
1.1078e-05
1.1106e-05
1.1134e-05
1.1162e-05
1.119e-05
1.1218e-05
1.1246e-05
1.1274e-05
1.1302e-05
1.133e-05
1.1358e-05
1.1387e-05
1.1415e-05
1.1443e-05
1.1472e-05
1.15e-05
1.1529e-05
1.1557e-05
1.1586e-05
1.1615e-05
1.1643e-05
1.1672e-05
1.1701e-05
1.173e-05
1.1759e-05
1.1787e-05
1.1816e-05
1.1845e-05
1.1874e-05
1.1903e-05
1.1933e-05
1.1962e-05
1.1991e-05
1.202e-05
1.2049e-05
1.2079e-05
1.2108e-05
1.2137e-05
1.2167e-05
1.2196e-05
1.2226e-05
1.2256e-05
1.2285e-05
1.2315e-05
1.2345e-05
1.2374e-05
1.2404e-05
1.2434e-05
1.2464e-05
1.2494e-05
1.2524e-05
1.2554e-05
1.2584e-05
1.2614e-05
1.2644e-05
1.2674e-05
1.2704e-05
1.2734e-05
1.2765e-05
1.2795e-05
1.2825e-05
1.2856e-05
1.2886e-05
1.2917e-05
1.2947e-05
1.2978e-05
1.3008e-05
1.3039e-05
1.307e-05
1.31e-05
1.3131e-05
1.3162e-05
1.3193e-05
1.3224e-05
1.3255e-05
1.3286e-05
1.3317e-05
1.3348e-05
1.3379e-05
1.341e-05
1.3441e-05
1.3472e-05
1.3504e-05
1.3535e-05
1.3566e-05
1.3598e-05
1.3629e-05
1.3661e-05
1.3692e-05
1.3724e-05
1.3755e-05
1.3787e-05
1.3818e-05
1.385e-05
1.3882e-05
1.3914e-05
1.3945e-05
1.3977e-05
1.4009e-05
1.4041e-05
1.4073e-05
1.4105e-05
1.4137e-05
1.4169e-05
1.4201e-05
1.4234e-05
1.4266e-05
1.4298e-05
1.433e-05
1.4363e-05
1.4395e-05
1.4427e-05
1.446e-05
1.4492e-05
1.4525e-05
1.4557e-05
1.459e-05
1.4623e-05
1.4655e-05
1.4688e-05
1.4721e-05
1.4753e-05
1.4786e-05
1.4819e-05
1.4852e-05
1.4885e-05
1.4918e-05
1.4951e-05
1.4984e-05
1.5017e-05
1.505e-05
1.5083e-05
1.5116e-05
1.515e-05
1.5183e-05
1.5216e-05
1.5249e-05
1.5283e-05
1.5316e-05
1.535e-05
1.5383e-05
1.5417e-05
1.545e-05
1.5484e-05
1.5517e-05
1.5551e-05
1.5585e-05
1.5618e-05
1.5652e-05
1.5686e-05
1.572e-05
1.5754e-05
1.5787e-05
1.5821e-05
1.5855e-05
1.5889e-05
1.5923e-05
1.5957e-05
1.5992e-05
1.6026e-05
1.606e-05
1.6094e-05
1.6128e-05
1.6163e-05
1.6197e-05
1.6231e-05
1.6266e-05
1.63e-05
1.6334e-05
1.6369e-05
1.6403e-05
1.6438e-05
1.6473e-05
1.6507e-05
1.6542e-05
1.6576e-05
1.6611e-05
1.6646e-05
1.6681e-05
1.6716e-05
1.675e-05
1.6785e-05
1.682e-05
1.6855e-05
1.689e-05
1.6925e-05
1.696e-05
1.6995e-05
1.703e-05
1.7065e-05
1.71e-05
1.7136e-05
1.7171e-05
1.7206e-05
1.7241e-05
1.7277e-05
1.7312e-05
1.7347e-05
1.7383e-05
1.7418e-05
1.7454e-05
1.7489e-05
1.7525e-05
1.756e-05
1.7596e-05
1.7631e-05
1.7667e-05
1.7703e-05
1.7739e-05
1.7774e-05
1.781e-05
1.7846e-05
1.7882e-05
1.7917e-05
1.7953e-05
1.7989e-05
1.8025e-05
1.8061e-05
1.8097e-05
1.8133e-05
1.8169e-05
1.8205e-05
1.8241e-05
1.8277e-05
1.8314e-05
1.835e-05
1.8386e-05
1.8422e-05
1.8459e-05
1.8495e-05
1.8531e-05
1.8567e-05
1.8604e-05
1.864e-05
1.8677e-05
1.8713e-05
1.875e-05
1.8786e-05
1.8823e-05
1.8859e-05
1.8896e-05
1.8932e-05
1.8969e-05
1.9006e-05
1.9042e-05
1.9079e-05
1.9116e-05
1.9153e-05
1.9189e-05
1.9226e-05
1.9263e-05
1.93e-05
1.9337e-05
1.9374e-05
1.9411e-05
1.9447e-05
1.9484e-05
1.9521e-05
1.9558e-05
1.9595e-05
1.9633e-05
1.967e-05
1.9707e-05
1.9744e-05
1.9781e-05
1.9818e-05
1.9855e-05
1.9893e-05
1.993e-05
1.9967e-05
2.0004e-05
2.0042e-05
2.0079e-05
2.0116e-05
2.0154e-05
2.0191e-05
2.0229e-05
2.0266e-05
2.0303e-05
2.0341e-05
2.0378e-05
2.0416e-05
2.0454e-05
2.0491e-05
2.0529e-05
2.0566e-05
2.0604e-05
2.0641e-05
2.0679e-05
2.0717e-05
2.0754e-05
2.0792e-05
2.083e-05
2.0868e-05
2.0905e-05
2.0943e-05
2.0981e-05
2.1019e-05
2.1057e-05
2.1095e-05
2.1132e-05
2.117e-05
2.1208e-05
2.1246e-05
2.1284e-05
2.1322e-05
2.136e-05
2.1398e-05
2.1436e-05
2.1474e-05
2.1512e-05
2.155e-05
2.1588e-05
2.1626e-05
2.1664e-05
2.1702e-05
2.174e-05
2.1779e-05
2.1817e-05
2.1855e-05
2.1893e-05
2.1931e-05
2.197e-05
2.2008e-05
2.2046e-05
2.2084e-05
2.2122e-05
2.2161e-05
2.2199e-05
2.2237e-05
2.2276e-05
2.2314e-05
2.2352e-05
2.2391e-05
2.2429e-05
2.2467e-05
2.2506e-05
2.2544e-05
2.2583e-05
2.2621e-05
2.2659e-05
2.2698e-05
2.2736e-05
2.2775e-05
2.2813e-05
2.2852e-05
2.289e-05
2.2929e-05
2.2967e-05
2.3006e-05
2.3044e-05
2.3083e-05
2.3121e-05
2.316e-05
2.3199e-05
2.3237e-05
2.3276e-05
2.3314e-05
2.3353e-05
2.3391e-05
2.343e-05
2.3469e-05
2.3507e-05
2.3546e-05
2.3585e-05
2.3623e-05
2.3662e-05
2.3701e-05
2.3739e-05
2.3778e-05
2.3817e-05
2.3855e-05
2.3894e-05
2.3933e-05
2.3971e-05
2.401e-05
2.4049e-05
2.4088e-05
2.4126e-05
2.4165e-05
2.4204e-05
2.4242e-05
2.4281e-05
2.432e-05
2.4359e-05
2.4397e-05
2.4436e-05
2.4475e-05
2.4514e-05
2.4552e-05
2.4591e-05
2.463e-05
2.4669e-05
2.4707e-05
2.4746e-05
2.4785e-05
2.4824e-05
2.4862e-05
2.4901e-05
2.494e-05
2.4979e-05
2.5018e-05
2.5056e-05
2.5095e-05
2.5134e-05
2.5173e-05
2.5211e-05
2.525e-05
2.5289e-05
2.5328e-05
2.5366e-05
2.5405e-05
2.5444e-05
2.5483e-05
2.5521e-05
2.556e-05
2.5599e-05
2.5638e-05
2.5676e-05
2.5715e-05
2.5754e-05
2.5793e-05
2.5831e-05
2.587e-05
2.5909e-05
2.5948e-05
2.5986e-05
2.6025e-05
2.6064e-05
2.6102e-05
2.6141e-05
2.618e-05
2.6218e-05
2.6257e-05
2.6296e-05
2.6334e-05
2.6373e-05
2.6412e-05
2.645e-05
2.6489e-05
2.6528e-05
2.6566e-05
2.6605e-05
2.6643e-05
2.6682e-05
2.6721e-05
2.6759e-05
2.6798e-05
2.6836e-05
2.6875e-05
2.6913e-05
2.6952e-05
2.699e-05
2.7029e-05
2.7067e-05
2.7106e-05
2.7144e-05
2.7183e-05
2.7221e-05
2.726e-05
2.7298e-05
2.7337e-05
2.7375e-05
2.7413e-05
2.7452e-05
2.749e-05
2.7529e-05
2.7567e-05
2.7605e-05
2.7644e-05
2.7682e-05
2.772e-05
2.7759e-05
2.7797e-05
2.7835e-05
2.7873e-05
2.7912e-05
2.795e-05
2.7988e-05
2.8026e-05
2.8064e-05
2.8102e-05
2.8141e-05
2.8179e-05
2.8217e-05
2.8255e-05
2.8293e-05
2.8331e-05
2.8369e-05
2.8407e-05
2.8445e-05
2.8483e-05
2.8521e-05
2.8559e-05
2.8597e-05
2.8635e-05
2.8673e-05
2.8711e-05
2.8748e-05
2.8786e-05
2.8824e-05
2.8862e-05
2.89e-05
2.8937e-05
2.8975e-05
2.9013e-05
2.9051e-05
2.9088e-05
2.9126e-05
2.9164e-05
2.9201e-05
2.9239e-05
2.9276e-05
2.9314e-05
2.9351e-05
2.9389e-05
2.9426e-05
2.9464e-05
2.9501e-05
2.9539e-05
2.9576e-05
2.9613e-05
2.9651e-05
2.9688e-05
2.9725e-05
2.9763e-05
2.98e-05
2.9837e-05
2.9874e-05
2.9911e-05
2.9949e-05
2.9986e-05
3.0023e-05
3.006e-05
3.0097e-05
3.0134e-05
3.0171e-05
3.0208e-05
3.0245e-05
3.0282e-05
3.0319e-05
3.0355e-05
3.0392e-05
3.0429e-05
3.0466e-05
3.0502e-05
3.0539e-05
3.0576e-05
3.0612e-05
3.0649e-05
3.0686e-05
3.0722e-05
3.0759e-05
3.0795e-05
3.0832e-05
3.0868e-05
3.0904e-05
3.0941e-05
3.0977e-05
3.1013e-05
3.105e-05
3.1086e-05
3.1122e-05
3.1158e-05
3.1194e-05
3.1231e-05
3.1267e-05
3.1303e-05
3.1339e-05
3.1375e-05
3.1411e-05
3.1446e-05
3.1482e-05
3.1518e-05
3.1554e-05
3.159e-05
3.1625e-05
3.1661e-05
3.1697e-05
3.1732e-05
3.1768e-05
3.1804e-05
3.1839e-05
3.1875e-05
3.191e-05
3.1945e-05
3.1981e-05
3.2016e-05
3.2051e-05
3.2087e-05
3.2122e-05
3.2157e-05
3.2192e-05
3.2227e-05
3.2262e-05
3.2297e-05
3.2332e-05
3.2367e-05
3.2402e-05
3.2437e-05
3.2472e-05
3.2506e-05
3.2541e-05
3.2576e-05
3.261e-05
3.2645e-05
3.268e-05
3.2714e-05
3.2749e-05
3.2783e-05
3.2817e-05
3.2852e-05
3.2886e-05
3.292e-05
3.2955e-05
3.2989e-05
3.3023e-05
3.3057e-05
3.3091e-05
3.3125e-05
3.3159e-05
3.3193e-05
3.3227e-05
3.3261e-05
3.3294e-05
3.3328e-05
3.3362e-05
3.3395e-05
3.3429e-05
3.3463e-05
3.3496e-05
3.3529e-05
3.3563e-05
3.3596e-05
3.363e-05
3.3663e-05
3.3696e-05
3.3729e-05
3.3762e-05
3.3795e-05
3.3828e-05
3.3861e-05
3.3894e-05
3.3927e-05
3.396e-05
3.3993e-05
3.4025e-05
3.4058e-05
3.4091e-05
3.4123e-05
3.4156e-05
3.4188e-05
3.4221e-05
3.4253e-05
3.4285e-05
3.4318e-05
3.435e-05
3.4382e-05
3.4414e-05
3.4446e-05
3.4478e-05
3.451e-05
3.4542e-05
3.4574e-05
3.4606e-05
3.4637e-05
3.4669e-05
3.4701e-05
3.4732e-05
3.4764e-05
3.4795e-05
3.4826e-05
3.4858e-05
3.4889e-05
3.492e-05
3.4952e-05
3.4983e-05
3.5014e-05
3.5045e-05
3.5076e-05
3.5107e-05
3.5137e-05
3.5168e-05
3.5199e-05
3.523e-05
3.526e-05
3.5291e-05
3.5321e-05
3.5352e-05
3.5382e-05
3.5412e-05
3.5443e-05
3.5473e-05
3.5503e-05
3.5533e-05
3.5563e-05
3.5593e-05
3.5623e-05
3.5653e-05
3.5682e-05
3.5712e-05
3.5742e-05
3.5771e-05
3.5801e-05
3.583e-05
3.586e-05
3.5889e-05
3.5918e-05
3.5948e-05
3.5977e-05
3.6006e-05
3.6035e-05
3.6064e-05
3.6093e-05
3.6122e-05
3.615e-05
3.6179e-05
3.6208e-05
3.6236e-05
3.6265e-05
3.6293e-05
3.6322e-05
3.635e-05
3.6378e-05
3.6406e-05
3.6434e-05
3.6462e-05
3.649e-05
3.6518e-05
3.6546e-05
3.6574e-05
3.6602e-05
3.6629e-05
3.6657e-05
3.6685e-05
3.6712e-05
3.6739e-05
3.6767e-05
3.6794e-05
3.6821e-05
3.6848e-05
3.6875e-05
3.6902e-05
3.6929e-05
3.6956e-05
3.6983e-05
3.701e-05
3.7036e-05
3.7063e-05
3.7089e-05
3.7116e-05
3.7142e-05
3.7168e-05
3.7194e-05
3.7221e-05
3.7247e-05
3.7273e-05
3.7299e-05
3.7324e-05
3.735e-05
3.7376e-05
3.7402e-05
3.7427e-05
3.7453e-05
3.7478e-05
3.7503e-05
3.7529e-05
3.7554e-05
3.7579e-05
3.7604e-05
3.7629e-05
3.7654e-05
3.7679e-05
3.7703e-05
3.7728e-05
3.7753e-05
3.7777e-05
3.7802e-05
3.7826e-05
3.785e-05
3.7875e-05
3.7899e-05
3.7923e-05
3.7947e-05
3.7971e-05
3.7995e-05
3.8018e-05
3.8042e-05
3.8066e-05
3.8089e-05
3.8113e-05
3.8136e-05
3.816e-05
3.8183e-05
3.8206e-05
3.8229e-05
3.8252e-05
3.8275e-05
3.8298e-05
3.8321e-05
3.8343e-05
3.8366e-05
3.8388e-05
3.8411e-05
3.8433e-05
3.8455e-05
3.8478e-05
3.85e-05
3.8522e-05
3.8544e-05
3.8566e-05
3.8588e-05
3.8609e-05
3.8631e-05
3.8653e-05
3.8674e-05
3.8695e-05
3.8717e-05
3.8738e-05
3.8759e-05
3.878e-05
3.8801e-05
3.8822e-05
3.8843e-05
3.8864e-05
3.8884e-05
3.8905e-05
3.8926e-05
3.8946e-05
3.8966e-05
3.8987e-05
3.9007e-05
3.9027e-05
3.9047e-05
3.9067e-05
3.9087e-05
3.9106e-05
3.9126e-05
3.9146e-05
3.9165e-05
3.9185e-05
3.9204e-05
3.9223e-05
3.9242e-05
3.9261e-05
3.928e-05
3.9299e-05
3.9318e-05
3.9337e-05
3.9356e-05
3.9374e-05
3.9393e-05
3.9411e-05
3.9429e-05
3.9448e-05
3.9466e-05
3.9484e-05
3.9502e-05
3.952e-05
3.9537e-05
3.9555e-05
3.9573e-05
3.959e-05
3.9608e-05
3.9625e-05
3.9642e-05
3.966e-05
3.9677e-05
3.9694e-05
3.9711e-05
3.9727e-05
3.9744e-05
3.9761e-05
3.9777e-05
3.9794e-05
3.981e-05
3.9827e-05
3.9843e-05
3.9859e-05
3.9875e-05
3.9891e-05
3.9907e-05
3.9922e-05
3.9938e-05
3.9954e-05
3.9969e-05
3.9985e-05
4e-05
4.0015e-05
4.003e-05
4.0045e-05
4.006e-05
4.0075e-05
4.009e-05
4.0105e-05
4.0119e-05
4.0134e-05
4.0148e-05
4.0162e-05
4.0177e-05
4.0191e-05
4.0205e-05
4.0219e-05
4.0232e-05
4.0246e-05
4.026e-05
4.0273e-05
4.0287e-05
4.03e-05
4.0314e-05
4.0327e-05
4.034e-05
4.0353e-05
4.0366e-05
4.0379e-05
4.0392e-05
4.0404e-05
4.0417e-05
4.0429e-05
4.0442e-05
4.0454e-05
4.0466e-05
4.0478e-05
4.049e-05
4.0502e-05
4.0514e-05
4.0526e-05
4.0537e-05
4.0549e-05
4.056e-05
4.0571e-05
4.0583e-05
4.0594e-05
4.0605e-05
4.0616e-05
4.0627e-05
4.0638e-05
4.0648e-05
4.0659e-05
4.0669e-05
4.068e-05
4.069e-05
4.07e-05
4.071e-05
4.072e-05
4.073e-05
4.074e-05
4.075e-05
4.0759e-05
4.0769e-05
4.0778e-05
4.0788e-05
4.0797e-05
4.0806e-05
4.0815e-05
4.0824e-05
4.0833e-05
4.0842e-05
4.085e-05
4.0859e-05
4.0867e-05
4.0876e-05
4.0884e-05
4.0892e-05
4.09e-05
4.0908e-05
4.0916e-05
4.0924e-05
4.0932e-05
4.0939e-05
4.0947e-05
4.0954e-05
4.0962e-05
4.0969e-05
4.0976e-05
4.0983e-05
4.099e-05
4.0997e-05
4.1003e-05
4.101e-05
4.1017e-05
4.1023e-05
4.1029e-05
4.1036e-05
4.1042e-05
4.1048e-05
4.1054e-05
4.106e-05
4.1065e-05
4.1071e-05
4.1077e-05
4.1082e-05
4.1087e-05
4.1093e-05
4.1098e-05
4.1103e-05
4.1108e-05
4.1113e-05
4.1117e-05
4.1122e-05
4.1127e-05
4.1131e-05
4.1136e-05
4.114e-05
4.1144e-05
4.1148e-05
4.1152e-05
4.1156e-05
4.116e-05
4.1163e-05
4.1167e-05
4.1171e-05
4.1174e-05
4.1177e-05
4.118e-05
4.1184e-05
4.1187e-05
4.1189e-05
4.1192e-05
4.1195e-05
4.1198e-05
4.12e-05
4.1202e-05
4.1205e-05
4.1207e-05
4.1209e-05
4.1211e-05
4.1213e-05
4.1215e-05
4.1217e-05
4.1218e-05
4.122e-05
4.1221e-05
4.1222e-05
4.1224e-05
4.1225e-05
4.1226e-05
4.1227e-05
4.1227e-05
4.1228e-05
4.1229e-05
4.1229e-05
4.123e-05
4.123e-05
4.123e-05
4.123e-05
4.1231e-05
4.123e-05
4.123e-05
4.123e-05
4.123e-05
4.1229e-05
4.1229e-05
4.1228e-05
4.1227e-05
4.1226e-05
4.1225e-05
4.1224e-05
4.1223e-05
4.1222e-05
4.1221e-05
4.1219e-05
4.1218e-05
4.1216e-05
4.1214e-05
4.1212e-05
4.121e-05
4.1208e-05
4.1206e-05
4.1204e-05
4.1202e-05
4.1199e-05
4.1197e-05
4.1194e-05
4.1191e-05
4.1188e-05
4.1185e-05
4.1182e-05
4.1179e-05
4.1176e-05
4.1173e-05
4.1169e-05
4.1166e-05
4.1162e-05
4.1158e-05
4.1154e-05
4.1151e-05
4.1147e-05
4.1142e-05
4.1138e-05
4.1134e-05
4.1129e-05
4.1125e-05
4.112e-05
4.1116e-05
4.1111e-05
4.1106e-05
4.1101e-05
4.1096e-05
4.1091e-05
4.1085e-05
4.108e-05
4.1074e-05
4.1069e-05
4.1063e-05
4.1057e-05
4.1051e-05
4.1045e-05
4.1039e-05
4.1033e-05
4.1027e-05
4.102e-05
4.1014e-05
4.1007e-05
4.1001e-05
4.0994e-05
4.0987e-05
4.098e-05
4.0973e-05
4.0966e-05
4.0959e-05
4.0951e-05
4.0944e-05
4.0936e-05
4.0929e-05
4.0921e-05
4.0913e-05
4.0905e-05
4.0897e-05
4.0889e-05
4.0881e-05
4.0872e-05
4.0864e-05
4.0856e-05
4.0847e-05
4.0838e-05
4.0829e-05
4.082e-05
4.0811e-05
4.0802e-05
4.0793e-05
4.0784e-05
4.0775e-05
4.0765e-05
4.0756e-05
4.0746e-05
4.0736e-05
4.0726e-05
4.0716e-05
4.0706e-05
4.0696e-05
4.0686e-05
4.0676e-05
4.0665e-05
4.0655e-05
4.0644e-05
4.0633e-05
4.0622e-05
4.0612e-05
4.0601e-05
4.0589e-05
4.0578e-05
4.0567e-05
4.0556e-05
4.0544e-05
4.0533e-05
4.0521e-05
4.0509e-05
4.0497e-05
4.0485e-05
4.0473e-05
4.0461e-05
4.0449e-05
4.0437e-05
4.0424e-05
4.0412e-05
4.0399e-05
4.0386e-05
4.0374e-05
4.0361e-05
4.0348e-05
4.0335e-05
4.0322e-05
4.0308e-05
4.0295e-05
4.0282e-05
4.0268e-05
4.0254e-05
4.0241e-05
4.0227e-05
4.0213e-05
4.0199e-05
4.0185e-05
4.0171e-05
4.0157e-05
4.0142e-05
4.0128e-05
4.0113e-05
4.0099e-05
4.0084e-05
4.0069e-05
4.0054e-05
4.0039e-05
4.0024e-05
4.0009e-05
3.9994e-05
3.9978e-05
3.9963e-05
3.9947e-05
3.9932e-05
3.9916e-05
3.99e-05
3.9884e-05
3.9868e-05
3.9852e-05
3.9836e-05
3.982e-05
3.9804e-05
3.9787e-05
3.9771e-05
3.9754e-05
3.9737e-05
3.9721e-05
3.9704e-05
3.9687e-05
3.967e-05
3.9653e-05
3.9635e-05
3.9618e-05
3.9601e-05
3.9583e-05
3.9566e-05
3.9548e-05
3.953e-05
3.9513e-05
3.9495e-05
3.9477e-05
3.9459e-05
3.944e-05
3.9422e-05
3.9404e-05
3.9385e-05
3.9367e-05
3.9348e-05
3.9329e-05
3.9311e-05
3.9292e-05
3.9273e-05
3.9254e-05
3.9235e-05
3.9216e-05
3.9196e-05
3.9177e-05
3.9157e-05
3.9138e-05
3.9118e-05
3.9099e-05
3.9079e-05
3.9059e-05
3.9039e-05
3.9019e-05
3.8999e-05
3.8979e-05
3.8958e-05
3.8938e-05
3.8917e-05
3.8897e-05
3.8876e-05
3.8856e-05
3.8835e-05
3.8814e-05
3.8793e-05
3.8772e-05
3.8751e-05
3.873e-05
3.8708e-05
3.8687e-05
3.8665e-05
3.8644e-05
3.8622e-05
3.8601e-05
3.8579e-05
3.8557e-05
3.8535e-05
3.8513e-05
3.8491e-05
3.8469e-05
3.8447e-05
3.8424e-05
3.8402e-05
3.8379e-05
3.8357e-05
3.8334e-05
3.8311e-05
3.8289e-05
3.8266e-05
3.8243e-05
3.822e-05
3.8197e-05
3.8174e-05
3.815e-05
3.8127e-05
3.8103e-05
3.808e-05
3.8056e-05
3.8033e-05
3.8009e-05
3.7985e-05
3.7961e-05
3.7937e-05
3.7913e-05
3.7889e-05
3.7865e-05
3.7841e-05
3.7816e-05
3.7792e-05
3.7768e-05
3.7743e-05
3.7718e-05
3.7694e-05
3.7669e-05
3.7644e-05
3.7619e-05
3.7594e-05
3.7569e-05
3.7544e-05
3.7519e-05
3.7493e-05
3.7468e-05
3.7442e-05
3.7417e-05
3.7391e-05
3.7366e-05
3.734e-05
3.7314e-05
3.7288e-05
3.7262e-05
3.7236e-05
3.721e-05
3.7184e-05
3.7158e-05
3.7131e-05
3.7105e-05
3.7079e-05
3.7052e-05
3.7026e-05
3.6999e-05
3.6972e-05
3.6945e-05
3.6918e-05
3.6892e-05
3.6865e-05
3.6837e-05
3.681e-05
3.6783e-05
3.6756e-05
3.6728e-05
3.6701e-05
3.6674e-05
3.6646e-05
3.6618e-05
3.6591e-05
3.6563e-05
3.6535e-05
3.6507e-05
3.6479e-05
3.6451e-05
3.6423e-05
3.6395e-05
3.6367e-05
3.6339e-05
3.631e-05
3.6282e-05
3.6253e-05
3.6225e-05
3.6196e-05
3.6168e-05
3.6139e-05
3.611e-05
3.6081e-05
3.6052e-05
3.6023e-05
3.5994e-05
3.5965e-05
3.5936e-05
3.5907e-05
3.5877e-05
3.5848e-05
3.5819e-05
3.5789e-05
3.576e-05
3.573e-05
3.57e-05
3.5671e-05
3.5641e-05
3.5611e-05
3.5581e-05
3.5551e-05
3.5521e-05
3.5491e-05
3.5461e-05
3.543e-05
3.54e-05
3.537e-05
3.5339e-05
3.5309e-05
3.5279e-05
3.5248e-05
3.5217e-05
3.5187e-05
3.5156e-05
3.5125e-05
3.5094e-05
3.5063e-05
3.5032e-05
3.5001e-05
3.497e-05
3.4939e-05
3.4908e-05
3.4877e-05
3.4845e-05
3.4814e-05
3.4783e-05
3.4751e-05
3.472e-05
3.4688e-05
3.4656e-05
3.4625e-05
3.4593e-05
3.4561e-05
3.4529e-05
3.4497e-05
3.4465e-05
3.4433e-05
3.4401e-05
3.4369e-05
3.4337e-05
3.4305e-05
3.4272e-05
3.424e-05
3.4208e-05
3.4175e-05
3.4143e-05
3.411e-05
3.4078e-05
3.4045e-05
3.4012e-05
3.398e-05
3.3947e-05
3.3914e-05
3.3881e-05
3.3848e-05
3.3815e-05
3.3782e-05
3.3749e-05
3.3716e-05
3.3683e-05
3.365e-05
3.3616e-05
3.3583e-05
3.355e-05
3.3516e-05
3.3483e-05
3.3449e-05
3.3416e-05
3.3382e-05
3.3348e-05
3.3315e-05
3.3281e-05
3.3247e-05
3.3213e-05
3.3179e-05
3.3145e-05
3.3111e-05
3.3077e-05
3.3043e-05
3.3009e-05
3.2975e-05
3.2941e-05
3.2907e-05
3.2872e-05
3.2838e-05
3.2804e-05
3.2769e-05
3.2735e-05
3.27e-05
3.2666e-05
3.2631e-05
3.2597e-05
3.2562e-05
3.2527e-05
3.2493e-05
3.2458e-05
3.2423e-05
3.2388e-05
3.2353e-05
3.2318e-05
3.2283e-05
3.2248e-05
3.2213e-05
3.2178e-05
3.2143e-05
3.2108e-05
3.2072e-05
3.2037e-05
3.2002e-05
3.1967e-05
3.1931e-05
3.1896e-05
3.186e-05
3.1825e-05
3.1789e-05
3.1754e-05
3.1718e-05
3.1683e-05
3.1647e-05
3.1611e-05
3.1575e-05
3.154e-05
3.1504e-05
3.1468e-05
3.1432e-05
3.1396e-05
3.136e-05
3.1324e-05
3.1288e-05
3.1252e-05
3.1216e-05
3.118e-05
3.1144e-05
3.1108e-05
3.1071e-05
3.1035e-05
3.0999e-05
3.0963e-05
3.0926e-05
3.089e-05
3.0854e-05
3.0817e-05
3.0781e-05
3.0744e-05
3.0708e-05
3.0671e-05
3.0634e-05
3.0598e-05
3.0561e-05
3.0524e-05
3.0488e-05
3.0451e-05
3.0414e-05
3.0377e-05
3.0341e-05
3.0304e-05
3.0267e-05
3.023e-05
3.0193e-05
3.0156e-05
3.0119e-05
3.0082e-05
3.0045e-05
3.0008e-05
2.9971e-05
2.9934e-05
2.9897e-05
2.9859e-05
2.9822e-05
2.9785e-05
2.9748e-05
2.9711e-05
2.9673e-05
2.9636e-05
2.9599e-05
2.9561e-05
2.9524e-05
2.9486e-05
2.9449e-05
2.9411e-05
2.9374e-05
2.9336e-05
2.9299e-05
2.9261e-05
2.9224e-05
2.9186e-05
2.9149e-05
2.9111e-05
2.9073e-05
2.9036e-05
2.8998e-05
2.896e-05
2.8922e-05
2.8885e-05
2.8847e-05
2.8809e-05
2.8771e-05
2.8733e-05
2.8696e-05
2.8658e-05
2.862e-05
2.8582e-05
2.8544e-05
2.8506e-05
2.8468e-05
2.843e-05
2.8392e-05
2.8354e-05
2.8316e-05
2.8278e-05
2.824e-05
2.8202e-05
2.8164e-05
2.8125e-05
2.8087e-05
2.8049e-05
2.8011e-05
2.7973e-05
2.7934e-05
2.7896e-05
2.7858e-05
2.782e-05
2.7782e-05
2.7743e-05
2.7705e-05
2.7667e-05
2.7628e-05
2.759e-05
2.7552e-05
2.7513e-05
2.7475e-05
2.7437e-05
2.7398e-05
2.736e-05
2.7321e-05
2.7283e-05
2.7244e-05
2.7206e-05
2.7168e-05
2.7129e-05
2.7091e-05
2.7052e-05
2.7014e-05
2.6975e-05
2.6937e-05
2.6898e-05
2.6859e-05
2.6821e-05
2.6782e-05
2.6744e-05
2.6705e-05
2.6667e-05
2.6628e-05
2.6589e-05
2.6551e-05
2.6512e-05
2.6474e-05
2.6435e-05
2.6396e-05
2.6358e-05
2.6319e-05
2.628e-05
2.6242e-05
2.6203e-05
2.6164e-05
2.6126e-05
2.6087e-05
2.6048e-05
2.6009e-05
2.5971e-05
2.5932e-05
2.5893e-05
2.5855e-05
2.5816e-05
2.5777e-05
2.5738e-05
2.57e-05
2.5661e-05
2.5622e-05
2.5583e-05
2.5545e-05
2.5506e-05
2.5467e-05
2.5428e-05
2.539e-05
2.5351e-05
2.5312e-05
2.5273e-05
2.5235e-05
2.5196e-05
2.5157e-05
2.5118e-05
2.508e-05
2.5041e-05
2.5002e-05
2.4963e-05
2.4925e-05
2.4886e-05
2.4847e-05
2.4808e-05
2.4769e-05
2.4731e-05
2.4692e-05
2.4653e-05
2.4614e-05
2.4576e-05
2.4537e-05
2.4498e-05
2.4459e-05
2.4421e-05
2.4382e-05
2.4343e-05
2.4304e-05
2.4266e-05
2.4227e-05
2.4188e-05
2.4149e-05
2.4111e-05
2.4072e-05
2.4033e-05
2.3995e-05
2.3956e-05
2.3917e-05
2.3879e-05
2.384e-05
2.3801e-05
2.3762e-05
2.3724e-05
2.3685e-05
2.3647e-05
2.3608e-05
2.3569e-05
2.3531e-05
2.3492e-05
2.3453e-05
2.3415e-05
2.3376e-05
2.3337e-05
2.3299e-05
2.326e-05
2.3222e-05
2.3183e-05
2.3145e-05
2.3106e-05
2.3067e-05
2.3029e-05
2.299e-05
2.2952e-05
2.2913e-05
2.2875e-05
2.2836e-05
2.2798e-05
2.2759e-05
2.2721e-05
2.2683e-05
2.2644e-05
2.2606e-05
2.2567e-05
2.2529e-05
2.249e-05
2.2452e-05
2.2414e-05
2.2375e-05
2.2337e-05
2.2299e-05
2.226e-05
2.2222e-05
2.2184e-05
2.2145e-05
2.2107e-05
2.2069e-05
2.2031e-05
2.1992e-05
2.1954e-05
2.1916e-05
2.1878e-05
2.184e-05
2.1802e-05
2.1763e-05
2.1725e-05
2.1687e-05
2.1649e-05
2.1611e-05
2.1573e-05
2.1535e-05
2.1497e-05
2.1459e-05
2.1421e-05
2.1383e-05
2.1345e-05
2.1307e-05
2.1269e-05
2.1231e-05
2.1193e-05
2.1155e-05
2.1117e-05
2.1079e-05
2.1042e-05
2.1004e-05
2.0966e-05
2.0928e-05
2.089e-05
2.0853e-05
2.0815e-05
2.0777e-05
2.0739e-05
2.0702e-05
2.0664e-05
2.0626e-05
2.0589e-05
2.0551e-05
2.0514e-05
2.0476e-05
2.0439e-05
2.0401e-05
2.0363e-05
2.0326e-05
2.0289e-05
2.0251e-05
2.0214e-05
2.0176e-05
2.0139e-05
2.0102e-05
2.0064e-05
2.0027e-05
1.999e-05
1.9952e-05
1.9915e-05
1.9878e-05
1.9841e-05
1.9803e-05
1.9766e-05
1.9729e-05
1.9692e-05
1.9655e-05
1.9618e-05
1.9581e-05
1.9544e-05
1.9507e-05
1.947e-05
1.9433e-05
1.9396e-05
1.9359e-05
1.9322e-05
1.9285e-05
1.9248e-05
1.9211e-05
1.9175e-05
1.9138e-05
1.9101e-05
1.9064e-05
1.9028e-05
1.8991e-05
1.8954e-05
1.8918e-05
1.8881e-05
1.8845e-05
1.8808e-05
1.8772e-05
1.8735e-05
1.8699e-05
1.8662e-05
1.8626e-05
1.8589e-05
1.8553e-05
1.8517e-05
1.848e-05
1.8444e-05
1.8408e-05
1.8372e-05
1.8335e-05
1.8299e-05
1.8263e-05
1.8227e-05
1.8191e-05
1.8155e-05
1.8119e-05
1.8083e-05
1.8047e-05
1.8011e-05
1.7975e-05
1.7939e-05
1.7903e-05
1.7867e-05
1.7831e-05
1.7796e-05
1.776e-05
1.7724e-05
1.7689e-05
1.7653e-05
1.7617e-05
1.7582e-05
1.7546e-05
1.7511e-05
1.7475e-05
1.744e-05
1.7404e-05
1.7369e-05
1.7333e-05
1.7298e-05
1.7263e-05
1.7227e-05
1.7192e-05
1.7157e-05
1.7122e-05
1.7086e-05
1.7051e-05
1.7016e-05
1.6981e-05
1.6946e-05
1.6911e-05
1.6876e-05
1.6841e-05
1.6806e-05
1.6771e-05
1.6736e-05
1.6702e-05
1.6667e-05
1.6632e-05
1.6597e-05
1.6563e-05
1.6528e-05
1.6493e-05
1.6459e-05
1.6424e-05
1.639e-05
1.6355e-05
1.6321e-05
1.6286e-05
1.6252e-05
1.6218e-05
1.6183e-05
1.6149e-05
1.6115e-05
1.608e-05
1.6046e-05
1.6012e-05
1.5978e-05
1.5944e-05
1.591e-05
1.5876e-05
1.5842e-05
1.5808e-05
1.5774e-05
1.574e-05
1.5706e-05
1.5672e-05
1.5639e-05
1.5605e-05
1.5571e-05
1.5537e-05
1.5504e-05
1.547e-05
1.5437e-05
1.5403e-05
1.537e-05
1.5336e-05
1.5303e-05
1.5269e-05
1.5236e-05
1.5203e-05
1.5169e-05
1.5136e-05
1.5103e-05
1.507e-05
1.5037e-05
1.5004e-05
1.4971e-05
1.4938e-05
1.4905e-05
1.4872e-05
1.4839e-05
1.4806e-05
1.4773e-05
1.474e-05
1.4708e-05
1.4675e-05
1.4642e-05
1.4609e-05
1.4577e-05
1.4544e-05
1.4512e-05
1.4479e-05
1.4447e-05
1.4414e-05
1.4382e-05
1.435e-05
1.4317e-05
1.4285e-05
1.4253e-05
1.4221e-05
1.4189e-05
1.4156e-05
1.4124e-05
1.4092e-05
1.406e-05
1.4028e-05
1.3996e-05
1.3965e-05
1.3933e-05
1.3901e-05
1.3869e-05
1.3838e-05
1.3806e-05
1.3774e-05
1.3743e-05
1.3711e-05
1.368e-05
1.3648e-05
1.3617e-05
1.3585e-05
1.3554e-05
1.3523e-05
1.3491e-05
1.346e-05
1.3429e-05
1.3398e-05
1.3366e-05
1.3335e-05
1.3304e-05
1.3273e-05
1.3242e-05
1.3211e-05
1.3181e-05
1.315e-05
1.3119e-05
1.3088e-05
1.3057e-05
1.3027e-05
1.2996e-05
1.2966e-05
1.2935e-05
1.2905e-05
1.2874e-05
1.2844e-05
1.2813e-05
1.2783e-05
1.2753e-05
1.2722e-05
1.2692e-05
1.2662e-05
1.2632e-05
1.2602e-05
1.2572e-05
1.2542e-05
1.2512e-05
1.2482e-05
1.2452e-05
1.2422e-05
1.2392e-05
1.2362e-05
1.2333e-05
1.2303e-05
1.2273e-05
1.2244e-05
1.2214e-05
1.2185e-05
1.2155e-05
1.2126e-05
1.2096e-05
1.2067e-05
1.2038e-05
1.2008e-05
1.1979e-05
1.195e-05
1.1921e-05
1.1892e-05
1.1863e-05
1.1834e-05
1.1805e-05
1.1776e-05
1.1747e-05
1.1718e-05
1.1689e-05
1.1661e-05
1.1632e-05
1.1603e-05
1.1575e-05
1.1546e-05
1.1517e-05
1.1489e-05
1.1461e-05
1.1432e-05
1.1404e-05
1.1375e-05
1.1347e-05
1.1319e-05
1.1291e-05
1.1263e-05
1.1234e-05
1.1206e-05
1.1178e-05
1.115e-05
1.1122e-05
1.1095e-05
1.1067e-05
1.1039e-05
1.1011e-05
1.0983e-05
1.0956e-05
1.0928e-05
1.0901e-05
1.0873e-05
1.0846e-05
1.0818e-05
1.0791e-05
1.0763e-05
1.0736e-05
1.0709e-05
1.0681e-05
1.0654e-05
1.0627e-05
1.06e-05
1.0573e-05
1.0546e-05
1.0519e-05
1.0492e-05
1.0465e-05
1.0438e-05
1.0411e-05
1.0385e-05
1.0358e-05
1.0331e-05
1.0305e-05
1.0278e-05
1.0252e-05
1.0225e-05
1.0199e-05
1.0172e-05
1.0146e-05
1.012e-05
1.0093e-05
1.0067e-05
1.0041e-05
1.0015e-05
9.9887e-06
9.9626e-06
9.9366e-06
9.9106e-06
9.8847e-06
9.8588e-06
9.833e-06
9.8072e-06
9.7815e-06
9.7558e-06
9.7301e-06
9.7045e-06
9.6789e-06
9.6534e-06
9.6279e-06
9.6025e-06
9.5771e-06
9.5518e-06
9.5265e-06
9.5012e-06
9.476e-06
9.4508e-06
9.4257e-06
9.4006e-06
9.3756e-06
9.3506e-06
9.3256e-06
9.3007e-06
9.2759e-06
9.2511e-06
9.2263e-06
9.2016e-06
9.1769e-06
9.1522e-06
9.1276e-06
9.1031e-06
9.0786e-06
9.0541e-06
9.0297e-06
9.0053e-06
8.981e-06
8.9567e-06
8.9325e-06
8.9083e-06
8.8841e-06
8.86e-06
8.8359e-06
8.8119e-06
8.7879e-06
8.764e-06
8.7401e-06
8.7163e-06
8.6925e-06
8.6687e-06
8.645e-06
8.6213e-06
8.5977e-06
8.5741e-06
8.5506e-06
8.5271e-06
8.5037e-06
8.4803e-06
8.4569e-06
8.4336e-06
8.4103e-06
8.3871e-06
8.3639e-06
8.3408e-06
8.3177e-06
8.2946e-06
8.2716e-06
8.2487e-06
8.2257e-06
8.2029e-06
8.18e-06
8.1573e-06
8.1345e-06
8.1118e-06
8.0892e-06
8.0666e-06
8.044e-06
8.0215e-06
7.999e-06
7.9765e-06
7.9542e-06
7.9318e-06
7.9095e-06
7.8872e-06
7.865e-06
7.8429e-06
7.8207e-06
7.7986e-06
7.7766e-06
7.7546e-06
7.7326e-06
7.7107e-06
7.6889e-06
7.667e-06
7.6453e-06
7.6235e-06
7.6018e-06
7.5802e-06
7.5586e-06
7.537e-06
7.5155e-06
7.494e-06
7.4726e-06
7.4512e-06
7.4299e-06
7.4086e-06
7.3873e-06
7.3661e-06
7.3449e-06
7.3238e-06
7.3027e-06
7.2817e-06
7.2607e-06
7.2397e-06
7.2188e-06
7.1979e-06
7.1771e-06
7.1563e-06
7.1356e-06
7.1149e-06
7.0942e-06
7.0736e-06
7.053e-06
7.0325e-06
7.012e-06
6.9916e-06
6.9712e-06
6.9508e-06
6.9305e-06
6.9103e-06
6.89e-06
6.8698e-06
6.8497e-06
6.8296e-06
6.8095e-06
6.7895e-06
6.7696e-06
6.7496e-06
6.7297e-06
6.7099e-06
6.6901e-06
6.6703e-06
6.6506e-06
6.631e-06
6.6113e-06
6.5917e-06
6.5722e-06
6.5527e-06
6.5332e-06
6.5138e-06
6.4944e-06
6.4751e-06
6.4558e-06
6.4365e-06
6.4173e-06
6.3982e-06
6.379e-06
6.36e-06
6.3409e-06
6.3219e-06
6.303e-06
6.284e-06
6.2652e-06
6.2463e-06
6.2275e-06
6.2088e-06
6.1901e-06
6.1714e-06
6.1528e-06
6.1342e-06
6.1157e-06
6.0972e-06
6.0787e-06
6.0603e-06
6.0419e-06
6.0236e-06
6.0053e-06
5.987e-06
5.9688e-06
5.9506e-06
5.9325e-06
5.9144e-06
5.8964e-06
5.8784e-06
5.8604e-06
5.8425e-06
5.8246e-06
5.8067e-06
5.7889e-06
5.7712e-06
5.7535e-06
5.7358e-06
5.7181e-06
5.7005e-06
5.683e-06
5.6655e-06
5.648e-06
5.6305e-06
5.6131e-06
5.5958e-06
5.5785e-06
5.5612e-06
5.5439e-06
5.5268e-06
5.5096e-06
5.4925e-06
5.4754e-06
5.4584e-06
5.4414e-06
5.4244e-06
5.4075e-06
5.3906e-06
5.3738e-06
5.357e-06
5.3402e-06
5.3235e-06
5.3068e-06
5.2902e-06
5.2736e-06
5.257e-06
5.2405e-06
5.224e-06
5.2076e-06
5.1912e-06
5.1748e-06
5.1585e-06
5.1422e-06
5.126e-06
5.1098e-06
5.0936e-06
5.0775e-06
5.0614e-06
5.0453e-06
5.0293e-06
5.0133e-06
4.9974e-06
4.9815e-06
4.9656e-06
4.9498e-06
4.934e-06
4.9183e-06
4.9026e-06
4.8869e-06
4.8713e-06
4.8557e-06
4.8402e-06
4.8246e-06
4.8092e-06
4.7937e-06
4.7783e-06
4.763e-06
4.7477e-06
4.7324e-06
4.7171e-06
4.7019e-06
4.6867e-06
4.6716e-06
4.6565e-06
4.6415e-06
4.6264e-06
4.6115e-06
4.5965e-06
4.5816e-06
4.5667e-06
4.5519e-06
4.5371e-06
4.5223e-06
4.5076e-06
4.4929e-06
4.4783e-06
4.4637e-06
4.4491e-06
4.4346e-06
4.4201e-06
4.4056e-06
4.3912e-06
4.3768e-06
4.3624e-06
4.3481e-06
4.3339e-06
4.3196e-06
4.3054e-06
4.2912e-06
4.2771e-06
4.263e-06
4.2489e-06
4.2349e-06
4.2209e-06
4.207e-06
4.1931e-06
4.1792e-06
4.1653e-06
4.1515e-06
4.1378e-06
4.124e-06
4.1103e-06
4.0967e-06
4.083e-06
4.0694e-06
4.0559e-06
4.0423e-06
4.0289e-06
4.0154e-06
4.002e-06
3.9886e-06
3.9753e-06
3.9619e-06
3.9487e-06
3.9354e-06
3.9222e-06
3.9091e-06
3.8959e-06
3.8828e-06
3.8697e-06
3.8567e-06
3.8437e-06
3.8308e-06
3.8178e-06
3.8049e-06
3.7921e-06
3.7792e-06
3.7665e-06
3.7537e-06
3.741e-06
3.7283e-06
3.7156e-06
3.703e-06
3.6904e-06
3.6779e-06
3.6654e-06
3.6529e-06
3.6404e-06
3.628e-06
3.6156e-06
3.6033e-06
3.591e-06
3.5787e-06
3.5664e-06
3.5542e-06
3.542e-06
3.5299e-06
3.5178e-06
3.5057e-06
3.4936e-06
3.4816e-06
3.4696e-06
3.4577e-06
3.4458e-06
3.4339e-06
3.422e-06
3.4102e-06
3.3984e-06
3.3867e-06
3.3749e-06
3.3632e-06
3.3516e-06
3.34e-06
3.3284e-06
3.3168e-06
3.3053e-06
3.2938e-06
3.2823e-06
3.2709e-06
3.2595e-06
3.2481e-06
3.2368e-06
3.2255e-06
3.2142e-06
3.203e-06
3.1918e-06
3.1806e-06
3.1694e-06
3.1583e-06
3.1472e-06
3.1362e-06
3.1252e-06
3.1142e-06
3.1032e-06
3.0923e-06
3.0814e-06
3.0705e-06
3.0597e-06
3.0489e-06
3.0381e-06
3.0274e-06
3.0167e-06
3.006e-06
2.9953e-06
2.9847e-06
2.9741e-06
2.9636e-06
2.9531e-06
2.9426e-06
2.9321e-06
2.9217e-06
2.9112e-06
2.9009e-06
2.8905e-06
2.8802e-06
2.8699e-06
2.8597e-06
2.8494e-06
2.8392e-06
2.8291e-06
2.8189e-06
2.8088e-06
2.7988e-06
2.7887e-06
2.7787e-06
2.7687e-06
2.7587e-06
2.7488e-06
2.7389e-06
2.729e-06
2.7192e-06
2.7094e-06
2.6996e-06
2.6898e-06
2.6801e-06
2.6704e-06
2.6607e-06
2.6511e-06
2.6415e-06
2.6319e-06
2.6223e-06
2.6128e-06
2.6033e-06
2.5938e-06
2.5844e-06
2.575e-06
2.5656e-06
2.5562e-06
2.5469e-06
2.5376e-06
2.5283e-06
2.5191e-06
2.5098e-06
2.5006e-06
2.4915e-06
2.4823e-06
2.4732e-06
2.4642e-06
2.4551e-06
2.4461e-06
2.4371e-06
2.4281e-06
2.4192e-06
2.4102e-06
2.4013e-06
2.3925e-06
2.3836e-06
2.3748e-06
2.3661e-06
2.3573e-06
2.3486e-06
2.3399e-06
2.3312e-06
2.3225e-06
2.3139e-06
2.3053e-06
2.2968e-06
2.2882e-06
2.2797e-06
2.2712e-06
2.2627e-06
2.2543e-06
2.2459e-06
2.2375e-06
2.2291e-06
2.2208e-06
2.2125e-06
2.2042e-06
2.196e-06
2.1877e-06
2.1795e-06
2.1713e-06
2.1632e-06
2.1551e-06
2.1469e-06
2.1389e-06
2.1308e-06
2.1228e-06
2.1148e-06
2.1068e-06
2.0989e-06
2.0909e-06
2.083e-06
2.0751e-06
2.0673e-06
2.0595e-06
2.0517e-06
2.0439e-06
2.0361e-06
2.0284e-06
2.0207e-06
2.013e-06
2.0053e-06
1.9977e-06
1.9901e-06
1.9825e-06
1.975e-06
1.9674e-06
1.9599e-06
1.9524e-06
1.945e-06
1.9375e-06
1.9301e-06
1.9227e-06
1.9154e-06
1.908e-06
1.9007e-06
1.8934e-06
1.8861e-06
1.8789e-06
1.8716e-06
1.8644e-06
1.8572e-06
1.8501e-06
1.843e-06
1.8358e-06
1.8288e-06
1.8217e-06
1.8146e-06
1.8076e-06
1.8006e-06
1.7937e-06
1.7867e-06
1.7798e-06
1.7729e-06
1.766e-06
1.7591e-06
1.7523e-06
1.7455e-06
1.7387e-06
1.7319e-06
1.7252e-06
1.7184e-06
1.7117e-06
1.705e-06
1.6984e-06
1.6917e-06
1.6851e-06
1.6785e-06
1.672e-06
1.6654e-06
1.6589e-06
1.6524e-06
1.6459e-06
1.6394e-06
1.633e-06
1.6266e-06
1.6202e-06
1.6138e-06
1.6074e-06
1.6011e-06
1.5948e-06
1.5885e-06
1.5822e-06
1.5759e-06
1.5697e-06
1.5635e-06
1.5573e-06
1.5511e-06
1.545e-06
1.5389e-06
1.5327e-06
1.5267e-06
1.5206e-06
1.5146e-06
1.5085e-06
1.5025e-06
1.4965e-06
1.4906e-06
1.4846e-06
1.4787e-06
1.4728e-06
1.4669e-06
1.4611e-06
1.4552e-06
1.4494e-06
1.4436e-06
1.4378e-06
1.432e-06
1.4263e-06
1.4206e-06
1.4149e-06
1.4092e-06
1.4035e-06
1.3979e-06
1.3922e-06
1.3866e-06
1.381e-06
1.3755e-06
1.3699e-06
1.3644e-06
1.3589e-06
1.3534e-06
1.3479e-06
1.3424e-06
1.337e-06
1.3316e-06
1.3262e-06
1.3208e-06
1.3154e-06
1.3101e-06
1.3048e-06
1.2995e-06
1.2942e-06
1.2889e-06
1.2837e-06
1.2784e-06
1.2732e-06
1.268e-06
1.2628e-06
1.2577e-06
1.2525e-06
1.2474e-06
1.2423e-06
1.2372e-06
1.2321e-06
1.2271e-06
1.2221e-06
1.217e-06
1.212e-06
1.2071e-06
1.2021e-06
1.1971e-06
1.1922e-06
1.1873e-06
1.1824e-06
1.1775e-06
1.1727e-06
1.1678e-06
1.163e-06
1.1582e-06
1.1534e-06
1.1486e-06
1.1439e-06
1.1391e-06
1.1344e-06
1.1297e-06
1.125e-06
1.1203e-06
1.1157e-06
1.1111e-06
1.1064e-06
1.1018e-06
1.0972e-06
1.0927e-06
1.0881e-06
1.0836e-06
1.079e-06
1.0745e-06
1.07e-06
1.0656e-06
1.0611e-06
1.0567e-06
1.0522e-06
1.0478e-06
1.0434e-06
1.0391e-06
1.0347e-06
1.0304e-06
1.026e-06
1.0217e-06
1.0174e-06
1.0131e-06
1.0089e-06
1.0046e-06
1.0004e-06
9.9614e-07
9.9194e-07
9.8774e-07
9.8357e-07
9.7941e-07
9.7526e-07
9.7113e-07
9.6702e-07
9.6292e-07
9.5884e-07
9.5477e-07
9.5071e-07
9.4667e-07
9.4265e-07
9.3864e-07
9.3464e-07
9.3066e-07
9.267e-07
9.2275e-07
9.1881e-07
9.1489e-07
9.1098e-07
9.0709e-07
9.0321e-07
8.9935e-07
8.955e-07
8.9166e-07
8.8784e-07
8.8404e-07
8.8025e-07
8.7647e-07
8.727e-07
8.6895e-07
8.6522e-07
8.615e-07
8.5779e-07
8.541e-07
8.5042e-07
8.4675e-07
8.431e-07
8.3946e-07
8.3583e-07
8.3222e-07
8.2862e-07
8.2504e-07
8.2147e-07
8.1791e-07
8.1437e-07
8.1084e-07
8.0732e-07
8.0382e-07
8.0033e-07
7.9685e-07
7.9339e-07
7.8994e-07
7.865e-07
7.8307e-07
7.7966e-07
7.7626e-07
7.7288e-07
7.6951e-07
7.6615e-07
7.628e-07
7.5946e-07
7.5614e-07
7.5283e-07
7.4954e-07
7.4626e-07
7.4298e-07
7.3973e-07
7.3648e-07
7.3325e-07
7.3003e-07
7.2682e-07
7.2362e-07
7.2044e-07
7.1727e-07
7.1411e-07
7.1096e-07
7.0783e-07
7.047e-07
7.0159e-07
6.9849e-07
6.9541e-07
6.9233e-07
6.8927e-07
6.8622e-07
6.8318e-07
6.8015e-07
6.7714e-07
6.7414e-07
6.7114e-07
6.6816e-07
6.652e-07
6.6224e-07
6.5929e-07
6.5636e-07
6.5344e-07
6.5053e-07
6.4763e-07
6.4474e-07
6.4186e-07
6.39e-07
6.3614e-07
6.333e-07
6.3047e-07
6.2765e-07
6.2484e-07
6.2204e-07
6.1925e-07
6.1648e-07
6.1371e-07
6.1096e-07
6.0821e-07
6.0548e-07
6.0276e-07
6.0005e-07
5.9735e-07
5.9466e-07
5.9198e-07
5.8931e-07
5.8665e-07
5.8401e-07
5.8137e-07
5.7874e-07
5.7613e-07
5.7352e-07
5.7093e-07
5.6834e-07
5.6577e-07
5.6321e-07
5.6065e-07
5.5811e-07
5.5558e-07
5.5305e-07
5.5054e-07
5.4804e-07
5.4555e-07
5.4306e-07
5.4059e-07
5.3813e-07
5.3568e-07
5.3323e-07
5.308e-07
5.2838e-07
5.2597e-07
5.2356e-07
5.2117e-07
5.1878e-07
5.1641e-07
5.1405e-07
5.1169e-07
5.0935e-07
5.0701e-07
5.0468e-07
5.0237e-07
5.0006e-07
4.9776e-07
4.9547e-07
4.9319e-07
4.9092e-07
4.8866e-07
4.8641e-07
4.8417e-07
4.8193e-07
4.7971e-07
4.7749e-07
4.7529e-07
4.7309e-07
4.709e-07
4.6873e-07
4.6656e-07
4.6439e-07
4.6224e-07
4.601e-07
4.5796e-07
4.5584e-07
4.5372e-07
4.5161e-07
4.4952e-07
4.4742e-07
4.4534e-07
4.4327e-07
4.412e-07
4.3915e-07
4.371e-07
4.3506e-07
4.3303e-07
4.3101e-07
4.29e-07
4.2699e-07
4.2499e-07
4.23e-07
4.2102e-07
4.1905e-07
4.1709e-07
4.1513e-07
4.1318e-07
4.1124e-07
4.0931e-07
4.0739e-07
4.0547e-07
4.0357e-07
4.0167e-07
3.9978e-07
3.9789e-07
3.9602e-07
3.9415e-07
3.9229e-07
3.9044e-07
3.886e-07
3.8676e-07
3.8493e-07
3.8311e-07
3.813e-07
3.7949e-07
3.777e-07
3.7591e-07
3.7412e-07
3.7235e-07
3.7058e-07
3.6882e-07
3.6707e-07
3.6532e-07
3.6359e-07
3.6186e-07
3.6013e-07
3.5842e-07
3.5671e-07
3.5501e-07
3.5332e-07
3.5163e-07
3.4995e-07
3.4828e-07
3.4661e-07
3.4496e-07
3.4331e-07
3.4166e-07
3.4003e-07
3.384e-07
3.3677e-07
3.3516e-07
3.3355e-07
3.3195e-07
3.3035e-07
3.2877e-07
3.2718e-07
3.2561e-07
3.2404e-07
3.2248e-07
3.2093e-07
3.1938e-07
3.1784e-07
3.1631e-07
3.1478e-07
3.1326e-07
3.1175e-07
3.1024e-07
3.0874e-07
3.0724e-07
3.0576e-07
3.0428e-07
3.028e-07
3.0133e-07
2.9987e-07
2.9841e-07
2.9697e-07
2.9552e-07
2.9409e-07
2.9266e-07
2.9123e-07
2.8981e-07
2.884e-07
2.87e-07
2.856e-07
2.842e-07
2.8282e-07
2.8144e-07
2.8006e-07
2.7869e-07
2.7733e-07
2.7597e-07
2.7462e-07
2.7328e-07
2.7194e-07
2.706e-07
2.6928e-07
2.6796e-07
2.6664e-07
2.6533e-07
2.6403e-07
2.6273e-07
2.6144e-07
2.6015e-07
2.5887e-07
2.5759e-07
2.5633e-07
2.5506e-07
2.538e-07
2.5255e-07
2.513e-07
2.5006e-07
2.4883e-07
2.476e-07
2.4637e-07
2.4515e-07
2.4394e-07
2.4273e-07
2.4153e-07
2.4033e-07
2.3914e-07
2.3795e-07
2.3677e-07
2.3559e-07
2.3442e-07
2.3325e-07
2.3209e-07
2.3094e-07
2.2979e-07
2.2864e-07
2.275e-07
2.2637e-07
2.2524e-07
2.2411e-07
2.2299e-07
2.2188e-07
2.2077e-07
2.1966e-07
2.1857e-07
2.1747e-07
2.1638e-07
2.153e-07
2.1422e-07
2.1314e-07
2.1207e-07
2.1101e-07
2.0995e-07
2.0889e-07
2.0784e-07
2.068e-07
2.0576e-07
2.0472e-07
2.0369e-07
2.0266e-07
2.0164e-07
2.0062e-07
1.9961e-07
1.986e-07
1.976e-07
1.966e-07
1.956e-07
1.9461e-07
1.9363e-07
1.9265e-07
1.9167e-07
1.907e-07
1.8973e-07
1.8877e-07
1.8781e-07
1.8686e-07
1.8591e-07
1.8496e-07
1.8402e-07
1.8309e-07
1.8216e-07
1.8123e-07
1.803e-07
1.7938e-07
1.7847e-07
1.7756e-07
1.7665e-07
1.7575e-07
1.7485e-07
1.7396e-07
1.7307e-07
1.7218e-07
1.713e-07
1.7042e-07
1.6955e-07
1.6868e-07
1.6782e-07
1.6696e-07
1.661e-07
1.6524e-07
1.644e-07
1.6355e-07
1.6271e-07
1.6187e-07
1.6104e-07
1.6021e-07
1.5938e-07
1.5856e-07
1.5774e-07
1.5693e-07
1.5612e-07
1.5531e-07
1.5451e-07
1.5371e-07
1.5292e-07
1.5213e-07
1.5134e-07
1.5055e-07
1.4977e-07
1.49e-07
1.4823e-07
1.4746e-07
1.4669e-07
1.4593e-07
1.4517e-07
1.4442e-07
1.4366e-07
1.4292e-07
1.4217e-07
1.4143e-07
1.407e-07
1.3996e-07
1.3923e-07
1.3851e-07
1.3778e-07
1.3706e-07
1.3635e-07
1.3563e-07
1.3493e-07
1.3422e-07
1.3352e-07
1.3282e-07
1.3212e-07
1.3143e-07
1.3074e-07
1.3005e-07
1.2937e-07
1.2869e-07
1.2802e-07
1.2734e-07
1.2667e-07
1.2601e-07
1.2534e-07
1.2468e-07
1.2403e-07
1.2337e-07
1.2272e-07
1.2208e-07
1.2143e-07
1.2079e-07
1.2015e-07
1.1952e-07
1.1889e-07
1.1826e-07
1.1763e-07
1.1701e-07
1.1639e-07
1.1577e-07
1.1516e-07
1.1455e-07
1.1394e-07
1.1333e-07
1.1273e-07
1.1213e-07
1.1154e-07
1.1094e-07
1.1035e-07
1.0977e-07
1.0918e-07
1.086e-07
1.0802e-07
1.0745e-07
1.0687e-07
1.063e-07
1.0573e-07
1.0517e-07
1.0461e-07
1.0405e-07
1.0349e-07
1.0294e-07
1.0239e-07
1.0184e-07
1.0129e-07
1.0075e-07
1.0021e-07
9.9672e-08
9.9137e-08
9.8604e-08
9.8075e-08
9.7547e-08
9.7023e-08
9.6501e-08
9.5981e-08
9.5465e-08
9.495e-08
9.4439e-08
9.3929e-08
9.3423e-08
9.2918e-08
9.2417e-08
9.1918e-08
9.1421e-08
9.0927e-08
9.0435e-08
8.9945e-08
8.9458e-08
8.8974e-08
8.8492e-08
8.8012e-08
8.7535e-08
8.706e-08
8.6587e-08
8.6117e-08
8.5649e-08
8.5184e-08
8.4721e-08
8.426e-08
8.3801e-08
8.3345e-08
8.2891e-08
8.2439e-08
8.199e-08
8.1543e-08
8.1098e-08
8.0655e-08
8.0214e-08
7.9776e-08
7.934e-08
7.8906e-08
7.8475e-08
7.8045e-08
7.7618e-08
7.7192e-08
7.6769e-08
7.6348e-08
7.593e-08
7.5513e-08
7.5098e-08
7.4686e-08
7.4276e-08
7.3867e-08
7.3461e-08
7.3057e-08
7.2655e-08
7.2255e-08
7.1856e-08
7.146e-08
7.1066e-08
7.0674e-08
7.0284e-08
6.9896e-08
6.951e-08
6.9126e-08
6.8744e-08
6.8364e-08
6.7985e-08
6.7609e-08
6.7235e-08
6.6862e-08
6.6492e-08
6.6123e-08
6.5756e-08
6.5391e-08
6.5028e-08
6.4667e-08
6.4308e-08
6.395e-08
6.3594e-08
6.3241e-08
6.2888e-08
6.2538e-08
6.219e-08
6.1843e-08
6.1498e-08
6.1155e-08
6.0814e-08
6.0474e-08
6.0137e-08
5.9801e-08
5.9466e-08
5.9134e-08
5.8803e-08
5.8474e-08
5.8146e-08
5.782e-08
5.7496e-08
5.7174e-08
5.6853e-08
5.6534e-08
5.6217e-08
5.5901e-08
5.5587e-08
5.5274e-08
5.4964e-08
5.4654e-08
5.4347e-08
5.4041e-08
5.3736e-08
5.3433e-08
5.3132e-08
5.2832e-08
5.2534e-08
5.2238e-08
5.1943e-08
5.1649e-08
5.1357e-08
5.1067e-08
5.0778e-08
5.0491e-08
5.0205e-08
4.992e-08
4.9637e-08
4.9356e-08
4.9076e-08
4.8798e-08
4.8521e-08
4.8245e-08
4.7971e-08
4.7698e-08
4.7427e-08
4.7157e-08
4.6889e-08
4.6622e-08
4.6356e-08
4.6092e-08
4.583e-08
4.5568e-08
4.5308e-08
4.505e-08
4.4792e-08
4.4536e-08
4.4282e-08
4.4029e-08
4.3777e-08
4.3526e-08
4.3277e-08
4.3029e-08
4.2783e-08
4.2538e-08
4.2294e-08
4.2051e-08
4.181e-08
4.157e-08
4.1331e-08
4.1094e-08
4.0857e-08
4.0623e-08
4.0389e-08
4.0156e-08
3.9925e-08
3.9695e-08
3.9466e-08
3.9239e-08
3.9013e-08
3.8788e-08
3.8564e-08
3.8341e-08
3.8119e-08
3.7899e-08
3.768e-08
3.7462e-08
3.7245e-08
3.703e-08
3.6815e-08
3.6602e-08
3.639e-08
3.6179e-08
3.5969e-08
3.576e-08
3.5553e-08
3.5346e-08
3.5141e-08
3.4936e-08
3.4733e-08
3.4531e-08
3.433e-08
3.413e-08
3.3932e-08
3.3734e-08
3.3537e-08
3.3342e-08
3.3147e-08
3.2954e-08
3.2761e-08
3.257e-08
3.238e-08
3.219e-08
3.2002e-08
3.1815e-08
3.1629e-08
3.1443e-08
3.1259e-08
3.1076e-08
3.0894e-08
3.0713e-08
3.0532e-08
3.0353e-08
3.0175e-08
2.9998e-08
2.9821e-08
2.9646e-08
2.9472e-08
2.9298e-08
2.9126e-08
2.8954e-08
2.8784e-08
2.8614e-08
2.8445e-08
2.8277e-08
2.8111e-08
2.7945e-08
2.778e-08
2.7615e-08
2.7452e-08
2.729e-08
2.7128e-08
2.6968e-08
2.6808e-08
2.6649e-08
2.6492e-08
2.6335e-08
2.6178e-08
2.6023e-08
2.5869e-08
2.5715e-08
2.5562e-08
2.541e-08
2.5259e-08
2.5109e-08
2.496e-08
2.4811e-08
2.4664e-08
2.4517e-08
2.4371e-08
2.4225e-08
2.4081e-08
2.3937e-08
2.3794e-08
2.3652e-08
2.3511e-08
2.3371e-08
2.3231e-08
2.3092e-08
2.2954e-08
2.2816e-08
2.268e-08
2.2544e-08
2.2409e-08
2.2275e-08
2.2141e-08
2.2008e-08
2.1876e-08
2.1745e-08
2.1614e-08
2.1484e-08
2.1355e-08
2.1227e-08
2.1099e-08
2.0972e-08
2.0846e-08
2.072e-08
2.0595e-08
2.0471e-08
2.0348e-08
2.0225e-08
2.0103e-08
1.9982e-08
1.9861e-08
1.9741e-08
1.9622e-08
1.9503e-08
1.9385e-08
1.9268e-08
1.9151e-08
1.9035e-08
1.892e-08
1.8805e-08
1.8691e-08
1.8578e-08
1.8465e-08
1.8353e-08
1.8241e-08
1.813e-08
1.802e-08
1.7911e-08
1.7802e-08
1.7693e-08
1.7586e-08
1.7479e-08
1.7372e-08
1.7266e-08
1.7161e-08
1.7056e-08
1.6952e-08
1.6849e-08
1.6746e-08
1.6644e-08
1.6542e-08
1.6441e-08
1.634e-08
1.624e-08
1.6141e-08
1.6042e-08
1.5944e-08
1.5846e-08
1.5749e-08
1.5652e-08
1.5556e-08
1.5461e-08
1.5366e-08
1.5271e-08
1.5178e-08
1.5084e-08
1.4992e-08
1.4899e-08
1.4808e-08
1.4716e-08
1.4626e-08
1.4536e-08
1.4446e-08
1.4357e-08
1.4268e-08
1.418e-08
1.4093e-08
1.4006e-08
1.3919e-08
1.3833e-08
1.3748e-08
1.3663e-08
1.3578e-08
1.3494e-08
1.3411e-08
1.3327e-08
1.3245e-08
1.3163e-08
1.3081e-08
1.3e-08
1.2919e-08
1.2839e-08
1.2759e-08
1.268e-08
1.2601e-08
1.2523e-08
1.2445e-08
1.2367e-08
1.229e-08
1.2214e-08
1.2138e-08
1.2062e-08
1.1987e-08
1.1912e-08
1.1838e-08
1.1764e-08
1.169e-08
1.1617e-08
1.1545e-08
1.1473e-08
1.1401e-08
1.133e-08
1.1259e-08
1.1188e-08
1.1118e-08
1.1048e-08
1.0979e-08
1.091e-08
1.0842e-08
1.0774e-08
1.0706e-08
1.0639e-08
1.0572e-08
1.0506e-08
1.044e-08
1.0374e-08
1.0309e-08
1.0244e-08
1.0179e-08
1.0115e-08
1.0051e-08
9.9879e-09
9.9249e-09
9.8623e-09
9.8001e-09
9.7382e-09
9.6767e-09
9.6155e-09
9.5547e-09
9.4943e-09
9.4343e-09
9.3745e-09
9.3152e-09
9.2562e-09
9.1976e-09
9.1393e-09
9.0813e-09
9.0237e-09
8.9664e-09
8.9095e-09
8.8529e-09
8.7967e-09
8.7408e-09
8.6852e-09
8.63e-09
8.5751e-09
8.5205e-09
8.4663e-09
8.4123e-09
8.3587e-09
8.3055e-09
8.2525e-09
8.1999e-09
8.1475e-09
8.0955e-09
8.0438e-09
7.9924e-09
7.9414e-09
7.8906e-09
7.8401e-09
7.79e-09
7.7401e-09
7.6906e-09
7.6413e-09
7.5923e-09
7.5437e-09
7.4953e-09
7.4472e-09
7.3994e-09
7.3519e-09
7.3047e-09
7.2578e-09
7.2111e-09
7.1648e-09
7.1187e-09
7.0729e-09
7.0274e-09
6.9821e-09
6.9372e-09
6.8925e-09
6.848e-09
6.8039e-09
6.76e-09
6.7164e-09
6.673e-09
6.6299e-09
6.5871e-09
6.5445e-09
6.5022e-09
6.4602e-09
6.4184e-09
6.3768e-09
6.3356e-09
6.2945e-09
6.2537e-09
6.2132e-09
6.1729e-09
6.1329e-09
6.0931e-09
6.0535e-09
6.0142e-09
5.9752e-09
5.9363e-09
5.8977e-09
5.8594e-09
5.8213e-09
5.7834e-09
5.7457e-09
5.7083e-09
5.6711e-09
5.6342e-09
5.5974e-09
5.5609e-09
5.5246e-09
5.4886e-09
5.4527e-09
5.4171e-09
5.3817e-09
5.3466e-09
5.3116e-09
5.2769e-09
5.2423e-09
5.208e-09
5.1739e-09
5.14e-09
5.1063e-09
5.0729e-09
5.0396e-09
5.0065e-09
4.9737e-09
4.941e-09
4.9086e-09
4.8763e-09
4.8443e-09
4.8124e-09
4.7808e-09
4.7493e-09
4.7181e-09
4.687e-09
4.6561e-09
4.6254e-09
4.595e-09
4.5647e-09
4.5345e-09
4.5046e-09
4.4749e-09
4.4453e-09
4.416e-09
4.3868e-09
4.3578e-09
4.329e-09
4.3003e-09
4.2719e-09
4.2436e-09
4.2155e-09
4.1876e-09
4.1598e-09
4.1322e-09
4.1048e-09
4.0776e-09
4.0505e-09
4.0237e-09
3.9969e-09
3.9704e-09
3.944e-09
3.9178e-09
3.8917e-09
3.8658e-09
3.8401e-09
3.8145e-09
3.7891e-09
3.7639e-09
3.7388e-09
3.7138e-09
3.6891e-09
3.6645e-09
3.64e-09
3.6157e-09
3.5915e-09
3.5675e-09
3.5437e-09
3.52e-09
3.4965e-09
3.4731e-09
3.4498e-09
3.4267e-09
3.4038e-09
3.3809e-09
3.3583e-09
3.3358e-09
3.3134e-09
3.2911e-09
3.2691e-09
3.2471e-09
3.2253e-09
3.2036e-09
3.1821e-09
3.1607e-09
3.1394e-09
3.1183e-09
3.0973e-09
3.0764e-09
3.0557e-09
3.0351e-09
3.0147e-09
2.9943e-09
2.9741e-09
2.954e-09
2.9341e-09
2.9143e-09
2.8946e-09
2.875e-09
2.8556e-09
2.8363e-09
2.8171e-09
2.798e-09
2.7791e-09
2.7603e-09
2.7416e-09
2.723e-09
2.7045e-09
2.6862e-09
2.668e-09
2.6498e-09
2.6319e-09
2.614e-09
2.5962e-09
2.5786e-09
2.561e-09
2.5436e-09
2.5263e-09
2.5091e-09
2.492e-09
2.4751e-09
2.4582e-09
2.4414e-09
2.4248e-09
2.4083e-09
2.3918e-09
2.3755e-09
2.3593e-09
2.3432e-09
2.3272e-09
2.3113e-09
2.2955e-09
2.2798e-09
2.2642e-09
2.2487e-09
2.2333e-09
2.218e-09
2.2028e-09
2.1877e-09
2.1727e-09
2.1578e-09
2.143e-09
2.1283e-09
2.1136e-09
2.0991e-09
2.0847e-09
2.0704e-09
2.0561e-09
2.042e-09
2.028e-09
2.014e-09
2.0001e-09
1.9864e-09
1.9727e-09
1.9591e-09
1.9456e-09
1.9321e-09
1.9188e-09
1.9056e-09
1.8924e-09
1.8793e-09
1.8664e-09
1.8535e-09
1.8407e-09
1.8279e-09
1.8153e-09
1.8027e-09
1.7902e-09
1.7778e-09
1.7655e-09
1.7533e-09
1.7411e-09
1.7291e-09
1.7171e-09
1.7051e-09
1.6933e-09
1.6815e-09
1.6699e-09
1.6583e-09
1.6467e-09
1.6353e-09
1.6239e-09
1.6126e-09
1.6014e-09
1.5902e-09
1.5791e-09
1.5681e-09
1.5572e-09
1.5464e-09
1.5356e-09
1.5248e-09
1.5142e-09
1.5036e-09
1.4931e-09
1.4827e-09
1.4723e-09
1.462e-09
1.4518e-09
1.4416e-09
1.4316e-09
1.4215e-09
1.4116e-09
1.4017e-09
1.3919e-09
1.3821e-09
1.3724e-09
1.3628e-09
1.3532e-09
1.3437e-09
1.3343e-09
1.3249e-09
1.3156e-09
1.3063e-09
1.2972e-09
1.288e-09
1.279e-09
1.27e-09
1.261e-09
1.2521e-09
1.2433e-09
1.2345e-09
1.2258e-09
1.2172e-09
1.2086e-09
1.2001e-09
1.1916e-09
1.1832e-09
1.1748e-09
1.1665e-09
1.1583e-09
1.1501e-09
1.1419e-09
1.1339e-09
1.1258e-09
1.1178e-09
1.1099e-09
1.1021e-09
1.0942e-09
1.0865e-09
1.0788e-09
1.0711e-09
1.0635e-09
1.056e-09
1.0485e-09
1.041e-09
1.0336e-09
1.0263e-09
1.019e-09
1.0117e-09
1.0045e-09
9.9735e-10
9.9025e-10
9.8319e-10
9.7618e-10
9.6922e-10
9.6231e-10
9.5544e-10
9.4862e-10
9.4185e-10
9.3512e-10
9.2844e-10
9.218e-10
9.1521e-10
9.0866e-10
9.0216e-10
8.9571e-10
8.8929e-10
8.8292e-10
8.766e-10
8.7032e-10
8.6408e-10
8.5788e-10
8.5173e-10
8.4561e-10
8.3954e-10
8.3352e-10
8.2753e-10
8.2158e-10
8.1568e-10
8.0981e-10
8.0399e-10
7.982e-10
7.9246e-10
7.8675e-10
7.8108e-10
7.7546e-10
7.6987e-10
7.6432e-10
7.5881e-10
7.5333e-10
7.479e-10
7.425e-10
7.3713e-10
7.3181e-10
7.2652e-10
7.2127e-10
7.1605e-10
7.1087e-10
7.0573e-10
7.0062e-10
6.9555e-10
6.9051e-10
6.8551e-10
6.8054e-10
6.7561e-10
6.7071e-10
6.6584e-10
6.6101e-10
6.5621e-10
6.5144e-10
6.4671e-10
6.4201e-10
6.3735e-10
6.3271e-10
6.2811e-10
6.2354e-10
6.19e-10
6.1449e-10
6.1002e-10
6.0557e-10
6.0116e-10
5.9678e-10
5.9242e-10
5.881e-10
5.8381e-10
5.7955e-10
5.7532e-10
5.7111e-10
5.6694e-10
5.628e-10
5.5868e-10
5.5459e-10
5.5054e-10
5.4651e-10
5.4251e-10
5.3853e-10
5.3459e-10
5.3067e-10
5.2678e-10
5.2292e-10
5.1908e-10
5.1527e-10
5.1149e-10
5.0773e-10
5.04e-10
5.003e-10
4.9662e-10
4.9297e-10
4.8934e-10
4.8574e-10
4.8217e-10
4.7862e-10
4.7509e-10
4.7159e-10
4.6812e-10
4.6467e-10
4.6124e-10
4.5784e-10
4.5446e-10
4.5111e-10
4.4778e-10
4.4447e-10
4.4118e-10
4.3792e-10
4.3469e-10
4.3147e-10
4.2828e-10
4.2511e-10
4.2196e-10
4.1884e-10
4.1574e-10
4.1265e-10
4.096e-10
4.0656e-10
4.0354e-10
4.0055e-10
3.9758e-10
3.9462e-10
3.9169e-10
3.8878e-10
3.859e-10
3.8303e-10
3.8018e-10
3.7735e-10
3.7454e-10
3.7175e-10
3.6899e-10
3.6624e-10
3.6351e-10
3.608e-10
3.5811e-10
3.5544e-10
3.5279e-10
3.5016e-10
3.4754e-10
3.4495e-10
3.4237e-10
3.3981e-10
3.3727e-10
3.3475e-10
3.3225e-10
3.2976e-10
3.2729e-10
3.2484e-10
3.2241e-10
3.2e-10
3.176e-10
3.1522e-10
3.1285e-10
3.1051e-10
3.0818e-10
3.0586e-10
3.0357e-10
3.0129e-10
2.9902e-10
2.9678e-10
2.9455e-10
2.9233e-10
2.9013e-10
2.8795e-10
2.8578e-10
2.8363e-10
2.8149e-10
2.7937e-10
2.7727e-10
2.7518e-10
2.731e-10
2.7104e-10
2.69e-10
2.6697e-10
2.6495e-10
2.6295e-10
2.6096e-10
2.5899e-10
2.5703e-10
2.5509e-10
2.5316e-10
2.5124e-10
2.4934e-10
2.4745e-10
2.4558e-10
2.4372e-10
2.4187e-10
2.4004e-10
2.3822e-10
2.3641e-10
2.3462e-10
2.3283e-10
2.3107e-10
2.2931e-10
2.2757e-10
2.2584e-10
2.2412e-10
2.2242e-10
2.2073e-10
2.1905e-10
2.1738e-10
2.1572e-10
2.1408e-10
2.1245e-10
2.1083e-10
2.0922e-10
2.0763e-10
2.0604e-10
2.0447e-10
2.0291e-10
2.0136e-10
1.9982e-10
1.9829e-10
1.9678e-10
1.9527e-10
1.9378e-10
1.923e-10
1.9083e-10
1.8936e-10
1.8791e-10
1.8648e-10
1.8505e-10
1.8363e-10
1.8222e-10
1.8082e-10
1.7943e-10
1.7806e-10
1.7669e-10
1.7533e-10
1.7399e-10
1.7265e-10
1.7132e-10
1.7001e-10
1.687e-10
1.674e-10
1.6611e-10
1.6483e-10
1.6356e-10
1.623e-10
1.6105e-10
1.5981e-10
1.5858e-10
1.5736e-10
1.5614e-10
1.5494e-10
1.5374e-10
1.5255e-10
1.5138e-10
1.5021e-10
1.4904e-10
1.4789e-10
1.4675e-10
1.4561e-10
1.4449e-10
1.4337e-10
1.4226e-10
1.4116e-10
1.4006e-10
1.3898e-10
1.379e-10
1.3683e-10
1.3577e-10
1.3471e-10
1.3367e-10
1.3263e-10
1.316e-10
1.3058e-10
1.2956e-10
1.2856e-10
1.2756e-10
1.2656e-10
1.2558e-10
1.246e-10
1.2363e-10
1.2267e-10
1.2171e-10
1.2076e-10
1.1982e-10
1.1889e-10
1.1796e-10
1.1704e-10
1.1613e-10
1.1522e-10
1.1432e-10
1.1343e-10
1.1254e-10
1.1166e-10
1.1079e-10
1.0992e-10
1.0906e-10
1.0821e-10
1.0736e-10
1.0652e-10
1.0568e-10
1.0485e-10
1.0403e-10
1.0322e-10
1.0241e-10
1.016e-10
1.0081e-10
1.0002e-10
9.923e-11
9.845e-11
9.7676e-11
9.6909e-11
9.6147e-11
9.539e-11
9.464e-11
9.3895e-11
9.3156e-11
9.2422e-11
9.1694e-11
9.0972e-11
9.0255e-11
8.9543e-11
8.8837e-11
8.8136e-11
8.744e-11
8.675e-11
8.6065e-11
8.5385e-11
8.4711e-11
8.4041e-11
8.3377e-11
8.2717e-11
8.2063e-11
8.1414e-11
8.0769e-11
8.013e-11
7.9495e-11
7.8865e-11
7.824e-11
7.762e-11
7.7004e-11
7.6394e-11
7.5787e-11
7.5186e-11
7.4589e-11
7.3997e-11
7.3409e-11
7.2825e-11
7.2247e-11
7.1672e-11
7.1102e-11
7.0536e-11
6.9975e-11
6.9418e-11
6.8865e-11
6.8317e-11
6.7772e-11
6.7232e-11
6.6696e-11
6.6164e-11
6.5636e-11
6.5113e-11
6.4593e-11
6.4077e-11
6.3565e-11
6.3057e-11
6.2553e-11
6.2053e-11
6.1557e-11
6.1065e-11
6.0576e-11
6.0091e-11
5.961e-11
5.9133e-11
5.8659e-11
5.8189e-11
5.7723e-11
5.726e-11
5.6801e-11
5.6345e-11
5.5893e-11
5.5444e-11
5.4999e-11
5.4557e-11
5.4119e-11
5.3684e-11
5.3252e-11
5.2824e-11
5.2399e-11
5.1977e-11
5.1559e-11
5.1144e-11
5.0732e-11
5.0323e-11
4.9918e-11
4.9515e-11
4.9116e-11
4.872e-11
4.8327e-11
4.7937e-11
4.755e-11
4.7166e-11
4.6785e-11
4.6407e-11
4.6032e-11
4.566e-11
4.529e-11
4.4924e-11
4.456e-11
4.42e-11
4.3842e-11
4.3487e-11
4.3134e-11
4.2785e-11
4.2438e-11
4.2094e-11
4.1753e-11
4.1414e-11
4.1078e-11
4.0744e-11
4.0413e-11
4.0085e-11
3.9759e-11
3.9436e-11
3.9116e-11
3.8797e-11
3.8482e-11
3.8169e-11
3.7858e-11
3.755e-11
3.7244e-11
3.6941e-11
3.664e-11
3.6341e-11
3.6045e-11
3.5751e-11
3.5459e-11
3.5169e-11
3.4882e-11
3.4598e-11
3.4315e-11
3.4035e-11
3.3756e-11
3.348e-11
3.3207e-11
3.2935e-11
3.2666e-11
3.2398e-11
3.2133e-11
3.187e-11
3.1609e-11
3.135e-11
3.1093e-11
3.0838e-11
3.0585e-11
3.0334e-11
3.0085e-11
2.9838e-11
2.9593e-11
2.935e-11
2.9109e-11
2.887e-11
2.8632e-11
2.8397e-11
2.8163e-11
2.7931e-11
2.7702e-11
2.7474e-11
2.7247e-11
2.7023e-11
2.68e-11
2.6579e-11
2.636e-11
2.6143e-11
2.5927e-11
2.5713e-11
2.5501e-11
2.529e-11
2.5082e-11
2.4874e-11
2.4669e-11
2.4465e-11
2.4263e-11
2.4062e-11
2.3863e-11
2.3665e-11
2.3469e-11
2.3275e-11
2.3082e-11
2.2891e-11
2.2701e-11
2.2513e-11
2.2327e-11
2.2141e-11
2.1958e-11
2.1775e-11
2.1595e-11
2.1415e-11
2.1237e-11
2.1061e-11
2.0886e-11
2.0712e-11
2.054e-11
2.0369e-11
2.02e-11
2.0032e-11
1.9865e-11
1.9699e-11
1.9535e-11
1.9372e-11
1.9211e-11
1.9051e-11
1.8892e-11
1.8734e-11
1.8578e-11
1.8423e-11
1.8269e-11
1.8117e-11
1.7965e-11
1.7815e-11
1.7666e-11
1.7518e-11
1.7372e-11
1.7227e-11
1.7082e-11
1.6939e-11
1.6798e-11
1.6657e-11
1.6517e-11
1.6379e-11
1.6242e-11
1.6105e-11
1.597e-11
1.5836e-11
1.5703e-11
1.5572e-11
1.5441e-11
1.5311e-11
1.5183e-11
1.5055e-11
1.4928e-11
1.4803e-11
1.4678e-11
1.4555e-11
1.4432e-11
1.4311e-11
1.419e-11
1.4071e-11
1.3952e-11
1.3835e-11
1.3718e-11
1.3602e-11
1.3488e-11
1.3374e-11
1.3261e-11
1.3149e-11
1.3038e-11
1.2928e-11
1.2819e-11
1.271e-11
1.2603e-11
1.2496e-11
1.2391e-11
1.2286e-11
1.2182e-11
1.2079e-11
1.1976e-11
1.1875e-11
1.1774e-11
1.1674e-11
1.1575e-11
1.1477e-11
1.138e-11
1.1283e-11
1.1188e-11
1.1093e-11
1.0998e-11
1.0905e-11
1.0812e-11
1.072e-11
1.0629e-11
1.0539e-11
1.0449e-11
1.036e-11
1.0272e-11
1.0185e-11
1.0098e-11
1.0012e-11
9.9266e-12
9.842e-12
9.7581e-12
9.6749e-12
9.5923e-12
9.5105e-12
9.4293e-12
9.3488e-12
9.269e-12
9.1898e-12
9.1112e-12
9.0334e-12
8.9561e-12
8.8795e-12
8.8036e-12
8.7283e-12
8.6536e-12
8.5795e-12
8.506e-12
8.4331e-12
8.3609e-12
8.2892e-12
8.2181e-12
8.1477e-12
8.0778e-12
8.0085e-12
7.9397e-12
7.8716e-12
7.804e-12
7.7369e-12
7.6704e-12
7.6045e-12
7.5391e-12
7.4743e-12
7.41e-12
7.3463e-12
7.283e-12
7.2203e-12
7.1581e-12
7.0965e-12
7.0353e-12
6.9747e-12
6.9146e-12
6.855e-12
6.7958e-12
6.7372e-12
6.679e-12
6.6214e-12
6.5642e-12
6.5075e-12
6.4513e-12
6.3955e-12
6.3402e-12
6.2854e-12
6.231e-12
6.1771e-12
6.1237e-12
6.0707e-12
6.0181e-12
5.966e-12
5.9143e-12
5.863e-12
5.8122e-12
5.7618e-12
5.7118e-12
5.6623e-12
5.6131e-12
5.5644e-12
5.5161e-12
5.4682e-12
5.4207e-12
5.3736e-12
5.3269e-12
5.2805e-12
5.2346e-12
5.1891e-12
5.1439e-12
5.0991e-12
5.0547e-12
5.0107e-12
4.9671e-12
4.9238e-12
4.8809e-12
4.8383e-12
4.7961e-12
4.7543e-12
4.7128e-12
4.6717e-12
4.6309e-12
4.5904e-12
4.5503e-12
4.5106e-12
4.4712e-12
4.4321e-12
4.3933e-12
4.3549e-12
4.3168e-12
4.279e-12
4.2415e-12
4.2044e-12
4.1676e-12
4.131e-12
4.0948e-12
4.0589e-12
4.0234e-12
3.9881e-12
3.9531e-12
3.9184e-12
3.884e-12
3.8499e-12
3.8161e-12
3.7825e-12
3.7493e-12
3.7163e-12
3.6837e-12
3.6513e-12
3.6191e-12
3.5873e-12
3.5557e-12
3.5244e-12
3.4934e-12
3.4626e-12
3.4321e-12
3.4018e-12
3.3719e-12
3.3421e-12
3.3126e-12
3.2834e-12
3.2544e-12
3.2257e-12
3.1972e-12
3.169e-12
3.141e-12
3.1132e-12
3.0857e-12
3.0584e-12
3.0314e-12
3.0045e-12
2.9779e-12
2.9516e-12
2.9254e-12
2.8995e-12
2.8738e-12
2.8484e-12
2.8231e-12
2.7981e-12
2.7733e-12
2.7487e-12
2.7243e-12
2.7001e-12
2.6761e-12
2.6524e-12
2.6288e-12
2.6055e-12
2.5823e-12
2.5593e-12
2.5366e-12
2.514e-12
2.4916e-12
2.4695e-12
2.4475e-12
2.4257e-12
2.4041e-12
2.3827e-12
2.3614e-12
2.3404e-12
2.3195e-12
2.2988e-12
2.2783e-12
2.258e-12
2.2378e-12
2.2179e-12
2.1981e-12
2.1784e-12
2.159e-12
2.1397e-12
2.1205e-12
2.1016e-12
2.0828e-12
2.0641e-12
2.0457e-12
2.0273e-12
2.0092e-12
1.9912e-12
1.9734e-12
1.9557e-12
1.9381e-12
1.9208e-12
1.9035e-12
1.8865e-12
1.8695e-12
1.8527e-12
1.8361e-12
1.8196e-12
1.8033e-12
1.7871e-12
1.771e-12
1.7551e-12
1.7393e-12
1.7237e-12
1.7082e-12
1.6928e-12
1.6775e-12
1.6624e-12
1.6475e-12
1.6326e-12
1.6179e-12
1.6033e-12
1.5889e-12
1.5745e-12
1.5603e-12
1.5463e-12
1.5323e-12
1.5185e-12
1.5047e-12
1.4912e-12
1.4777e-12
1.4643e-12
1.4511e-12
1.438e-12
1.425e-12
1.4121e-12
1.3993e-12
1.3866e-12
1.3741e-12
1.3616e-12
1.3493e-12
1.3371e-12
1.3249e-12
1.3129e-12
1.301e-12
1.2892e-12
1.2775e-12
1.2659e-12
1.2544e-12
1.243e-12
1.2318e-12
1.2206e-12
1.2095e-12
1.1985e-12
1.1876e-12
1.1768e-12
1.1661e-12
1.1555e-12
1.1449e-12
1.1345e-12
1.1242e-12
1.1139e-12
1.1038e-12
1.0937e-12
1.0838e-12
1.0739e-12
1.0641e-12
1.0544e-12
1.0448e-12
1.0352e-12
1.0258e-12
1.0164e-12
1.0071e-12
9.9791e-13
9.8879e-13
9.7975e-13
9.7079e-13
9.6191e-13
9.531e-13
9.4438e-13
9.3574e-13
9.2717e-13
9.1868e-13
9.1026e-13
9.0192e-13
8.9365e-13
8.8546e-13
8.7733e-13
8.6929e-13
8.6131e-13
8.534e-13
8.4557e-13
8.378e-13
8.3011e-13
8.2248e-13
8.1492e-13
8.0743e-13
8.0001e-13
7.9265e-13
7.8536e-13
7.7813e-13
7.7097e-13
7.6387e-13
7.5683e-13
7.4986e-13
7.4295e-13
7.3611e-13
7.2932e-13
7.2259e-13
7.1593e-13
7.0932e-13
7.0278e-13
6.9629e-13
6.8986e-13
6.8349e-13
6.7718e-13
6.7092e-13
6.6472e-13
6.5857e-13
6.5248e-13
6.4645e-13
6.4047e-13
6.3454e-13
6.2866e-13
6.2284e-13
6.1707e-13
6.1136e-13
6.0569e-13
6.0008e-13
5.9452e-13
5.89e-13
5.8354e-13
5.7812e-13
5.7276e-13
5.6744e-13
5.6217e-13
5.5695e-13
5.5178e-13
5.4665e-13
5.4157e-13
5.3653e-13
5.3154e-13
5.266e-13
5.217e-13
5.1684e-13
5.1203e-13
5.0726e-13
5.0254e-13
4.9786e-13
4.9322e-13
4.8862e-13
4.8406e-13
4.7955e-13
4.7508e-13
4.7064e-13
4.6625e-13
4.619e-13
4.5759e-13
4.5331e-13
4.4908e-13
4.4488e-13
4.4072e-13
4.366e-13
4.3252e-13
4.2847e-13
4.2446e-13
4.2049e-13
4.1655e-13
4.1265e-13
4.0879e-13
4.0496e-13
4.0116e-13
3.974e-13
3.9368e-13
3.8998e-13
3.8632e-13
3.827e-13
3.7911e-13
3.7555e-13
3.7202e-13
3.6853e-13
3.6507e-13
3.6164e-13
3.5824e-13
3.5487e-13
3.5153e-13
3.4822e-13
3.4495e-13
3.417e-13
3.3848e-13
3.353e-13
3.3214e-13
3.2901e-13
3.2591e-13
3.2284e-13
3.1979e-13
3.1678e-13
3.1379e-13
3.1083e-13
3.0789e-13
3.0499e-13
3.0211e-13
2.9925e-13
2.9643e-13
2.9363e-13
2.9085e-13
2.881e-13
2.8538e-13
2.8268e-13
2.8e-13
2.7735e-13
2.7473e-13
2.7212e-13
2.6955e-13
2.6699e-13
2.6446e-13
2.6196e-13
2.5947e-13
2.5701e-13
2.5457e-13
2.5216e-13
2.4977e-13
2.474e-13
2.4505e-13
2.4272e-13
2.4041e-13
2.3813e-13
2.3587e-13
2.3362e-13
2.314e-13
2.292e-13
2.2702e-13
2.2486e-13
2.2272e-13
2.206e-13
2.185e-13
2.1642e-13
2.1435e-13
2.1231e-13
2.1029e-13
2.0828e-13
2.063e-13
2.0433e-13
2.0238e-13
2.0045e-13
1.9853e-13
1.9664e-13
1.9476e-13
1.929e-13
1.9105e-13
1.8923e-13
1.8742e-13
1.8562e-13
1.8385e-13
1.8209e-13
1.8035e-13
1.7862e-13
1.7691e-13
1.7522e-13
1.7354e-13
1.7187e-13
1.7023e-13
1.6859e-13
1.6698e-13
1.6538e-13
1.6379e-13
1.6222e-13
1.6066e-13
1.5912e-13
1.5759e-13
1.5607e-13
1.5457e-13
1.5309e-13
1.5162e-13
1.5016e-13
1.4871e-13
1.4728e-13
1.4587e-13
1.4446e-13
1.4307e-13
1.4169e-13
1.4033e-13
1.3898e-13
1.3764e-13
1.3631e-13
1.35e-13
1.3369e-13
1.324e-13
1.3113e-13
1.2986e-13
1.2861e-13
1.2736e-13
1.2613e-13
1.2492e-13
1.2371e-13
1.2251e-13
1.2133e-13
1.2016e-13
1.1899e-13
1.1784e-13
1.167e-13
1.1557e-13
1.1445e-13
1.1334e-13
1.1225e-13
1.1116e-13
1.1008e-13
1.0901e-13
1.0796e-13
1.0691e-13
1.0587e-13
1.0484e-13
1.0383e-13
1.0282e-13
1.0182e-13
1.0083e-13
9.9851e-14
9.8881e-14
9.7919e-14
9.6967e-14
9.6024e-14
9.509e-14
9.4165e-14
9.3248e-14
9.234e-14
9.1441e-14
9.055e-14
8.9668e-14
8.8794e-14
8.7929e-14
8.7072e-14
8.6223e-14
8.5381e-14
8.4548e-14
8.3723e-14
8.2906e-14
8.2097e-14
8.1295e-14
8.0501e-14
7.9714e-14
7.8935e-14
7.8163e-14
7.7399e-14
7.6642e-14
7.5892e-14
7.515e-14
7.4414e-14
7.3685e-14
7.2964e-14
7.2249e-14
7.1541e-14
7.084e-14
7.0146e-14
6.9458e-14
6.8777e-14
6.8102e-14
6.7434e-14
6.6772e-14
6.6117e-14
6.5468e-14
6.4825e-14
6.4188e-14
6.3557e-14
6.2933e-14
6.2314e-14
6.1701e-14
6.1094e-14
6.0493e-14
5.9898e-14
5.9309e-14
5.8725e-14
5.8146e-14
5.7574e-14
5.7007e-14
5.6445e-14
5.5888e-14
5.5337e-14
5.4792e-14
5.4251e-14
5.3716e-14
5.3186e-14
5.2661e-14
5.2141e-14
5.1626e-14
5.1116e-14
5.0611e-14
5.0111e-14
4.9616e-14
4.9125e-14
4.8639e-14
4.8158e-14
4.7681e-14
4.721e-14
4.6742e-14
4.6279e-14
4.5821e-14
4.5367e-14
4.4918e-14
4.4472e-14
4.4032e-14
4.3595e-14
4.3163e-14
4.2734e-14
4.231e-14
4.189e-14
4.1474e-14
4.1063e-14
4.0655e-14
4.0251e-14
3.9851e-14
3.9455e-14
3.9063e-14
3.8674e-14
3.8289e-14
3.7909e-14
3.7531e-14
3.7158e-14
3.6788e-14
3.6421e-14
3.6059e-14
3.5699e-14
3.5344e-14
3.4991e-14
3.4642e-14
3.4297e-14
3.3955e-14
3.3616e-14
3.3281e-14
3.2948e-14
3.2619e-14
3.2294e-14
3.1971e-14
3.1652e-14
3.1335e-14
3.1022e-14
3.0712e-14
3.0405e-14
3.0101e-14
2.98e-14
2.9501e-14
2.9206e-14
2.8914e-14
2.8624e-14
2.8337e-14
2.8053e-14
2.7772e-14
2.7494e-14
2.7218e-14
2.6945e-14
2.6675e-14
2.6407e-14
2.6142e-14
2.588e-14
2.562e-14
2.5363e-14
2.5108e-14
2.4856e-14
2.4606e-14
2.4359e-14
2.4114e-14
2.3871e-14
2.3631e-14
2.3393e-14
2.3158e-14
2.2925e-14
2.2694e-14
2.2466e-14
2.2239e-14
2.2015e-14
2.1793e-14
2.1574e-14
2.1356e-14
2.1141e-14
2.0928e-14
2.0717e-14
2.0508e-14
2.0301e-14
2.0096e-14
1.9893e-14
1.9692e-14
1.9493e-14
1.9296e-14
1.9101e-14
1.8908e-14
1.8717e-14
1.8527e-14
1.834e-14
1.8154e-14
1.7971e-14
1.7789e-14
1.7609e-14
1.743e-14
1.7254e-14
1.7079e-14
1.6906e-14
1.6735e-14
1.6565e-14
1.6397e-14
1.6231e-14
1.6066e-14
1.5903e-14
1.5742e-14
1.5582e-14
1.5424e-14
1.5267e-14
1.5112e-14
1.4959e-14
1.4807e-14
1.4656e-14
1.4507e-14
1.436e-14
1.4214e-14
1.4069e-14
1.3926e-14
1.3784e-14
1.3644e-14
1.3505e-14
1.3368e-14
1.3232e-14
1.3097e-14
1.2963e-14
1.2831e-14
1.2701e-14
1.2571e-14
1.2443e-14
1.2316e-14
1.219e-14
1.2066e-14
1.1943e-14
1.1821e-14
1.17e-14
1.1581e-14
1.1463e-14
1.1346e-14
1.123e-14
1.1115e-14
1.1002e-14
1.0889e-14
1.0778e-14
1.0668e-14
1.0559e-14
1.0451e-14
1.0344e-14
1.0238e-14
1.0133e-14
1.003e-14
9.927e-15
9.8254e-15
9.7249e-15
9.6253e-15
9.5268e-15
9.4292e-15
9.3326e-15
9.237e-15
9.1424e-15
9.0488e-15
8.956e-15
8.8643e-15
8.7734e-15
8.6835e-15
8.5945e-15
8.5064e-15
8.4191e-15
8.3328e-15
8.2473e-15
8.1628e-15
8.079e-15
7.9962e-15
7.9141e-15
7.8329e-15
7.7526e-15
7.673e-15
7.5943e-15
7.5163e-15
7.4392e-15
7.3628e-15
7.2873e-15
7.2125e-15
7.1384e-15
7.0652e-15
6.9926e-15
6.9209e-15
6.8498e-15
6.7795e-15
6.7099e-15
6.641e-15
6.5729e-15
6.5054e-15
6.4386e-15
6.3725e-15
6.3071e-15
6.2424e-15
6.1783e-15
6.1149e-15
6.0522e-15
5.9901e-15
5.9286e-15
5.8678e-15
5.8076e-15
5.7481e-15
5.6891e-15
5.6308e-15
5.5731e-15
5.516e-15
5.4595e-15
5.4035e-15
5.3482e-15
5.2934e-15
5.2392e-15
5.1856e-15
5.1325e-15
5.08e-15
5.028e-15
4.9766e-15
4.9257e-15
4.8754e-15
4.8256e-15
4.7763e-15
4.7276e-15
4.6793e-15
4.6316e-15
4.5844e-15
4.5377e-15
4.4914e-15
4.4457e-15
4.4005e-15
4.3557e-15
4.3114e-15
4.2676e-15
4.2243e-15
4.1814e-15
4.139e-15
4.0971e-15
4.0556e-15
4.0145e-15
3.9739e-15
3.9337e-15
3.894e-15
3.8547e-15
3.8159e-15
3.7774e-15
3.7394e-15
3.7018e-15
3.6646e-15
3.6279e-15
3.5915e-15
3.5555e-15
3.52e-15
3.4848e-15
3.45e-15
3.4157e-15
3.3817e-15
3.348e-15
3.3148e-15
3.2819e-15
3.2494e-15
3.2173e-15
3.1856e-15
3.1542e-15
3.1231e-15
3.0925e-15
3.0622e-15
3.0322e-15
3.0026e-15
2.9733e-15
2.9444e-15
2.9158e-15
2.8875e-15
2.8596e-15
2.832e-15
2.8048e-15
2.7778e-15
2.7512e-15
2.7249e-15
2.699e-15
2.6733e-15
2.648e-15
2.623e-15
2.5983e-15
2.5739e-15
2.5498e-15
2.526e-15
2.5025e-15
2.4793e-15
2.4564e-15
2.4338e-15
2.4114e-15
2.3894e-15
2.3677e-15
2.3462e-15
2.3251e-15
2.3042e-15
2.2836e-15
2.2633e-15
2.2432e-15
2.2235e-15
2.204e-15
2.1848e-15
2.1658e-15
2.1471e-15
2.1287e-15
2.1106e-15
2.0927e-15
2.0751e-15
2.0577e-15
2.0407e-15
2.0238e-15
2.0072e-15
1.9909e-15
1.9749e-15
1.9591e-15
1.9435e-15
1.9282e-15
1.9132e-15
1.8984e-15
1.8838e-15
1.8695e-15
1.8555e-15
1.8416e-15
1.8281e-15
1.8148e-15
1.8017e-15
1.7889e-15
1.7763e-15
1.7639e-15
1.7518e-15
1.74e-15
1.7284e-15
1.717e-15
1.7058e-15
1.6949e-15
1.6843e-15
1.6738e-15
1.6636e-15
1.6537e-15
1.644e-15
1.6345e-15
1.6253e-15
1.6162e-15
1.6075e-15
1.5989e-15
1.5907e-15
1.5826e-15
1.5748e-15
1.5672e-15
1.5598e-15
1.5527e-15
1.5459e-15
