3.7242e-09
3.7128e-09
3.7014e-09
3.6901e-09
3.6788e-09
3.6675e-09
3.6563e-09
3.6451e-09
3.6339e-09
3.6228e-09
3.6117e-09
3.6006e-09
3.5896e-09
3.5786e-09
3.5676e-09
3.5567e-09
3.5458e-09
3.5349e-09
3.524e-09
3.5132e-09
3.5024e-09
3.4917e-09
3.4809e-09
3.4702e-09
3.4596e-09
3.449e-09
3.4384e-09
3.4278e-09
3.4173e-09
3.4067e-09
3.3963e-09
3.3858e-09
3.3754e-09
3.365e-09
3.3547e-09
3.3444e-09
3.3341e-09
3.3238e-09
3.3136e-09
3.3034e-09
3.2932e-09
3.2831e-09
3.2729e-09
3.2629e-09
3.2528e-09
3.2428e-09
3.2328e-09
3.2229e-09
3.2129e-09
3.203e-09
3.1932e-09
3.1833e-09
3.1735e-09
3.1637e-09
3.154e-09
3.1442e-09
3.1346e-09
3.1249e-09
3.1153e-09
3.1057e-09
3.0961e-09
3.0865e-09
3.077e-09
3.0675e-09
3.0581e-09
3.0486e-09
3.0392e-09
3.0299e-09
3.0205e-09
3.0112e-09
3.0019e-09
2.9927e-09
2.9835e-09
2.9743e-09
2.9651e-09
2.956e-09
2.9468e-09
2.9378e-09
2.9287e-09
2.9197e-09
2.9107e-09
2.9017e-09
2.8928e-09
2.8839e-09
2.875e-09
2.8661e-09
2.8573e-09
2.8485e-09
2.8397e-09
2.831e-09
2.8222e-09
2.8136e-09
2.8049e-09
2.7963e-09
2.7877e-09
2.7791e-09
2.7705e-09
2.762e-09
2.7535e-09
2.7451e-09
2.7366e-09
2.7282e-09
2.7198e-09
2.7115e-09
2.7031e-09
2.6948e-09
2.6866e-09
2.6783e-09
2.6701e-09
2.6619e-09
2.6537e-09
2.6456e-09
2.6375e-09
2.6294e-09
2.6213e-09
2.6133e-09
2.6053e-09
2.5973e-09
2.5894e-09
2.5815e-09
2.5736e-09
2.5657e-09
2.5578e-09
2.55e-09
2.5422e-09
2.5345e-09
2.5267e-09
2.519e-09
2.5113e-09
2.5037e-09
2.4961e-09
2.4885e-09
2.4809e-09
2.4733e-09
2.4658e-09
2.4583e-09
2.4508e-09
2.4434e-09
2.436e-09
2.4286e-09
2.4212e-09
2.4139e-09
2.4066e-09
2.3993e-09
2.392e-09
2.3848e-09
2.3775e-09
2.3704e-09
2.3632e-09
2.3561e-09
2.349e-09
2.3419e-09
2.3348e-09
2.3278e-09
2.3208e-09
2.3138e-09
2.3069e-09
2.2999e-09
2.293e-09
2.2862e-09
2.2793e-09
2.2725e-09
2.2657e-09
2.2589e-09
2.2522e-09
2.2454e-09
2.2387e-09
2.2321e-09
2.2254e-09
2.2188e-09
2.2122e-09
2.2056e-09
2.1991e-09
2.1926e-09
2.1861e-09
2.1796e-09
2.1731e-09
2.1667e-09
2.1603e-09
2.154e-09
2.1476e-09
2.1413e-09
2.135e-09
2.1287e-09
2.1225e-09
2.1163e-09
2.1101e-09
2.1039e-09
2.0978e-09
2.0916e-09
2.0855e-09
2.0795e-09
2.0734e-09
2.0674e-09
2.0614e-09
2.0554e-09
2.0495e-09
2.0436e-09
2.0377e-09
2.0318e-09
2.026e-09
2.0201e-09
2.0143e-09
2.0086e-09
2.0028e-09
1.9971e-09
1.9914e-09
1.9857e-09
1.9801e-09
1.9744e-09
1.9688e-09
1.9633e-09
1.9577e-09
1.9522e-09
1.9467e-09
1.9412e-09
1.9358e-09
1.9303e-09
1.9249e-09
1.9195e-09
1.9142e-09
1.9089e-09
1.9036e-09
1.8983e-09
1.893e-09
1.8878e-09
1.8826e-09
1.8774e-09
1.8722e-09
1.8671e-09
1.862e-09
1.8569e-09
1.8518e-09
1.8468e-09
1.8418e-09
1.8368e-09
1.8318e-09
1.8269e-09
1.822e-09
1.8171e-09
1.8122e-09
1.8074e-09
1.8026e-09
1.7978e-09
1.793e-09
1.7883e-09
1.7836e-09
1.7789e-09
1.7742e-09
1.7696e-09
1.7649e-09
1.7603e-09
1.7558e-09
1.7512e-09
1.7467e-09
1.7422e-09
1.7377e-09
1.7333e-09
1.7288e-09
1.7244e-09
1.7201e-09
1.7157e-09
1.7114e-09
1.7071e-09
1.7028e-09
1.6985e-09
1.6943e-09
1.6901e-09
1.6859e-09
1.6818e-09
1.6776e-09
1.6735e-09
1.6695e-09
1.6654e-09
1.6614e-09
1.6573e-09
1.6534e-09
1.6494e-09
1.6455e-09
1.6416e-09
1.6377e-09
1.6338e-09
1.63e-09
1.6262e-09
1.6224e-09
1.6186e-09
1.6149e-09
1.6112e-09
1.6075e-09
1.6038e-09
1.6002e-09
1.5966e-09
1.593e-09
1.5894e-09
1.5859e-09
1.5824e-09
1.5789e-09
1.5754e-09
1.572e-09
1.5686e-09
1.5652e-09
1.5618e-09
1.5585e-09
1.5552e-09
1.5519e-09
1.5486e-09
1.5454e-09
1.5422e-09
1.539e-09
1.5358e-09
1.5327e-09
1.5296e-09
1.5265e-09
1.5234e-09
1.5204e-09
1.5174e-09
1.5144e-09
1.5114e-09
1.5085e-09
1.5056e-09
1.5027e-09
1.4998e-09
1.497e-09
1.4942e-09
1.4914e-09
1.4887e-09
1.486e-09
1.4833e-09
1.4806e-09
1.4779e-09
1.4753e-09
1.4727e-09
1.4701e-09
1.4676e-09
1.4651e-09
1.4626e-09
1.4601e-09
1.4577e-09
1.4553e-09
1.4529e-09
1.4505e-09
1.4482e-09
1.4459e-09
1.4436e-09
1.4413e-09
1.4391e-09
1.4369e-09
1.4347e-09
1.4326e-09
1.4304e-09
1.4283e-09
1.4263e-09
1.4242e-09
1.4222e-09
1.4202e-09
1.4183e-09
1.4163e-09
1.4144e-09
1.4126e-09
1.4107e-09
1.4089e-09
1.4071e-09
1.4053e-09
1.4036e-09
1.4019e-09
1.4002e-09
1.3985e-09
1.3969e-09
1.3953e-09
1.3937e-09
1.3922e-09
1.3906e-09
1.3892e-09
1.3877e-09
1.3863e-09
1.3849e-09
1.3835e-09
1.3821e-09
1.3808e-09
1.3795e-09
1.3782e-09
1.377e-09
1.3758e-09
1.3746e-09
1.3735e-09
1.3724e-09
1.3713e-09
1.3702e-09
1.3692e-09
1.3682e-09
1.3672e-09
1.3663e-09
1.3653e-09
1.3645e-09
1.3636e-09
1.3628e-09
1.362e-09
1.3612e-09
1.3605e-09
1.3598e-09
1.3591e-09
1.3585e-09
1.3578e-09
1.3573e-09
1.3567e-09
1.3562e-09
1.3557e-09
1.3552e-09
1.3548e-09
1.3544e-09
1.354e-09
1.3537e-09
1.3534e-09
1.3531e-09
1.3529e-09
1.3527e-09
1.3525e-09
1.3523e-09
1.3522e-09
1.3521e-09
1.3521e-09
1.352e-09
1.3521e-09
1.3521e-09
1.3522e-09
1.3523e-09
1.3524e-09
1.3526e-09
1.3528e-09
1.353e-09
1.3533e-09
1.3536e-09
1.354e-09
1.3543e-09
1.3547e-09
1.3552e-09
1.3556e-09
1.3561e-09
1.3567e-09
1.3573e-09
1.3579e-09
1.3585e-09
1.3592e-09
1.3599e-09
1.3606e-09
1.3614e-09
1.3622e-09
1.3631e-09
1.364e-09
1.3649e-09
1.3659e-09
1.3668e-09
1.3679e-09
1.3689e-09
1.37e-09
1.3712e-09
1.3723e-09
1.3735e-09
1.3748e-09
1.3761e-09
1.3774e-09
1.3787e-09
1.3801e-09
1.3816e-09
1.383e-09
1.3845e-09
1.3861e-09
1.3876e-09
1.3893e-09
1.3909e-09
1.3926e-09
1.3943e-09
1.3961e-09
1.3979e-09
1.3997e-09
1.4016e-09
1.4035e-09
1.4055e-09
1.4075e-09
1.4095e-09
1.4116e-09
1.4137e-09
1.4159e-09
1.4181e-09
1.4203e-09
1.4226e-09
1.4249e-09
1.4273e-09
1.4297e-09
1.4322e-09
1.4346e-09
1.4372e-09
1.4397e-09
1.4423e-09
1.445e-09
1.4477e-09
1.4504e-09
1.4532e-09
1.456e-09
1.4589e-09
1.4618e-09
1.4647e-09
1.4677e-09
1.4708e-09
1.4738e-09
1.477e-09
1.4801e-09
1.4833e-09
1.4866e-09
1.4899e-09
1.4932e-09
1.4966e-09
1.5001e-09
1.5036e-09
1.5071e-09
1.5107e-09
1.5143e-09
1.5179e-09
1.5216e-09
1.5254e-09
1.5292e-09
1.5331e-09
1.537e-09
1.5409e-09
1.5449e-09
1.5489e-09
1.553e-09
1.5572e-09
1.5614e-09
1.5656e-09
1.5699e-09
1.5742e-09
1.5786e-09
1.583e-09
1.5875e-09
1.592e-09
1.5966e-09
1.6013e-09
1.6059e-09
1.6107e-09
1.6155e-09
1.6203e-09
1.6252e-09
1.6301e-09
1.6351e-09
1.6402e-09
1.6453e-09
1.6504e-09
1.6556e-09
1.6609e-09
1.6662e-09
1.6716e-09
1.677e-09
1.6824e-09
1.688e-09
1.6936e-09
1.6992e-09
1.7049e-09
1.7106e-09
1.7164e-09
1.7223e-09
1.7282e-09
1.7342e-09
1.7402e-09
1.7463e-09
1.7525e-09
1.7587e-09
1.7649e-09
1.7713e-09
1.7776e-09
1.7841e-09
1.7906e-09
1.7971e-09
1.8037e-09
1.8104e-09
1.8172e-09
1.824e-09
1.8308e-09
1.8377e-09
1.8447e-09
1.8518e-09
1.8589e-09
1.866e-09
1.8733e-09
1.8806e-09
1.8879e-09
1.8953e-09
1.9028e-09
1.9104e-09
1.918e-09
1.9257e-09
1.9334e-09
1.9412e-09
1.9491e-09
1.957e-09
1.965e-09
1.9731e-09
1.9813e-09
1.9895e-09
1.9978e-09
2.0061e-09
2.0145e-09
2.023e-09
2.0316e-09
2.0402e-09
2.0489e-09
2.0576e-09
2.0665e-09
2.0754e-09
2.0843e-09
2.0934e-09
2.1025e-09
2.1117e-09
2.121e-09
2.1303e-09
2.1397e-09
2.1492e-09
2.1588e-09
2.1684e-09
2.1781e-09
2.1879e-09
2.1978e-09
2.2077e-09
2.2177e-09
2.2278e-09
2.238e-09
2.2482e-09
2.2585e-09
2.2689e-09
2.2794e-09
2.29e-09
2.3006e-09
2.3113e-09
2.3221e-09
2.333e-09
2.344e-09
2.355e-09
2.3662e-09
2.3774e-09
2.3887e-09
2.4e-09
2.4115e-09
2.423e-09
2.4347e-09
2.4464e-09
2.4582e-09
2.4701e-09
2.482e-09
2.4941e-09
2.5062e-09
2.5185e-09
2.5308e-09
2.5432e-09
2.5557e-09
2.5683e-09
2.581e-09
2.5937e-09
2.6066e-09
2.6195e-09
2.6326e-09
2.6457e-09
2.659e-09
2.6723e-09
2.6857e-09
2.6992e-09
2.7128e-09
2.7265e-09
2.7403e-09
2.7542e-09
2.7682e-09
2.7823e-09
2.7965e-09
2.8108e-09
2.8251e-09
2.8396e-09
2.8542e-09
2.8689e-09
2.8837e-09
2.8985e-09
2.9135e-09
2.9286e-09
2.9438e-09
2.9591e-09
2.9745e-09
2.99e-09
3.0056e-09
3.0213e-09
3.0372e-09
3.0531e-09
3.0691e-09
3.0853e-09
3.1015e-09
3.1179e-09
3.1343e-09
3.1509e-09
3.1676e-09
3.1844e-09
3.2013e-09
3.2184e-09
3.2355e-09
3.2527e-09
3.2701e-09
3.2876e-09
3.3052e-09
3.3229e-09
3.3407e-09
3.3587e-09
3.3768e-09
3.3949e-09
3.4132e-09
3.4317e-09
3.4502e-09
3.4689e-09
3.4877e-09
3.5066e-09
3.5256e-09
3.5448e-09
3.564e-09
3.5834e-09
3.603e-09
3.6226e-09
3.6424e-09
3.6623e-09
3.6823e-09
3.7025e-09
3.7228e-09
3.7432e-09
3.7638e-09
3.7845e-09
3.8053e-09
3.8263e-09
3.8473e-09
3.8686e-09
3.8899e-09
3.9114e-09
3.933e-09
3.9548e-09
3.9767e-09
3.9987e-09
4.0209e-09
4.0432e-09
4.0657e-09
4.0883e-09
4.1111e-09
4.1339e-09
4.157e-09
4.1801e-09
4.2035e-09
4.2269e-09
4.2505e-09
4.2743e-09
4.2982e-09
4.3223e-09
4.3465e-09
4.3708e-09
4.3954e-09
4.42e-09
4.4448e-09
4.4698e-09
4.4949e-09
4.5202e-09
4.5456e-09
4.5712e-09
4.597e-09
4.6229e-09
4.6489e-09
4.6752e-09
4.7016e-09
4.7281e-09
4.7548e-09
4.7817e-09
4.8087e-09
4.8359e-09
4.8633e-09
4.8909e-09
4.9186e-09
4.9464e-09
4.9745e-09
5.0027e-09
5.0311e-09
5.0597e-09
5.0884e-09
5.1173e-09
5.1464e-09
5.1756e-09
5.2051e-09
5.2347e-09
5.2645e-09
5.2944e-09
5.3246e-09
5.3549e-09
5.3854e-09
5.4161e-09
5.447e-09
5.4781e-09
5.5094e-09
5.5408e-09
5.5724e-09
5.6042e-09
5.6363e-09
5.6685e-09
5.7009e-09
5.7334e-09
5.7662e-09
5.7992e-09
5.8324e-09
5.8657e-09
5.8993e-09
5.9331e-09
5.967e-09
6.0012e-09
6.0356e-09
6.0701e-09
6.1049e-09
6.1399e-09
6.1751e-09
6.2105e-09
6.2461e-09
6.2819e-09
6.3179e-09
6.3542e-09
6.3906e-09
6.4273e-09
6.4642e-09
6.5013e-09
6.5386e-09
6.5761e-09
6.6139e-09
6.6519e-09
6.69e-09
6.7285e-09
6.7671e-09
6.806e-09
6.8451e-09
6.8844e-09
6.9239e-09
6.9637e-09
7.0037e-09
7.044e-09
7.0845e-09
7.1252e-09
7.1661e-09
7.2073e-09
7.2487e-09
7.2904e-09
7.3323e-09
7.3745e-09
7.4169e-09
7.4595e-09
7.5024e-09
7.5455e-09
7.5889e-09
7.6325e-09
7.6764e-09
7.7205e-09
7.7649e-09
7.8095e-09
7.8544e-09
7.8996e-09
7.945e-09
7.9907e-09
8.0366e-09
8.0828e-09
8.1293e-09
8.176e-09
8.223e-09
8.2702e-09
8.3178e-09
8.3656e-09
8.4137e-09
8.462e-09
8.5106e-09
8.5595e-09
8.6087e-09
8.6582e-09
8.7079e-09
8.7579e-09
8.8082e-09
8.8588e-09
8.9097e-09
8.9608e-09
9.0123e-09
9.064e-09
9.1161e-09
9.1684e-09
9.221e-09
9.2739e-09
9.3271e-09
9.3807e-09
9.4345e-09
9.4886e-09
9.543e-09
9.5978e-09
9.6528e-09
9.7082e-09
9.7638e-09
9.8198e-09
9.8761e-09
9.9327e-09
9.9896e-09
1.0047e-08
1.0104e-08
1.0162e-08
1.022e-08
1.0279e-08
1.0338e-08
1.0397e-08
1.0457e-08
1.0516e-08
1.0577e-08
1.0637e-08
1.0698e-08
1.0759e-08
1.0821e-08
1.0882e-08
1.0945e-08
1.1007e-08
1.107e-08
1.1133e-08
1.1197e-08
1.1261e-08
1.1325e-08
1.139e-08
1.1455e-08
1.152e-08
1.1586e-08
1.1652e-08
1.1719e-08
1.1785e-08
1.1853e-08
1.192e-08
1.1988e-08
1.2056e-08
1.2125e-08
1.2194e-08
1.2264e-08
1.2333e-08
1.2404e-08
1.2474e-08
1.2545e-08
1.2617e-08
1.2688e-08
1.2761e-08
1.2833e-08
1.2906e-08
1.2979e-08
1.3053e-08
1.3127e-08
1.3202e-08
1.3277e-08
1.3352e-08
1.3428e-08
1.3504e-08
1.3581e-08
1.3658e-08
1.3735e-08
1.3813e-08
1.3891e-08
1.397e-08
1.4049e-08
1.4129e-08
1.4209e-08
1.4289e-08
1.437e-08
1.4451e-08
1.4533e-08
1.4615e-08
1.4698e-08
1.4781e-08
1.4864e-08
1.4948e-08
1.5033e-08
1.5118e-08
1.5203e-08
1.5289e-08
1.5375e-08
1.5462e-08
1.5549e-08
1.5637e-08
1.5725e-08
1.5813e-08
1.5903e-08
1.5992e-08
1.6082e-08
1.6173e-08
1.6264e-08
1.6355e-08
1.6447e-08
1.654e-08
1.6633e-08
1.6726e-08
1.682e-08
1.6914e-08
1.7009e-08
1.7105e-08
1.7201e-08
1.7297e-08
1.7394e-08
1.7492e-08
1.759e-08
1.7688e-08
1.7787e-08
1.7887e-08
1.7987e-08
1.8088e-08
1.8189e-08
1.8291e-08
1.8393e-08
1.8496e-08
1.8599e-08
1.8703e-08
1.8808e-08
1.8913e-08
1.9018e-08
1.9124e-08
1.9231e-08
1.9338e-08
1.9446e-08
1.9555e-08
1.9664e-08
1.9773e-08
1.9883e-08
1.9994e-08
2.0105e-08
2.0217e-08
2.0329e-08
2.0442e-08
2.0556e-08
2.067e-08
2.0785e-08
2.09e-08
2.1017e-08
2.1133e-08
2.125e-08
2.1368e-08
2.1487e-08
2.1606e-08
2.1726e-08
2.1846e-08
2.1967e-08
2.2088e-08
2.2211e-08
2.2334e-08
2.2457e-08
2.2581e-08
2.2706e-08
2.2831e-08
2.2958e-08
2.3084e-08
2.3212e-08
2.334e-08
2.3468e-08
2.3598e-08
2.3728e-08
2.3859e-08
2.399e-08
2.4122e-08
2.4255e-08
2.4389e-08
2.4523e-08
2.4658e-08
2.4793e-08
2.4929e-08
2.5066e-08
2.5204e-08
2.5342e-08
2.5481e-08
2.5621e-08
2.5762e-08
2.5903e-08
2.6045e-08
2.6188e-08
2.6331e-08
2.6475e-08
2.662e-08
2.6766e-08
2.6912e-08
2.706e-08
2.7207e-08
2.7356e-08
2.7506e-08
2.7656e-08
2.7807e-08
2.7958e-08
2.8111e-08
2.8264e-08
2.8418e-08
2.8573e-08
2.8729e-08
2.8885e-08
2.9043e-08
2.9201e-08
2.9359e-08
2.9519e-08
2.968e-08
2.9841e-08
3.0003e-08
3.0166e-08
3.033e-08
3.0494e-08
3.066e-08
3.0826e-08
3.0993e-08
3.1161e-08
3.133e-08
3.1499e-08
3.167e-08
3.1841e-08
3.2014e-08
3.2187e-08
3.2361e-08
3.2536e-08
3.2711e-08
3.2888e-08
3.3066e-08
3.3244e-08
3.3423e-08
3.3603e-08
3.3785e-08
3.3967e-08
3.415e-08
3.4333e-08
3.4518e-08
3.4704e-08
3.4891e-08
3.5078e-08
3.5267e-08
3.5456e-08
3.5647e-08
3.5838e-08
3.603e-08
3.6224e-08
3.6418e-08
3.6613e-08
3.6809e-08
3.7007e-08
3.7205e-08
3.7404e-08
3.7604e-08
3.7805e-08
3.8007e-08
3.821e-08
3.8415e-08
3.862e-08
3.8826e-08
3.9033e-08
3.9242e-08
3.9451e-08
3.9661e-08
3.9873e-08
4.0085e-08
4.0298e-08
4.0513e-08
4.0729e-08
4.0945e-08
4.1163e-08
4.1382e-08
4.1602e-08
4.1823e-08
4.2045e-08
4.2268e-08
4.2492e-08
4.2717e-08
4.2944e-08
4.3172e-08
4.34e-08
4.363e-08
4.3861e-08
4.4093e-08
4.4326e-08
4.4561e-08
4.4796e-08
4.5033e-08
4.5271e-08
4.551e-08
4.575e-08
4.5991e-08
4.6234e-08
4.6478e-08
4.6723e-08
4.6969e-08
4.7216e-08
4.7465e-08
4.7714e-08
4.7965e-08
4.8218e-08
4.8471e-08
4.8726e-08
4.8982e-08
4.9239e-08
4.9497e-08
4.9757e-08
5.0018e-08
5.028e-08
5.0543e-08
5.0808e-08
5.1074e-08
5.1341e-08
5.161e-08
5.188e-08
5.2151e-08
5.2424e-08
5.2697e-08
5.2973e-08
5.3249e-08
5.3527e-08
5.3806e-08
5.4087e-08
5.4368e-08
5.4652e-08
5.4936e-08
5.5222e-08
5.551e-08
5.5798e-08
5.6088e-08
5.638e-08
5.6673e-08
5.6967e-08
5.7263e-08
5.756e-08
5.7859e-08
5.8159e-08
5.846e-08
5.8763e-08
5.9067e-08
5.9373e-08
5.968e-08
5.9989e-08
6.0299e-08
6.0611e-08
6.0924e-08
6.1239e-08
6.1555e-08
6.1873e-08
6.2192e-08
6.2512e-08
6.2835e-08
6.3158e-08
6.3484e-08
6.3811e-08
6.4139e-08
6.4469e-08
6.4801e-08
6.5134e-08
6.5468e-08
6.5805e-08
6.6142e-08
6.6482e-08
6.6823e-08
6.7166e-08
6.751e-08
6.7856e-08
6.8203e-08
6.8553e-08
6.8904e-08
6.9256e-08
6.961e-08
6.9966e-08
7.0324e-08
7.0683e-08
7.1044e-08
7.1406e-08
7.1771e-08
7.2137e-08
7.2504e-08
7.2874e-08
7.3245e-08
7.3618e-08
7.3992e-08
7.4369e-08
7.4747e-08
7.5127e-08
7.5509e-08
7.5892e-08
7.6278e-08
7.6665e-08
7.7054e-08
7.7444e-08
7.7837e-08
7.8231e-08
7.8628e-08
7.9026e-08
7.9426e-08
7.9827e-08
8.0231e-08
8.0637e-08
8.1044e-08
8.1453e-08
8.1865e-08
8.2278e-08
8.2693e-08
8.311e-08
8.3529e-08
8.3949e-08
8.4372e-08
8.4797e-08
8.5224e-08
8.5652e-08
8.6083e-08
8.6516e-08
8.695e-08
8.7387e-08
8.7826e-08
8.8266e-08
8.8709e-08
8.9154e-08
8.9601e-08
9.0049e-08
9.05e-08
9.0953e-08
9.1408e-08
9.1866e-08
9.2325e-08
9.2786e-08
9.325e-08
9.3715e-08
9.4183e-08
9.4653e-08
9.5125e-08
9.5599e-08
9.6075e-08
9.6554e-08
9.7035e-08
9.7517e-08
9.8003e-08
9.849e-08
9.8979e-08
9.9471e-08
9.9965e-08
1.0046e-07
1.0096e-07
1.0146e-07
1.0196e-07
1.0247e-07
1.0298e-07
1.0349e-07
1.04e-07
1.0451e-07
1.0503e-07
1.0555e-07
1.0607e-07
1.066e-07
1.0712e-07
1.0765e-07
1.0818e-07
1.0871e-07
1.0925e-07
1.0979e-07
1.1033e-07
1.1087e-07
1.1142e-07
1.1197e-07
1.1252e-07
1.1307e-07
1.1363e-07
1.1418e-07
1.1474e-07
1.1531e-07
1.1587e-07
1.1644e-07
1.1701e-07
1.1758e-07
1.1816e-07
1.1874e-07
1.1932e-07
1.199e-07
1.2049e-07
1.2108e-07
1.2167e-07
1.2226e-07
1.2286e-07
1.2346e-07
1.2406e-07
1.2466e-07
1.2527e-07
1.2588e-07
1.2649e-07
1.2711e-07
1.2773e-07
1.2835e-07
1.2897e-07
1.296e-07
1.3023e-07
1.3086e-07
1.315e-07
1.3213e-07
1.3277e-07
1.3342e-07
1.3406e-07
1.3471e-07
1.3536e-07
1.3602e-07
1.3668e-07
1.3734e-07
1.38e-07
1.3867e-07
1.3933e-07
1.4001e-07
1.4068e-07
1.4136e-07
1.4204e-07
1.4273e-07
1.4341e-07
1.441e-07
1.448e-07
1.4549e-07
1.4619e-07
1.4689e-07
1.476e-07
1.4831e-07
1.4902e-07
1.4973e-07
1.5045e-07
1.5117e-07
1.5189e-07
1.5262e-07
1.5335e-07
1.5409e-07
1.5482e-07
1.5556e-07
1.5631e-07
1.5705e-07
1.578e-07
1.5855e-07
1.5931e-07
1.6007e-07
1.6083e-07
1.616e-07
1.6237e-07
1.6314e-07
1.6391e-07
1.6469e-07
1.6548e-07
1.6626e-07
1.6705e-07
1.6784e-07
1.6864e-07
1.6944e-07
1.7024e-07
1.7105e-07
1.7186e-07
1.7267e-07
1.7349e-07
1.7431e-07
1.7513e-07
1.7596e-07
1.7679e-07
1.7763e-07
1.7847e-07
1.7931e-07
1.8015e-07
1.81e-07
1.8185e-07
1.8271e-07
1.8357e-07
1.8443e-07
1.853e-07
1.8617e-07
1.8705e-07
1.8792e-07
1.8881e-07
1.8969e-07
1.9058e-07
1.9148e-07
1.9237e-07
1.9327e-07
1.9418e-07
1.9509e-07
1.96e-07
1.9692e-07
1.9784e-07
1.9876e-07
1.9969e-07
2.0062e-07
2.0156e-07
2.025e-07
2.0344e-07
2.0439e-07
2.0534e-07
2.0629e-07
2.0725e-07
2.0822e-07
2.0919e-07
2.1016e-07
2.1113e-07
2.1211e-07
2.131e-07
2.1409e-07
2.1508e-07
2.1607e-07
2.1708e-07
2.1808e-07
2.1909e-07
2.201e-07
2.2112e-07
2.2214e-07
2.2317e-07
2.242e-07
2.2523e-07
2.2627e-07
2.2732e-07
2.2836e-07
2.2942e-07
2.3047e-07
2.3153e-07
2.326e-07
2.3367e-07
2.3474e-07
2.3582e-07
2.369e-07
2.3799e-07
2.3908e-07
2.4018e-07
2.4128e-07
2.4238e-07
2.4349e-07
2.4461e-07
2.4573e-07
2.4685e-07
2.4798e-07
2.4911e-07
2.5025e-07
2.5139e-07
2.5254e-07
2.5369e-07
2.5485e-07
2.5601e-07
2.5718e-07
2.5835e-07
2.5952e-07
2.607e-07
2.6189e-07
2.6308e-07
2.6428e-07
2.6548e-07
2.6668e-07
2.6789e-07
2.691e-07
2.7032e-07
2.7155e-07
2.7278e-07
2.7401e-07
2.7525e-07
2.765e-07
2.7775e-07
2.79e-07
2.8026e-07
2.8153e-07
2.828e-07
2.8407e-07
2.8535e-07
2.8664e-07
2.8793e-07
2.8922e-07
2.9053e-07
2.9183e-07
2.9314e-07
2.9446e-07
2.9578e-07
2.9711e-07
2.9844e-07
2.9978e-07
3.0113e-07
3.0247e-07
3.0383e-07
3.0519e-07
3.0655e-07
3.0793e-07
3.093e-07
3.1068e-07
3.1207e-07
3.1346e-07
3.1486e-07
3.1627e-07
3.1768e-07
3.1909e-07
3.2051e-07
3.2194e-07
3.2337e-07
3.2481e-07
3.2625e-07
3.277e-07
3.2916e-07
3.3062e-07
3.3209e-07
3.3356e-07
3.3504e-07
3.3652e-07
3.3801e-07
3.3951e-07
3.4101e-07
3.4252e-07
3.4403e-07
3.4555e-07
3.4708e-07
3.4861e-07
3.5015e-07
3.5169e-07
3.5324e-07
3.548e-07
3.5636e-07
3.5793e-07
3.5951e-07
3.6109e-07
3.6267e-07
3.6427e-07
3.6587e-07
3.6747e-07
3.6909e-07
3.707e-07
3.7233e-07
3.7396e-07
3.756e-07
3.7724e-07
3.7889e-07
3.8055e-07
3.8221e-07
3.8388e-07
3.8556e-07
3.8724e-07
3.8893e-07
3.9062e-07
3.9233e-07
3.9404e-07
3.9575e-07
3.9747e-07
3.992e-07
4.0094e-07
4.0268e-07
4.0443e-07
4.0619e-07
4.0795e-07
4.0972e-07
4.1149e-07
4.1328e-07
4.1507e-07
4.1686e-07
4.1867e-07
4.2048e-07
4.223e-07
4.2412e-07
4.2595e-07
4.2779e-07
4.2964e-07
4.3149e-07
4.3335e-07
4.3522e-07
4.3709e-07
4.3897e-07
4.4086e-07
4.4276e-07
4.4466e-07
4.4657e-07
4.4849e-07
4.5041e-07
4.5234e-07
4.5428e-07
4.5623e-07
4.5818e-07
4.6015e-07
4.6212e-07
4.6409e-07
4.6608e-07
4.6807e-07
4.7007e-07
4.7207e-07
4.7409e-07
4.7611e-07
4.7814e-07
4.8018e-07
4.8222e-07
4.8427e-07
4.8633e-07
4.884e-07
4.9048e-07
4.9256e-07
4.9465e-07
4.9675e-07
4.9886e-07
5.0098e-07
5.031e-07
5.0523e-07
5.0737e-07
5.0952e-07
5.1167e-07
5.1383e-07
5.16e-07
5.1818e-07
5.2037e-07
5.2257e-07
5.2477e-07
5.2698e-07
5.292e-07
5.3143e-07
5.3367e-07
5.3591e-07
5.3817e-07
5.4043e-07
5.427e-07
5.4498e-07
5.4726e-07
5.4956e-07
5.5186e-07
5.5418e-07
5.565e-07
5.5883e-07
5.6116e-07
5.6351e-07
5.6587e-07
5.6823e-07
5.706e-07
5.7298e-07
5.7537e-07
5.7777e-07
5.8018e-07
5.826e-07
5.8502e-07
5.8746e-07
5.899e-07
5.9235e-07
5.9481e-07
5.9728e-07
5.9976e-07
6.0225e-07
6.0475e-07
6.0726e-07
6.0977e-07
6.123e-07
6.1483e-07
6.1737e-07
6.1993e-07
6.2249e-07
6.2506e-07
6.2764e-07
6.3023e-07
6.3283e-07
6.3544e-07
6.3805e-07
6.4068e-07
6.4332e-07
6.4596e-07
6.4862e-07
6.5129e-07
6.5396e-07
6.5665e-07
6.5934e-07
6.6204e-07
6.6476e-07
6.6748e-07
6.7021e-07
6.7296e-07
6.7571e-07
6.7847e-07
6.8125e-07
6.8403e-07
6.8682e-07
6.8962e-07
6.9244e-07
6.9526e-07
6.9809e-07
7.0093e-07
7.0379e-07
7.0665e-07
7.0952e-07
7.1241e-07
7.153e-07
7.182e-07
7.2112e-07
7.2404e-07
7.2698e-07
7.2992e-07
7.3288e-07
7.3584e-07
7.3882e-07
7.4181e-07
7.448e-07
7.4781e-07
7.5083e-07
7.5386e-07
7.569e-07
7.5995e-07
7.6301e-07
7.6609e-07
7.6917e-07
7.7226e-07
7.7537e-07
7.7848e-07
7.8161e-07
7.8475e-07
7.879e-07
7.9106e-07
7.9423e-07
7.9741e-07
8.006e-07
8.038e-07
8.0702e-07
8.1024e-07
8.1348e-07
8.1673e-07
8.1999e-07
8.2326e-07
8.2654e-07
8.2984e-07
8.3314e-07
8.3646e-07
8.3979e-07
8.4313e-07
8.4648e-07
8.4984e-07
8.5322e-07
8.566e-07
8.6e-07
8.6341e-07
8.6683e-07
8.7026e-07
8.7371e-07
8.7716e-07
8.8063e-07
8.8411e-07
8.876e-07
8.9111e-07
8.9462e-07
8.9815e-07
9.0169e-07
9.0524e-07
9.0881e-07
9.1238e-07
9.1597e-07
9.1957e-07
9.2319e-07
9.2681e-07
9.3045e-07
9.341e-07
9.3776e-07
9.4144e-07
9.4512e-07
9.4882e-07
9.5254e-07
9.5626e-07
9.6e-07
9.6375e-07
9.6751e-07
9.7129e-07
9.7508e-07
9.7888e-07
9.8269e-07
9.8652e-07
9.9036e-07
9.9421e-07
9.9807e-07
1.002e-06
1.0058e-06
1.0097e-06
1.0137e-06
1.0176e-06
1.0215e-06
1.0255e-06
1.0295e-06
1.0334e-06
1.0374e-06
1.0415e-06
1.0455e-06
1.0495e-06
1.0536e-06
1.0576e-06
1.0617e-06
1.0658e-06
1.0699e-06
1.074e-06
1.0781e-06
1.0823e-06
1.0864e-06
1.0906e-06
1.0948e-06
1.099e-06
1.1032e-06
1.1074e-06
1.1117e-06
1.1159e-06
1.1202e-06
1.1245e-06
1.1288e-06
1.1331e-06
1.1374e-06
1.1418e-06
1.1461e-06
1.1505e-06
1.1549e-06
1.1593e-06
1.1637e-06
1.1681e-06
1.1725e-06
1.177e-06
1.1815e-06
1.1859e-06
1.1904e-06
1.195e-06
1.1995e-06
1.204e-06
1.2086e-06
1.2132e-06
1.2177e-06
1.2223e-06
1.227e-06
1.2316e-06
1.2362e-06
1.2409e-06
1.2456e-06
1.2503e-06
1.255e-06
1.2597e-06
1.2644e-06
1.2692e-06
1.2739e-06
1.2787e-06
1.2835e-06
1.2883e-06
1.2931e-06
1.298e-06
1.3028e-06
1.3077e-06
1.3126e-06
1.3175e-06
1.3224e-06
1.3274e-06
1.3323e-06
1.3373e-06
1.3423e-06
1.3473e-06
1.3523e-06
1.3573e-06
1.3624e-06
1.3674e-06
1.3725e-06
1.3776e-06
1.3827e-06
1.3878e-06
1.393e-06
1.3981e-06
1.4033e-06
1.4085e-06
1.4137e-06
1.4189e-06
1.4242e-06
1.4294e-06
1.4347e-06
1.44e-06
1.4453e-06
1.4506e-06
1.456e-06
1.4613e-06
1.4667e-06
1.4721e-06
1.4775e-06
1.4829e-06
1.4883e-06
1.4938e-06
1.4993e-06
1.5048e-06
1.5103e-06
1.5158e-06
1.5213e-06
1.5269e-06
1.5325e-06
1.5381e-06
1.5437e-06
1.5493e-06
1.5549e-06
1.5606e-06
1.5663e-06
1.572e-06
1.5777e-06
1.5834e-06
1.5892e-06
1.5949e-06
1.6007e-06
1.6065e-06
1.6123e-06
1.6182e-06
1.624e-06
1.6299e-06
1.6358e-06
1.6417e-06
1.6476e-06
1.6536e-06
1.6595e-06
1.6655e-06
1.6715e-06
1.6775e-06
1.6836e-06
1.6896e-06
1.6957e-06
1.7018e-06
1.7079e-06
1.714e-06
1.7202e-06
1.7263e-06
1.7325e-06
1.7387e-06
1.7449e-06
1.7512e-06
1.7574e-06
1.7637e-06
1.77e-06
1.7763e-06
1.7826e-06
1.789e-06
1.7954e-06
1.8017e-06
1.8082e-06
1.8146e-06
1.821e-06
1.8275e-06
1.834e-06
1.8405e-06
1.847e-06
1.8535e-06
1.8601e-06
1.8667e-06
1.8733e-06
1.8799e-06
1.8865e-06
1.8932e-06
1.8999e-06
1.9066e-06
1.9133e-06
1.92e-06
1.9268e-06
1.9336e-06
1.9404e-06
1.9472e-06
1.954e-06
1.9609e-06
1.9677e-06
1.9746e-06
1.9815e-06
1.9885e-06
1.9954e-06
2.0024e-06
2.0094e-06
2.0164e-06
2.0235e-06
2.0305e-06
2.0376e-06
2.0447e-06
2.0518e-06
2.059e-06
2.0661e-06
2.0733e-06
2.0805e-06
2.0877e-06
2.095e-06
2.1022e-06
2.1095e-06
2.1168e-06
2.1241e-06
2.1315e-06
2.1389e-06
2.1462e-06
2.1537e-06
2.1611e-06
2.1685e-06
2.176e-06
2.1835e-06
2.191e-06
2.1986e-06
2.2061e-06
2.2137e-06
2.2213e-06
2.2289e-06
2.2366e-06
2.2442e-06
2.2519e-06
2.2596e-06
2.2674e-06
2.2751e-06
2.2829e-06
2.2907e-06
2.2985e-06
2.3064e-06
2.3142e-06
2.3221e-06
2.33e-06
2.3379e-06
2.3459e-06
2.3539e-06
2.3619e-06
2.3699e-06
2.3779e-06
2.386e-06
2.3941e-06
2.4022e-06
2.4103e-06
2.4185e-06
2.4266e-06
2.4348e-06
2.443e-06
2.4513e-06
2.4596e-06
2.4678e-06
2.4762e-06
2.4845e-06
2.4928e-06
2.5012e-06
2.5096e-06
2.518e-06
2.5265e-06
2.535e-06
2.5435e-06
2.552e-06
2.5605e-06
2.5691e-06
2.5777e-06
2.5863e-06
2.5949e-06
2.6036e-06
2.6123e-06
2.621e-06
2.6297e-06
2.6384e-06
2.6472e-06
2.656e-06
2.6648e-06
2.6737e-06
2.6826e-06
2.6915e-06
2.7004e-06
2.7093e-06
2.7183e-06
2.7273e-06
2.7363e-06
2.7453e-06
2.7544e-06
2.7635e-06
2.7726e-06
2.7817e-06
2.7909e-06
2.8001e-06
2.8093e-06
2.8185e-06
2.8278e-06
2.8371e-06
2.8464e-06
2.8557e-06
2.8651e-06
2.8744e-06
2.8839e-06
2.8933e-06
2.9027e-06
2.9122e-06
2.9217e-06
2.9313e-06
2.9408e-06
2.9504e-06
2.96e-06
2.9696e-06
2.9793e-06
2.989e-06
2.9987e-06
3.0084e-06
3.0182e-06
3.028e-06
3.0378e-06
3.0476e-06
3.0575e-06
3.0673e-06
3.0772e-06
3.0872e-06
3.0971e-06
3.1071e-06
3.1171e-06
3.1272e-06
3.1373e-06
3.1473e-06
3.1575e-06
3.1676e-06
3.1778e-06
3.188e-06
3.1982e-06
3.2084e-06
3.2187e-06
3.229e-06
3.2393e-06
3.2497e-06
3.2601e-06
3.2705e-06
3.2809e-06
3.2914e-06
3.3018e-06
3.3124e-06
3.3229e-06
3.3335e-06
3.3441e-06
3.3547e-06
3.3653e-06
3.376e-06
3.3867e-06
3.3974e-06
3.4082e-06
3.4189e-06
3.4297e-06
3.4406e-06
3.4514e-06
3.4623e-06
3.4732e-06
3.4842e-06
3.4951e-06
3.5061e-06
3.5172e-06
3.5282e-06
3.5393e-06
3.5504e-06
3.5615e-06
3.5727e-06
3.5839e-06
3.5951e-06
3.6063e-06
3.6176e-06
3.6289e-06
3.6402e-06
3.6516e-06
3.663e-06
3.6744e-06
3.6858e-06
3.6973e-06
3.7088e-06
3.7203e-06
3.7319e-06
3.7434e-06
3.755e-06
3.7667e-06
3.7783e-06
3.79e-06
3.8018e-06
3.8135e-06
3.8253e-06
3.8371e-06
3.8489e-06
3.8608e-06
3.8727e-06
3.8846e-06
3.8965e-06
3.9085e-06
3.9205e-06
3.9326e-06
3.9446e-06
3.9567e-06
3.9688e-06
3.981e-06
3.9932e-06
4.0054e-06
4.0176e-06
4.0299e-06
4.0422e-06
4.0545e-06
4.0668e-06
4.0792e-06
4.0916e-06
4.1041e-06
4.1165e-06
4.129e-06
4.1416e-06
4.1541e-06
4.1667e-06
4.1793e-06
4.192e-06
4.2047e-06
4.2174e-06
4.2301e-06
4.2429e-06
4.2557e-06
4.2685e-06
4.2813e-06
4.2942e-06
4.3071e-06
4.3201e-06
4.3331e-06
4.3461e-06
4.3591e-06
4.3722e-06
4.3853e-06
4.3984e-06
4.4115e-06
4.4247e-06
4.4379e-06
4.4512e-06
4.4645e-06
4.4778e-06
4.4911e-06
4.5045e-06
4.5179e-06
4.5313e-06
4.5448e-06
4.5582e-06
4.5718e-06
4.5853e-06
4.5989e-06
4.6125e-06
4.6261e-06
4.6398e-06
4.6535e-06
4.6673e-06
4.681e-06
4.6948e-06
4.7087e-06
4.7225e-06
4.7364e-06
4.7503e-06
4.7643e-06
4.7783e-06
4.7923e-06
4.8063e-06
4.8204e-06
4.8345e-06
4.8486e-06
4.8628e-06
4.877e-06
4.8912e-06
4.9055e-06
4.9198e-06
4.9341e-06
4.9485e-06
4.9629e-06
4.9773e-06
4.9918e-06
5.0062e-06
5.0208e-06
5.0353e-06
5.0499e-06
5.0645e-06
5.0791e-06
5.0938e-06
5.1085e-06
5.1233e-06
5.138e-06
5.1528e-06
5.1677e-06
5.1825e-06
5.1974e-06
5.2124e-06
5.2273e-06
5.2423e-06
5.2574e-06
5.2724e-06
5.2875e-06
5.3026e-06
5.3178e-06
5.333e-06
5.3482e-06
5.3635e-06
5.3787e-06
5.3941e-06
5.4094e-06
5.4248e-06
5.4402e-06
5.4557e-06
5.4711e-06
5.4867e-06
5.5022e-06
5.5178e-06
5.5334e-06
5.549e-06
5.5647e-06
5.5804e-06
5.5962e-06
5.6119e-06
5.6278e-06
5.6436e-06
5.6595e-06
5.6754e-06
5.6913e-06
5.7073e-06
5.7233e-06
5.7393e-06
5.7554e-06
5.7715e-06
5.7877e-06
5.8038e-06
5.82e-06
5.8363e-06
5.8525e-06
5.8688e-06
5.8852e-06
5.9016e-06
5.918e-06
5.9344e-06
5.9509e-06
5.9674e-06
5.9839e-06
6.0005e-06
6.0171e-06
6.0337e-06
6.0504e-06
6.0671e-06
6.0838e-06
6.1006e-06
6.1174e-06
6.1343e-06
6.1511e-06
6.168e-06
6.185e-06
6.202e-06
6.219e-06
6.236e-06
6.2531e-06
6.2702e-06
6.2873e-06
6.3045e-06
6.3217e-06
6.339e-06
6.3562e-06
6.3736e-06
6.3909e-06
6.4083e-06
6.4257e-06
6.4432e-06
6.4606e-06
6.4782e-06
6.4957e-06
6.5133e-06
6.5309e-06
6.5486e-06
6.5663e-06
6.584e-06
6.6017e-06
6.6195e-06
6.6373e-06
6.6552e-06
6.6731e-06
6.691e-06
6.709e-06
6.727e-06
6.745e-06
6.7631e-06
6.7812e-06
6.7993e-06
6.8175e-06
6.8357e-06
6.8539e-06
6.8722e-06
6.8905e-06
6.9088e-06
6.9272e-06
6.9456e-06
6.9641e-06
6.9825e-06
7.0011e-06
7.0196e-06
7.0382e-06
7.0568e-06
7.0755e-06
7.0941e-06
7.1129e-06
7.1316e-06
7.1504e-06
7.1692e-06
7.1881e-06
7.207e-06
7.2259e-06
7.2449e-06
7.2639e-06
7.2829e-06
7.302e-06
7.3211e-06
7.3402e-06
7.3594e-06
7.3786e-06
7.3979e-06
7.4171e-06
7.4364e-06
7.4558e-06
7.4752e-06
7.4946e-06
7.514e-06
7.5335e-06
7.5531e-06
7.5726e-06
7.5922e-06
7.6118e-06
7.6315e-06
7.6512e-06
7.6709e-06
7.6907e-06
7.7105e-06
7.7303e-06
7.7502e-06
7.7701e-06
7.79e-06
7.81e-06
7.83e-06
7.8501e-06
7.8702e-06
7.8903e-06
7.9104e-06
7.9306e-06
7.9508e-06
7.9711e-06
7.9914e-06
8.0117e-06
8.0321e-06
8.0525e-06
8.0729e-06
8.0934e-06
8.1139e-06
8.1344e-06
8.155e-06
8.1756e-06
8.1963e-06
8.2169e-06
8.2377e-06
8.2584e-06
8.2792e-06
8.3e-06
8.3209e-06
8.3418e-06
8.3627e-06
8.3836e-06
8.4046e-06
8.4257e-06
8.4467e-06
8.4678e-06
8.489e-06
8.5102e-06
8.5314e-06
8.5526e-06
8.5739e-06
8.5952e-06
8.6165e-06
8.6379e-06
8.6593e-06
8.6808e-06
8.7023e-06
8.7238e-06
8.7454e-06
8.767e-06
8.7886e-06
8.8103e-06
8.832e-06
8.8537e-06
8.8755e-06
8.8973e-06
8.9191e-06
8.941e-06
8.9629e-06
8.9848e-06
9.0068e-06
9.0288e-06
9.0509e-06
9.073e-06
9.0951e-06
9.1173e-06
9.1395e-06
9.1617e-06
9.1839e-06
9.2062e-06
9.2286e-06
9.2509e-06
9.2733e-06
9.2958e-06
9.3183e-06
9.3408e-06
9.3633e-06
9.3859e-06
9.4085e-06
9.4311e-06
9.4538e-06
9.4765e-06
9.4993e-06
9.5221e-06
9.5449e-06
9.5678e-06
9.5907e-06
9.6136e-06
9.6366e-06
9.6595e-06
9.6826e-06
9.7056e-06
9.7288e-06
9.7519e-06
9.7751e-06
9.7983e-06
9.8215e-06
9.8448e-06
9.8681e-06
9.8914e-06
9.9148e-06
9.9382e-06
9.9617e-06
9.9852e-06
1.0009e-05
1.0032e-05
1.0056e-05
1.0079e-05
1.0103e-05
1.0127e-05
1.0151e-05
1.0174e-05
1.0198e-05
1.0222e-05
1.0246e-05
1.027e-05
1.0294e-05
1.0318e-05
1.0342e-05
1.0366e-05
1.039e-05
1.0414e-05
1.0438e-05
1.0462e-05
1.0486e-05
1.0511e-05
1.0535e-05
1.0559e-05
1.0584e-05
1.0608e-05
1.0632e-05
1.0657e-05
1.0681e-05
1.0706e-05
1.073e-05
1.0755e-05
1.078e-05
1.0804e-05
1.0829e-05
1.0854e-05
1.0878e-05
1.0903e-05
1.0928e-05
1.0953e-05
1.0978e-05
1.1003e-05
1.1028e-05
1.1053e-05
1.1078e-05
1.1103e-05
1.1128e-05
1.1153e-05
1.1178e-05
1.1203e-05
1.1229e-05
1.1254e-05
1.1279e-05
1.1304e-05
1.133e-05
1.1355e-05
1.1381e-05
1.1406e-05
1.1432e-05
1.1457e-05
1.1483e-05
1.1508e-05
1.1534e-05
1.156e-05
1.1585e-05
1.1611e-05
1.1637e-05
1.1663e-05
1.1688e-05
1.1714e-05
1.174e-05
1.1766e-05
1.1792e-05
1.1818e-05
1.1844e-05
1.187e-05
1.1896e-05
1.1922e-05
1.1948e-05
1.1975e-05
1.2001e-05
1.2027e-05
1.2053e-05
1.208e-05
1.2106e-05
1.2133e-05
1.2159e-05
1.2185e-05
1.2212e-05
1.2238e-05
1.2265e-05
1.2292e-05
1.2318e-05
1.2345e-05
1.2371e-05
1.2398e-05
1.2425e-05
1.2452e-05
1.2478e-05
1.2505e-05
1.2532e-05
1.2559e-05
1.2586e-05
1.2613e-05
1.264e-05
1.2667e-05
1.2694e-05
1.2721e-05
1.2748e-05
1.2775e-05
1.2803e-05
1.283e-05
1.2857e-05
1.2884e-05
1.2912e-05
1.2939e-05
1.2966e-05
1.2994e-05
1.3021e-05
1.3049e-05
1.3076e-05
1.3104e-05
1.3131e-05
1.3159e-05
1.3186e-05
1.3214e-05
1.3242e-05
1.327e-05
1.3297e-05
1.3325e-05
1.3353e-05
1.3381e-05
1.3409e-05
1.3436e-05
1.3464e-05
1.3492e-05
1.352e-05
1.3548e-05
1.3576e-05
1.3604e-05
1.3633e-05
1.3661e-05
1.3689e-05
1.3717e-05
1.3745e-05
1.3774e-05
1.3802e-05
1.383e-05
1.3858e-05
1.3887e-05
1.3915e-05
1.3944e-05
1.3972e-05
1.4001e-05
1.4029e-05
1.4058e-05
1.4086e-05
1.4115e-05
1.4143e-05
1.4172e-05
1.4201e-05
1.423e-05
1.4258e-05
1.4287e-05
1.4316e-05
1.4345e-05
1.4374e-05
1.4402e-05
1.4431e-05
1.446e-05
1.4489e-05
1.4518e-05
1.4547e-05
1.4576e-05
1.4605e-05
1.4635e-05
1.4664e-05
1.4693e-05
1.4722e-05
1.4751e-05
1.4781e-05
1.481e-05
1.4839e-05
1.4869e-05
1.4898e-05
1.4927e-05
1.4957e-05
1.4986e-05
1.5016e-05
1.5045e-05
1.5075e-05
1.5104e-05
1.5134e-05
1.5163e-05
1.5193e-05
1.5223e-05
1.5252e-05
1.5282e-05
1.5312e-05
1.5342e-05
1.5371e-05
1.5401e-05
1.5431e-05
1.5461e-05
1.5491e-05
1.5521e-05
1.5551e-05
1.5581e-05
1.5611e-05
1.5641e-05
1.5671e-05
1.5701e-05
1.5731e-05
1.5761e-05
1.5791e-05
1.5821e-05
1.5851e-05
1.5882e-05
1.5912e-05
1.5942e-05
1.5973e-05
1.6003e-05
1.6033e-05
1.6064e-05
1.6094e-05
1.6124e-05
1.6155e-05
1.6185e-05
1.6216e-05
1.6246e-05
1.6277e-05
1.6307e-05
1.6338e-05
1.6369e-05
1.6399e-05
1.643e-05
1.6461e-05
1.6491e-05
1.6522e-05
1.6553e-05
1.6583e-05
1.6614e-05
1.6645e-05
1.6676e-05
1.6707e-05
1.6738e-05
1.6769e-05
1.68e-05
1.683e-05
1.6861e-05
1.6892e-05
1.6923e-05
1.6955e-05
1.6986e-05
1.7017e-05
1.7048e-05
1.7079e-05
1.711e-05
1.7141e-05
1.7172e-05
1.7204e-05
1.7235e-05
1.7266e-05
1.7297e-05
1.7329e-05
1.736e-05
1.7391e-05
1.7423e-05
1.7454e-05
1.7485e-05
1.7517e-05
1.7548e-05
1.758e-05
1.7611e-05
1.7643e-05
1.7674e-05
1.7706e-05
1.7737e-05
1.7769e-05
1.7801e-05
1.7832e-05
1.7864e-05
1.7896e-05
1.7927e-05
1.7959e-05
1.7991e-05
1.8022e-05
1.8054e-05
1.8086e-05
1.8118e-05
1.8149e-05
1.8181e-05
1.8213e-05
1.8245e-05
1.8277e-05
1.8309e-05
1.8341e-05
1.8373e-05
1.8405e-05
1.8437e-05
1.8469e-05
1.8501e-05
1.8533e-05
1.8565e-05
1.8597e-05
1.8629e-05
1.8661e-05
1.8693e-05
1.8725e-05
1.8757e-05
1.8789e-05
1.8822e-05
1.8854e-05
1.8886e-05
1.8918e-05
1.895e-05
1.8983e-05
1.9015e-05
1.9047e-05
1.9079e-05
1.9112e-05
1.9144e-05
1.9176e-05
1.9209e-05
1.9241e-05
1.9274e-05
1.9306e-05
1.9338e-05
1.9371e-05
1.9403e-05
1.9436e-05
1.9468e-05
1.9501e-05
1.9533e-05
1.9566e-05
1.9598e-05
1.9631e-05
1.9663e-05
1.9696e-05
1.9728e-05
1.9761e-05
1.9794e-05
1.9826e-05
1.9859e-05
1.9892e-05
1.9924e-05
1.9957e-05
1.999e-05
2.0022e-05
2.0055e-05
2.0088e-05
2.012e-05
2.0153e-05
2.0186e-05
2.0219e-05
2.0252e-05
2.0284e-05
2.0317e-05
2.035e-05
2.0383e-05
2.0416e-05
2.0448e-05
2.0481e-05
2.0514e-05
2.0547e-05
2.058e-05
2.0613e-05
2.0646e-05
2.0679e-05
2.0712e-05
2.0745e-05
2.0777e-05
2.081e-05
2.0843e-05
2.0876e-05
2.0909e-05
2.0942e-05
2.0975e-05
2.1008e-05
2.1041e-05
2.1074e-05
2.1107e-05
2.114e-05
2.1174e-05
2.1207e-05
2.124e-05
2.1273e-05
2.1306e-05
2.1339e-05
2.1372e-05
2.1405e-05
2.1438e-05
2.1471e-05
2.1504e-05
2.1538e-05
2.1571e-05
2.1604e-05
2.1637e-05
2.167e-05
2.1703e-05
2.1736e-05
2.177e-05
2.1803e-05
2.1836e-05
2.1869e-05
2.1902e-05
2.1936e-05
2.1969e-05
2.2002e-05
2.2035e-05
2.2068e-05
2.2102e-05
2.2135e-05
2.2168e-05
2.2201e-05
2.2235e-05
2.2268e-05
2.2301e-05
2.2334e-05
2.2368e-05
2.2401e-05
2.2434e-05
2.2467e-05
2.2501e-05
2.2534e-05
2.2567e-05
2.26e-05
2.2634e-05
2.2667e-05
2.27e-05
2.2734e-05
2.2767e-05
2.28e-05
2.2833e-05
2.2867e-05
2.29e-05
2.2933e-05
2.2967e-05
2.3e-05
2.3033e-05
2.3066e-05
2.31e-05
2.3133e-05
2.3166e-05
2.32e-05
2.3233e-05
2.3266e-05
2.33e-05
2.3333e-05
2.3366e-05
2.3399e-05
2.3433e-05
2.3466e-05
2.3499e-05
2.3533e-05
2.3566e-05
2.3599e-05
2.3632e-05
2.3666e-05
2.3699e-05
2.3732e-05
2.3766e-05
2.3799e-05
2.3832e-05
2.3865e-05
2.3899e-05
2.3932e-05
2.3965e-05
2.3998e-05
2.4032e-05
2.4065e-05
2.4098e-05
2.4131e-05
2.4165e-05
2.4198e-05
2.4231e-05
2.4264e-05
2.4298e-05
2.4331e-05
2.4364e-05
2.4397e-05
2.443e-05
2.4464e-05
2.4497e-05
2.453e-05
2.4563e-05
2.4596e-05
2.4629e-05
2.4663e-05
2.4696e-05
2.4729e-05
2.4762e-05
2.4795e-05
2.4828e-05
2.4861e-05
2.4895e-05
2.4928e-05
2.4961e-05
2.4994e-05
2.5027e-05
2.506e-05
2.5093e-05
2.5126e-05
2.5159e-05
2.5192e-05
2.5225e-05
2.5258e-05
2.5291e-05
2.5324e-05
2.5357e-05
2.539e-05
2.5423e-05
2.5456e-05
2.5489e-05
2.5522e-05
2.5555e-05
2.5588e-05
2.5621e-05
2.5654e-05
2.5687e-05
2.572e-05
2.5752e-05
2.5785e-05
2.5818e-05
2.5851e-05
2.5884e-05
2.5917e-05
2.5949e-05
2.5982e-05
2.6015e-05
2.6048e-05
2.6081e-05
2.6113e-05
2.6146e-05
2.6179e-05
2.6211e-05
2.6244e-05
2.6277e-05
2.6309e-05
2.6342e-05
2.6375e-05
2.6407e-05
2.644e-05
2.6473e-05
2.6505e-05
2.6538e-05
2.657e-05
2.6603e-05
2.6635e-05
2.6668e-05
2.67e-05
2.6733e-05
2.6765e-05
2.6798e-05
2.683e-05
2.6862e-05
2.6895e-05
2.6927e-05
2.696e-05
2.6992e-05
2.7024e-05
2.7057e-05
2.7089e-05
2.7121e-05
2.7153e-05
2.7186e-05
2.7218e-05
2.725e-05
2.7282e-05
2.7314e-05
2.7347e-05
2.7379e-05
2.7411e-05
2.7443e-05
2.7475e-05
2.7507e-05
2.7539e-05
2.7571e-05
2.7603e-05
2.7635e-05
2.7667e-05
2.7699e-05
2.7731e-05
2.7763e-05
2.7795e-05
2.7826e-05
2.7858e-05
2.789e-05
2.7922e-05
2.7954e-05
2.7985e-05
2.8017e-05
2.8049e-05
2.808e-05
2.8112e-05
2.8144e-05
2.8175e-05
2.8207e-05
2.8238e-05
2.827e-05
2.8301e-05
2.8333e-05
2.8364e-05
2.8396e-05
2.8427e-05
2.8459e-05
2.849e-05
2.8521e-05
2.8553e-05
2.8584e-05
2.8615e-05
2.8647e-05
2.8678e-05
2.8709e-05
2.874e-05
2.8771e-05
2.8802e-05
2.8834e-05
2.8865e-05
2.8896e-05
2.8927e-05
2.8958e-05
2.8989e-05
2.902e-05
2.9051e-05
2.9081e-05
2.9112e-05
2.9143e-05
2.9174e-05
2.9205e-05
2.9235e-05
2.9266e-05
2.9297e-05
2.9328e-05
2.9358e-05
2.9389e-05
2.9419e-05
2.945e-05
2.948e-05
2.9511e-05
2.9541e-05
2.9572e-05
2.9602e-05
2.9633e-05
2.9663e-05
2.9693e-05
2.9723e-05
2.9754e-05
2.9784e-05
2.9814e-05
2.9844e-05
2.9874e-05
2.9905e-05
2.9935e-05
2.9965e-05
2.9995e-05
3.0025e-05
3.0055e-05
3.0084e-05
3.0114e-05
3.0144e-05
3.0174e-05
3.0204e-05
3.0233e-05
3.0263e-05
3.0293e-05
3.0323e-05
3.0352e-05
3.0382e-05
3.0411e-05
3.0441e-05
3.047e-05
3.05e-05
3.0529e-05
3.0558e-05
3.0588e-05
3.0617e-05
3.0646e-05
3.0676e-05
3.0705e-05
3.0734e-05
3.0763e-05
3.0792e-05
3.0821e-05
3.085e-05
3.0879e-05
3.0908e-05
3.0937e-05
3.0966e-05
3.0995e-05
3.1023e-05
3.1052e-05
3.1081e-05
3.111e-05
3.1138e-05
3.1167e-05
3.1195e-05
3.1224e-05
3.1252e-05
3.1281e-05
3.1309e-05
3.1338e-05
3.1366e-05
3.1394e-05
3.1423e-05
3.1451e-05
3.1479e-05
3.1507e-05
3.1535e-05
3.1563e-05
3.1591e-05
3.1619e-05
3.1647e-05
3.1675e-05
3.1703e-05
3.1731e-05
3.1758e-05
3.1786e-05
3.1814e-05
3.1842e-05
3.1869e-05
3.1897e-05
3.1924e-05
3.1952e-05
3.1979e-05
3.2006e-05
3.2034e-05
3.2061e-05
3.2088e-05
3.2116e-05
3.2143e-05
3.217e-05
3.2197e-05
3.2224e-05
3.2251e-05
3.2278e-05
3.2305e-05
3.2332e-05
3.2359e-05
3.2385e-05
3.2412e-05
3.2439e-05
3.2466e-05
3.2492e-05
3.2519e-05
3.2545e-05
3.2572e-05
3.2598e-05
3.2624e-05
3.2651e-05
3.2677e-05
3.2703e-05
3.2729e-05
3.2756e-05
3.2782e-05
3.2808e-05
3.2834e-05
3.286e-05
3.2886e-05
3.2912e-05
3.2937e-05
3.2963e-05
3.2989e-05
3.3014e-05
3.304e-05
3.3066e-05
3.3091e-05
3.3117e-05
3.3142e-05
3.3167e-05
3.3193e-05
3.3218e-05
3.3243e-05
3.3268e-05
3.3294e-05
3.3319e-05
3.3344e-05
3.3369e-05
3.3394e-05
3.3419e-05
3.3443e-05
3.3468e-05
3.3493e-05
3.3518e-05
3.3542e-05
3.3567e-05
3.3591e-05
3.3616e-05
3.364e-05
3.3665e-05
3.3689e-05
3.3713e-05
3.3737e-05
3.3761e-05
3.3786e-05
3.381e-05
3.3834e-05
3.3858e-05
3.3881e-05
3.3905e-05
3.3929e-05
3.3953e-05
3.3977e-05
3.4e-05
3.4024e-05
3.4047e-05
3.4071e-05
3.4094e-05
3.4117e-05
3.4141e-05
3.4164e-05
3.4187e-05
3.421e-05
3.4233e-05
3.4256e-05
3.4279e-05
3.4302e-05
3.4325e-05
3.4348e-05
3.4371e-05
3.4394e-05
3.4416e-05
3.4439e-05
3.4461e-05
3.4484e-05
3.4506e-05
3.4529e-05
3.4551e-05
3.4573e-05
3.4595e-05
3.4617e-05
3.4639e-05
3.4661e-05
3.4683e-05
3.4705e-05
3.4727e-05
3.4749e-05
3.4771e-05
3.4792e-05
3.4814e-05
3.4836e-05
3.4857e-05
3.4878e-05
3.49e-05
3.4921e-05
3.4942e-05
3.4964e-05
3.4985e-05
3.5006e-05
3.5027e-05
3.5048e-05
3.5069e-05
3.509e-05
3.511e-05
3.5131e-05
3.5152e-05
3.5172e-05
3.5193e-05
3.5213e-05
3.5234e-05
3.5254e-05
3.5274e-05
3.5295e-05
3.5315e-05
3.5335e-05
3.5355e-05
3.5375e-05
3.5395e-05
3.5415e-05
3.5434e-05
3.5454e-05
3.5474e-05
3.5494e-05
3.5513e-05
3.5533e-05
3.5552e-05
3.5571e-05
3.5591e-05
3.561e-05
3.5629e-05
3.5648e-05
3.5667e-05
3.5686e-05
3.5705e-05
3.5724e-05
3.5743e-05
3.5762e-05
3.578e-05
3.5799e-05
3.5817e-05
3.5836e-05
3.5854e-05
3.5873e-05
3.5891e-05
3.5909e-05
3.5927e-05
3.5945e-05
3.5963e-05
3.5981e-05
3.5999e-05
3.6017e-05
3.6035e-05
3.6052e-05
3.607e-05
3.6088e-05
3.6105e-05
3.6123e-05
3.614e-05
3.6157e-05
3.6174e-05
3.6192e-05
3.6209e-05
3.6226e-05
3.6243e-05
3.626e-05
3.6276e-05
3.6293e-05
3.631e-05
3.6327e-05
3.6343e-05
3.636e-05
3.6376e-05
3.6392e-05
3.6409e-05
3.6425e-05
3.6441e-05
3.6457e-05
3.6473e-05
3.6489e-05
3.6505e-05
3.6521e-05
3.6537e-05
3.6552e-05
3.6568e-05
3.6583e-05
3.6599e-05
3.6614e-05
3.663e-05
3.6645e-05
3.666e-05
3.6675e-05
3.669e-05
3.6705e-05
3.672e-05
3.6735e-05
3.675e-05
3.6764e-05
3.6779e-05
3.6794e-05
3.6808e-05
3.6823e-05
3.6837e-05
3.6851e-05
3.6865e-05
3.688e-05
3.6894e-05
3.6908e-05
3.6922e-05
3.6935e-05
3.6949e-05
3.6963e-05
3.6977e-05
3.699e-05
3.7004e-05
3.7017e-05
3.703e-05
3.7044e-05
3.7057e-05
3.707e-05
3.7083e-05
3.7096e-05
3.7109e-05
3.7122e-05
3.7135e-05
3.7147e-05
3.716e-05
3.7173e-05
3.7185e-05
3.7198e-05
3.721e-05
3.7222e-05
3.7234e-05
3.7246e-05
3.7259e-05
3.7271e-05
3.7282e-05
3.7294e-05
3.7306e-05
3.7318e-05
3.7329e-05
3.7341e-05
3.7352e-05
3.7364e-05
3.7375e-05
3.7386e-05
3.7398e-05
3.7409e-05
3.742e-05
3.7431e-05
3.7441e-05
3.7452e-05
3.7463e-05
3.7474e-05
3.7484e-05
3.7495e-05
3.7505e-05
3.7516e-05
3.7526e-05
3.7536e-05
3.7546e-05
3.7556e-05
3.7566e-05
3.7576e-05
3.7586e-05
3.7596e-05
3.7605e-05
3.7615e-05
3.7625e-05
3.7634e-05
3.7643e-05
3.7653e-05
3.7662e-05
3.7671e-05
3.768e-05
3.7689e-05
3.7698e-05
3.7707e-05
3.7716e-05
3.7725e-05
3.7733e-05
3.7742e-05
3.775e-05
3.7759e-05
3.7767e-05
3.7775e-05
3.7783e-05
3.7791e-05
3.7799e-05
3.7807e-05
3.7815e-05
3.7823e-05
3.7831e-05
3.7838e-05
3.7846e-05
3.7853e-05
3.7861e-05
3.7868e-05
3.7875e-05
3.7883e-05
3.789e-05
3.7897e-05
3.7904e-05
3.7911e-05
3.7917e-05
3.7924e-05
3.7931e-05
3.7937e-05
3.7944e-05
3.795e-05
3.7957e-05
3.7963e-05
3.7969e-05
3.7975e-05
3.7981e-05
3.7987e-05
3.7993e-05
3.7999e-05
3.8004e-05
3.801e-05
3.8016e-05
3.8021e-05
3.8026e-05
3.8032e-05
3.8037e-05
3.8042e-05
3.8047e-05
3.8052e-05
3.8057e-05
3.8062e-05
3.8067e-05
3.8072e-05
3.8076e-05
3.8081e-05
3.8085e-05
3.809e-05
3.8094e-05
3.8098e-05
3.8102e-05
3.8106e-05
3.811e-05
3.8114e-05
3.8118e-05
3.8122e-05
3.8126e-05
3.8129e-05
3.8133e-05
3.8136e-05
3.814e-05
3.8143e-05
3.8146e-05
3.8149e-05
3.8152e-05
3.8155e-05
3.8158e-05
3.8161e-05
3.8164e-05
3.8166e-05
3.8169e-05
3.8171e-05
3.8174e-05
3.8176e-05
3.8178e-05
3.8181e-05
3.8183e-05
3.8185e-05
3.8187e-05
3.8189e-05
3.819e-05
3.8192e-05
3.8194e-05
3.8195e-05
3.8197e-05
3.8198e-05
3.82e-05
3.8201e-05
3.8202e-05
3.8203e-05
3.8204e-05
3.8205e-05
3.8206e-05
3.8207e-05
3.8207e-05
3.8208e-05
3.8208e-05
3.8209e-05
3.8209e-05
3.821e-05
3.821e-05
3.821e-05
3.821e-05
3.821e-05
3.821e-05
3.821e-05
3.821e-05
3.8209e-05
3.8209e-05
3.8208e-05
3.8208e-05
3.8207e-05
3.8206e-05
3.8206e-05
3.8205e-05
3.8204e-05
3.8203e-05
3.8202e-05
3.82e-05
3.8199e-05
3.8198e-05
3.8196e-05
3.8195e-05
3.8193e-05
3.8192e-05
3.819e-05
3.8188e-05
3.8186e-05
3.8184e-05
3.8182e-05
3.818e-05
3.8178e-05
3.8175e-05
3.8173e-05
3.817e-05
3.8168e-05
3.8165e-05
3.8163e-05
3.816e-05
3.8157e-05
3.8154e-05
3.8151e-05
3.8148e-05
3.8145e-05
3.8142e-05
3.8138e-05
3.8135e-05
3.8131e-05
3.8128e-05
3.8124e-05
3.812e-05
3.8117e-05
3.8113e-05
3.8109e-05
3.8105e-05
3.8101e-05
3.8097e-05
3.8092e-05
3.8088e-05
3.8084e-05
3.8079e-05
3.8074e-05
3.807e-05
3.8065e-05
3.806e-05
3.8055e-05
3.805e-05
3.8045e-05
3.804e-05
3.8035e-05
3.803e-05
3.8024e-05
3.8019e-05
3.8014e-05
3.8008e-05
3.8002e-05
3.7997e-05
3.7991e-05
3.7985e-05
3.7979e-05
3.7973e-05
3.7967e-05
3.796e-05
3.7954e-05
3.7948e-05
3.7941e-05
3.7935e-05
3.7928e-05
3.7922e-05
3.7915e-05
3.7908e-05
3.7901e-05
3.7894e-05
3.7887e-05
3.788e-05
3.7873e-05
3.7866e-05
3.7858e-05
3.7851e-05
3.7843e-05
3.7836e-05
3.7828e-05
3.782e-05
3.7812e-05
3.7804e-05
3.7797e-05
3.7788e-05
3.778e-05
3.7772e-05
3.7764e-05
3.7756e-05
3.7747e-05
3.7739e-05
3.773e-05
3.7721e-05
3.7713e-05
3.7704e-05
3.7695e-05
3.7686e-05
3.7677e-05
3.7668e-05
3.7659e-05
3.7649e-05
3.764e-05
3.7631e-05
3.7621e-05
3.7612e-05
3.7602e-05
3.7592e-05
3.7582e-05
3.7573e-05
3.7563e-05
3.7553e-05
3.7542e-05
3.7532e-05
3.7522e-05
3.7512e-05
3.7501e-05
3.7491e-05
3.748e-05
3.747e-05
3.7459e-05
3.7448e-05
3.7437e-05
3.7427e-05
3.7416e-05
3.7405e-05
3.7393e-05
3.7382e-05
3.7371e-05
3.736e-05
3.7348e-05
3.7337e-05
3.7325e-05
3.7313e-05
3.7302e-05
3.729e-05
3.7278e-05
3.7266e-05
3.7254e-05
3.7242e-05
3.723e-05
3.7218e-05
3.7205e-05
3.7193e-05
3.7181e-05
3.7168e-05
3.7155e-05
3.7143e-05
3.713e-05
3.7117e-05
3.7104e-05
3.7091e-05
3.7078e-05
3.7065e-05
3.7052e-05
3.7039e-05
3.7025e-05
3.7012e-05
3.6999e-05
3.6985e-05
3.6972e-05
3.6958e-05
3.6944e-05
3.693e-05
3.6916e-05
3.6902e-05
3.6888e-05
3.6874e-05
3.686e-05
3.6846e-05
3.6832e-05
3.6817e-05
3.6803e-05
3.6788e-05
3.6774e-05
3.6759e-05
3.6744e-05
3.6729e-05
3.6715e-05
3.67e-05
3.6685e-05
3.667e-05
3.6654e-05
3.6639e-05
3.6624e-05
3.6609e-05
3.6593e-05
3.6578e-05
3.6562e-05
3.6546e-05
3.6531e-05
3.6515e-05
3.6499e-05
3.6483e-05
3.6467e-05
3.6451e-05
3.6435e-05
3.6419e-05
3.6403e-05
3.6386e-05
3.637e-05
3.6354e-05
3.6337e-05
3.632e-05
3.6304e-05
3.6287e-05
3.627e-05
3.6253e-05
3.6236e-05
3.6219e-05
3.6202e-05
3.6185e-05
3.6168e-05
3.6151e-05
3.6134e-05
3.6116e-05
3.6099e-05
3.6081e-05
3.6064e-05
3.6046e-05
3.6028e-05
3.601e-05
3.5993e-05
3.5975e-05
3.5957e-05
3.5939e-05
3.5921e-05
3.5902e-05
3.5884e-05
3.5866e-05
3.5847e-05
3.5829e-05
3.5811e-05
3.5792e-05
3.5773e-05
3.5755e-05
3.5736e-05
3.5717e-05
3.5698e-05
3.5679e-05
3.566e-05
3.5641e-05
3.5622e-05
3.5603e-05
3.5584e-05
3.5564e-05
3.5545e-05
3.5525e-05
3.5506e-05
3.5486e-05
3.5467e-05
3.5447e-05
3.5427e-05
3.5407e-05
3.5388e-05
3.5368e-05
3.5348e-05
3.5327e-05
3.5307e-05
3.5287e-05
3.5267e-05
3.5247e-05
3.5226e-05
3.5206e-05
3.5185e-05
3.5165e-05
3.5144e-05
3.5123e-05
3.5103e-05
3.5082e-05
3.5061e-05
3.504e-05
3.5019e-05
3.4998e-05
3.4977e-05
3.4956e-05
3.4935e-05
3.4913e-05
3.4892e-05
3.4871e-05
3.4849e-05
3.4828e-05
3.4806e-05
3.4784e-05
3.4763e-05
3.4741e-05
3.4719e-05
3.4697e-05
3.4675e-05
3.4653e-05
3.4631e-05
3.4609e-05
3.4587e-05
3.4565e-05
3.4543e-05
3.452e-05
3.4498e-05
3.4475e-05
3.4453e-05
3.443e-05
3.4408e-05
3.4385e-05
3.4362e-05
3.434e-05
3.4317e-05
3.4294e-05
3.4271e-05
3.4248e-05
3.4225e-05
3.4202e-05
3.4179e-05
3.4156e-05
3.4132e-05
3.4109e-05
3.4086e-05
3.4062e-05
3.4039e-05
3.4015e-05
3.3991e-05
3.3968e-05
3.3944e-05
3.392e-05
3.3897e-05
3.3873e-05
3.3849e-05
3.3825e-05
3.3801e-05
3.3777e-05
3.3753e-05
3.3728e-05
3.3704e-05
3.368e-05
3.3656e-05
3.3631e-05
3.3607e-05
3.3582e-05
3.3558e-05
3.3533e-05
3.3508e-05
3.3484e-05
3.3459e-05
3.3434e-05
3.3409e-05
3.3384e-05
3.336e-05
3.3335e-05
3.3309e-05
3.3284e-05
3.3259e-05
3.3234e-05
3.3209e-05
3.3183e-05
3.3158e-05
3.3133e-05
3.3107e-05
3.3082e-05
3.3056e-05
3.3031e-05
3.3005e-05
3.2979e-05
3.2954e-05
3.2928e-05
3.2902e-05
3.2876e-05
3.285e-05
3.2824e-05
3.2798e-05
3.2772e-05
3.2746e-05
3.272e-05
3.2694e-05
3.2667e-05
3.2641e-05
3.2615e-05
3.2588e-05
3.2562e-05
3.2535e-05
3.2509e-05
3.2482e-05
3.2456e-05
3.2429e-05
3.2402e-05
3.2376e-05
3.2349e-05
3.2322e-05
3.2295e-05
3.2268e-05
3.2241e-05
3.2214e-05
3.2187e-05
3.216e-05
3.2133e-05
3.2106e-05
3.2078e-05
3.2051e-05
3.2024e-05
3.1996e-05
3.1969e-05
3.1942e-05
3.1914e-05
3.1887e-05
3.1859e-05
3.1831e-05
3.1804e-05
3.1776e-05
3.1748e-05
3.172e-05
3.1693e-05
3.1665e-05
3.1637e-05
3.1609e-05
3.1581e-05
3.1553e-05
3.1525e-05
3.1497e-05
3.1469e-05
3.144e-05
3.1412e-05
3.1384e-05
3.1356e-05
3.1327e-05
3.1299e-05
3.127e-05
3.1242e-05
3.1213e-05
3.1185e-05
3.1156e-05
3.1128e-05
3.1099e-05
3.107e-05
3.1042e-05
3.1013e-05
3.0984e-05
3.0955e-05
3.0926e-05
3.0897e-05
3.0868e-05
3.0839e-05
3.081e-05
3.0781e-05
3.0752e-05
3.0723e-05
3.0694e-05
3.0665e-05
3.0636e-05
3.0606e-05
3.0577e-05
3.0548e-05
3.0518e-05
3.0489e-05
3.0459e-05
3.043e-05
3.04e-05
3.0371e-05
3.0341e-05
3.0312e-05
3.0282e-05
3.0252e-05
3.0223e-05
3.0193e-05
3.0163e-05
3.0133e-05
3.0103e-05
3.0073e-05
3.0044e-05
3.0014e-05
2.9984e-05
2.9954e-05
2.9924e-05
2.9893e-05
2.9863e-05
2.9833e-05
2.9803e-05
2.9773e-05
2.9743e-05
2.9712e-05
2.9682e-05
2.9652e-05
2.9621e-05
2.9591e-05
2.9561e-05
2.953e-05
2.95e-05
2.9469e-05
2.9439e-05
2.9408e-05
2.9378e-05
2.9347e-05
2.9316e-05
2.9286e-05
2.9255e-05
2.9224e-05
2.9193e-05
2.9163e-05
2.9132e-05
2.9101e-05
2.907e-05
2.9039e-05
2.9008e-05
2.8977e-05
2.8946e-05
2.8915e-05
2.8884e-05
2.8853e-05
2.8822e-05
2.8791e-05
2.876e-05
2.8729e-05
2.8698e-05
2.8666e-05
2.8635e-05
2.8604e-05
2.8573e-05
2.8541e-05
2.851e-05
2.8479e-05
2.8447e-05
2.8416e-05
2.8384e-05
2.8353e-05
2.8321e-05
2.829e-05
2.8258e-05
2.8227e-05
2.8195e-05
2.8164e-05
2.8132e-05
2.81e-05
2.8069e-05
2.8037e-05
2.8005e-05
2.7974e-05
2.7942e-05
2.791e-05
2.7878e-05
2.7846e-05
2.7815e-05
2.7783e-05
2.7751e-05
2.7719e-05
2.7687e-05
2.7655e-05
2.7623e-05
2.7591e-05
2.7559e-05
2.7527e-05
2.7495e-05
2.7463e-05
2.7431e-05
2.7399e-05
2.7367e-05
2.7335e-05
2.7303e-05
2.727e-05
2.7238e-05
2.7206e-05
2.7174e-05
2.7142e-05
2.7109e-05
2.7077e-05
2.7045e-05
2.7012e-05
2.698e-05
2.6948e-05
2.6915e-05
2.6883e-05
2.6851e-05
2.6818e-05
2.6786e-05
2.6753e-05
2.6721e-05
2.6688e-05
2.6656e-05
2.6623e-05
2.6591e-05
2.6558e-05
2.6526e-05
2.6493e-05
2.6461e-05
2.6428e-05
2.6395e-05
2.6363e-05
2.633e-05
2.6297e-05
2.6265e-05
2.6232e-05
2.6199e-05
2.6167e-05
2.6134e-05
2.6101e-05
2.6069e-05
2.6036e-05
2.6003e-05
2.597e-05
2.5937e-05
2.5905e-05
2.5872e-05
2.5839e-05
2.5806e-05
2.5773e-05
2.574e-05
2.5707e-05
2.5675e-05
2.5642e-05
2.5609e-05
2.5576e-05
2.5543e-05
2.551e-05
2.5477e-05
2.5444e-05
2.5411e-05
2.5378e-05
2.5345e-05
2.5312e-05
2.5279e-05
2.5246e-05
2.5213e-05
2.518e-05
2.5147e-05
2.5114e-05
2.5081e-05
2.5048e-05
2.5015e-05
2.4982e-05
2.4949e-05
2.4915e-05
2.4882e-05
2.4849e-05
2.4816e-05
2.4783e-05
2.475e-05
2.4717e-05
2.4684e-05
2.465e-05
2.4617e-05
2.4584e-05
2.4551e-05
2.4518e-05
2.4485e-05
2.4451e-05
2.4418e-05
2.4385e-05
2.4352e-05
2.4319e-05
2.4285e-05
2.4252e-05
2.4219e-05
2.4186e-05
2.4152e-05
2.4119e-05
2.4086e-05
2.4053e-05
2.4019e-05
2.3986e-05
2.3953e-05
2.392e-05
2.3886e-05
2.3853e-05
2.382e-05
2.3787e-05
2.3753e-05
2.372e-05
2.3687e-05
2.3654e-05
2.362e-05
2.3587e-05
2.3554e-05
2.352e-05
2.3487e-05
2.3454e-05
2.3421e-05
2.3387e-05
2.3354e-05
2.3321e-05
2.3287e-05
2.3254e-05
2.3221e-05
2.3187e-05
2.3154e-05
2.3121e-05
2.3088e-05
2.3054e-05
2.3021e-05
2.2988e-05
2.2954e-05
2.2921e-05
2.2888e-05
2.2854e-05
2.2821e-05
2.2788e-05
2.2755e-05
2.2721e-05
2.2688e-05
2.2655e-05
2.2622e-05
2.2588e-05
2.2555e-05
2.2522e-05
2.2488e-05
2.2455e-05
2.2422e-05
2.2389e-05
2.2355e-05
2.2322e-05
2.2289e-05
2.2256e-05
2.2222e-05
2.2189e-05
2.2156e-05
2.2123e-05
2.2089e-05
2.2056e-05
2.2023e-05
2.199e-05
2.1957e-05
2.1923e-05
2.189e-05
2.1857e-05
2.1824e-05
2.1791e-05
2.1757e-05
2.1724e-05
2.1691e-05
2.1658e-05
2.1625e-05
2.1592e-05
2.1559e-05
2.1525e-05
2.1492e-05
2.1459e-05
2.1426e-05
2.1393e-05
2.136e-05
2.1327e-05
2.1294e-05
2.1261e-05
2.1227e-05
2.1194e-05
2.1161e-05
2.1128e-05
2.1095e-05
2.1062e-05
2.1029e-05
2.0996e-05
2.0963e-05
2.093e-05
2.0897e-05
2.0864e-05
2.0831e-05
2.0798e-05
2.0765e-05
2.0732e-05
2.0699e-05
2.0667e-05
2.0634e-05
2.0601e-05
2.0568e-05
2.0535e-05
2.0502e-05
2.0469e-05
2.0436e-05
2.0404e-05
2.0371e-05
2.0338e-05
2.0305e-05
2.0272e-05
2.0239e-05
2.0207e-05
2.0174e-05
2.0141e-05
2.0108e-05
2.0076e-05
2.0043e-05
2.001e-05
1.9978e-05
1.9945e-05
1.9912e-05
1.988e-05
1.9847e-05
1.9814e-05
1.9782e-05
1.9749e-05
1.9717e-05
1.9684e-05
1.9651e-05
1.9619e-05
1.9586e-05
1.9554e-05
1.9521e-05
1.9489e-05
1.9456e-05
1.9424e-05
1.9391e-05
1.9359e-05
1.9326e-05
1.9294e-05
1.9262e-05
1.9229e-05
1.9197e-05
1.9165e-05
1.9132e-05
1.91e-05
1.9068e-05
1.9035e-05
1.9003e-05
1.8971e-05
1.8938e-05
1.8906e-05
1.8874e-05
1.8842e-05
1.881e-05
1.8778e-05
1.8745e-05
1.8713e-05
1.8681e-05
1.8649e-05
1.8617e-05
1.8585e-05
1.8553e-05
1.8521e-05
1.8489e-05
1.8457e-05
1.8425e-05
1.8393e-05
1.8361e-05
1.8329e-05
1.8297e-05
1.8265e-05
1.8233e-05
1.8201e-05
1.817e-05
1.8138e-05
1.8106e-05
1.8074e-05
1.8042e-05
1.8011e-05
1.7979e-05
1.7947e-05
1.7916e-05
1.7884e-05
1.7852e-05
1.7821e-05
1.7789e-05
1.7757e-05
1.7726e-05
1.7694e-05
1.7663e-05
1.7631e-05
1.76e-05
1.7568e-05
1.7537e-05
1.7505e-05
1.7474e-05
1.7443e-05
1.7411e-05
1.738e-05
1.7348e-05
1.7317e-05
1.7286e-05
1.7255e-05
1.7223e-05
1.7192e-05
1.7161e-05
1.713e-05
1.7099e-05
1.7067e-05
1.7036e-05
1.7005e-05
1.6974e-05
1.6943e-05
1.6912e-05
1.6881e-05
1.685e-05
1.6819e-05
1.6788e-05
1.6757e-05
1.6726e-05
1.6695e-05
1.6665e-05
1.6634e-05
1.6603e-05
1.6572e-05
1.6541e-05
1.6511e-05
1.648e-05
1.6449e-05
1.6419e-05
1.6388e-05
1.6357e-05
1.6327e-05
1.6296e-05
1.6266e-05
1.6235e-05
1.6205e-05
1.6174e-05
1.6144e-05
1.6113e-05
1.6083e-05
1.6052e-05
1.6022e-05
1.5992e-05
1.5961e-05
1.5931e-05
1.5901e-05
1.5871e-05
1.584e-05
1.581e-05
1.578e-05
1.575e-05
1.572e-05
1.569e-05
1.566e-05
1.563e-05
1.56e-05
1.557e-05
1.554e-05
1.551e-05
1.548e-05
1.545e-05
1.542e-05
1.539e-05
1.536e-05
1.5331e-05
1.5301e-05
1.5271e-05
1.5241e-05
1.5212e-05
1.5182e-05
1.5152e-05
1.5123e-05
1.5093e-05
1.5064e-05
1.5034e-05
1.5005e-05
1.4975e-05
1.4946e-05
1.4916e-05
1.4887e-05
1.4858e-05
1.4828e-05
1.4799e-05
1.477e-05
1.4741e-05
1.4711e-05
1.4682e-05
1.4653e-05
1.4624e-05
1.4595e-05
1.4566e-05
1.4537e-05
1.4508e-05
1.4479e-05
1.445e-05
1.4421e-05
1.4392e-05
1.4363e-05
1.4334e-05
1.4305e-05
1.4276e-05
1.4248e-05
1.4219e-05
1.419e-05
1.4162e-05
1.4133e-05
1.4104e-05
1.4076e-05
1.4047e-05
1.4019e-05
1.399e-05
1.3962e-05
1.3933e-05
1.3905e-05
1.3876e-05
1.3848e-05
1.382e-05
1.3791e-05
1.3763e-05
1.3735e-05
1.3707e-05
1.3678e-05
1.365e-05
1.3622e-05
1.3594e-05
1.3566e-05
1.3538e-05
1.351e-05
1.3482e-05
1.3454e-05
1.3426e-05
1.3398e-05
1.337e-05
1.3343e-05
1.3315e-05
1.3287e-05
1.3259e-05
1.3232e-05
1.3204e-05
1.3176e-05
1.3149e-05
1.3121e-05
1.3094e-05
1.3066e-05
1.3039e-05
1.3011e-05
1.2984e-05
1.2956e-05
1.2929e-05
1.2902e-05
1.2874e-05
1.2847e-05
1.282e-05
1.2793e-05
1.2765e-05
1.2738e-05
1.2711e-05
1.2684e-05
1.2657e-05
1.263e-05
1.2603e-05
1.2576e-05
1.2549e-05
1.2522e-05
1.2495e-05
1.2469e-05
1.2442e-05
1.2415e-05
1.2388e-05
1.2362e-05
1.2335e-05
1.2308e-05
1.2282e-05
1.2255e-05
1.2229e-05
1.2202e-05
1.2176e-05
1.2149e-05
1.2123e-05
1.2096e-05
1.207e-05
1.2044e-05
1.2017e-05
1.1991e-05
1.1965e-05
1.1939e-05
1.1913e-05
1.1887e-05
1.1861e-05
1.1834e-05
1.1808e-05
1.1782e-05
1.1757e-05
1.1731e-05
1.1705e-05
1.1679e-05
1.1653e-05
1.1627e-05
1.1602e-05
1.1576e-05
1.155e-05
1.1524e-05
1.1499e-05
1.1473e-05
1.1448e-05
1.1422e-05
1.1397e-05
1.1371e-05
1.1346e-05
1.132e-05
1.1295e-05
1.127e-05
1.1244e-05
1.1219e-05
1.1194e-05
1.1169e-05
1.1144e-05
1.1119e-05
1.1093e-05
1.1068e-05
1.1043e-05
1.1018e-05
1.0993e-05
1.0969e-05
1.0944e-05
1.0919e-05
1.0894e-05
1.0869e-05
1.0844e-05
1.082e-05
1.0795e-05
1.077e-05
1.0746e-05
1.0721e-05
1.0697e-05
1.0672e-05
1.0648e-05
1.0623e-05
1.0599e-05
1.0575e-05
1.055e-05
1.0526e-05
1.0502e-05
1.0477e-05
1.0453e-05
1.0429e-05
1.0405e-05
1.0381e-05
1.0357e-05
1.0333e-05
1.0309e-05
1.0285e-05
1.0261e-05
1.0237e-05
1.0213e-05
1.0189e-05
1.0166e-05
1.0142e-05
1.0118e-05
1.0094e-05
1.0071e-05
1.0047e-05
1.0024e-05
1e-05
9.9765e-06
9.953e-06
9.9296e-06
9.9062e-06
9.8828e-06
9.8595e-06
9.8362e-06
9.8129e-06
9.7897e-06
9.7665e-06
9.7434e-06
9.7202e-06
9.6971e-06
9.6741e-06
9.6511e-06
9.6281e-06
9.6051e-06
9.5822e-06
9.5593e-06
9.5365e-06
9.5137e-06
9.4909e-06
9.4682e-06
9.4455e-06
9.4228e-06
9.4002e-06
9.3776e-06
9.355e-06
9.3325e-06
9.31e-06
9.2875e-06
9.2651e-06
9.2427e-06
9.2203e-06
9.198e-06
9.1757e-06
9.1535e-06
9.1313e-06
9.1091e-06
9.0869e-06
9.0648e-06
9.0428e-06
9.0207e-06
8.9987e-06
8.9768e-06
8.9548e-06
8.9329e-06
8.9111e-06
8.8892e-06
8.8674e-06
8.8457e-06
8.824e-06
8.8023e-06
8.7806e-06
8.759e-06
8.7374e-06
8.7159e-06
8.6944e-06
8.6729e-06
8.6514e-06
8.63e-06
8.6087e-06
8.5873e-06
8.566e-06
8.5448e-06
8.5235e-06
8.5023e-06
8.4812e-06
8.4601e-06
8.439e-06
8.4179e-06
8.3969e-06
8.3759e-06
8.355e-06
8.3341e-06
8.3132e-06
8.2923e-06
8.2715e-06
8.2508e-06
8.23e-06
8.2093e-06
8.1886e-06
8.168e-06
8.1474e-06
8.1269e-06
8.1063e-06
8.0858e-06
8.0654e-06
8.045e-06
8.0246e-06
8.0042e-06
7.9839e-06
7.9636e-06
7.9434e-06
7.9232e-06
7.903e-06
7.8829e-06
7.8628e-06
7.8427e-06
7.8227e-06
7.8027e-06
7.7827e-06
7.7628e-06
7.7429e-06
7.723e-06
7.7032e-06
7.6834e-06
7.6636e-06
7.6439e-06
7.6242e-06
7.6046e-06
7.585e-06
7.5654e-06
7.5458e-06
7.5263e-06
7.5069e-06
7.4874e-06
7.468e-06
7.4487e-06
7.4293e-06
7.41e-06
7.3908e-06
7.3715e-06
7.3523e-06
7.3332e-06
7.314e-06
7.295e-06
7.2759e-06
7.2569e-06
7.2379e-06
7.2189e-06
7.2e-06
7.1811e-06
7.1623e-06
7.1435e-06
7.1247e-06
7.106e-06
7.0872e-06
7.0686e-06
7.0499e-06
7.0313e-06
7.0128e-06
6.9942e-06
6.9757e-06
6.9573e-06
6.9388e-06
6.9204e-06
6.9021e-06
6.8837e-06
6.8654e-06
6.8472e-06
6.829e-06
6.8108e-06
6.7926e-06
6.7745e-06
6.7564e-06
6.7384e-06
6.7203e-06
6.7024e-06
6.6844e-06
6.6665e-06
6.6486e-06
6.6308e-06
6.613e-06
6.5952e-06
6.5774e-06
6.5597e-06
6.542e-06
6.5244e-06
6.5068e-06
6.4892e-06
6.4717e-06
6.4542e-06
6.4367e-06
6.4193e-06
6.4019e-06
6.3845e-06
6.3672e-06
6.3499e-06
6.3326e-06
6.3154e-06
6.2982e-06
6.281e-06
6.2639e-06
6.2468e-06
6.2297e-06
6.2127e-06
6.1957e-06
6.1787e-06
6.1618e-06
6.1449e-06
6.128e-06
6.1112e-06
6.0944e-06
6.0777e-06
6.0609e-06
6.0442e-06
6.0276e-06
6.011e-06
5.9944e-06
5.9778e-06
5.9613e-06
5.9448e-06
5.9283e-06
5.9119e-06
5.8955e-06
5.8791e-06
5.8628e-06
5.8465e-06
5.8303e-06
5.814e-06
5.7979e-06
5.7817e-06
5.7656e-06
5.7495e-06
5.7334e-06
5.7174e-06
5.7014e-06
5.6854e-06
5.6695e-06
5.6536e-06
5.6377e-06
5.6219e-06
5.6061e-06
5.5904e-06
5.5746e-06
5.5589e-06
5.5433e-06
5.5276e-06
5.512e-06
5.4965e-06
5.4809e-06
5.4654e-06
5.45e-06
5.4345e-06
5.4191e-06
5.4037e-06
5.3884e-06
5.3731e-06
5.3578e-06
5.3426e-06
5.3274e-06
5.3122e-06
5.297e-06
5.2819e-06
5.2669e-06
5.2518e-06
5.2368e-06
5.2218e-06
5.2069e-06
5.1919e-06
5.177e-06
5.1622e-06
5.1474e-06
5.1326e-06
5.1178e-06
5.1031e-06
5.0884e-06
5.0737e-06
5.0591e-06
5.0445e-06
5.0299e-06
5.0154e-06
5.0009e-06
4.9864e-06
4.972e-06
4.9576e-06
4.9432e-06
4.9288e-06
4.9145e-06
4.9002e-06
4.886e-06
4.8718e-06
4.8576e-06
4.8434e-06
4.8293e-06
4.8152e-06
4.8011e-06
4.7871e-06
4.7731e-06
4.7591e-06
4.7452e-06
4.7313e-06
4.7174e-06
4.7035e-06
4.6897e-06
4.6759e-06
4.6622e-06
4.6485e-06
4.6348e-06
4.6211e-06
4.6075e-06
4.5939e-06
4.5803e-06
4.5668e-06
4.5533e-06
4.5398e-06
4.5263e-06
4.5129e-06
4.4995e-06
4.4862e-06
4.4728e-06
4.4596e-06
4.4463e-06
4.4331e-06
4.4199e-06
4.4067e-06
4.3935e-06
4.3804e-06
4.3673e-06
4.3543e-06
4.3413e-06
4.3283e-06
4.3153e-06
4.3024e-06
4.2895e-06
4.2766e-06
4.2637e-06
4.2509e-06
4.2381e-06
4.2254e-06
4.2127e-06
4.2e-06
4.1873e-06
4.1747e-06
4.1621e-06
4.1495e-06
4.1369e-06
4.1244e-06
4.1119e-06
4.0995e-06
4.087e-06
4.0746e-06
4.0623e-06
4.0499e-06
4.0376e-06
4.0253e-06
4.0131e-06
4.0009e-06
3.9887e-06
3.9765e-06
3.9644e-06
3.9522e-06
3.9402e-06
3.9281e-06
3.9161e-06
3.9041e-06
3.8921e-06
3.8802e-06
3.8683e-06
3.8564e-06
3.8445e-06
3.8327e-06
3.8209e-06
3.8092e-06
3.7974e-06
3.7857e-06
3.774e-06
3.7624e-06
3.7508e-06
3.7392e-06
3.7276e-06
3.7161e-06
3.7045e-06
3.6931e-06
3.6816e-06
3.6702e-06
3.6588e-06
3.6474e-06
3.6361e-06
3.6247e-06
3.6134e-06
3.6022e-06
3.591e-06
3.5797e-06
3.5686e-06
3.5574e-06
3.5463e-06
3.5352e-06
3.5241e-06
3.5131e-06
3.5021e-06
3.4911e-06
3.4801e-06
3.4692e-06
3.4583e-06
3.4474e-06
3.4366e-06
3.4257e-06
3.415e-06
3.4042e-06
3.3934e-06
3.3827e-06
3.372e-06
3.3614e-06
3.3507e-06
3.3401e-06
3.3296e-06
3.319e-06
3.3085e-06
3.298e-06
3.2875e-06
3.277e-06
3.2666e-06
3.2562e-06
3.2459e-06
3.2355e-06
3.2252e-06
3.2149e-06
3.2046e-06
3.1944e-06
3.1842e-06
3.174e-06
3.1639e-06
3.1537e-06
3.1436e-06
3.1335e-06
3.1235e-06
3.1134e-06
3.1034e-06
3.0935e-06
3.0835e-06
3.0736e-06
3.0637e-06
3.0538e-06
3.044e-06
3.0341e-06
3.0243e-06
3.0146e-06
3.0048e-06
2.9951e-06
2.9854e-06
2.9757e-06
2.9661e-06
2.9564e-06
2.9469e-06
2.9373e-06
2.9277e-06
2.9182e-06
2.9087e-06
2.8992e-06
2.8898e-06
2.8804e-06
2.871e-06
2.8616e-06
2.8523e-06
2.8429e-06
2.8336e-06
2.8244e-06
2.8151e-06
2.8059e-06
2.7967e-06
2.7875e-06
2.7784e-06
2.7692e-06
2.7601e-06
2.751e-06
2.742e-06
2.733e-06
2.724e-06
2.715e-06
2.706e-06
2.6971e-06
2.6882e-06
2.6793e-06
2.6704e-06
2.6616e-06
2.6528e-06
2.644e-06
2.6352e-06
2.6265e-06
2.6177e-06
2.6091e-06
2.6004e-06
2.5917e-06
2.5831e-06
2.5745e-06
2.5659e-06
2.5574e-06
2.5488e-06
2.5403e-06
2.5318e-06
2.5234e-06
2.5149e-06
2.5065e-06
2.4981e-06
2.4897e-06
2.4814e-06
2.4731e-06
2.4648e-06
2.4565e-06
2.4482e-06
2.44e-06
2.4318e-06
2.4236e-06
2.4154e-06
2.4073e-06
2.3992e-06
2.3911e-06
2.383e-06
2.3749e-06
2.3669e-06
2.3589e-06
2.3509e-06
2.3429e-06
2.335e-06
2.3271e-06
2.3192e-06
2.3113e-06
2.3035e-06
2.2956e-06
2.2878e-06
2.28e-06
2.2723e-06
2.2645e-06
2.2568e-06
2.2491e-06
2.2414e-06
2.2337e-06
2.2261e-06
2.2185e-06
2.2109e-06
2.2033e-06
2.1958e-06
2.1882e-06
2.1807e-06
2.1733e-06
2.1658e-06
2.1583e-06
2.1509e-06
2.1435e-06
2.1361e-06
2.1288e-06
2.1214e-06
2.1141e-06
2.1068e-06
2.0995e-06
2.0923e-06
2.085e-06
2.0778e-06
2.0706e-06
2.0635e-06
2.0563e-06
2.0492e-06
2.0421e-06
2.035e-06
2.0279e-06
2.0209e-06
2.0138e-06
2.0068e-06
1.9998e-06
1.9929e-06
1.9859e-06
1.979e-06
1.9721e-06
1.9652e-06
1.9583e-06
1.9515e-06
1.9446e-06
1.9378e-06
1.931e-06
1.9243e-06
1.9175e-06
1.9108e-06
1.9041e-06
1.8974e-06
1.8907e-06
1.8841e-06
1.8774e-06
1.8708e-06
1.8642e-06
1.8577e-06
1.8511e-06
1.8446e-06
1.8381e-06
1.8316e-06
1.8251e-06
1.8186e-06
1.8122e-06
1.8058e-06
1.7994e-06
1.793e-06
1.7866e-06
1.7803e-06
1.774e-06
1.7677e-06
1.7614e-06
1.7551e-06
1.7489e-06
1.7426e-06
1.7364e-06
1.7302e-06
1.724e-06
1.7179e-06
1.7118e-06
1.7056e-06
1.6995e-06
1.6934e-06
1.6874e-06
1.6813e-06
1.6753e-06
1.6693e-06
1.6633e-06
1.6573e-06
1.6514e-06
1.6454e-06
1.6395e-06
1.6336e-06
1.6277e-06
1.6219e-06
1.616e-06
1.6102e-06
1.6044e-06
1.5986e-06
1.5928e-06
1.587e-06
1.5813e-06
1.5756e-06
1.5699e-06
1.5642e-06
1.5585e-06
1.5528e-06
1.5472e-06
1.5416e-06
1.536e-06
1.5304e-06
1.5248e-06
1.5193e-06
1.5137e-06
1.5082e-06
1.5027e-06
1.4972e-06
1.4918e-06
1.4863e-06
1.4809e-06
1.4755e-06
1.4701e-06
1.4647e-06
1.4593e-06
1.454e-06
1.4486e-06
1.4433e-06
1.438e-06
1.4327e-06
1.4275e-06
1.4222e-06
1.417e-06
1.4118e-06
1.4066e-06
1.4014e-06
1.3962e-06
1.3911e-06
1.3859e-06
1.3808e-06
1.3757e-06
1.3706e-06
1.3655e-06
1.3605e-06
1.3554e-06
1.3504e-06
1.3454e-06
1.3404e-06
1.3354e-06
1.3305e-06
1.3255e-06
1.3206e-06
1.3157e-06
1.3108e-06
1.3059e-06
1.301e-06
1.2962e-06
1.2914e-06
1.2865e-06
1.2817e-06
1.2769e-06
1.2722e-06
1.2674e-06
1.2627e-06
1.2579e-06
1.2532e-06
1.2485e-06
1.2438e-06
1.2392e-06
1.2345e-06
1.2299e-06
1.2252e-06
1.2206e-06
1.216e-06
1.2115e-06
1.2069e-06
1.2023e-06
1.1978e-06
1.1933e-06
1.1888e-06
1.1843e-06
1.1798e-06
1.1753e-06
1.1709e-06
1.1665e-06
1.162e-06
1.1576e-06
1.1532e-06
1.1489e-06
1.1445e-06
1.1402e-06
1.1358e-06
1.1315e-06
1.1272e-06
1.1229e-06
1.1186e-06
1.1144e-06
1.1101e-06
1.1059e-06
1.1017e-06
1.0974e-06
1.0933e-06
1.0891e-06
1.0849e-06
1.0807e-06
1.0766e-06
1.0725e-06
1.0684e-06
1.0643e-06
1.0602e-06
1.0561e-06
1.0521e-06
1.048e-06
1.044e-06
1.04e-06
1.036e-06
1.032e-06
1.028e-06
1.024e-06
1.0201e-06
1.0161e-06
1.0122e-06
1.0083e-06
1.0044e-06
1.0005e-06
9.9664e-07
9.9278e-07
9.8893e-07
9.851e-07
9.8127e-07
9.7747e-07
9.7367e-07
9.6989e-07
9.6612e-07
9.6236e-07
9.5861e-07
9.5488e-07
9.5116e-07
9.4745e-07
9.4376e-07
9.4007e-07
9.364e-07
9.3275e-07
9.291e-07
9.2547e-07
9.2185e-07
9.1824e-07
9.1464e-07
9.1106e-07
9.0748e-07
9.0392e-07
9.0038e-07
8.9684e-07
8.9332e-07
8.8981e-07
8.8631e-07
8.8282e-07
8.7934e-07
8.7588e-07
8.7243e-07
8.6899e-07
8.6556e-07
8.6214e-07
8.5874e-07
8.5534e-07
8.5196e-07
8.4859e-07
8.4523e-07
8.4189e-07
8.3855e-07
8.3523e-07
8.3191e-07
8.2861e-07
8.2532e-07
8.2205e-07
8.1878e-07
8.1552e-07
8.1228e-07
8.0905e-07
8.0582e-07
8.0261e-07
7.9941e-07
7.9622e-07
7.9305e-07
7.8988e-07
7.8673e-07
7.8358e-07
7.8045e-07
7.7733e-07
7.7421e-07
7.7111e-07
7.6802e-07
7.6494e-07
7.6188e-07
7.5882e-07
7.5577e-07
7.5274e-07
7.4971e-07
7.467e-07
7.4369e-07
7.407e-07
7.3771e-07
7.3474e-07
7.3178e-07
7.2883e-07
7.2589e-07
7.2295e-07
7.2003e-07
7.1712e-07
7.1422e-07
7.1133e-07
7.0845e-07
7.0558e-07
7.0273e-07
6.9988e-07
6.9704e-07
6.9421e-07
6.9139e-07
6.8858e-07
6.8578e-07
6.8299e-07
6.8021e-07
6.7745e-07
6.7469e-07
6.7194e-07
6.692e-07
6.6647e-07
6.6375e-07
6.6104e-07
6.5834e-07
6.5565e-07
6.5297e-07
6.5029e-07
6.4763e-07
6.4498e-07
6.4234e-07
6.397e-07
6.3708e-07
6.3447e-07
6.3186e-07
6.2927e-07
6.2668e-07
6.241e-07
6.2153e-07
6.1898e-07
6.1643e-07
6.1389e-07
6.1136e-07
6.0884e-07
6.0632e-07
6.0382e-07
6.0133e-07
5.9884e-07
5.9637e-07
5.939e-07
5.9144e-07
5.8899e-07
5.8655e-07
5.8412e-07
5.817e-07
5.7929e-07
5.7688e-07
5.7448e-07
5.721e-07
5.6972e-07
5.6735e-07
5.6499e-07
5.6264e-07
5.6029e-07
5.5796e-07
5.5563e-07
5.5331e-07
5.51e-07
5.487e-07
5.4641e-07
5.4413e-07
5.4185e-07
5.3959e-07
5.3733e-07
5.3508e-07
5.3283e-07
5.306e-07
5.2838e-07
5.2616e-07
5.2395e-07
5.2175e-07
5.1956e-07
5.1737e-07
5.152e-07
5.1303e-07
5.1087e-07
5.0872e-07
5.0657e-07
5.0444e-07
5.0231e-07
5.0019e-07
4.9807e-07
4.9597e-07
4.9387e-07
4.9179e-07
4.897e-07
4.8763e-07
4.8557e-07
4.8351e-07
4.8146e-07
4.7942e-07
4.7738e-07
4.7536e-07
4.7334e-07
4.7133e-07
4.6932e-07
4.6732e-07
4.6534e-07
4.6335e-07
4.6138e-07
4.5941e-07
4.5746e-07
4.555e-07
4.5356e-07
4.5162e-07
4.4969e-07
4.4777e-07
4.4586e-07
4.4395e-07
4.4205e-07
4.4016e-07
4.3827e-07
4.3639e-07
4.3452e-07
4.3266e-07
4.308e-07
4.2895e-07
4.271e-07
4.2527e-07
4.2344e-07
4.2162e-07
4.198e-07
4.1799e-07
4.1619e-07
4.144e-07
4.1261e-07
4.1083e-07
4.0906e-07
4.0729e-07
4.0553e-07
4.0378e-07
4.0203e-07
4.0029e-07
3.9856e-07
3.9683e-07
3.9511e-07
3.934e-07
3.9169e-07
3.8999e-07
3.883e-07
3.8661e-07
3.8493e-07
3.8326e-07
3.8159e-07
3.7993e-07
3.7827e-07
3.7663e-07
3.7499e-07
3.7335e-07
3.7172e-07
3.701e-07
3.6848e-07
3.6687e-07
3.6527e-07
3.6367e-07
3.6208e-07
3.605e-07
3.5892e-07
3.5734e-07
3.5578e-07
3.5422e-07
3.5266e-07
3.5112e-07
3.4957e-07
3.4804e-07
3.4651e-07
3.4499e-07
3.4347e-07
3.4196e-07
3.4045e-07
3.3895e-07
3.3746e-07
3.3597e-07
3.3449e-07
3.3301e-07
3.3154e-07
3.3007e-07
3.2861e-07
3.2716e-07
3.2571e-07
3.2427e-07
3.2284e-07
3.2141e-07
3.1998e-07
3.1856e-07
3.1715e-07
3.1574e-07
3.1434e-07
3.1294e-07
3.1155e-07
3.1017e-07
3.0879e-07
3.0741e-07
3.0604e-07
3.0468e-07
3.0332e-07
3.0197e-07
3.0062e-07
2.9928e-07
2.9794e-07
2.9661e-07
2.9529e-07
2.9397e-07
2.9265e-07
2.9134e-07
2.9004e-07
2.8874e-07
2.8744e-07
2.8615e-07
2.8487e-07
2.8359e-07
2.8232e-07
2.8105e-07
2.7979e-07
2.7853e-07
2.7728e-07
2.7603e-07
2.7479e-07
2.7355e-07
2.7232e-07
2.7109e-07
2.6987e-07
2.6865e-07
2.6743e-07
2.6623e-07
2.6502e-07
2.6383e-07
2.6263e-07
2.6144e-07
2.6026e-07
2.5908e-07
2.5791e-07
2.5674e-07
2.5557e-07
2.5441e-07
2.5326e-07
2.5211e-07
2.5096e-07
2.4982e-07
2.4869e-07
2.4756e-07
2.4643e-07
2.4531e-07
2.4419e-07
2.4308e-07
2.4197e-07
2.4086e-07
2.3976e-07
2.3867e-07
2.3758e-07
2.3649e-07
2.3541e-07
2.3434e-07
2.3326e-07
2.322e-07
2.3113e-07
2.3007e-07
2.2902e-07
2.2797e-07
2.2692e-07
2.2588e-07
2.2484e-07
2.2381e-07
2.2278e-07
2.2176e-07
2.2074e-07
2.1972e-07
2.1871e-07
2.177e-07
2.167e-07
2.157e-07
2.147e-07
2.1371e-07
2.1272e-07
2.1174e-07
2.1076e-07
2.0979e-07
2.0882e-07
2.0785e-07
2.0689e-07
2.0593e-07
2.0498e-07
2.0403e-07
2.0308e-07
2.0214e-07
2.012e-07
2.0027e-07
1.9933e-07
1.9841e-07
1.9749e-07
1.9657e-07
1.9565e-07
1.9474e-07
1.9383e-07
1.9293e-07
1.9203e-07
1.9114e-07
1.9024e-07
1.8935e-07
1.8847e-07
1.8759e-07
1.8671e-07
1.8584e-07
1.8497e-07
1.841e-07
1.8324e-07
1.8238e-07
1.8153e-07
1.8068e-07
1.7983e-07
1.7899e-07
1.7815e-07
1.7731e-07
1.7647e-07
1.7565e-07
1.7482e-07
1.74e-07
1.7318e-07
1.7236e-07
1.7155e-07
1.7074e-07
1.6994e-07
1.6913e-07
1.6834e-07
1.6754e-07
1.6675e-07
1.6596e-07
1.6518e-07
1.6439e-07
1.6362e-07
1.6284e-07
1.6207e-07
1.613e-07
1.6054e-07
1.5978e-07
1.5902e-07
1.5826e-07
1.5751e-07
1.5676e-07
1.5602e-07
1.5528e-07
1.5454e-07
1.538e-07
1.5307e-07
1.5234e-07
1.5162e-07
1.5089e-07
1.5017e-07
1.4946e-07
1.4874e-07
1.4803e-07
1.4733e-07
1.4662e-07
1.4592e-07
1.4522e-07
1.4453e-07
1.4383e-07
1.4315e-07
1.4246e-07
1.4178e-07
1.411e-07
1.4042e-07
1.3975e-07
1.3907e-07
1.3841e-07
1.3774e-07
1.3708e-07
1.3642e-07
1.3576e-07
1.3511e-07
1.3446e-07
1.3381e-07
1.3317e-07
1.3252e-07
1.3188e-07
1.3125e-07
1.3061e-07
1.2998e-07
1.2935e-07
1.2873e-07
1.2811e-07
1.2749e-07
1.2687e-07
1.2625e-07
1.2564e-07
1.2503e-07
1.2443e-07
1.2382e-07
1.2322e-07
1.2262e-07
1.2203e-07
1.2144e-07
1.2085e-07
1.2026e-07
1.1967e-07
1.1909e-07
1.1851e-07
1.1793e-07
1.1736e-07
1.1679e-07
1.1622e-07
1.1565e-07
1.1508e-07
1.1452e-07
1.1396e-07
1.134e-07
1.1285e-07
1.123e-07
1.1175e-07
1.112e-07
1.1066e-07
1.1011e-07
1.0957e-07
1.0904e-07
1.085e-07
1.0797e-07
1.0744e-07
1.0691e-07
1.0639e-07
1.0586e-07
1.0534e-07
1.0482e-07
1.0431e-07
1.0379e-07
1.0328e-07
1.0277e-07
1.0227e-07
1.0176e-07
1.0126e-07
1.0076e-07
1.0026e-07
9.9766e-08
9.9272e-08
9.8781e-08
9.8293e-08
9.7806e-08
9.7322e-08
9.684e-08
9.636e-08
9.5882e-08
9.5406e-08
9.4933e-08
9.4461e-08
9.3992e-08
9.3525e-08
9.306e-08
9.2598e-08
9.2137e-08
9.1678e-08
9.1222e-08
9.0768e-08
9.0315e-08
8.9865e-08
8.9417e-08
8.8971e-08
8.8527e-08
8.8085e-08
8.7645e-08
8.7207e-08
8.6771e-08
8.6337e-08
8.5905e-08
8.5475e-08
8.5047e-08
8.462e-08
8.4196e-08
8.3774e-08
8.3354e-08
8.2936e-08
8.2519e-08
8.2105e-08
8.1692e-08
8.1282e-08
8.0873e-08
8.0466e-08
8.0061e-08
7.9658e-08
7.9257e-08
7.8858e-08
7.846e-08
7.8065e-08
7.7671e-08
7.7279e-08
7.6889e-08
7.65e-08
7.6114e-08
7.5729e-08
7.5346e-08
7.4965e-08
7.4585e-08
7.4208e-08
7.3832e-08
7.3458e-08
7.3085e-08
7.2715e-08
7.2346e-08
7.1979e-08
7.1613e-08
7.1249e-08
7.0887e-08
7.0527e-08
7.0168e-08
6.9811e-08
6.9456e-08
6.9102e-08
6.875e-08
6.84e-08
6.8051e-08
6.7704e-08
6.7359e-08
6.7015e-08
6.6673e-08
6.6332e-08
6.5993e-08
6.5656e-08
6.532e-08
6.4986e-08
6.4653e-08
6.4322e-08
6.3993e-08
6.3665e-08
6.3338e-08
6.3013e-08
6.269e-08
6.2368e-08
6.2048e-08
6.1729e-08
6.1412e-08
6.1096e-08
6.0782e-08
6.0469e-08
6.0158e-08
5.9848e-08
5.954e-08
5.9233e-08
5.8928e-08
5.8624e-08
5.8321e-08
5.802e-08
5.7721e-08
5.7422e-08
5.7126e-08
5.683e-08
5.6536e-08
5.6244e-08
5.5953e-08
5.5663e-08
5.5375e-08
5.5088e-08
5.4802e-08
5.4518e-08
5.4235e-08
5.3954e-08
5.3673e-08
5.3395e-08
5.3117e-08
5.2841e-08
5.2566e-08
5.2293e-08
5.202e-08
5.175e-08
5.148e-08
5.1212e-08
5.0945e-08
5.0679e-08
5.0415e-08
5.0152e-08
4.989e-08
4.9629e-08
4.937e-08
4.9112e-08
4.8855e-08
4.8599e-08
4.8345e-08
4.8092e-08
4.784e-08
4.7589e-08
4.734e-08
4.7092e-08
4.6845e-08
4.6599e-08
4.6354e-08
4.6111e-08
4.5868e-08
4.5627e-08
4.5387e-08
4.5149e-08
4.4911e-08
4.4675e-08
4.4439e-08
4.4205e-08
4.3972e-08
4.374e-08
4.351e-08
4.328e-08
4.3052e-08
4.2824e-08
4.2598e-08
4.2373e-08
4.2149e-08
4.1926e-08
4.1704e-08
4.1483e-08
4.1264e-08
4.1045e-08
4.0827e-08
4.0611e-08
4.0396e-08
4.0181e-08
3.9968e-08
3.9756e-08
3.9545e-08
3.9335e-08
3.9125e-08
3.8917e-08
3.871e-08
3.8504e-08
3.8299e-08
3.8095e-08
3.7892e-08
3.769e-08
3.7489e-08
3.7289e-08
3.7091e-08
3.6893e-08
3.6695e-08
3.6499e-08
3.6304e-08
3.611e-08
3.5917e-08
3.5725e-08
3.5534e-08
3.5343e-08
3.5154e-08
3.4966e-08
3.4778e-08
3.4592e-08
3.4406e-08
3.4222e-08
3.4038e-08
3.3855e-08
3.3673e-08
3.3492e-08
3.3312e-08
3.3133e-08
3.2954e-08
3.2777e-08
3.2601e-08
3.2425e-08
3.225e-08
3.2076e-08
3.1903e-08
3.1731e-08
3.156e-08
3.1389e-08
3.122e-08
3.1051e-08
3.0883e-08
3.0716e-08
3.055e-08
3.0385e-08
3.022e-08
3.0056e-08
2.9894e-08
2.9732e-08
2.957e-08
2.941e-08
2.925e-08
2.9092e-08
2.8934e-08
2.8776e-08
2.862e-08
2.8464e-08
2.831e-08
2.8156e-08
2.8002e-08
2.785e-08
2.7698e-08
2.7547e-08
2.7397e-08
2.7248e-08
2.7099e-08
2.6951e-08
2.6804e-08
2.6658e-08
2.6512e-08
2.6367e-08
2.6223e-08
2.6079e-08
2.5937e-08
2.5795e-08
2.5653e-08
2.5513e-08
2.5373e-08
2.5234e-08
2.5096e-08
2.4958e-08
2.4821e-08
2.4685e-08
2.4549e-08
2.4414e-08
2.428e-08
2.4147e-08
2.4014e-08
2.3882e-08
2.375e-08
2.3619e-08
2.3489e-08
2.336e-08
2.3231e-08
2.3103e-08
2.2975e-08
2.2849e-08
2.2723e-08
2.2597e-08
2.2472e-08
2.2348e-08
2.2224e-08
2.2101e-08
2.1979e-08
2.1857e-08
2.1736e-08
2.1616e-08
2.1496e-08
2.1377e-08
2.1259e-08
2.1141e-08
2.1023e-08
2.0907e-08
2.079e-08
2.0675e-08
2.056e-08
2.0446e-08
2.0332e-08
2.0219e-08
2.0106e-08
1.9994e-08
1.9883e-08
1.9772e-08
1.9662e-08
1.9552e-08
1.9443e-08
1.9335e-08
1.9227e-08
1.9119e-08
1.9013e-08
1.8906e-08
1.8801e-08
1.8696e-08
1.8591e-08
1.8487e-08
1.8383e-08
1.828e-08
1.8178e-08
1.8076e-08
1.7975e-08
1.7874e-08
1.7774e-08
1.7674e-08
1.7575e-08
1.7476e-08
1.7378e-08
1.728e-08
1.7183e-08
1.7086e-08
1.699e-08
1.6894e-08
1.6799e-08
1.6704e-08
1.661e-08
1.6517e-08
1.6424e-08
1.6331e-08
1.6239e-08
1.6147e-08
1.6056e-08
1.5965e-08
1.5875e-08
1.5785e-08
1.5696e-08
1.5607e-08
1.5519e-08
1.5431e-08
1.5343e-08
1.5256e-08
1.517e-08
1.5084e-08
1.4998e-08
1.4913e-08
1.4829e-08
1.4744e-08
1.4661e-08
1.4577e-08
1.4494e-08
1.4412e-08
1.433e-08
1.4248e-08
1.4167e-08
1.4087e-08
1.4006e-08
1.3926e-08
1.3847e-08
1.3768e-08
1.369e-08
1.3611e-08
1.3534e-08
1.3456e-08
1.3379e-08
1.3303e-08
1.3227e-08
1.3151e-08
1.3076e-08
1.3001e-08
1.2927e-08
1.2853e-08
1.2779e-08
1.2706e-08
1.2633e-08
1.256e-08
1.2488e-08
1.2417e-08
1.2345e-08
1.2274e-08
1.2204e-08
1.2134e-08
1.2064e-08
1.1995e-08
1.1926e-08
1.1857e-08
1.1789e-08
1.1721e-08
1.1653e-08
1.1586e-08
1.1519e-08
1.1453e-08
1.1387e-08
1.1321e-08
1.1255e-08
1.119e-08
1.1126e-08
1.1061e-08
1.0997e-08
1.0934e-08
1.0871e-08
1.0808e-08
1.0745e-08
1.0683e-08
1.0621e-08
1.0559e-08
1.0498e-08
1.0437e-08
1.0376e-08
1.0316e-08
1.0256e-08
1.0197e-08
1.0137e-08
1.0079e-08
1.002e-08
9.9616e-09
9.9036e-09
9.8459e-09
9.7886e-09
9.7315e-09
9.6748e-09
9.6184e-09
9.5623e-09
9.5065e-09
9.451e-09
9.3958e-09
9.3409e-09
9.2864e-09
9.2321e-09
9.1781e-09
9.1244e-09
9.071e-09
9.0179e-09
8.9651e-09
8.9126e-09
8.8604e-09
8.8084e-09
8.7568e-09
8.7054e-09
8.6543e-09
8.6035e-09
8.553e-09
8.5028e-09
8.4528e-09
8.4031e-09
8.3537e-09
8.3046e-09
8.2557e-09
8.2071e-09
8.1588e-09
8.1107e-09
8.0629e-09
8.0154e-09
7.9681e-09
7.9211e-09
7.8744e-09
7.8279e-09
7.7817e-09
7.7357e-09
7.69e-09
7.6446e-09
7.5994e-09
7.5544e-09
7.5097e-09
7.4653e-09
7.4211e-09
7.3771e-09
7.3334e-09
7.2899e-09
7.2467e-09
7.2037e-09
7.161e-09
7.1185e-09
7.0762e-09
7.0342e-09
6.9924e-09
6.9508e-09
6.9095e-09
6.8684e-09
6.8275e-09
6.7869e-09
6.7465e-09
6.7063e-09
6.6663e-09
6.6266e-09
6.5871e-09
6.5478e-09
6.5087e-09
6.4699e-09
6.4312e-09
6.3928e-09
6.3546e-09
6.3167e-09
6.2789e-09
6.2413e-09
6.204e-09
6.1669e-09
6.13e-09
6.0932e-09
6.0567e-09
6.0204e-09
5.9843e-09
5.9485e-09
5.9128e-09
5.8773e-09
5.842e-09
5.8069e-09
5.772e-09
5.7373e-09
5.7029e-09
5.6686e-09
5.6345e-09
5.6006e-09
5.5668e-09
5.5333e-09
5.5e-09
5.4668e-09
5.4339e-09
5.4011e-09
5.3685e-09
5.3361e-09
5.3039e-09
5.2719e-09
5.2401e-09
5.2084e-09
5.1769e-09
5.1456e-09
5.1145e-09
5.0836e-09
5.0528e-09
5.0222e-09
4.9918e-09
4.9615e-09
4.9315e-09
4.9016e-09
4.8718e-09
4.8423e-09
4.8129e-09
4.7837e-09
4.7546e-09
4.7257e-09
4.697e-09
4.6685e-09
4.6401e-09
4.6118e-09
4.5838e-09
4.5559e-09
4.5281e-09
4.5005e-09
4.4731e-09
4.4459e-09
4.4187e-09
4.3918e-09
4.365e-09
4.3384e-09
4.3119e-09
4.2855e-09
4.2593e-09
4.2333e-09
4.2074e-09
4.1817e-09
4.1561e-09
4.1307e-09
4.1054e-09
4.0802e-09
4.0552e-09
4.0304e-09
4.0057e-09
3.9811e-09
3.9567e-09
3.9324e-09
3.9083e-09
3.8843e-09
3.8604e-09
3.8367e-09
3.8131e-09
3.7897e-09
3.7663e-09
3.7432e-09
3.7201e-09
3.6972e-09
3.6745e-09
3.6518e-09
3.6293e-09
3.6069e-09
3.5847e-09
3.5626e-09
3.5406e-09
3.5187e-09
3.497e-09
3.4754e-09
3.4539e-09
3.4326e-09
3.4113e-09
3.3902e-09
3.3693e-09
3.3484e-09
3.3277e-09
3.3071e-09
3.2866e-09
3.2662e-09
3.2459e-09
3.2258e-09
3.2058e-09
3.1859e-09
3.1661e-09
3.1465e-09
3.1269e-09
3.1075e-09
3.0882e-09
3.069e-09
3.0499e-09
3.0309e-09
3.012e-09
2.9933e-09
2.9746e-09
2.9561e-09
2.9377e-09
2.9193e-09
2.9011e-09
2.883e-09
2.865e-09
2.8471e-09
2.8294e-09
2.8117e-09
2.7941e-09
2.7766e-09
2.7593e-09
2.742e-09
2.7249e-09
2.7078e-09
2.6909e-09
2.674e-09
2.6572e-09
2.6406e-09
2.624e-09
2.6076e-09
2.5912e-09
2.5749e-09
2.5588e-09
2.5427e-09
2.5267e-09
2.5109e-09
2.4951e-09
2.4794e-09
2.4638e-09
2.4483e-09
2.4329e-09
2.4176e-09
2.4023e-09
2.3872e-09
2.3721e-09
2.3572e-09
2.3423e-09
2.3275e-09
2.3129e-09
2.2983e-09
2.2837e-09
2.2693e-09
2.255e-09
2.2407e-09
2.2265e-09
2.2125e-09
2.1985e-09
2.1845e-09
2.1707e-09
2.157e-09
2.1433e-09
2.1297e-09
2.1162e-09
2.1028e-09
2.0895e-09
2.0762e-09
2.063e-09
2.0499e-09
2.0369e-09
2.024e-09
2.0111e-09
1.9983e-09
1.9856e-09
1.973e-09
1.9604e-09
1.9479e-09
1.9355e-09
1.9232e-09
1.9109e-09
1.8987e-09
1.8866e-09
1.8746e-09
1.8626e-09
1.8508e-09
1.8389e-09
1.8272e-09
1.8155e-09
1.8039e-09
1.7924e-09
1.7809e-09
1.7695e-09
1.7582e-09
1.747e-09
1.7358e-09
1.7246e-09
1.7136e-09
1.7026e-09
1.6917e-09
1.6808e-09
1.6701e-09
1.6593e-09
1.6487e-09
1.6381e-09
1.6276e-09
1.6171e-09
1.6067e-09
1.5964e-09
1.5861e-09
1.5759e-09
1.5658e-09
1.5557e-09
1.5457e-09
1.5357e-09
1.5258e-09
1.516e-09
1.5062e-09
1.4965e-09
1.4868e-09
1.4772e-09
1.4677e-09
1.4582e-09
1.4488e-09
1.4394e-09
1.4301e-09
1.4209e-09
1.4117e-09
1.4026e-09
1.3935e-09
1.3845e-09
1.3755e-09
1.3666e-09
1.3577e-09
1.3489e-09
1.3402e-09
1.3315e-09
1.3228e-09
1.3142e-09
1.3057e-09
1.2972e-09
1.2888e-09
1.2804e-09
1.2721e-09
1.2638e-09
1.2556e-09
1.2474e-09
1.2393e-09
1.2312e-09
1.2232e-09
1.2153e-09
1.2073e-09
1.1995e-09
1.1916e-09
1.1839e-09
1.1761e-09
1.1685e-09
1.1608e-09
1.1532e-09
1.1457e-09
1.1382e-09
1.1308e-09
1.1234e-09
1.116e-09
1.1087e-09
1.1015e-09
1.0943e-09
1.0871e-09
1.08e-09
1.0729e-09
1.0658e-09
1.0589e-09
1.0519e-09
1.045e-09
1.0381e-09
1.0313e-09
1.0245e-09
1.0178e-09
1.0111e-09
1.0045e-09
9.9787e-10
9.913e-10
9.8478e-10
9.783e-10
9.7185e-10
9.6545e-10
9.5909e-10
9.5277e-10
9.4648e-10
9.4024e-10
9.3404e-10
9.2787e-10
9.2175e-10
9.1566e-10
9.0961e-10
9.036e-10
8.9762e-10
8.9169e-10
8.8579e-10
8.7993e-10
8.7411e-10
8.6832e-10
8.6257e-10
8.5685e-10
8.5118e-10
8.4553e-10
8.3993e-10
8.3436e-10
8.2882e-10
8.2332e-10
8.1785e-10
8.1242e-10
8.0702e-10
8.0166e-10
7.9633e-10
7.9104e-10
7.8577e-10
7.8055e-10
7.7535e-10
7.7019e-10
7.6506e-10
7.5996e-10
7.549e-10
7.4987e-10
7.4487e-10
7.399e-10
7.3496e-10
7.3006e-10
7.2518e-10
7.2034e-10
7.1553e-10
7.1075e-10
7.06e-10
7.0128e-10
6.9659e-10
6.9192e-10
6.8729e-10
6.8269e-10
6.7812e-10
6.7358e-10
6.6907e-10
6.6458e-10
6.6012e-10
6.557e-10
6.513e-10
6.4693e-10
6.4258e-10
6.3827e-10
6.3398e-10
6.2972e-10
6.2549e-10
6.2128e-10
6.1711e-10
6.1296e-10
6.0883e-10
6.0473e-10
6.0066e-10
5.9661e-10
5.9259e-10
5.886e-10
5.8463e-10
5.8069e-10
5.7677e-10
5.7288e-10
5.6901e-10
5.6517e-10
5.6135e-10
5.5756e-10
5.5379e-10
5.5005e-10
5.4633e-10
5.4264e-10
5.3896e-10
5.3532e-10
5.3169e-10
5.2809e-10
5.2451e-10
5.2096e-10
5.1743e-10
5.1392e-10
5.1043e-10
5.0697e-10
5.0353e-10
5.0011e-10
4.9671e-10
4.9334e-10
4.8999e-10
4.8666e-10
4.8335e-10
4.8006e-10
4.768e-10
4.7355e-10
4.7033e-10
4.6712e-10
4.6394e-10
4.6078e-10
4.5764e-10
4.5452e-10
4.5142e-10
4.4834e-10
4.4528e-10
4.4224e-10
4.3922e-10
4.3622e-10
4.3324e-10
4.3028e-10
4.2734e-10
4.2442e-10
4.2152e-10
4.1863e-10
4.1577e-10
4.1292e-10
4.1009e-10
4.0728e-10
4.0449e-10
4.0172e-10
3.9897e-10
3.9623e-10
3.9351e-10
3.9081e-10
3.8813e-10
3.8546e-10
3.8281e-10
3.8018e-10
3.7757e-10
3.7498e-10
3.724e-10
3.6984e-10
3.6729e-10
3.6476e-10
3.6225e-10
3.5976e-10
3.5728e-10
3.5482e-10
3.5237e-10
3.4994e-10
3.4753e-10
3.4513e-10
3.4275e-10
3.4038e-10
3.3803e-10
3.3569e-10
3.3337e-10
3.3107e-10
3.2878e-10
3.2651e-10
3.2425e-10
3.2201e-10
3.1978e-10
3.1756e-10
3.1536e-10
3.1318e-10
3.1101e-10
3.0885e-10
3.0671e-10
3.0458e-10
3.0247e-10
3.0037e-10
2.9828e-10
2.9621e-10
2.9415e-10
2.9211e-10
2.9008e-10
2.8806e-10
2.8606e-10
2.8407e-10
2.8209e-10
2.8013e-10
2.7818e-10
2.7624e-10
2.7432e-10
2.724e-10
2.7051e-10
2.6862e-10
2.6675e-10
2.6488e-10
2.6304e-10
2.612e-10
2.5938e-10
2.5756e-10
2.5576e-10
2.5398e-10
2.522e-10
2.5044e-10
2.4868e-10
2.4694e-10
2.4522e-10
2.435e-10
2.4179e-10
2.401e-10
2.3842e-10
2.3674e-10
2.3508e-10
2.3344e-10
2.318e-10
2.3017e-10
2.2856e-10
2.2695e-10
2.2536e-10
2.2377e-10
2.222e-10
2.2064e-10
2.1909e-10
2.1754e-10
2.1601e-10
2.1449e-10
2.1298e-10
2.1148e-10
2.0999e-10
2.0851e-10
2.0704e-10
2.0558e-10
2.0413e-10
2.0269e-10
2.0126e-10
1.9984e-10
1.9843e-10
1.9703e-10
1.9564e-10
1.9425e-10
1.9288e-10
1.9152e-10
1.9016e-10
1.8882e-10
1.8748e-10
1.8615e-10
1.8483e-10
1.8352e-10
1.8222e-10
1.8093e-10
1.7965e-10
1.7838e-10
1.7711e-10
1.7585e-10
1.7461e-10
1.7337e-10
1.7213e-10
1.7091e-10
1.697e-10
1.6849e-10
1.6729e-10
1.661e-10
1.6492e-10
1.6375e-10
1.6258e-10
1.6142e-10
1.6027e-10
1.5913e-10
1.58e-10
1.5687e-10
1.5575e-10
1.5464e-10
1.5354e-10
1.5244e-10
1.5135e-10
1.5027e-10
1.492e-10
1.4813e-10
1.4707e-10
1.4602e-10
1.4498e-10
1.4394e-10
1.4291e-10
1.4189e-10
1.4087e-10
1.3986e-10
1.3886e-10
1.3787e-10
1.3688e-10
1.359e-10
1.3492e-10
1.3395e-10
1.3299e-10
1.3204e-10
1.3109e-10
1.3015e-10
1.2921e-10
1.2829e-10
1.2736e-10
1.2645e-10
1.2554e-10
1.2463e-10
1.2374e-10
1.2285e-10
1.2196e-10
1.2108e-10
1.2021e-10
1.1934e-10
1.1848e-10
1.1763e-10
1.1678e-10
1.1594e-10
1.151e-10
1.1427e-10
1.1345e-10
1.1263e-10
1.1181e-10
1.11e-10
1.102e-10
1.0941e-10
1.0861e-10
1.0783e-10
1.0705e-10
1.0627e-10
1.055e-10
1.0474e-10
1.0398e-10
1.0323e-10
1.0248e-10
1.0173e-10
1.01e-10
1.0026e-10
9.9536e-11
9.8813e-11
9.8096e-11
9.7383e-11
9.6675e-11
9.5973e-11
9.5275e-11
9.4582e-11
9.3894e-11
9.3211e-11
9.2532e-11
9.1859e-11
9.119e-11
9.0525e-11
8.9866e-11
8.9211e-11
8.856e-11
8.7914e-11
8.7273e-11
8.6636e-11
8.6004e-11
8.5376e-11
8.4752e-11
8.4133e-11
8.3518e-11
8.2908e-11
8.2302e-11
8.17e-11
8.1102e-11
8.0509e-11
7.9919e-11
7.9334e-11
7.8753e-11
7.8176e-11
7.7603e-11
7.7035e-11
7.647e-11
7.5909e-11
7.5352e-11
7.4799e-11
7.425e-11
7.3705e-11
7.3164e-11
7.2626e-11
7.2092e-11
7.1562e-11
7.1036e-11
7.0514e-11
6.9995e-11
6.948e-11
6.8969e-11
6.8461e-11
6.7957e-11
6.7456e-11
6.6959e-11
6.6465e-11
6.5975e-11
6.5489e-11
6.5006e-11
6.4526e-11
6.405e-11
6.3577e-11
6.3107e-11
6.2641e-11
6.2178e-11
6.1719e-11
6.1262e-11
6.0809e-11
6.0359e-11
5.9913e-11
5.9469e-11
5.9029e-11
5.8592e-11
5.8158e-11
5.7727e-11
5.7299e-11
5.6874e-11
5.6452e-11
5.6034e-11
5.5618e-11
5.5205e-11
5.4795e-11
5.4388e-11
5.3984e-11
5.3583e-11
5.3185e-11
5.2789e-11
5.2397e-11
5.2007e-11
5.162e-11
5.1236e-11
5.0855e-11
5.0476e-11
5.01e-11
4.9727e-11
4.9356e-11
4.8988e-11
4.8623e-11
4.826e-11
4.79e-11
4.7543e-11
4.7188e-11
4.6835e-11
4.6485e-11
4.6138e-11
4.5793e-11
4.5451e-11
4.5111e-11
4.4774e-11
4.4439e-11
4.4106e-11
4.3776e-11
4.3448e-11
4.3123e-11
4.28e-11
4.2479e-11
4.2161e-11
4.1844e-11
4.1531e-11
4.1219e-11
4.091e-11
4.0603e-11
4.0298e-11
3.9995e-11
3.9695e-11
3.9396e-11
3.91e-11
3.8806e-11
3.8514e-11
3.8225e-11
3.7937e-11
3.7652e-11
3.7368e-11
3.7087e-11
3.6807e-11
3.653e-11
3.6255e-11
3.5981e-11
3.571e-11
3.5441e-11
3.5173e-11
3.4908e-11
3.4644e-11
3.4383e-11
3.4123e-11
3.3865e-11
3.3609e-11
3.3355e-11
3.3103e-11
3.2853e-11
3.2604e-11
3.2357e-11
3.2112e-11
3.1869e-11
3.1628e-11
3.1388e-11
3.115e-11
3.0914e-11
3.068e-11
3.0447e-11
3.0216e-11
2.9987e-11
2.9759e-11
2.9533e-11
2.9309e-11
2.9086e-11
2.8865e-11
2.8646e-11
2.8428e-11
2.8212e-11
2.7998e-11
2.7784e-11
2.7573e-11
2.7363e-11
2.7155e-11
2.6948e-11
2.6743e-11
2.6539e-11
2.6337e-11
2.6136e-11
2.5936e-11
2.5739e-11
2.5542e-11
2.5347e-11
2.5154e-11
2.4961e-11
2.4771e-11
2.4582e-11
2.4394e-11
2.4207e-11
2.4022e-11
2.3838e-11
2.3656e-11
2.3475e-11
2.3295e-11
2.3117e-11
2.294e-11
2.2764e-11
2.2589e-11
2.2416e-11
2.2244e-11
2.2074e-11
2.1904e-11
2.1736e-11
2.1569e-11
2.1404e-11
2.1239e-11
2.1076e-11
2.0914e-11
2.0754e-11
2.0594e-11
2.0436e-11
2.0278e-11
2.0122e-11
1.9967e-11
1.9814e-11
1.9661e-11
1.951e-11
1.9359e-11
1.921e-11
1.9062e-11
1.8915e-11
1.8769e-11
1.8624e-11
1.8481e-11
1.8338e-11
1.8196e-11
1.8056e-11
1.7916e-11
1.7778e-11
1.7641e-11
1.7504e-11
1.7369e-11
1.7234e-11
1.7101e-11
1.6969e-11
1.6837e-11
1.6707e-11
1.6578e-11
1.6449e-11
1.6322e-11
1.6195e-11
1.607e-11
1.5945e-11
1.5821e-11
1.5698e-11
1.5577e-11
1.5456e-11
1.5336e-11
1.5217e-11
1.5098e-11
1.4981e-11
1.4864e-11
1.4749e-11
1.4634e-11
1.452e-11
1.4407e-11
1.4295e-11
1.4184e-11
1.4073e-11
1.3964e-11
1.3855e-11
1.3747e-11
1.364e-11
1.3533e-11
1.3428e-11
1.3323e-11
1.3219e-11
1.3116e-11
1.3013e-11
1.2912e-11
1.2811e-11
1.2711e-11
1.2611e-11
1.2513e-11
1.2415e-11
1.2318e-11
1.2221e-11
1.2126e-11
1.2031e-11
1.1936e-11
1.1843e-11
1.175e-11
1.1658e-11
1.1567e-11
1.1476e-11
1.1386e-11
1.1297e-11
1.1208e-11
1.112e-11
1.1033e-11
1.0946e-11
1.086e-11
1.0775e-11
1.069e-11
1.0606e-11
1.0523e-11
1.044e-11
1.0358e-11
1.0276e-11
1.0195e-11
1.0115e-11
1.0035e-11
9.9562e-12
9.8777e-12
9.7998e-12
9.7226e-12
9.6459e-12
9.5698e-12
9.4943e-12
9.4193e-12
9.345e-12
9.2712e-12
9.1979e-12
9.1252e-12
9.0531e-12
8.9816e-12
8.9105e-12
8.8401e-12
8.7701e-12
8.7007e-12
8.6318e-12
8.5635e-12
8.4957e-12
8.4284e-12
8.3616e-12
8.2953e-12
8.2296e-12
8.1643e-12
8.0995e-12
8.0353e-12
7.9715e-12
7.9082e-12
7.8454e-12
7.7831e-12
7.7213e-12
7.6599e-12
7.5991e-12
7.5387e-12
7.4787e-12
7.4192e-12
7.3602e-12
7.3016e-12
7.2435e-12
7.1858e-12
7.1286e-12
7.0718e-12
7.0154e-12
6.9595e-12
6.904e-12
6.849e-12
6.7943e-12
6.7401e-12
6.6863e-12
6.633e-12
6.58e-12
6.5274e-12
6.4753e-12
6.4235e-12
6.3722e-12
6.3213e-12
6.2707e-12
6.2205e-12
6.1708e-12
6.1214e-12
6.0724e-12
6.0238e-12
5.9755e-12
5.9276e-12
5.8801e-12
5.833e-12
5.7862e-12
5.7398e-12
5.6938e-12
5.6481e-12
5.6028e-12
5.5578e-12
5.5132e-12
5.4689e-12
5.425e-12
5.3814e-12
5.3381e-12
5.2952e-12
5.2526e-12
5.2104e-12
5.1684e-12
5.1269e-12
5.0856e-12
5.0446e-12
5.004e-12
4.9637e-12
4.9237e-12
4.884e-12
4.8446e-12
4.8056e-12
4.7668e-12
4.7284e-12
4.6902e-12
4.6523e-12
4.6148e-12
4.5775e-12
4.5405e-12
4.5038e-12
4.4674e-12
4.4313e-12
4.3955e-12
4.3599e-12
4.3247e-12
4.2897e-12
4.255e-12
4.2205e-12
4.1863e-12
4.1524e-12
4.1188e-12
4.0854e-12
4.0523e-12
4.0194e-12
3.9868e-12
3.9545e-12
3.9224e-12
3.8906e-12
3.859e-12
3.8276e-12
3.7966e-12
3.7657e-12
3.7351e-12
3.7047e-12
3.6746e-12
3.6447e-12
3.6151e-12
3.5857e-12
3.5565e-12
3.5276e-12
3.4988e-12
3.4703e-12
3.4421e-12
3.414e-12
3.3862e-12
3.3586e-12
3.3312e-12
3.3041e-12
3.2771e-12
3.2504e-12
3.2238e-12
3.1975e-12
3.1714e-12
3.1455e-12
3.1198e-12
3.0943e-12
3.069e-12
3.0439e-12
3.0191e-12
2.9944e-12
2.9699e-12
2.9456e-12
2.9215e-12
2.8975e-12
2.8738e-12
2.8503e-12
2.8269e-12
2.8038e-12
2.7808e-12
2.758e-12
2.7354e-12
2.7129e-12
2.6907e-12
2.6686e-12
2.6467e-12
2.625e-12
2.6034e-12
2.582e-12
2.5608e-12
2.5398e-12
2.5189e-12
2.4982e-12
2.4777e-12
2.4573e-12
2.4371e-12
2.417e-12
2.3971e-12
2.3774e-12
2.3578e-12
2.3384e-12
2.3192e-12
2.3001e-12
2.2811e-12
2.2623e-12
2.2437e-12
2.2252e-12
2.2068e-12
2.1886e-12
2.1706e-12
2.1526e-12
2.1349e-12
2.1172e-12
2.0998e-12
2.0824e-12
2.0652e-12
2.0482e-12
2.0312e-12
2.0144e-12
1.9978e-12
1.9813e-12
1.9649e-12
1.9486e-12
1.9325e-12
1.9165e-12
1.9007e-12
1.8849e-12
1.8693e-12
1.8538e-12
1.8385e-12
1.8232e-12
1.8081e-12
1.7932e-12
1.7783e-12
1.7635e-12
1.7489e-12
1.7344e-12
1.72e-12
1.7058e-12
1.6916e-12
1.6776e-12
1.6636e-12
1.6498e-12
1.6361e-12
1.6226e-12
1.6091e-12
1.5957e-12
1.5825e-12
1.5693e-12
1.5563e-12
1.5433e-12
1.5305e-12
1.5178e-12
1.5052e-12
1.4926e-12
1.4802e-12
1.4679e-12
1.4557e-12
1.4436e-12
1.4316e-12
1.4197e-12
1.4078e-12
1.3961e-12
1.3845e-12
1.373e-12
1.3615e-12
1.3502e-12
1.339e-12
1.3278e-12
1.3167e-12
1.3058e-12
1.2949e-12
1.2841e-12
1.2734e-12
1.2628e-12
1.2523e-12
1.2418e-12
1.2315e-12
1.2212e-12
1.211e-12
1.2009e-12
1.1909e-12
1.181e-12
1.1712e-12
1.1614e-12
1.1517e-12
1.1421e-12
1.1326e-12
1.1232e-12
1.1138e-12
1.1045e-12
1.0953e-12
1.0862e-12
1.0771e-12
1.0681e-12
1.0592e-12
1.0504e-12
1.0417e-12
1.033e-12
1.0244e-12
1.0158e-12
1.0074e-12
9.9898e-13
9.9066e-13
9.8241e-13
9.7423e-13
9.6612e-13
9.5808e-13
9.5011e-13
9.422e-13
9.3436e-13
9.2659e-13
9.1888e-13
9.1124e-13
9.0367e-13
8.9616e-13
8.8871e-13
8.8133e-13
8.7401e-13
8.6675e-13
8.5956e-13
8.5243e-13
8.4536e-13
8.3835e-13
8.314e-13
8.2451e-13
8.1768e-13
8.1091e-13
8.042e-13
7.9755e-13
7.9095e-13
7.8441e-13
7.7793e-13
7.7151e-13
7.6514e-13
7.5883e-13
7.5258e-13
7.4637e-13
7.4023e-13
7.3414e-13
7.281e-13
7.2211e-13
7.1618e-13
7.103e-13
7.0448e-13
6.987e-13
6.9298e-13
6.8731e-13
6.8169e-13
6.7612e-13
6.706e-13
6.6513e-13
6.5971e-13
6.5434e-13
6.4902e-13
6.4374e-13
6.3852e-13
6.3334e-13
6.2821e-13
6.2313e-13
6.1809e-13
6.1311e-13
6.0816e-13
6.0327e-13
5.9842e-13
5.9361e-13
5.8885e-13
5.8414e-13
5.7946e-13
5.7484e-13
5.7026e-13
5.6572e-13
5.6122e-13
5.5677e-13
5.5236e-13
5.4799e-13
5.4367e-13
5.3939e-13
5.3515e-13
5.3095e-13
5.2679e-13
5.2268e-13
5.186e-13
5.1457e-13
5.1057e-13
5.0662e-13
5.027e-13
4.9883e-13
4.95e-13
4.912e-13
4.8744e-13
4.8373e-13
4.8005e-13
4.7641e-13
4.7281e-13
4.6924e-13
4.6572e-13
4.6223e-13
4.5878e-13
4.5537e-13
4.5199e-13
4.4865e-13
4.4535e-13
4.4208e-13
4.3885e-13
4.3566e-13
4.325e-13
4.2938e-13
4.263e-13
4.2325e-13
4.2024e-13
4.1726e-13
4.1431e-13
4.1141e-13
4.0853e-13
4.057e-13
4.0289e-13
4.0012e-13
3.9739e-13
3.9469e-13
3.9202e-13
3.8939e-13
3.8679e-13
3.8423e-13
3.817e-13
3.792e-13
3.7674e-13
3.7431e-13
3.7192e-13
3.6955e-13
3.6722e-13
3.6493e-13
3.6267e-13
3.6044e-13
3.5824e-13
3.5608e-13
3.5394e-13
3.5185e-13
3.4978e-13
3.4775e-13
3.4575e-13
3.4378e-13
3.4185e-13
3.3994e-13
3.3808e-13
3.3624e-13
3.3443e-13
3.3266e-13
3.3092e-13
3.2921e-13
3.2754e-13
3.259e-13
3.2429e-13
3.2271e-13
3.2117e-13
3.1965e-13
3.1817e-13
3.1673e-13
3.1531e-13
3.1393e-13
3.1258e-13
