5.6446e-11
5.6155e-11
5.5866e-11
5.5579e-11
5.5294e-11
5.5011e-11
5.473e-11
5.4451e-11
5.4174e-11
5.39e-11
5.3627e-11
5.3356e-11
5.3088e-11
5.2821e-11
5.2556e-11
5.2294e-11
5.2033e-11
5.1774e-11
5.1518e-11
5.1263e-11
5.1011e-11
5.076e-11
5.0511e-11
5.0265e-11
5.002e-11
4.9777e-11
4.9536e-11
4.9297e-11
4.906e-11
4.8825e-11
4.8592e-11
4.8361e-11
4.8132e-11
4.7905e-11
4.768e-11
4.7456e-11
4.7235e-11
4.7015e-11
4.6798e-11
4.6582e-11
4.6368e-11
4.6157e-11
4.5947e-11
4.5739e-11
4.5533e-11
4.5328e-11
4.5126e-11
4.4926e-11
4.4727e-11
4.453e-11
4.4336e-11
4.4143e-11
4.3952e-11
4.3762e-11
4.3575e-11
4.339e-11
4.3206e-11
4.3025e-11
4.2845e-11
4.2667e-11
4.2491e-11
4.2317e-11
4.2144e-11
4.1974e-11
4.1805e-11
4.1639e-11
4.1474e-11
4.1311e-11
4.115e-11
4.0991e-11
4.0833e-11
4.0678e-11
4.0524e-11
4.0372e-11
4.0222e-11
4.0074e-11
3.9928e-11
3.9783e-11
3.9641e-11
3.95e-11
3.9361e-11
3.9224e-11
3.9089e-11
3.8956e-11
3.8824e-11
3.8695e-11
3.8567e-11
3.8441e-11
3.8317e-11
3.8195e-11
3.8075e-11
3.7957e-11
3.784e-11
3.7725e-11
3.7613e-11
3.7502e-11
3.7393e-11
3.7286e-11
3.718e-11
3.7077e-11
3.6975e-11
3.6876e-11
3.6778e-11
3.6682e-11
3.6588e-11
3.6496e-11
3.6406e-11
3.6318e-11
3.6231e-11
3.6147e-11
3.6064e-11
3.5984e-11
3.5905e-11
3.5828e-11
3.5753e-11
3.568e-11
3.5609e-11
3.554e-11
3.5473e-11
3.5408e-11
3.5345e-11
3.5283e-11
3.5224e-11
3.5167e-11
3.5111e-11
3.5058e-11
3.5006e-11
3.4957e-11
3.4909e-11
3.4864e-11
3.482e-11
3.4779e-11
3.4739e-11
3.4702e-11
3.4666e-11
3.4633e-11
3.4601e-11
3.4572e-11
3.4544e-11
3.4519e-11
3.4496e-11
3.4475e-11
3.4455e-11
3.4438e-11
3.4423e-11
3.4411e-11
3.44e-11
3.4391e-11
3.4385e-11
3.438e-11
3.4378e-11
3.4378e-11
3.438e-11
3.4384e-11
3.439e-11
3.4398e-11
3.4409e-11
3.4422e-11
3.4437e-11
3.4454e-11
3.4474e-11
3.4495e-11
3.4519e-11
3.4545e-11
3.4574e-11
3.4604e-11
3.4637e-11
3.4673e-11
3.471e-11
3.475e-11
3.4792e-11
3.4837e-11
3.4883e-11
3.4932e-11
3.4984e-11
3.5038e-11
3.5094e-11
3.5153e-11
3.5214e-11
3.5277e-11
3.5343e-11
3.5412e-11
3.5483e-11
3.5556e-11
3.5632e-11
3.571e-11
3.5791e-11
3.5874e-11
3.596e-11
3.6049e-11
3.614e-11
3.6233e-11
3.6329e-11
3.6428e-11
3.6529e-11
3.6634e-11
3.674e-11
3.685e-11
3.6962e-11
3.7076e-11
3.7194e-11
3.7314e-11
3.7437e-11
3.7563e-11
3.7691e-11
3.7823e-11
3.7957e-11
3.8094e-11
3.8234e-11
3.8376e-11
3.8522e-11
3.867e-11
3.8822e-11
3.8976e-11
3.9133e-11
3.9294e-11
3.9457e-11
3.9623e-11
3.9792e-11
3.9965e-11
4.014e-11
4.0319e-11
4.0501e-11
4.0685e-11
4.0873e-11
4.1065e-11
4.1259e-11
4.1457e-11
4.1657e-11
4.1862e-11
4.2069e-11
4.228e-11
4.2494e-11
4.2711e-11
4.2932e-11
4.3156e-11
4.3384e-11
4.3615e-11
4.3849e-11
4.4088e-11
4.4329e-11
4.4574e-11
4.4823e-11
4.5075e-11
4.5331e-11
4.5591e-11
4.5854e-11
4.6121e-11
4.6392e-11
4.6666e-11
4.6945e-11
4.7227e-11
4.7513e-11
4.7803e-11
4.8096e-11
4.8394e-11
4.8696e-11
4.9001e-11
4.9311e-11
4.9625e-11
4.9942e-11
5.0264e-11
5.059e-11
5.092e-11
5.1255e-11
5.1593e-11
5.1936e-11
5.2284e-11
5.2635e-11
5.2991e-11
5.3351e-11
5.3716e-11
5.4085e-11
5.4459e-11
5.4837e-11
5.522e-11
5.5607e-11
5.5999e-11
5.6396e-11
5.6798e-11
5.7204e-11
5.7615e-11
5.8031e-11
5.8451e-11
5.8877e-11
5.9308e-11
5.9743e-11
6.0184e-11
6.0629e-11
6.108e-11
6.1536e-11
6.1997e-11
6.2463e-11
6.2934e-11
6.3411e-11
6.3893e-11
6.4381e-11
6.4874e-11
6.5372e-11
6.5876e-11
6.6386e-11
6.6901e-11
6.7422e-11
6.7948e-11
6.8481e-11
6.9019e-11
6.9563e-11
7.0112e-11
7.0668e-11
7.123e-11
7.1798e-11
7.2371e-11
7.2951e-11
7.3537e-11
7.413e-11
7.4728e-11
7.5333e-11
7.5945e-11
7.6563e-11
7.7187e-11
7.7818e-11
7.8455e-11
7.9099e-11
7.975e-11
8.0407e-11
8.1072e-11
8.1743e-11
8.2421e-11
8.3106e-11
8.3798e-11
8.4498e-11
8.5204e-11
8.5918e-11
8.6639e-11
8.7367e-11
8.8102e-11
8.8846e-11
8.9596e-11
9.0354e-11
9.112e-11
9.1894e-11
9.2675e-11
9.3464e-11
9.4261e-11
9.5066e-11
9.5879e-11
9.6701e-11
9.753e-11
9.8367e-11
9.9213e-11
1.0007e-10
1.0093e-10
1.018e-10
1.0268e-10
1.0357e-10
1.0447e-10
1.0537e-10
1.0629e-10
1.0721e-10
1.0814e-10
1.0909e-10
1.1004e-10
1.11e-10
1.1197e-10
1.1295e-10
1.1393e-10
1.1493e-10
1.1594e-10
1.1696e-10
1.1799e-10
1.1902e-10
1.2007e-10
1.2113e-10
1.2219e-10
1.2327e-10
1.2436e-10
1.2546e-10
1.2657e-10
1.2769e-10
1.2882e-10
1.2996e-10
1.3111e-10
1.3227e-10
1.3344e-10
1.3463e-10
1.3582e-10
1.3703e-10
1.3825e-10
1.3948e-10
1.4072e-10
1.4197e-10
1.4324e-10
1.4452e-10
1.4581e-10
1.4711e-10
1.4842e-10
1.4974e-10
1.5108e-10
1.5243e-10
1.538e-10
1.5517e-10
1.5656e-10
1.5796e-10
1.5937e-10
1.608e-10
1.6224e-10
1.637e-10
1.6516e-10
1.6664e-10
1.6814e-10
1.6965e-10
1.7117e-10
1.7271e-10
1.7426e-10
1.7582e-10
1.774e-10
1.7899e-10
1.806e-10
1.8223e-10
1.8386e-10
1.8552e-10
1.8719e-10
1.8887e-10
1.9057e-10
1.9228e-10
1.9401e-10
1.9576e-10
1.9752e-10
1.993e-10
2.0109e-10
2.029e-10
2.0473e-10
2.0657e-10
2.0843e-10
2.103e-10
2.122e-10
2.1411e-10
2.1604e-10
2.1798e-10
2.1994e-10
2.2193e-10
2.2392e-10
2.2594e-10
2.2797e-10
2.3003e-10
2.321e-10
2.3419e-10
2.363e-10
2.3843e-10
2.4057e-10
2.4274e-10
2.4492e-10
2.4713e-10
2.4935e-10
2.516e-10
2.5386e-10
2.5615e-10
2.5845e-10
2.6078e-10
2.6312e-10
2.6549e-10
2.6788e-10
2.7029e-10
2.7272e-10
2.7517e-10
2.7765e-10
2.8014e-10
2.8266e-10
2.852e-10
2.8776e-10
2.9035e-10
2.9296e-10
2.9559e-10
2.9824e-10
3.0092e-10
3.0362e-10
3.0635e-10
3.091e-10
3.1187e-10
3.1467e-10
3.175e-10
3.2034e-10
3.2322e-10
3.2611e-10
3.2904e-10
3.3199e-10
3.3496e-10
3.3796e-10
3.4099e-10
3.4404e-10
3.4712e-10
3.5023e-10
3.5337e-10
3.5653e-10
3.5972e-10
3.6294e-10
3.6618e-10
3.6946e-10
3.7276e-10
3.7609e-10
3.7945e-10
3.8284e-10
3.8626e-10
3.897e-10
3.9318e-10
3.9669e-10
4.0023e-10
4.038e-10
4.074e-10
4.1103e-10
4.147e-10
4.1839e-10
4.2212e-10
4.2588e-10
4.2967e-10
4.3349e-10
4.3735e-10
4.4124e-10
4.4516e-10
4.4912e-10
4.5311e-10
4.5714e-10
4.612e-10
4.6529e-10
4.6943e-10
4.7359e-10
4.7779e-10
4.8203e-10
4.8631e-10
4.9062e-10
4.9497e-10
4.9935e-10
5.0377e-10
5.0823e-10
5.1273e-10
5.1727e-10
5.2185e-10
5.2646e-10
5.3111e-10
5.3581e-10
5.4054e-10
5.4532e-10
5.5013e-10
5.5499e-10
5.5989e-10
5.6483e-10
5.6981e-10
5.7483e-10
5.799e-10
5.85e-10
5.9016e-10
5.9535e-10
6.0059e-10
6.0588e-10
6.1121e-10
6.1658e-10
6.22e-10
6.2747e-10
6.3298e-10
6.3854e-10
6.4414e-10
6.4979e-10
6.5549e-10
6.6124e-10
6.6704e-10
6.7289e-10
6.7878e-10
6.8472e-10
6.9072e-10
6.9676e-10
7.0286e-10
7.0901e-10
7.152e-10
7.2145e-10
7.2776e-10
7.3411e-10
7.4052e-10
7.4698e-10
7.535e-10
7.6007e-10
7.667e-10
7.7338e-10
7.8012e-10
7.8691e-10
7.9376e-10
8.0067e-10
8.0763e-10
8.1466e-10
8.2174e-10
8.2888e-10
8.3608e-10
8.4334e-10
8.5066e-10
8.5804e-10
8.6549e-10
8.7299e-10
8.8056e-10
8.8819e-10
8.9588e-10
9.0364e-10
9.1146e-10
9.1934e-10
9.2729e-10
9.3531e-10
9.4339e-10
9.5154e-10
9.5976e-10
9.6805e-10
9.764e-10
9.8482e-10
9.9332e-10
1.0019e-09
1.0105e-09
1.0192e-09
1.028e-09
1.0368e-09
1.0458e-09
1.0548e-09
1.0638e-09
1.073e-09
1.0822e-09
1.0915e-09
1.1008e-09
1.1103e-09
1.1198e-09
1.1294e-09
1.1391e-09
1.1489e-09
1.1587e-09
1.1686e-09
1.1786e-09
1.1887e-09
1.1989e-09
1.2091e-09
1.2194e-09
1.2299e-09
1.2404e-09
1.2509e-09
1.2616e-09
1.2724e-09
1.2832e-09
1.2942e-09
1.3052e-09
1.3163e-09
1.3275e-09
1.3388e-09
1.3502e-09
1.3617e-09
1.3732e-09
1.3849e-09
1.3966e-09
1.4085e-09
1.4205e-09
1.4325e-09
1.4446e-09
1.4569e-09
1.4692e-09
1.4817e-09
1.4942e-09
1.5069e-09
1.5196e-09
1.5325e-09
1.5454e-09
1.5585e-09
1.5716e-09
1.5849e-09
1.5983e-09
1.6117e-09
1.6253e-09
1.639e-09
1.6528e-09
1.6668e-09
1.6808e-09
1.6949e-09
1.7092e-09
1.7236e-09
1.738e-09
1.7526e-09
1.7674e-09
1.7822e-09
1.7971e-09
1.8122e-09
1.8274e-09
1.8427e-09
1.8582e-09
1.8737e-09
1.8894e-09
1.9052e-09
1.9212e-09
1.9372e-09
1.9534e-09
1.9697e-09
1.9862e-09
2.0027e-09
2.0195e-09
2.0363e-09
2.0533e-09
2.0704e-09
2.0876e-09
2.105e-09
2.1225e-09
2.1402e-09
2.158e-09
2.1759e-09
2.194e-09
2.2122e-09
2.2306e-09
2.2491e-09
2.2678e-09
2.2866e-09
2.3055e-09
2.3246e-09
2.3439e-09
2.3633e-09
2.3828e-09
2.4026e-09
2.4224e-09
2.4424e-09
2.4626e-09
2.483e-09
2.5035e-09
2.5241e-09
2.5449e-09
2.5659e-09
2.5871e-09
2.6084e-09
2.6298e-09
2.6515e-09
2.6733e-09
2.6953e-09
2.7175e-09
2.7398e-09
2.7623e-09
2.785e-09
2.8078e-09
2.8309e-09
2.8541e-09
2.8775e-09
2.901e-09
2.9248e-09
2.9487e-09
2.9729e-09
2.9972e-09
3.0217e-09
3.0464e-09
3.0713e-09
3.0964e-09
3.1216e-09
3.1471e-09
3.1728e-09
3.1986e-09
3.2247e-09
3.251e-09
3.2774e-09
3.3041e-09
3.331e-09
3.3581e-09
3.3854e-09
3.4129e-09
3.4406e-09
3.4685e-09
3.4967e-09
3.525e-09
3.5536e-09
3.5824e-09
3.6114e-09
3.6407e-09
3.6702e-09
3.6999e-09
3.7298e-09
3.7599e-09
3.7903e-09
3.8209e-09
3.8518e-09
3.8829e-09
3.9142e-09
3.9457e-09
3.9775e-09
4.0096e-09
4.0419e-09
4.0744e-09
4.1072e-09
4.1402e-09
4.1735e-09
4.207e-09
4.2408e-09
4.2749e-09
4.3092e-09
4.3438e-09
4.3786e-09
4.4137e-09
4.449e-09
4.4847e-09
4.5206e-09
4.5567e-09
4.5932e-09
4.6299e-09
4.6669e-09
4.7042e-09
4.7417e-09
4.7796e-09
4.8177e-09
4.8561e-09
4.8948e-09
4.9338e-09
4.9731e-09
5.0127e-09
5.0526e-09
5.0928e-09
5.1333e-09
5.1741e-09
5.2152e-09
5.2566e-09
5.2983e-09
5.3403e-09
5.3827e-09
5.4253e-09
5.4683e-09
5.5116e-09
5.5552e-09
5.5992e-09
5.6435e-09
5.6881e-09
5.733e-09
5.7783e-09
5.8239e-09
5.8699e-09
5.9162e-09
5.9628e-09
6.0098e-09
6.0572e-09
6.1049e-09
6.1529e-09
6.2013e-09
6.2501e-09
6.2992e-09
6.3487e-09
6.3986e-09
6.4488e-09
6.4994e-09
6.5504e-09
6.6017e-09
6.6535e-09
6.7056e-09
6.7581e-09
6.811e-09
6.8642e-09
6.9179e-09
6.972e-09
7.0265e-09
7.0813e-09
7.1366e-09
7.1923e-09
7.2484e-09
7.3049e-09
7.3618e-09
7.4191e-09
7.4769e-09
7.5351e-09
7.5937e-09
7.6527e-09
7.7122e-09
7.7721e-09
7.8324e-09
7.8932e-09
7.9544e-09
8.0161e-09
8.0782e-09
8.1408e-09
8.2039e-09
8.2673e-09
8.3313e-09
8.3957e-09
8.4606e-09
8.526e-09
8.5918e-09
8.6582e-09
8.725e-09
8.7923e-09
8.86e-09
8.9283e-09
8.9971e-09
9.0664e-09
9.1361e-09
9.2064e-09
9.2772e-09
9.3485e-09
9.4203e-09
9.4926e-09
9.5655e-09
9.6388e-09
9.7127e-09
9.7872e-09
9.8622e-09
9.9377e-09
1.0014e-08
1.009e-08
1.0168e-08
1.0245e-08
1.0324e-08
1.0402e-08
1.0482e-08
1.0562e-08
1.0642e-08
1.0723e-08
1.0805e-08
1.0887e-08
1.097e-08
1.1054e-08
1.1138e-08
1.1222e-08
1.1308e-08
1.1394e-08
1.148e-08
1.1567e-08
1.1655e-08
1.1743e-08
1.1832e-08
1.1922e-08
1.2012e-08
1.2103e-08
1.2195e-08
1.2287e-08
1.238e-08
1.2473e-08
1.2567e-08
1.2662e-08
1.2758e-08
1.2854e-08
1.2951e-08
1.3049e-08
1.3147e-08
1.3246e-08
1.3345e-08
1.3446e-08
1.3547e-08
1.3649e-08
1.3751e-08
1.3854e-08
1.3958e-08
1.4063e-08
1.4168e-08
1.4274e-08
1.4381e-08
1.4489e-08
1.4597e-08
1.4707e-08
1.4816e-08
1.4927e-08
1.5039e-08
1.5151e-08
1.5264e-08
1.5378e-08
1.5492e-08
1.5608e-08
1.5724e-08
1.5841e-08
1.5959e-08
1.6078e-08
1.6197e-08
1.6318e-08
1.6439e-08
1.6561e-08
1.6684e-08
1.6807e-08
1.6932e-08
1.7057e-08
1.7184e-08
1.7311e-08
1.7439e-08
1.7568e-08
1.7698e-08
1.7829e-08
1.796e-08
1.8093e-08
1.8226e-08
1.8361e-08
1.8496e-08
1.8632e-08
1.877e-08
1.8908e-08
1.9047e-08
1.9187e-08
1.9328e-08
1.947e-08
1.9613e-08
1.9757e-08
1.9902e-08
2.0048e-08
2.0195e-08
2.0343e-08
2.0492e-08
2.0642e-08
2.0793e-08
2.0945e-08
2.1098e-08
2.1252e-08
2.1407e-08
2.1564e-08
2.1721e-08
2.1879e-08
2.2039e-08
2.2199e-08
2.2361e-08
2.2524e-08
2.2688e-08
2.2853e-08
2.3019e-08
2.3186e-08
2.3354e-08
2.3524e-08
2.3694e-08
2.3866e-08
2.4039e-08
2.4213e-08
2.4389e-08
2.4565e-08
2.4743e-08
2.4922e-08
2.5102e-08
2.5283e-08
2.5466e-08
2.565e-08
2.5835e-08
2.6021e-08
2.6208e-08
2.6397e-08
2.6587e-08
2.6779e-08
2.6971e-08
2.7165e-08
2.736e-08
2.7557e-08
2.7755e-08
2.7954e-08
2.8154e-08
2.8356e-08
2.8559e-08
2.8764e-08
2.897e-08
2.9177e-08
2.9386e-08
2.9596e-08
2.9807e-08
3.002e-08
3.0234e-08
3.045e-08
3.0667e-08
3.0886e-08
3.1106e-08
3.1327e-08
3.155e-08
3.1774e-08
3.2e-08
3.2228e-08
3.2457e-08
3.2687e-08
3.2919e-08
3.3152e-08
3.3388e-08
3.3624e-08
3.3862e-08
3.4102e-08
3.4343e-08
3.4586e-08
3.4831e-08
3.5077e-08
3.5324e-08
3.5574e-08
3.5825e-08
3.6077e-08
3.6332e-08
3.6587e-08
3.6845e-08
3.7104e-08
3.7365e-08
3.7628e-08
3.7892e-08
3.8159e-08
3.8427e-08
3.8696e-08
3.8968e-08
3.9241e-08
3.9516e-08
3.9792e-08
4.0071e-08
4.0351e-08
4.0633e-08
4.0917e-08
4.1203e-08
4.1491e-08
4.1781e-08
4.2072e-08
4.2365e-08
4.2661e-08
4.2958e-08
4.3257e-08
4.3558e-08
4.3861e-08
4.4166e-08
4.4473e-08
4.4781e-08
4.5092e-08
4.5405e-08
4.572e-08
4.6037e-08
4.6356e-08
4.6677e-08
4.7e-08
4.7325e-08
4.7652e-08
4.7981e-08
4.8313e-08
4.8646e-08
4.8982e-08
4.932e-08
4.966e-08
5.0002e-08
5.0346e-08
5.0693e-08
5.1041e-08
5.1392e-08
5.1745e-08
5.2101e-08
5.2459e-08
5.2819e-08
5.3181e-08
5.3545e-08
5.3912e-08
5.4281e-08
5.4653e-08
5.5027e-08
5.5403e-08
5.5782e-08
5.6163e-08
5.6546e-08
5.6932e-08
5.732e-08
5.7711e-08
5.8104e-08
5.85e-08
5.8898e-08
5.9299e-08
5.9702e-08
6.0108e-08
6.0516e-08
6.0927e-08
6.1341e-08
6.1757e-08
6.2176e-08
6.2597e-08
6.3021e-08
6.3447e-08
6.3877e-08
6.4309e-08
6.4743e-08
6.5181e-08
6.5621e-08
6.6064e-08
6.6509e-08
6.6958e-08
6.7409e-08
6.7863e-08
6.8319e-08
6.8779e-08
6.9242e-08
6.9707e-08
7.0175e-08
7.0646e-08
7.112e-08
7.1597e-08
7.2077e-08
7.256e-08
7.3046e-08
7.3535e-08
7.4027e-08
7.4522e-08
7.502e-08
7.5521e-08
7.6025e-08
7.6533e-08
7.7043e-08
7.7557e-08
7.8073e-08
7.8593e-08
7.9116e-08
7.9643e-08
8.0172e-08
8.0705e-08
8.1241e-08
8.178e-08
8.2323e-08
8.2869e-08
8.3418e-08
8.3971e-08
8.4527e-08
8.5086e-08
8.5649e-08
8.6215e-08
8.6785e-08
8.7358e-08
8.7934e-08
8.8515e-08
8.9098e-08
8.9685e-08
9.0276e-08
9.087e-08
9.1468e-08
9.207e-08
9.2675e-08
9.3284e-08
9.3896e-08
9.4512e-08
9.5132e-08
9.5756e-08
9.6383e-08
9.7015e-08
9.765e-08
9.8289e-08
9.8931e-08
9.9578e-08
1.0023e-07
1.0088e-07
1.0154e-07
1.022e-07
1.0287e-07
1.0354e-07
1.0421e-07
1.0489e-07
1.0557e-07
1.0626e-07
1.0695e-07
1.0764e-07
1.0834e-07
1.0905e-07
1.0975e-07
1.1046e-07
1.1118e-07
1.119e-07
1.1262e-07
1.1335e-07
1.1408e-07
1.1482e-07
1.1556e-07
1.1631e-07
1.1706e-07
1.1781e-07
1.1857e-07
1.1934e-07
1.201e-07
1.2088e-07
1.2165e-07
1.2243e-07
1.2322e-07
1.2401e-07
1.2481e-07
1.2561e-07
1.2641e-07
1.2722e-07
1.2804e-07
1.2885e-07
1.2968e-07
1.3051e-07
1.3134e-07
1.3218e-07
1.3302e-07
1.3387e-07
1.3472e-07
1.3558e-07
1.3645e-07
1.3731e-07
1.3819e-07
1.3907e-07
1.3995e-07
1.4084e-07
1.4173e-07
1.4263e-07
1.4353e-07
1.4444e-07
1.4536e-07
1.4628e-07
1.472e-07
1.4813e-07
1.4907e-07
1.5001e-07
1.5096e-07
1.5191e-07
1.5287e-07
1.5383e-07
1.548e-07
1.5577e-07
1.5675e-07
1.5774e-07
1.5873e-07
1.5973e-07
1.6073e-07
1.6174e-07
1.6275e-07
1.6377e-07
1.648e-07
1.6583e-07
1.6687e-07
1.6791e-07
1.6896e-07
1.7002e-07
1.7108e-07
1.7214e-07
1.7322e-07
1.743e-07
1.7538e-07
1.7648e-07
1.7757e-07
1.7868e-07
1.7979e-07
1.809e-07
1.8203e-07
1.8316e-07
1.8429e-07
1.8544e-07
1.8658e-07
1.8774e-07
1.889e-07
1.9007e-07
1.9124e-07
1.9243e-07
1.9361e-07
1.9481e-07
1.9601e-07
1.9722e-07
1.9843e-07
1.9965e-07
2.0088e-07
2.0212e-07
2.0336e-07
2.0461e-07
2.0587e-07
2.0713e-07
2.084e-07
2.0968e-07
2.1096e-07
2.1225e-07
2.1355e-07
2.1486e-07
2.1617e-07
2.1749e-07
2.1882e-07
2.2015e-07
2.215e-07
2.2285e-07
2.242e-07
2.2557e-07
2.2694e-07
2.2832e-07
2.2971e-07
2.311e-07
2.3251e-07
2.3392e-07
2.3534e-07
2.3676e-07
2.382e-07
2.3964e-07
2.4109e-07
2.4255e-07
2.4401e-07
2.4548e-07
2.4697e-07
2.4846e-07
2.4995e-07
2.5146e-07
2.5298e-07
2.545e-07
2.5603e-07
2.5757e-07
2.5912e-07
2.6067e-07
2.6224e-07
2.6381e-07
2.6539e-07
2.6698e-07
2.6858e-07
2.7019e-07
2.718e-07
2.7343e-07
2.7506e-07
2.767e-07
2.7835e-07
2.8001e-07
2.8168e-07
2.8336e-07
2.8505e-07
2.8675e-07
2.8845e-07
2.9016e-07
2.9189e-07
2.9362e-07
2.9536e-07
2.9711e-07
2.9888e-07
3.0065e-07
3.0243e-07
3.0421e-07
3.0601e-07
3.0782e-07
3.0964e-07
3.1147e-07
3.133e-07
3.1515e-07
3.1701e-07
3.1887e-07
3.2075e-07
3.2264e-07
3.2453e-07
3.2644e-07
3.2836e-07
3.3028e-07
3.3222e-07
3.3417e-07
3.3612e-07
3.3809e-07
3.4007e-07
3.4206e-07
3.4406e-07
3.4607e-07
3.4809e-07
3.5012e-07
3.5216e-07
3.5421e-07
3.5627e-07
3.5835e-07
3.6043e-07
3.6253e-07
3.6463e-07
3.6675e-07
3.6888e-07
3.7102e-07
3.7317e-07
3.7533e-07
3.775e-07
3.7968e-07
3.8188e-07
3.8409e-07
3.863e-07
3.8853e-07
3.9077e-07
3.9303e-07
3.9529e-07
3.9757e-07
3.9985e-07
4.0215e-07
4.0447e-07
4.0679e-07
4.0912e-07
4.1147e-07
4.1383e-07
4.162e-07
4.1859e-07
4.2098e-07
4.2339e-07
4.2581e-07
4.2824e-07
4.3069e-07
4.3314e-07
4.3561e-07
4.381e-07
4.4059e-07
4.431e-07
4.4562e-07
4.4815e-07
4.507e-07
4.5326e-07
4.5583e-07
4.5842e-07
4.6102e-07
4.6363e-07
4.6625e-07
4.6889e-07
4.7154e-07
4.7421e-07
4.7689e-07
4.7958e-07
4.8228e-07
4.85e-07
4.8773e-07
4.9048e-07
4.9324e-07
4.9601e-07
4.988e-07
5.016e-07
5.0442e-07
5.0725e-07
5.1009e-07
5.1295e-07
5.1582e-07
5.1871e-07
5.2161e-07
5.2452e-07
5.2745e-07
5.304e-07
5.3336e-07
5.3633e-07
5.3932e-07
5.4232e-07
5.4534e-07
5.4837e-07
5.5142e-07
5.5449e-07
5.5756e-07
5.6066e-07
5.6377e-07
5.6689e-07
5.7003e-07
5.7318e-07
5.7635e-07
5.7954e-07
5.8274e-07
5.8596e-07
5.8919e-07
5.9244e-07
5.957e-07
5.9898e-07
6.0228e-07
6.0559e-07
6.0892e-07
6.1227e-07
6.1563e-07
6.19e-07
6.224e-07
6.2581e-07
6.2924e-07
6.3268e-07
6.3614e-07
6.3962e-07
6.4311e-07
6.4662e-07
6.5015e-07
6.5369e-07
6.5725e-07
6.6083e-07
6.6443e-07
6.6804e-07
6.7167e-07
6.7532e-07
6.7898e-07
6.8267e-07
6.8637e-07
6.9009e-07
6.9382e-07
6.9758e-07
7.0135e-07
7.0514e-07
7.0895e-07
7.1277e-07
7.1662e-07
7.2048e-07
7.2436e-07
7.2826e-07
7.3218e-07
7.3611e-07
7.4007e-07
7.4404e-07
7.4803e-07
7.5204e-07
7.5607e-07
7.6012e-07
7.6419e-07
7.6828e-07
7.7239e-07
7.7651e-07
7.8066e-07
7.8482e-07
7.8901e-07
7.9321e-07
7.9743e-07
8.0168e-07
8.0594e-07
8.1022e-07
8.1452e-07
8.1885e-07
8.2319e-07
8.2755e-07
8.3194e-07
8.3634e-07
8.4077e-07
8.4521e-07
8.4968e-07
8.5416e-07
8.5867e-07
8.632e-07
8.6775e-07
8.7232e-07
8.7691e-07
8.8152e-07
8.8615e-07
8.9081e-07
8.9548e-07
9.0018e-07
9.049e-07
9.0964e-07
9.144e-07
9.1918e-07
9.2399e-07
9.2882e-07
9.3367e-07
9.3854e-07
9.4343e-07
9.4835e-07
9.5329e-07
9.5825e-07
9.6323e-07
9.6824e-07
9.7327e-07
9.7832e-07
9.8339e-07
9.8849e-07
9.9361e-07
9.9876e-07
1.0039e-06
1.0091e-06
1.0143e-06
1.0196e-06
1.0248e-06
1.0301e-06
1.0354e-06
1.0407e-06
1.0461e-06
1.0515e-06
1.0569e-06
1.0623e-06
1.0678e-06
1.0732e-06
1.0787e-06
1.0843e-06
1.0898e-06
1.0954e-06
1.101e-06
1.1066e-06
1.1123e-06
1.1179e-06
1.1236e-06
1.1294e-06
1.1351e-06
1.1409e-06
1.1467e-06
1.1525e-06
1.1584e-06
1.1642e-06
1.1701e-06
1.1761e-06
1.182e-06
1.188e-06
1.194e-06
1.2e-06
1.2061e-06
1.2122e-06
1.2183e-06
1.2244e-06
1.2306e-06
1.2368e-06
1.243e-06
1.2493e-06
1.2555e-06
1.2618e-06
1.2682e-06
1.2745e-06
1.2809e-06
1.2873e-06
1.2938e-06
1.3002e-06
1.3067e-06
1.3132e-06
1.3198e-06
1.3264e-06
1.333e-06
1.3396e-06
1.3463e-06
1.353e-06
1.3597e-06
1.3664e-06
1.3732e-06
1.38e-06
1.3869e-06
1.3937e-06
1.4006e-06
1.4075e-06
1.4145e-06
1.4215e-06
1.4285e-06
1.4355e-06
1.4426e-06
1.4497e-06
1.4568e-06
1.464e-06
1.4712e-06
1.4784e-06
1.4857e-06
1.4929e-06
1.5003e-06
1.5076e-06
1.515e-06
1.5224e-06
1.5298e-06
1.5373e-06
1.5448e-06
1.5523e-06
1.5599e-06
1.5675e-06
1.5751e-06
1.5827e-06
1.5904e-06
1.5982e-06
1.6059e-06
1.6137e-06
1.6215e-06
1.6294e-06
1.6372e-06
1.6451e-06
1.6531e-06
1.6611e-06
1.6691e-06
1.6771e-06
1.6852e-06
1.6933e-06
1.7015e-06
1.7096e-06
1.7178e-06
1.7261e-06
1.7344e-06
1.7427e-06
1.751e-06
1.7594e-06
1.7678e-06
1.7763e-06
1.7847e-06
1.7933e-06
1.8018e-06
1.8104e-06
1.819e-06
1.8277e-06
1.8364e-06
1.8451e-06
1.8538e-06
1.8626e-06
1.8715e-06
1.8803e-06
1.8892e-06
1.8982e-06
1.9071e-06
1.9161e-06
1.9252e-06
1.9343e-06
1.9434e-06
1.9525e-06
1.9617e-06
1.9709e-06
1.9802e-06
1.9895e-06
1.9988e-06
2.0082e-06
2.0176e-06
2.0271e-06
2.0366e-06
2.0461e-06
2.0556e-06
2.0652e-06
2.0749e-06
2.0845e-06
2.0942e-06
2.104e-06
2.1138e-06
2.1236e-06
2.1335e-06
2.1434e-06
2.1533e-06
2.1633e-06
2.1733e-06
2.1834e-06
2.1935e-06
2.2036e-06
2.2138e-06
2.224e-06
2.2342e-06
2.2445e-06
2.2549e-06
2.2652e-06
2.2756e-06
2.2861e-06
2.2966e-06
2.3071e-06
2.3177e-06
2.3283e-06
2.3389e-06
2.3496e-06
2.3604e-06
2.3712e-06
2.382e-06
2.3928e-06
2.4037e-06
2.4147e-06
2.4256e-06
2.4367e-06
2.4477e-06
2.4588e-06
2.47e-06
2.4812e-06
2.4924e-06
2.5037e-06
2.515e-06
2.5264e-06
2.5378e-06
2.5492e-06
2.5607e-06
2.5722e-06
2.5838e-06
2.5954e-06
2.6071e-06
2.6188e-06
2.6306e-06
2.6423e-06
2.6542e-06
2.6661e-06
2.678e-06
2.69e-06
2.702e-06
2.714e-06
2.7261e-06
2.7383e-06
2.7505e-06
2.7627e-06
2.775e-06
2.7873e-06
2.7997e-06
2.8121e-06
2.8245e-06
2.8371e-06
2.8496e-06
2.8622e-06
2.8749e-06
2.8875e-06
2.9003e-06
2.9131e-06
2.9259e-06
2.9388e-06
2.9517e-06
2.9647e-06
2.9777e-06
2.9907e-06
3.0038e-06
3.017e-06
3.0302e-06
3.0435e-06
3.0567e-06
3.0701e-06
3.0835e-06
3.0969e-06
3.1104e-06
3.124e-06
3.1375e-06
3.1512e-06
3.1649e-06
3.1786e-06
3.1924e-06
3.2062e-06
3.2201e-06
3.234e-06
3.248e-06
3.262e-06
3.2761e-06
3.2902e-06
3.3044e-06
3.3186e-06
3.3329e-06
3.3472e-06
3.3616e-06
3.376e-06
3.3905e-06
3.405e-06
3.4196e-06
3.4342e-06
3.4489e-06
3.4636e-06
3.4784e-06
3.4932e-06
3.5081e-06
3.523e-06
3.538e-06
3.553e-06
3.5681e-06
3.5832e-06
3.5984e-06
3.6137e-06
3.629e-06
3.6443e-06
3.6597e-06
3.6752e-06
3.6907e-06
3.7062e-06
3.7218e-06
3.7375e-06
3.7532e-06
3.769e-06
3.7848e-06
3.8007e-06
3.8166e-06
3.8326e-06
3.8486e-06
3.8647e-06
3.8809e-06
3.8971e-06
3.9133e-06
3.9296e-06
3.946e-06
3.9624e-06
3.9789e-06
3.9954e-06
4.012e-06
4.0286e-06
4.0453e-06
4.062e-06
4.0788e-06
4.0957e-06
4.1126e-06
4.1296e-06
4.1466e-06
4.1637e-06
4.1808e-06
4.198e-06
4.2152e-06
4.2326e-06
4.2499e-06
4.2673e-06
4.2848e-06
4.3023e-06
4.3199e-06
4.3376e-06
4.3553e-06
4.373e-06
4.3908e-06
4.4087e-06
4.4267e-06
4.4446e-06
4.4627e-06
4.4808e-06
4.499e-06
4.5172e-06
4.5355e-06
4.5538e-06
4.5722e-06
4.5907e-06
4.6092e-06
4.6277e-06
4.6464e-06
4.6651e-06
4.6838e-06
4.7026e-06
4.7215e-06
4.7404e-06
4.7594e-06
4.7785e-06
4.7976e-06
4.8167e-06
4.836e-06
4.8552e-06
4.8746e-06
4.894e-06
4.9135e-06
4.933e-06
4.9526e-06
4.9722e-06
4.992e-06
5.0117e-06
5.0316e-06
5.0515e-06
5.0714e-06
5.0914e-06
5.1115e-06
5.1317e-06
5.1519e-06
5.1721e-06
5.1925e-06
5.2128e-06
5.2333e-06
5.2538e-06
5.2744e-06
5.295e-06
5.3157e-06
5.3365e-06
5.3573e-06
5.3782e-06
5.3992e-06
5.4202e-06
5.4412e-06
5.4624e-06
5.4836e-06
5.5049e-06
5.5262e-06
5.5476e-06
5.5691e-06
5.5906e-06
5.6122e-06
5.6338e-06
5.6555e-06
5.6773e-06
5.6992e-06
5.7211e-06
5.743e-06
5.7651e-06
5.7872e-06
5.8093e-06
5.8316e-06
5.8539e-06
5.8762e-06
5.8987e-06
5.9212e-06
5.9437e-06
5.9664e-06
5.989e-06
6.0118e-06
6.0346e-06
6.0575e-06
6.0805e-06
6.1035e-06
6.1266e-06
6.1497e-06
6.1729e-06
6.1962e-06
6.2196e-06
6.243e-06
6.2665e-06
6.29e-06
6.3137e-06
6.3373e-06
6.3611e-06
6.3849e-06
6.4088e-06
6.4328e-06
6.4568e-06
6.4809e-06
6.505e-06
6.5293e-06
6.5536e-06
6.5779e-06
6.6023e-06
6.6268e-06
6.6514e-06
6.676e-06
6.7007e-06
6.7255e-06
6.7504e-06
6.7753e-06
6.8002e-06
6.8253e-06
6.8504e-06
6.8756e-06
6.9008e-06
6.9262e-06
6.9515e-06
6.977e-06
7.0025e-06
7.0281e-06
7.0538e-06
7.0795e-06
7.1053e-06
7.1312e-06
7.1572e-06
7.1832e-06
7.2093e-06
7.2354e-06
7.2617e-06
7.2879e-06
7.3143e-06
7.3408e-06
7.3673e-06
7.3938e-06
7.4205e-06
7.4472e-06
7.474e-06
7.5009e-06
7.5278e-06
7.5548e-06
7.5819e-06
7.609e-06
7.6362e-06
7.6635e-06
7.6909e-06
7.7183e-06
7.7458e-06
7.7734e-06
7.801e-06
7.8287e-06
7.8565e-06
7.8844e-06
7.9123e-06
7.9403e-06
7.9684e-06
7.9965e-06
8.0247e-06
8.053e-06
8.0814e-06
8.1098e-06
8.1383e-06
8.1669e-06
8.1955e-06
8.2243e-06
8.2531e-06
8.2819e-06
8.3109e-06
8.3399e-06
8.369e-06
8.3981e-06
8.4273e-06
8.4566e-06
8.486e-06
8.5155e-06
8.545e-06
8.5746e-06
8.6043e-06
8.634e-06
8.6638e-06
8.6937e-06
8.7237e-06
8.7537e-06
8.7838e-06
8.814e-06
8.8442e-06
8.8746e-06
8.905e-06
8.9354e-06
8.966e-06
8.9966e-06
9.0273e-06
9.0581e-06
9.0889e-06
9.1198e-06
9.1508e-06
9.1819e-06
9.213e-06
9.2443e-06
9.2755e-06
9.3069e-06
9.3383e-06
9.3698e-06
9.4014e-06
9.4331e-06
9.4648e-06
9.4966e-06
9.5285e-06
9.5605e-06
9.5925e-06
9.6246e-06
9.6568e-06
9.689e-06
9.7214e-06
9.7538e-06
9.7862e-06
9.8188e-06
9.8514e-06
9.8841e-06
9.9169e-06
9.9497e-06
9.9827e-06
1.0016e-05
1.0049e-05
1.0082e-05
1.0115e-05
1.0148e-05
1.0182e-05
1.0215e-05
1.0249e-05
1.0282e-05
1.0316e-05
1.035e-05
1.0384e-05
1.0417e-05
1.0451e-05
1.0486e-05
1.052e-05
1.0554e-05
1.0588e-05
1.0622e-05
1.0657e-05
1.0691e-05
1.0726e-05
1.0761e-05
1.0795e-05
1.083e-05
1.0865e-05
1.09e-05
1.0935e-05
1.097e-05
1.1005e-05
1.104e-05
1.1076e-05
1.1111e-05
1.1147e-05
1.1182e-05
1.1218e-05
1.1254e-05
1.1289e-05
1.1325e-05
1.1361e-05
1.1397e-05
1.1433e-05
1.1469e-05
1.1505e-05
1.1542e-05
1.1578e-05
1.1615e-05
1.1651e-05
1.1688e-05
1.1724e-05
1.1761e-05
1.1798e-05
1.1835e-05
1.1872e-05
1.1909e-05
1.1946e-05
1.1983e-05
1.202e-05
1.2058e-05
1.2095e-05
1.2133e-05
1.217e-05
1.2208e-05
1.2246e-05
1.2283e-05
1.2321e-05
1.2359e-05
1.2397e-05
1.2435e-05
1.2474e-05
1.2512e-05
1.255e-05
1.2588e-05
1.2627e-05
1.2665e-05
1.2704e-05
1.2743e-05
1.2781e-05
1.282e-05
1.2859e-05
1.2898e-05
1.2937e-05
1.2976e-05
1.3016e-05
1.3055e-05
1.3094e-05
1.3134e-05
1.3173e-05
1.3213e-05
1.3252e-05
1.3292e-05
1.3332e-05
1.3372e-05
1.3412e-05
1.3452e-05
1.3492e-05
1.3532e-05
1.3572e-05
1.3612e-05
1.3653e-05
1.3693e-05
1.3734e-05
1.3774e-05
1.3815e-05
1.3856e-05
1.3897e-05
1.3937e-05
1.3978e-05
1.4019e-05
1.4061e-05
1.4102e-05
1.4143e-05
1.4184e-05
1.4226e-05
1.4267e-05
1.4309e-05
1.435e-05
1.4392e-05
1.4434e-05
1.4476e-05
1.4517e-05
1.4559e-05
1.4601e-05
1.4644e-05
1.4686e-05
1.4728e-05
1.477e-05
1.4813e-05
1.4855e-05
1.4898e-05
1.494e-05
1.4983e-05
1.5026e-05
1.5069e-05
1.5111e-05
1.5154e-05
1.5197e-05
1.5241e-05
1.5284e-05
1.5327e-05
1.537e-05
1.5414e-05
1.5457e-05
1.5501e-05
1.5544e-05
1.5588e-05
1.5632e-05
1.5675e-05
1.5719e-05
1.5763e-05
1.5807e-05
1.5851e-05
1.5895e-05
1.594e-05
1.5984e-05
1.6028e-05
1.6073e-05
1.6117e-05
1.6162e-05
1.6206e-05
1.6251e-05
1.6296e-05
1.634e-05
1.6385e-05
1.643e-05
1.6475e-05
1.652e-05
1.6566e-05
1.6611e-05
1.6656e-05
1.6701e-05
1.6747e-05
1.6792e-05
1.6838e-05
1.6883e-05
1.6929e-05
1.6975e-05
1.7021e-05
1.7067e-05
1.7112e-05
1.7159e-05
1.7205e-05
1.7251e-05
1.7297e-05
1.7343e-05
1.739e-05
1.7436e-05
1.7482e-05
1.7529e-05
1.7575e-05
1.7622e-05
1.7669e-05
1.7716e-05
1.7762e-05
1.7809e-05
1.7856e-05
1.7903e-05
1.795e-05
1.7998e-05
1.8045e-05
1.8092e-05
1.8139e-05
1.8187e-05
1.8234e-05
1.8282e-05
1.8329e-05
1.8377e-05
1.8425e-05
1.8472e-05
1.852e-05
1.8568e-05
1.8616e-05
1.8664e-05
1.8712e-05
1.876e-05
1.8808e-05
1.8857e-05
1.8905e-05
1.8953e-05
1.9002e-05
1.905e-05
1.9099e-05
1.9147e-05
1.9196e-05
1.9245e-05
1.9294e-05
1.9342e-05
1.9391e-05
1.944e-05
1.9489e-05
1.9538e-05
1.9587e-05
1.9637e-05
1.9686e-05
1.9735e-05
1.9784e-05
1.9834e-05
1.9883e-05
1.9933e-05
1.9982e-05
2.0032e-05
2.0082e-05
2.0131e-05
2.0181e-05
2.0231e-05
2.0281e-05
2.0331e-05
2.0381e-05
2.0431e-05
2.0481e-05
2.0531e-05
2.0581e-05
2.0631e-05
2.0682e-05
2.0732e-05
2.0783e-05
2.0833e-05
2.0883e-05
2.0934e-05
2.0985e-05
2.1035e-05
2.1086e-05
2.1137e-05
2.1188e-05
2.1238e-05
2.1289e-05
2.134e-05
2.1391e-05
2.1442e-05
2.1494e-05
2.1545e-05
2.1596e-05
2.1647e-05
2.1698e-05
2.175e-05
2.1801e-05
2.1853e-05
2.1904e-05
2.1956e-05
2.2007e-05
2.2059e-05
2.211e-05
2.2162e-05
2.2214e-05
2.2266e-05
2.2318e-05
2.2369e-05
2.2421e-05
2.2473e-05
2.2525e-05
2.2577e-05
2.263e-05
2.2682e-05
2.2734e-05
2.2786e-05
2.2838e-05
2.2891e-05
2.2943e-05
2.2996e-05
2.3048e-05
2.31e-05
2.3153e-05
2.3206e-05
2.3258e-05
2.3311e-05
2.3363e-05
2.3416e-05
2.3469e-05
2.3522e-05
2.3575e-05
2.3627e-05
2.368e-05
2.3733e-05
2.3786e-05
2.3839e-05
2.3892e-05
2.3946e-05
2.3999e-05
2.4052e-05
2.4105e-05
2.4158e-05
2.4212e-05
2.4265e-05
2.4318e-05
2.4372e-05
2.4425e-05
2.4478e-05
2.4532e-05
2.4585e-05
2.4639e-05
2.4693e-05
2.4746e-05
2.48e-05
2.4853e-05
2.4907e-05
2.4961e-05
2.5015e-05
2.5068e-05
2.5122e-05
2.5176e-05
2.523e-05
2.5284e-05
2.5338e-05
2.5392e-05
2.5446e-05
2.55e-05
2.5554e-05
2.5608e-05
2.5662e-05
2.5716e-05
2.577e-05
2.5824e-05
2.5879e-05
2.5933e-05
2.5987e-05
2.6041e-05
2.6096e-05
2.615e-05
2.6204e-05
2.6259e-05
2.6313e-05
2.6368e-05
2.6422e-05
2.6477e-05
2.6531e-05
2.6586e-05
2.664e-05
2.6695e-05
2.6749e-05
2.6804e-05
2.6858e-05
2.6913e-05
2.6968e-05
2.7022e-05
2.7077e-05
2.7132e-05
2.7186e-05
2.7241e-05
2.7296e-05
2.7351e-05
2.7405e-05
2.746e-05
2.7515e-05
2.757e-05
2.7625e-05
2.768e-05
2.7734e-05
2.7789e-05
2.7844e-05
2.7899e-05
2.7954e-05
2.8009e-05
2.8064e-05
2.8119e-05
2.8174e-05
2.8229e-05
2.8284e-05
2.8339e-05
2.8394e-05
2.8449e-05
2.8504e-05
2.8559e-05
2.8614e-05
2.8669e-05
2.8724e-05
2.8779e-05
2.8834e-05
2.889e-05
2.8945e-05
2.9e-05
2.9055e-05
2.911e-05
2.9165e-05
2.922e-05
2.9275e-05
2.933e-05
2.9386e-05
2.9441e-05
2.9496e-05
2.9551e-05
2.9606e-05
2.9661e-05
2.9716e-05
2.9772e-05
2.9827e-05
2.9882e-05
2.9937e-05
2.9992e-05
3.0047e-05
3.0102e-05
3.0158e-05
3.0213e-05
3.0268e-05
3.0323e-05
3.0378e-05
3.0433e-05
3.0488e-05
3.0544e-05
3.0599e-05
3.0654e-05
3.0709e-05
3.0764e-05
3.0819e-05
3.0874e-05
3.0929e-05
3.0984e-05
3.1039e-05
3.1094e-05
3.1149e-05
3.1204e-05
3.1259e-05
3.1314e-05
3.1369e-05
3.1424e-05
3.1479e-05
3.1534e-05
3.1589e-05
3.1644e-05
3.1699e-05
3.1754e-05
3.1809e-05
3.1864e-05
3.1919e-05
3.1974e-05
3.2029e-05
3.2083e-05
3.2138e-05
3.2193e-05
3.2248e-05
3.2303e-05
3.2357e-05
3.2412e-05
3.2467e-05
3.2521e-05
3.2576e-05
3.2631e-05
3.2685e-05
3.274e-05
3.2795e-05
3.2849e-05
3.2904e-05
3.2958e-05
3.3013e-05
3.3067e-05
3.3122e-05
3.3176e-05
3.3231e-05
3.3285e-05
3.3339e-05
3.3394e-05
3.3448e-05
3.3502e-05
3.3556e-05
3.3611e-05
3.3665e-05
3.3719e-05
3.3773e-05
3.3827e-05
3.3881e-05
3.3936e-05
3.399e-05
3.4044e-05
3.4097e-05
3.4151e-05
3.4205e-05
3.4259e-05
3.4313e-05
3.4367e-05
3.4421e-05
3.4474e-05
3.4528e-05
3.4582e-05
3.4635e-05
3.4689e-05
3.4743e-05
3.4796e-05
3.485e-05
3.4903e-05
3.4956e-05
3.501e-05
3.5063e-05
3.5116e-05
3.517e-05
3.5223e-05
3.5276e-05
3.5329e-05
3.5382e-05
3.5435e-05
3.5488e-05
3.5541e-05
3.5594e-05
3.5647e-05
3.57e-05
3.5753e-05
3.5806e-05
3.5858e-05
3.5911e-05
3.5964e-05
3.6016e-05
3.6069e-05
3.6121e-05
3.6174e-05
3.6226e-05
3.6278e-05
3.6331e-05
3.6383e-05
3.6435e-05
3.6487e-05
3.6539e-05
3.6591e-05
3.6643e-05
3.6695e-05
3.6747e-05
3.6799e-05
3.6851e-05
3.6903e-05
3.6954e-05
3.7006e-05
3.7058e-05
3.7109e-05
3.7161e-05
3.7212e-05
3.7263e-05
3.7315e-05
3.7366e-05
3.7417e-05
3.7468e-05
3.7519e-05
3.757e-05
3.7621e-05
3.7672e-05
3.7723e-05
3.7774e-05
3.7824e-05
3.7875e-05
3.7925e-05
3.7976e-05
3.8026e-05
3.8077e-05
3.8127e-05
3.8177e-05
3.8228e-05
3.8278e-05
3.8328e-05
3.8378e-05
3.8428e-05
3.8478e-05
3.8527e-05
3.8577e-05
3.8627e-05
3.8676e-05
3.8726e-05
3.8775e-05
3.8825e-05
3.8874e-05
3.8923e-05
3.8972e-05
3.9022e-05
3.9071e-05
3.912e-05
3.9168e-05
3.9217e-05
3.9266e-05
3.9315e-05
3.9363e-05
3.9412e-05
3.946e-05
3.9509e-05
3.9557e-05
3.9605e-05
3.9653e-05
3.9701e-05
3.9749e-05
3.9797e-05
3.9845e-05
3.9893e-05
3.994e-05
3.9988e-05
4.0036e-05
4.0083e-05
4.013e-05
4.0178e-05
4.0225e-05
4.0272e-05
4.0319e-05
4.0366e-05
4.0413e-05
4.046e-05
4.0506e-05
4.0553e-05
4.0599e-05
4.0646e-05
4.0692e-05
4.0738e-05
4.0785e-05
4.0831e-05
4.0877e-05
4.0923e-05
4.0968e-05
4.1014e-05
4.106e-05
4.1105e-05
4.1151e-05
4.1196e-05
4.1241e-05
4.1287e-05
4.1332e-05
4.1377e-05
4.1422e-05
4.1466e-05
4.1511e-05
4.1556e-05
4.16e-05
4.1645e-05
4.1689e-05
4.1733e-05
4.1778e-05
4.1822e-05
4.1866e-05
4.1909e-05
4.1953e-05
4.1997e-05
4.204e-05
4.2084e-05
4.2127e-05
4.2171e-05
4.2214e-05
4.2257e-05
4.23e-05
4.2343e-05
4.2385e-05
4.2428e-05
4.2471e-05
4.2513e-05
4.2555e-05
4.2598e-05
4.264e-05
4.2682e-05
4.2724e-05
4.2766e-05
4.2807e-05
4.2849e-05
4.2891e-05
4.2932e-05
4.2973e-05
4.3015e-05
4.3056e-05
4.3097e-05
4.3138e-05
4.3178e-05
4.3219e-05
4.326e-05
4.33e-05
4.334e-05
4.3381e-05
4.3421e-05
4.3461e-05
4.3501e-05
4.354e-05
4.358e-05
4.362e-05
4.3659e-05
4.3698e-05
4.3737e-05
4.3777e-05
4.3816e-05
4.3854e-05
4.3893e-05
4.3932e-05
4.397e-05
4.4009e-05
4.4047e-05
4.4085e-05
4.4123e-05
4.4161e-05
4.4199e-05
4.4237e-05
4.4274e-05
4.4312e-05
4.4349e-05
4.4386e-05
4.4423e-05
4.446e-05
4.4497e-05
4.4534e-05
4.457e-05
4.4607e-05
4.4643e-05
4.468e-05
4.4716e-05
4.4752e-05
4.4788e-05
4.4823e-05
4.4859e-05
4.4894e-05
4.493e-05
4.4965e-05
4.5e-05
4.5035e-05
4.507e-05
4.5105e-05
4.5139e-05
4.5174e-05
4.5208e-05
4.5242e-05
4.5276e-05
4.531e-05
4.5344e-05
4.5378e-05
4.5411e-05
4.5445e-05
4.5478e-05
4.5511e-05
4.5544e-05
4.5577e-05
4.561e-05
4.5643e-05
4.5675e-05
4.5708e-05
4.574e-05
4.5772e-05
4.5804e-05
4.5836e-05
4.5868e-05
4.5899e-05
4.5931e-05
4.5962e-05
4.5993e-05
4.6024e-05
4.6055e-05
4.6086e-05
4.6117e-05
4.6147e-05
4.6177e-05
4.6208e-05
4.6238e-05
4.6268e-05
4.6297e-05
4.6327e-05
4.6357e-05
4.6386e-05
4.6415e-05
4.6444e-05
4.6473e-05
4.6502e-05
4.6531e-05
4.6559e-05
4.6588e-05
4.6616e-05
4.6644e-05
4.6672e-05
4.67e-05
4.6728e-05
4.6755e-05
4.6782e-05
4.681e-05
4.6837e-05
4.6864e-05
4.6891e-05
4.6917e-05
4.6944e-05
4.697e-05
4.6996e-05
4.7022e-05
4.7048e-05
4.7074e-05
4.71e-05
4.7125e-05
4.7151e-05
4.7176e-05
4.7201e-05
4.7226e-05
4.7251e-05
4.7275e-05
4.73e-05
4.7324e-05
4.7348e-05
4.7372e-05
4.7396e-05
4.742e-05
4.7443e-05
4.7467e-05
4.749e-05
4.7513e-05
4.7536e-05
4.7559e-05
4.7582e-05
4.7604e-05
4.7626e-05
4.7649e-05
4.7671e-05
4.7693e-05
4.7714e-05
4.7736e-05
4.7757e-05
4.7779e-05
4.78e-05
4.7821e-05
4.7842e-05
4.7862e-05
4.7883e-05
4.7903e-05
4.7923e-05
4.7943e-05
4.7963e-05
4.7983e-05
4.8003e-05
4.8022e-05
4.8041e-05
4.806e-05
4.8079e-05
4.8098e-05
4.8117e-05
4.8135e-05
4.8154e-05
4.8172e-05
4.819e-05
4.8208e-05
4.8225e-05
4.8243e-05
4.826e-05
4.8277e-05
4.8295e-05
4.8311e-05
4.8328e-05
4.8345e-05
4.8361e-05
4.8377e-05
4.8394e-05
4.8409e-05
4.8425e-05
4.8441e-05
4.8456e-05
4.8472e-05
4.8487e-05
4.8502e-05
4.8517e-05
4.8531e-05
4.8546e-05
4.856e-05
4.8574e-05
4.8588e-05
4.8602e-05
4.8616e-05
4.8629e-05
4.8643e-05
4.8656e-05
4.8669e-05
4.8682e-05
4.8694e-05
4.8707e-05
4.8719e-05
4.8732e-05
4.8744e-05
4.8755e-05
4.8767e-05
4.8779e-05
4.879e-05
4.8801e-05
4.8812e-05
4.8823e-05
4.8834e-05
4.8845e-05
4.8855e-05
4.8865e-05
4.8875e-05
4.8885e-05
4.8895e-05
4.8905e-05
4.8914e-05
4.8923e-05
4.8932e-05
4.8941e-05
4.895e-05
4.8959e-05
4.8967e-05
4.8975e-05
4.8984e-05
4.8991e-05
4.8999e-05
4.9007e-05
4.9014e-05
4.9021e-05
4.9029e-05
4.9036e-05
4.9042e-05
4.9049e-05
4.9055e-05
4.9062e-05
4.9068e-05
4.9074e-05
4.9079e-05
4.9085e-05
4.909e-05
4.9096e-05
4.9101e-05
4.9106e-05
4.911e-05
4.9115e-05
4.9119e-05
4.9124e-05
4.9128e-05
4.9132e-05
4.9135e-05
4.9139e-05
4.9142e-05
4.9146e-05
4.9149e-05
4.9152e-05
4.9154e-05
4.9157e-05
4.9159e-05
4.9162e-05
4.9164e-05
4.9166e-05
4.9167e-05
4.9169e-05
4.917e-05
4.9172e-05
4.9173e-05
4.9174e-05
4.9174e-05
4.9175e-05
4.9175e-05
4.9175e-05
4.9175e-05
4.9175e-05
4.9175e-05
4.9175e-05
4.9174e-05
4.9173e-05
4.9172e-05
4.9171e-05
4.917e-05
4.9168e-05
4.9167e-05
4.9165e-05
4.9163e-05
4.9161e-05
4.9159e-05
4.9156e-05
4.9154e-05
4.9151e-05
4.9148e-05
4.9145e-05
4.9141e-05
4.9138e-05
4.9134e-05
4.913e-05
4.9126e-05
4.9122e-05
4.9118e-05
4.9113e-05
4.9109e-05
4.9104e-05
4.9099e-05
4.9094e-05
4.9089e-05
4.9083e-05
4.9077e-05
4.9072e-05
4.9066e-05
4.906e-05
4.9053e-05
4.9047e-05
4.904e-05
4.9033e-05
4.9026e-05
4.9019e-05
4.9012e-05
4.9004e-05
4.8997e-05
4.8989e-05
4.8981e-05
4.8973e-05
4.8964e-05
4.8956e-05
4.8947e-05
4.8938e-05
4.8929e-05
4.892e-05
4.8911e-05
4.8902e-05
4.8892e-05
4.8882e-05
4.8872e-05
4.8862e-05
4.8852e-05
4.8841e-05
4.8831e-05
4.882e-05
4.8809e-05
4.8798e-05
4.8786e-05
4.8775e-05
4.8763e-05
4.8752e-05
4.874e-05
4.8728e-05
4.8715e-05
4.8703e-05
4.869e-05
4.8678e-05
4.8665e-05
4.8652e-05
4.8638e-05
4.8625e-05
4.8611e-05
4.8598e-05
4.8584e-05
4.857e-05
4.8555e-05
4.8541e-05
4.8526e-05
4.8512e-05
4.8497e-05
4.8482e-05
4.8467e-05
4.8451e-05
4.8436e-05
4.842e-05
4.8404e-05
4.8388e-05
4.8372e-05
4.8356e-05
4.8339e-05
4.8323e-05
4.8306e-05
4.8289e-05
4.8272e-05
4.8255e-05
4.8237e-05
4.822e-05
4.8202e-05
4.8184e-05
4.8166e-05
4.8148e-05
4.8129e-05
4.8111e-05
4.8092e-05
4.8073e-05
4.8054e-05
4.8035e-05
4.8016e-05
4.7996e-05
4.7977e-05
4.7957e-05
4.7937e-05
4.7917e-05
4.7897e-05
4.7876e-05
4.7856e-05
4.7835e-05
4.7814e-05
4.7793e-05
4.7772e-05
4.775e-05
4.7729e-05
4.7707e-05
4.7685e-05
4.7664e-05
4.7641e-05
4.7619e-05
4.7597e-05
4.7574e-05
4.7552e-05
4.7529e-05
4.7506e-05
4.7482e-05
4.7459e-05
4.7436e-05
4.7412e-05
4.7388e-05
4.7364e-05
4.734e-05
4.7316e-05
4.7292e-05
4.7267e-05
4.7243e-05
4.7218e-05
4.7193e-05
4.7168e-05
4.7142e-05
4.7117e-05
4.7091e-05
4.7066e-05
4.704e-05
4.7014e-05
4.6988e-05
4.6962e-05
4.6935e-05
4.6909e-05
4.6882e-05
4.6855e-05
4.6828e-05
4.6801e-05
4.6773e-05
4.6746e-05
4.6718e-05
4.6691e-05
4.6663e-05
4.6635e-05
4.6607e-05
4.6578e-05
4.655e-05
4.6521e-05
4.6493e-05
4.6464e-05
4.6435e-05
4.6406e-05
4.6376e-05
4.6347e-05
4.6317e-05
4.6288e-05
4.6258e-05
4.6228e-05
4.6198e-05
4.6167e-05
4.6137e-05
4.6106e-05
4.6076e-05
4.6045e-05
4.6014e-05
4.5983e-05
4.5952e-05
4.592e-05
4.5889e-05
4.5857e-05
4.5826e-05
4.5794e-05
4.5762e-05
4.5729e-05
4.5697e-05
4.5665e-05
4.5632e-05
4.5599e-05
4.5567e-05
4.5534e-05
4.5501e-05
4.5467e-05
4.5434e-05
4.54e-05
4.5367e-05
4.5333e-05
4.5299e-05
4.5265e-05
4.5231e-05
4.5197e-05
4.5162e-05
4.5128e-05
4.5093e-05
4.5059e-05
4.5024e-05
4.4989e-05
4.4953e-05
4.4918e-05
4.4883e-05
4.4847e-05
4.4812e-05
4.4776e-05
4.474e-05
4.4704e-05
4.4668e-05
4.4631e-05
4.4595e-05
4.4558e-05
4.4522e-05
4.4485e-05
4.4448e-05
4.4411e-05
4.4374e-05
4.4337e-05
4.4299e-05
4.4262e-05
4.4224e-05
4.4187e-05
4.4149e-05
4.4111e-05
4.4073e-05
4.4034e-05
4.3996e-05
4.3958e-05
4.3919e-05
4.388e-05
4.3842e-05
4.3803e-05
4.3764e-05
4.3725e-05
4.3685e-05
4.3646e-05
4.3607e-05
4.3567e-05
4.3527e-05
4.3487e-05
4.3448e-05
4.3408e-05
4.3367e-05
4.3327e-05
4.3287e-05
4.3246e-05
4.3206e-05
4.3165e-05
4.3124e-05
4.3083e-05
4.3042e-05
4.3001e-05
4.296e-05
4.2919e-05
4.2877e-05
4.2835e-05
4.2794e-05
4.2752e-05
4.271e-05
4.2668e-05
4.2626e-05
4.2584e-05
4.2542e-05
4.2499e-05
4.2457e-05
4.2414e-05
4.2371e-05
4.2329e-05
4.2286e-05
4.2243e-05
4.22e-05
4.2156e-05
4.2113e-05
4.207e-05
4.2026e-05
4.1983e-05
4.1939e-05
4.1895e-05
4.1851e-05
4.1807e-05
4.1763e-05
4.1719e-05
4.1675e-05
4.163e-05
4.1586e-05
4.1541e-05
4.1496e-05
4.1452e-05
4.1407e-05
4.1362e-05
4.1317e-05
4.1272e-05
4.1227e-05
4.1181e-05
4.1136e-05
4.109e-05
4.1045e-05
4.0999e-05
4.0953e-05
4.0907e-05
4.0862e-05
4.0816e-05
4.0769e-05
4.0723e-05
4.0677e-05
4.0631e-05
4.0584e-05
4.0538e-05
4.0491e-05
4.0444e-05
4.0397e-05
4.0351e-05
4.0304e-05
4.0257e-05
4.0209e-05
4.0162e-05
4.0115e-05
4.0067e-05
4.002e-05
3.9973e-05
3.9925e-05
3.9877e-05
3.9829e-05
3.9782e-05
3.9734e-05
3.9686e-05
3.9638e-05
3.9589e-05
3.9541e-05
3.9493e-05
3.9444e-05
3.9396e-05
3.9347e-05
3.9299e-05
3.925e-05
3.9201e-05
3.9152e-05
3.9104e-05
3.9055e-05
3.9006e-05
3.8956e-05
3.8907e-05
3.8858e-05
3.8809e-05
3.8759e-05
3.871e-05
3.866e-05
3.8611e-05
3.8561e-05
3.8511e-05
3.8461e-05
3.8411e-05
3.8361e-05
3.8311e-05
3.8261e-05
3.8211e-05
3.8161e-05
3.8111e-05
3.806e-05
3.801e-05
3.7959e-05
3.7909e-05
3.7858e-05
3.7808e-05
3.7757e-05
3.7706e-05
3.7655e-05
3.7604e-05
3.7553e-05
3.7502e-05
3.7451e-05
3.74e-05
3.7349e-05
3.7298e-05
3.7246e-05
3.7195e-05
3.7144e-05
3.7092e-05
3.7041e-05
3.6989e-05
3.6937e-05
3.6886e-05
3.6834e-05
3.6782e-05
3.673e-05
3.6678e-05
3.6626e-05
3.6574e-05
3.6522e-05
3.647e-05
3.6418e-05
3.6366e-05
3.6314e-05
3.6261e-05
3.6209e-05
3.6157e-05
3.6104e-05
3.6052e-05
3.5999e-05
3.5946e-05
3.5894e-05
3.5841e-05
3.5788e-05
3.5736e-05
3.5683e-05
3.563e-05
3.5577e-05
3.5524e-05
3.5471e-05
3.5418e-05
3.5365e-05
3.5312e-05
3.5259e-05
3.5206e-05
3.5152e-05
3.5099e-05
3.5046e-05
3.4992e-05
3.4939e-05
3.4886e-05
3.4832e-05
3.4779e-05
3.4725e-05
3.4671e-05
3.4618e-05
3.4564e-05
3.451e-05
3.4457e-05
3.4403e-05
3.4349e-05
3.4295e-05
3.4242e-05
3.4188e-05
3.4134e-05
3.408e-05
3.4026e-05
3.3972e-05
3.3918e-05
3.3864e-05
3.381e-05
3.3756e-05
3.3701e-05
3.3647e-05
3.3593e-05
3.3539e-05
3.3484e-05
3.343e-05
3.3376e-05
3.3321e-05
3.3267e-05
3.3213e-05
3.3158e-05
3.3104e-05
3.3049e-05
3.2995e-05
3.294e-05
3.2886e-05
3.2831e-05
3.2777e-05
3.2722e-05
3.2668e-05
3.2613e-05
3.2558e-05
3.2504e-05
3.2449e-05
3.2394e-05
3.2339e-05
3.2285e-05
3.223e-05
3.2175e-05
3.212e-05
3.2065e-05
3.2011e-05
3.1956e-05
3.1901e-05
3.1846e-05
3.1791e-05
3.1736e-05
3.1681e-05
3.1626e-05
3.1571e-05
3.1516e-05
3.1461e-05
3.1406e-05
3.1351e-05
3.1296e-05
3.1241e-05
3.1186e-05
3.1131e-05
3.1076e-05
3.1021e-05
3.0966e-05
3.0911e-05
3.0856e-05
3.0801e-05
3.0746e-05
3.0691e-05
3.0636e-05
3.0581e-05
3.0525e-05
3.047e-05
3.0415e-05
3.036e-05
3.0305e-05
3.025e-05
3.0195e-05
3.014e-05
3.0084e-05
3.0029e-05
2.9974e-05
2.9919e-05
2.9864e-05
2.9809e-05
2.9754e-05
2.9698e-05
2.9643e-05
2.9588e-05
2.9533e-05
2.9478e-05
2.9423e-05
2.9368e-05
2.9312e-05
2.9257e-05
2.9202e-05
2.9147e-05
2.9092e-05
2.9037e-05
2.8982e-05
2.8927e-05
2.8871e-05
2.8816e-05
2.8761e-05
2.8706e-05
2.8651e-05
2.8596e-05
2.8541e-05
2.8486e-05
2.8431e-05
2.8376e-05
2.8321e-05
2.8266e-05
2.8211e-05
2.8156e-05
2.8101e-05
2.8046e-05
2.7991e-05
2.7936e-05
2.7881e-05
2.7826e-05
2.7771e-05
2.7717e-05
2.7662e-05
2.7607e-05
2.7552e-05
2.7497e-05
2.7442e-05
2.7388e-05
2.7333e-05
2.7278e-05
2.7223e-05
2.7168e-05
2.7114e-05
2.7059e-05
2.7004e-05
2.695e-05
2.6895e-05
2.684e-05
2.6786e-05
2.6731e-05
2.6677e-05
2.6622e-05
2.6568e-05
2.6513e-05
2.6459e-05
2.6404e-05
2.635e-05
2.6295e-05
2.6241e-05
2.6187e-05
2.6132e-05
2.6078e-05
2.6024e-05
2.5969e-05
2.5915e-05
2.5861e-05
2.5807e-05
2.5753e-05
2.5698e-05
2.5644e-05
2.559e-05
2.5536e-05
2.5482e-05
2.5428e-05
2.5374e-05
2.532e-05
2.5266e-05
2.5212e-05
2.5158e-05
2.5105e-05
2.5051e-05
2.4997e-05
2.4943e-05
2.489e-05
2.4836e-05
2.4782e-05
2.4729e-05
2.4675e-05
2.4621e-05
2.4568e-05
2.4514e-05
2.4461e-05
2.4407e-05
2.4354e-05
2.4301e-05
2.4247e-05
2.4194e-05
2.4141e-05
2.4088e-05
2.4034e-05
2.3981e-05
2.3928e-05
2.3875e-05
2.3822e-05
2.3769e-05
2.3716e-05
2.3663e-05
2.361e-05
2.3557e-05
2.3504e-05
2.3452e-05
2.3399e-05
2.3346e-05
2.3294e-05
2.3241e-05
2.3188e-05
2.3136e-05
2.3083e-05
2.3031e-05
2.2978e-05
2.2926e-05
2.2874e-05
2.2821e-05
2.2769e-05
2.2717e-05
2.2665e-05
2.2613e-05
2.256e-05
2.2508e-05
2.2456e-05
2.2404e-05
2.2352e-05
2.2301e-05
2.2249e-05
2.2197e-05
2.2145e-05
2.2094e-05
2.2042e-05
2.199e-05
2.1939e-05
2.1887e-05
2.1836e-05
2.1784e-05
2.1733e-05
2.1682e-05
2.163e-05
2.1579e-05
2.1528e-05
2.1477e-05
2.1426e-05
2.1375e-05
2.1324e-05
2.1273e-05
2.1222e-05
2.1171e-05
2.112e-05
2.1069e-05
2.1019e-05
2.0968e-05
2.0917e-05
2.0867e-05
2.0816e-05
2.0766e-05
2.0716e-05
2.0665e-05
2.0615e-05
2.0565e-05
2.0515e-05
2.0464e-05
2.0414e-05
2.0364e-05
2.0314e-05
2.0264e-05
2.0215e-05
2.0165e-05
2.0115e-05
2.0065e-05
2.0016e-05
1.9966e-05
1.9917e-05
1.9867e-05
1.9818e-05
1.9768e-05
1.9719e-05
1.967e-05
1.962e-05
1.9571e-05
1.9522e-05
1.9473e-05
1.9424e-05
1.9375e-05
1.9326e-05
1.9278e-05
1.9229e-05
1.918e-05
1.9132e-05
1.9083e-05
1.9034e-05
1.8986e-05
1.8938e-05
1.8889e-05
1.8841e-05
1.8793e-05
1.8745e-05
1.8696e-05
1.8648e-05
1.86e-05
1.8552e-05
1.8505e-05
1.8457e-05
1.8409e-05
1.8361e-05
1.8314e-05
1.8266e-05
1.8219e-05
1.8171e-05
1.8124e-05
1.8077e-05
1.8029e-05
1.7982e-05
1.7935e-05
1.7888e-05
1.7841e-05
1.7794e-05
1.7747e-05
1.77e-05
1.7654e-05
1.7607e-05
1.756e-05
1.7514e-05
1.7467e-05
1.7421e-05
1.7374e-05
1.7328e-05
1.7282e-05
1.7236e-05
1.7189e-05
1.7143e-05
1.7097e-05
1.7052e-05
1.7006e-05
1.696e-05
1.6914e-05
1.6869e-05
1.6823e-05
1.6777e-05
1.6732e-05
1.6687e-05
1.6641e-05
1.6596e-05
1.6551e-05
1.6506e-05
1.6461e-05
1.6416e-05
1.6371e-05
1.6326e-05
1.6281e-05
1.6236e-05
1.6192e-05
1.6147e-05
1.6102e-05
1.6058e-05
1.6014e-05
1.5969e-05
1.5925e-05
1.5881e-05
1.5837e-05
1.5793e-05
1.5749e-05
1.5705e-05
1.5661e-05
1.5617e-05
1.5574e-05
1.553e-05
1.5486e-05
1.5443e-05
1.5399e-05
1.5356e-05
1.5313e-05
1.527e-05
1.5226e-05
1.5183e-05
1.514e-05
1.5097e-05
1.5055e-05
1.5012e-05
1.4969e-05
1.4926e-05
1.4884e-05
1.4841e-05
1.4799e-05
1.4756e-05
1.4714e-05
1.4672e-05
1.463e-05
1.4588e-05
1.4546e-05
1.4504e-05
1.4462e-05
1.442e-05
1.4378e-05
1.4337e-05
1.4295e-05
1.4254e-05
1.4212e-05
1.4171e-05
1.413e-05
1.4088e-05
1.4047e-05
1.4006e-05
1.3965e-05
1.3924e-05
1.3883e-05
1.3842e-05
1.3802e-05
1.3761e-05
1.3721e-05
1.368e-05
1.364e-05
1.3599e-05
1.3559e-05
1.3519e-05
1.3479e-05
1.3439e-05
1.3399e-05
1.3359e-05
1.3319e-05
1.3279e-05
1.3239e-05
1.32e-05
1.316e-05
1.3121e-05
1.3081e-05
1.3042e-05
1.3003e-05
1.2964e-05
1.2924e-05
1.2885e-05
1.2846e-05
1.2808e-05
1.2769e-05
1.273e-05
1.2691e-05
1.2653e-05
1.2614e-05
1.2576e-05
1.2538e-05
1.2499e-05
1.2461e-05
1.2423e-05
1.2385e-05
1.2347e-05
1.2309e-05
1.2271e-05
1.2233e-05
1.2196e-05
1.2158e-05
1.212e-05
1.2083e-05
1.2046e-05
1.2008e-05
1.1971e-05
1.1934e-05
1.1897e-05
1.186e-05
1.1823e-05
1.1786e-05
1.1749e-05
1.1712e-05
1.1676e-05
1.1639e-05
1.1603e-05
1.1566e-05
1.153e-05
1.1494e-05
1.1457e-05
1.1421e-05
1.1385e-05
1.1349e-05
1.1313e-05
1.1278e-05
1.1242e-05
1.1206e-05
1.1171e-05
1.1135e-05
1.11e-05
1.1064e-05
1.1029e-05
1.0994e-05
1.0959e-05
1.0923e-05
1.0888e-05
1.0854e-05
1.0819e-05
1.0784e-05
1.0749e-05
1.0715e-05
1.068e-05
1.0646e-05
1.0611e-05
1.0577e-05
1.0543e-05
1.0508e-05
1.0474e-05
1.044e-05
1.0406e-05
1.0373e-05
1.0339e-05
1.0305e-05
1.0271e-05
1.0238e-05
1.0204e-05
1.0171e-05
1.0138e-05
1.0104e-05
1.0071e-05
1.0038e-05
1.0005e-05
9.9719e-06
9.939e-06
9.9062e-06
9.8734e-06
9.8407e-06
9.8081e-06
9.7756e-06
9.7432e-06
9.7108e-06
9.6785e-06
9.6462e-06
9.6141e-06
9.582e-06
9.55e-06
9.5181e-06
9.4862e-06
9.4544e-06
9.4227e-06
9.3911e-06
9.3595e-06
9.328e-06
9.2966e-06
9.2653e-06
9.234e-06
9.2028e-06
9.1717e-06
9.1407e-06
9.1097e-06
9.0788e-06
9.048e-06
9.0173e-06
8.9866e-06
8.956e-06
8.9255e-06
8.895e-06
8.8646e-06
8.8343e-06
8.8041e-06
8.7739e-06
8.7439e-06
8.7139e-06
8.6839e-06
8.6541e-06
8.6243e-06
8.5945e-06
8.5649e-06
8.5353e-06
8.5058e-06
8.4764e-06
8.4471e-06
8.4178e-06
8.3886e-06
8.3594e-06
8.3304e-06
8.3014e-06
8.2725e-06
8.2436e-06
8.2149e-06
8.1862e-06
8.1575e-06
8.129e-06
8.1005e-06
8.0721e-06
8.0437e-06
8.0155e-06
7.9873e-06
7.9592e-06
7.9311e-06
7.9031e-06
7.8752e-06
7.8474e-06
7.8196e-06
7.7919e-06
7.7643e-06
7.7368e-06
7.7093e-06
7.6819e-06
7.6546e-06
7.6273e-06
7.6001e-06
7.573e-06
7.5459e-06
7.519e-06
7.4921e-06
7.4652e-06
7.4385e-06
7.4118e-06
7.3851e-06
7.3586e-06
7.3321e-06
7.3057e-06
7.2793e-06
7.2531e-06
7.2269e-06
7.2007e-06
7.1747e-06
7.1487e-06
7.1227e-06
7.0969e-06
7.0711e-06
7.0454e-06
7.0198e-06
6.9942e-06
6.9687e-06
6.9432e-06
6.9179e-06
6.8926e-06
6.8673e-06
6.8422e-06
6.8171e-06
6.7921e-06
6.7671e-06
6.7422e-06
6.7174e-06
6.6927e-06
6.668e-06
6.6434e-06
6.6188e-06
6.5943e-06
6.5699e-06
6.5456e-06
6.5213e-06
6.4971e-06
6.473e-06
6.4489e-06
6.4249e-06
6.401e-06
6.3771e-06
6.3533e-06
6.3296e-06
6.3059e-06
6.2823e-06
6.2588e-06
6.2353e-06
6.2119e-06
6.1886e-06
6.1653e-06
6.1421e-06
6.119e-06
6.0959e-06
6.0729e-06
6.05e-06
6.0271e-06
6.0043e-06
5.9816e-06
5.9589e-06
5.9363e-06
5.9138e-06
5.8913e-06
5.8689e-06
5.8466e-06
5.8243e-06
5.8021e-06
5.7799e-06
5.7579e-06
5.7358e-06
5.7139e-06
5.692e-06
5.6702e-06
5.6484e-06
5.6267e-06
5.6051e-06
5.5835e-06
5.562e-06
5.5406e-06
5.5192e-06
5.4979e-06
5.4767e-06
5.4555e-06
5.4343e-06
5.4133e-06
5.3923e-06
5.3714e-06
5.3505e-06
5.3297e-06
5.3089e-06
5.2883e-06
5.2676e-06
5.2471e-06
5.2266e-06
5.2062e-06
5.1858e-06
5.1655e-06
5.1452e-06
5.1251e-06
5.1049e-06
5.0849e-06
5.0649e-06
5.0449e-06
5.0251e-06
5.0053e-06
4.9855e-06
4.9658e-06
4.9462e-06
4.9266e-06
4.9071e-06
4.8877e-06
4.8683e-06
4.8489e-06
4.8297e-06
4.8105e-06
4.7913e-06
4.7722e-06
4.7532e-06
4.7342e-06
4.7153e-06
4.6965e-06
4.6777e-06
4.6589e-06
4.6403e-06
4.6217e-06
4.6031e-06
4.5846e-06
4.5662e-06
4.5478e-06
4.5295e-06
4.5112e-06
4.493e-06
4.4749e-06
4.4568e-06
4.4388e-06
4.4208e-06
4.4029e-06
4.385e-06
4.3672e-06
4.3495e-06
4.3318e-06
4.3142e-06
4.2966e-06
4.2791e-06
4.2616e-06
4.2442e-06
4.2269e-06
4.2096e-06
4.1924e-06
4.1752e-06
4.1581e-06
4.141e-06
4.124e-06
4.1071e-06
4.0902e-06
4.0733e-06
4.0566e-06
4.0398e-06
4.0232e-06
4.0065e-06
3.99e-06
3.9735e-06
3.957e-06
3.9406e-06
3.9243e-06
3.908e-06
3.8917e-06
3.8756e-06
3.8594e-06
3.8434e-06
3.8274e-06
3.8114e-06
3.7955e-06
3.7796e-06
3.7638e-06
3.7481e-06
3.7324e-06
3.7167e-06
3.7011e-06
3.6856e-06
3.6701e-06
3.6547e-06
3.6393e-06
3.624e-06
3.6087e-06
3.5935e-06
3.5783e-06
3.5632e-06
3.5481e-06
3.5331e-06
3.5181e-06
3.5032e-06
3.4883e-06
3.4735e-06
3.4588e-06
3.4441e-06
3.4294e-06
3.4148e-06
3.4002e-06
3.3857e-06
3.3713e-06
3.3569e-06
3.3425e-06
3.3282e-06
3.3139e-06
3.2997e-06
3.2856e-06
3.2715e-06
3.2574e-06
3.2434e-06
3.2294e-06
3.2155e-06
3.2017e-06
3.1879e-06
3.1741e-06
3.1604e-06
3.1467e-06
3.1331e-06
3.1195e-06
3.106e-06
3.0925e-06
3.0791e-06
3.0657e-06
3.0524e-06
3.0391e-06
3.0259e-06
3.0127e-06
2.9995e-06
2.9865e-06
2.9734e-06
2.9604e-06
2.9475e-06
2.9345e-06
2.9217e-06
2.9089e-06
2.8961e-06
2.8834e-06
2.8707e-06
2.8581e-06
2.8455e-06
2.833e-06
2.8205e-06
2.808e-06
2.7956e-06
2.7833e-06
2.771e-06
2.7587e-06
2.7465e-06
2.7343e-06
2.7222e-06
2.7101e-06
2.698e-06
2.686e-06
2.6741e-06
2.6622e-06
2.6503e-06
2.6385e-06
2.6267e-06
2.615e-06
2.6033e-06
2.5916e-06
2.58e-06
2.5685e-06
2.557e-06
2.5455e-06
2.534e-06
2.5227e-06
2.5113e-06
2.5e-06
2.4887e-06
2.4775e-06
2.4663e-06
2.4552e-06
2.4441e-06
2.4331e-06
2.4221e-06
2.4111e-06
2.4002e-06
2.3893e-06
2.3784e-06
2.3676e-06
2.3569e-06
2.3461e-06
2.3355e-06
2.3248e-06
2.3142e-06
2.3037e-06
2.2931e-06
2.2827e-06
2.2722e-06
2.2618e-06
2.2515e-06
2.2412e-06
2.2309e-06
2.2206e-06
2.2104e-06
2.2003e-06
2.1902e-06
2.1801e-06
2.17e-06
2.16e-06
2.1501e-06
2.1401e-06
2.1302e-06
2.1204e-06
2.1106e-06
2.1008e-06
2.0911e-06
2.0814e-06
2.0717e-06
2.0621e-06
2.0525e-06
2.043e-06
2.0335e-06
2.024e-06
2.0145e-06
2.0052e-06
1.9958e-06
1.9865e-06
1.9772e-06
1.9679e-06
1.9587e-06
1.9495e-06
1.9404e-06
1.9313e-06
1.9222e-06
1.9132e-06
1.9042e-06
1.8952e-06
1.8863e-06
1.8774e-06
1.8686e-06
1.8598e-06
1.851e-06
1.8422e-06
1.8335e-06
1.8248e-06
1.8162e-06
1.8076e-06
1.799e-06
1.7905e-06
1.782e-06
1.7735e-06
1.7651e-06
1.7567e-06
1.7483e-06
1.74e-06
1.7317e-06
1.7234e-06
1.7152e-06
1.707e-06
1.6988e-06
1.6907e-06
1.6826e-06
1.6745e-06
1.6665e-06
1.6585e-06
1.6505e-06
1.6426e-06
1.6347e-06
1.6268e-06
1.6189e-06
1.6111e-06
1.6034e-06
1.5956e-06
1.5879e-06
1.5802e-06
1.5726e-06
1.565e-06
1.5574e-06
1.5499e-06
1.5423e-06
1.5348e-06
1.5274e-06
1.52e-06
1.5126e-06
1.5052e-06
1.4979e-06
1.4906e-06
1.4833e-06
1.476e-06
1.4688e-06
1.4617e-06
1.4545e-06
1.4474e-06
1.4403e-06
1.4332e-06
1.4262e-06
1.4192e-06
1.4122e-06
1.4053e-06
1.3984e-06
1.3915e-06
1.3846e-06
1.3778e-06
1.371e-06
1.3642e-06
1.3575e-06
1.3508e-06
1.3441e-06
1.3374e-06
1.3308e-06
1.3242e-06
1.3177e-06
1.3111e-06
1.3046e-06
1.2981e-06
1.2917e-06
1.2852e-06
1.2788e-06
1.2725e-06
1.2661e-06
1.2598e-06
1.2535e-06
1.2472e-06
1.241e-06
1.2348e-06
1.2286e-06
1.2224e-06
1.2163e-06
1.2102e-06
1.2041e-06
1.1981e-06
1.192e-06
1.1861e-06
1.1801e-06
1.1741e-06
1.1682e-06
1.1623e-06
1.1564e-06
1.1506e-06
1.1448e-06
1.139e-06
1.1332e-06
1.1275e-06
1.1218e-06
1.1161e-06
1.1104e-06
1.1048e-06
1.0992e-06
1.0936e-06
1.088e-06
1.0825e-06
1.0769e-06
1.0715e-06
1.066e-06
1.0605e-06
1.0551e-06
1.0497e-06
1.0444e-06
1.039e-06
1.0337e-06
1.0284e-06
1.0231e-06
1.0179e-06
1.0126e-06
1.0074e-06
1.0022e-06
9.9707e-07
9.9194e-07
9.8682e-07
9.8173e-07
9.7667e-07
9.7162e-07
9.666e-07
9.616e-07
9.5663e-07
9.5167e-07
9.4674e-07
9.4183e-07
9.3695e-07
9.3208e-07
9.2724e-07
9.2242e-07
9.1762e-07
9.1284e-07
9.0809e-07
9.0335e-07
8.9864e-07
8.9395e-07
8.8928e-07
8.8464e-07
8.8001e-07
8.754e-07
8.7082e-07
8.6626e-07
8.6172e-07
8.572e-07
8.527e-07
8.4822e-07
8.4376e-07
8.3932e-07
8.349e-07
8.305e-07
8.2613e-07
8.2177e-07
8.1743e-07
8.1312e-07
8.0882e-07
8.0454e-07
8.0029e-07
7.9605e-07
7.9183e-07
7.8764e-07
7.8346e-07
7.793e-07
7.7516e-07
7.7104e-07
7.6694e-07
7.6286e-07
7.588e-07
7.5476e-07
7.5073e-07
7.4673e-07
7.4274e-07
7.3877e-07
7.3482e-07
7.3089e-07
7.2698e-07
7.2309e-07
7.1922e-07
7.1536e-07
7.1152e-07
7.077e-07
7.039e-07
7.0011e-07
6.9635e-07
6.926e-07
6.8887e-07
6.8516e-07
6.8146e-07
6.7779e-07
6.7413e-07
6.7048e-07
6.6686e-07
6.6325e-07
6.5966e-07
6.5609e-07
6.5253e-07
6.4899e-07
6.4547e-07
6.4197e-07
6.3848e-07
6.3501e-07
6.3155e-07
6.2812e-07
6.2469e-07
6.2129e-07
6.179e-07
6.1453e-07
6.1117e-07
6.0783e-07
6.0451e-07
6.012e-07
5.9791e-07
5.9464e-07
5.9138e-07
5.8813e-07
5.8491e-07
5.8169e-07
5.785e-07
5.7532e-07
5.7215e-07
5.69e-07
5.6587e-07
5.6275e-07
5.5965e-07
5.5656e-07
5.5348e-07
5.5043e-07
5.4738e-07
5.4436e-07
5.4134e-07
5.3834e-07
5.3536e-07
5.3239e-07
5.2944e-07
5.265e-07
5.2357e-07
5.2066e-07
5.1777e-07
5.1488e-07
5.1202e-07
5.0916e-07
5.0632e-07
5.035e-07
5.0069e-07
4.9789e-07
4.9511e-07
4.9234e-07
4.8958e-07
4.8684e-07
4.8411e-07
4.814e-07
4.787e-07
4.7601e-07
4.7334e-07
4.7068e-07
4.6803e-07
4.654e-07
4.6277e-07
4.6017e-07
4.5757e-07
4.5499e-07
4.5242e-07
4.4987e-07
4.4733e-07
4.448e-07
4.4228e-07
4.3978e-07
4.3729e-07
4.3481e-07
4.3234e-07
4.2989e-07
4.2745e-07
4.2502e-07
4.226e-07
4.202e-07
4.1781e-07
4.1543e-07
4.1306e-07
4.107e-07
4.0836e-07
4.0603e-07
4.0371e-07
4.014e-07
3.9911e-07
3.9682e-07
3.9455e-07
3.9229e-07
3.9004e-07
3.878e-07
3.8558e-07
3.8336e-07
3.8116e-07
3.7897e-07
3.7679e-07
3.7462e-07
3.7246e-07
3.7032e-07
3.6818e-07
3.6606e-07
3.6394e-07
3.6184e-07
3.5975e-07
3.5767e-07
3.556e-07
3.5354e-07
3.5149e-07
3.4945e-07
3.4743e-07
3.4541e-07
3.434e-07
3.4141e-07
3.3942e-07
3.3745e-07
3.3549e-07
3.3353e-07
3.3159e-07
3.2965e-07
3.2773e-07
3.2582e-07
3.2391e-07
3.2202e-07
3.2014e-07
3.1826e-07
3.164e-07
3.1455e-07
3.127e-07
3.1087e-07
3.0904e-07
3.0723e-07
3.0543e-07
3.0363e-07
3.0184e-07
3.0007e-07
2.983e-07
2.9654e-07
2.9479e-07
2.9305e-07
2.9133e-07
2.896e-07
2.8789e-07
2.8619e-07
2.845e-07
2.8281e-07
2.8114e-07
2.7947e-07
2.7782e-07
2.7617e-07
2.7453e-07
2.729e-07
2.7127e-07
2.6966e-07
2.6806e-07
2.6646e-07
2.6487e-07
2.633e-07
2.6173e-07
2.6016e-07
2.5861e-07
2.5707e-07
2.5553e-07
2.54e-07
2.5248e-07
2.5097e-07
2.4946e-07
2.4797e-07
2.4648e-07
2.45e-07
2.4353e-07
2.4207e-07
2.4061e-07
2.3917e-07
2.3773e-07
2.363e-07
2.3487e-07
2.3346e-07
2.3205e-07
2.3065e-07
2.2925e-07
2.2787e-07
2.2649e-07
2.2512e-07
2.2376e-07
2.224e-07
2.2106e-07
2.1972e-07
2.1838e-07
2.1706e-07
2.1574e-07
2.1443e-07
2.1313e-07
2.1183e-07
2.1054e-07
2.0926e-07
2.0798e-07
2.0672e-07
2.0546e-07
2.042e-07
2.0295e-07
2.0171e-07
2.0048e-07
1.9925e-07
1.9804e-07
1.9682e-07
1.9562e-07
1.9442e-07
1.9323e-07
1.9204e-07
1.9086e-07
1.8969e-07
1.8852e-07
1.8736e-07
1.8621e-07
1.8506e-07
1.8392e-07
1.8279e-07
1.8166e-07
1.8054e-07
1.7943e-07
1.7832e-07
1.7721e-07
1.7612e-07
1.7503e-07
1.7395e-07
1.7287e-07
1.718e-07
1.7073e-07
1.6967e-07
1.6862e-07
1.6757e-07
1.6653e-07
1.6549e-07
1.6446e-07
1.6344e-07
1.6242e-07
1.6141e-07
1.604e-07
1.594e-07
1.5841e-07
1.5742e-07
1.5643e-07
1.5546e-07
1.5448e-07
1.5352e-07
1.5256e-07
1.516e-07
1.5065e-07
1.497e-07
1.4876e-07
1.4783e-07
1.469e-07
1.4598e-07
1.4506e-07
1.4415e-07
1.4324e-07
1.4234e-07
1.4144e-07
1.4055e-07
1.3966e-07
1.3878e-07
1.379e-07
1.3703e-07
1.3616e-07
1.353e-07
1.3445e-07
1.3359e-07
1.3275e-07
1.3191e-07
1.3107e-07
1.3024e-07
1.2941e-07
1.2859e-07
1.2777e-07
1.2696e-07
1.2615e-07
1.2535e-07
1.2455e-07
1.2375e-07
1.2296e-07
1.2218e-07
1.214e-07
1.2062e-07
1.1985e-07
1.1909e-07
1.1832e-07
1.1757e-07
1.1681e-07
1.1606e-07
1.1532e-07
1.1458e-07
1.1385e-07
1.1311e-07
1.1239e-07
1.1166e-07
1.1095e-07
1.1023e-07
1.0952e-07
1.0882e-07
1.0812e-07
1.0742e-07
1.0672e-07
1.0604e-07
1.0535e-07
1.0467e-07
1.0399e-07
1.0332e-07
1.0265e-07
1.0199e-07
1.0133e-07
1.0067e-07
1.0002e-07
9.9367e-08
9.8721e-08
9.808e-08
9.7442e-08
9.6809e-08
9.6179e-08
9.5552e-08
9.493e-08
9.4311e-08
9.3696e-08
9.3085e-08
9.2477e-08
9.1873e-08
9.1273e-08
9.0676e-08
9.0083e-08
8.9494e-08
8.8908e-08
8.8325e-08
8.7746e-08
8.7171e-08
8.6599e-08
8.603e-08
8.5465e-08
8.4903e-08
8.4345e-08
8.379e-08
8.3239e-08
8.2691e-08
8.2146e-08
8.1604e-08
8.1066e-08
8.0531e-08
7.9999e-08
7.9471e-08
7.8946e-08
7.8424e-08
7.7905e-08
7.7389e-08
7.6877e-08
7.6367e-08
7.5861e-08
7.5358e-08
7.4858e-08
7.4361e-08
7.3867e-08
7.3376e-08
7.2888e-08
7.2403e-08
7.1921e-08
7.1442e-08
7.0966e-08
7.0493e-08
7.0022e-08
6.9555e-08
6.9091e-08
6.8629e-08
6.817e-08
6.7715e-08
6.7261e-08
6.6811e-08
6.6364e-08
6.5919e-08
6.5477e-08
6.5038e-08
6.4601e-08
6.4168e-08
6.3737e-08
6.3308e-08
6.2882e-08
6.2459e-08
6.2039e-08
6.1621e-08
6.1206e-08
6.0793e-08
6.0383e-08
5.9976e-08
5.9571e-08
5.9168e-08
5.8768e-08
5.8371e-08
5.7976e-08
5.7584e-08
5.7194e-08
5.6806e-08
5.6421e-08
5.6038e-08
5.5658e-08
5.528e-08
5.4905e-08
5.4532e-08
5.4161e-08
5.3792e-08
5.3426e-08
5.3063e-08
5.2701e-08
5.2342e-08
5.1985e-08
5.163e-08
5.1278e-08
5.0927e-08
5.0579e-08
5.0234e-08
4.989e-08
4.9549e-08
4.9209e-08
4.8872e-08
4.8537e-08
4.8205e-08
4.7874e-08
4.7545e-08
4.7219e-08
4.6894e-08
4.6572e-08
4.6252e-08
4.5933e-08
4.5617e-08
4.5303e-08
4.4991e-08
4.4681e-08
4.4372e-08
4.4066e-08
4.3762e-08
4.346e-08
4.3159e-08
4.2861e-08
4.2564e-08
4.227e-08
4.1977e-08
4.1686e-08
4.1397e-08
4.111e-08
4.0825e-08
4.0541e-08
4.026e-08
3.998e-08
3.9702e-08
3.9426e-08
3.9152e-08
3.8879e-08
3.8608e-08
3.8339e-08
3.8072e-08
3.7806e-08
3.7542e-08
3.728e-08
3.702e-08
3.6761e-08
3.6504e-08
3.6249e-08
3.5995e-08
3.5743e-08
3.5492e-08
3.5244e-08
3.4996e-08
3.4751e-08
3.4507e-08
3.4264e-08
3.4024e-08
3.3785e-08
3.3547e-08
3.3311e-08
3.3076e-08
3.2843e-08
3.2612e-08
3.2382e-08
3.2154e-08
3.1927e-08
3.1701e-08
3.1477e-08
3.1255e-08
3.1034e-08
3.0814e-08
3.0596e-08
3.0379e-08
3.0164e-08
2.995e-08
2.9738e-08
2.9527e-08
2.9317e-08
2.9109e-08
2.8902e-08
2.8697e-08
2.8493e-08
2.829e-08
2.8089e-08
2.7889e-08
2.769e-08
2.7493e-08
2.7297e-08
2.7102e-08
2.6908e-08
2.6716e-08
2.6525e-08
2.6336e-08
2.6147e-08
2.596e-08
2.5774e-08
2.559e-08
2.5406e-08
2.5224e-08
2.5043e-08
2.4863e-08
2.4685e-08
2.4508e-08
2.4332e-08
2.4157e-08
2.3983e-08
2.381e-08
2.3639e-08
2.3469e-08
2.3299e-08
2.3131e-08
2.2965e-08
2.2799e-08
2.2634e-08
2.2471e-08
2.2308e-08
2.2147e-08
2.1987e-08
2.1828e-08
2.167e-08
2.1513e-08
2.1357e-08
2.1202e-08
2.1048e-08
2.0895e-08
2.0744e-08
2.0593e-08
2.0443e-08
2.0295e-08
2.0147e-08
2e-08
1.9855e-08
1.971e-08
1.9566e-08
1.9424e-08
1.9282e-08
1.9141e-08
1.9002e-08
1.8863e-08
1.8725e-08
1.8588e-08
1.8452e-08
1.8317e-08
1.8183e-08
1.805e-08
1.7917e-08
1.7786e-08
1.7655e-08
1.7526e-08
1.7397e-08
1.7269e-08
1.7143e-08
1.7016e-08
1.6891e-08
1.6767e-08
1.6644e-08
1.6521e-08
1.6399e-08
1.6278e-08
1.6158e-08
1.6039e-08
1.5921e-08
1.5803e-08
1.5686e-08
1.557e-08
1.5455e-08
1.5341e-08
1.5227e-08
1.5114e-08
1.5002e-08
1.4891e-08
1.4781e-08
1.4671e-08
1.4562e-08
1.4454e-08
1.4346e-08
1.424e-08
1.4134e-08
1.4029e-08
1.3924e-08
1.3821e-08
1.3718e-08
1.3615e-08
1.3514e-08
1.3413e-08
1.3313e-08
1.3213e-08
1.3115e-08
1.3017e-08
1.2919e-08
1.2823e-08
1.2727e-08
1.2631e-08
1.2537e-08
1.2443e-08
1.2349e-08
1.2257e-08
1.2165e-08
1.2073e-08
1.1983e-08
1.1893e-08
1.1803e-08
1.1715e-08
1.1626e-08
1.1539e-08
1.1452e-08
1.1366e-08
1.128e-08
1.1195e-08
1.111e-08
1.1026e-08
1.0943e-08
1.0861e-08
1.0778e-08
1.0697e-08
1.0616e-08
1.0536e-08
1.0456e-08
1.0377e-08
1.0298e-08
1.022e-08
1.0142e-08
1.0065e-08
9.9889e-09
9.913e-09
9.8377e-09
9.7629e-09
9.6886e-09
9.6149e-09
9.5416e-09
9.469e-09
9.3968e-09
9.3252e-09
9.254e-09
9.1834e-09
9.1133e-09
9.0437e-09
8.9746e-09
8.906e-09
8.8379e-09
8.7703e-09
8.7031e-09
8.6365e-09
8.5703e-09
8.5046e-09
8.4394e-09
8.3747e-09
8.3104e-09
8.2466e-09
8.1832e-09
8.1203e-09
8.0579e-09
7.9959e-09
7.9344e-09
7.8733e-09
7.8127e-09
7.7525e-09
7.6927e-09
7.6334e-09
7.5745e-09
7.516e-09
7.458e-09
7.4003e-09
7.3431e-09
7.2864e-09
7.23e-09
7.174e-09
7.1185e-09
7.0633e-09
7.0086e-09
6.9543e-09
6.9003e-09
6.8468e-09
6.7936e-09
6.7409e-09
6.6885e-09
6.6365e-09
6.5849e-09
6.5337e-09
6.4828e-09
6.4323e-09
6.3822e-09
6.3325e-09
6.2831e-09
6.2341e-09
6.1854e-09
6.1371e-09
6.0892e-09
6.0416e-09
5.9944e-09
5.9475e-09
5.901e-09
5.8548e-09
5.8089e-09
5.7634e-09
5.7182e-09
5.6734e-09
5.6289e-09
5.5847e-09
5.5409e-09
5.4974e-09
5.4542e-09
5.4113e-09
5.3687e-09
5.3265e-09
5.2845e-09
5.2429e-09
5.2016e-09
5.1606e-09
5.1199e-09
5.0795e-09
5.0395e-09
4.9997e-09
4.9602e-09
4.921e-09
4.8821e-09
4.8435e-09
4.8051e-09
4.7671e-09
4.7293e-09
4.6919e-09
4.6547e-09
4.6178e-09
4.5811e-09
4.5448e-09
4.5087e-09
4.4729e-09
4.4374e-09
4.4021e-09
4.3671e-09
4.3323e-09
4.2978e-09
4.2636e-09
4.2296e-09
4.1959e-09
4.1625e-09
4.1293e-09
4.0963e-09
4.0636e-09
4.0312e-09
3.9989e-09
3.967e-09
3.9353e-09
3.9038e-09
3.8725e-09
3.8415e-09
3.8107e-09
3.7802e-09
3.7499e-09
3.7198e-09
3.69e-09
3.6603e-09
3.6309e-09
3.6018e-09
3.5728e-09
3.5441e-09
3.5156e-09
3.4873e-09
3.4592e-09
3.4313e-09
3.4037e-09
3.3763e-09
3.349e-09
3.322e-09
3.2952e-09
3.2686e-09
3.2422e-09
3.216e-09
3.19e-09
3.1642e-09
3.1386e-09
3.1131e-09
3.0879e-09
3.0629e-09
3.0381e-09
3.0135e-09
2.989e-09
2.9647e-09
2.9407e-09
2.9168e-09
2.8931e-09
2.8696e-09
2.8462e-09
2.8231e-09
2.8001e-09
2.7773e-09
2.7547e-09
2.7322e-09
2.7099e-09
2.6878e-09
2.6659e-09
2.6441e-09
2.6225e-09
2.6011e-09
2.5799e-09
2.5588e-09
2.5378e-09
2.5171e-09
2.4965e-09
2.476e-09
2.4557e-09
2.4356e-09
2.4156e-09
2.3958e-09
2.3761e-09
2.3566e-09
2.3373e-09
2.3181e-09
2.299e-09
2.2801e-09
2.2613e-09
2.2427e-09
2.2242e-09
2.2059e-09
2.1877e-09
2.1697e-09
2.1518e-09
2.1341e-09
2.1164e-09
2.099e-09
2.0816e-09
2.0644e-09
2.0473e-09
2.0304e-09
2.0136e-09
1.9969e-09
1.9804e-09
1.964e-09
1.9477e-09
1.9316e-09
1.9155e-09
1.8996e-09
1.8839e-09
1.8682e-09
1.8527e-09
1.8373e-09
1.822e-09
1.8069e-09
1.7918e-09
1.7769e-09
1.7621e-09
1.7474e-09
1.7329e-09
1.7184e-09
1.7041e-09
1.6898e-09
1.6757e-09
1.6617e-09
1.6478e-09
1.6341e-09
1.6204e-09
1.6068e-09
1.5934e-09
1.5801e-09
1.5668e-09
1.5537e-09
1.5407e-09
1.5277e-09
1.5149e-09
1.5022e-09
1.4896e-09
1.4771e-09
1.4647e-09
1.4523e-09
1.4401e-09
1.428e-09
1.416e-09
1.4041e-09
1.3922e-09
1.3805e-09
1.3689e-09
1.3573e-09
1.3459e-09
1.3345e-09
1.3232e-09
1.3121e-09
1.301e-09
1.29e-09
1.2791e-09
1.2682e-09
1.2575e-09
1.2468e-09
1.2363e-09
1.2258e-09
1.2154e-09
1.2051e-09
1.1949e-09
1.1847e-09
1.1747e-09
1.1647e-09
1.1548e-09
1.145e-09
1.1352e-09
1.1256e-09
1.116e-09
1.1065e-09
1.0971e-09
1.0877e-09
1.0784e-09
1.0692e-09
1.0601e-09
1.0511e-09
1.0421e-09
1.0332e-09
1.0244e-09
1.0156e-09
1.0069e-09
9.983e-10
9.8976e-10
9.8128e-10
9.7287e-10
9.6454e-10
9.5627e-10
9.4806e-10
9.3993e-10
9.3186e-10
9.2386e-10
9.1592e-10
9.0805e-10
9.0024e-10
8.925e-10
8.8482e-10
8.7721e-10
8.6965e-10
8.6216e-10
8.5473e-10
8.4736e-10
8.4005e-10
8.3281e-10
8.2562e-10
8.1849e-10
8.1142e-10
8.0441e-10
7.9745e-10
7.9056e-10
7.8372e-10
7.7693e-10
7.7021e-10
7.6354e-10
7.5692e-10
7.5036e-10
7.4385e-10
7.374e-10
7.31e-10
7.2465e-10
7.1836e-10
7.1212e-10
7.0593e-10
6.9979e-10
6.937e-10
6.8766e-10
6.8168e-10
6.7574e-10
6.6985e-10
6.6401e-10
6.5822e-10
6.5248e-10
6.4679e-10
6.4114e-10
6.3554e-10
6.2999e-10
6.2448e-10
6.1903e-10
6.1361e-10
6.0824e-10
6.0292e-10
5.9764e-10
5.924e-10
5.8721e-10
5.8206e-10
5.7696e-10
5.719e-10
5.6688e-10
5.619e-10
5.5696e-10
5.5207e-10
5.4722e-10
5.424e-10
5.3763e-10
5.329e-10
5.2821e-10
5.2356e-10
5.1894e-10
5.1437e-10
5.0983e-10
5.0534e-10
5.0088e-10
4.9646e-10
4.9207e-10
4.8772e-10
4.8341e-10
4.7914e-10
4.749e-10
4.707e-10
4.6653e-10
4.624e-10
4.5831e-10
4.5425e-10
4.5022e-10
4.4623e-10
4.4227e-10
4.3834e-10
4.3445e-10
4.3059e-10
4.2676e-10
4.2297e-10
4.1921e-10
4.1548e-10
4.1178e-10
4.0812e-10
4.0448e-10
4.0088e-10
3.9731e-10
3.9376e-10
3.9025e-10
3.8677e-10
3.8332e-10
3.7989e-10
3.765e-10
3.7314e-10
3.698e-10
3.6649e-10
3.6322e-10
3.5996e-10
3.5674e-10
3.5355e-10
3.5038e-10
3.4724e-10
3.4412e-10
3.4104e-10
3.3798e-10
3.3494e-10
3.3194e-10
3.2895e-10
3.26e-10
3.2307e-10
3.2016e-10
3.1728e-10
3.1442e-10
3.1159e-10
3.0879e-10
3.06e-10
3.0325e-10
3.0051e-10
2.978e-10
2.9511e-10
2.9245e-10
2.8981e-10
2.8719e-10
2.8459e-10
2.8202e-10
2.7947e-10
2.7694e-10
2.7443e-10
2.7195e-10
2.6949e-10
2.6704e-10
2.6462e-10
2.6222e-10
2.5984e-10
2.5749e-10
2.5515e-10
2.5283e-10
2.5053e-10
2.4826e-10
2.46e-10
2.4376e-10
2.4155e-10
2.3935e-10
2.3717e-10
2.3501e-10
2.3287e-10
2.3074e-10
2.2864e-10
2.2655e-10
2.2448e-10
2.2244e-10
2.204e-10
2.1839e-10
2.1639e-10
2.1442e-10
2.1245e-10
2.1051e-10
2.0858e-10
2.0667e-10
2.0478e-10
2.029e-10
2.0104e-10
1.992e-10
1.9737e-10
1.9556e-10
1.9377e-10
1.9199e-10
1.9022e-10
1.8848e-10
1.8674e-10
1.8503e-10
1.8332e-10
1.8164e-10
1.7996e-10
1.7831e-10
1.7666e-10
1.7503e-10
1.7342e-10
1.7182e-10
1.7024e-10
1.6866e-10
1.6711e-10
1.6556e-10
1.6403e-10
1.6252e-10
1.6101e-10
1.5952e-10
1.5805e-10
1.5658e-10
1.5513e-10
1.537e-10
1.5227e-10
1.5086e-10
1.4946e-10
1.4807e-10
1.467e-10
1.4534e-10
1.4399e-10
1.4265e-10
1.4132e-10
1.4001e-10
1.3871e-10
1.3742e-10
1.3614e-10
1.3487e-10
1.3361e-10
1.3237e-10
1.3113e-10
1.2991e-10
1.287e-10
1.275e-10
1.2631e-10
1.2513e-10
1.2396e-10
1.228e-10
1.2165e-10
1.2051e-10
1.1939e-10
1.1827e-10
1.1716e-10
1.1606e-10
1.1498e-10
1.139e-10
1.1283e-10
1.1177e-10
1.1072e-10
1.0969e-10
1.0866e-10
1.0763e-10
1.0662e-10
1.0562e-10
1.0463e-10
1.0364e-10
1.0267e-10
1.017e-10
1.0074e-10
9.9795e-11
9.8854e-11
9.7922e-11
9.6999e-11
9.6084e-11
9.5177e-11
9.4278e-11
9.3388e-11
9.2506e-11
9.1631e-11
9.0765e-11
8.9907e-11
8.9056e-11
8.8213e-11
8.7378e-11
8.655e-11
8.573e-11
8.4918e-11
8.4112e-11
8.3315e-11
8.2524e-11
8.1741e-11
8.0965e-11
8.0196e-11
7.9434e-11
7.8679e-11
7.793e-11
7.7189e-11
7.6455e-11
7.5727e-11
7.5006e-11
7.4291e-11
7.3583e-11
7.2882e-11
7.2187e-11
7.1498e-11
7.0816e-11
7.014e-11
6.947e-11
6.8807e-11
6.8149e-11
6.7498e-11
6.6852e-11
6.6213e-11
6.5579e-11
6.4951e-11
6.4329e-11
6.3713e-11
6.3102e-11
6.2497e-11
6.1898e-11
6.1304e-11
6.0716e-11
6.0133e-11
5.9556e-11
5.8983e-11
5.8417e-11
5.7855e-11
5.7299e-11
5.6747e-11
5.6201e-11
5.566e-11
5.5124e-11
5.4593e-11
5.4067e-11
5.3546e-11
5.3029e-11
5.2518e-11
5.2011e-11
5.1509e-11
5.1011e-11
5.0518e-11
5.003e-11
4.9547e-11
4.9067e-11
4.8593e-11
4.8122e-11
4.7656e-11
4.7195e-11
4.6738e-11
4.6285e-11
4.5836e-11
4.5391e-11
4.4951e-11
4.4515e-11
4.4083e-11
4.3655e-11
4.323e-11
4.281e-11
4.2394e-11
4.1982e-11
4.1573e-11
4.1169e-11
4.0768e-11
4.0371e-11
3.9978e-11
3.9588e-11
3.9202e-11
3.882e-11
3.8441e-11
3.8066e-11
3.7694e-11
3.7326e-11
3.6961e-11
3.66e-11
3.6242e-11
3.5888e-11
3.5537e-11
3.5189e-11
3.4845e-11
3.4503e-11
3.4165e-11
3.3831e-11
3.3499e-11
3.317e-11
3.2845e-11
3.2523e-11
3.2203e-11
3.1887e-11
3.1574e-11
3.1264e-11
3.0956e-11
3.0652e-11
3.035e-11
3.0052e-11
2.9756e-11
2.9463e-11
2.9173e-11
2.8885e-11
2.86e-11
2.8318e-11
2.8039e-11
2.7762e-11
2.7488e-11
2.7217e-11
2.6948e-11
2.6682e-11
2.6418e-11
2.6157e-11
2.5898e-11
2.5642e-11
2.5388e-11
2.5137e-11
2.4888e-11
2.4641e-11
2.4397e-11
2.4155e-11
2.3915e-11
2.3678e-11
2.3443e-11
2.321e-11
2.298e-11
2.2751e-11
2.2525e-11
2.2301e-11
2.208e-11
2.186e-11
2.1642e-11
2.1427e-11
2.1214e-11
2.1002e-11
2.0793e-11
2.0586e-11
2.038e-11
2.0177e-11
1.9976e-11
1.9776e-11
1.9579e-11
1.9383e-11
1.9189e-11
1.8998e-11
1.8808e-11
1.862e-11
1.8433e-11
1.8249e-11
1.8066e-11
1.7885e-11
1.7706e-11
1.7528e-11
1.7353e-11
1.7179e-11
1.7006e-11
1.6836e-11
1.6666e-11
1.6499e-11
1.6333e-11
1.6169e-11
1.6007e-11
1.5846e-11
1.5686e-11
1.5528e-11
1.5372e-11
1.5217e-11
1.5064e-11
1.4912e-11
1.4762e-11
1.4613e-11
1.4466e-11
1.432e-11
1.4175e-11
1.4032e-11
1.389e-11
1.375e-11
1.3611e-11
1.3473e-11
1.3337e-11
1.3202e-11
1.3068e-11
1.2936e-11
1.2805e-11
1.2675e-11
1.2547e-11
1.242e-11
1.2294e-11
1.2169e-11
1.2045e-11
1.1923e-11
1.1802e-11
1.1682e-11
1.1563e-11
1.1446e-11
1.1329e-11
1.1214e-11
1.11e-11
1.0987e-11
1.0875e-11
1.0765e-11
1.0655e-11
1.0546e-11
1.0439e-11
1.0332e-11
1.0227e-11
1.0122e-11
1.0019e-11
9.9168e-12
9.8155e-12
9.7151e-12
9.6158e-12
9.5175e-12
9.4201e-12
9.3237e-12
9.2283e-12
9.1338e-12
9.0402e-12
8.9476e-12
8.8559e-12
8.7651e-12
8.6752e-12
8.5862e-12
8.498e-12
8.4108e-12
8.3244e-12
8.2389e-12
8.1542e-12
8.0704e-12
7.9874e-12
7.9052e-12
7.8239e-12
7.7433e-12
7.6636e-12
7.5847e-12
7.5065e-12
7.4291e-12
7.3525e-12
7.2767e-12
7.2016e-12
7.1273e-12
7.0537e-12
6.9809e-12
6.9087e-12
6.8373e-12
6.7666e-12
6.6967e-12
6.6274e-12
6.5588e-12
6.4909e-12
6.4237e-12
6.3572e-12
6.2913e-12
6.2261e-12
6.1615e-12
6.0976e-12
6.0344e-12
5.9717e-12
5.9097e-12
5.8484e-12
5.7876e-12
5.7275e-12
5.6679e-12
5.609e-12
5.5506e-12
5.4929e-12
5.4357e-12
5.3791e-12
5.3231e-12
5.2676e-12
5.2127e-12
5.1584e-12
5.1046e-12
5.0513e-12
4.9986e-12
4.9464e-12
4.8947e-12
4.8436e-12
4.793e-12
4.7429e-12
4.6933e-12
4.6442e-12
4.5956e-12
4.5475e-12
4.4999e-12
4.4528e-12
4.4061e-12
4.36e-12
4.3142e-12
4.269e-12
4.2242e-12
4.1799e-12
4.136e-12
4.0926e-12
4.0496e-12
4.007e-12
3.9649e-12
3.9232e-12
3.882e-12
3.8411e-12
3.8007e-12
3.7607e-12
3.7211e-12
3.6819e-12
3.6431e-12
3.6047e-12
3.5667e-12
3.5291e-12
3.4918e-12
3.455e-12
3.4185e-12
3.3824e-12
3.3467e-12
3.3113e-12
3.2763e-12
3.2416e-12
3.2074e-12
3.1734e-12
3.1398e-12
3.1066e-12
3.0737e-12
3.0411e-12
3.0089e-12
2.977e-12
2.9454e-12
2.9142e-12
2.8832e-12
2.8526e-12
2.8223e-12
2.7924e-12
2.7627e-12
2.7333e-12
2.7043e-12
2.6755e-12
2.647e-12
2.6189e-12
2.591e-12
2.5634e-12
2.5361e-12
2.5091e-12
2.4823e-12
2.4558e-12
2.4297e-12
2.4037e-12
2.3781e-12
2.3527e-12
2.3276e-12
2.3027e-12
2.2781e-12
2.2537e-12
2.2296e-12
2.2058e-12
2.1822e-12
2.1588e-12
2.1357e-12
2.1128e-12
2.0902e-12
2.0678e-12
2.0456e-12
2.0237e-12
2.002e-12
1.9805e-12
1.9592e-12
1.9382e-12
1.9174e-12
1.8968e-12
1.8764e-12
1.8562e-12
1.8363e-12
1.8165e-12
1.797e-12
1.7776e-12
1.7585e-12
1.7395e-12
1.7208e-12
1.7023e-12
1.6839e-12
1.6657e-12
1.6478e-12
1.63e-12
1.6124e-12
1.595e-12
1.5778e-12
1.5607e-12
1.5438e-12
1.5272e-12
1.5106e-12
1.4943e-12
1.4781e-12
1.4621e-12
1.4463e-12
1.4306e-12
1.4151e-12
1.3998e-12
1.3846e-12
1.3696e-12
1.3547e-12
1.34e-12
1.3255e-12
1.3111e-12
1.2968e-12
1.2828e-12
1.2688e-12
1.255e-12
1.2414e-12
1.2279e-12
1.2145e-12
1.2013e-12
1.1882e-12
1.1753e-12
1.1625e-12
1.1498e-12
1.1372e-12
1.1248e-12
1.1126e-12
1.1004e-12
1.0884e-12
1.0765e-12
1.0648e-12
1.0531e-12
1.0416e-12
1.0302e-12
1.019e-12
1.0078e-12
9.9679e-13
9.8588e-13
9.7509e-13
9.6441e-13
9.5384e-13
9.4338e-13
9.3304e-13
9.2281e-13
9.1268e-13
9.0267e-13
8.9276e-13
8.8296e-13
8.7326e-13
8.6366e-13
8.5417e-13
8.4478e-13
8.3549e-13
8.263e-13
8.1721e-13
8.0821e-13
7.9931e-13
7.9051e-13
7.818e-13
7.7318e-13
7.6466e-13
7.5622e-13
7.4788e-13
7.3963e-13
7.3146e-13
7.2339e-13
7.154e-13
7.0749e-13
6.9968e-13
6.9194e-13
6.8429e-13
6.7672e-13
6.6923e-13
6.6182e-13
6.545e-13
6.4725e-13
6.4008e-13
6.3298e-13
6.2597e-13
6.1903e-13
6.1216e-13
6.0537e-13
5.9865e-13
5.92e-13
5.8543e-13
5.7892e-13
5.7249e-13
5.6613e-13
5.5983e-13
5.536e-13
5.4744e-13
5.4135e-13
5.3532e-13
5.2936e-13
5.2347e-13
5.1763e-13
5.1186e-13
5.0616e-13
5.0051e-13
4.9493e-13
4.894e-13
4.8394e-13
4.7854e-13
4.7319e-13
4.679e-13
4.6267e-13
4.575e-13
4.5239e-13
4.4732e-13
4.4232e-13
4.3737e-13
4.3247e-13
4.2763e-13
4.2284e-13
4.181e-13
4.1341e-13
4.0877e-13
4.0419e-13
3.9965e-13
3.9517e-13
3.9073e-13
3.8634e-13
3.82e-13
3.7771e-13
3.7346e-13
3.6926e-13
3.6511e-13
3.61e-13
3.5694e-13
3.5292e-13
3.4895e-13
3.4502e-13
3.4113e-13
3.3728e-13
3.3348e-13
3.2972e-13
3.26e-13
3.2232e-13
3.1868e-13
3.1508e-13
3.1153e-13
3.0801e-13
3.0452e-13
3.0108e-13
2.9768e-13
2.9431e-13
2.9098e-13
2.8769e-13
2.8443e-13
2.8121e-13
2.7802e-13
2.7487e-13
2.7175e-13
2.6867e-13
2.6563e-13
2.6261e-13
2.5963e-13
2.5668e-13
2.5377e-13
2.5089e-13
2.4804e-13
2.4522e-13
2.4243e-13
2.3967e-13
2.3695e-13
2.3425e-13
2.3158e-13
2.2895e-13
2.2634e-13
2.2376e-13
2.2121e-13
2.1869e-13
2.1619e-13
2.1373e-13
2.1129e-13
2.0888e-13
2.0649e-13
2.0413e-13
2.018e-13
1.995e-13
1.9722e-13
1.9496e-13
1.9273e-13
1.9053e-13
1.8835e-13
1.8619e-13
1.8406e-13
1.8195e-13
1.7987e-13
1.778e-13
1.7577e-13
1.7375e-13
1.7176e-13
1.6979e-13
1.6784e-13
1.6591e-13
1.6401e-13
1.6212e-13
1.6026e-13
1.5842e-13
1.5659e-13
1.5479e-13
1.5301e-13
1.5125e-13
1.4951e-13
1.4779e-13
1.4609e-13
1.444e-13
1.4274e-13
1.4109e-13
1.3947e-13
1.3786e-13
1.3627e-13
1.3469e-13
1.3314e-13
1.316e-13
1.3008e-13
1.2858e-13
1.2709e-13
1.2562e-13
1.2417e-13
1.2273e-13
1.2131e-13
1.1991e-13
1.1852e-13
1.1715e-13
1.1579e-13
1.1445e-13
1.1312e-13
1.1181e-13
1.1051e-13
1.0923e-13
1.0796e-13
1.0671e-13
1.0547e-13
1.0425e-13
1.0303e-13
1.0184e-13
1.0065e-13
9.9482e-14
9.8325e-14
9.7181e-14
9.6049e-14
9.4931e-14
9.3826e-14
9.2732e-14
9.1652e-14
9.0583e-14
8.9527e-14
8.8483e-14
8.7451e-14
8.643e-14
8.5421e-14
8.4424e-14
8.3438e-14
8.2463e-14
8.1499e-14
8.0546e-14
7.9604e-14
7.8673e-14
7.7753e-14
7.6843e-14
7.5943e-14
7.5054e-14
7.4174e-14
7.3305e-14
7.2446e-14
7.1597e-14
7.0757e-14
6.9927e-14
6.9106e-14
6.8295e-14
6.7493e-14
6.6701e-14
6.5917e-14
6.5143e-14
6.4377e-14
6.362e-14
6.2872e-14
6.2132e-14
6.1401e-14
6.0678e-14
5.9963e-14
5.9257e-14
5.8559e-14
5.7869e-14
5.7187e-14
5.6512e-14
5.5846e-14
5.5187e-14
5.4536e-14
5.3892e-14
5.3255e-14
5.2626e-14
5.2004e-14
5.139e-14
5.0782e-14
5.0182e-14
4.9588e-14
4.9001e-14
4.8421e-14
4.7848e-14
4.7282e-14
4.6721e-14
4.6168e-14
4.5621e-14
4.508e-14
4.4545e-14
4.4017e-14
4.3494e-14
4.2978e-14
4.2468e-14
4.1963e-14
4.1465e-14
4.0972e-14
4.0485e-14
4.0004e-14
3.9528e-14
3.9058e-14
3.8593e-14
3.8134e-14
3.768e-14
3.7231e-14
3.6787e-14
3.6349e-14
3.5916e-14
3.5487e-14
3.5064e-14
3.4646e-14
3.4232e-14
3.3824e-14
3.342e-14
3.3021e-14
3.2626e-14
3.2236e-14
3.1851e-14
3.147e-14
3.1094e-14
3.0722e-14
3.0354e-14
2.9991e-14
2.9631e-14
2.9277e-14
2.8926e-14
2.8579e-14
2.8237e-14
2.7898e-14
2.7563e-14
2.7233e-14
2.6906e-14
2.6583e-14
2.6264e-14
2.5948e-14
2.5636e-14
2.5328e-14
2.5024e-14
2.4723e-14
2.4425e-14
2.4132e-14
2.3841e-14
2.3554e-14
2.3271e-14
2.299e-14
2.2713e-14
2.2439e-14
2.2169e-14
2.1902e-14
2.1637e-14
2.1376e-14
2.1118e-14
2.0863e-14
2.0611e-14
2.0363e-14
2.0117e-14
1.9873e-14
1.9633e-14
1.9396e-14
1.9161e-14
1.8929e-14
1.87e-14
1.8474e-14
1.825e-14
1.8029e-14
1.7811e-14
1.7595e-14
1.7381e-14
1.7171e-14
1.6962e-14
1.6757e-14
1.6553e-14
1.6352e-14
1.6154e-14
1.5957e-14
1.5764e-14
1.5572e-14
1.5383e-14
1.5196e-14
1.5011e-14
1.4828e-14
1.4648e-14
1.4469e-14
1.4293e-14
1.4119e-14
1.3947e-14
1.3777e-14
1.3609e-14
1.3443e-14
1.3279e-14
1.3117e-14
1.2957e-14
1.2799e-14
1.2643e-14
1.2488e-14
1.2336e-14
1.2185e-14
1.2036e-14
1.1889e-14
1.1743e-14
1.16e-14
1.1458e-14
1.1318e-14
1.1179e-14
1.1042e-14
1.0907e-14
1.0773e-14
1.0641e-14
1.0511e-14
1.0382e-14
1.0254e-14
1.0128e-14
1.0004e-14
9.8813e-15
9.7599e-15
9.64e-15
9.5216e-15
9.4045e-15
9.2889e-15
9.1747e-15
9.0618e-15
8.9503e-15
8.8401e-15
8.7313e-15
8.6238e-15
8.5175e-15
8.4126e-15
8.3089e-15
8.2064e-15
8.1052e-15
8.0052e-15
7.9065e-15
7.8089e-15
7.7125e-15
7.6172e-15
7.5231e-15
7.4302e-15
7.3384e-15
7.2476e-15
7.158e-15
7.0695e-15
6.982e-15
6.8956e-15
6.8102e-15
6.7259e-15
6.6426e-15
6.5603e-15
6.479e-15
6.3987e-15
6.3193e-15
6.2409e-15
6.1635e-15
6.087e-15
6.0115e-15
5.9368e-15
5.8631e-15
5.7902e-15
5.7183e-15
5.6472e-15
5.577e-15
5.5076e-15
5.4391e-15
5.3714e-15
5.3046e-15
5.2385e-15
5.1733e-15
5.1088e-15
5.0452e-15
4.9823e-15
4.9202e-15
4.8588e-15
4.7982e-15
4.7383e-15
4.6792e-15
4.6208e-15
4.5631e-15
4.5061e-15
4.4498e-15
4.3942e-15
4.3392e-15
4.285e-15
4.2314e-15
4.1784e-15
4.1262e-15
4.0745e-15
4.0235e-15
3.9731e-15
3.9233e-15
3.8742e-15
3.8256e-15
3.7776e-15
3.7302e-15
3.6835e-15
3.6372e-15
3.5916e-15
3.5465e-15
3.5019e-15
3.458e-15
3.4145e-15
3.3716e-15
3.3292e-15
3.2873e-15
3.246e-15
3.2051e-15
3.1648e-15
3.125e-15
3.0856e-15
3.0467e-15
3.0084e-15
2.9704e-15
2.933e-15
2.896e-15
2.8595e-15
2.8234e-15
2.7878e-15
2.7526e-15
2.7178e-15
2.6835e-15
2.6496e-15
2.6161e-15
2.5831e-15
2.5504e-15
2.5182e-15
2.4863e-15
2.4548e-15
2.4238e-15
2.3931e-15
2.3628e-15
2.3329e-15
2.3033e-15
2.2741e-15
2.2453e-15
2.2168e-15
2.1887e-15
2.1609e-15
2.1335e-15
2.1064e-15
2.0797e-15
2.0533e-15
2.0272e-15
2.0014e-15
1.976e-15
1.9509e-15
1.9261e-15
1.9016e-15
1.8774e-15
1.8535e-15
1.8299e-15
1.8066e-15
1.7836e-15
1.7608e-15
1.7384e-15
1.7162e-15
1.6943e-15
1.6727e-15
1.6514e-15
1.6303e-15
1.6095e-15
1.589e-15
1.5687e-15
1.5486e-15
1.5288e-15
1.5093e-15
1.49e-15
1.471e-15
1.4521e-15
1.4336e-15
1.4152e-15
1.3971e-15
1.3792e-15
1.3615e-15
1.3441e-15
1.3269e-15
1.3099e-15
1.2931e-15
1.2765e-15
1.2601e-15
1.2439e-15
1.228e-15
1.2122e-15
1.1966e-15
1.1813e-15
1.1661e-15
1.1511e-15
1.1363e-15
1.1217e-15
1.1073e-15
1.093e-15
1.079e-15
1.0651e-15
1.0513e-15
1.0378e-15
1.0244e-15
1.0112e-15
9.982e-16
9.8533e-16
9.7263e-16
9.6008e-16
9.4769e-16
9.3546e-16
9.2339e-16
9.1146e-16
8.9969e-16
8.8807e-16
8.7659e-16
8.6526e-16
8.5407e-16
8.4302e-16
8.3212e-16
8.2135e-16
8.1072e-16
8.0022e-16
7.8986e-16
7.7963e-16
7.6953e-16
7.5955e-16
7.4971e-16
7.3999e-16
7.3039e-16
7.2091e-16
7.1156e-16
7.0232e-16
6.932e-16
6.842e-16
6.7531e-16
6.6654e-16
6.5787e-16
6.4932e-16
6.4088e-16
6.3254e-16
6.2431e-16
6.1619e-16
6.0816e-16
6.0025e-16
5.9243e-16
5.8471e-16
5.7709e-16
5.6957e-16
5.6214e-16
5.5481e-16
5.4757e-16
5.4043e-16
5.3338e-16
5.2641e-16
5.1954e-16
5.1275e-16
5.0605e-16
4.9944e-16
4.9291e-16
4.8647e-16
4.8011e-16
4.7383e-16
4.6763e-16
4.615e-16
4.5546e-16
4.495e-16
4.4361e-16
4.378e-16
4.3206e-16
4.264e-16
4.2081e-16
4.1529e-16
4.0984e-16
4.0446e-16
3.9915e-16
3.9391e-16
3.8874e-16
3.8363e-16
3.7859e-16
3.7362e-16
3.687e-16
3.6386e-16
3.5907e-16
3.5435e-16
3.4968e-16
3.4508e-16
3.4054e-16
3.3605e-16
3.3163e-16
3.2726e-16
3.2294e-16
3.1869e-16
3.1448e-16
3.1034e-16
3.0624e-16
3.022e-16
2.9821e-16
2.9427e-16
2.9039e-16
2.8655e-16
2.8277e-16
2.7903e-16
2.7534e-16
2.717e-16
2.6811e-16
2.6456e-16
2.6106e-16
2.576e-16
2.5419e-16
2.5082e-16
2.475e-16
2.4422e-16
2.4099e-16
2.3779e-16
2.3464e-16
2.3153e-16
2.2845e-16
2.2542e-16
2.2243e-16
2.1948e-16
2.1656e-16
2.1368e-16
2.1085e-16
2.0804e-16
2.0528e-16
2.0255e-16
1.9985e-16
1.9719e-16
1.9457e-16
1.9198e-16
1.8942e-16
1.869e-16
1.8441e-16
1.8195e-16
1.7953e-16
1.7714e-16
1.7477e-16
1.7244e-16
1.7014e-16
1.6787e-16
1.6563e-16
1.6342e-16
1.6124e-16
1.5908e-16
1.5696e-16
1.5486e-16
1.5279e-16
1.5075e-16
1.4873e-16
1.4674e-16
1.4478e-16
1.4284e-16
1.4093e-16
1.3904e-16
1.3718e-16
1.3534e-16
1.3352e-16
1.3173e-16
1.2997e-16
1.2823e-16
1.265e-16
1.2481e-16
1.2313e-16
1.2148e-16
1.1985e-16
1.1824e-16
1.1665e-16
1.1508e-16
1.1353e-16
1.1201e-16
1.105e-16
1.0901e-16
1.0755e-16
1.061e-16
1.0467e-16
1.0326e-16
1.0187e-16
1.005e-16
9.9145e-17
9.7808e-17
9.6489e-17
9.5188e-17
9.3904e-17
9.2637e-17
9.1387e-17
9.0153e-17
8.8936e-17
8.7734e-17
8.6549e-17
8.538e-17
8.4225e-17
8.3087e-17
8.1963e-17
8.0854e-17
7.976e-17
7.8681e-17
7.7616e-17
7.6565e-17
7.5528e-17
7.4505e-17
7.3495e-17
7.2499e-17
7.1516e-17
7.0546e-17
6.9589e-17
6.8645e-17
6.7714e-17
6.6794e-17
6.5888e-17
6.4993e-17
6.411e-17
6.3239e-17
6.2379e-17
6.1531e-17
6.0695e-17
5.9869e-17
5.9055e-17
5.8251e-17
5.7458e-17
5.6676e-17
5.5904e-17
5.5142e-17
5.4391e-17
5.365e-17
5.2919e-17
5.2197e-17
5.1485e-17
5.0783e-17
5.009e-17
4.9406e-17
4.8732e-17
4.8066e-17
4.741e-17
4.6762e-17
4.6123e-17
4.5493e-17
4.4871e-17
4.4257e-17
4.3652e-17
4.3054e-17
4.2465e-17
4.1884e-17
4.131e-17
4.0745e-17
4.0186e-17
3.9636e-17
3.9093e-17
3.8557e-17
3.8028e-17
3.7506e-17
3.6992e-17
3.6484e-17
3.5983e-17
3.5489e-17
3.5002e-17
3.4521e-17
3.4047e-17
3.3579e-17
3.3117e-17
3.2662e-17
3.2213e-17
3.177e-17
3.1333e-17
3.0901e-17
3.0476e-17
3.0056e-17
2.9642e-17
2.9234e-17
2.8831e-17
2.8434e-17
2.8042e-17
2.7655e-17
2.7274e-17
2.6897e-17
2.6526e-17
2.616e-17
2.5799e-17
2.5443e-17
2.5091e-17
2.4744e-17
2.4402e-17
2.4065e-17
2.3732e-17
2.3404e-17
2.308e-17
2.2761e-17
2.2446e-17
2.2135e-17
2.1829e-17
2.1526e-17
2.1228e-17
2.0934e-17
2.0644e-17
2.0358e-17
2.0075e-17
1.9797e-17
1.9522e-17
1.9251e-17
1.8984e-17
1.872e-17
1.846e-17
1.8204e-17
1.7951e-17
1.7702e-17
1.7455e-17
1.7213e-17
1.6973e-17
1.6737e-17
1.6504e-17
1.6275e-17
1.6048e-17
1.5825e-17
1.5604e-17
1.5387e-17
1.5172e-17
1.4961e-17
1.4752e-17
1.4547e-17
1.4344e-17
1.4144e-17
1.3946e-17
1.3752e-17
1.356e-17
1.337e-17
1.3183e-17
1.2999e-17
1.2818e-17
1.2638e-17
1.2462e-17
1.2287e-17
1.2115e-17
1.1946e-17
1.1779e-17
1.1614e-17
1.1451e-17
1.1291e-17
1.1133e-17
1.0977e-17
1.0823e-17
1.0671e-17
1.0521e-17
1.0374e-17
1.0228e-17
1.0085e-17
9.9433e-18
9.8037e-18
9.666e-18
9.5302e-18
9.3963e-18
9.2643e-18
9.1341e-18
9.0056e-18
8.879e-18
8.7541e-18
8.6309e-18
8.5095e-18
8.3897e-18
8.2716e-18
8.1551e-18
8.0402e-18
7.9269e-18
7.8152e-18
7.705e-18
7.5964e-18
7.4892e-18
7.3836e-18
7.2794e-18
7.1767e-18
7.0754e-18
6.9754e-18
6.8769e-18
6.7798e-18
6.684e-18
6.5895e-18
6.4963e-18
6.4045e-18
6.3139e-18
6.2246e-18
6.1365e-18
6.0496e-18
5.964e-18
5.8795e-18
5.7962e-18
5.7141e-18
5.6332e-18
5.5533e-18
5.4746e-18
5.3969e-18
5.3204e-18
5.2449e-18
5.1705e-18
5.0971e-18
5.0247e-18
4.9534e-18
4.883e-18
4.8136e-18
4.7452e-18
4.6778e-18
4.6112e-18
4.5457e-18
4.481e-18
4.4172e-18
4.3544e-18
4.2924e-18
4.2313e-18
4.171e-18
4.1116e-18
4.053e-18
3.9953e-18
3.9383e-18
3.8821e-18
3.8268e-18
3.7722e-18
3.7184e-18
3.6653e-18
3.613e-18
3.5614e-18
3.5105e-18
3.4604e-18
3.4109e-18
3.3622e-18
3.3141e-18
3.2667e-18
3.22e-18
3.1739e-18
3.1285e-18
3.0837e-18
3.0396e-18
2.9961e-18
2.9532e-18
2.9109e-18
2.8691e-18
2.828e-18
2.7875e-18
2.7475e-18
2.7081e-18
2.6692e-18
2.6309e-18
2.5932e-18
2.556e-18
2.5193e-18
2.4831e-18
2.4474e-18
2.4122e-18
2.3776e-18
2.3434e-18
2.3097e-18
2.2765e-18
2.2437e-18
2.2114e-18
2.1796e-18
2.1482e-18
2.1173e-18
2.0868e-18
2.0567e-18
2.0271e-18
1.9979e-18
1.9691e-18
1.9407e-18
1.9127e-18
1.8851e-18
1.8579e-18
1.8311e-18
1.8046e-18
1.7786e-18
1.7529e-18
1.7275e-18
1.7026e-18
1.678e-18
1.6537e-18
1.6298e-18
1.6062e-18
1.583e-18
1.5601e-18
1.5375e-18
1.5152e-18
1.4933e-18
1.4717e-18
1.4503e-18
1.4293e-18
1.4086e-18
1.3882e-18
1.3681e-18
1.3482e-18
1.3287e-18
1.3094e-18
1.2904e-18
1.2716e-18
1.2532e-18
1.235e-18
1.217e-18
1.1993e-18
1.1819e-18
1.1647e-18
1.1478e-18
1.1311e-18
1.1146e-18
1.0984e-18
1.0824e-18
1.0667e-18
1.0511e-18
1.0358e-18
1.0207e-18
1.0059e-18
9.912e-19
9.7675e-19
9.6251e-19
9.4847e-19
9.3464e-19
9.21e-19
9.0755e-19
8.9431e-19
8.8125e-19
8.6837e-19
8.5569e-19
8.4319e-19
8.3086e-19
8.1871e-19
8.0674e-19
7.9494e-19
7.8331e-19
7.7185e-19
7.6056e-19
7.4942e-19
7.3845e-19
7.2763e-19
7.1697e-19
7.0647e-19
6.9611e-19
6.8591e-19
6.7585e-19
6.6594e-19
6.5617e-19
6.4654e-19
6.3705e-19
6.277e-19
6.1848e-19
6.094e-19
6.0045e-19
5.9163e-19
5.8293e-19
5.7436e-19
5.6592e-19
5.5759e-19
5.4939e-19
5.4131e-19
5.3334e-19
5.2549e-19
5.1775e-19
5.1013e-19
5.0261e-19
4.9521e-19
4.8791e-19
4.8072e-19
4.7363e-19
4.6665e-19
4.5976e-19
4.5298e-19
4.463e-19
4.3971e-19
4.3322e-19
4.2682e-19
4.2051e-19
4.143e-19
4.0818e-19
4.0215e-19
3.962e-19
3.9034e-19
3.8457e-19
3.7888e-19
3.7327e-19
3.6775e-19
3.623e-19
3.5694e-19
3.5165e-19
3.4644e-19
3.4131e-19
3.3625e-19
3.3126e-19
3.2635e-19
3.2151e-19
3.1674e-19
3.1204e-19
3.0741e-19
3.0285e-19
2.9835e-19
2.9392e-19
2.8955e-19
2.8525e-19
2.8101e-19
2.7684e-19
2.7272e-19
2.6866e-19
2.6467e-19
2.6073e-19
2.5685e-19
2.5303e-19
2.4926e-19
2.4555e-19
2.4189e-19
2.3829e-19
2.3473e-19
2.3124e-19
2.2779e-19
2.2439e-19
2.2104e-19
2.1775e-19
2.145e-19
2.113e-19
2.0814e-19
2.0503e-19
2.0197e-19
1.9895e-19
1.9598e-19
1.9305e-19
1.9017e-19
1.8732e-19
1.8452e-19
1.8176e-19
1.7904e-19
1.7636e-19
1.7372e-19
1.7112e-19
1.6856e-19
1.6603e-19
1.6354e-19
1.6109e-19
1.5868e-19
1.563e-19
1.5396e-19
1.5165e-19
1.4937e-19
1.4713e-19
1.4492e-19
1.4275e-19
1.406e-19
1.3849e-19
1.3641e-19
1.3436e-19
1.3234e-19
1.3035e-19
1.2839e-19
1.2646e-19
1.2456e-19
1.2268e-19
1.2084e-19
1.1902e-19
1.1723e-19
1.1546e-19
1.1372e-19
1.1201e-19
1.1032e-19
1.0866e-19
1.0702e-19
1.054e-19
1.0381e-19
1.0225e-19
1.0071e-19
9.9185e-20
9.7688e-20
9.6213e-20
9.4759e-20
9.3328e-20
9.1918e-20
9.0528e-20
8.916e-20
8.7812e-20
8.6483e-20
8.5175e-20
8.3886e-20
8.2617e-20
8.1366e-20
8.0134e-20
7.8921e-20
7.7725e-20
7.6547e-20
7.5387e-20
7.4245e-20
7.3119e-20
7.201e-20
7.0918e-20
6.9842e-20
6.8782e-20
6.7738e-20
6.671e-20
6.5697e-20
6.4699e-20
6.3716e-20
6.2748e-20
6.1794e-20
6.0855e-20
5.9929e-20
5.9018e-20
5.812e-20
5.7236e-20
5.6365e-20
5.5507e-20
5.4662e-20
5.3829e-20
5.3009e-20
5.2202e-20
5.1406e-20
5.0623e-20
4.9851e-20
4.9091e-20
4.8342e-20
4.7605e-20
4.6878e-20
4.6163e-20
4.5458e-20
4.4764e-20
4.408e-20
4.3407e-20
4.2744e-20
4.209e-20
4.1447e-20
4.0813e-20
4.0189e-20
3.9574e-20
3.8969e-20
3.8373e-20
3.7785e-20
3.7207e-20
3.6637e-20
3.6076e-20
3.5523e-20
3.4979e-20
3.4443e-20
3.3915e-20
3.3395e-20
3.2883e-20
3.2378e-20
3.1881e-20
3.1392e-20
3.091e-20
3.0436e-20
2.9968e-20
2.9508e-20
2.9055e-20
2.8608e-20
2.8168e-20
2.7735e-20
2.7309e-20
2.6889e-20
2.6475e-20
2.6068e-20
2.5667e-20
2.5272e-20
2.4882e-20
2.4499e-20
2.4122e-20
2.375e-20
2.3384e-20
2.3024e-20
2.2669e-20
2.2319e-20
2.1975e-20
2.1636e-20
2.1302e-20
2.0973e-20
2.065e-20
2.0331e-20
2.0017e-20
1.9708e-20
1.9403e-20
1.9103e-20
1.8808e-20
1.8517e-20
1.8231e-20
1.7949e-20
1.7671e-20
1.7398e-20
1.7128e-20
1.6863e-20
1.6602e-20
1.6345e-20
1.6092e-20
1.5842e-20
1.5597e-20
1.5355e-20
1.5117e-20
1.4883e-20
1.4652e-20
1.4424e-20
1.4201e-20
1.398e-20
1.3763e-20
1.3549e-20
1.3339e-20
1.3132e-20
1.2928e-20
1.2727e-20
1.2529e-20
1.2334e-20
1.2142e-20
1.1953e-20
1.1767e-20
1.1584e-20
1.1404e-20
1.1226e-20
1.1052e-20
1.088e-20
1.071e-20
1.0543e-20
1.0379e-20
1.0217e-20
1.0058e-20
9.9009e-21
9.7464e-21
9.5944e-21
9.4446e-21
9.2972e-21
9.1521e-21
9.0092e-21
8.8685e-21
8.7299e-21
8.5935e-21
8.4592e-21
8.327e-21
8.1968e-21
8.0686e-21
7.9424e-21
7.8181e-21
7.6958e-21
7.5753e-21
7.4567e-21
7.3399e-21
7.225e-21
7.1118e-21
7.0004e-21
6.8906e-21
6.7826e-21
6.6763e-21
6.5716e-21
6.4685e-21
6.367e-21
6.2671e-21
6.1687e-21
6.0719e-21
5.9766e-21
5.8827e-21
5.7903e-21
5.6993e-21
5.6097e-21
5.5216e-21
5.4348e-21
5.3493e-21
5.2652e-21
5.1823e-21
5.1008e-21
5.0205e-21
4.9415e-21
4.8637e-21
4.7871e-21
4.7117e-21
4.6374e-21
4.5643e-21
4.4924e-21
4.4216e-21
4.3519e-21
4.2832e-21
4.2157e-21
4.1492e-21
4.0837e-21
4.0192e-21
3.9558e-21
3.8933e-21
3.8318e-21
3.7713e-21
3.7117e-21
3.653e-21
3.5953e-21
3.5384e-21
3.4825e-21
3.4274e-21
3.3732e-21
3.3198e-21
3.2673e-21
3.2156e-21
3.1646e-21
3.1145e-21
3.0652e-21
3.0166e-21
2.9688e-21
2.9218e-21
2.8755e-21
2.8299e-21
2.785e-21
2.7409e-21
2.6974e-21
2.6546e-21
2.6125e-21
2.571e-21
2.5302e-21
2.49e-21
2.4505e-21
2.4115e-21
2.3732e-21
2.3355e-21
2.2984e-21
2.2619e-21
2.2259e-21
2.1905e-21
2.1557e-21
2.1214e-21
2.0876e-21
2.0544e-21
2.0217e-21
1.9895e-21
1.9579e-21
1.9267e-21
1.896e-21
1.8658e-21
1.8361e-21
1.8068e-21
1.778e-21
1.7497e-21
1.7218e-21
1.6943e-21
1.6673e-21
1.6407e-21
1.6146e-21
1.5888e-21
1.5635e-21
1.5385e-21
1.514e-21
1.4898e-21
1.466e-21
1.4426e-21
1.4196e-21
1.3969e-21
1.3746e-21
1.3527e-21
1.3311e-21
1.3098e-21
1.2889e-21
1.2683e-21
1.248e-21
1.2281e-21
1.2084e-21
1.1891e-21
1.1701e-21
1.1514e-21
1.133e-21
1.1149e-21
1.0971e-21
1.0796e-21
1.0623e-21
1.0453e-21
1.0286e-21
1.0122e-21
9.9599e-22
9.8007e-22
9.6441e-22
9.49e-22
9.3383e-22
9.1891e-22
9.0422e-22
8.8978e-22
8.7556e-22
8.6157e-22
8.4781e-22
8.3427e-22
8.2095e-22
8.0785e-22
7.9495e-22
7.8226e-22
7.6978e-22
7.575e-22
7.4542e-22
7.3354e-22
7.2185e-22
7.1035e-22
6.9903e-22
6.879e-22
6.7695e-22
6.6618e-22
6.5559e-22
6.4517e-22
6.3491e-22
6.2483e-22
6.1491e-22
6.0516e-22
5.9556e-22
5.8613e-22
5.7685e-22
5.6772e-22
5.5874e-22
5.4991e-22
5.4123e-22
5.3269e-22
5.243e-22
5.1604e-22
5.0793e-22
4.9994e-22
4.921e-22
4.8438e-22
4.7679e-22
4.6933e-22
4.62e-22
4.5479e-22
4.4771e-22
4.4074e-22
4.3389e-22
4.2717e-22
4.2055e-22
4.1405e-22
4.0766e-22
4.0139e-22
3.9522e-22
3.8916e-22
3.832e-22
3.7735e-22
3.716e-22
3.6596e-22
3.6041e-22
3.5496e-22
3.4961e-22
3.4436e-22
3.392e-22
3.3413e-22
3.2916e-22
3.2428e-22
3.1949e-22
3.1478e-22
3.1016e-22
3.0563e-22
3.0119e-22
2.9683e-22
2.9255e-22
2.8835e-22
2.8424e-22
2.802e-22
2.7625e-22
2.7237e-22
2.6857e-22
2.6485e-22
2.612e-22
2.5762e-22
2.5412e-22
2.507e-22
2.4734e-22
2.4406e-22
2.4084e-22
2.377e-22
2.3462e-22
2.3162e-22
2.2868e-22
2.2581e-22
2.23e-22
2.2026e-22
2.1759e-22
2.1498e-22
2.1243e-22
2.0995e-22
2.0753e-22
2.0518e-22
2.0288e-22
2.0065e-22
1.9848e-22
1.9637e-22
1.9432e-22
1.9233e-22
1.904e-22
1.8852e-22
1.8671e-22
1.8496e-22
1.8326e-22
1.8162e-22
1.8004e-22
1.7852e-22
1.7706e-22
1.7565e-22
1.743e-22
1.73e-22
1.7177e-22
1.7059e-22
1.6946e-22
1.6839e-22
1.6738e-22
1.6643e-22
1.6553e-22
1.6468e-22
1.639e-22
1.6317e-22
