3.3922e-08
3.3855e-08
3.3789e-08
3.3723e-08
3.3656e-08
3.359e-08
3.3525e-08
3.3459e-08
3.3393e-08
3.3327e-08
3.3262e-08
3.3197e-08
3.3131e-08
3.3066e-08
3.3001e-08
3.2936e-08
3.2871e-08
3.2806e-08
3.2742e-08
3.2677e-08
3.2613e-08
3.2548e-08
3.2484e-08
3.242e-08
3.2356e-08
3.2292e-08
3.2228e-08
3.2165e-08
3.2101e-08
3.2037e-08
3.1974e-08
3.1911e-08
3.1848e-08
3.1784e-08
3.1721e-08
3.1659e-08
3.1596e-08
3.1533e-08
3.1471e-08
3.1408e-08
3.1346e-08
3.1283e-08
3.1221e-08
3.1159e-08
3.1097e-08
3.1035e-08
3.0974e-08
3.0912e-08
3.085e-08
3.0789e-08
3.0728e-08
3.0666e-08
3.0605e-08
3.0544e-08
3.0483e-08
3.0422e-08
3.0362e-08
3.0301e-08
3.024e-08
3.018e-08
3.012e-08
3.0059e-08
2.9999e-08
2.9939e-08
2.9879e-08
2.9819e-08
2.976e-08
2.97e-08
2.964e-08
2.9581e-08
2.9522e-08
2.9462e-08
2.9403e-08
2.9344e-08
2.9285e-08
2.9226e-08
2.9168e-08
2.9109e-08
2.905e-08
2.8992e-08
2.8934e-08
2.8875e-08
2.8817e-08
2.8759e-08
2.8701e-08
2.8643e-08
2.8585e-08
2.8528e-08
2.847e-08
2.8413e-08
2.8355e-08
2.8298e-08
2.8241e-08
2.8184e-08
2.8127e-08
2.807e-08
2.8013e-08
2.7956e-08
2.79e-08
2.7843e-08
2.7787e-08
2.773e-08
2.7674e-08
2.7618e-08
2.7562e-08
2.7506e-08
2.745e-08
2.7394e-08
2.7339e-08
2.7283e-08
2.7228e-08
2.7172e-08
2.7117e-08
2.7062e-08
2.7007e-08
2.6952e-08
2.6897e-08
2.6842e-08
2.6787e-08
2.6733e-08
2.6678e-08
2.6624e-08
2.6569e-08
2.6515e-08
2.6461e-08
2.6407e-08
2.6353e-08
2.6299e-08
2.6245e-08
2.6192e-08
2.6138e-08
2.6085e-08
2.6031e-08
2.5978e-08
2.5925e-08
2.5872e-08
2.5818e-08
2.5766e-08
2.5713e-08
2.566e-08
2.5607e-08
2.5555e-08
2.5502e-08
2.545e-08
2.5397e-08
2.5345e-08
2.5293e-08
2.5241e-08
2.5189e-08
2.5137e-08
2.5086e-08
2.5034e-08
2.4982e-08
2.4931e-08
2.4879e-08
2.4828e-08
2.4777e-08
2.4726e-08
2.4675e-08
2.4624e-08
2.4573e-08
2.4522e-08
2.4471e-08
2.4421e-08
2.437e-08
2.432e-08
2.427e-08
2.4219e-08
2.4169e-08
2.4119e-08
2.4069e-08
2.4019e-08
2.397e-08
2.392e-08
2.387e-08
2.3821e-08
2.3771e-08
2.3722e-08
2.3673e-08
2.3623e-08
2.3574e-08
2.3525e-08
2.3476e-08
2.3428e-08
2.3379e-08
2.333e-08
2.3282e-08
2.3233e-08
2.3185e-08
2.3137e-08
2.3088e-08
2.304e-08
2.2992e-08
2.2944e-08
2.2896e-08
2.2849e-08
2.2801e-08
2.2753e-08
2.2706e-08
2.2658e-08
2.2611e-08
2.2564e-08
2.2517e-08
2.2469e-08
2.2422e-08
2.2376e-08
2.2329e-08
2.2282e-08
2.2235e-08
2.2189e-08
2.2142e-08
2.2096e-08
2.205e-08
2.2003e-08
2.1957e-08
2.1911e-08
2.1865e-08
2.1819e-08
2.1773e-08
2.1728e-08
2.1682e-08
2.1636e-08
2.1591e-08
2.1546e-08
2.15e-08
2.1455e-08
2.141e-08
2.1365e-08
2.132e-08
2.1275e-08
2.123e-08
2.1185e-08
2.1141e-08
2.1096e-08
2.1052e-08
2.1007e-08
2.0963e-08
2.0919e-08
2.0875e-08
2.0831e-08
2.0787e-08
2.0743e-08
2.0699e-08
2.0655e-08
2.0611e-08
2.0568e-08
2.0524e-08
2.0481e-08
2.0438e-08
2.0394e-08
2.0351e-08
2.0308e-08
2.0265e-08
2.0222e-08
2.0179e-08
2.0137e-08
2.0094e-08
2.0051e-08
2.0009e-08
1.9966e-08
1.9924e-08
1.9882e-08
1.984e-08
1.9797e-08
1.9755e-08
1.9713e-08
1.9672e-08
1.963e-08
1.9588e-08
1.9546e-08
1.9505e-08
1.9463e-08
1.9422e-08
1.9381e-08
1.9339e-08
1.9298e-08
1.9257e-08
1.9216e-08
1.9175e-08
1.9134e-08
1.9094e-08
1.9053e-08
1.9012e-08
1.8972e-08
1.8931e-08
1.8891e-08
1.8851e-08
1.8811e-08
1.877e-08
1.873e-08
1.869e-08
1.8651e-08
1.8611e-08
1.8571e-08
1.8531e-08
1.8492e-08
1.8452e-08
1.8413e-08
1.8373e-08
1.8334e-08
1.8295e-08
1.8256e-08
1.8217e-08
1.8178e-08
1.8139e-08
1.81e-08
1.8061e-08
1.8023e-08
1.7984e-08
1.7946e-08
1.7907e-08
1.7869e-08
1.7831e-08
1.7792e-08
1.7754e-08
1.7716e-08
1.7678e-08
1.764e-08
1.7603e-08
1.7565e-08
1.7527e-08
1.749e-08
1.7452e-08
1.7415e-08
1.7377e-08
1.734e-08
1.7303e-08
1.7266e-08
1.7229e-08
1.7192e-08
1.7155e-08
1.7118e-08
1.7081e-08
1.7044e-08
1.7008e-08
1.6971e-08
1.6935e-08
1.6899e-08
1.6862e-08
1.6826e-08
1.679e-08
1.6754e-08
1.6718e-08
1.6682e-08
1.6646e-08
1.661e-08
1.6574e-08
1.6539e-08
1.6503e-08
1.6468e-08
1.6432e-08
1.6397e-08
1.6362e-08
1.6327e-08
1.6291e-08
1.6256e-08
1.6221e-08
1.6187e-08
1.6152e-08
1.6117e-08
1.6082e-08
1.6048e-08
1.6013e-08
1.5979e-08
1.5944e-08
1.591e-08
1.5876e-08
1.5842e-08
1.5807e-08
1.5773e-08
1.574e-08
1.5706e-08
1.5672e-08
1.5638e-08
1.5604e-08
1.5571e-08
1.5537e-08
1.5504e-08
1.5471e-08
1.5437e-08
1.5404e-08
1.5371e-08
1.5338e-08
1.5305e-08
1.5272e-08
1.5239e-08
1.5206e-08
1.5173e-08
1.5141e-08
1.5108e-08
1.5076e-08
1.5043e-08
1.5011e-08
1.4979e-08
1.4946e-08
1.4914e-08
1.4882e-08
1.485e-08
1.4818e-08
1.4786e-08
1.4755e-08
1.4723e-08
1.4691e-08
1.466e-08
1.4628e-08
1.4597e-08
1.4565e-08
1.4534e-08
1.4503e-08
1.4472e-08
1.4441e-08
1.441e-08
1.4379e-08
1.4348e-08
1.4317e-08
1.4286e-08
1.4256e-08
1.4225e-08
1.4194e-08
1.4164e-08
1.4134e-08
1.4103e-08
1.4073e-08
1.4043e-08
1.4013e-08
1.3983e-08
1.3953e-08
1.3923e-08
1.3893e-08
1.3863e-08
1.3834e-08
1.3804e-08
1.3775e-08
1.3745e-08
1.3716e-08
1.3686e-08
1.3657e-08
1.3628e-08
1.3599e-08
1.357e-08
1.3541e-08
1.3512e-08
1.3483e-08
1.3454e-08
1.3425e-08
1.3397e-08
1.3368e-08
1.334e-08
1.3311e-08
1.3283e-08
1.3255e-08
1.3226e-08
1.3198e-08
1.317e-08
1.3142e-08
1.3114e-08
1.3086e-08
1.3059e-08
1.3031e-08
1.3003e-08
1.2975e-08
1.2948e-08
1.292e-08
1.2893e-08
1.2866e-08
1.2838e-08
1.2811e-08
1.2784e-08
1.2757e-08
1.273e-08
1.2703e-08
1.2676e-08
1.2649e-08
1.2623e-08
1.2596e-08
1.257e-08
1.2543e-08
1.2517e-08
1.249e-08
1.2464e-08
1.2438e-08
1.2411e-08
1.2385e-08
1.2359e-08
1.2333e-08
1.2307e-08
1.2282e-08
1.2256e-08
1.223e-08
1.2205e-08
1.2179e-08
1.2153e-08
1.2128e-08
1.2103e-08
1.2077e-08
1.2052e-08
1.2027e-08
1.2002e-08
1.1977e-08
1.1952e-08
1.1927e-08
1.1902e-08
1.1877e-08
1.1853e-08
1.1828e-08
1.1804e-08
1.1779e-08
1.1755e-08
1.173e-08
1.1706e-08
1.1682e-08
1.1658e-08
1.1634e-08
1.161e-08
1.1586e-08
1.1562e-08
1.1538e-08
1.1514e-08
1.1491e-08
1.1467e-08
1.1443e-08
1.142e-08
1.1397e-08
1.1373e-08
1.135e-08
1.1327e-08
1.1304e-08
1.1281e-08
1.1258e-08
1.1235e-08
1.1212e-08
1.1189e-08
1.1166e-08
1.1144e-08
1.1121e-08
1.1098e-08
1.1076e-08
1.1054e-08
1.1031e-08
1.1009e-08
1.0987e-08
1.0965e-08
1.0943e-08
1.0921e-08
1.0899e-08
1.0877e-08
1.0855e-08
1.0833e-08
1.0812e-08
1.079e-08
1.0769e-08
1.0747e-08
1.0726e-08
1.0704e-08
1.0683e-08
1.0662e-08
1.0641e-08
1.062e-08
1.0599e-08
1.0578e-08
1.0557e-08
1.0536e-08
1.0516e-08
1.0495e-08
1.0474e-08
1.0454e-08
1.0433e-08
1.0413e-08
1.0393e-08
1.0372e-08
1.0352e-08
1.0332e-08
1.0312e-08
1.0292e-08
1.0272e-08
1.0252e-08
1.0233e-08
1.0213e-08
1.0193e-08
1.0174e-08
1.0154e-08
1.0135e-08
1.0116e-08
1.0096e-08
1.0077e-08
1.0058e-08
1.0039e-08
1.002e-08
1.0001e-08
9.9819e-09
9.9631e-09
9.9444e-09
9.9257e-09
9.9071e-09
9.8885e-09
9.8701e-09
9.8517e-09
9.8333e-09
9.8151e-09
9.7969e-09
9.7787e-09
9.7607e-09
9.7427e-09
9.7247e-09
9.7069e-09
9.6891e-09
9.6714e-09
9.6537e-09
9.6361e-09
9.6186e-09
9.6011e-09
9.5838e-09
9.5665e-09
9.5492e-09
9.532e-09
9.5149e-09
9.4979e-09
9.4809e-09
9.464e-09
9.4472e-09
9.4304e-09
9.4138e-09
9.3971e-09
9.3806e-09
9.3641e-09
9.3477e-09
9.3313e-09
9.3151e-09
9.2989e-09
9.2827e-09
9.2667e-09
9.2507e-09
9.2347e-09
9.2189e-09
9.2031e-09
9.1874e-09
9.1717e-09
9.1562e-09
9.1407e-09
9.1252e-09
9.1099e-09
9.0946e-09
9.0793e-09
9.0642e-09
9.0491e-09
9.0341e-09
9.0191e-09
9.0043e-09
8.9895e-09
8.9747e-09
8.9601e-09
8.9455e-09
8.931e-09
8.9165e-09
8.9021e-09
8.8878e-09
8.8736e-09
8.8594e-09
8.8453e-09
8.8313e-09
8.8174e-09
8.8035e-09
8.7897e-09
8.7759e-09
8.7623e-09
8.7487e-09
8.7352e-09
8.7217e-09
8.7083e-09
8.695e-09
8.6818e-09
8.6687e-09
8.6556e-09
8.6426e-09
8.6296e-09
8.6168e-09
8.604e-09
8.5912e-09
8.5786e-09
8.566e-09
8.5535e-09
8.5411e-09
8.5287e-09
8.5164e-09
8.5042e-09
8.4921e-09
8.48e-09
8.468e-09
8.4561e-09
8.4443e-09
8.4325e-09
8.4208e-09
8.4092e-09
8.3977e-09
8.3862e-09
8.3748e-09
8.3635e-09
8.3523e-09
8.3411e-09
8.33e-09
8.319e-09
8.308e-09
8.2972e-09
8.2864e-09
8.2756e-09
8.265e-09
8.2544e-09
8.2439e-09
8.2335e-09
8.2232e-09
8.2129e-09
8.2027e-09
8.1926e-09
8.1826e-09
8.1726e-09
8.1628e-09
8.153e-09
8.1432e-09
8.1336e-09
8.124e-09
8.1145e-09
8.1051e-09
8.0958e-09
8.0865e-09
8.0773e-09
8.0682e-09
8.0592e-09
8.0503e-09
8.0414e-09
8.0326e-09
8.0239e-09
8.0153e-09
8.0067e-09
7.9982e-09
7.9898e-09
7.9815e-09
7.9733e-09
7.9651e-09
7.957e-09
7.949e-09
7.9411e-09
7.9333e-09
7.9255e-09
7.9179e-09
7.9103e-09
7.9028e-09
7.8953e-09
7.888e-09
7.8807e-09
7.8735e-09
7.8664e-09
7.8594e-09
7.8524e-09
7.8456e-09
7.8388e-09
7.8321e-09
7.8255e-09
7.819e-09
7.8125e-09
7.8061e-09
7.7999e-09
7.7937e-09
7.7875e-09
7.7815e-09
7.7756e-09
7.7697e-09
7.7639e-09
7.7582e-09
7.7526e-09
7.7471e-09
7.7417e-09
7.7363e-09
7.731e-09
7.7258e-09
7.7207e-09
7.7157e-09
7.7108e-09
7.706e-09
7.7012e-09
7.6965e-09
7.692e-09
7.6875e-09
7.6831e-09
7.6787e-09
7.6745e-09
7.6704e-09
7.6663e-09
7.6623e-09
7.6585e-09
7.6547e-09
7.651e-09
7.6474e-09
7.6438e-09
7.6404e-09
7.6371e-09
7.6338e-09
7.6306e-09
7.6276e-09
7.6246e-09
7.6217e-09
7.6189e-09
7.6162e-09
7.6135e-09
7.611e-09
7.6086e-09
7.6062e-09
7.604e-09
7.6018e-09
7.5997e-09
7.5978e-09
7.5959e-09
7.5941e-09
7.5924e-09
7.5908e-09
7.5893e-09
7.5879e-09
7.5865e-09
7.5853e-09
7.5842e-09
7.5832e-09
7.5822e-09
7.5814e-09
7.5806e-09
7.58e-09
7.5794e-09
7.5789e-09
7.5786e-09
7.5783e-09
7.5781e-09
7.5781e-09
7.5781e-09
7.5782e-09
7.5785e-09
7.5788e-09
7.5792e-09
7.5797e-09
7.5803e-09
7.581e-09
7.5819e-09
7.5828e-09
7.5838e-09
7.5849e-09
7.5861e-09
7.5875e-09
7.5889e-09
7.5904e-09
7.592e-09
7.5938e-09
7.5956e-09
7.5975e-09
7.5996e-09
7.6017e-09
7.604e-09
7.6063e-09
7.6088e-09
7.6113e-09
7.614e-09
7.6168e-09
7.6196e-09
7.6226e-09
7.6257e-09
7.6289e-09
7.6322e-09
7.6356e-09
7.6391e-09
7.6427e-09
7.6464e-09
7.6503e-09
7.6542e-09
7.6583e-09
7.6624e-09
7.6667e-09
7.6711e-09
7.6756e-09
7.6802e-09
7.6849e-09
7.6897e-09
7.6947e-09
7.6997e-09
7.7049e-09
7.7102e-09
7.7155e-09
7.721e-09
7.7267e-09
7.7324e-09
7.7382e-09
7.7442e-09
7.7502e-09
7.7564e-09
7.7627e-09
7.7691e-09
7.7757e-09
7.7823e-09
7.7891e-09
7.796e-09
7.803e-09
7.8101e-09
7.8173e-09
7.8247e-09
7.8322e-09
7.8397e-09
7.8475e-09
7.8553e-09
7.8632e-09
7.8713e-09
7.8795e-09
7.8878e-09
7.8963e-09
7.9048e-09
7.9135e-09
7.9223e-09
7.9313e-09
7.9403e-09
7.9495e-09
7.9588e-09
7.9682e-09
7.9778e-09
7.9875e-09
7.9973e-09
8.0072e-09
8.0173e-09
8.0275e-09
8.0378e-09
8.0482e-09
8.0588e-09
8.0695e-09
8.0803e-09
8.0913e-09
8.1024e-09
8.1136e-09
8.125e-09
8.1364e-09
8.1481e-09
8.1598e-09
8.1717e-09
8.1837e-09
8.1959e-09
8.2082e-09
8.2206e-09
8.2331e-09
8.2458e-09
8.2587e-09
8.2716e-09
8.2847e-09
8.298e-09
8.3113e-09
8.3249e-09
8.3385e-09
8.3523e-09
8.3662e-09
8.3803e-09
8.3945e-09
8.4089e-09
8.4234e-09
8.438e-09
8.4528e-09
8.4677e-09
8.4828e-09
8.498e-09
8.5134e-09
8.5289e-09
8.5445e-09
8.5603e-09
8.5762e-09
8.5923e-09
8.6086e-09
8.6249e-09
8.6415e-09
8.6582e-09
8.675e-09
8.692e-09
8.7091e-09
8.7264e-09
8.7438e-09
8.7614e-09
8.7791e-09
8.797e-09
8.8151e-09
8.8333e-09
8.8516e-09
8.8701e-09
8.8888e-09
8.9076e-09
8.9266e-09
8.9457e-09
8.965e-09
8.9845e-09
9.0041e-09
9.0239e-09
9.0438e-09
9.0639e-09
9.0841e-09
9.1045e-09
9.1251e-09
9.1459e-09
9.1668e-09
9.1878e-09
9.2091e-09
9.2305e-09
9.252e-09
9.2738e-09
9.2957e-09
9.3177e-09
9.34e-09
9.3624e-09
9.3849e-09
9.4077e-09
9.4306e-09
9.4537e-09
9.4769e-09
9.5004e-09
9.524e-09
9.5478e-09
9.5717e-09
9.5958e-09
9.6201e-09
9.6446e-09
9.6693e-09
9.6941e-09
9.7191e-09
9.7443e-09
9.7697e-09
9.7952e-09
9.821e-09
9.8469e-09
9.873e-09
9.8992e-09
9.9257e-09
9.9523e-09
9.9792e-09
1.0006e-08
1.0033e-08
1.0061e-08
1.0088e-08
1.0116e-08
1.0144e-08
1.0172e-08
1.0201e-08
1.0229e-08
1.0258e-08
1.0287e-08
1.0316e-08
1.0345e-08
1.0375e-08
1.0404e-08
1.0434e-08
1.0464e-08
1.0494e-08
1.0525e-08
1.0556e-08
1.0586e-08
1.0618e-08
1.0649e-08
1.068e-08
1.0712e-08
1.0744e-08
1.0776e-08
1.0808e-08
1.0841e-08
1.0873e-08
1.0906e-08
1.0939e-08
1.0973e-08
1.1006e-08
1.104e-08
1.1074e-08
1.1108e-08
1.1142e-08
1.1177e-08
1.1212e-08
1.1247e-08
1.1282e-08
1.1318e-08
1.1353e-08
1.1389e-08
1.1425e-08
1.1462e-08
1.1498e-08
1.1535e-08
1.1572e-08
1.1609e-08
1.1646e-08
1.1684e-08
1.1722e-08
1.176e-08
1.1798e-08
1.1837e-08
1.1876e-08
1.1915e-08
1.1954e-08
1.1994e-08
1.2033e-08
1.2073e-08
1.2113e-08
1.2154e-08
1.2194e-08
1.2235e-08
1.2276e-08
1.2318e-08
1.2359e-08
1.2401e-08
1.2443e-08
1.2486e-08
1.2528e-08
1.2571e-08
1.2614e-08
1.2657e-08
1.2701e-08
1.2745e-08
1.2789e-08
1.2833e-08
1.2878e-08
1.2922e-08
1.2967e-08
1.3013e-08
1.3058e-08
1.3104e-08
1.315e-08
1.3197e-08
1.3243e-08
1.329e-08
1.3337e-08
1.3384e-08
1.3432e-08
1.348e-08
1.3528e-08
1.3576e-08
1.3625e-08
1.3674e-08
1.3723e-08
1.3773e-08
1.3823e-08
1.3873e-08
1.3923e-08
1.3973e-08
1.4024e-08
1.4075e-08
1.4127e-08
1.4178e-08
1.423e-08
1.4283e-08
1.4335e-08
1.4388e-08
1.4441e-08
1.4494e-08
1.4548e-08
1.4602e-08
1.4656e-08
1.4711e-08
1.4765e-08
1.482e-08
1.4876e-08
1.4931e-08
1.4987e-08
1.5044e-08
1.51e-08
1.5157e-08
1.5214e-08
1.5272e-08
1.5329e-08
1.5387e-08
1.5446e-08
1.5504e-08
1.5563e-08
1.5623e-08
1.5682e-08
1.5742e-08
1.5802e-08
1.5863e-08
1.5923e-08
1.5985e-08
1.6046e-08
1.6108e-08
1.617e-08
1.6232e-08
1.6295e-08
1.6358e-08
1.6421e-08
1.6485e-08
1.6549e-08
1.6613e-08
1.6678e-08
1.6743e-08
1.6808e-08
1.6874e-08
1.694e-08
1.7006e-08
1.7072e-08
1.7139e-08
1.7207e-08
1.7274e-08
1.7342e-08
1.7411e-08
1.7479e-08
1.7548e-08
1.7617e-08
1.7687e-08
1.7757e-08
1.7828e-08
1.7898e-08
1.7969e-08
1.8041e-08
1.8112e-08
1.8185e-08
1.8257e-08
1.833e-08
1.8403e-08
1.8477e-08
1.8551e-08
1.8625e-08
1.87e-08
1.8775e-08
1.885e-08
1.8926e-08
1.9002e-08
1.9078e-08
1.9155e-08
1.9232e-08
1.931e-08
1.9388e-08
1.9466e-08
1.9545e-08
1.9624e-08
1.9704e-08
1.9784e-08
1.9864e-08
1.9944e-08
2.0025e-08
2.0107e-08
2.0189e-08
2.0271e-08
2.0354e-08
2.0437e-08
2.052e-08
2.0604e-08
2.0688e-08
2.0773e-08
2.0858e-08
2.0943e-08
2.1029e-08
2.1115e-08
2.1202e-08
2.1289e-08
2.1376e-08
2.1464e-08
2.1552e-08
2.1641e-08
2.173e-08
2.182e-08
2.191e-08
2.2e-08
2.2091e-08
2.2182e-08
2.2274e-08
2.2366e-08
2.2459e-08
2.2551e-08
2.2645e-08
2.2739e-08
2.2833e-08
2.2928e-08
2.3023e-08
2.3118e-08
2.3215e-08
2.3311e-08
2.3408e-08
2.3505e-08
2.3603e-08
2.3702e-08
2.38e-08
2.3899e-08
2.3999e-08
2.4099e-08
2.42e-08
2.4301e-08
2.4402e-08
2.4504e-08
2.4607e-08
2.471e-08
2.4813e-08
2.4917e-08
2.5021e-08
2.5126e-08
2.5232e-08
2.5337e-08
2.5444e-08
2.555e-08
2.5658e-08
2.5765e-08
2.5874e-08
2.5982e-08
2.6091e-08
2.6201e-08
2.6311e-08
2.6422e-08
2.6533e-08
2.6645e-08
2.6757e-08
2.687e-08
2.6983e-08
2.7097e-08
2.7211e-08
2.7326e-08
2.7441e-08
2.7557e-08
2.7673e-08
2.779e-08
2.7907e-08
2.8025e-08
2.8144e-08
2.8263e-08
2.8382e-08
2.8502e-08
2.8623e-08
2.8744e-08
2.8866e-08
2.8988e-08
2.9111e-08
2.9234e-08
2.9358e-08
2.9482e-08
2.9607e-08
2.9732e-08
2.9858e-08
2.9985e-08
3.0112e-08
3.024e-08
3.0368e-08
3.0497e-08
3.0626e-08
3.0756e-08
3.0887e-08
3.1018e-08
3.115e-08
3.1282e-08
3.1415e-08
3.1549e-08
3.1683e-08
3.1817e-08
3.1953e-08
3.2088e-08
3.2225e-08
3.2362e-08
3.2499e-08
3.2638e-08
3.2777e-08
3.2916e-08
3.3056e-08
3.3197e-08
3.3338e-08
3.348e-08
3.3622e-08
3.3765e-08
3.3909e-08
3.4054e-08
3.4199e-08
3.4344e-08
3.449e-08
3.4637e-08
3.4785e-08
3.4933e-08
3.5082e-08
3.5231e-08
3.5381e-08
3.5532e-08
3.5684e-08
3.5836e-08
3.5988e-08
3.6142e-08
3.6296e-08
3.645e-08
3.6606e-08
3.6762e-08
3.6919e-08
3.7076e-08
3.7234e-08
3.7393e-08
3.7552e-08
3.7712e-08
3.7873e-08
3.8034e-08
3.8197e-08
3.8359e-08
3.8523e-08
3.8687e-08
3.8852e-08
3.9018e-08
3.9184e-08
3.9351e-08
3.9519e-08
3.9687e-08
3.9857e-08
4.0026e-08
4.0197e-08
4.0368e-08
4.054e-08
4.0713e-08
4.0887e-08
4.1061e-08
4.1236e-08
4.1412e-08
4.1588e-08
4.1766e-08
4.1944e-08
4.2122e-08
4.2302e-08
4.2482e-08
4.2663e-08
4.2845e-08
4.3027e-08
4.3211e-08
4.3395e-08
4.3579e-08
4.3765e-08
4.3951e-08
4.4139e-08
4.4327e-08
4.4515e-08
4.4705e-08
4.4895e-08
4.5086e-08
4.5278e-08
4.5471e-08
4.5664e-08
4.5859e-08
4.6054e-08
4.625e-08
4.6447e-08
4.6644e-08
4.6843e-08
4.7042e-08
4.7242e-08
4.7443e-08
4.7645e-08
4.7847e-08
4.805e-08
4.8255e-08
4.846e-08
4.8666e-08
4.8873e-08
4.908e-08
4.9289e-08
4.9498e-08
4.9708e-08
4.9919e-08
5.0131e-08
5.0344e-08
5.0558e-08
5.0772e-08
5.0988e-08
5.1204e-08
5.1421e-08
5.164e-08
5.1859e-08
5.2079e-08
5.2299e-08
5.2521e-08
5.2744e-08
5.2967e-08
5.3192e-08
5.3417e-08
5.3643e-08
5.3871e-08
5.4099e-08
5.4328e-08
5.4558e-08
5.4789e-08
5.5021e-08
5.5254e-08
5.5487e-08
5.5722e-08
5.5958e-08
5.6195e-08
5.6432e-08
5.6671e-08
5.691e-08
5.7151e-08
5.7392e-08
5.7635e-08
5.7878e-08
5.8123e-08
5.8368e-08
5.8614e-08
5.8862e-08
5.911e-08
5.936e-08
5.961e-08
5.9862e-08
6.0114e-08
6.0368e-08
6.0622e-08
6.0877e-08
6.1134e-08
6.1392e-08
6.165e-08
6.191e-08
6.2171e-08
6.2432e-08
6.2695e-08
6.2959e-08
6.3224e-08
6.349e-08
6.3757e-08
6.4025e-08
6.4294e-08
6.4564e-08
6.4835e-08
6.5108e-08
6.5381e-08
6.5656e-08
6.5932e-08
6.6208e-08
6.6486e-08
6.6765e-08
6.7045e-08
6.7326e-08
6.7609e-08
6.7892e-08
6.8177e-08
6.8462e-08
6.8749e-08
6.9037e-08
6.9326e-08
6.9616e-08
6.9908e-08
7.02e-08
7.0494e-08
7.0789e-08
7.1085e-08
7.1382e-08
7.168e-08
7.198e-08
7.2281e-08
7.2583e-08
7.2886e-08
7.319e-08
7.3495e-08
7.3802e-08
7.411e-08
7.4419e-08
7.4729e-08
7.5041e-08
7.5354e-08
7.5668e-08
7.5983e-08
7.6299e-08
7.6617e-08
7.6936e-08
7.7256e-08
7.7577e-08
7.79e-08
7.8224e-08
7.8549e-08
7.8876e-08
7.9204e-08
7.9533e-08
7.9863e-08
8.0194e-08
8.0527e-08
8.0861e-08
8.1197e-08
8.1534e-08
8.1872e-08
8.2211e-08
8.2552e-08
8.2894e-08
8.3237e-08
8.3582e-08
8.3928e-08
8.4275e-08
8.4624e-08
8.4974e-08
8.5326e-08
8.5678e-08
8.6033e-08
8.6388e-08
8.6745e-08
8.7103e-08
8.7463e-08
8.7824e-08
8.8186e-08
8.855e-08
8.8915e-08
8.9282e-08
8.965e-08
9.0019e-08
9.039e-08
9.0763e-08
9.1136e-08
9.1511e-08
9.1888e-08
9.2266e-08
9.2646e-08
9.3027e-08
9.3409e-08
9.3793e-08
9.4178e-08
9.4565e-08
9.4953e-08
9.5343e-08
9.5734e-08
9.6127e-08
9.6521e-08
9.6917e-08
9.7314e-08
9.7713e-08
9.8113e-08
9.8515e-08
9.8918e-08
9.9323e-08
9.9729e-08
1.0014e-07
1.0055e-07
1.0096e-07
1.0137e-07
1.0178e-07
1.022e-07
1.0262e-07
1.0304e-07
1.0346e-07
1.0388e-07
1.043e-07
1.0473e-07
1.0515e-07
1.0558e-07
1.0601e-07
1.0644e-07
1.0688e-07
1.0731e-07
1.0775e-07
1.0819e-07
1.0863e-07
1.0907e-07
1.0951e-07
1.0996e-07
1.104e-07
1.1085e-07
1.113e-07
1.1175e-07
1.1221e-07
1.1266e-07
1.1312e-07
1.1358e-07
1.1404e-07
1.145e-07
1.1496e-07
1.1543e-07
1.1589e-07
1.1636e-07
1.1683e-07
1.1731e-07
1.1778e-07
1.1826e-07
1.1873e-07
1.1921e-07
1.1969e-07
1.2018e-07
1.2066e-07
1.2115e-07
1.2164e-07
1.2213e-07
1.2262e-07
1.2311e-07
1.2361e-07
1.241e-07
1.246e-07
1.251e-07
1.2561e-07
1.2611e-07
1.2662e-07
1.2713e-07
1.2764e-07
1.2815e-07
1.2866e-07
1.2918e-07
1.297e-07
1.3022e-07
1.3074e-07
1.3126e-07
1.3179e-07
1.3232e-07
1.3285e-07
1.3338e-07
1.3391e-07
1.3445e-07
1.3498e-07
1.3552e-07
1.3606e-07
1.3661e-07
1.3715e-07
1.377e-07
1.3825e-07
1.388e-07
1.3935e-07
1.3991e-07
1.4047e-07
1.4103e-07
1.4159e-07
1.4215e-07
1.4272e-07
1.4328e-07
1.4385e-07
1.4442e-07
1.45e-07
1.4557e-07
1.4615e-07
1.4673e-07
1.4731e-07
1.479e-07
1.4848e-07
1.4907e-07
1.4966e-07
1.5026e-07
1.5085e-07
1.5145e-07
1.5205e-07
1.5265e-07
1.5325e-07
1.5386e-07
1.5447e-07
1.5508e-07
1.5569e-07
1.563e-07
1.5692e-07
1.5754e-07
1.5816e-07
1.5878e-07
1.5941e-07
1.6004e-07
1.6067e-07
1.613e-07
1.6193e-07
1.6257e-07
1.6321e-07
1.6385e-07
1.6449e-07
1.6514e-07
1.6579e-07
1.6644e-07
1.6709e-07
1.6775e-07
1.6841e-07
1.6907e-07
1.6973e-07
1.7039e-07
1.7106e-07
1.7173e-07
1.724e-07
1.7308e-07
1.7375e-07
1.7443e-07
1.7511e-07
1.758e-07
1.7648e-07
1.7717e-07
1.7786e-07
1.7856e-07
1.7925e-07
1.7995e-07
1.8065e-07
1.8136e-07
1.8206e-07
1.8277e-07
1.8348e-07
1.842e-07
1.8491e-07
1.8563e-07
1.8635e-07
1.8708e-07
1.878e-07
1.8853e-07
1.8926e-07
1.9e-07
1.9073e-07
1.9147e-07
1.9221e-07
1.9296e-07
1.9371e-07
1.9446e-07
1.9521e-07
1.9596e-07
1.9672e-07
1.9748e-07
1.9824e-07
1.9901e-07
1.9978e-07
2.0055e-07
2.0132e-07
2.021e-07
2.0288e-07
2.0366e-07
2.0444e-07
2.0523e-07
2.0602e-07
2.0681e-07
2.0761e-07
2.084e-07
2.0921e-07
2.1001e-07
2.1082e-07
2.1163e-07
2.1244e-07
2.1325e-07
2.1407e-07
2.1489e-07
2.1571e-07
2.1654e-07
2.1737e-07
2.182e-07
2.1904e-07
2.1987e-07
2.2071e-07
2.2156e-07
2.224e-07
2.2325e-07
2.2411e-07
2.2496e-07
2.2582e-07
2.2668e-07
2.2754e-07
2.2841e-07
2.2928e-07
2.3015e-07
2.3103e-07
2.3191e-07
2.3279e-07
2.3368e-07
2.3457e-07
2.3546e-07
2.3635e-07
2.3725e-07
2.3815e-07
2.3905e-07
2.3996e-07
2.4087e-07
2.4178e-07
2.427e-07
2.4362e-07
2.4454e-07
2.4546e-07
2.4639e-07
2.4732e-07
2.4826e-07
2.4919e-07
2.5014e-07
2.5108e-07
2.5203e-07
2.5298e-07
2.5393e-07
2.5489e-07
2.5585e-07
2.5681e-07
2.5778e-07
2.5875e-07
2.5972e-07
2.607e-07
2.6168e-07
2.6266e-07
2.6365e-07
2.6464e-07
2.6563e-07
2.6663e-07
2.6763e-07
2.6863e-07
2.6964e-07
2.7065e-07
2.7166e-07
2.7268e-07
2.737e-07
2.7473e-07
2.7575e-07
2.7678e-07
2.7782e-07
2.7886e-07
2.799e-07
2.8094e-07
2.8199e-07
2.8304e-07
2.841e-07
2.8515e-07
2.8622e-07
2.8728e-07
2.8835e-07
2.8942e-07
2.905e-07
2.9158e-07
2.9266e-07
2.9375e-07
2.9484e-07
2.9594e-07
2.9703e-07
2.9814e-07
2.9924e-07
3.0035e-07
3.0146e-07
3.0258e-07
3.037e-07
3.0482e-07
3.0595e-07
3.0708e-07
3.0822e-07
3.0936e-07
3.105e-07
3.1164e-07
3.128e-07
3.1395e-07
3.1511e-07
3.1627e-07
3.1743e-07
3.186e-07
3.1978e-07
3.2095e-07
3.2213e-07
3.2332e-07
3.2451e-07
3.257e-07
3.2689e-07
3.2809e-07
3.293e-07
3.3051e-07
3.3172e-07
3.3293e-07
3.3415e-07
3.3538e-07
3.3661e-07
3.3784e-07
3.3907e-07
3.4031e-07
3.4156e-07
3.4281e-07
3.4406e-07
3.4532e-07
3.4658e-07
3.4784e-07
3.4911e-07
3.5038e-07
3.5166e-07
3.5294e-07
3.5422e-07
3.5551e-07
3.5681e-07
3.581e-07
3.5941e-07
3.6071e-07
3.6202e-07
3.6334e-07
3.6466e-07
3.6598e-07
3.6731e-07
3.6864e-07
3.6997e-07
3.7131e-07
3.7266e-07
3.7401e-07
3.7536e-07
3.7672e-07
3.7808e-07
3.7944e-07
3.8082e-07
3.8219e-07
3.8357e-07
3.8495e-07
3.8634e-07
3.8773e-07
3.8913e-07
3.9053e-07
3.9194e-07
3.9335e-07
3.9476e-07
3.9618e-07
3.9761e-07
3.9904e-07
4.0047e-07
4.0191e-07
4.0335e-07
4.048e-07
4.0625e-07
4.0771e-07
4.0917e-07
4.1063e-07
4.121e-07
4.1358e-07
4.1506e-07
4.1654e-07
4.1803e-07
4.1952e-07
4.2102e-07
4.2252e-07
4.2403e-07
4.2554e-07
4.2706e-07
4.2858e-07
4.3011e-07
4.3164e-07
4.3318e-07
4.3472e-07
4.3627e-07
4.3782e-07
4.3937e-07
4.4093e-07
4.425e-07
4.4407e-07
4.4565e-07
4.4723e-07
4.4881e-07
4.504e-07
4.52e-07
4.536e-07
4.552e-07
4.5681e-07
4.5843e-07
4.6005e-07
4.6168e-07
4.6331e-07
4.6494e-07
4.6658e-07
4.6823e-07
4.6988e-07
4.7154e-07
4.732e-07
4.7486e-07
4.7654e-07
4.7821e-07
4.7989e-07
4.8158e-07
4.8327e-07
4.8497e-07
4.8667e-07
4.8838e-07
4.901e-07
4.9182e-07
4.9354e-07
4.9527e-07
4.97e-07
4.9874e-07
5.0049e-07
5.0224e-07
5.04e-07
5.0576e-07
5.0753e-07
5.093e-07
5.1108e-07
5.1286e-07
5.1465e-07
5.1644e-07
5.1824e-07
5.2005e-07
5.2186e-07
5.2368e-07
5.255e-07
5.2733e-07
5.2916e-07
5.31e-07
5.3284e-07
5.3469e-07
5.3655e-07
5.3841e-07
5.4028e-07
5.4215e-07
5.4403e-07
5.4591e-07
5.478e-07
5.497e-07
5.516e-07
5.5351e-07
5.5542e-07
5.5734e-07
5.5926e-07
5.6119e-07
5.6313e-07
5.6507e-07
5.6702e-07
5.6897e-07
5.7093e-07
5.729e-07
5.7487e-07
5.7685e-07
5.7883e-07
5.8082e-07
5.8281e-07
5.8482e-07
5.8682e-07
5.8884e-07
5.9086e-07
5.9288e-07
5.9491e-07
5.9695e-07
5.99e-07
6.0105e-07
6.031e-07
6.0516e-07
6.0723e-07
6.0931e-07
6.1139e-07
6.1347e-07
6.1557e-07
6.1767e-07
6.1977e-07
6.2189e-07
6.24e-07
6.2613e-07
6.2826e-07
6.304e-07
6.3254e-07
6.3469e-07
6.3685e-07
6.3901e-07
6.4118e-07
6.4335e-07
6.4554e-07
6.4772e-07
6.4992e-07
6.5212e-07
6.5433e-07
6.5654e-07
6.5876e-07
6.6099e-07
6.6323e-07
6.6547e-07
6.6771e-07
6.6997e-07
6.7223e-07
6.7449e-07
6.7677e-07
6.7905e-07
6.8134e-07
6.8363e-07
6.8593e-07
6.8824e-07
6.9055e-07
6.9287e-07
6.952e-07
6.9753e-07
6.9988e-07
7.0222e-07
7.0458e-07
7.0694e-07
7.0931e-07
7.1168e-07
7.1407e-07
7.1646e-07
7.1885e-07
7.2126e-07
7.2367e-07
7.2608e-07
7.2851e-07
7.3094e-07
7.3338e-07
7.3582e-07
7.3828e-07
7.4074e-07
7.432e-07
7.4568e-07
7.4816e-07
7.5064e-07
7.5314e-07
7.5564e-07
7.5815e-07
7.6067e-07
7.6319e-07
7.6572e-07
7.6826e-07
7.7081e-07
7.7336e-07
7.7592e-07
7.7849e-07
7.8107e-07
7.8365e-07
7.8624e-07
7.8884e-07
7.9144e-07
7.9405e-07
7.9667e-07
7.993e-07
8.0194e-07
8.0458e-07
8.0723e-07
8.0988e-07
8.1255e-07
8.1522e-07
8.179e-07
8.2059e-07
8.2328e-07
8.2599e-07
8.287e-07
8.3142e-07
8.3414e-07
8.3688e-07
8.3962e-07
8.4237e-07
8.4512e-07
8.4789e-07
8.5066e-07
8.5344e-07
8.5623e-07
8.5903e-07
8.6183e-07
8.6464e-07
8.6746e-07
8.7029e-07
8.7312e-07
8.7597e-07
8.7882e-07
8.8168e-07
8.8455e-07
8.8742e-07
8.903e-07
8.932e-07
8.961e-07
8.99e-07
9.0192e-07
9.0484e-07
9.0778e-07
9.1072e-07
9.1366e-07
9.1662e-07
9.1959e-07
9.2256e-07
9.2554e-07
9.2853e-07
9.3153e-07
9.3453e-07
9.3755e-07
9.4057e-07
9.436e-07
9.4664e-07
9.4969e-07
9.5275e-07
9.5581e-07
9.5889e-07
9.6197e-07
9.6506e-07
9.6816e-07
9.7127e-07
9.7438e-07
9.7751e-07
9.8064e-07
9.8378e-07
9.8693e-07
9.9009e-07
9.9326e-07
9.9643e-07
9.9962e-07
1.0028e-06
1.006e-06
1.0092e-06
1.0124e-06
1.0157e-06
1.0189e-06
1.0222e-06
1.0254e-06
1.0287e-06
1.032e-06
1.0352e-06
1.0385e-06
1.0418e-06
1.0451e-06
1.0485e-06
1.0518e-06
1.0551e-06
1.0585e-06
1.0618e-06
1.0652e-06
1.0685e-06
1.0719e-06
1.0753e-06
1.0787e-06
1.0821e-06
1.0855e-06
1.089e-06
1.0924e-06
1.0959e-06
1.0993e-06
1.1028e-06
1.1062e-06
1.1097e-06
1.1132e-06
1.1167e-06
1.1202e-06
1.1237e-06
1.1273e-06
1.1308e-06
1.1344e-06
1.1379e-06
1.1415e-06
1.1451e-06
1.1487e-06
1.1522e-06
1.1559e-06
1.1595e-06
1.1631e-06
1.1667e-06
1.1704e-06
1.174e-06
1.1777e-06
1.1814e-06
1.185e-06
1.1887e-06
1.1924e-06
1.1961e-06
1.1999e-06
1.2036e-06
1.2073e-06
1.2111e-06
1.2149e-06
1.2186e-06
1.2224e-06
1.2262e-06
1.23e-06
1.2338e-06
1.2376e-06
1.2415e-06
1.2453e-06
1.2492e-06
1.253e-06
1.2569e-06
1.2608e-06
1.2647e-06
1.2686e-06
1.2725e-06
1.2764e-06
1.2803e-06
1.2843e-06
1.2882e-06
1.2922e-06
1.2961e-06
1.3001e-06
1.3041e-06
1.3081e-06
1.3121e-06
1.3162e-06
1.3202e-06
1.3242e-06
1.3283e-06
1.3324e-06
1.3364e-06
1.3405e-06
1.3446e-06
1.3487e-06
1.3529e-06
1.357e-06
1.3611e-06
1.3653e-06
1.3694e-06
1.3736e-06
1.3778e-06
1.382e-06
1.3862e-06
1.3904e-06
1.3946e-06
1.3989e-06
1.4031e-06
1.4074e-06
1.4116e-06
1.4159e-06
1.4202e-06
1.4245e-06
1.4288e-06
1.4332e-06
1.4375e-06
1.4418e-06
1.4462e-06
1.4506e-06
1.4549e-06
1.4593e-06
1.4637e-06
1.4681e-06
1.4726e-06
1.477e-06
1.4814e-06
1.4859e-06
1.4904e-06
1.4949e-06
1.4993e-06
1.5038e-06
1.5084e-06
1.5129e-06
1.5174e-06
1.522e-06
1.5265e-06
1.5311e-06
1.5357e-06
1.5403e-06
1.5449e-06
1.5495e-06
1.5541e-06
1.5588e-06
1.5634e-06
1.5681e-06
1.5727e-06
1.5774e-06
1.5821e-06
1.5868e-06
1.5915e-06
1.5963e-06
1.601e-06
1.6058e-06
1.6105e-06
1.6153e-06
1.6201e-06
1.6249e-06
1.6297e-06
1.6346e-06
1.6394e-06
1.6442e-06
1.6491e-06
1.654e-06
1.6589e-06
1.6638e-06
1.6687e-06
1.6736e-06
1.6785e-06
1.6835e-06
1.6884e-06
1.6934e-06
1.6984e-06
1.7034e-06
1.7084e-06
1.7134e-06
1.7184e-06
1.7235e-06
1.7285e-06
1.7336e-06
1.7387e-06
1.7438e-06
1.7489e-06
1.754e-06
1.7591e-06
1.7643e-06
1.7694e-06
1.7746e-06
1.7798e-06
1.785e-06
1.7902e-06
1.7954e-06
1.8006e-06
1.8059e-06
1.8111e-06
1.8164e-06
1.8217e-06
1.827e-06
1.8323e-06
1.8376e-06
1.8429e-06
1.8483e-06
1.8536e-06
1.859e-06
1.8644e-06
1.8698e-06
1.8752e-06
1.8806e-06
1.886e-06
1.8915e-06
1.8969e-06
1.9024e-06
1.9079e-06
1.9134e-06
1.9189e-06
1.9244e-06
1.93e-06
1.9355e-06
1.9411e-06
1.9467e-06
1.9522e-06
1.9578e-06
1.9635e-06
1.9691e-06
1.9747e-06
1.9804e-06
1.9861e-06
1.9917e-06
1.9974e-06
2.0032e-06
2.0089e-06
2.0146e-06
2.0204e-06
2.0261e-06
2.0319e-06
2.0377e-06
2.0435e-06
2.0493e-06
2.0551e-06
2.061e-06
2.0668e-06
2.0727e-06
2.0786e-06
2.0845e-06
2.0904e-06
2.0963e-06
2.1023e-06
2.1082e-06
2.1142e-06
2.1202e-06
2.1262e-06
2.1322e-06
2.1382e-06
2.1442e-06
2.1503e-06
2.1564e-06
2.1624e-06
2.1685e-06
2.1746e-06
2.1808e-06
2.1869e-06
2.193e-06
2.1992e-06
2.2054e-06
2.2116e-06
2.2178e-06
2.224e-06
2.2302e-06
2.2365e-06
2.2427e-06
2.249e-06
2.2553e-06
2.2616e-06
2.2679e-06
2.2743e-06
2.2806e-06
2.287e-06
2.2933e-06
2.2997e-06
2.3061e-06
2.3126e-06
2.319e-06
2.3254e-06
2.3319e-06
2.3384e-06
2.3449e-06
2.3514e-06
2.3579e-06
2.3644e-06
2.371e-06
2.3775e-06
2.3841e-06
2.3907e-06
2.3973e-06
2.4039e-06
2.4106e-06
2.4172e-06
2.4239e-06
2.4306e-06
2.4373e-06
2.444e-06
2.4507e-06
2.4575e-06
2.4642e-06
2.471e-06
2.4778e-06
2.4846e-06
2.4914e-06
2.4982e-06
2.5051e-06
2.5119e-06
2.5188e-06
2.5257e-06
2.5326e-06
2.5395e-06
2.5465e-06
2.5534e-06
2.5604e-06
2.5674e-06
2.5744e-06
2.5814e-06
2.5884e-06
2.5955e-06
2.6025e-06
2.6096e-06
2.6167e-06
2.6238e-06
2.6309e-06
2.6381e-06
2.6452e-06
2.6524e-06
2.6596e-06
2.6668e-06
2.674e-06
2.6812e-06
2.6885e-06
2.6957e-06
2.703e-06
2.7103e-06
2.7176e-06
2.7249e-06
2.7323e-06
2.7396e-06
2.747e-06
2.7544e-06
2.7618e-06
2.7692e-06
2.7767e-06
2.7841e-06
2.7916e-06
2.7991e-06
2.8066e-06
2.8141e-06
2.8216e-06
2.8291e-06
2.8367e-06
2.8443e-06
2.8519e-06
2.8595e-06
2.8671e-06
2.8748e-06
2.8824e-06
2.8901e-06
2.8978e-06
2.9055e-06
2.9132e-06
2.921e-06
2.9287e-06
2.9365e-06
2.9443e-06
2.9521e-06
2.9599e-06
2.9678e-06
2.9756e-06
2.9835e-06
2.9914e-06
2.9993e-06
3.0072e-06
3.0151e-06
3.0231e-06
3.0311e-06
3.039e-06
3.047e-06
3.0551e-06
3.0631e-06
3.0712e-06
3.0792e-06
3.0873e-06
3.0954e-06
3.1035e-06
3.1117e-06
3.1198e-06
3.128e-06
3.1362e-06
3.1444e-06
3.1526e-06
3.1608e-06
3.1691e-06
3.1774e-06
3.1857e-06
3.194e-06
3.2023e-06
3.2106e-06
3.219e-06
3.2274e-06
3.2358e-06
3.2442e-06
3.2526e-06
3.261e-06
3.2695e-06
3.278e-06
3.2865e-06
3.295e-06
3.3035e-06
3.312e-06
3.3206e-06
3.3292e-06
3.3378e-06
3.3464e-06
3.355e-06
3.3637e-06
3.3723e-06
3.381e-06
3.3897e-06
3.3984e-06
3.4072e-06
3.4159e-06
3.4247e-06
3.4335e-06
3.4423e-06
3.4511e-06
3.4599e-06
3.4688e-06
3.4777e-06
3.4866e-06
3.4955e-06
3.5044e-06
3.5134e-06
3.5223e-06
3.5313e-06
3.5403e-06
3.5493e-06
3.5583e-06
3.5674e-06
3.5765e-06
3.5856e-06
3.5947e-06
3.6038e-06
3.6129e-06
3.6221e-06
3.6313e-06
3.6405e-06
3.6497e-06
3.6589e-06
3.6682e-06
3.6774e-06
3.6867e-06
3.696e-06
3.7053e-06
3.7147e-06
3.724e-06
3.7334e-06
3.7428e-06
3.7522e-06
3.7616e-06
3.7711e-06
3.7805e-06
3.79e-06
3.7995e-06
3.8091e-06
3.8186e-06
3.8281e-06
3.8377e-06
3.8473e-06
3.8569e-06
3.8666e-06
3.8762e-06
3.8859e-06
3.8956e-06
3.9053e-06
3.915e-06
3.9247e-06
3.9345e-06
3.9443e-06
3.9541e-06
3.9639e-06
3.9737e-06
3.9836e-06
3.9934e-06
4.0033e-06
4.0132e-06
4.0232e-06
4.0331e-06
4.0431e-06
4.053e-06
4.063e-06
4.0731e-06
4.0831e-06
4.0932e-06
4.1032e-06
4.1133e-06
4.1234e-06
4.1336e-06
4.1437e-06
4.1539e-06
4.1641e-06
4.1743e-06
4.1845e-06
4.1948e-06
4.205e-06
4.2153e-06
4.2256e-06
4.2359e-06
4.2463e-06
4.2566e-06
4.267e-06
4.2774e-06
4.2878e-06
4.2983e-06
4.3087e-06
4.3192e-06
4.3297e-06
4.3402e-06
4.3507e-06
4.3613e-06
4.3718e-06
4.3824e-06
4.393e-06
4.4037e-06
4.4143e-06
4.425e-06
4.4357e-06
4.4464e-06
4.4571e-06
4.4678e-06
4.4786e-06
4.4894e-06
4.5002e-06
4.511e-06
4.5218e-06
4.5327e-06
4.5436e-06
4.5545e-06
4.5654e-06
4.5763e-06
4.5873e-06
4.5982e-06
4.6092e-06
4.6202e-06
4.6313e-06
4.6423e-06
4.6534e-06
4.6645e-06
4.6756e-06
4.6867e-06
4.6979e-06
4.7091e-06
4.7203e-06
4.7315e-06
4.7427e-06
4.7539e-06
4.7652e-06
4.7765e-06
4.7878e-06
4.7991e-06
4.8105e-06
4.8219e-06
4.8332e-06
4.8447e-06
4.8561e-06
4.8675e-06
4.879e-06
4.8905e-06
4.902e-06
4.9135e-06
4.9251e-06
4.9366e-06
4.9482e-06
4.9598e-06
4.9714e-06
4.9831e-06
4.9948e-06
5.0064e-06
5.0181e-06
5.0299e-06
5.0416e-06
5.0534e-06
5.0652e-06
5.077e-06
5.0888e-06
5.1006e-06
5.1125e-06
5.1244e-06
5.1363e-06
5.1482e-06
5.1602e-06
5.1721e-06
5.1841e-06
5.1961e-06
5.2082e-06
5.2202e-06
5.2323e-06
5.2444e-06
5.2565e-06
5.2686e-06
5.2808e-06
5.2929e-06
5.3051e-06
5.3173e-06
5.3295e-06
5.3418e-06
5.3541e-06
5.3664e-06
5.3787e-06
5.391e-06
5.4034e-06
5.4157e-06
5.4281e-06
5.4405e-06
5.453e-06
5.4654e-06
5.4779e-06
5.4904e-06
5.5029e-06
5.5154e-06
5.528e-06
5.5406e-06
5.5532e-06
5.5658e-06
5.5784e-06
5.5911e-06
5.6038e-06
5.6164e-06
5.6292e-06
5.6419e-06
5.6547e-06
5.6675e-06
5.6803e-06
5.6931e-06
5.7059e-06
5.7188e-06
5.7317e-06
5.7446e-06
5.7575e-06
5.7704e-06
5.7834e-06
5.7964e-06
5.8094e-06
5.8224e-06
5.8355e-06
5.8485e-06
5.8616e-06
5.8747e-06
5.8879e-06
5.901e-06
5.9142e-06
5.9274e-06
5.9406e-06
5.9538e-06
5.9671e-06
5.9804e-06
5.9937e-06
6.007e-06
6.0203e-06
6.0337e-06
6.0471e-06
6.0605e-06
6.0739e-06
6.0873e-06
6.1008e-06
6.1143e-06
6.1278e-06
6.1413e-06
6.1549e-06
6.1684e-06
6.182e-06
6.1956e-06
6.2093e-06
6.2229e-06
6.2366e-06
6.2503e-06
6.264e-06
6.2777e-06
6.2915e-06
6.3053e-06
6.3191e-06
6.3329e-06
6.3467e-06
6.3606e-06
6.3745e-06
6.3884e-06
6.4023e-06
6.4162e-06
6.4302e-06
6.4442e-06
6.4582e-06
6.4722e-06
6.4863e-06
6.5003e-06
6.5144e-06
6.5285e-06
6.5427e-06
6.5568e-06
6.571e-06
6.5852e-06
6.5994e-06
6.6136e-06
6.6279e-06
6.6422e-06
6.6565e-06
6.6708e-06
6.6852e-06
6.6995e-06
6.7139e-06
6.7283e-06
6.7427e-06
6.7572e-06
6.7716e-06
6.7861e-06
6.8006e-06
6.8152e-06
6.8297e-06
6.8443e-06
6.8589e-06
6.8735e-06
6.8882e-06
6.9028e-06
6.9175e-06
6.9322e-06
6.9469e-06
6.9617e-06
6.9764e-06
6.9912e-06
7.006e-06
7.0208e-06
7.0357e-06
7.0506e-06
7.0654e-06
7.0804e-06
7.0953e-06
7.1102e-06
7.1252e-06
7.1402e-06
7.1552e-06
7.1703e-06
7.1853e-06
7.2004e-06
7.2155e-06
7.2306e-06
7.2458e-06
7.2609e-06
7.2761e-06
7.2913e-06
7.3065e-06
7.3218e-06
7.3371e-06
7.3523e-06
7.3677e-06
7.383e-06
7.3983e-06
7.4137e-06
7.4291e-06
7.4445e-06
7.46e-06
7.4754e-06
7.4909e-06
7.5064e-06
7.5219e-06
7.5375e-06
7.553e-06
7.5686e-06
7.5842e-06
7.5999e-06
7.6155e-06
7.6312e-06
7.6469e-06
7.6626e-06
7.6783e-06
7.6941e-06
7.7098e-06
7.7256e-06
7.7414e-06
7.7573e-06
7.7731e-06
7.789e-06
7.8049e-06
7.8208e-06
7.8368e-06
7.8527e-06
7.8687e-06
7.8847e-06
7.9008e-06
7.9168e-06
7.9329e-06
7.949e-06
7.9651e-06
7.9812e-06
7.9973e-06
8.0135e-06
8.0297e-06
8.0459e-06
8.0622e-06
8.0784e-06
8.0947e-06
8.111e-06
8.1273e-06
8.1437e-06
8.16e-06
8.1764e-06
8.1928e-06
8.2092e-06
8.2257e-06
8.2421e-06
8.2586e-06
8.2751e-06
8.2916e-06
8.3082e-06
8.3248e-06
8.3414e-06
8.358e-06
8.3746e-06
8.3913e-06
8.4079e-06
8.4246e-06
8.4413e-06
8.4581e-06
8.4748e-06
8.4916e-06
8.5084e-06
8.5252e-06
8.5421e-06
8.5589e-06
8.5758e-06
8.5927e-06
8.6096e-06
8.6266e-06
8.6435e-06
8.6605e-06
8.6775e-06
8.6945e-06
8.7116e-06
8.7287e-06
8.7457e-06
8.7628e-06
8.78e-06
8.7971e-06
8.8143e-06
8.8315e-06
8.8487e-06
8.8659e-06
8.8832e-06
8.9005e-06
8.9177e-06
8.9351e-06
8.9524e-06
8.9697e-06
8.9871e-06
9.0045e-06
9.0219e-06
9.0394e-06
9.0568e-06
9.0743e-06
9.0918e-06
9.1093e-06
9.1269e-06
9.1444e-06
9.162e-06
9.1796e-06
9.1972e-06
9.2148e-06
9.2325e-06
9.2502e-06
9.2679e-06
9.2856e-06
9.3033e-06
9.3211e-06
9.3389e-06
9.3567e-06
9.3745e-06
9.3924e-06
9.4102e-06
9.4281e-06
9.446e-06
9.4639e-06
9.4819e-06
9.4998e-06
9.5178e-06
9.5358e-06
9.5538e-06
9.5719e-06
9.5899e-06
9.608e-06
9.6261e-06
9.6443e-06
9.6624e-06
9.6806e-06
9.6987e-06
9.7169e-06
9.7352e-06
9.7534e-06
9.7717e-06
9.79e-06
9.8083e-06
9.8266e-06
9.8449e-06
9.8633e-06
9.8817e-06
9.9001e-06
9.9185e-06
9.9369e-06
9.9554e-06
9.9739e-06
9.9924e-06
1.0011e-05
1.0029e-05
1.0048e-05
1.0067e-05
1.0085e-05
1.0104e-05
1.0122e-05
1.0141e-05
1.016e-05
1.0178e-05
1.0197e-05
1.0216e-05
1.0235e-05
1.0253e-05
1.0272e-05
1.0291e-05
1.031e-05
1.0329e-05
1.0348e-05
1.0366e-05
1.0385e-05
1.0404e-05
1.0423e-05
1.0442e-05
1.0461e-05
1.048e-05
1.0499e-05
1.0518e-05
1.0537e-05
1.0556e-05
1.0575e-05
1.0595e-05
1.0614e-05
1.0633e-05
1.0652e-05
1.0671e-05
1.069e-05
1.071e-05
1.0729e-05
1.0748e-05
1.0768e-05
1.0787e-05
1.0806e-05
1.0825e-05
1.0845e-05
1.0864e-05
1.0884e-05
1.0903e-05
1.0922e-05
1.0942e-05
1.0961e-05
1.0981e-05
1.1e-05
1.102e-05
1.104e-05
1.1059e-05
1.1079e-05
1.1098e-05
1.1118e-05
1.1138e-05
1.1157e-05
1.1177e-05
1.1197e-05
1.1216e-05
1.1236e-05
1.1256e-05
1.1276e-05
1.1295e-05
1.1315e-05
1.1335e-05
1.1355e-05
1.1375e-05
1.1395e-05
1.1414e-05
1.1434e-05
1.1454e-05
1.1474e-05
1.1494e-05
1.1514e-05
1.1534e-05
1.1554e-05
1.1574e-05
1.1594e-05
1.1614e-05
1.1634e-05
1.1655e-05
1.1675e-05
1.1695e-05
1.1715e-05
1.1735e-05
1.1755e-05
1.1776e-05
1.1796e-05
1.1816e-05
1.1836e-05
1.1857e-05
1.1877e-05
1.1897e-05
1.1918e-05
1.1938e-05
1.1958e-05
1.1979e-05
1.1999e-05
1.202e-05
1.204e-05
1.206e-05
1.2081e-05
1.2101e-05
1.2122e-05
1.2142e-05
1.2163e-05
1.2184e-05
1.2204e-05
1.2225e-05
1.2245e-05
1.2266e-05
1.2287e-05
1.2307e-05
1.2328e-05
1.2349e-05
1.2369e-05
1.239e-05
1.2411e-05
1.2432e-05
1.2452e-05
1.2473e-05
1.2494e-05
1.2515e-05
1.2536e-05
1.2556e-05
1.2577e-05
1.2598e-05
1.2619e-05
1.264e-05
1.2661e-05
1.2682e-05
1.2703e-05
1.2724e-05
1.2745e-05
1.2766e-05
1.2787e-05
1.2808e-05
1.2829e-05
1.285e-05
1.2871e-05
1.2892e-05
1.2913e-05
1.2935e-05
1.2956e-05
1.2977e-05
1.2998e-05
1.3019e-05
1.3041e-05
1.3062e-05
1.3083e-05
1.3104e-05
1.3126e-05
1.3147e-05
1.3168e-05
1.319e-05
1.3211e-05
1.3232e-05
1.3254e-05
1.3275e-05
1.3296e-05
1.3318e-05
1.3339e-05
1.3361e-05
1.3382e-05
1.3404e-05
1.3425e-05
1.3447e-05
1.3468e-05
1.349e-05
1.3511e-05
1.3533e-05
1.3554e-05
1.3576e-05
1.3598e-05
1.3619e-05
1.3641e-05
1.3663e-05
1.3684e-05
1.3706e-05
1.3728e-05
1.3749e-05
1.3771e-05
1.3793e-05
1.3815e-05
1.3836e-05
1.3858e-05
1.388e-05
1.3902e-05
1.3924e-05
1.3945e-05
1.3967e-05
1.3989e-05
1.4011e-05
1.4033e-05
1.4055e-05
1.4077e-05
1.4099e-05
1.4121e-05
1.4142e-05
1.4164e-05
1.4186e-05
1.4208e-05
1.423e-05
1.4252e-05
1.4275e-05
1.4297e-05
1.4319e-05
1.4341e-05
1.4363e-05
1.4385e-05
1.4407e-05
1.4429e-05
1.4451e-05
1.4473e-05
1.4496e-05
1.4518e-05
1.454e-05
1.4562e-05
1.4584e-05
1.4607e-05
1.4629e-05
1.4651e-05
1.4673e-05
1.4696e-05
1.4718e-05
1.474e-05
1.4763e-05
1.4785e-05
1.4807e-05
1.483e-05
1.4852e-05
1.4874e-05
1.4897e-05
1.4919e-05
1.4942e-05
1.4964e-05
1.4986e-05
1.5009e-05
1.5031e-05
1.5054e-05
1.5076e-05
1.5099e-05
1.5121e-05
1.5144e-05
1.5166e-05
1.5189e-05
1.5211e-05
1.5234e-05
1.5257e-05
1.5279e-05
1.5302e-05
1.5324e-05
1.5347e-05
1.537e-05
1.5392e-05
1.5415e-05
1.5438e-05
1.546e-05
1.5483e-05
1.5506e-05
1.5528e-05
1.5551e-05
1.5574e-05
1.5596e-05
1.5619e-05
1.5642e-05
1.5665e-05
1.5688e-05
1.571e-05
1.5733e-05
1.5756e-05
1.5779e-05
1.5802e-05
1.5824e-05
1.5847e-05
1.587e-05
1.5893e-05
1.5916e-05
1.5939e-05
1.5962e-05
1.5984e-05
1.6007e-05
1.603e-05
1.6053e-05
1.6076e-05
1.6099e-05
1.6122e-05
1.6145e-05
1.6168e-05
1.6191e-05
1.6214e-05
1.6237e-05
1.626e-05
1.6283e-05
1.6306e-05
1.6329e-05
1.6352e-05
1.6375e-05
1.6398e-05
1.6421e-05
1.6444e-05
1.6467e-05
1.6491e-05
1.6514e-05
1.6537e-05
1.656e-05
1.6583e-05
1.6606e-05
1.6629e-05
1.6652e-05
1.6676e-05
1.6699e-05
1.6722e-05
1.6745e-05
1.6768e-05
1.6792e-05
1.6815e-05
1.6838e-05
1.6861e-05
1.6884e-05
1.6908e-05
1.6931e-05
1.6954e-05
1.6977e-05
1.7001e-05
1.7024e-05
1.7047e-05
1.707e-05
1.7094e-05
1.7117e-05
1.714e-05
1.7164e-05
1.7187e-05
1.721e-05
1.7234e-05
1.7257e-05
1.728e-05
1.7304e-05
1.7327e-05
1.735e-05
1.7374e-05
1.7397e-05
1.742e-05
1.7444e-05
1.7467e-05
1.7491e-05
1.7514e-05
1.7537e-05
1.7561e-05
1.7584e-05
1.7608e-05
1.7631e-05
1.7655e-05
1.7678e-05
1.7701e-05
1.7725e-05
1.7748e-05
1.7772e-05
1.7795e-05
1.7819e-05
1.7842e-05
1.7866e-05
1.7889e-05
1.7913e-05
1.7936e-05
1.796e-05
1.7983e-05
1.8007e-05
1.803e-05
1.8054e-05
1.8077e-05
1.8101e-05
1.8124e-05
1.8148e-05
1.8171e-05
1.8195e-05
1.8218e-05
1.8242e-05
1.8265e-05
1.8289e-05
1.8313e-05
1.8336e-05
1.836e-05
1.8383e-05
1.8407e-05
1.843e-05
1.8454e-05
1.8477e-05
1.8501e-05
1.8525e-05
1.8548e-05
1.8572e-05
1.8595e-05
1.8619e-05
1.8643e-05
1.8666e-05
1.869e-05
1.8713e-05
1.8737e-05
1.8761e-05
1.8784e-05
1.8808e-05
1.8831e-05
1.8855e-05
1.8879e-05
1.8902e-05
1.8926e-05
1.895e-05
1.8973e-05
1.8997e-05
1.902e-05
1.9044e-05
1.9068e-05
1.9091e-05
1.9115e-05
1.9139e-05
1.9162e-05
1.9186e-05
1.921e-05
1.9233e-05
1.9257e-05
1.928e-05
1.9304e-05
1.9328e-05
1.9351e-05
1.9375e-05
1.9399e-05
1.9422e-05
1.9446e-05
1.947e-05
1.9493e-05
1.9517e-05
1.9541e-05
1.9564e-05
1.9588e-05
1.9612e-05
1.9635e-05
1.9659e-05
1.9682e-05
1.9706e-05
1.973e-05
1.9753e-05
1.9777e-05
1.9801e-05
1.9824e-05
1.9848e-05
1.9872e-05
1.9895e-05
1.9919e-05
1.9943e-05
1.9966e-05
1.999e-05
2.0013e-05
2.0037e-05
2.0061e-05
2.0084e-05
2.0108e-05
2.0132e-05
2.0155e-05
2.0179e-05
2.0202e-05
2.0226e-05
2.025e-05
2.0273e-05
2.0297e-05
2.032e-05
2.0344e-05
2.0368e-05
2.0391e-05
2.0415e-05
2.0438e-05
2.0462e-05
2.0486e-05
2.0509e-05
2.0533e-05
2.0556e-05
2.058e-05
2.0604e-05
2.0627e-05
2.0651e-05
2.0674e-05
2.0698e-05
2.0721e-05
2.0745e-05
2.0768e-05
2.0792e-05
2.0816e-05
2.0839e-05
2.0863e-05
2.0886e-05
2.091e-05
2.0933e-05
2.0957e-05
2.098e-05
2.1004e-05
2.1027e-05
2.1051e-05
2.1074e-05
2.1098e-05
2.1121e-05
2.1145e-05
2.1168e-05
2.1192e-05
2.1215e-05
2.1239e-05
2.1262e-05
2.1286e-05
2.1309e-05
2.1332e-05
2.1356e-05
2.1379e-05
2.1403e-05
2.1426e-05
2.145e-05
2.1473e-05
2.1496e-05
2.152e-05
2.1543e-05
2.1567e-05
2.159e-05
2.1613e-05
2.1637e-05
2.166e-05
2.1683e-05
2.1707e-05
2.173e-05
2.1753e-05
2.1777e-05
2.18e-05
2.1823e-05
2.1847e-05
2.187e-05
2.1893e-05
2.1916e-05
2.194e-05
2.1963e-05
2.1986e-05
2.2009e-05
2.2033e-05
2.2056e-05
2.2079e-05
2.2102e-05
2.2126e-05
2.2149e-05
2.2172e-05
2.2195e-05
2.2218e-05
2.2242e-05
2.2265e-05
2.2288e-05
2.2311e-05
2.2334e-05
2.2357e-05
2.238e-05
2.2403e-05
2.2427e-05
2.245e-05
2.2473e-05
2.2496e-05
2.2519e-05
2.2542e-05
2.2565e-05
2.2588e-05
2.2611e-05
2.2634e-05
2.2657e-05
2.268e-05
2.2703e-05
2.2726e-05
2.2749e-05
2.2772e-05
2.2795e-05
2.2818e-05
2.2841e-05
2.2864e-05
2.2887e-05
2.2909e-05
2.2932e-05
2.2955e-05
2.2978e-05
2.3001e-05
2.3024e-05
2.3047e-05
2.3069e-05
2.3092e-05
2.3115e-05
2.3138e-05
2.3161e-05
2.3183e-05
2.3206e-05
2.3229e-05
2.3251e-05
2.3274e-05
2.3297e-05
2.332e-05
2.3342e-05
2.3365e-05
2.3388e-05
2.341e-05
2.3433e-05
2.3455e-05
2.3478e-05
2.3501e-05
2.3523e-05
2.3546e-05
2.3568e-05
2.3591e-05
2.3613e-05
2.3636e-05
2.3658e-05
2.3681e-05
2.3703e-05
2.3726e-05
2.3748e-05
2.3771e-05
2.3793e-05
2.3815e-05
2.3838e-05
2.386e-05
2.3883e-05
2.3905e-05
2.3927e-05
2.395e-05
2.3972e-05
2.3994e-05
2.4016e-05
2.4039e-05
2.4061e-05
2.4083e-05
2.4105e-05
2.4128e-05
2.415e-05
2.4172e-05
2.4194e-05
2.4216e-05
2.4238e-05
2.4261e-05
2.4283e-05
2.4305e-05
2.4327e-05
2.4349e-05
2.4371e-05
2.4393e-05
2.4415e-05
2.4437e-05
2.4459e-05
2.4481e-05
2.4503e-05
2.4525e-05
2.4546e-05
2.4568e-05
2.459e-05
2.4612e-05
2.4634e-05
2.4656e-05
2.4678e-05
2.4699e-05
2.4721e-05
2.4743e-05
2.4765e-05
2.4786e-05
2.4808e-05
2.483e-05
2.4851e-05
2.4873e-05
2.4895e-05
2.4916e-05
2.4938e-05
2.4959e-05
2.4981e-05
2.5003e-05
2.5024e-05
2.5046e-05
2.5067e-05
2.5089e-05
2.511e-05
2.5131e-05
2.5153e-05
2.5174e-05
2.5196e-05
2.5217e-05
2.5238e-05
2.526e-05
2.5281e-05
2.5302e-05
2.5323e-05
2.5345e-05
2.5366e-05
2.5387e-05
2.5408e-05
2.5429e-05
2.5451e-05
2.5472e-05
2.5493e-05
2.5514e-05
2.5535e-05
2.5556e-05
2.5577e-05
2.5598e-05
2.5619e-05
2.564e-05
2.5661e-05
2.5682e-05
2.5703e-05
2.5724e-05
2.5744e-05
2.5765e-05
2.5786e-05
2.5807e-05
2.5828e-05
2.5848e-05
2.5869e-05
2.589e-05
2.5911e-05
2.5931e-05
2.5952e-05
2.5973e-05
2.5993e-05
2.6014e-05
2.6034e-05
2.6055e-05
2.6075e-05
2.6096e-05
2.6116e-05
2.6137e-05
2.6157e-05
2.6178e-05
2.6198e-05
2.6218e-05
2.6239e-05
2.6259e-05
2.6279e-05
2.63e-05
2.632e-05
2.634e-05
2.636e-05
2.638e-05
2.6401e-05
2.6421e-05
2.6441e-05
2.6461e-05
2.6481e-05
2.6501e-05
2.6521e-05
2.6541e-05
2.6561e-05
2.6581e-05
2.6601e-05
2.6621e-05
2.6641e-05
2.666e-05
2.668e-05
2.67e-05
2.672e-05
2.674e-05
2.6759e-05
2.6779e-05
2.6799e-05
2.6818e-05
2.6838e-05
2.6857e-05
2.6877e-05
2.6897e-05
2.6916e-05
2.6936e-05
2.6955e-05
2.6975e-05
2.6994e-05
2.7013e-05
2.7033e-05
2.7052e-05
2.7071e-05
2.7091e-05
2.711e-05
2.7129e-05
2.7148e-05
2.7168e-05
2.7187e-05
2.7206e-05
2.7225e-05
2.7244e-05
2.7263e-05
2.7282e-05
2.7301e-05
2.732e-05
2.7339e-05
2.7358e-05
2.7377e-05
2.7396e-05
2.7415e-05
2.7433e-05
2.7452e-05
2.7471e-05
2.749e-05
2.7508e-05
2.7527e-05
2.7546e-05
2.7564e-05
2.7583e-05
2.7601e-05
2.762e-05
2.7639e-05
2.7657e-05
2.7675e-05
2.7694e-05
2.7712e-05
2.7731e-05
2.7749e-05
2.7767e-05
2.7786e-05
2.7804e-05
2.7822e-05
2.784e-05
2.7858e-05
2.7877e-05
2.7895e-05
2.7913e-05
2.7931e-05
2.7949e-05
2.7967e-05
2.7985e-05
2.8003e-05
2.8021e-05
2.8038e-05
2.8056e-05
2.8074e-05
2.8092e-05
2.811e-05
2.8127e-05
2.8145e-05
2.8163e-05
2.818e-05
2.8198e-05
2.8215e-05
2.8233e-05
2.8251e-05
2.8268e-05
2.8285e-05
2.8303e-05
2.832e-05
2.8338e-05
2.8355e-05
2.8372e-05
2.8389e-05
2.8407e-05
2.8424e-05
2.8441e-05
2.8458e-05
2.8475e-05
2.8492e-05
2.8509e-05
2.8526e-05
2.8543e-05
2.856e-05
2.8577e-05
2.8594e-05
2.8611e-05
2.8628e-05
2.8645e-05
2.8661e-05
2.8678e-05
2.8695e-05
2.8711e-05
2.8728e-05
2.8745e-05
2.8761e-05
2.8778e-05
2.8794e-05
2.8811e-05
2.8827e-05
2.8844e-05
2.886e-05
2.8876e-05
2.8893e-05
2.8909e-05
2.8925e-05
2.8941e-05
2.8957e-05
2.8974e-05
2.899e-05
2.9006e-05
2.9022e-05
2.9038e-05
2.9054e-05
2.907e-05
2.9086e-05
2.9101e-05
2.9117e-05
2.9133e-05
2.9149e-05
2.9165e-05
2.918e-05
2.9196e-05
2.9211e-05
2.9227e-05
2.9243e-05
2.9258e-05
2.9274e-05
2.9289e-05
2.9305e-05
2.932e-05
2.9335e-05
2.9351e-05
2.9366e-05
2.9381e-05
2.9396e-05
2.9411e-05
2.9427e-05
2.9442e-05
2.9457e-05
2.9472e-05
2.9487e-05
2.9502e-05
2.9517e-05
2.9531e-05
2.9546e-05
2.9561e-05
2.9576e-05
2.9591e-05
2.9605e-05
2.962e-05
2.9635e-05
2.9649e-05
2.9664e-05
2.9678e-05
2.9693e-05
2.9707e-05
2.9722e-05
2.9736e-05
2.975e-05
2.9765e-05
2.9779e-05
2.9793e-05
2.9807e-05
2.9822e-05
2.9836e-05
2.985e-05
2.9864e-05
2.9878e-05
2.9892e-05
2.9906e-05
2.992e-05
2.9934e-05
2.9947e-05
2.9961e-05
2.9975e-05
2.9989e-05
3.0002e-05
3.0016e-05
3.0029e-05
3.0043e-05
3.0057e-05
3.007e-05
3.0083e-05
3.0097e-05
3.011e-05
3.0124e-05
3.0137e-05
3.015e-05
3.0163e-05
3.0177e-05
3.019e-05
3.0203e-05
3.0216e-05
3.0229e-05
3.0242e-05
3.0255e-05
3.0268e-05
3.0281e-05
3.0293e-05
3.0306e-05
3.0319e-05
3.0332e-05
3.0344e-05
3.0357e-05
3.0369e-05
3.0382e-05
3.0395e-05
3.0407e-05
3.0419e-05
3.0432e-05
3.0444e-05
3.0457e-05
3.0469e-05
3.0481e-05
3.0493e-05
3.0505e-05
3.0518e-05
3.053e-05
3.0542e-05
3.0554e-05
3.0566e-05
3.0577e-05
3.0589e-05
3.0601e-05
3.0613e-05
3.0625e-05
3.0636e-05
3.0648e-05
3.066e-05
3.0671e-05
3.0683e-05
3.0694e-05
3.0706e-05
3.0717e-05
3.0729e-05
3.074e-05
3.0751e-05
3.0763e-05
3.0774e-05
3.0785e-05
3.0796e-05
3.0807e-05
3.0818e-05
3.0829e-05
3.084e-05
3.0851e-05
3.0862e-05
3.0873e-05
3.0884e-05
3.0895e-05
3.0905e-05
3.0916e-05
3.0927e-05
3.0937e-05
3.0948e-05
3.0958e-05
3.0969e-05
3.0979e-05
3.099e-05
3.1e-05
3.101e-05
3.1021e-05
3.1031e-05
3.1041e-05
3.1051e-05
3.1061e-05
3.1071e-05
3.1081e-05
3.1091e-05
3.1101e-05
3.1111e-05
3.1121e-05
3.1131e-05
3.1141e-05
3.115e-05
3.116e-05
3.117e-05
3.1179e-05
3.1189e-05
3.1198e-05
3.1208e-05
3.1217e-05
3.1227e-05
3.1236e-05
3.1245e-05
3.1254e-05
3.1264e-05
3.1273e-05
3.1282e-05
3.1291e-05
3.13e-05
3.1309e-05
3.1318e-05
3.1327e-05
3.1336e-05
3.1345e-05
3.1353e-05
3.1362e-05
3.1371e-05
3.1379e-05
3.1388e-05
3.1397e-05
3.1405e-05
3.1413e-05
3.1422e-05
3.143e-05
3.1439e-05
3.1447e-05
3.1455e-05
3.1463e-05
3.1472e-05
3.148e-05
3.1488e-05
3.1496e-05
3.1504e-05
3.1512e-05
3.152e-05
3.1527e-05
3.1535e-05
3.1543e-05
3.1551e-05
3.1558e-05
3.1566e-05
3.1574e-05
3.1581e-05
3.1589e-05
3.1596e-05
3.1603e-05
3.1611e-05
3.1618e-05
3.1625e-05
3.1633e-05
3.164e-05
3.1647e-05
3.1654e-05
3.1661e-05
3.1668e-05
3.1675e-05
3.1682e-05
3.1689e-05
3.1696e-05
3.1702e-05
3.1709e-05
3.1716e-05
3.1723e-05
3.1729e-05
3.1736e-05
3.1742e-05
3.1749e-05
3.1755e-05
3.1761e-05
3.1768e-05
3.1774e-05
3.178e-05
3.1786e-05
3.1793e-05
3.1799e-05
3.1805e-05
3.1811e-05
3.1817e-05
3.1823e-05
3.1829e-05
3.1834e-05
3.184e-05
3.1846e-05
3.1852e-05
3.1857e-05
3.1863e-05
3.1868e-05
3.1874e-05
3.1879e-05
3.1885e-05
3.189e-05
3.1895e-05
3.1901e-05
3.1906e-05
3.1911e-05
3.1916e-05
3.1921e-05
3.1926e-05
3.1931e-05
3.1936e-05
3.1941e-05
3.1946e-05
3.1951e-05
3.1956e-05
3.196e-05
3.1965e-05
3.197e-05
3.1974e-05
3.1979e-05
3.1983e-05
3.1988e-05
3.1992e-05
3.1997e-05
3.2001e-05
3.2005e-05
3.2009e-05
3.2014e-05
3.2018e-05
3.2022e-05
3.2026e-05
3.203e-05
3.2034e-05
3.2038e-05
3.2041e-05
3.2045e-05
3.2049e-05
3.2053e-05
3.2056e-05
3.206e-05
3.2064e-05
3.2067e-05
3.2071e-05
3.2074e-05
3.2077e-05
3.2081e-05
3.2084e-05
3.2087e-05
3.209e-05
3.2094e-05
3.2097e-05
3.21e-05
3.2103e-05
3.2106e-05
3.2109e-05
3.2111e-05
3.2114e-05
3.2117e-05
3.212e-05
3.2122e-05
3.2125e-05
3.2128e-05
3.213e-05
3.2133e-05
3.2135e-05
3.2138e-05
3.214e-05
3.2142e-05
3.2144e-05
3.2147e-05
3.2149e-05
3.2151e-05
3.2153e-05
3.2155e-05
3.2157e-05
3.2159e-05
3.2161e-05
3.2163e-05
3.2164e-05
3.2166e-05
3.2168e-05
3.2169e-05
3.2171e-05
3.2173e-05
3.2174e-05
3.2176e-05
3.2177e-05
3.2178e-05
3.218e-05
3.2181e-05
3.2182e-05
3.2183e-05
3.2184e-05
3.2186e-05
3.2187e-05
3.2188e-05
3.2188e-05
3.2189e-05
3.219e-05
3.2191e-05
3.2192e-05
3.2192e-05
3.2193e-05
3.2194e-05
3.2194e-05
3.2195e-05
3.2195e-05
3.2196e-05
3.2196e-05
3.2196e-05
3.2197e-05
3.2197e-05
3.2197e-05
3.2197e-05
3.2197e-05
3.2197e-05
3.2197e-05
3.2197e-05
3.2197e-05
3.2197e-05
3.2197e-05
3.2197e-05
3.2196e-05
3.2196e-05
3.2196e-05
3.2195e-05
3.2195e-05
3.2194e-05
3.2194e-05
3.2193e-05
3.2192e-05
3.2192e-05
3.2191e-05
3.219e-05
3.2189e-05
3.2188e-05
3.2187e-05
3.2186e-05
3.2185e-05
3.2184e-05
3.2183e-05
3.2182e-05
3.2181e-05
3.2179e-05
3.2178e-05
3.2177e-05
3.2175e-05
3.2174e-05
3.2172e-05
3.2171e-05
3.2169e-05
3.2167e-05
3.2166e-05
3.2164e-05
3.2162e-05
3.216e-05
3.2158e-05
3.2156e-05
3.2154e-05
3.2152e-05
3.215e-05
3.2148e-05
3.2146e-05
3.2144e-05
3.2142e-05
3.2139e-05
3.2137e-05
3.2134e-05
3.2132e-05
3.2129e-05
3.2127e-05
3.2124e-05
3.2122e-05
3.2119e-05
3.2116e-05
3.2113e-05
3.2111e-05
3.2108e-05
3.2105e-05
3.2102e-05
3.2099e-05
3.2096e-05
3.2093e-05
3.209e-05
3.2086e-05
3.2083e-05
3.208e-05
3.2076e-05
3.2073e-05
3.207e-05
3.2066e-05
3.2063e-05
3.2059e-05
3.2055e-05
3.2052e-05
3.2048e-05
3.2044e-05
3.204e-05
3.2037e-05
3.2033e-05
3.2029e-05
3.2025e-05
3.2021e-05
3.2017e-05
3.2012e-05
3.2008e-05
3.2004e-05
3.2e-05
3.1995e-05
3.1991e-05
3.1987e-05
3.1982e-05
3.1978e-05
3.1973e-05
3.1968e-05
3.1964e-05
3.1959e-05
3.1954e-05
3.195e-05
3.1945e-05
3.194e-05
3.1935e-05
3.193e-05
3.1925e-05
3.192e-05
3.1915e-05
3.191e-05
3.1904e-05
3.1899e-05
3.1894e-05
3.1889e-05
3.1883e-05
3.1878e-05
3.1872e-05
3.1867e-05
3.1861e-05
3.1856e-05
3.185e-05
3.1844e-05
3.1838e-05
3.1833e-05
3.1827e-05
3.1821e-05
3.1815e-05
3.1809e-05
3.1803e-05
3.1797e-05
3.1791e-05
3.1785e-05
3.1778e-05
3.1772e-05
3.1766e-05
3.176e-05
3.1753e-05
3.1747e-05
3.174e-05
3.1734e-05
3.1727e-05
3.1721e-05
3.1714e-05
3.1707e-05
3.1701e-05
3.1694e-05
3.1687e-05
3.168e-05
3.1673e-05
3.1666e-05
3.1659e-05
3.1652e-05
3.1645e-05
3.1638e-05
3.1631e-05
3.1623e-05
3.1616e-05
3.1609e-05
3.1601e-05
3.1594e-05
3.1586e-05
3.1579e-05
3.1571e-05
3.1564e-05
3.1556e-05
3.1548e-05
3.1541e-05
3.1533e-05
3.1525e-05
3.1517e-05
3.1509e-05
3.1501e-05
3.1493e-05
3.1485e-05
3.1477e-05
3.1469e-05
3.1461e-05
3.1453e-05
3.1445e-05
3.1436e-05
3.1428e-05
3.1419e-05
3.1411e-05
3.1403e-05
3.1394e-05
3.1385e-05
3.1377e-05
3.1368e-05
3.136e-05
3.1351e-05
3.1342e-05
3.1333e-05
3.1324e-05
3.1315e-05
3.1306e-05
3.1297e-05
3.1288e-05
3.1279e-05
3.127e-05
3.1261e-05
3.1252e-05
3.1242e-05
3.1233e-05
3.1224e-05
3.1214e-05
3.1205e-05
3.1196e-05
3.1186e-05
3.1176e-05
3.1167e-05
3.1157e-05
3.1148e-05
3.1138e-05
3.1128e-05
3.1118e-05
3.1108e-05
3.1098e-05
3.1088e-05
3.1078e-05
3.1068e-05
3.1058e-05
3.1048e-05
3.1038e-05
3.1028e-05
3.1018e-05
3.1007e-05
3.0997e-05
3.0987e-05
3.0976e-05
3.0966e-05
3.0955e-05
3.0945e-05
3.0934e-05
3.0924e-05
3.0913e-05
3.0902e-05
3.0892e-05
3.0881e-05
3.087e-05
3.0859e-05
3.0848e-05
3.0837e-05
3.0826e-05
3.0815e-05
3.0804e-05
3.0793e-05
3.0782e-05
3.0771e-05
3.0759e-05
3.0748e-05
3.0737e-05
3.0725e-05
3.0714e-05
3.0703e-05
3.0691e-05
3.068e-05
3.0668e-05
3.0656e-05
3.0645e-05
3.0633e-05
3.0621e-05
3.061e-05
3.0598e-05
3.0586e-05
3.0574e-05
3.0562e-05
3.055e-05
3.0538e-05
3.0526e-05
3.0514e-05
3.0502e-05
3.049e-05
3.0477e-05
3.0465e-05
3.0453e-05
3.0441e-05
3.0428e-05
3.0416e-05
3.0403e-05
3.0391e-05
3.0378e-05
3.0366e-05
3.0353e-05
3.0341e-05
3.0328e-05
3.0315e-05
3.0302e-05
3.029e-05
3.0277e-05
3.0264e-05
3.0251e-05
3.0238e-05
3.0225e-05
3.0212e-05
3.0199e-05
3.0186e-05
3.0173e-05
3.0159e-05
3.0146e-05
3.0133e-05
3.012e-05
3.0106e-05
3.0093e-05
3.008e-05
3.0066e-05
3.0053e-05
3.0039e-05
3.0026e-05
3.0012e-05
2.9998e-05
2.9985e-05
2.9971e-05
2.9957e-05
2.9943e-05
2.9929e-05
2.9916e-05
2.9902e-05
2.9888e-05
2.9874e-05
2.986e-05
2.9846e-05
2.9832e-05
2.9817e-05
2.9803e-05
2.9789e-05
2.9775e-05
2.9761e-05
2.9746e-05
2.9732e-05
2.9718e-05
2.9703e-05
2.9689e-05
2.9674e-05
2.966e-05
2.9645e-05
2.963e-05
2.9616e-05
2.9601e-05
2.9586e-05
2.9572e-05
2.9557e-05
2.9542e-05
2.9527e-05
2.9512e-05
2.9497e-05
2.9482e-05
2.9467e-05
2.9452e-05
2.9437e-05
2.9422e-05
2.9407e-05
2.9392e-05
2.9377e-05
2.9361e-05
2.9346e-05
2.9331e-05
2.9315e-05
2.93e-05
2.9285e-05
2.9269e-05
2.9254e-05
2.9238e-05
2.9223e-05
2.9207e-05
2.9191e-05
2.9176e-05
2.916e-05
2.9144e-05
2.9128e-05
2.9113e-05
2.9097e-05
2.9081e-05
2.9065e-05
2.9049e-05
2.9033e-05
2.9017e-05
2.9001e-05
2.8985e-05
2.8969e-05
2.8953e-05
2.8937e-05
2.892e-05
2.8904e-05
2.8888e-05
2.8872e-05
2.8855e-05
2.8839e-05
2.8822e-05
2.8806e-05
2.879e-05
2.8773e-05
2.8756e-05
2.874e-05
2.8723e-05
2.8707e-05
2.869e-05
2.8673e-05
2.8657e-05
2.864e-05
2.8623e-05
2.8606e-05
2.8589e-05
2.8572e-05
2.8555e-05
2.8539e-05
2.8522e-05
2.8505e-05
2.8487e-05
2.847e-05
2.8453e-05
2.8436e-05
2.8419e-05
2.8402e-05
2.8384e-05
2.8367e-05
2.835e-05
2.8333e-05
2.8315e-05
2.8298e-05
2.828e-05
2.8263e-05
2.8245e-05
2.8228e-05
2.821e-05
2.8193e-05
2.8175e-05
2.8158e-05
2.814e-05
2.8122e-05
2.8104e-05
2.8087e-05
2.8069e-05
2.8051e-05
2.8033e-05
2.8015e-05
2.7997e-05
2.7979e-05
2.7962e-05
2.7944e-05
2.7925e-05
2.7907e-05
2.7889e-05
2.7871e-05
2.7853e-05
2.7835e-05
2.7817e-05
2.7798e-05
2.778e-05
2.7762e-05
2.7744e-05
2.7725e-05
2.7707e-05
2.7689e-05
2.767e-05
2.7652e-05
2.7633e-05
2.7615e-05
2.7596e-05
2.7577e-05
2.7559e-05
2.754e-05
2.7522e-05
2.7503e-05
2.7484e-05
2.7465e-05
2.7447e-05
2.7428e-05
2.7409e-05
2.739e-05
2.7371e-05
2.7352e-05
2.7334e-05
2.7315e-05
2.7296e-05
2.7277e-05
2.7258e-05
2.7239e-05
2.7219e-05
2.72e-05
2.7181e-05
2.7162e-05
2.7143e-05
2.7124e-05
2.7104e-05
2.7085e-05
2.7066e-05
2.7046e-05
2.7027e-05
2.7008e-05
2.6988e-05
2.6969e-05
2.6949e-05
2.693e-05
2.691e-05
2.6891e-05
2.6871e-05
2.6852e-05
2.6832e-05
2.6813e-05
2.6793e-05
2.6773e-05
2.6754e-05
2.6734e-05
2.6714e-05
2.6694e-05
2.6674e-05
2.6655e-05
2.6635e-05
2.6615e-05
2.6595e-05
2.6575e-05
2.6555e-05
2.6535e-05
2.6515e-05
2.6495e-05
2.6475e-05
2.6455e-05
2.6435e-05
2.6415e-05
2.6395e-05
2.6375e-05
2.6354e-05
2.6334e-05
2.6314e-05
2.6294e-05
2.6273e-05
2.6253e-05
2.6233e-05
2.6212e-05
2.6192e-05
2.6172e-05
2.6151e-05
2.6131e-05
2.611e-05
2.609e-05
2.6069e-05
2.6049e-05
2.6028e-05
2.6008e-05
2.5987e-05
2.5967e-05
2.5946e-05
2.5925e-05
2.5905e-05
2.5884e-05
2.5863e-05
2.5842e-05
2.5822e-05
2.5801e-05
2.578e-05
2.5759e-05
2.5738e-05
2.5718e-05
2.5697e-05
2.5676e-05
2.5655e-05
2.5634e-05
2.5613e-05
2.5592e-05
2.5571e-05
2.555e-05
2.5529e-05
2.5508e-05
2.5487e-05
2.5466e-05
2.5444e-05
2.5423e-05
2.5402e-05
2.5381e-05
2.536e-05
2.5338e-05
2.5317e-05
2.5296e-05
2.5275e-05
2.5253e-05
2.5232e-05
2.5211e-05
2.5189e-05
2.5168e-05
2.5147e-05
2.5125e-05
2.5104e-05
2.5082e-05
2.5061e-05
2.5039e-05
2.5018e-05
2.4996e-05
2.4975e-05
2.4953e-05
2.4932e-05
2.491e-05
2.4888e-05
2.4867e-05
2.4845e-05
2.4823e-05
2.4802e-05
2.478e-05
2.4758e-05
2.4737e-05
2.4715e-05
2.4693e-05
2.4671e-05
2.4649e-05
2.4628e-05
2.4606e-05
2.4584e-05
2.4562e-05
2.454e-05
2.4518e-05
2.4496e-05
2.4474e-05
2.4452e-05
2.443e-05
2.4408e-05
2.4386e-05
2.4364e-05
2.4342e-05
2.432e-05
2.4298e-05
2.4276e-05
2.4254e-05
2.4232e-05
2.421e-05
2.4188e-05
2.4166e-05
2.4143e-05
2.4121e-05
2.4099e-05
2.4077e-05
2.4055e-05
2.4032e-05
2.401e-05
2.3988e-05
2.3965e-05
2.3943e-05
2.3921e-05
2.3898e-05
2.3876e-05
2.3854e-05
2.3831e-05
2.3809e-05
2.3787e-05
2.3764e-05
2.3742e-05
2.3719e-05
2.3697e-05
2.3674e-05
2.3652e-05
2.3629e-05
2.3607e-05
2.3584e-05
2.3562e-05
2.3539e-05
2.3517e-05
2.3494e-05
2.3471e-05
2.3449e-05
2.3426e-05
2.3404e-05
2.3381e-05
2.3358e-05
2.3336e-05
2.3313e-05
2.329e-05
2.3268e-05
2.3245e-05
2.3222e-05
2.3199e-05
2.3177e-05
2.3154e-05
2.3131e-05
2.3108e-05
2.3086e-05
2.3063e-05
2.304e-05
2.3017e-05
2.2994e-05
2.2971e-05
2.2949e-05
2.2926e-05
2.2903e-05
2.288e-05
2.2857e-05
2.2834e-05
2.2811e-05
2.2788e-05
2.2765e-05
2.2742e-05
2.2719e-05
2.2696e-05
2.2673e-05
2.265e-05
2.2627e-05
2.2604e-05
2.2581e-05
2.2558e-05
2.2535e-05
2.2512e-05
2.2489e-05
2.2466e-05
2.2443e-05
2.242e-05
2.2397e-05
2.2374e-05
2.2351e-05
2.2327e-05
2.2304e-05
2.2281e-05
2.2258e-05
2.2235e-05
2.2212e-05
2.2188e-05
2.2165e-05
2.2142e-05
2.2119e-05
2.2096e-05
2.2072e-05
2.2049e-05
2.2026e-05
2.2003e-05
2.1979e-05
2.1956e-05
2.1933e-05
2.191e-05
2.1886e-05
2.1863e-05
2.184e-05
2.1817e-05
2.1793e-05
2.177e-05
2.1747e-05
2.1723e-05
2.17e-05
2.1677e-05
2.1653e-05
2.163e-05
2.1606e-05
2.1583e-05
2.156e-05
2.1536e-05
2.1513e-05
2.149e-05
2.1466e-05
2.1443e-05
2.1419e-05
2.1396e-05
2.1372e-05
2.1349e-05
2.1326e-05
2.1302e-05
2.1279e-05
2.1255e-05
2.1232e-05
2.1208e-05
2.1185e-05
2.1161e-05
2.1138e-05
2.1114e-05
2.1091e-05
2.1067e-05
2.1044e-05
2.102e-05
2.0997e-05
2.0973e-05
2.095e-05
2.0926e-05
2.0903e-05
2.0879e-05
2.0856e-05
2.0832e-05
2.0809e-05
2.0785e-05
2.0762e-05
2.0738e-05
2.0715e-05
2.0691e-05
2.0667e-05
2.0644e-05
2.062e-05
2.0597e-05
2.0573e-05
2.055e-05
2.0526e-05
2.0502e-05
2.0479e-05
2.0455e-05
2.0432e-05
2.0408e-05
2.0384e-05
2.0361e-05
2.0337e-05
2.0314e-05
2.029e-05
2.0266e-05
2.0243e-05
2.0219e-05
2.0196e-05
2.0172e-05
2.0148e-05
2.0125e-05
2.0101e-05
2.0077e-05
2.0054e-05
2.003e-05
2.0007e-05
1.9983e-05
1.9959e-05
1.9936e-05
1.9912e-05
1.9888e-05
1.9865e-05
1.9841e-05
1.9817e-05
1.9794e-05
1.977e-05
1.9747e-05
1.9723e-05
1.9699e-05
1.9676e-05
1.9652e-05
1.9628e-05
1.9605e-05
1.9581e-05
1.9557e-05
1.9534e-05
1.951e-05
1.9486e-05
1.9463e-05
1.9439e-05
1.9415e-05
1.9392e-05
1.9368e-05
1.9345e-05
1.9321e-05
1.9297e-05
1.9274e-05
1.925e-05
1.9226e-05
1.9203e-05
1.9179e-05
1.9155e-05
1.9132e-05
1.9108e-05
1.9084e-05
1.9061e-05
1.9037e-05
1.9014e-05
1.899e-05
1.8966e-05
1.8943e-05
1.8919e-05
1.8895e-05
1.8872e-05
1.8848e-05
1.8825e-05
1.8801e-05
1.8777e-05
1.8754e-05
1.873e-05
1.8707e-05
1.8683e-05
1.8659e-05
1.8636e-05
1.8612e-05
1.8589e-05
1.8565e-05
1.8541e-05
1.8518e-05
1.8494e-05
1.8471e-05
1.8447e-05
1.8423e-05
1.84e-05
1.8376e-05
1.8353e-05
1.8329e-05
1.8306e-05
1.8282e-05
1.8259e-05
1.8235e-05
1.8211e-05
1.8188e-05
1.8164e-05
1.8141e-05
1.8117e-05
1.8094e-05
1.807e-05
1.8047e-05
1.8023e-05
1.8e-05
1.7976e-05
1.7953e-05
1.7929e-05
1.7906e-05
1.7882e-05
1.7859e-05
1.7835e-05
1.7812e-05
1.7788e-05
1.7765e-05
1.7741e-05
1.7718e-05
1.7695e-05
1.7671e-05
1.7648e-05
1.7624e-05
1.7601e-05
1.7577e-05
1.7554e-05
1.7531e-05
1.7507e-05
1.7484e-05
1.746e-05
1.7437e-05
1.7414e-05
1.739e-05
1.7367e-05
1.7344e-05
1.732e-05
1.7297e-05
1.7273e-05
1.725e-05
1.7227e-05
1.7203e-05
1.718e-05
1.7157e-05
1.7134e-05
1.711e-05
1.7087e-05
1.7064e-05
1.704e-05
1.7017e-05
1.6994e-05
1.6971e-05
1.6947e-05
1.6924e-05
1.6901e-05
1.6878e-05
1.6854e-05
1.6831e-05
1.6808e-05
1.6785e-05
1.6762e-05
1.6738e-05
1.6715e-05
1.6692e-05
1.6669e-05
1.6646e-05
1.6623e-05
1.6599e-05
1.6576e-05
1.6553e-05
1.653e-05
1.6507e-05
1.6484e-05
1.6461e-05
1.6438e-05
1.6415e-05
1.6392e-05
1.6368e-05
1.6345e-05
1.6322e-05
1.6299e-05
1.6276e-05
1.6253e-05
1.623e-05
1.6207e-05
1.6184e-05
1.6161e-05
1.6138e-05
1.6115e-05
1.6092e-05
1.6069e-05
1.6047e-05
1.6024e-05
1.6001e-05
1.5978e-05
1.5955e-05
1.5932e-05
1.5909e-05
1.5886e-05
1.5863e-05
1.5841e-05
1.5818e-05
1.5795e-05
1.5772e-05
1.5749e-05
1.5726e-05
1.5704e-05
1.5681e-05
1.5658e-05
1.5635e-05
1.5613e-05
1.559e-05
1.5567e-05
1.5544e-05
1.5522e-05
1.5499e-05
1.5476e-05
1.5454e-05
1.5431e-05
1.5408e-05
1.5386e-05
1.5363e-05
1.534e-05
1.5318e-05
1.5295e-05
1.5273e-05
1.525e-05
1.5227e-05
1.5205e-05
1.5182e-05
1.516e-05
1.5137e-05
1.5115e-05
1.5092e-05
1.507e-05
1.5047e-05
1.5025e-05
1.5002e-05
1.498e-05
1.4957e-05
1.4935e-05
1.4913e-05
1.489e-05
1.4868e-05
1.4845e-05
1.4823e-05
1.4801e-05
1.4778e-05
1.4756e-05
1.4734e-05
1.4712e-05
1.4689e-05
1.4667e-05
1.4645e-05
1.4622e-05
1.46e-05
1.4578e-05
1.4556e-05
1.4534e-05
1.4511e-05
1.4489e-05
1.4467e-05
1.4445e-05
1.4423e-05
1.4401e-05
1.4378e-05
1.4356e-05
1.4334e-05
1.4312e-05
1.429e-05
1.4268e-05
1.4246e-05
1.4224e-05
1.4202e-05
1.418e-05
1.4158e-05
1.4136e-05
1.4114e-05
1.4092e-05
1.407e-05
1.4048e-05
1.4026e-05
1.4005e-05
1.3983e-05
1.3961e-05
1.3939e-05
1.3917e-05
1.3895e-05
1.3874e-05
1.3852e-05
1.383e-05
1.3808e-05
1.3786e-05
1.3765e-05
1.3743e-05
1.3721e-05
1.37e-05
1.3678e-05
1.3656e-05
1.3635e-05
1.3613e-05
1.3591e-05
1.357e-05
1.3548e-05
1.3527e-05
1.3505e-05
1.3483e-05
1.3462e-05
1.344e-05
1.3419e-05
1.3397e-05
1.3376e-05
1.3354e-05
1.3333e-05
1.3312e-05
1.329e-05
1.3269e-05
1.3247e-05
1.3226e-05
1.3205e-05
1.3183e-05
1.3162e-05
1.3141e-05
1.3119e-05
1.3098e-05
1.3077e-05
1.3056e-05
1.3034e-05
1.3013e-05
1.2992e-05
1.2971e-05
1.295e-05
1.2928e-05
1.2907e-05
1.2886e-05
1.2865e-05
1.2844e-05
1.2823e-05
1.2802e-05
1.2781e-05
1.276e-05
1.2739e-05
1.2718e-05
1.2697e-05
1.2676e-05
1.2655e-05
1.2634e-05
1.2613e-05
1.2592e-05
1.2571e-05
1.255e-05
1.2529e-05
1.2509e-05
1.2488e-05
1.2467e-05
1.2446e-05
1.2425e-05
1.2405e-05
1.2384e-05
1.2363e-05
1.2343e-05
1.2322e-05
1.2301e-05
1.2281e-05
1.226e-05
1.2239e-05
1.2219e-05
1.2198e-05
1.2178e-05
1.2157e-05
1.2136e-05
1.2116e-05
1.2095e-05
1.2075e-05
1.2054e-05
1.2034e-05
1.2014e-05
1.1993e-05
1.1973e-05
1.1952e-05
1.1932e-05
1.1912e-05
1.1891e-05
1.1871e-05
1.1851e-05
1.183e-05
1.181e-05
1.179e-05
1.177e-05
1.1749e-05
1.1729e-05
1.1709e-05
1.1689e-05
1.1669e-05
1.1649e-05
1.1629e-05
1.1608e-05
1.1588e-05
1.1568e-05
1.1548e-05
1.1528e-05
1.1508e-05
1.1488e-05
1.1468e-05
1.1448e-05
1.1429e-05
1.1409e-05
1.1389e-05
1.1369e-05
1.1349e-05
1.1329e-05
1.1309e-05
1.129e-05
1.127e-05
1.125e-05
1.123e-05
1.1211e-05
1.1191e-05
1.1171e-05
1.1151e-05
1.1132e-05
1.1112e-05
1.1093e-05
1.1073e-05
1.1053e-05
1.1034e-05
1.1014e-05
1.0995e-05
1.0975e-05
1.0956e-05
1.0936e-05
1.0917e-05
1.0897e-05
1.0878e-05
1.0859e-05
1.0839e-05
1.082e-05
1.08e-05
1.0781e-05
1.0762e-05
1.0743e-05
1.0723e-05
1.0704e-05
1.0685e-05
1.0666e-05
1.0646e-05
1.0627e-05
1.0608e-05
1.0589e-05
1.057e-05
1.0551e-05
1.0532e-05
1.0513e-05
1.0494e-05
1.0475e-05
1.0456e-05
1.0437e-05
1.0418e-05
1.0399e-05
1.038e-05
1.0361e-05
1.0342e-05
1.0323e-05
1.0304e-05
1.0286e-05
1.0267e-05
1.0248e-05
1.0229e-05
1.021e-05
1.0192e-05
1.0173e-05
1.0154e-05
1.0136e-05
1.0117e-05
1.0098e-05
1.008e-05
1.0061e-05
1.0043e-05
1.0024e-05
1.0005e-05
9.987e-06
9.9685e-06
9.95e-06
9.9315e-06
9.9131e-06
9.8947e-06
9.8763e-06
9.8579e-06
9.8396e-06
9.8212e-06
9.8029e-06
9.7846e-06
9.7663e-06
9.7481e-06
9.7298e-06
9.7116e-06
9.6934e-06
9.6752e-06
9.6571e-06
9.639e-06
9.6208e-06
9.6027e-06
9.5847e-06
9.5666e-06
9.5486e-06
9.5306e-06
9.5126e-06
9.4946e-06
9.4766e-06
9.4587e-06
9.4408e-06
9.4229e-06
9.405e-06
9.3871e-06
9.3693e-06
9.3515e-06
9.3337e-06
9.3159e-06
9.2982e-06
9.2804e-06
9.2627e-06
9.245e-06
9.2273e-06
9.2097e-06
9.1921e-06
9.1744e-06
9.1568e-06
9.1393e-06
9.1217e-06
9.1042e-06
9.0867e-06
9.0692e-06
9.0517e-06
9.0343e-06
9.0168e-06
8.9994e-06
8.982e-06
8.9647e-06
8.9473e-06
8.93e-06
8.9127e-06
8.8954e-06
8.8781e-06
8.8609e-06
8.8437e-06
8.8265e-06
8.8093e-06
8.7921e-06
8.775e-06
8.7578e-06
8.7407e-06
8.7237e-06
8.7066e-06
8.6896e-06
8.6725e-06
8.6555e-06
8.6386e-06
8.6216e-06
8.6047e-06
8.5878e-06
8.5709e-06
8.554e-06
8.5371e-06
8.5203e-06
8.5035e-06
8.4867e-06
8.4699e-06
8.4532e-06
8.4364e-06
8.4197e-06
8.403e-06
8.3864e-06
8.3697e-06
8.3531e-06
8.3365e-06
8.3199e-06
8.3034e-06
8.2868e-06
8.2703e-06
8.2538e-06
8.2373e-06
8.2209e-06
8.2044e-06
8.188e-06
8.1716e-06
8.1552e-06
8.1389e-06
8.1225e-06
8.1062e-06
8.0899e-06
8.0737e-06
8.0574e-06
8.0412e-06
8.025e-06
8.0088e-06
7.9926e-06
7.9765e-06
7.9604e-06
7.9442e-06
7.9282e-06
7.9121e-06
7.8961e-06
7.88e-06
7.864e-06
7.8481e-06
7.8321e-06
7.8162e-06
7.8003e-06
7.7844e-06
7.7685e-06
7.7526e-06
7.7368e-06
7.721e-06
7.7052e-06
7.6894e-06
7.6737e-06
7.658e-06
7.6423e-06
7.6266e-06
7.6109e-06
7.5953e-06
7.5797e-06
7.5641e-06
7.5485e-06
7.5329e-06
7.5174e-06
7.5019e-06
7.4864e-06
7.4709e-06
7.4554e-06
7.44e-06
7.4246e-06
7.4092e-06
7.3938e-06
7.3785e-06
7.3632e-06
7.3479e-06
7.3326e-06
7.3173e-06
7.3021e-06
7.2869e-06
7.2717e-06
7.2565e-06
7.2413e-06
7.2262e-06
7.2111e-06
7.196e-06
7.1809e-06
7.1659e-06
7.1508e-06
7.1358e-06
7.1208e-06
7.1059e-06
7.0909e-06
7.076e-06
7.0611e-06
7.0462e-06
7.0313e-06
7.0165e-06
7.0017e-06
6.9869e-06
6.9721e-06
6.9573e-06
6.9426e-06
6.9279e-06
6.9132e-06
6.8985e-06
6.8839e-06
6.8692e-06
6.8546e-06
6.84e-06
6.8255e-06
6.8109e-06
6.7964e-06
6.7819e-06
6.7674e-06
6.7529e-06
6.7385e-06
6.7241e-06
6.7097e-06
6.6953e-06
6.6809e-06
6.6666e-06
6.6523e-06
6.638e-06
6.6237e-06
6.6095e-06
6.5952e-06
6.581e-06
6.5668e-06
6.5527e-06
6.5385e-06
6.5244e-06
6.5103e-06
6.4962e-06
6.4821e-06
6.4681e-06
6.4541e-06
6.4401e-06
6.4261e-06
6.4121e-06
6.3982e-06
6.3843e-06
6.3704e-06
6.3565e-06
6.3427e-06
6.3288e-06
6.315e-06
6.3012e-06
6.2875e-06
6.2737e-06
6.26e-06
6.2463e-06
6.2326e-06
6.2189e-06
6.2053e-06
6.1916e-06
6.178e-06
6.1645e-06
6.1509e-06
6.1374e-06
6.1238e-06
6.1103e-06
6.0969e-06
6.0834e-06
6.07e-06
6.0565e-06
6.0432e-06
6.0298e-06
6.0164e-06
6.0031e-06
5.9898e-06
5.9765e-06
5.9632e-06
5.95e-06
5.9367e-06
5.9235e-06
5.9103e-06
5.8972e-06
5.884e-06
5.8709e-06
5.8578e-06
5.8447e-06
5.8317e-06
5.8186e-06
5.8056e-06
5.7926e-06
5.7796e-06
5.7666e-06
5.7537e-06
5.7408e-06
5.7279e-06
5.715e-06
5.7022e-06
5.6893e-06
5.6765e-06
5.6637e-06
5.6509e-06
5.6382e-06
5.6254e-06
5.6127e-06
5.6e-06
5.5874e-06
5.5747e-06
5.5621e-06
5.5495e-06
5.5369e-06
5.5243e-06
5.5118e-06
5.4992e-06
5.4867e-06
5.4742e-06
5.4618e-06
5.4493e-06
5.4369e-06
5.4245e-06
5.4121e-06
5.3997e-06
5.3874e-06
5.3751e-06
5.3628e-06
5.3505e-06
5.3382e-06
5.326e-06
5.3137e-06
5.3015e-06
5.2894e-06
5.2772e-06
5.265e-06
5.2529e-06
5.2408e-06
5.2287e-06
5.2167e-06
5.2046e-06
5.1926e-06
5.1806e-06
5.1686e-06
5.1567e-06
5.1447e-06
5.1328e-06
5.1209e-06
5.109e-06
5.0972e-06
5.0853e-06
5.0735e-06
5.0617e-06
5.0499e-06
5.0382e-06
5.0264e-06
5.0147e-06
5.003e-06
4.9913e-06
4.9797e-06
4.968e-06
4.9564e-06
4.9448e-06
4.9332e-06
4.9217e-06
4.9101e-06
4.8986e-06
4.8871e-06
4.8756e-06
4.8642e-06
4.8527e-06
4.8413e-06
4.8299e-06
4.8185e-06
4.8072e-06
4.7958e-06
4.7845e-06
4.7732e-06
4.7619e-06
4.7506e-06
4.7394e-06
4.7282e-06
4.717e-06
4.7058e-06
4.6946e-06
4.6835e-06
4.6723e-06
4.6612e-06
4.6502e-06
4.6391e-06
4.628e-06
4.617e-06
4.606e-06
4.595e-06
4.584e-06
4.5731e-06
4.5622e-06
4.5513e-06
4.5404e-06
4.5295e-06
4.5186e-06
4.5078e-06
4.497e-06
4.4862e-06
4.4754e-06
4.4647e-06
4.4539e-06
4.4432e-06
4.4325e-06
4.4218e-06
4.4112e-06
4.4005e-06
4.3899e-06
4.3793e-06
4.3687e-06
4.3582e-06
4.3476e-06
4.3371e-06
4.3266e-06
4.3161e-06
4.3056e-06
4.2952e-06
4.2848e-06
4.2743e-06
4.264e-06
4.2536e-06
4.2432e-06
4.2329e-06
4.2226e-06
4.2123e-06
4.202e-06
4.1917e-06
4.1815e-06
4.1713e-06
4.1611e-06
4.1509e-06
4.1407e-06
4.1306e-06
4.1205e-06
4.1104e-06
4.1003e-06
4.0902e-06
4.0801e-06
4.0701e-06
4.0601e-06
4.0501e-06
4.0401e-06
4.0302e-06
4.0202e-06
4.0103e-06
4.0004e-06
3.9905e-06
3.9807e-06
3.9708e-06
3.961e-06
3.9512e-06
3.9414e-06
3.9316e-06
3.9219e-06
3.9121e-06
3.9024e-06
3.8927e-06
3.883e-06
3.8734e-06
3.8637e-06
3.8541e-06
3.8445e-06
3.8349e-06
3.8253e-06
3.8158e-06
3.8062e-06
3.7967e-06
3.7872e-06
3.7778e-06
3.7683e-06
3.7589e-06
3.7494e-06
3.74e-06
3.7306e-06
3.7213e-06
3.7119e-06
3.7026e-06
3.6933e-06
3.684e-06
3.6747e-06
3.6654e-06
3.6562e-06
3.647e-06
3.6378e-06
3.6286e-06
3.6194e-06
3.6102e-06
3.6011e-06
3.592e-06
3.5829e-06
3.5738e-06
3.5647e-06
3.5557e-06
3.5467e-06
3.5376e-06
3.5287e-06
3.5197e-06
3.5107e-06
3.5018e-06
3.4929e-06
3.4839e-06
3.4751e-06
3.4662e-06
3.4573e-06
3.4485e-06
3.4397e-06
3.4309e-06
3.4221e-06
3.4133e-06
3.4046e-06
3.3959e-06
3.3871e-06
3.3785e-06
3.3698e-06
3.3611e-06
3.3525e-06
3.3438e-06
3.3352e-06
3.3266e-06
3.3181e-06
3.3095e-06
3.301e-06
3.2925e-06
3.2839e-06
3.2755e-06
3.267e-06
3.2585e-06
3.2501e-06
3.2417e-06
3.2333e-06
3.2249e-06
3.2165e-06
3.2082e-06
3.1998e-06
3.1915e-06
3.1832e-06
3.1749e-06
3.1667e-06
3.1584e-06
3.1502e-06
3.142e-06
3.1338e-06
3.1256e-06
3.1174e-06
3.1093e-06
3.1011e-06
3.093e-06
3.0849e-06
3.0768e-06
3.0688e-06
3.0607e-06
3.0527e-06
3.0447e-06
3.0367e-06
3.0287e-06
3.0207e-06
3.0128e-06
3.0049e-06
2.9969e-06
2.989e-06
2.9812e-06
2.9733e-06
2.9654e-06
2.9576e-06
2.9498e-06
2.942e-06
2.9342e-06
2.9264e-06
2.9187e-06
2.9109e-06
2.9032e-06
2.8955e-06
2.8878e-06
2.8802e-06
2.8725e-06
2.8649e-06
2.8573e-06
2.8496e-06
2.8421e-06
2.8345e-06
2.8269e-06
2.8194e-06
2.8119e-06
2.8043e-06
2.7968e-06
2.7894e-06
2.7819e-06
2.7745e-06
2.767e-06
2.7596e-06
2.7522e-06
2.7448e-06
2.7375e-06
2.7301e-06
2.7228e-06
2.7155e-06
2.7082e-06
2.7009e-06
2.6936e-06
2.6863e-06
2.6791e-06
2.6719e-06
2.6647e-06
2.6575e-06
2.6503e-06
2.6431e-06
2.636e-06
2.6288e-06
2.6217e-06
2.6146e-06
2.6075e-06
2.6005e-06
2.5934e-06
2.5864e-06
2.5793e-06
2.5723e-06
2.5653e-06
2.5583e-06
2.5514e-06
2.5444e-06
2.5375e-06
2.5306e-06
2.5237e-06
2.5168e-06
2.5099e-06
2.5031e-06
2.4962e-06
2.4894e-06
2.4826e-06
2.4758e-06
2.469e-06
2.4622e-06
2.4555e-06
2.4487e-06
2.442e-06
2.4353e-06
2.4286e-06
2.4219e-06
2.4153e-06
2.4086e-06
2.402e-06
2.3954e-06
2.3888e-06
2.3822e-06
2.3756e-06
2.369e-06
2.3625e-06
2.356e-06
2.3494e-06
2.3429e-06
2.3365e-06
2.33e-06
2.3235e-06
2.3171e-06
2.3106e-06
2.3042e-06
2.2978e-06
2.2914e-06
2.2851e-06
2.2787e-06
2.2724e-06
2.266e-06
2.2597e-06
2.2534e-06
2.2471e-06
2.2409e-06
2.2346e-06
2.2284e-06
2.2221e-06
2.2159e-06
2.2097e-06
2.2035e-06
2.1974e-06
2.1912e-06
2.1851e-06
2.1789e-06
2.1728e-06
2.1667e-06
2.1606e-06
2.1546e-06
2.1485e-06
2.1425e-06
2.1364e-06
2.1304e-06
2.1244e-06
2.1184e-06
2.1124e-06
2.1065e-06
2.1005e-06
2.0946e-06
2.0887e-06
2.0827e-06
2.0769e-06
2.071e-06
2.0651e-06
2.0592e-06
2.0534e-06
2.0476e-06
2.0418e-06
2.036e-06
2.0302e-06
2.0244e-06
2.0186e-06
2.0129e-06
2.0072e-06
2.0015e-06
1.9957e-06
1.9901e-06
1.9844e-06
1.9787e-06
1.9731e-06
1.9674e-06
1.9618e-06
1.9562e-06
1.9506e-06
1.945e-06
1.9394e-06
1.9339e-06
1.9283e-06
1.9228e-06
1.9173e-06
1.9117e-06
1.9063e-06
1.9008e-06
1.8953e-06
1.8898e-06
1.8844e-06
1.879e-06
1.8736e-06
1.8682e-06
1.8628e-06
1.8574e-06
1.852e-06
1.8467e-06
1.8413e-06
1.836e-06
1.8307e-06
1.8254e-06
1.8201e-06
1.8148e-06
1.8096e-06
1.8043e-06
1.7991e-06
1.7938e-06
1.7886e-06
1.7834e-06
1.7782e-06
1.7731e-06
1.7679e-06
1.7627e-06
1.7576e-06
1.7525e-06
1.7474e-06
1.7423e-06
1.7372e-06
1.7321e-06
1.727e-06
1.722e-06
1.7169e-06
1.7119e-06
1.7069e-06
1.7019e-06
1.6969e-06
1.6919e-06
1.687e-06
1.682e-06
1.6771e-06
1.6721e-06
1.6672e-06
1.6623e-06
1.6574e-06
1.6525e-06
1.6477e-06
1.6428e-06
1.638e-06
1.6331e-06
1.6283e-06
1.6235e-06
1.6187e-06
1.6139e-06
1.6091e-06
1.6044e-06
1.5996e-06
1.5949e-06
1.5901e-06
1.5854e-06
1.5807e-06
1.576e-06
1.5713e-06
1.5667e-06
1.562e-06
1.5574e-06
1.5527e-06
1.5481e-06
1.5435e-06
1.5389e-06
1.5343e-06
1.5297e-06
1.5252e-06
1.5206e-06
1.5161e-06
1.5115e-06
1.507e-06
1.5025e-06
1.498e-06
1.4935e-06
1.489e-06
1.4846e-06
1.4801e-06
1.4757e-06
1.4712e-06
1.4668e-06
1.4624e-06
1.458e-06
1.4536e-06
1.4492e-06
1.4449e-06
1.4405e-06
1.4362e-06
1.4319e-06
1.4275e-06
1.4232e-06
1.4189e-06
1.4146e-06
1.4104e-06
1.4061e-06
1.4018e-06
1.3976e-06
1.3934e-06
1.3891e-06
1.3849e-06
1.3807e-06
1.3765e-06
1.3724e-06
1.3682e-06
1.364e-06
1.3599e-06
1.3557e-06
1.3516e-06
1.3475e-06
1.3434e-06
1.3393e-06
1.3352e-06
1.3311e-06
1.3271e-06
1.323e-06
1.319e-06
1.315e-06
1.3109e-06
1.3069e-06
1.3029e-06
1.2989e-06
1.2949e-06
1.291e-06
1.287e-06
1.2831e-06
1.2791e-06
1.2752e-06
1.2713e-06
1.2674e-06
1.2635e-06
1.2596e-06
1.2557e-06
1.2518e-06
1.248e-06
1.2441e-06
1.2403e-06
1.2365e-06
1.2327e-06
1.2288e-06
1.225e-06
1.2213e-06
1.2175e-06
1.2137e-06
1.21e-06
1.2062e-06
1.2025e-06
1.1987e-06
1.195e-06
1.1913e-06
1.1876e-06
1.1839e-06
1.1802e-06
1.1766e-06
1.1729e-06
1.1693e-06
1.1656e-06
1.162e-06
1.1584e-06
1.1548e-06
1.1512e-06
1.1476e-06
1.144e-06
1.1404e-06
1.1368e-06
1.1333e-06
1.1297e-06
1.1262e-06
1.1227e-06
1.1192e-06
1.1156e-06
1.1122e-06
1.1087e-06
1.1052e-06
1.1017e-06
1.0982e-06
1.0948e-06
1.0914e-06
1.0879e-06
1.0845e-06
1.0811e-06
1.0777e-06
1.0743e-06
1.0709e-06
1.0675e-06
1.0641e-06
1.0608e-06
1.0574e-06
1.0541e-06
1.0508e-06
1.0474e-06
1.0441e-06
1.0408e-06
1.0375e-06
1.0342e-06
1.0309e-06
1.0277e-06
1.0244e-06
1.0212e-06
1.0179e-06
1.0147e-06
1.0115e-06
1.0082e-06
1.005e-06
1.0018e-06
9.9864e-07
9.9545e-07
9.9228e-07
9.8911e-07
9.8596e-07
9.8281e-07
9.7967e-07
9.7654e-07
9.7342e-07
9.703e-07
9.672e-07
9.641e-07
9.6101e-07
9.5793e-07
9.5486e-07
9.518e-07
9.4875e-07
9.457e-07
9.4266e-07
9.3963e-07
9.3661e-07
9.336e-07
9.306e-07
9.276e-07
9.2461e-07
9.2163e-07
9.1866e-07
9.157e-07
9.1275e-07
9.098e-07
9.0686e-07
9.0393e-07
9.0101e-07
8.981e-07
8.9519e-07
8.9229e-07
8.894e-07
8.8652e-07
8.8365e-07
8.8078e-07
8.7793e-07
8.7508e-07
8.7224e-07
8.694e-07
8.6658e-07
8.6376e-07
8.6095e-07
8.5815e-07
8.5535e-07
8.5257e-07
8.4979e-07
8.4702e-07
8.4426e-07
8.415e-07
8.3875e-07
8.3602e-07
8.3328e-07
8.3056e-07
8.2784e-07
8.2514e-07
8.2243e-07
8.1974e-07
8.1706e-07
8.1438e-07
8.1171e-07
8.0904e-07
8.0639e-07
8.0374e-07
8.011e-07
7.9847e-07
7.9584e-07
7.9323e-07
7.9061e-07
7.8801e-07
7.8542e-07
7.8283e-07
7.8025e-07
7.7767e-07
7.7511e-07
7.7255e-07
7.7e-07
7.6745e-07
7.6492e-07
7.6239e-07
7.5987e-07
7.5735e-07
7.5484e-07
7.5234e-07
7.4985e-07
7.4736e-07
7.4488e-07
7.4241e-07
7.3995e-07
7.3749e-07
7.3504e-07
7.326e-07
7.3016e-07
7.2773e-07
7.2531e-07
7.2289e-07
7.2048e-07
7.1808e-07
7.1569e-07
7.133e-07
7.1092e-07
7.0854e-07
7.0618e-07
7.0382e-07
7.0146e-07
6.9912e-07
6.9678e-07
6.9445e-07
6.9212e-07
6.898e-07
6.8749e-07
6.8518e-07
6.8288e-07
6.8059e-07
6.7831e-07
6.7603e-07
6.7376e-07
6.7149e-07
6.6923e-07
6.6698e-07
6.6473e-07
6.625e-07
6.6026e-07
6.5804e-07
6.5582e-07
6.536e-07
6.514e-07
6.492e-07
6.4701e-07
6.4482e-07
6.4264e-07
6.4046e-07
6.383e-07
6.3614e-07
6.3398e-07
6.3183e-07
6.2969e-07
6.2755e-07
6.2543e-07
6.233e-07
6.2119e-07
6.1908e-07
6.1697e-07
6.1487e-07
6.1278e-07
6.107e-07
6.0862e-07
6.0654e-07
6.0448e-07
6.0242e-07
6.0036e-07
5.9831e-07
5.9627e-07
5.9423e-07
5.922e-07
5.9018e-07
5.8816e-07
5.8615e-07
5.8414e-07
5.8214e-07
5.8015e-07
5.7816e-07
5.7618e-07
5.742e-07
5.7223e-07
5.7027e-07
5.6831e-07
5.6636e-07
5.6441e-07
5.6247e-07
5.6054e-07
5.5861e-07
5.5668e-07
5.5477e-07
5.5286e-07
5.5095e-07
5.4905e-07
5.4716e-07
5.4527e-07
5.4338e-07
5.4151e-07
5.3964e-07
5.3777e-07
5.3591e-07
5.3406e-07
5.3221e-07
5.3036e-07
5.2853e-07
5.2669e-07
5.2487e-07
5.2305e-07
5.2123e-07
5.1942e-07
5.1762e-07
5.1582e-07
5.1403e-07
5.1224e-07
5.1046e-07
5.0868e-07
5.0691e-07
5.0514e-07
5.0338e-07
5.0163e-07
4.9988e-07
4.9813e-07
4.9639e-07
4.9466e-07
4.9293e-07
4.9121e-07
4.8949e-07
4.8778e-07
4.8607e-07
4.8437e-07
4.8267e-07
4.8098e-07
4.793e-07
4.7761e-07
4.7594e-07
4.7427e-07
4.726e-07
4.7094e-07
4.6929e-07
4.6764e-07
4.6599e-07
4.6435e-07
4.6272e-07
4.6109e-07
4.5946e-07
4.5785e-07
4.5623e-07
4.5462e-07
4.5302e-07
4.5142e-07
4.4982e-07
4.4823e-07
4.4665e-07
4.4507e-07
4.435e-07
4.4193e-07
4.4036e-07
4.388e-07
4.3725e-07
4.357e-07
4.3415e-07
4.3261e-07
4.3108e-07
4.2954e-07
4.2802e-07
4.265e-07
4.2498e-07
4.2347e-07
4.2196e-07
4.2046e-07
4.1896e-07
4.1747e-07
4.1598e-07
4.145e-07
4.1302e-07
4.1155e-07
4.1008e-07
4.0861e-07
4.0715e-07
4.057e-07
4.0425e-07
4.028e-07
4.0136e-07
3.9992e-07
3.9849e-07
3.9706e-07
3.9564e-07
3.9422e-07
3.9281e-07
3.914e-07
3.8999e-07
3.8859e-07
3.872e-07
3.858e-07
3.8442e-07
3.8303e-07
3.8165e-07
3.8028e-07
3.7891e-07
3.7755e-07
3.7618e-07
3.7483e-07
3.7348e-07
3.7213e-07
3.7078e-07
3.6944e-07
3.6811e-07
3.6678e-07
3.6545e-07
3.6413e-07
3.6281e-07
3.615e-07
3.6019e-07
3.5888e-07
3.5758e-07
3.5629e-07
3.5499e-07
3.537e-07
3.5242e-07
3.5114e-07
3.4986e-07
3.4859e-07
3.4732e-07
3.4606e-07
3.448e-07
3.4354e-07
3.4229e-07
3.4105e-07
3.398e-07
3.3856e-07
3.3733e-07
3.361e-07
3.3487e-07
3.3365e-07
3.3243e-07
3.3121e-07
3.3e-07
3.2879e-07
3.2759e-07
3.2639e-07
3.2519e-07
3.24e-07
3.2281e-07
3.2163e-07
3.2045e-07
3.1927e-07
3.181e-07
3.1693e-07
3.1577e-07
3.1461e-07
3.1345e-07
3.123e-07
3.1115e-07
3.1e-07
3.0886e-07
3.0772e-07
3.0659e-07
3.0545e-07
3.0433e-07
3.032e-07
3.0209e-07
3.0097e-07
2.9986e-07
2.9875e-07
2.9764e-07
2.9654e-07
2.9544e-07
2.9435e-07
2.9326e-07
2.9217e-07
2.9109e-07
2.9001e-07
2.8893e-07
2.8786e-07
2.8679e-07
2.8573e-07
2.8467e-07
2.8361e-07
2.8255e-07
2.815e-07
2.8045e-07
2.7941e-07
2.7837e-07
2.7733e-07
2.763e-07
2.7527e-07
2.7424e-07
2.7322e-07
2.722e-07
2.7118e-07
2.7017e-07
2.6916e-07
2.6815e-07
2.6715e-07
2.6615e-07
2.6515e-07
2.6416e-07
2.6317e-07
2.6218e-07
2.612e-07
2.6022e-07
2.5924e-07
2.5827e-07
2.573e-07
2.5633e-07
2.5537e-07
2.5441e-07
2.5345e-07
2.525e-07
2.5155e-07
2.506e-07
2.4966e-07
2.4872e-07
2.4778e-07
2.4685e-07
2.4591e-07
2.4499e-07
2.4406e-07
2.4314e-07
2.4222e-07
2.413e-07
2.4039e-07
2.3948e-07
2.3858e-07
2.3767e-07
2.3677e-07
2.3588e-07
2.3498e-07
2.3409e-07
2.332e-07
2.3232e-07
2.3144e-07
2.3056e-07
2.2968e-07
2.2881e-07
2.2794e-07
2.2707e-07
2.2621e-07
2.2535e-07
2.2449e-07
2.2363e-07
2.2278e-07
2.2193e-07
2.2108e-07
2.2024e-07
2.194e-07
2.1856e-07
2.1773e-07
2.169e-07
2.1607e-07
2.1524e-07
2.1442e-07
2.136e-07
2.1278e-07
2.1196e-07
2.1115e-07
2.1034e-07
2.0954e-07
2.0873e-07
2.0793e-07
2.0713e-07
2.0634e-07
2.0555e-07
2.0476e-07
2.0397e-07
2.0318e-07
2.024e-07
2.0162e-07
2.0085e-07
2.0007e-07
1.993e-07
1.9853e-07
1.9777e-07
1.9701e-07
1.9624e-07
1.9549e-07
1.9473e-07
1.9398e-07
1.9323e-07
1.9248e-07
1.9174e-07
1.91e-07
1.9026e-07
1.8952e-07
1.8879e-07
1.8805e-07
1.8733e-07
1.866e-07
1.8588e-07
1.8515e-07
1.8444e-07
1.8372e-07
1.8301e-07
1.8229e-07
1.8158e-07
1.8088e-07
1.8017e-07
1.7947e-07
1.7877e-07
1.7808e-07
1.7738e-07
1.7669e-07
1.76e-07
1.7532e-07
1.7463e-07
1.7395e-07
1.7327e-07
1.7259e-07
1.7192e-07
1.7125e-07
1.7058e-07
1.6991e-07
1.6924e-07
1.6858e-07
1.6792e-07
1.6726e-07
1.6661e-07
1.6595e-07
1.653e-07
1.6465e-07
1.6401e-07
1.6336e-07
1.6272e-07
1.6208e-07
1.6145e-07
1.6081e-07
1.6018e-07
1.5955e-07
1.5892e-07
1.5829e-07
1.5767e-07
1.5705e-07
1.5643e-07
1.5581e-07
1.552e-07
1.5458e-07
1.5397e-07
1.5336e-07
1.5276e-07
1.5215e-07
1.5155e-07
1.5095e-07
1.5035e-07
1.4976e-07
1.4917e-07
1.4857e-07
1.4799e-07
1.474e-07
1.4681e-07
1.4623e-07
1.4565e-07
1.4507e-07
1.445e-07
1.4392e-07
1.4335e-07
1.4278e-07
1.4221e-07
1.4165e-07
1.4108e-07
1.4052e-07
1.3996e-07
1.394e-07
1.3885e-07
1.3829e-07
1.3774e-07
1.3719e-07
1.3664e-07
1.361e-07
1.3555e-07
1.3501e-07
1.3447e-07
1.3393e-07
1.334e-07
1.3286e-07
1.3233e-07
1.318e-07
1.3127e-07
1.3075e-07
1.3022e-07
1.297e-07
1.2918e-07
1.2866e-07
1.2814e-07
1.2763e-07
1.2711e-07
1.266e-07
1.2609e-07
1.2559e-07
1.2508e-07
1.2458e-07
1.2408e-07
1.2358e-07
1.2308e-07
1.2258e-07
1.2209e-07
1.2159e-07
1.211e-07
1.2061e-07
1.2013e-07
1.1964e-07
1.1916e-07
1.1868e-07
1.182e-07
1.1772e-07
1.1724e-07
1.1677e-07
1.1629e-07
1.1582e-07
1.1535e-07
1.1488e-07
1.1442e-07
1.1395e-07
1.1349e-07
1.1303e-07
1.1257e-07
1.1211e-07
1.1166e-07
1.112e-07
1.1075e-07
1.103e-07
1.0985e-07
1.094e-07
1.0896e-07
1.0851e-07
1.0807e-07
1.0763e-07
1.0719e-07
1.0675e-07
1.0632e-07
1.0588e-07
1.0545e-07
1.0502e-07
1.0459e-07
1.0416e-07
1.0373e-07
1.0331e-07
1.0289e-07
1.0246e-07
1.0204e-07
1.0163e-07
1.0121e-07
1.0079e-07
1.0038e-07
9.9968e-08
9.9557e-08
9.9148e-08
9.8741e-08
9.8335e-08
9.793e-08
9.7527e-08
9.7126e-08
9.6726e-08
9.6328e-08
9.5931e-08
9.5535e-08
9.5141e-08
9.4749e-08
9.4358e-08
9.3968e-08
9.358e-08
9.3194e-08
9.2809e-08
9.2425e-08
9.2043e-08
9.1662e-08
9.1283e-08
9.0905e-08
9.0529e-08
9.0154e-08
8.978e-08
8.9408e-08
8.9037e-08
8.8668e-08
8.83e-08
8.7933e-08
8.7568e-08
8.7204e-08
8.6842e-08
8.6481e-08
8.6121e-08
8.5763e-08
8.5406e-08
8.5051e-08
8.4696e-08
8.4344e-08
8.3992e-08
8.3642e-08
8.3293e-08
8.2946e-08
8.26e-08
8.2255e-08
8.1911e-08
8.1569e-08
8.1228e-08
8.0889e-08
8.055e-08
8.0213e-08
7.9878e-08
7.9543e-08
7.921e-08
7.8878e-08
7.8548e-08
7.8219e-08
7.7891e-08
7.7564e-08
7.7238e-08
7.6914e-08
7.6591e-08
7.6269e-08
7.5949e-08
7.563e-08
7.5312e-08
7.4995e-08
7.4679e-08
7.4365e-08
7.4052e-08
7.374e-08
7.3429e-08
7.3119e-08
7.2811e-08
7.2504e-08
7.2198e-08
7.1893e-08
7.159e-08
7.1287e-08
7.0986e-08
7.0686e-08
7.0387e-08
7.0089e-08
6.9793e-08
6.9497e-08
6.9203e-08
6.891e-08
6.8618e-08
6.8327e-08
6.8037e-08
6.7749e-08
6.7461e-08
6.7175e-08
6.689e-08
6.6606e-08
6.6323e-08
6.6041e-08
6.576e-08
6.548e-08
6.5202e-08
6.4924e-08
6.4648e-08
6.4372e-08
6.4098e-08
6.3825e-08
6.3553e-08
6.3282e-08
6.3012e-08
6.2743e-08
6.2475e-08
6.2208e-08
6.1942e-08
6.1678e-08
6.1414e-08
6.1151e-08
6.089e-08
6.0629e-08
6.0369e-08
6.0111e-08
5.9853e-08
5.9597e-08
5.9341e-08
5.9087e-08
5.8833e-08
5.8581e-08
5.8329e-08
5.8079e-08
5.783e-08
5.7581e-08
5.7334e-08
5.7087e-08
5.6841e-08
5.6597e-08
5.6353e-08
5.6111e-08
5.5869e-08
5.5628e-08
5.5388e-08
5.515e-08
5.4912e-08
5.4675e-08
5.4439e-08
5.4204e-08
5.397e-08
5.3736e-08
5.3504e-08
5.3273e-08
5.3042e-08
5.2813e-08
5.2584e-08
5.2357e-08
5.213e-08
5.1904e-08
5.1679e-08
5.1455e-08
5.1232e-08
5.101e-08
5.0788e-08
5.0568e-08
5.0348e-08
5.013e-08
4.9912e-08
4.9695e-08
4.9479e-08
4.9264e-08
4.9049e-08
4.8836e-08
4.8623e-08
4.8411e-08
4.82e-08
4.799e-08
4.7781e-08
4.7573e-08
4.7365e-08
4.7158e-08
4.6953e-08
4.6748e-08
4.6543e-08
4.634e-08
4.6137e-08
4.5936e-08
4.5735e-08
4.5535e-08
4.5335e-08
4.5137e-08
4.4939e-08
4.4742e-08
4.4546e-08
4.4351e-08
4.4156e-08
4.3962e-08
4.3769e-08
4.3577e-08
4.3386e-08
4.3195e-08
4.3005e-08
4.2816e-08
4.2628e-08
4.244e-08
4.2254e-08
4.2068e-08
4.1882e-08
4.1698e-08
4.1514e-08
4.1331e-08
4.1149e-08
4.0967e-08
4.0787e-08
4.0607e-08
4.0427e-08
4.0249e-08
4.0071e-08
3.9894e-08
3.9718e-08
3.9542e-08
3.9367e-08
3.9193e-08
3.9019e-08
3.8846e-08
3.8674e-08
3.8503e-08
3.8332e-08
3.8162e-08
3.7993e-08
3.7824e-08
3.7657e-08
3.7489e-08
3.7323e-08
3.7157e-08
3.6992e-08
3.6827e-08
3.6664e-08
3.65e-08
3.6338e-08
3.6176e-08
3.6015e-08
3.5855e-08
3.5695e-08
3.5536e-08
3.5377e-08
3.522e-08
3.5062e-08
3.4906e-08
3.475e-08
3.4595e-08
3.444e-08
3.4286e-08
3.4133e-08
3.398e-08
3.3828e-08
3.3677e-08
3.3526e-08
3.3376e-08
3.3227e-08
3.3078e-08
3.293e-08
3.2782e-08
3.2635e-08
3.2488e-08
3.2343e-08
3.2197e-08
3.2053e-08
3.1909e-08
3.1765e-08
3.1623e-08
3.148e-08
3.1339e-08
3.1198e-08
3.1057e-08
3.0918e-08
3.0778e-08
3.064e-08
3.0501e-08
3.0364e-08
3.0227e-08
3.0091e-08
2.9955e-08
2.982e-08
2.9685e-08
2.9551e-08
2.9417e-08
2.9284e-08
2.9152e-08
2.902e-08
2.8889e-08
2.8758e-08
2.8628e-08
2.8498e-08
2.8369e-08
2.8241e-08
2.8113e-08
2.7985e-08
2.7858e-08
2.7732e-08
2.7606e-08
2.748e-08
2.7356e-08
2.7231e-08
2.7108e-08
2.6984e-08
2.6862e-08
2.6739e-08
2.6618e-08
2.6497e-08
2.6376e-08
2.6256e-08
2.6136e-08
2.6017e-08
2.5898e-08
2.578e-08
2.5663e-08
2.5546e-08
2.5429e-08
2.5313e-08
2.5197e-08
2.5082e-08
2.4967e-08
2.4853e-08
2.474e-08
2.4626e-08
2.4514e-08
2.4401e-08
2.429e-08
2.4178e-08
2.4068e-08
2.3957e-08
2.3847e-08
2.3738e-08
2.3629e-08
2.3521e-08
2.3413e-08
2.3305e-08
2.3198e-08
2.3092e-08
2.2985e-08
2.288e-08
2.2774e-08
2.267e-08
2.2565e-08
2.2461e-08
2.2358e-08
2.2255e-08
2.2152e-08
2.205e-08
2.1949e-08
2.1847e-08
2.1747e-08
2.1646e-08
2.1546e-08
2.1447e-08
2.1348e-08
2.1249e-08
2.1151e-08
2.1053e-08
2.0956e-08
2.0859e-08
2.0762e-08
2.0666e-08
2.057e-08
2.0475e-08
2.038e-08
2.0286e-08
2.0191e-08
2.0098e-08
2.0005e-08
1.9912e-08
1.9819e-08
1.9727e-08
1.9636e-08
1.9544e-08
1.9453e-08
1.9363e-08
1.9273e-08
1.9183e-08
1.9094e-08
1.9005e-08
1.8917e-08
1.8828e-08
1.8741e-08
1.8653e-08
1.8566e-08
1.848e-08
1.8393e-08
1.8308e-08
1.8222e-08
1.8137e-08
1.8052e-08
1.7968e-08
1.7884e-08
1.78e-08
1.7717e-08
1.7634e-08
1.7552e-08
1.747e-08
1.7388e-08
1.7306e-08
1.7225e-08
1.7144e-08
1.7064e-08
1.6984e-08
1.6904e-08
1.6825e-08
1.6746e-08
1.6667e-08
1.6589e-08
1.6511e-08
1.6434e-08
1.6356e-08
1.6279e-08
1.6203e-08
1.6127e-08
1.6051e-08
1.5975e-08
1.59e-08
1.5825e-08
1.575e-08
1.5676e-08
1.5602e-08
1.5529e-08
1.5455e-08
1.5382e-08
1.531e-08
1.5238e-08
1.5166e-08
1.5094e-08
1.5023e-08
1.4952e-08
1.4881e-08
1.481e-08
1.474e-08
1.4671e-08
1.4601e-08
1.4532e-08
1.4463e-08
1.4395e-08
1.4326e-08
1.4258e-08
1.4191e-08
1.4124e-08
1.4057e-08
1.399e-08
1.3923e-08
1.3857e-08
1.3791e-08
1.3726e-08
1.3661e-08
1.3596e-08
1.3531e-08
1.3467e-08
1.3403e-08
1.3339e-08
1.3275e-08
1.3212e-08
1.3149e-08
1.3086e-08
1.3024e-08
1.2962e-08
1.29e-08
1.2839e-08
1.2777e-08
1.2716e-08
1.2656e-08
1.2595e-08
1.2535e-08
1.2475e-08
1.2415e-08
1.2356e-08
1.2297e-08
1.2238e-08
1.218e-08
1.2121e-08
1.2063e-08
1.2005e-08
1.1948e-08
1.1891e-08
1.1834e-08
1.1777e-08
1.172e-08
1.1664e-08
1.1608e-08
1.1553e-08
1.1497e-08
1.1442e-08
1.1387e-08
1.1332e-08
1.1278e-08
1.1224e-08
1.117e-08
1.1116e-08
1.1062e-08
1.1009e-08
1.0956e-08
1.0903e-08
1.0851e-08
1.0799e-08
1.0747e-08
1.0695e-08
1.0643e-08
1.0592e-08
1.0541e-08
1.049e-08
1.0439e-08
1.0389e-08
1.0339e-08
1.0289e-08
1.0239e-08
1.019e-08
1.0141e-08
1.0092e-08
1.0043e-08
9.9942e-09
9.9458e-09
9.8977e-09
9.8498e-09
9.8022e-09
9.7547e-09
9.7075e-09
9.6605e-09
9.6137e-09
9.5671e-09
9.5207e-09
9.4746e-09
9.4286e-09
9.3829e-09
9.3374e-09
9.2921e-09
9.247e-09
9.2021e-09
9.1574e-09
9.113e-09
9.0687e-09
9.0247e-09
8.9808e-09
8.9372e-09
8.8937e-09
8.8505e-09
8.8075e-09
8.7646e-09
8.722e-09
8.6796e-09
8.6373e-09
8.5953e-09
8.5534e-09
8.5118e-09
8.4703e-09
8.4291e-09
8.388e-09
8.3472e-09
8.3065e-09
8.266e-09
8.2257e-09
8.1856e-09
8.1457e-09
8.106e-09
8.0664e-09
8.0271e-09
7.9879e-09
7.9489e-09
7.9101e-09
7.8715e-09
7.8331e-09
7.7948e-09
7.7568e-09
7.7189e-09
7.6812e-09
7.6437e-09
7.6063e-09
7.5691e-09
7.5322e-09
7.4953e-09
7.4587e-09
7.4222e-09
7.386e-09
7.3498e-09
7.3139e-09
7.2781e-09
7.2425e-09
7.2071e-09
7.1719e-09
7.1368e-09
7.1018e-09
7.0671e-09
7.0325e-09
6.9981e-09
6.9639e-09
6.9298e-09
6.8959e-09
6.8621e-09
6.8285e-09
6.7951e-09
6.7618e-09
6.7287e-09
6.6958e-09
6.663e-09
6.6304e-09
6.5979e-09
6.5656e-09
6.5335e-09
6.5015e-09
6.4697e-09
6.438e-09
6.4065e-09
6.3752e-09
6.3439e-09
6.3129e-09
6.282e-09
6.2513e-09
6.2207e-09
6.1902e-09
6.1599e-09
6.1298e-09
6.0998e-09
6.07e-09
6.0403e-09
6.0107e-09
5.9813e-09
5.9521e-09
5.923e-09
5.894e-09
5.8652e-09
5.8366e-09
5.8081e-09
5.7797e-09
5.7514e-09
5.7234e-09
5.6954e-09
5.6676e-09
5.6399e-09
5.6124e-09
5.585e-09
5.5578e-09
5.5307e-09
5.5037e-09
5.4769e-09
5.4502e-09
5.4237e-09
5.3973e-09
5.371e-09
5.3448e-09
5.3188e-09
5.293e-09
5.2672e-09
5.2416e-09
5.2162e-09
5.1908e-09
5.1656e-09
5.1406e-09
5.1156e-09
5.0908e-09
5.0661e-09
5.0416e-09
5.0172e-09
4.9929e-09
4.9687e-09
4.9447e-09
4.9208e-09
4.8971e-09
4.8734e-09
4.8499e-09
4.8265e-09
4.8033e-09
4.7801e-09
4.7571e-09
4.7342e-09
4.7115e-09
4.6888e-09
4.6663e-09
4.6439e-09
4.6217e-09
4.5995e-09
4.5775e-09
4.5556e-09
4.5339e-09
4.5122e-09
4.4907e-09
4.4693e-09
4.448e-09
4.4268e-09
4.4058e-09
4.3848e-09
4.364e-09
4.3433e-09
4.3228e-09
4.3023e-09
4.282e-09
4.2618e-09
4.2417e-09
4.2217e-09
4.2018e-09
4.1821e-09
4.1625e-09
4.1429e-09
4.1235e-09
4.1043e-09
4.0851e-09
4.066e-09
4.0471e-09
4.0283e-09
4.0096e-09
3.991e-09
3.9725e-09
3.9541e-09
3.9359e-09
3.9177e-09
3.8997e-09
3.8818e-09
3.864e-09
3.8463e-09
3.8287e-09
3.8112e-09
3.7939e-09
3.7766e-09
3.7595e-09
3.7425e-09
3.7256e-09
3.7088e-09
3.6921e-09
3.6755e-09
3.659e-09
3.6427e-09
3.6264e-09
3.6103e-09
3.5942e-09
3.5783e-09
3.5625e-09
3.5468e-09
3.5312e-09
3.5157e-09
3.5004e-09
3.4851e-09
3.4699e-09
3.4549e-09
3.4399e-09
3.4251e-09
3.4104e-09
3.3958e-09
3.3813e-09
3.3669e-09
3.3526e-09
3.3384e-09
3.3243e-09
3.3103e-09
3.2965e-09
3.2827e-09
3.2691e-09
3.2555e-09
3.2421e-09
3.2288e-09
3.2156e-09
3.2025e-09
3.1895e-09
3.1766e-09
3.1638e-09
3.1511e-09
3.1386e-09
3.1261e-09
3.1137e-09
3.1015e-09
3.0894e-09
3.0773e-09
3.0654e-09
3.0536e-09
3.0419e-09
3.0303e-09
3.0188e-09
3.0074e-09
2.9962e-09
2.985e-09
2.974e-09
2.963e-09
2.9522e-09
2.9415e-09
2.9308e-09
