2.2059e-09
2.1985e-09
2.1912e-09
2.1838e-09
2.1766e-09
2.1693e-09
2.162e-09
2.1548e-09
2.1476e-09
2.1404e-09
2.1333e-09
2.1262e-09
2.119e-09
2.112e-09
2.1049e-09
2.0979e-09
2.0909e-09
2.0839e-09
2.0769e-09
2.0699e-09
2.063e-09
2.0561e-09
2.0493e-09
2.0424e-09
2.0356e-09
2.0288e-09
2.022e-09
2.0152e-09
2.0085e-09
2.0018e-09
1.9951e-09
1.9884e-09
1.9817e-09
1.9751e-09
1.9685e-09
1.9619e-09
1.9554e-09
1.9488e-09
1.9423e-09
1.9358e-09
1.9294e-09
1.9229e-09
1.9165e-09
1.9101e-09
1.9037e-09
1.8973e-09
1.891e-09
1.8847e-09
1.8784e-09
1.8721e-09
1.8659e-09
1.8596e-09
1.8534e-09
1.8472e-09
1.8411e-09
1.8349e-09
1.8288e-09
1.8227e-09
1.8166e-09
1.8106e-09
1.8045e-09
1.7985e-09
1.7925e-09
1.7865e-09
1.7806e-09
1.7747e-09
1.7688e-09
1.7629e-09
1.757e-09
1.7512e-09
1.7453e-09
1.7395e-09
1.7337e-09
1.728e-09
1.7222e-09
1.7165e-09
1.7108e-09
1.7051e-09
1.6995e-09
1.6938e-09
1.6882e-09
1.6826e-09
1.6771e-09
1.6715e-09
1.666e-09
1.6605e-09
1.655e-09
1.6495e-09
1.644e-09
1.6386e-09
1.6332e-09
1.6278e-09
1.6224e-09
1.6171e-09
1.6118e-09
1.6065e-09
1.6012e-09
1.5959e-09
1.5906e-09
1.5854e-09
1.5802e-09
1.575e-09
1.5698e-09
1.5647e-09
1.5596e-09
1.5545e-09
1.5494e-09
1.5443e-09
1.5393e-09
1.5342e-09
1.5292e-09
1.5242e-09
1.5193e-09
1.5143e-09
1.5094e-09
1.5045e-09
1.4996e-09
1.4947e-09
1.4898e-09
1.485e-09
1.4802e-09
1.4754e-09
1.4706e-09
1.4659e-09
1.4611e-09
1.4564e-09
1.4517e-09
1.4471e-09
1.4424e-09
1.4378e-09
1.4331e-09
1.4285e-09
1.424e-09
1.4194e-09
1.4149e-09
1.4103e-09
1.4058e-09
1.4014e-09
1.3969e-09
1.3924e-09
1.388e-09
1.3836e-09
1.3792e-09
1.3749e-09
1.3705e-09
1.3662e-09
1.3619e-09
1.3576e-09
1.3533e-09
1.349e-09
1.3448e-09
1.3406e-09
1.3364e-09
1.3322e-09
1.3281e-09
1.3239e-09
1.3198e-09
1.3157e-09
1.3116e-09
1.3075e-09
1.3035e-09
1.2995e-09
1.2955e-09
1.2915e-09
1.2875e-09
1.2835e-09
1.2796e-09
1.2757e-09
1.2718e-09
1.2679e-09
1.2641e-09
1.2602e-09
1.2564e-09
1.2526e-09
1.2488e-09
1.245e-09
1.2413e-09
1.2376e-09
1.2339e-09
1.2302e-09
1.2265e-09
1.2228e-09
1.2192e-09
1.2156e-09
1.212e-09
1.2084e-09
1.2048e-09
1.2013e-09
1.1978e-09
1.1943e-09
1.1908e-09
1.1873e-09
1.1839e-09
1.1804e-09
1.177e-09
1.1736e-09
1.1703e-09
1.1669e-09
1.1636e-09
1.1602e-09
1.1569e-09
1.1537e-09
1.1504e-09
1.1471e-09
1.1439e-09
1.1407e-09
1.1375e-09
1.1343e-09
1.1312e-09
1.128e-09
1.1249e-09
1.1218e-09
1.1188e-09
1.1157e-09
1.1127e-09
1.1096e-09
1.1066e-09
1.1036e-09
1.1007e-09
1.0977e-09
1.0948e-09
1.0919e-09
1.089e-09
1.0861e-09
1.0832e-09
1.0804e-09
1.0776e-09
1.0748e-09
1.072e-09
1.0692e-09
1.0665e-09
1.0638e-09
1.061e-09
1.0584e-09
1.0557e-09
1.053e-09
1.0504e-09
1.0478e-09
1.0452e-09
1.0426e-09
1.0401e-09
1.0375e-09
1.035e-09
1.0325e-09
1.03e-09
1.0275e-09
1.0251e-09
1.0227e-09
1.0202e-09
1.0179e-09
1.0155e-09
1.0131e-09
1.0108e-09
1.0085e-09
1.0062e-09
1.0039e-09
1.0017e-09
9.9941e-10
9.9719e-10
9.9499e-10
9.9281e-10
9.9065e-10
9.885e-10
9.8638e-10
9.8427e-10
9.8219e-10
9.8012e-10
9.7807e-10
9.7604e-10
9.7403e-10
9.7204e-10
9.7007e-10
9.6811e-10
9.6618e-10
9.6427e-10
9.6237e-10
9.605e-10
9.5864e-10
9.5681e-10
9.5499e-10
9.5319e-10
9.5142e-10
9.4966e-10
9.4792e-10
9.462e-10
9.445e-10
9.4282e-10
9.4117e-10
9.3953e-10
9.3791e-10
9.3631e-10
9.3473e-10
9.3317e-10
9.3162e-10
9.301e-10
9.286e-10
9.2712e-10
9.2566e-10
9.2422e-10
9.228e-10
9.214e-10
9.2002e-10
9.1866e-10
9.1733e-10
9.1601e-10
9.1471e-10
9.1343e-10
9.1217e-10
9.1094e-10
9.0972e-10
9.0852e-10
9.0735e-10
9.062e-10
9.0506e-10
9.0395e-10
9.0286e-10
9.0179e-10
9.0074e-10
8.9971e-10
8.987e-10
8.9771e-10
8.9674e-10
8.958e-10
8.9488e-10
8.9397e-10
8.9309e-10
8.9223e-10
8.914e-10
8.9058e-10
8.8978e-10
8.8901e-10
8.8826e-10
8.8753e-10
8.8682e-10
8.8613e-10
8.8547e-10
8.8482e-10
8.842e-10
8.8361e-10
8.8303e-10
8.8247e-10
8.8194e-10
8.8143e-10
8.8094e-10
8.8048e-10
8.8004e-10
8.7962e-10
8.7922e-10
8.7884e-10
8.7849e-10
8.7816e-10
8.7786e-10
8.7757e-10
8.7731e-10
8.7707e-10
8.7686e-10
8.7667e-10
8.765e-10
8.7636e-10
8.7624e-10
8.7614e-10
8.7607e-10
8.7602e-10
8.7599e-10
8.7599e-10
8.7601e-10
8.7605e-10
8.7612e-10
8.7622e-10
8.7634e-10
8.7648e-10
8.7665e-10
8.7684e-10
8.7705e-10
8.7729e-10
8.7756e-10
8.7785e-10
8.7816e-10
8.785e-10
8.7887e-10
8.7926e-10
8.7967e-10
8.8011e-10
8.8058e-10
8.8107e-10
8.8159e-10
8.8213e-10
8.827e-10
8.8329e-10
8.8391e-10
8.8456e-10
8.8523e-10
8.8593e-10
8.8666e-10
8.8741e-10
8.8819e-10
8.8899e-10
8.8982e-10
8.9068e-10
8.9157e-10
8.9248e-10
8.9342e-10
8.9439e-10
8.9538e-10
8.9641e-10
8.9746e-10
8.9853e-10
8.9964e-10
9.0077e-10
9.0193e-10
9.0312e-10
9.0434e-10
9.0559e-10
9.0686e-10
9.0817e-10
9.095e-10
9.1086e-10
9.1225e-10
9.1367e-10
9.1512e-10
9.166e-10
9.181e-10
9.1964e-10
9.2121e-10
9.228e-10
9.2443e-10
9.2609e-10
9.2778e-10
9.2949e-10
9.3124e-10
9.3302e-10
9.3483e-10
9.3667e-10
9.3854e-10
9.4044e-10
9.4238e-10
9.4434e-10
9.4634e-10
9.4837e-10
9.5043e-10
9.5252e-10
9.5464e-10
9.568e-10
9.5899e-10
9.6121e-10
9.6347e-10
9.6575e-10
9.6808e-10
9.7043e-10
9.7282e-10
9.7524e-10
9.7769e-10
9.8018e-10
9.827e-10
9.8526e-10
9.8785e-10
9.9047e-10
9.9313e-10
9.9583e-10
9.9856e-10
1.0013e-09
1.0041e-09
1.007e-09
1.0098e-09
1.0127e-09
1.0157e-09
1.0187e-09
1.0217e-09
1.0247e-09
1.0278e-09
1.0309e-09
1.0341e-09
1.0373e-09
1.0405e-09
1.0438e-09
1.0471e-09
1.0505e-09
1.0538e-09
1.0573e-09
1.0607e-09
1.0642e-09
1.0678e-09
1.0714e-09
1.075e-09
1.0786e-09
1.0823e-09
1.0861e-09
1.0898e-09
1.0937e-09
1.0975e-09
1.1014e-09
1.1054e-09
1.1093e-09
1.1134e-09
1.1174e-09
1.1215e-09
1.1257e-09
1.1299e-09
1.1341e-09
1.1384e-09
1.1427e-09
1.147e-09
1.1514e-09
1.1559e-09
1.1604e-09
1.1649e-09
1.1695e-09
1.1741e-09
1.1788e-09
1.1835e-09
1.1882e-09
1.193e-09
1.1979e-09
1.2028e-09
1.2077e-09
1.2127e-09
1.2177e-09
1.2228e-09
1.2279e-09
1.2331e-09
1.2383e-09
1.2436e-09
1.2489e-09
1.2542e-09
1.2596e-09
1.2651e-09
1.2706e-09
1.2761e-09
1.2817e-09
1.2874e-09
1.2931e-09
1.2989e-09
1.3047e-09
1.3105e-09
1.3164e-09
1.3224e-09
1.3284e-09
1.3344e-09
1.3405e-09
1.3467e-09
1.3529e-09
1.3592e-09
1.3655e-09
1.3719e-09
1.3783e-09
1.3848e-09
1.3913e-09
1.3979e-09
1.4046e-09
1.4113e-09
1.418e-09
1.4248e-09
1.4317e-09
1.4386e-09
1.4456e-09
1.4526e-09
1.4597e-09
1.4669e-09
1.4741e-09
1.4814e-09
1.4887e-09
1.4961e-09
1.5035e-09
1.511e-09
1.5186e-09
1.5262e-09
1.5339e-09
1.5416e-09
1.5494e-09
1.5573e-09
1.5652e-09
1.5732e-09
1.5813e-09
1.5894e-09
1.5976e-09
1.6058e-09
1.6141e-09
1.6225e-09
1.6309e-09
1.6394e-09
1.648e-09
1.6566e-09
1.6653e-09
1.674e-09
1.6829e-09
1.6918e-09
1.7007e-09
1.7098e-09
1.7188e-09
1.728e-09
1.7372e-09
1.7466e-09
1.7559e-09
1.7654e-09
1.7749e-09
1.7845e-09
1.7941e-09
1.8038e-09
1.8136e-09
1.8235e-09
1.8335e-09
1.8435e-09
1.8536e-09
1.8637e-09
1.874e-09
1.8843e-09
1.8947e-09
1.9051e-09
1.9157e-09
1.9263e-09
1.937e-09
1.9477e-09
1.9586e-09
1.9695e-09
1.9805e-09
1.9916e-09
2.0028e-09
2.014e-09
2.0253e-09
2.0367e-09
2.0482e-09
2.0598e-09
2.0714e-09
2.0832e-09
2.095e-09
2.1069e-09
2.1188e-09
2.1309e-09
2.1431e-09
2.1553e-09
2.1676e-09
2.18e-09
2.1925e-09
2.2051e-09
2.2178e-09
2.2305e-09
2.2434e-09
2.2563e-09
2.2693e-09
2.2824e-09
2.2957e-09
2.309e-09
2.3223e-09
2.3358e-09
2.3494e-09
2.3631e-09
2.3768e-09
2.3907e-09
2.4046e-09
2.4187e-09
2.4328e-09
2.4471e-09
2.4614e-09
2.4758e-09
2.4903e-09
2.505e-09
2.5197e-09
2.5345e-09
2.5495e-09
2.5645e-09
2.5796e-09
2.5949e-09
2.6102e-09
2.6256e-09
2.6412e-09
2.6568e-09
2.6726e-09
2.6884e-09
2.7044e-09
2.7204e-09
2.7366e-09
2.7529e-09
2.7693e-09
2.7858e-09
2.8024e-09
2.8191e-09
2.836e-09
2.8529e-09
2.87e-09
2.8871e-09
2.9044e-09
2.9218e-09
2.9393e-09
2.9569e-09
2.9747e-09
2.9925e-09
3.0105e-09
3.0286e-09
3.0468e-09
3.0651e-09
3.0836e-09
3.1022e-09
3.1209e-09
3.1397e-09
3.1586e-09
3.1777e-09
3.1968e-09
3.2162e-09
3.2356e-09
3.2551e-09
3.2748e-09
3.2946e-09
3.3146e-09
3.3347e-09
3.3549e-09
3.3752e-09
3.3956e-09
3.4162e-09
3.437e-09
3.4578e-09
3.4788e-09
3.4999e-09
3.5212e-09
3.5426e-09
3.5641e-09
3.5858e-09
3.6076e-09
3.6296e-09
3.6517e-09
3.6739e-09
3.6963e-09
3.7188e-09
3.7414e-09
3.7642e-09
3.7872e-09
3.8103e-09
3.8335e-09
3.8569e-09
3.8804e-09
3.9041e-09
3.928e-09
3.9519e-09
3.9761e-09
4.0004e-09
4.0248e-09
4.0494e-09
4.0741e-09
4.099e-09
4.1241e-09
4.1493e-09
4.1747e-09
4.2002e-09
4.2259e-09
4.2518e-09
4.2778e-09
4.304e-09
4.3303e-09
4.3568e-09
4.3835e-09
4.4103e-09
4.4373e-09
4.4645e-09
4.4919e-09
4.5194e-09
4.5471e-09
4.5749e-09
4.6029e-09
4.6311e-09
4.6595e-09
4.6881e-09
4.7168e-09
4.7457e-09
4.7748e-09
4.804e-09
4.8335e-09
4.8631e-09
4.8929e-09
4.9229e-09
4.9531e-09
4.9834e-09
5.014e-09
5.0447e-09
5.0757e-09
5.1068e-09
5.1381e-09
5.1696e-09
5.2013e-09
5.2331e-09
5.2652e-09
5.2975e-09
5.33e-09
5.3626e-09
5.3955e-09
5.4286e-09
5.4618e-09
5.4953e-09
5.529e-09
5.5628e-09
5.5969e-09
5.6312e-09
5.6657e-09
5.7004e-09
5.7354e-09
5.7705e-09
5.8058e-09
5.8414e-09
5.8772e-09
5.9131e-09
5.9493e-09
5.9858e-09
6.0224e-09
6.0593e-09
6.0964e-09
6.1337e-09
6.1712e-09
6.209e-09
6.247e-09
6.2852e-09
6.3236e-09
6.3623e-09
6.4012e-09
6.4403e-09
6.4797e-09
6.5193e-09
6.5592e-09
6.5993e-09
6.6396e-09
6.6801e-09
6.7209e-09
6.762e-09
6.8033e-09
6.8448e-09
6.8866e-09
6.9287e-09
6.9709e-09
7.0135e-09
7.0563e-09
7.0993e-09
7.1426e-09
7.1862e-09
7.23e-09
7.2741e-09
7.3184e-09
7.363e-09
7.4079e-09
7.453e-09
7.4984e-09
7.5441e-09
7.59e-09
7.6362e-09
7.6827e-09
7.7294e-09
7.7765e-09
7.8238e-09
7.8713e-09
7.9192e-09
7.9673e-09
8.0158e-09
8.0645e-09
8.1135e-09
8.1628e-09
8.2123e-09
8.2622e-09
8.3123e-09
8.3628e-09
8.4135e-09
8.4646e-09
8.5159e-09
8.5676e-09
8.6195e-09
8.6717e-09
8.7243e-09
8.7771e-09
8.8303e-09
8.8838e-09
8.9376e-09
8.9917e-09
9.0461e-09
9.1008e-09
9.1558e-09
9.2112e-09
9.2669e-09
9.3229e-09
9.3792e-09
9.4359e-09
9.4929e-09
9.5502e-09
9.6078e-09
9.6658e-09
9.7241e-09
9.7828e-09
9.8418e-09
9.9011e-09
9.9608e-09
1.0021e-08
1.0081e-08
1.0142e-08
1.0203e-08
1.0264e-08
1.0326e-08
1.0388e-08
1.0451e-08
1.0514e-08
1.0577e-08
1.064e-08
1.0704e-08
1.0769e-08
1.0833e-08
1.0898e-08
1.0964e-08
1.1029e-08
1.1096e-08
1.1162e-08
1.1229e-08
1.1296e-08
1.1364e-08
1.1432e-08
1.1501e-08
1.1569e-08
1.1639e-08
1.1708e-08
1.1778e-08
1.1849e-08
1.192e-08
1.1991e-08
1.2062e-08
1.2134e-08
1.2207e-08
1.228e-08
1.2353e-08
1.2427e-08
1.2501e-08
1.2575e-08
1.265e-08
1.2726e-08
1.2801e-08
1.2878e-08
1.2954e-08
1.3031e-08
1.3109e-08
1.3187e-08
1.3265e-08
1.3344e-08
1.3423e-08
1.3503e-08
1.3583e-08
1.3664e-08
1.3745e-08
1.3827e-08
1.3909e-08
1.3991e-08
1.4074e-08
1.4157e-08
1.4241e-08
1.4325e-08
1.441e-08
1.4496e-08
1.4581e-08
1.4668e-08
1.4754e-08
1.4841e-08
1.4929e-08
1.5017e-08
1.5106e-08
1.5195e-08
1.5285e-08
1.5375e-08
1.5466e-08
1.5557e-08
1.5648e-08
1.5741e-08
1.5833e-08
1.5926e-08
1.602e-08
1.6114e-08
1.6209e-08
1.6304e-08
1.64e-08
1.6497e-08
1.6593e-08
1.6691e-08
1.6789e-08
1.6887e-08
1.6986e-08
1.7086e-08
1.7186e-08
1.7287e-08
1.7388e-08
1.749e-08
1.7592e-08
1.7695e-08
1.7799e-08
1.7903e-08
1.8007e-08
1.8112e-08
1.8218e-08
1.8325e-08
1.8432e-08
1.8539e-08
1.8647e-08
1.8756e-08
1.8865e-08
1.8975e-08
1.9086e-08
1.9197e-08
1.9309e-08
1.9421e-08
1.9534e-08
1.9647e-08
1.9762e-08
1.9877e-08
1.9992e-08
2.0108e-08
2.0225e-08
2.0342e-08
2.046e-08
2.0579e-08
2.0698e-08
2.0818e-08
2.0938e-08
2.106e-08
2.1182e-08
2.1304e-08
2.1427e-08
2.1551e-08
2.1676e-08
2.1801e-08
2.1927e-08
2.2053e-08
2.2181e-08
2.2309e-08
2.2437e-08
2.2567e-08
2.2697e-08
2.2827e-08
2.2959e-08
2.3091e-08
2.3224e-08
2.3358e-08
2.3492e-08
2.3627e-08
2.3763e-08
2.3899e-08
2.4036e-08
2.4174e-08
2.4313e-08
2.4452e-08
2.4593e-08
2.4734e-08
2.4875e-08
2.5018e-08
2.5161e-08
2.5305e-08
2.545e-08
2.5595e-08
2.5742e-08
2.5889e-08
2.6037e-08
2.6185e-08
2.6335e-08
2.6485e-08
2.6636e-08
2.6788e-08
2.6941e-08
2.7094e-08
2.7248e-08
2.7403e-08
2.7559e-08
2.7716e-08
2.7874e-08
2.8032e-08
2.8191e-08
2.8352e-08
2.8513e-08
2.8674e-08
2.8837e-08
2.9001e-08
2.9165e-08
2.933e-08
2.9497e-08
2.9664e-08
2.9831e-08
3e-08
3.017e-08
3.0341e-08
3.0512e-08
3.0684e-08
3.0858e-08
3.1032e-08
3.1207e-08
3.1383e-08
3.156e-08
3.1738e-08
3.1917e-08
3.2097e-08
3.2277e-08
3.2459e-08
3.2642e-08
3.2825e-08
3.301e-08
3.3195e-08
3.3382e-08
3.3569e-08
3.3758e-08
3.3947e-08
3.4138e-08
3.4329e-08
3.4521e-08
3.4715e-08
3.4909e-08
3.5105e-08
3.5301e-08
3.5499e-08
3.5697e-08
3.5897e-08
3.6097e-08
3.6299e-08
3.6501e-08
3.6705e-08
3.691e-08
3.7116e-08
3.7323e-08
3.7531e-08
3.774e-08
3.795e-08
3.8161e-08
3.8373e-08
3.8587e-08
3.8801e-08
3.9017e-08
3.9233e-08
3.9451e-08
3.967e-08
3.989e-08
4.0112e-08
4.0334e-08
4.0557e-08
4.0782e-08
4.1008e-08
4.1235e-08
4.1463e-08
4.1692e-08
4.1923e-08
4.2155e-08
4.2387e-08
4.2621e-08
4.2857e-08
4.3093e-08
4.3331e-08
4.357e-08
4.381e-08
4.4051e-08
4.4294e-08
4.4538e-08
4.4783e-08
4.5029e-08
4.5276e-08
4.5525e-08
4.5775e-08
4.6027e-08
4.6279e-08
4.6533e-08
4.6788e-08
4.7045e-08
4.7303e-08
4.7562e-08
4.7822e-08
4.8084e-08
4.8347e-08
4.8612e-08
4.8877e-08
4.9144e-08
4.9413e-08
4.9683e-08
4.9954e-08
5.0226e-08
5.05e-08
5.0776e-08
5.1052e-08
5.133e-08
5.161e-08
5.1891e-08
5.2173e-08
5.2457e-08
5.2742e-08
5.3029e-08
5.3317e-08
5.3606e-08
5.3897e-08
5.4189e-08
5.4483e-08
5.4779e-08
5.5075e-08
5.5374e-08
5.5674e-08
5.5975e-08
5.6278e-08
5.6582e-08
5.6888e-08
5.7195e-08
5.7504e-08
5.7815e-08
5.8127e-08
5.844e-08
5.8755e-08
5.9072e-08
5.939e-08
5.971e-08
6.0031e-08
6.0354e-08
6.0679e-08
6.1005e-08
6.1333e-08
6.1663e-08
6.1994e-08
6.2326e-08
6.2661e-08
6.2997e-08
6.3335e-08
6.3674e-08
6.4015e-08
6.4358e-08
6.4702e-08
6.5048e-08
6.5396e-08
6.5746e-08
6.6097e-08
6.645e-08
6.6805e-08
6.7162e-08
6.752e-08
6.788e-08
6.8242e-08
6.8605e-08
6.8971e-08
6.9338e-08
6.9707e-08
7.0077e-08
7.045e-08
7.0824e-08
7.1201e-08
7.1579e-08
7.1959e-08
7.234e-08
7.2724e-08
7.311e-08
7.3497e-08
7.3886e-08
7.4277e-08
7.4671e-08
7.5066e-08
7.5463e-08
7.5861e-08
7.6262e-08
7.6665e-08
7.707e-08
7.7476e-08
7.7885e-08
7.8296e-08
7.8708e-08
7.9123e-08
7.9539e-08
7.9958e-08
8.0379e-08
8.0802e-08
8.1226e-08
8.1653e-08
8.2082e-08
8.2513e-08
8.2946e-08
8.3381e-08
8.3818e-08
8.4258e-08
8.4699e-08
8.5142e-08
8.5588e-08
8.6036e-08
8.6486e-08
8.6938e-08
8.7392e-08
8.7849e-08
8.8308e-08
8.8768e-08
8.9232e-08
8.9697e-08
9.0164e-08
9.0634e-08
9.1106e-08
9.158e-08
9.2057e-08
9.2536e-08
9.3017e-08
9.35e-08
9.3986e-08
9.4474e-08
9.4964e-08
9.5457e-08
9.5952e-08
9.6449e-08
9.6949e-08
9.7451e-08
9.7956e-08
9.8462e-08
9.8972e-08
9.9483e-08
9.9998e-08
1.0051e-07
1.0103e-07
1.0155e-07
1.0208e-07
1.026e-07
1.0313e-07
1.0367e-07
1.042e-07
1.0474e-07
1.0527e-07
1.0582e-07
1.0636e-07
1.0691e-07
1.0746e-07
1.0801e-07
1.0856e-07
1.0912e-07
1.0968e-07
1.1024e-07
1.108e-07
1.1137e-07
1.1194e-07
1.1252e-07
1.1309e-07
1.1367e-07
1.1425e-07
1.1483e-07
1.1542e-07
1.1601e-07
1.166e-07
1.1719e-07
1.1779e-07
1.1839e-07
1.19e-07
1.196e-07
1.2021e-07
1.2082e-07
1.2143e-07
1.2205e-07
1.2267e-07
1.2329e-07
1.2392e-07
1.2455e-07
1.2518e-07
1.2581e-07
1.2645e-07
1.2709e-07
1.2774e-07
1.2838e-07
1.2903e-07
1.2968e-07
1.3034e-07
1.31e-07
1.3166e-07
1.3232e-07
1.3299e-07
1.3366e-07
1.3433e-07
1.3501e-07
1.3569e-07
1.3637e-07
1.3706e-07
1.3775e-07
1.3844e-07
1.3913e-07
1.3983e-07
1.4053e-07
1.4124e-07
1.4195e-07
1.4266e-07
1.4337e-07
1.4409e-07
1.4481e-07
1.4554e-07
1.4627e-07
1.47e-07
1.4773e-07
1.4847e-07
1.4921e-07
1.4995e-07
1.507e-07
1.5145e-07
1.5221e-07
1.5297e-07
1.5373e-07
1.5449e-07
1.5526e-07
1.5603e-07
1.5681e-07
1.5759e-07
1.5837e-07
1.5916e-07
1.5995e-07
1.6074e-07
1.6154e-07
1.6234e-07
1.6314e-07
1.6395e-07
1.6476e-07
1.6557e-07
1.6639e-07
1.6721e-07
1.6804e-07
1.6887e-07
1.697e-07
1.7054e-07
1.7138e-07
1.7222e-07
1.7307e-07
1.7392e-07
1.7478e-07
1.7564e-07
1.765e-07
1.7737e-07
1.7824e-07
1.7912e-07
1.8e-07
1.8088e-07
1.8177e-07
1.8266e-07
1.8355e-07
1.8445e-07
1.8535e-07
1.8626e-07
1.8717e-07
1.8808e-07
1.89e-07
1.8993e-07
1.9085e-07
1.9178e-07
1.9272e-07
1.9366e-07
1.946e-07
1.9555e-07
1.965e-07
1.9746e-07
1.9842e-07
1.9938e-07
2.0035e-07
2.0132e-07
2.023e-07
2.0328e-07
2.0427e-07
2.0526e-07
2.0625e-07
2.0725e-07
2.0825e-07
2.0926e-07
2.1027e-07
2.1129e-07
2.1231e-07
2.1334e-07
2.1437e-07
2.154e-07
2.1644e-07
2.1748e-07
2.1853e-07
2.1958e-07
2.2064e-07
2.217e-07
2.2277e-07
2.2384e-07
2.2491e-07
2.2599e-07
2.2708e-07
2.2817e-07
2.2926e-07
2.3036e-07
2.3147e-07
2.3257e-07
2.3369e-07
2.348e-07
2.3593e-07
2.3706e-07
2.3819e-07
2.3933e-07
2.4047e-07
2.4162e-07
2.4277e-07
2.4393e-07
2.4509e-07
2.4625e-07
2.4743e-07
2.486e-07
2.4979e-07
2.5097e-07
2.5217e-07
2.5336e-07
2.5457e-07
2.5577e-07
2.5699e-07
2.582e-07
2.5943e-07
2.6066e-07
2.6189e-07
2.6313e-07
2.6437e-07
2.6562e-07
2.6688e-07
2.6814e-07
2.694e-07
2.7068e-07
2.7195e-07
2.7323e-07
2.7452e-07
2.7581e-07
2.7711e-07
2.7841e-07
2.7972e-07
2.8104e-07
2.8236e-07
2.8368e-07
2.8502e-07
2.8635e-07
2.877e-07
2.8904e-07
2.904e-07
2.9176e-07
2.9312e-07
2.9449e-07
2.9587e-07
2.9725e-07
2.9864e-07
3.0004e-07
3.0144e-07
3.0284e-07
3.0425e-07
3.0567e-07
3.071e-07
3.0853e-07
3.0996e-07
3.114e-07
3.1285e-07
3.143e-07
3.1576e-07
3.1723e-07
3.187e-07
3.2018e-07
3.2166e-07
3.2315e-07
3.2465e-07
3.2615e-07
3.2766e-07
3.2918e-07
3.307e-07
3.3223e-07
3.3376e-07
3.353e-07
3.3685e-07
3.384e-07
3.3996e-07
3.4152e-07
3.431e-07
3.4468e-07
3.4626e-07
3.4785e-07
3.4945e-07
3.5106e-07
3.5267e-07
3.5429e-07
3.5591e-07
3.5754e-07
3.5918e-07
3.6083e-07
3.6248e-07
3.6414e-07
3.658e-07
3.6747e-07
3.6915e-07
3.7084e-07
3.7253e-07
3.7423e-07
3.7593e-07
3.7765e-07
3.7937e-07
3.811e-07
3.8283e-07
3.8457e-07
3.8632e-07
3.8807e-07
3.8984e-07
3.9161e-07
3.9338e-07
3.9517e-07
3.9696e-07
3.9876e-07
4.0056e-07
4.0238e-07
4.042e-07
4.0602e-07
4.0786e-07
4.097e-07
4.1155e-07
4.1341e-07
4.1527e-07
4.1714e-07
4.1902e-07
4.2091e-07
4.2281e-07
4.2471e-07
4.2662e-07
4.2853e-07
4.3046e-07
4.3239e-07
4.3433e-07
4.3628e-07
4.3824e-07
4.402e-07
4.4217e-07
4.4415e-07
4.4614e-07
4.4814e-07
4.5014e-07
4.5215e-07
4.5417e-07
4.562e-07
4.5823e-07
4.6028e-07
4.6233e-07
4.6439e-07
4.6645e-07
4.6853e-07
4.7061e-07
4.7271e-07
4.7481e-07
4.7691e-07
4.7903e-07
4.8116e-07
4.8329e-07
4.8543e-07
4.8758e-07
4.8974e-07
4.9191e-07
4.9409e-07
4.9627e-07
4.9846e-07
5.0066e-07
5.0287e-07
5.0509e-07
5.0732e-07
5.0956e-07
5.118e-07
5.1406e-07
5.1632e-07
5.1859e-07
5.2087e-07
5.2316e-07
5.2546e-07
5.2776e-07
5.3008e-07
5.324e-07
5.3474e-07
5.3708e-07
5.3943e-07
5.4179e-07
5.4416e-07
5.4654e-07
5.4893e-07
5.5133e-07
5.5373e-07
5.5615e-07
5.5857e-07
5.6101e-07
5.6345e-07
5.6591e-07
5.6837e-07
5.7084e-07
5.7332e-07
5.7581e-07
5.7832e-07
5.8083e-07
5.8335e-07
5.8588e-07
5.8841e-07
5.9096e-07
5.9352e-07
5.9609e-07
5.9867e-07
6.0126e-07
6.0386e-07
6.0646e-07
6.0908e-07
6.1171e-07
6.1435e-07
6.1699e-07
6.1965e-07
6.2232e-07
6.25e-07
6.2768e-07
6.3038e-07
6.3309e-07
6.3581e-07
6.3854e-07
6.4128e-07
6.4403e-07
6.4679e-07
6.4956e-07
6.5234e-07
6.5513e-07
6.5793e-07
6.6074e-07
6.6356e-07
6.664e-07
6.6924e-07
6.721e-07
6.7496e-07
6.7784e-07
6.8072e-07
6.8362e-07
6.8653e-07
6.8945e-07
6.9238e-07
6.9532e-07
6.9827e-07
7.0123e-07
7.042e-07
7.0719e-07
7.1018e-07
7.1319e-07
7.1621e-07
7.1924e-07
7.2228e-07
7.2533e-07
7.2839e-07
7.3147e-07
7.3455e-07
7.3765e-07
7.4076e-07
7.4388e-07
7.4701e-07
7.5015e-07
7.5331e-07
7.5647e-07
7.5965e-07
7.6284e-07
7.6604e-07
7.6925e-07
7.7248e-07
7.7571e-07
7.7896e-07
7.8222e-07
7.8549e-07
7.8878e-07
7.9207e-07
7.9538e-07
7.987e-07
8.0203e-07
8.0537e-07
8.0873e-07
8.121e-07
8.1548e-07
8.1887e-07
8.2228e-07
8.2569e-07
8.2912e-07
8.3256e-07
8.3602e-07
8.3949e-07
8.4296e-07
8.4646e-07
8.4996e-07
8.5348e-07
8.5701e-07
8.6055e-07
8.6411e-07
8.6767e-07
8.7125e-07
8.7485e-07
8.7845e-07
8.8207e-07
8.8571e-07
8.8935e-07
8.9301e-07
8.9668e-07
9.0037e-07
9.0406e-07
9.0777e-07
9.115e-07
9.1523e-07
9.1899e-07
9.2275e-07
9.2653e-07
9.3032e-07
9.3412e-07
9.3794e-07
9.4177e-07
9.4561e-07
9.4947e-07
9.5334e-07
9.5723e-07
9.6113e-07
9.6504e-07
9.6897e-07
9.7291e-07
9.7686e-07
9.8083e-07
9.8481e-07
9.8881e-07
9.9282e-07
9.9684e-07
1.0009e-06
1.0049e-06
1.009e-06
1.0131e-06
1.0172e-06
1.0213e-06
1.0254e-06
1.0295e-06
1.0337e-06
1.0379e-06
1.042e-06
1.0462e-06
1.0505e-06
1.0547e-06
1.0589e-06
1.0632e-06
1.0674e-06
1.0717e-06
1.076e-06
1.0803e-06
1.0847e-06
1.089e-06
1.0934e-06
1.0977e-06
1.1021e-06
1.1065e-06
1.1109e-06
1.1154e-06
1.1198e-06
1.1243e-06
1.1288e-06
1.1333e-06
1.1378e-06
1.1423e-06
1.1468e-06
1.1514e-06
1.156e-06
1.1606e-06
1.1652e-06
1.1698e-06
1.1744e-06
1.1791e-06
1.1837e-06
1.1884e-06
1.1931e-06
1.1978e-06
1.2026e-06
1.2073e-06
1.2121e-06
1.2168e-06
1.2216e-06
1.2264e-06
1.2313e-06
1.2361e-06
1.241e-06
1.2458e-06
1.2507e-06
1.2556e-06
1.2606e-06
1.2655e-06
1.2705e-06
1.2754e-06
1.2804e-06
1.2854e-06
1.2905e-06
1.2955e-06
1.3006e-06
1.3056e-06
1.3107e-06
1.3158e-06
1.321e-06
1.3261e-06
1.3313e-06
1.3364e-06
1.3416e-06
1.3468e-06
1.3521e-06
1.3573e-06
1.3626e-06
1.3679e-06
1.3732e-06
1.3785e-06
1.3838e-06
1.3892e-06
1.3945e-06
1.3999e-06
1.4053e-06
1.4107e-06
1.4162e-06
1.4216e-06
1.4271e-06
1.4326e-06
1.4381e-06
1.4436e-06
1.4492e-06
1.4547e-06
1.4603e-06
1.4659e-06
1.4715e-06
1.4772e-06
1.4828e-06
1.4885e-06
1.4942e-06
1.4999e-06
1.5056e-06
1.5114e-06
1.5171e-06
1.5229e-06
1.5287e-06
1.5346e-06
1.5404e-06
1.5463e-06
1.5521e-06
1.558e-06
1.5639e-06
1.5699e-06
1.5758e-06
1.5818e-06
1.5878e-06
1.5938e-06
1.5998e-06
1.6059e-06
1.612e-06
1.618e-06
1.6241e-06
1.6303e-06
1.6364e-06
1.6426e-06
1.6488e-06
1.655e-06
1.6612e-06
1.6674e-06
1.6737e-06
1.68e-06
1.6863e-06
1.6926e-06
1.699e-06
1.7053e-06
1.7117e-06
1.7181e-06
1.7245e-06
1.731e-06
1.7375e-06
1.7439e-06
1.7504e-06
1.757e-06
1.7635e-06
1.7701e-06
1.7767e-06
1.7833e-06
1.7899e-06
1.7965e-06
1.8032e-06
1.8099e-06
1.8166e-06
1.8233e-06
1.8301e-06
1.8369e-06
1.8437e-06
1.8505e-06
1.8573e-06
1.8642e-06
1.8711e-06
1.878e-06
1.8849e-06
1.8918e-06
1.8988e-06
1.9058e-06
1.9128e-06
1.9198e-06
1.9269e-06
1.9339e-06
1.941e-06
1.9481e-06
1.9553e-06
1.9624e-06
1.9696e-06
1.9768e-06
1.984e-06
1.9913e-06
1.9985e-06
2.0058e-06
2.0131e-06
2.0205e-06
2.0278e-06
2.0352e-06
2.0426e-06
2.05e-06
2.0575e-06
2.065e-06
2.0724e-06
2.08e-06
2.0875e-06
2.0951e-06
2.1026e-06
2.1102e-06
2.1179e-06
2.1255e-06
2.1332e-06
2.1409e-06
2.1486e-06
2.1563e-06
2.1641e-06
2.1719e-06
2.1797e-06
2.1875e-06
2.1954e-06
2.2033e-06
2.2112e-06
2.2191e-06
2.2271e-06
2.235e-06
2.243e-06
2.2511e-06
2.2591e-06
2.2672e-06
2.2753e-06
2.2834e-06
2.2915e-06
2.2997e-06
2.3079e-06
2.3161e-06
2.3243e-06
2.3326e-06
2.3409e-06
2.3492e-06
2.3575e-06
2.3659e-06
2.3743e-06
2.3827e-06
2.3911e-06
2.3995e-06
2.408e-06
2.4165e-06
2.4251e-06
2.4336e-06
2.4422e-06
2.4508e-06
2.4594e-06
2.4681e-06
2.4768e-06
2.4855e-06
2.4942e-06
2.5029e-06
2.5117e-06
2.5205e-06
2.5293e-06
2.5382e-06
2.5471e-06
2.556e-06
2.5649e-06
2.5739e-06
2.5829e-06
2.5919e-06
2.6009e-06
2.61e-06
2.619e-06
2.6281e-06
2.6373e-06
2.6464e-06
2.6556e-06
2.6648e-06
2.6741e-06
2.6833e-06
2.6926e-06
2.702e-06
2.7113e-06
2.7207e-06
2.7301e-06
2.7395e-06
2.7489e-06
2.7584e-06
2.7679e-06
2.7774e-06
2.787e-06
2.7966e-06
2.8062e-06
2.8158e-06
2.8255e-06
2.8352e-06
2.8449e-06
2.8546e-06
2.8644e-06
2.8742e-06
2.884e-06
2.8939e-06
2.9038e-06
2.9137e-06
2.9236e-06
2.9336e-06
2.9435e-06
2.9536e-06
2.9636e-06
2.9737e-06
2.9838e-06
2.9939e-06
3.0041e-06
3.0142e-06
3.0244e-06
3.0347e-06
3.0449e-06
3.0552e-06
3.0656e-06
3.0759e-06
3.0863e-06
3.0967e-06
3.1071e-06
3.1176e-06
3.1281e-06
3.1386e-06
3.1491e-06
3.1597e-06
3.1703e-06
3.1809e-06
3.1916e-06
3.2023e-06
3.213e-06
3.2238e-06
3.2345e-06
3.2453e-06
3.2562e-06
3.267e-06
3.2779e-06
3.2888e-06
3.2998e-06
3.3108e-06
3.3218e-06
3.3328e-06
3.3439e-06
3.355e-06
3.3661e-06
3.3772e-06
3.3884e-06
3.3996e-06
3.4109e-06
3.4222e-06
3.4335e-06
3.4448e-06
3.4561e-06
3.4675e-06
3.479e-06
3.4904e-06
3.5019e-06
3.5134e-06
3.5249e-06
3.5365e-06
3.5481e-06
3.5597e-06
3.5714e-06
3.5831e-06
3.5948e-06
3.6066e-06
3.6183e-06
3.6301e-06
3.642e-06
3.6539e-06
3.6658e-06
3.6777e-06
3.6897e-06
3.7017e-06
3.7137e-06
3.7257e-06
3.7378e-06
3.7499e-06
3.7621e-06
3.7743e-06
3.7865e-06
3.7987e-06
3.811e-06
3.8233e-06
3.8356e-06
3.848e-06
3.8604e-06
3.8728e-06
3.8853e-06
3.8978e-06
3.9103e-06
3.9229e-06
3.9355e-06
3.9481e-06
3.9607e-06
3.9734e-06
3.9861e-06
3.9989e-06
4.0117e-06
4.0245e-06
4.0373e-06
4.0502e-06
4.0631e-06
4.076e-06
4.089e-06
4.102e-06
4.115e-06
4.1281e-06
4.1412e-06
4.1543e-06
4.1675e-06
4.1807e-06
4.1939e-06
4.2072e-06
4.2205e-06
4.2338e-06
4.2471e-06
4.2605e-06
4.274e-06
4.2874e-06
4.3009e-06
4.3144e-06
4.328e-06
4.3416e-06
4.3552e-06
4.3689e-06
4.3825e-06
4.3963e-06
4.41e-06
4.4238e-06
4.4376e-06
4.4515e-06
4.4654e-06
4.4793e-06
4.4932e-06
4.5072e-06
4.5212e-06
4.5353e-06
4.5494e-06
4.5635e-06
4.5777e-06
4.5918e-06
4.6061e-06
4.6203e-06
4.6346e-06
4.6489e-06
4.6633e-06
4.6777e-06
4.6921e-06
4.7066e-06
4.7211e-06
4.7356e-06
4.7502e-06
4.7648e-06
4.7794e-06
4.7941e-06
4.8088e-06
4.8235e-06
4.8383e-06
4.8531e-06
4.8679e-06
4.8828e-06
4.8977e-06
4.9126e-06
4.9276e-06
4.9426e-06
4.9576e-06
4.9727e-06
4.9878e-06
5.003e-06
5.0182e-06
5.0334e-06
5.0486e-06
5.0639e-06
5.0793e-06
5.0946e-06
5.11e-06
5.1254e-06
5.1409e-06
5.1564e-06
5.1719e-06
5.1875e-06
5.2031e-06
5.2188e-06
5.2344e-06
5.2501e-06
5.2659e-06
5.2817e-06
5.2975e-06
5.3133e-06
5.3292e-06
5.3452e-06
5.3611e-06
5.3771e-06
5.3931e-06
5.4092e-06
5.4253e-06
5.4415e-06
5.4576e-06
5.4738e-06
5.4901e-06
5.5064e-06
5.5227e-06
5.539e-06
5.5554e-06
5.5719e-06
5.5883e-06
5.6048e-06
5.6214e-06
5.6379e-06
5.6545e-06
5.6712e-06
5.6879e-06
5.7046e-06
5.7213e-06
5.7381e-06
5.755e-06
5.7718e-06
5.7887e-06
5.8057e-06
5.8226e-06
5.8396e-06
5.8567e-06
5.8738e-06
5.8909e-06
5.9081e-06
5.9253e-06
5.9425e-06
5.9597e-06
5.9771e-06
5.9944e-06
6.0118e-06
6.0292e-06
6.0466e-06
6.0641e-06
6.0817e-06
6.0992e-06
6.1168e-06
6.1345e-06
6.1521e-06
6.1698e-06
6.1876e-06
6.2054e-06
6.2232e-06
6.2411e-06
6.259e-06
6.2769e-06
6.2949e-06
6.3129e-06
6.3309e-06
6.349e-06
6.3672e-06
6.3853e-06
6.4035e-06
6.4218e-06
6.44e-06
6.4583e-06
6.4767e-06
6.4951e-06
6.5135e-06
6.532e-06
6.5505e-06
6.569e-06
6.5876e-06
6.6062e-06
6.6248e-06
6.6435e-06
6.6623e-06
6.681e-06
6.6998e-06
6.7187e-06
6.7376e-06
6.7565e-06
6.7754e-06
6.7944e-06
6.8135e-06
6.8325e-06
6.8516e-06
6.8708e-06
6.89e-06
6.9092e-06
6.9284e-06
6.9477e-06
6.9671e-06
6.9865e-06
7.0059e-06
7.0253e-06
7.0448e-06
7.0644e-06
7.0839e-06
7.1035e-06
7.1232e-06
7.1429e-06
7.1626e-06
7.1823e-06
7.2021e-06
7.222e-06
7.2419e-06
7.2618e-06
7.2817e-06
7.3017e-06
7.3217e-06
7.3418e-06
7.3619e-06
7.3821e-06
7.4023e-06
7.4225e-06
7.4427e-06
7.463e-06
7.4834e-06
7.5038e-06
7.5242e-06
7.5446e-06
7.5651e-06
7.5857e-06
7.6062e-06
7.6268e-06
7.6475e-06
7.6682e-06
7.6889e-06
7.7097e-06
7.7305e-06
7.7513e-06
7.7722e-06
7.7931e-06
7.8141e-06
7.8351e-06
7.8561e-06
7.8772e-06
7.8983e-06
7.9195e-06
7.9407e-06
7.9619e-06
7.9832e-06
8.0045e-06
8.0259e-06
8.0473e-06
8.0687e-06
8.0902e-06
8.1117e-06
8.1332e-06
8.1548e-06
8.1764e-06
8.1981e-06
8.2198e-06
8.2416e-06
8.2633e-06
8.2852e-06
8.307e-06
8.3289e-06
8.3509e-06
8.3728e-06
8.3949e-06
8.4169e-06
8.439e-06
8.4612e-06
8.4833e-06
8.5055e-06
8.5278e-06
8.5501e-06
8.5724e-06
8.5948e-06
8.6172e-06
8.6397e-06
8.6621e-06
8.6847e-06
8.7072e-06
8.7298e-06
8.7525e-06
8.7752e-06
8.7979e-06
8.8207e-06
8.8435e-06
8.8663e-06
8.8892e-06
8.9121e-06
8.9351e-06
8.9581e-06
8.9811e-06
9.0042e-06
9.0273e-06
9.0505e-06
9.0737e-06
9.0969e-06
9.1202e-06
9.1435e-06
9.1668e-06
9.1902e-06
9.2137e-06
9.2371e-06
9.2606e-06
9.2842e-06
9.3078e-06
9.3314e-06
9.3551e-06
9.3788e-06
9.4025e-06
9.4263e-06
9.4501e-06
9.474e-06
9.4979e-06
9.5218e-06
9.5458e-06
9.5698e-06
9.5939e-06
9.618e-06
9.6421e-06
9.6663e-06
9.6905e-06
9.7148e-06
9.7391e-06
9.7634e-06
9.7878e-06
9.8122e-06
9.8366e-06
9.8611e-06
9.8856e-06
9.9102e-06
9.9348e-06
9.9595e-06
9.9841e-06
1.0009e-05
1.0034e-05
1.0058e-05
1.0083e-05
1.0108e-05
1.0133e-05
1.0158e-05
1.0183e-05
1.0208e-05
1.0233e-05
1.0258e-05
1.0283e-05
1.0309e-05
1.0334e-05
1.0359e-05
1.0384e-05
1.041e-05
1.0435e-05
1.0461e-05
1.0486e-05
1.0511e-05
1.0537e-05
1.0563e-05
1.0588e-05
1.0614e-05
1.064e-05
1.0665e-05
1.0691e-05
1.0717e-05
1.0743e-05
1.0769e-05
1.0794e-05
1.082e-05
1.0846e-05
1.0872e-05
1.0899e-05
1.0925e-05
1.0951e-05
1.0977e-05
1.1003e-05
1.103e-05
1.1056e-05
1.1082e-05
1.1109e-05
1.1135e-05
1.1161e-05
1.1188e-05
1.1214e-05
1.1241e-05
1.1268e-05
1.1294e-05
1.1321e-05
1.1348e-05
1.1374e-05
1.1401e-05
1.1428e-05
1.1455e-05
1.1482e-05
1.1509e-05
1.1536e-05
1.1563e-05
1.159e-05
1.1617e-05
1.1644e-05
1.1671e-05
1.1698e-05
1.1726e-05
1.1753e-05
1.178e-05
1.1808e-05
1.1835e-05
1.1863e-05
1.189e-05
1.1918e-05
1.1945e-05
1.1973e-05
1.2e-05
1.2028e-05
1.2056e-05
1.2083e-05
1.2111e-05
1.2139e-05
1.2167e-05
1.2195e-05
1.2223e-05
1.2251e-05
1.2279e-05
1.2307e-05
1.2335e-05
1.2363e-05
1.2391e-05
1.2419e-05
1.2447e-05
1.2475e-05
1.2504e-05
1.2532e-05
1.256e-05
1.2589e-05
1.2617e-05
1.2646e-05
1.2674e-05
1.2703e-05
1.2731e-05
1.276e-05
1.2789e-05
1.2817e-05
1.2846e-05
1.2875e-05
1.2903e-05
1.2932e-05
1.2961e-05
1.299e-05
1.3019e-05
1.3048e-05
1.3077e-05
1.3106e-05
1.3135e-05
1.3164e-05
1.3193e-05
1.3222e-05
1.3252e-05
1.3281e-05
1.331e-05
1.334e-05
1.3369e-05
1.3398e-05
1.3428e-05
1.3457e-05
1.3487e-05
1.3516e-05
1.3546e-05
1.3575e-05
1.3605e-05
1.3635e-05
1.3664e-05
1.3694e-05
1.3724e-05
1.3754e-05
1.3783e-05
1.3813e-05
1.3843e-05
1.3873e-05
1.3903e-05
1.3933e-05
1.3963e-05
1.3993e-05
1.4023e-05
1.4053e-05
1.4084e-05
1.4114e-05
1.4144e-05
1.4174e-05
1.4205e-05
1.4235e-05
1.4265e-05
1.4296e-05
1.4326e-05
1.4357e-05
1.4387e-05
1.4418e-05
1.4448e-05
1.4479e-05
1.4509e-05
1.454e-05
1.4571e-05
1.4602e-05
1.4632e-05
1.4663e-05
1.4694e-05
1.4725e-05
1.4756e-05
1.4787e-05
1.4818e-05
1.4848e-05
1.488e-05
1.4911e-05
1.4942e-05
1.4973e-05
1.5004e-05
1.5035e-05
1.5066e-05
1.5098e-05
1.5129e-05
1.516e-05
1.5191e-05
1.5223e-05
1.5254e-05
1.5286e-05
1.5317e-05
1.5349e-05
1.538e-05
1.5412e-05
1.5443e-05
1.5475e-05
1.5506e-05
1.5538e-05
1.557e-05
1.5602e-05
1.5633e-05
1.5665e-05
1.5697e-05
1.5729e-05
1.5761e-05
1.5793e-05
1.5824e-05
1.5856e-05
1.5888e-05
1.592e-05
1.5952e-05
1.5985e-05
1.6017e-05
1.6049e-05
1.6081e-05
1.6113e-05
1.6145e-05
1.6178e-05
1.621e-05
1.6242e-05
1.6275e-05
1.6307e-05
1.6339e-05
1.6372e-05
1.6404e-05
1.6437e-05
1.6469e-05
1.6502e-05
1.6534e-05
1.6567e-05
1.66e-05
1.6632e-05
1.6665e-05
1.6698e-05
1.673e-05
1.6763e-05
1.6796e-05
1.6829e-05
1.6861e-05
1.6894e-05
1.6927e-05
1.696e-05
1.6993e-05
1.7026e-05
1.7059e-05
1.7092e-05
1.7125e-05
1.7158e-05
1.7191e-05
1.7224e-05
1.7257e-05
1.7291e-05
1.7324e-05
1.7357e-05
1.739e-05
1.7424e-05
1.7457e-05
1.749e-05
1.7524e-05
1.7557e-05
1.759e-05
1.7624e-05
1.7657e-05
1.7691e-05
1.7724e-05
1.7758e-05
1.7791e-05
1.7825e-05
1.7858e-05
1.7892e-05
1.7926e-05
1.7959e-05
1.7993e-05
1.8027e-05
1.806e-05
1.8094e-05
1.8128e-05
1.8162e-05
1.8195e-05
1.8229e-05
1.8263e-05
1.8297e-05
1.8331e-05
1.8365e-05
1.8399e-05
1.8433e-05
1.8467e-05
1.8501e-05
1.8535e-05
1.8569e-05
1.8603e-05
1.8637e-05
1.8671e-05
1.8705e-05
1.874e-05
1.8774e-05
1.8808e-05
1.8842e-05
1.8876e-05
1.8911e-05
1.8945e-05
1.8979e-05
1.9014e-05
1.9048e-05
1.9082e-05
1.9117e-05
1.9151e-05
1.9185e-05
1.922e-05
1.9254e-05
1.9289e-05
1.9323e-05
1.9358e-05
1.9392e-05
1.9427e-05
1.9462e-05
1.9496e-05
1.9531e-05
1.9565e-05
1.96e-05
1.9635e-05
1.9669e-05
1.9704e-05
1.9739e-05
1.9774e-05
1.9808e-05
1.9843e-05
1.9878e-05
1.9913e-05
1.9947e-05
1.9982e-05
2.0017e-05
2.0052e-05
2.0087e-05
2.0122e-05
2.0157e-05
2.0192e-05
2.0227e-05
2.0262e-05
2.0297e-05
2.0332e-05
2.0367e-05
2.0402e-05
2.0437e-05
2.0472e-05
2.0507e-05
2.0542e-05
2.0577e-05
2.0612e-05
2.0647e-05
2.0682e-05
2.0717e-05
2.0753e-05
2.0788e-05
2.0823e-05
2.0858e-05
2.0893e-05
2.0929e-05
2.0964e-05
2.0999e-05
2.1034e-05
2.107e-05
2.1105e-05
2.114e-05
2.1176e-05
2.1211e-05
2.1246e-05
2.1282e-05
2.1317e-05
2.1352e-05
2.1388e-05
2.1423e-05
2.1459e-05
2.1494e-05
2.1529e-05
2.1565e-05
2.16e-05
2.1636e-05
2.1671e-05
2.1707e-05
2.1742e-05
2.1778e-05
2.1813e-05
2.1849e-05
2.1884e-05
2.192e-05
2.1955e-05
2.1991e-05
2.2027e-05
2.2062e-05
2.2098e-05
2.2133e-05
2.2169e-05
2.2205e-05
2.224e-05
2.2276e-05
2.2311e-05
2.2347e-05
2.2383e-05
2.2418e-05
2.2454e-05
2.249e-05
2.2525e-05
2.2561e-05
2.2597e-05
2.2632e-05
2.2668e-05
2.2704e-05
2.2739e-05
2.2775e-05
2.2811e-05
2.2847e-05
2.2882e-05
2.2918e-05
2.2954e-05
2.299e-05
2.3025e-05
2.3061e-05
2.3097e-05
2.3133e-05
2.3168e-05
2.3204e-05
2.324e-05
2.3276e-05
2.3312e-05
2.3347e-05
2.3383e-05
2.3419e-05
2.3455e-05
2.349e-05
2.3526e-05
2.3562e-05
2.3598e-05
2.3634e-05
2.3669e-05
2.3705e-05
2.3741e-05
2.3777e-05
2.3813e-05
2.3849e-05
2.3884e-05
2.392e-05
2.3956e-05
2.3992e-05
2.4028e-05
2.4063e-05
2.4099e-05
2.4135e-05
2.4171e-05
2.4207e-05
2.4243e-05
2.4278e-05
2.4314e-05
2.435e-05
2.4386e-05
2.4422e-05
2.4457e-05
2.4493e-05
2.4529e-05
2.4565e-05
2.4601e-05
2.4636e-05
2.4672e-05
2.4708e-05
2.4744e-05
2.478e-05
2.4815e-05
2.4851e-05
2.4887e-05
2.4923e-05
2.4958e-05
2.4994e-05
2.503e-05
2.5066e-05
2.5101e-05
2.5137e-05
2.5173e-05
2.5209e-05
2.5244e-05
2.528e-05
2.5316e-05
2.5351e-05
2.5387e-05
2.5423e-05
2.5459e-05
2.5494e-05
2.553e-05
2.5566e-05
2.5601e-05
2.5637e-05
2.5673e-05
2.5708e-05
2.5744e-05
2.5779e-05
2.5815e-05
2.5851e-05
2.5886e-05
2.5922e-05
2.5957e-05
2.5993e-05
2.6029e-05
2.6064e-05
2.61e-05
2.6135e-05
2.6171e-05
2.6206e-05
2.6242e-05
2.6277e-05
2.6313e-05
2.6348e-05
2.6384e-05
2.6419e-05
2.6455e-05
2.649e-05
2.6526e-05
2.6561e-05
2.6596e-05
2.6632e-05
2.6667e-05
2.6702e-05
2.6738e-05
2.6773e-05
2.6808e-05
2.6844e-05
2.6879e-05
2.6914e-05
2.695e-05
2.6985e-05
2.702e-05
2.7055e-05
2.7091e-05
2.7126e-05
2.7161e-05
2.7196e-05
2.7231e-05
2.7266e-05
2.7302e-05
2.7337e-05
2.7372e-05
2.7407e-05
2.7442e-05
2.7477e-05
2.7512e-05
2.7547e-05
2.7582e-05
2.7617e-05
2.7652e-05
2.7687e-05
2.7722e-05
2.7757e-05
2.7792e-05
2.7827e-05
2.7861e-05
2.7896e-05
2.7931e-05
2.7966e-05
2.8001e-05
2.8035e-05
2.807e-05
2.8105e-05
2.814e-05
2.8174e-05
2.8209e-05
2.8244e-05
2.8278e-05
2.8313e-05
2.8347e-05
2.8382e-05
2.8417e-05
2.8451e-05
2.8486e-05
2.852e-05
2.8554e-05
2.8589e-05
2.8623e-05
2.8658e-05
2.8692e-05
2.8726e-05
2.8761e-05
2.8795e-05
2.8829e-05
2.8864e-05
2.8898e-05
2.8932e-05
2.8966e-05
2.9e-05
2.9035e-05
2.9069e-05
2.9103e-05
2.9137e-05
2.9171e-05
2.9205e-05
2.9239e-05
2.9273e-05
2.9307e-05
2.9341e-05
2.9375e-05
2.9408e-05
2.9442e-05
2.9476e-05
2.951e-05
2.9544e-05
2.9577e-05
2.9611e-05
2.9645e-05
2.9678e-05
2.9712e-05
2.9746e-05
2.9779e-05
2.9813e-05
2.9846e-05
2.988e-05
2.9913e-05
2.9946e-05
2.998e-05
3.0013e-05
3.0047e-05
3.008e-05
3.0113e-05
3.0146e-05
3.018e-05
3.0213e-05
3.0246e-05
3.0279e-05
3.0312e-05
3.0345e-05
3.0378e-05
3.0411e-05
3.0444e-05
3.0477e-05
3.051e-05
3.0543e-05
3.0576e-05
3.0608e-05
3.0641e-05
3.0674e-05
3.0707e-05
3.0739e-05
3.0772e-05
3.0804e-05
3.0837e-05
3.087e-05
3.0902e-05
3.0935e-05
3.0967e-05
3.0999e-05
3.1032e-05
3.1064e-05
3.1096e-05
3.1129e-05
3.1161e-05
3.1193e-05
3.1225e-05
3.1257e-05
3.1289e-05
3.1321e-05
3.1353e-05
3.1385e-05
3.1417e-05
3.1449e-05
3.1481e-05
3.1513e-05
3.1545e-05
3.1576e-05
3.1608e-05
3.164e-05
3.1671e-05
3.1703e-05
3.1734e-05
3.1766e-05
3.1797e-05
3.1829e-05
3.186e-05
3.1891e-05
3.1923e-05
3.1954e-05
3.1985e-05
3.2016e-05
3.2048e-05
3.2079e-05
3.211e-05
3.2141e-05
3.2172e-05
3.2203e-05
3.2234e-05
3.2264e-05
3.2295e-05
3.2326e-05
3.2357e-05
3.2387e-05
3.2418e-05
3.2449e-05
3.2479e-05
3.251e-05
3.254e-05
3.2571e-05
3.2601e-05
3.2631e-05
3.2662e-05
3.2692e-05
3.2722e-05
3.2752e-05
3.2782e-05
3.2812e-05
3.2842e-05
3.2872e-05
3.2902e-05
3.2932e-05
3.2962e-05
3.2992e-05
3.3021e-05
3.3051e-05
3.3081e-05
3.311e-05
3.314e-05
3.3169e-05
3.3199e-05
3.3228e-05
3.3258e-05
3.3287e-05
3.3316e-05
3.3346e-05
3.3375e-05
3.3404e-05
3.3433e-05
3.3462e-05
3.3491e-05
3.352e-05
3.3549e-05
3.3578e-05
3.3606e-05
3.3635e-05
3.3664e-05
3.3692e-05
3.3721e-05
3.3749e-05
3.3778e-05
3.3806e-05
3.3835e-05
3.3863e-05
3.3891e-05
3.392e-05
3.3948e-05
3.3976e-05
3.4004e-05
3.4032e-05
3.406e-05
3.4088e-05
3.4116e-05
3.4143e-05
3.4171e-05
3.4199e-05
3.4227e-05
3.4254e-05
3.4282e-05
3.4309e-05
3.4337e-05
3.4364e-05
3.4391e-05
3.4418e-05
3.4446e-05
3.4473e-05
3.45e-05
3.4527e-05
3.4554e-05
3.4581e-05
3.4608e-05
3.4635e-05
3.4661e-05
3.4688e-05
3.4715e-05
3.4741e-05
3.4768e-05
3.4794e-05
3.4821e-05
3.4847e-05
3.4873e-05
3.49e-05
3.4926e-05
3.4952e-05
3.4978e-05
3.5004e-05
3.503e-05
3.5056e-05
3.5082e-05
3.5108e-05
3.5133e-05
3.5159e-05
3.5184e-05
3.521e-05
3.5236e-05
3.5261e-05
3.5286e-05
3.5312e-05
3.5337e-05
3.5362e-05
3.5387e-05
3.5412e-05
3.5437e-05
3.5462e-05
3.5487e-05
3.5512e-05
3.5537e-05
3.5561e-05
3.5586e-05
3.5611e-05
3.5635e-05
3.5659e-05
3.5684e-05
3.5708e-05
3.5732e-05
3.5757e-05
3.5781e-05
3.5805e-05
3.5829e-05
3.5853e-05
3.5877e-05
3.59e-05
3.5924e-05
3.5948e-05
3.5972e-05
3.5995e-05
3.6019e-05
3.6042e-05
3.6065e-05
3.6089e-05
3.6112e-05
3.6135e-05
3.6158e-05
3.6181e-05
3.6204e-05
3.6227e-05
3.625e-05
3.6273e-05
3.6295e-05
3.6318e-05
3.6341e-05
3.6363e-05
3.6386e-05
3.6408e-05
3.643e-05
3.6452e-05
3.6475e-05
3.6497e-05
3.6519e-05
3.6541e-05
3.6563e-05
3.6584e-05
3.6606e-05
3.6628e-05
3.665e-05
3.6671e-05
3.6693e-05
3.6714e-05
3.6735e-05
3.6757e-05
3.6778e-05
3.6799e-05
3.682e-05
3.6841e-05
3.6862e-05
3.6883e-05
3.6904e-05
3.6924e-05
3.6945e-05
3.6966e-05
3.6986e-05
3.7007e-05
3.7027e-05
3.7047e-05
3.7068e-05
3.7088e-05
3.7108e-05
3.7128e-05
3.7148e-05
3.7168e-05
3.7187e-05
3.7207e-05
3.7227e-05
3.7246e-05
3.7266e-05
3.7285e-05
3.7305e-05
3.7324e-05
3.7343e-05
3.7362e-05
3.7381e-05
3.74e-05
3.7419e-05
3.7438e-05
3.7457e-05
3.7476e-05
3.7494e-05
3.7513e-05
3.7531e-05
3.755e-05
3.7568e-05
3.7586e-05
3.7605e-05
3.7623e-05
3.7641e-05
3.7659e-05
3.7677e-05
3.7694e-05
3.7712e-05
3.773e-05
3.7747e-05
3.7765e-05
3.7782e-05
3.78e-05
3.7817e-05
3.7834e-05
3.7851e-05
3.7868e-05
3.7885e-05
3.7902e-05
3.7919e-05
3.7936e-05
3.7952e-05
3.7969e-05
3.7986e-05
3.8002e-05
3.8018e-05
3.8035e-05
3.8051e-05
3.8067e-05
3.8083e-05
3.8099e-05
3.8115e-05
3.8131e-05
3.8146e-05
3.8162e-05
3.8178e-05
3.8193e-05
3.8209e-05
3.8224e-05
3.8239e-05
3.8254e-05
3.8269e-05
3.8285e-05
3.8299e-05
3.8314e-05
3.8329e-05
3.8344e-05
3.8358e-05
3.8373e-05
3.8388e-05
3.8402e-05
3.8416e-05
3.843e-05
3.8445e-05
3.8459e-05
3.8473e-05
3.8487e-05
3.85e-05
3.8514e-05
3.8528e-05
3.8541e-05
3.8555e-05
3.8568e-05
3.8582e-05
3.8595e-05
3.8608e-05
3.8621e-05
3.8634e-05
3.8647e-05
3.866e-05
3.8673e-05
3.8686e-05
3.8698e-05
3.8711e-05
3.8723e-05
3.8736e-05
3.8748e-05
3.876e-05
3.8772e-05
3.8784e-05
3.8796e-05
3.8808e-05
3.882e-05
3.8832e-05
3.8843e-05
3.8855e-05
3.8866e-05
3.8878e-05
3.8889e-05
3.89e-05
3.8911e-05
3.8922e-05
3.8933e-05
3.8944e-05
3.8955e-05
3.8966e-05
3.8976e-05
3.8987e-05
3.8997e-05
3.9008e-05
3.9018e-05
3.9028e-05
3.9038e-05
3.9048e-05
3.9058e-05
3.9068e-05
3.9078e-05
3.9088e-05
3.9097e-05
3.9107e-05
3.9116e-05
3.9126e-05
3.9135e-05
3.9144e-05
3.9153e-05
3.9162e-05
3.9171e-05
3.918e-05
3.9189e-05
3.9198e-05
3.9206e-05
3.9215e-05
3.9223e-05
3.9231e-05
3.924e-05
3.9248e-05
3.9256e-05
3.9264e-05
3.9272e-05
3.928e-05
3.9288e-05
3.9295e-05
3.9303e-05
3.931e-05
3.9318e-05
3.9325e-05
3.9332e-05
3.9339e-05
3.9346e-05
3.9353e-05
3.936e-05
3.9367e-05
3.9374e-05
3.938e-05
3.9387e-05
3.9393e-05
3.94e-05
3.9406e-05
3.9412e-05
3.9418e-05
3.9424e-05
3.943e-05
3.9436e-05
3.9442e-05
3.9448e-05
3.9453e-05
3.9459e-05
3.9464e-05
3.947e-05
3.9475e-05
3.948e-05
3.9485e-05
3.949e-05
3.9495e-05
3.95e-05
3.9504e-05
3.9509e-05
3.9514e-05
3.9518e-05
3.9523e-05
3.9527e-05
3.9531e-05
3.9535e-05
3.9539e-05
3.9543e-05
3.9547e-05
3.9551e-05
3.9554e-05
3.9558e-05
3.9561e-05
3.9565e-05
3.9568e-05
3.9571e-05
3.9575e-05
3.9578e-05
3.9581e-05
3.9584e-05
3.9586e-05
3.9589e-05
3.9592e-05
3.9594e-05
3.9597e-05
3.9599e-05
3.9601e-05
3.9603e-05
3.9606e-05
3.9608e-05
3.9609e-05
3.9611e-05
3.9613e-05
3.9615e-05
3.9616e-05
3.9618e-05
3.9619e-05
3.962e-05
3.9622e-05
3.9623e-05
3.9624e-05
3.9625e-05
3.9626e-05
3.9626e-05
3.9627e-05
3.9628e-05
3.9628e-05
3.9629e-05
3.9629e-05
3.9629e-05
3.9629e-05
3.963e-05
3.963e-05
3.9629e-05
3.9629e-05
3.9629e-05
3.9629e-05
3.9628e-05
3.9628e-05
3.9627e-05
3.9626e-05
3.9625e-05
3.9625e-05
3.9624e-05
3.9623e-05
3.9621e-05
3.962e-05
3.9619e-05
3.9617e-05
3.9616e-05
3.9614e-05
3.9613e-05
3.9611e-05
3.9609e-05
3.9607e-05
3.9605e-05
3.9603e-05
3.9601e-05
3.9598e-05
3.9596e-05
3.9593e-05
3.9591e-05
3.9588e-05
3.9586e-05
3.9583e-05
3.958e-05
3.9577e-05
3.9574e-05
3.9571e-05
3.9567e-05
3.9564e-05
3.956e-05
3.9557e-05
3.9553e-05
3.955e-05
3.9546e-05
3.9542e-05
3.9538e-05
3.9534e-05
3.953e-05
3.9526e-05
3.9521e-05
3.9517e-05
3.9512e-05
3.9508e-05
3.9503e-05
3.9498e-05
3.9494e-05
3.9489e-05
3.9484e-05
3.9479e-05
3.9473e-05
3.9468e-05
3.9463e-05
3.9457e-05
3.9452e-05
3.9446e-05
3.944e-05
3.9435e-05
3.9429e-05
3.9423e-05
3.9417e-05
3.9411e-05
3.9404e-05
3.9398e-05
3.9392e-05
3.9385e-05
3.9379e-05
3.9372e-05
3.9365e-05
3.9358e-05
3.9352e-05
3.9345e-05
3.9337e-05
3.933e-05
3.9323e-05
3.9316e-05
3.9308e-05
3.9301e-05
3.9293e-05
3.9285e-05
3.9278e-05
3.927e-05
3.9262e-05
3.9254e-05
3.9246e-05
3.9237e-05
3.9229e-05
3.9221e-05
3.9212e-05
3.9204e-05
3.9195e-05
3.9186e-05
3.9178e-05
3.9169e-05
3.916e-05
3.9151e-05
3.9142e-05
3.9132e-05
3.9123e-05
3.9114e-05
3.9104e-05
3.9095e-05
3.9085e-05
3.9075e-05
3.9065e-05
3.9056e-05
3.9046e-05
3.9036e-05
3.9025e-05
3.9015e-05
3.9005e-05
3.8994e-05
3.8984e-05
3.8973e-05
3.8963e-05
3.8952e-05
3.8941e-05
3.893e-05
3.8919e-05
3.8908e-05
3.8897e-05
3.8886e-05
3.8874e-05
3.8863e-05
3.8852e-05
3.884e-05
3.8828e-05
3.8817e-05
3.8805e-05
3.8793e-05
3.8781e-05
3.8769e-05
3.8757e-05
3.8745e-05
3.8732e-05
3.872e-05
3.8707e-05
3.8695e-05
3.8682e-05
3.8669e-05
3.8657e-05
3.8644e-05
3.8631e-05
3.8618e-05
3.8605e-05
3.8591e-05
3.8578e-05
3.8565e-05
3.8551e-05
3.8538e-05
3.8524e-05
3.851e-05
3.8497e-05
3.8483e-05
3.8469e-05
3.8455e-05
3.8441e-05
3.8427e-05
3.8412e-05
3.8398e-05
3.8384e-05
3.8369e-05
3.8354e-05
3.834e-05
3.8325e-05
3.831e-05
3.8295e-05
3.828e-05
3.8265e-05
3.825e-05
3.8235e-05
3.822e-05
3.8204e-05
3.8189e-05
3.8173e-05
3.8158e-05
3.8142e-05
3.8126e-05
3.811e-05
3.8095e-05
3.8079e-05
3.8063e-05
3.8046e-05
3.803e-05
3.8014e-05
3.7997e-05
3.7981e-05
3.7964e-05
3.7948e-05
3.7931e-05
3.7914e-05
3.7898e-05
3.7881e-05
3.7864e-05
3.7847e-05
3.7829e-05
3.7812e-05
3.7795e-05
3.7777e-05
3.776e-05
3.7743e-05
3.7725e-05
3.7707e-05
3.7689e-05
3.7672e-05
3.7654e-05
3.7636e-05
3.7618e-05
3.76e-05
3.7581e-05
3.7563e-05
3.7545e-05
3.7526e-05
3.7508e-05
3.7489e-05
3.7471e-05
3.7452e-05
3.7433e-05
3.7414e-05
3.7395e-05
3.7376e-05
3.7357e-05
3.7338e-05
3.7319e-05
3.7299e-05
3.728e-05
3.7261e-05
3.7241e-05
3.7221e-05
3.7202e-05
3.7182e-05
3.7162e-05
3.7142e-05
3.7122e-05
3.7102e-05
3.7082e-05
3.7062e-05
3.7042e-05
3.7021e-05
3.7001e-05
3.6981e-05
3.696e-05
3.6939e-05
3.6919e-05
3.6898e-05
3.6877e-05
3.6856e-05
3.6835e-05
3.6814e-05
3.6793e-05
3.6772e-05
3.6751e-05
3.673e-05
3.6708e-05
3.6687e-05
3.6665e-05
3.6644e-05
3.6622e-05
3.66e-05
3.6579e-05
3.6557e-05
3.6535e-05
3.6513e-05
3.6491e-05
3.6469e-05
3.6446e-05
3.6424e-05
3.6402e-05
3.6379e-05
3.6357e-05
3.6334e-05
3.6312e-05
3.6289e-05
3.6266e-05
3.6244e-05
3.6221e-05
3.6198e-05
3.6175e-05
3.6152e-05
3.6129e-05
3.6106e-05
3.6082e-05
3.6059e-05
3.6036e-05
3.6012e-05
3.5989e-05
3.5965e-05
3.5941e-05
3.5918e-05
3.5894e-05
3.587e-05
3.5846e-05
3.5822e-05
3.5798e-05
3.5774e-05
3.575e-05
3.5726e-05
3.5701e-05
3.5677e-05
3.5653e-05
3.5628e-05
3.5604e-05
3.5579e-05
3.5555e-05
3.553e-05
3.5505e-05
3.548e-05
3.5455e-05
3.543e-05
3.5405e-05
3.538e-05
3.5355e-05
3.533e-05
3.5305e-05
3.5279e-05
3.5254e-05
3.5229e-05
3.5203e-05
3.5177e-05
3.5152e-05
3.5126e-05
3.51e-05
3.5075e-05
3.5049e-05
3.5023e-05
3.4997e-05
3.4971e-05
3.4945e-05
3.4919e-05
3.4892e-05
3.4866e-05
3.484e-05
3.4813e-05
3.4787e-05
3.4761e-05
3.4734e-05
3.4707e-05
3.4681e-05
3.4654e-05
3.4627e-05
3.46e-05
3.4573e-05
3.4547e-05
3.452e-05
3.4492e-05
3.4465e-05
3.4438e-05
3.4411e-05
3.4384e-05
3.4356e-05
3.4329e-05
3.4302e-05
3.4274e-05
3.4247e-05
3.4219e-05
3.4191e-05
3.4164e-05
3.4136e-05
3.4108e-05
3.408e-05
3.4052e-05
3.4024e-05
3.3996e-05
3.3968e-05
3.394e-05
3.3912e-05
3.3884e-05
3.3855e-05
3.3827e-05
3.3799e-05
3.377e-05
3.3742e-05
3.3713e-05
3.3685e-05
3.3656e-05
3.3627e-05
3.3598e-05
3.357e-05
3.3541e-05
3.3512e-05
3.3483e-05
3.3454e-05
3.3425e-05
3.3396e-05
3.3367e-05
3.3338e-05
3.3308e-05
3.3279e-05
3.325e-05
3.322e-05
3.3191e-05
3.3161e-05
3.3132e-05
3.3102e-05
3.3073e-05
3.3043e-05
3.3013e-05
3.2984e-05
3.2954e-05
3.2924e-05
3.2894e-05
3.2864e-05
3.2834e-05
3.2804e-05
3.2774e-05
3.2744e-05
3.2714e-05
3.2683e-05
3.2653e-05
3.2623e-05
3.2593e-05
3.2562e-05
3.2532e-05
3.2501e-05
3.2471e-05
3.244e-05
3.241e-05
3.2379e-05
3.2348e-05
3.2318e-05
3.2287e-05
3.2256e-05
3.2225e-05
3.2194e-05
3.2163e-05
3.2132e-05
3.2101e-05
3.207e-05
3.2039e-05
3.2008e-05
3.1977e-05
3.1945e-05
3.1914e-05
3.1883e-05
3.1851e-05
3.182e-05
3.1789e-05
3.1757e-05
3.1726e-05
3.1694e-05
3.1663e-05
3.1631e-05
3.1599e-05
3.1568e-05
3.1536e-05
3.1504e-05
3.1472e-05
3.144e-05
3.1408e-05
3.1376e-05
3.1345e-05
3.1313e-05
3.128e-05
3.1248e-05
3.1216e-05
3.1184e-05
3.1152e-05
3.112e-05
3.1087e-05
3.1055e-05
3.1023e-05
3.099e-05
3.0958e-05
3.0926e-05
3.0893e-05
3.0861e-05
3.0828e-05
3.0796e-05
3.0763e-05
3.073e-05
3.0698e-05
3.0665e-05
3.0632e-05
3.0599e-05
3.0567e-05
3.0534e-05
3.0501e-05
3.0468e-05
3.0435e-05
3.0402e-05
3.0369e-05
3.0336e-05
3.0303e-05
3.027e-05
3.0237e-05
3.0204e-05
3.017e-05
3.0137e-05
3.0104e-05
3.0071e-05
3.0037e-05
3.0004e-05
2.9971e-05
2.9937e-05
2.9904e-05
2.987e-05
2.9837e-05
2.9803e-05
2.977e-05
2.9736e-05
2.9703e-05
2.9669e-05
2.9635e-05
2.9602e-05
2.9568e-05
2.9534e-05
2.9501e-05
2.9467e-05
2.9433e-05
2.9399e-05
2.9365e-05
2.9331e-05
2.9297e-05
2.9263e-05
2.923e-05
2.9196e-05
2.9161e-05
2.9127e-05
2.9093e-05
2.9059e-05
2.9025e-05
2.8991e-05
2.8957e-05
2.8923e-05
2.8888e-05
2.8854e-05
2.882e-05
2.8786e-05
2.8751e-05
2.8717e-05
2.8683e-05
2.8648e-05
2.8614e-05
2.8579e-05
2.8545e-05
2.8511e-05
2.8476e-05
2.8442e-05
2.8407e-05
2.8372e-05
2.8338e-05
2.8303e-05
2.8269e-05
2.8234e-05
2.8199e-05
2.8165e-05
2.813e-05
2.8095e-05
2.8061e-05
2.8026e-05
2.7991e-05
2.7956e-05
2.7921e-05
2.7887e-05
2.7852e-05
2.7817e-05
2.7782e-05
2.7747e-05
2.7712e-05
2.7677e-05
2.7642e-05
2.7607e-05
2.7572e-05
2.7537e-05
2.7502e-05
2.7467e-05
2.7432e-05
2.7397e-05
2.7362e-05
2.7327e-05
2.7292e-05
2.7257e-05
2.7222e-05
2.7186e-05
2.7151e-05
2.7116e-05
2.7081e-05
2.7046e-05
2.701e-05
2.6975e-05
2.694e-05
2.6905e-05
2.6869e-05
2.6834e-05
2.6799e-05
2.6763e-05
2.6728e-05
2.6693e-05
2.6657e-05
2.6622e-05
2.6587e-05
2.6551e-05
2.6516e-05
2.648e-05
2.6445e-05
2.6409e-05
2.6374e-05
2.6339e-05
2.6303e-05
2.6268e-05
2.6232e-05
2.6197e-05
2.6161e-05
2.6126e-05
2.609e-05
2.6054e-05
2.6019e-05
2.5983e-05
2.5948e-05
2.5912e-05
2.5877e-05
2.5841e-05
2.5805e-05
2.577e-05
2.5734e-05
2.5698e-05
2.5663e-05
2.5627e-05
2.5591e-05
2.5556e-05
2.552e-05
2.5484e-05
2.5449e-05
2.5413e-05
2.5377e-05
2.5342e-05
2.5306e-05
2.527e-05
2.5235e-05
2.5199e-05
2.5163e-05
2.5127e-05
2.5092e-05
2.5056e-05
2.502e-05
2.4984e-05
2.4949e-05
2.4913e-05
2.4877e-05
2.4841e-05
2.4805e-05
2.477e-05
2.4734e-05
2.4698e-05
2.4662e-05
2.4627e-05
2.4591e-05
2.4555e-05
2.4519e-05
2.4483e-05
2.4448e-05
2.4412e-05
2.4376e-05
2.434e-05
2.4304e-05
2.4268e-05
2.4233e-05
2.4197e-05
2.4161e-05
2.4125e-05
2.4089e-05
2.4054e-05
2.4018e-05
2.3982e-05
2.3946e-05
2.391e-05
2.3875e-05
2.3839e-05
2.3803e-05
2.3767e-05
2.3731e-05
2.3695e-05
2.366e-05
2.3624e-05
2.3588e-05
2.3552e-05
2.3516e-05
2.3481e-05
2.3445e-05
2.3409e-05
2.3373e-05
2.3337e-05
2.3302e-05
2.3266e-05
2.323e-05
2.3194e-05
2.3159e-05
2.3123e-05
2.3087e-05
2.3051e-05
2.3016e-05
2.298e-05
2.2944e-05
2.2908e-05
2.2873e-05
2.2837e-05
2.2801e-05
2.2765e-05
2.273e-05
2.2694e-05
2.2658e-05
2.2623e-05
2.2587e-05
2.2551e-05
2.2516e-05
2.248e-05
2.2444e-05
2.2409e-05
2.2373e-05
2.2337e-05
2.2302e-05
2.2266e-05
2.223e-05
2.2195e-05
2.2159e-05
2.2124e-05
2.2088e-05
2.2052e-05
2.2017e-05
2.1981e-05
2.1946e-05
2.191e-05
2.1875e-05
2.1839e-05
2.1804e-05
2.1768e-05
2.1732e-05
2.1697e-05
2.1662e-05
2.1626e-05
2.1591e-05
2.1555e-05
2.152e-05
2.1484e-05
2.1449e-05
2.1413e-05
2.1378e-05
2.1343e-05
2.1307e-05
2.1272e-05
2.1237e-05
2.1201e-05
2.1166e-05
2.1131e-05
2.1095e-05
2.106e-05
2.1025e-05
2.0989e-05
2.0954e-05
2.0919e-05
2.0884e-05
2.0848e-05
2.0813e-05
2.0778e-05
2.0743e-05
2.0708e-05
2.0673e-05
2.0637e-05
2.0602e-05
2.0567e-05
2.0532e-05
2.0497e-05
2.0462e-05
2.0427e-05
2.0392e-05
2.0357e-05
2.0322e-05
2.0287e-05
2.0252e-05
2.0217e-05
2.0182e-05
2.0147e-05
2.0112e-05
2.0077e-05
2.0042e-05
2.0008e-05
1.9973e-05
1.9938e-05
1.9903e-05
1.9868e-05
1.9833e-05
1.9799e-05
1.9764e-05
1.9729e-05
1.9695e-05
1.966e-05
1.9625e-05
1.9591e-05
1.9556e-05
1.9521e-05
1.9487e-05
1.9452e-05
1.9417e-05
1.9383e-05
1.9348e-05
1.9314e-05
1.9279e-05
1.9245e-05
1.921e-05
1.9176e-05
1.9142e-05
1.9107e-05
1.9073e-05
1.9038e-05
1.9004e-05
1.897e-05
1.8935e-05
1.8901e-05
1.8867e-05
1.8833e-05
1.8798e-05
1.8764e-05
1.873e-05
1.8696e-05
1.8662e-05
1.8628e-05
1.8594e-05
1.856e-05
1.8525e-05
1.8491e-05
1.8457e-05
1.8423e-05
1.8389e-05
1.8356e-05
1.8322e-05
1.8288e-05
1.8254e-05
1.822e-05
1.8186e-05
1.8152e-05
1.8119e-05
1.8085e-05
1.8051e-05
1.8017e-05
1.7984e-05
1.795e-05
1.7916e-05
1.7883e-05
1.7849e-05
1.7815e-05
1.7782e-05
1.7748e-05
1.7715e-05
1.7681e-05
1.7648e-05
1.7614e-05
1.7581e-05
1.7548e-05
1.7514e-05
1.7481e-05
1.7448e-05
1.7414e-05
1.7381e-05
1.7348e-05
1.7315e-05
1.7281e-05
1.7248e-05
1.7215e-05
1.7182e-05
1.7149e-05
1.7116e-05
1.7083e-05
1.705e-05
1.7017e-05
1.6984e-05
1.6951e-05
1.6918e-05
1.6885e-05
1.6852e-05
1.682e-05
1.6787e-05
1.6754e-05
1.6721e-05
1.6689e-05
1.6656e-05
1.6623e-05
1.6591e-05
1.6558e-05
1.6525e-05
1.6493e-05
1.646e-05
1.6428e-05
1.6395e-05
1.6363e-05
1.633e-05
1.6298e-05
1.6266e-05
1.6233e-05
1.6201e-05
1.6169e-05
1.6137e-05
1.6104e-05
1.6072e-05
1.604e-05
1.6008e-05
1.5976e-05
1.5944e-05
1.5912e-05
1.588e-05
1.5848e-05
1.5816e-05
1.5784e-05
1.5752e-05
1.572e-05
1.5688e-05
1.5656e-05
1.5625e-05
1.5593e-05
1.5561e-05
1.5529e-05
1.5498e-05
1.5466e-05
1.5434e-05
1.5403e-05
1.5371e-05
1.534e-05
1.5308e-05
1.5277e-05
1.5246e-05
1.5214e-05
1.5183e-05
1.5151e-05
1.512e-05
1.5089e-05
1.5058e-05
1.5026e-05
1.4995e-05
1.4964e-05
1.4933e-05
1.4902e-05
1.4871e-05
1.484e-05
1.4809e-05
1.4778e-05
1.4747e-05
1.4716e-05
1.4685e-05
1.4655e-05
1.4624e-05
1.4593e-05
1.4562e-05
1.4532e-05
1.4501e-05
1.447e-05
1.444e-05
1.4409e-05
1.4379e-05
1.4348e-05
1.4318e-05
1.4287e-05
1.4257e-05
1.4227e-05
1.4196e-05
1.4166e-05
1.4136e-05
1.4105e-05
1.4075e-05
1.4045e-05
1.4015e-05
1.3985e-05
1.3955e-05
1.3925e-05
1.3895e-05
1.3865e-05
1.3835e-05
1.3805e-05
1.3775e-05
1.3745e-05
1.3716e-05
1.3686e-05
1.3656e-05
1.3626e-05
1.3597e-05
1.3567e-05
1.3538e-05
1.3508e-05
1.3478e-05
1.3449e-05
1.342e-05
1.339e-05
1.3361e-05
1.3331e-05
1.3302e-05
1.3273e-05
1.3244e-05
1.3214e-05
1.3185e-05
1.3156e-05
1.3127e-05
1.3098e-05
1.3069e-05
1.304e-05
1.3011e-05
1.2982e-05
1.2953e-05
1.2924e-05
1.2896e-05
1.2867e-05
1.2838e-05
1.2809e-05
1.2781e-05
1.2752e-05
1.2723e-05
1.2695e-05
1.2666e-05
1.2638e-05
1.2609e-05
1.2581e-05
1.2553e-05
1.2524e-05
1.2496e-05
1.2468e-05
1.2439e-05
1.2411e-05
1.2383e-05
1.2355e-05
1.2327e-05
1.2299e-05
1.2271e-05
1.2243e-05
1.2215e-05
1.2187e-05
1.2159e-05
1.2131e-05
1.2103e-05
1.2076e-05
1.2048e-05
1.202e-05
1.1993e-05
1.1965e-05
1.1937e-05
1.191e-05
1.1882e-05
1.1855e-05
1.1828e-05
1.18e-05
1.1773e-05
1.1746e-05
1.1718e-05
1.1691e-05
1.1664e-05
1.1637e-05
1.1609e-05
1.1582e-05
1.1555e-05
1.1528e-05
1.1501e-05
1.1474e-05
1.1448e-05
1.1421e-05
1.1394e-05
1.1367e-05
1.134e-05
1.1314e-05
1.1287e-05
1.126e-05
1.1234e-05
1.1207e-05
1.1181e-05
1.1154e-05
1.1128e-05
1.1101e-05
1.1075e-05
1.1049e-05
1.1022e-05
1.0996e-05
1.097e-05
1.0944e-05
1.0917e-05
1.0891e-05
1.0865e-05
1.0839e-05
1.0813e-05
1.0787e-05
1.0761e-05
1.0736e-05
1.071e-05
1.0684e-05
1.0658e-05
1.0632e-05
1.0607e-05
1.0581e-05
1.0556e-05
1.053e-05
1.0504e-05
1.0479e-05
1.0454e-05
1.0428e-05
1.0403e-05
1.0377e-05
1.0352e-05
1.0327e-05
1.0302e-05
1.0276e-05
1.0251e-05
1.0226e-05
1.0201e-05
1.0176e-05
1.0151e-05
1.0126e-05
1.0101e-05
1.0076e-05
1.0052e-05
1.0027e-05
1.0002e-05
9.9773e-06
9.9527e-06
9.928e-06
9.9034e-06
9.8789e-06
9.8544e-06
9.8299e-06
9.8055e-06
9.7811e-06
9.7567e-06
9.7324e-06
9.7081e-06
9.6838e-06
9.6596e-06
9.6355e-06
9.6113e-06
9.5873e-06
9.5632e-06
9.5392e-06
9.5152e-06
9.4913e-06
9.4674e-06
9.4436e-06
9.4197e-06
9.396e-06
9.3722e-06
9.3485e-06
9.3249e-06
9.3013e-06
9.2777e-06
9.2542e-06
9.2307e-06
9.2072e-06
9.1838e-06
9.1604e-06
9.1371e-06
9.1138e-06
9.0905e-06
9.0673e-06
9.0441e-06
9.0209e-06
8.9978e-06
8.9748e-06
8.9517e-06
8.9287e-06
8.9058e-06
8.8829e-06
8.86e-06
8.8372e-06
8.8144e-06
8.7916e-06
8.7689e-06
8.7462e-06
8.7236e-06
8.701e-06
8.6785e-06
8.6559e-06
8.6335e-06
8.611e-06
8.5886e-06
8.5663e-06
8.5439e-06
8.5217e-06
8.4994e-06
8.4772e-06
8.455e-06
8.4329e-06
8.4108e-06
8.3888e-06
8.3668e-06
8.3448e-06
8.3229e-06
8.301e-06
8.2791e-06
8.2573e-06
8.2356e-06
8.2138e-06
8.1921e-06
8.1705e-06
8.1489e-06
8.1273e-06
8.1057e-06
8.0842e-06
8.0628e-06
8.0414e-06
8.02e-06
7.9986e-06
7.9773e-06
7.9561e-06
7.9349e-06
7.9137e-06
7.8925e-06
7.8714e-06
7.8503e-06
7.8293e-06
7.8083e-06
7.7874e-06
7.7665e-06
7.7456e-06
7.7247e-06
7.704e-06
7.6832e-06
7.6625e-06
7.6418e-06
7.6212e-06
7.6006e-06
7.58e-06
7.5595e-06
7.539e-06
7.5185e-06
7.4981e-06
7.4778e-06
7.4574e-06
7.4371e-06
7.4169e-06
7.3967e-06
7.3765e-06
7.3564e-06
7.3363e-06
7.3162e-06
7.2962e-06
7.2762e-06
7.2563e-06
7.2364e-06
7.2165e-06
7.1967e-06
7.1769e-06
7.1571e-06
7.1374e-06
7.1177e-06
7.0981e-06
7.0785e-06
7.059e-06
7.0394e-06
7.02e-06
7.0005e-06
6.9811e-06
6.9617e-06
6.9424e-06
6.9231e-06
6.9039e-06
6.8847e-06
6.8655e-06
6.8464e-06
6.8273e-06
6.8082e-06
6.7892e-06
6.7702e-06
6.7512e-06
6.7323e-06
6.7135e-06
6.6946e-06
6.6758e-06
6.6571e-06
6.6384e-06
6.6197e-06
6.6011e-06
6.5824e-06
6.5639e-06
6.5454e-06
6.5269e-06
6.5084e-06
6.49e-06
6.4716e-06
6.4533e-06
6.435e-06
6.4167e-06
6.3985e-06
6.3803e-06
6.3621e-06
6.344e-06
6.326e-06
6.3079e-06
6.2899e-06
6.272e-06
6.254e-06
6.2361e-06
6.2183e-06
6.2005e-06
6.1827e-06
6.165e-06
6.1473e-06
6.1296e-06
6.112e-06
6.0944e-06
6.0768e-06
6.0593e-06
6.0418e-06
6.0244e-06
6.007e-06
5.9896e-06
5.9723e-06
5.955e-06
5.9377e-06
5.9205e-06
5.9033e-06
5.8862e-06
5.8691e-06
5.852e-06
5.8349e-06
5.8179e-06
5.801e-06
5.7841e-06
5.7672e-06
5.7503e-06
5.7335e-06
5.7167e-06
5.7e-06
5.6833e-06
5.6666e-06
5.65e-06
5.6334e-06
5.6168e-06
5.6003e-06
5.5838e-06
5.5673e-06
5.5509e-06
5.5345e-06
5.5182e-06
5.5019e-06
5.4856e-06
5.4694e-06
5.4532e-06
5.437e-06
5.4209e-06
5.4048e-06
5.3887e-06
5.3727e-06
5.3567e-06
5.3408e-06
5.3248e-06
5.309e-06
5.2931e-06
5.2773e-06
5.2615e-06
5.2458e-06
5.2301e-06
5.2144e-06
5.1988e-06
5.1832e-06
5.1676e-06
5.1521e-06
5.1366e-06
5.1212e-06
5.1058e-06
5.0904e-06
5.075e-06
5.0597e-06
5.0444e-06
5.0292e-06
5.014e-06
4.9988e-06
4.9837e-06
4.9686e-06
4.9535e-06
4.9384e-06
4.9234e-06
4.9085e-06
4.8936e-06
4.8787e-06
4.8638e-06
4.849e-06
4.8342e-06
4.8194e-06
4.8047e-06
4.79e-06
4.7753e-06
4.7607e-06
4.7461e-06
4.7316e-06
4.7171e-06
4.7026e-06
4.6881e-06
4.6737e-06
4.6593e-06
4.645e-06
4.6307e-06
4.6164e-06
4.6021e-06
4.5879e-06
4.5737e-06
4.5596e-06
4.5455e-06
4.5314e-06
4.5174e-06
4.5034e-06
4.4894e-06
4.4754e-06
4.4615e-06
4.4476e-06
4.4338e-06
4.42e-06
4.4062e-06
4.3925e-06
4.3788e-06
4.3651e-06
4.3514e-06
4.3378e-06
4.3242e-06
4.3107e-06
4.2972e-06
4.2837e-06
4.2703e-06
4.2568e-06
4.2435e-06
4.2301e-06
4.2168e-06
4.2035e-06
4.1903e-06
4.177e-06
4.1638e-06
4.1507e-06
4.1376e-06
4.1245e-06
4.1114e-06
4.0984e-06
4.0854e-06
4.0724e-06
4.0595e-06
4.0466e-06
4.0338e-06
4.0209e-06
4.0081e-06
3.9953e-06
3.9826e-06
3.9699e-06
3.9572e-06
3.9446e-06
3.932e-06
3.9194e-06
3.9069e-06
3.8943e-06
3.8819e-06
3.8694e-06
3.857e-06
3.8446e-06
3.8322e-06
3.8199e-06
3.8076e-06
3.7953e-06
3.7831e-06
3.7709e-06
3.7587e-06
3.7466e-06
3.7345e-06
3.7224e-06
3.7104e-06
3.6983e-06
3.6864e-06
3.6744e-06
3.6625e-06
3.6506e-06
3.6387e-06
3.6269e-06
3.6151e-06
3.6033e-06
3.5916e-06
3.5798e-06
3.5682e-06
3.5565e-06
3.5449e-06
3.5333e-06
3.5217e-06
3.5102e-06
3.4987e-06
3.4872e-06
3.4758e-06
3.4644e-06
3.453e-06
3.4417e-06
3.4303e-06
3.419e-06
3.4078e-06
3.3965e-06
3.3853e-06
3.3742e-06
3.363e-06
3.3519e-06
3.3408e-06
3.3298e-06
3.3187e-06
3.3077e-06
3.2968e-06
3.2858e-06
3.2749e-06
3.264e-06
3.2532e-06
3.2423e-06
3.2316e-06
3.2208e-06
3.21e-06
3.1993e-06
3.1887e-06
3.178e-06
3.1674e-06
3.1568e-06
3.1462e-06
3.1357e-06
3.1252e-06
3.1147e-06
3.1042e-06
3.0938e-06
3.0834e-06
3.073e-06
3.0627e-06
3.0524e-06
3.0421e-06
3.0318e-06
3.0216e-06
3.0114e-06
3.0012e-06
2.9911e-06
2.981e-06
2.9709e-06
2.9608e-06
2.9508e-06
2.9408e-06
2.9308e-06
2.9208e-06
2.9109e-06
2.901e-06
2.8912e-06
2.8813e-06
2.8715e-06
2.8617e-06
2.8519e-06
2.8422e-06
2.8325e-06
2.8228e-06
2.8132e-06
2.8035e-06
2.7939e-06
2.7844e-06
2.7748e-06
2.7653e-06
2.7558e-06
2.7463e-06
2.7369e-06
2.7275e-06
2.7181e-06
2.7087e-06
2.6994e-06
2.6901e-06
2.6808e-06
2.6715e-06
2.6623e-06
2.6531e-06
2.6439e-06
2.6348e-06
2.6256e-06
2.6165e-06
2.6074e-06
2.5984e-06
2.5894e-06
2.5804e-06
2.5714e-06
2.5624e-06
2.5535e-06
2.5446e-06
2.5357e-06
2.5269e-06
2.5181e-06
2.5093e-06
2.5005e-06
2.4918e-06
2.483e-06
2.4743e-06
2.4657e-06
2.457e-06
2.4484e-06
2.4398e-06
2.4312e-06
2.4227e-06
2.4142e-06
2.4057e-06
2.3972e-06
2.3888e-06
2.3803e-06
2.3719e-06
2.3636e-06
2.3552e-06
2.3469e-06
2.3386e-06
2.3303e-06
2.322e-06
2.3138e-06
2.3056e-06
2.2974e-06
2.2893e-06
2.2811e-06
2.273e-06
2.2649e-06
2.2569e-06
2.2488e-06
2.2408e-06
2.2328e-06
2.2249e-06
2.2169e-06
2.209e-06
2.2011e-06
2.1932e-06
2.1854e-06
2.1775e-06
2.1697e-06
2.162e-06
2.1542e-06
2.1465e-06
2.1388e-06
2.1311e-06
2.1234e-06
2.1158e-06
2.1081e-06
2.1005e-06
2.093e-06
2.0854e-06
2.0779e-06
2.0704e-06
2.0629e-06
2.0554e-06
2.048e-06
2.0406e-06
2.0332e-06
2.0258e-06
2.0185e-06
2.0111e-06
2.0038e-06
1.9965e-06
1.9893e-06
1.982e-06
1.9748e-06
1.9676e-06
1.9604e-06
1.9533e-06
1.9462e-06
1.9391e-06
1.932e-06
1.9249e-06
1.9179e-06
1.9108e-06
1.9038e-06
1.8969e-06
1.8899e-06
1.883e-06
1.876e-06
1.8692e-06
1.8623e-06
1.8554e-06
1.8486e-06
1.8418e-06
1.835e-06
1.8282e-06
1.8215e-06
1.8148e-06
1.8081e-06
1.8014e-06
1.7947e-06
1.7881e-06
1.7814e-06
1.7748e-06
1.7683e-06
1.7617e-06
1.7552e-06
1.7486e-06
1.7421e-06
1.7357e-06
1.7292e-06
1.7228e-06
1.7163e-06
1.7099e-06
1.7036e-06
1.6972e-06
1.6909e-06
1.6846e-06
1.6783e-06
1.672e-06
1.6657e-06
1.6595e-06
1.6533e-06
1.6471e-06
1.6409e-06
1.6347e-06
1.6286e-06
1.6225e-06
1.6164e-06
1.6103e-06
1.6042e-06
1.5982e-06
1.5921e-06
1.5861e-06
1.5801e-06
1.5742e-06
1.5682e-06
1.5623e-06
1.5564e-06
1.5505e-06
1.5446e-06
1.5388e-06
1.5329e-06
1.5271e-06
1.5213e-06
1.5155e-06
1.5098e-06
1.504e-06
1.4983e-06
1.4926e-06
1.4869e-06
1.4813e-06
1.4756e-06
1.47e-06
1.4644e-06
1.4588e-06
1.4532e-06
1.4476e-06
1.4421e-06
1.4366e-06
1.4311e-06
1.4256e-06
1.4201e-06
1.4147e-06
1.4092e-06
1.4038e-06
1.3984e-06
1.393e-06
1.3877e-06
1.3823e-06
1.377e-06
1.3717e-06
1.3664e-06
1.3611e-06
1.3559e-06
1.3506e-06
1.3454e-06
1.3402e-06
1.335e-06
1.3298e-06
1.3247e-06
1.3195e-06
1.3144e-06
1.3093e-06
1.3042e-06
1.2992e-06
1.2941e-06
1.2891e-06
1.2841e-06
1.279e-06
1.2741e-06
1.2691e-06
1.2641e-06
1.2592e-06
1.2543e-06
1.2494e-06
1.2445e-06
1.2396e-06
1.2348e-06
1.2299e-06
1.2251e-06
1.2203e-06
1.2155e-06
1.2107e-06
1.206e-06
1.2012e-06
1.1965e-06
1.1918e-06
1.1871e-06
1.1824e-06
1.1778e-06
1.1731e-06
1.1685e-06
1.1639e-06
1.1593e-06
1.1547e-06
1.1501e-06
1.1456e-06
1.141e-06
1.1365e-06
1.132e-06
1.1275e-06
1.1231e-06
1.1186e-06
1.1142e-06
1.1097e-06
1.1053e-06
1.1009e-06
1.0965e-06
1.0922e-06
1.0878e-06
1.0835e-06
1.0791e-06
1.0748e-06
1.0705e-06
1.0663e-06
1.062e-06
1.0577e-06
1.0535e-06
1.0493e-06
1.0451e-06
1.0409e-06
1.0367e-06
1.0325e-06
1.0284e-06
1.0243e-06
1.0201e-06
1.016e-06
1.0119e-06
1.0079e-06
1.0038e-06
9.9976e-07
9.9572e-07
9.917e-07
9.877e-07
9.8371e-07
9.7973e-07
9.7576e-07
9.7181e-07
9.6788e-07
9.6395e-07
9.6004e-07
9.5615e-07
9.5227e-07
9.484e-07
9.4455e-07
9.407e-07
9.3688e-07
9.3306e-07
9.2926e-07
9.2548e-07
9.217e-07
9.1794e-07
9.142e-07
9.1046e-07
9.0674e-07
9.0304e-07
8.9934e-07
8.9566e-07
8.9199e-07
8.8834e-07
8.847e-07
8.8107e-07
8.7745e-07
8.7385e-07
8.7026e-07
8.6668e-07
8.6312e-07
8.5957e-07
8.5603e-07
8.525e-07
8.4899e-07
8.4549e-07
8.42e-07
8.3852e-07
8.3506e-07
8.3161e-07
8.2817e-07
8.2474e-07
8.2133e-07
8.1793e-07
8.1454e-07
8.1116e-07
8.078e-07
8.0444e-07
8.011e-07
7.9778e-07
7.9446e-07
7.9115e-07
7.8786e-07
7.8458e-07
7.8131e-07
7.7806e-07
7.7481e-07
7.7158e-07
7.6836e-07
7.6515e-07
7.6195e-07
7.5877e-07
7.5559e-07
7.5243e-07
7.4928e-07
7.4614e-07
7.4301e-07
7.3989e-07
7.3679e-07
7.3369e-07
7.3061e-07
7.2754e-07
7.2448e-07
7.2143e-07
7.184e-07
7.1537e-07
7.1236e-07
7.0935e-07
7.0636e-07
7.0338e-07
7.0041e-07
6.9745e-07
6.945e-07
6.9156e-07
6.8863e-07
6.8572e-07
6.8281e-07
6.7992e-07
6.7704e-07
6.7416e-07
6.713e-07
6.6845e-07
6.6561e-07
6.6278e-07
6.5996e-07
6.5715e-07
6.5435e-07
6.5156e-07
6.4879e-07
6.4602e-07
6.4326e-07
6.4052e-07
6.3778e-07
6.3505e-07
6.3234e-07
6.2963e-07
6.2694e-07
6.2425e-07
6.2158e-07
6.1891e-07
6.1626e-07
6.1361e-07
6.1098e-07
6.0835e-07
6.0574e-07
6.0313e-07
6.0054e-07
5.9795e-07
5.9538e-07
5.9281e-07
5.9025e-07
5.8771e-07
5.8517e-07
5.8264e-07
5.8013e-07
5.7762e-07
5.7512e-07
5.7263e-07
5.7015e-07
5.6768e-07
5.6522e-07
5.6277e-07
5.6033e-07
5.579e-07
5.5548e-07
5.5306e-07
5.5066e-07
5.4826e-07
5.4588e-07
5.435e-07
5.4113e-07
5.3878e-07
5.3643e-07
5.3409e-07
5.3176e-07
5.2943e-07
5.2712e-07
5.2482e-07
5.2252e-07
5.2023e-07
5.1796e-07
5.1569e-07
5.1343e-07
5.1118e-07
5.0893e-07
5.067e-07
5.0448e-07
5.0226e-07
5.0005e-07
4.9785e-07
4.9566e-07
4.9348e-07
4.9131e-07
4.8914e-07
4.8698e-07
4.8484e-07
4.827e-07
4.8056e-07
4.7844e-07
4.7633e-07
4.7422e-07
4.7212e-07
4.7003e-07
4.6795e-07
4.6588e-07
4.6381e-07
4.6175e-07
4.5971e-07
4.5766e-07
4.5563e-07
4.5361e-07
4.5159e-07
4.4958e-07
4.4758e-07
4.4559e-07
4.436e-07
4.4162e-07
4.3965e-07
4.3769e-07
4.3574e-07
4.3379e-07
4.3185e-07
4.2992e-07
4.28e-07
4.2608e-07
4.2418e-07
4.2228e-07
4.2038e-07
4.185e-07
4.1662e-07
4.1475e-07
4.1289e-07
4.1103e-07
4.0919e-07
4.0735e-07
4.0551e-07
4.0369e-07
4.0187e-07
4.0006e-07
3.9825e-07
3.9646e-07
3.9467e-07
3.9289e-07
3.9111e-07
3.8935e-07
3.8758e-07
3.8583e-07
3.8408e-07
3.8235e-07
3.8061e-07
3.7889e-07
3.7717e-07
3.7546e-07
3.7375e-07
3.7206e-07
3.7037e-07
3.6868e-07
3.6701e-07
3.6534e-07
3.6367e-07
3.6202e-07
3.6037e-07
3.5872e-07
3.5709e-07
3.5546e-07
3.5383e-07
3.5222e-07
3.5061e-07
3.4901e-07
3.4741e-07
3.4582e-07
3.4423e-07
3.4266e-07
3.4109e-07
3.3952e-07
3.3797e-07
3.3641e-07
3.3487e-07
3.3333e-07
3.318e-07
3.3027e-07
3.2875e-07
3.2724e-07
3.2573e-07
3.2423e-07
3.2274e-07
3.2125e-07
3.1977e-07
3.1829e-07
3.1682e-07
3.1536e-07
3.139e-07
3.1245e-07
3.11e-07
3.0956e-07
3.0813e-07
3.067e-07
3.0528e-07
3.0386e-07
3.0245e-07
3.0104e-07
2.9965e-07
2.9825e-07
2.9687e-07
2.9549e-07
2.9411e-07
2.9274e-07
2.9138e-07
2.9002e-07
2.8867e-07
2.8732e-07
2.8598e-07
2.8464e-07
2.8331e-07
2.8199e-07
2.8067e-07
2.7936e-07
2.7805e-07
2.7675e-07
2.7545e-07
2.7416e-07
2.7287e-07
2.7159e-07
2.7032e-07
2.6905e-07
2.6779e-07
2.6653e-07
2.6527e-07
2.6403e-07
2.6278e-07
2.6154e-07
2.6031e-07
2.5909e-07
2.5786e-07
2.5665e-07
2.5544e-07
2.5423e-07
2.5303e-07
2.5183e-07
2.5064e-07
2.4945e-07
2.4827e-07
2.471e-07
2.4593e-07
2.4476e-07
2.436e-07
2.4244e-07
2.4129e-07
2.4015e-07
2.3901e-07
2.3787e-07
2.3674e-07
2.3561e-07
2.3449e-07
2.3337e-07
2.3226e-07
2.3115e-07
2.3005e-07
2.2895e-07
2.2786e-07
2.2677e-07
2.2569e-07
2.2461e-07
2.2354e-07
2.2247e-07
2.214e-07
2.2034e-07
2.1929e-07
2.1824e-07
2.1719e-07
2.1615e-07
2.1511e-07
2.1408e-07
2.1305e-07
2.1202e-07
2.11e-07
2.0999e-07
2.0898e-07
2.0797e-07
2.0697e-07
2.0597e-07
2.0498e-07
2.0399e-07
2.0301e-07
2.0203e-07
2.0105e-07
2.0008e-07
1.9911e-07
1.9815e-07
1.9719e-07
1.9623e-07
1.9528e-07
1.9434e-07
1.9339e-07
1.9246e-07
1.9152e-07
1.9059e-07
1.8967e-07
1.8874e-07
1.8783e-07
1.8691e-07
1.86e-07
1.851e-07
1.842e-07
1.833e-07
1.824e-07
1.8152e-07
1.8063e-07
1.7975e-07
1.7887e-07
1.78e-07
1.7713e-07
1.7626e-07
1.754e-07
1.7454e-07
1.7368e-07
1.7283e-07
1.7199e-07
1.7114e-07
1.703e-07
1.6947e-07
1.6863e-07
1.6781e-07
1.6698e-07
1.6616e-07
1.6534e-07
1.6453e-07
1.6372e-07
1.6291e-07
1.6211e-07
1.6131e-07
1.6051e-07
1.5972e-07
1.5893e-07
1.5815e-07
1.5737e-07
1.5659e-07
1.5581e-07
1.5504e-07
1.5428e-07
1.5351e-07
1.5275e-07
1.5199e-07
1.5124e-07
1.5049e-07
1.4974e-07
1.49e-07
1.4826e-07
1.4752e-07
1.4679e-07
1.4606e-07
1.4533e-07
1.4461e-07
1.4389e-07
1.4317e-07
1.4246e-07
1.4175e-07
1.4104e-07
1.4033e-07
1.3963e-07
1.3894e-07
1.3824e-07
1.3755e-07
1.3686e-07
1.3618e-07
1.3549e-07
1.3482e-07
1.3414e-07
1.3347e-07
1.328e-07
1.3213e-07
1.3147e-07
1.3081e-07
1.3015e-07
1.295e-07
1.2884e-07
1.282e-07
1.2755e-07
1.2691e-07
1.2627e-07
1.2563e-07
1.25e-07
1.2437e-07
1.2374e-07
1.2312e-07
1.2249e-07
1.2187e-07
1.2126e-07
1.2064e-07
1.2003e-07
1.1943e-07
1.1882e-07
1.1822e-07
1.1762e-07
1.1702e-07
1.1643e-07
1.1584e-07
1.1525e-07
1.1467e-07
1.1408e-07
1.135e-07
1.1292e-07
1.1235e-07
1.1178e-07
1.1121e-07
1.1064e-07
1.1008e-07
1.0952e-07
1.0896e-07
1.084e-07
1.0785e-07
1.073e-07
1.0675e-07
1.062e-07
1.0566e-07
1.0512e-07
1.0458e-07
1.0404e-07
1.0351e-07
1.0298e-07
1.0245e-07
1.0193e-07
1.014e-07
1.0088e-07
1.0036e-07
9.9848e-08
9.9334e-08
9.8823e-08
9.8315e-08
9.7808e-08
9.7305e-08
9.6803e-08
9.6304e-08
9.5807e-08
9.5313e-08
9.4821e-08
9.4331e-08
9.3844e-08
9.3359e-08
9.2876e-08
9.2395e-08
9.1917e-08
9.1441e-08
9.0967e-08
9.0496e-08
9.0027e-08
8.956e-08
8.9095e-08
8.8633e-08
8.8172e-08
8.7714e-08
8.7258e-08
8.6805e-08
8.6353e-08
8.5904e-08
8.5456e-08
8.5011e-08
8.4568e-08
8.4127e-08
8.3689e-08
8.3252e-08
8.2817e-08
8.2385e-08
8.1954e-08
8.1526e-08
8.11e-08
8.0676e-08
8.0253e-08
7.9833e-08
7.9415e-08
7.8999e-08
7.8585e-08
7.8173e-08
7.7763e-08
7.7355e-08
7.6948e-08
7.6544e-08
7.6142e-08
7.5742e-08
7.5343e-08
7.4947e-08
7.4552e-08
7.416e-08
7.3769e-08
7.338e-08
7.2993e-08
7.2608e-08
7.2225e-08
7.1844e-08
7.1464e-08
7.1087e-08
7.0711e-08
7.0337e-08
6.9965e-08
6.9594e-08
6.9226e-08
6.8859e-08
6.8494e-08
6.8131e-08
6.777e-08
6.741e-08
6.7052e-08
6.6696e-08
6.6342e-08
6.5989e-08
6.5639e-08
6.5289e-08
6.4942e-08
6.4596e-08
6.4252e-08
6.391e-08
6.3569e-08
6.323e-08
6.2893e-08
6.2557e-08
6.2223e-08
6.1891e-08
6.156e-08
6.1231e-08
6.0904e-08
6.0578e-08
6.0254e-08
5.9931e-08
5.961e-08
5.929e-08
5.8973e-08
5.8656e-08
5.8342e-08
5.8028e-08
5.7717e-08
5.7407e-08
5.7098e-08
5.6791e-08
5.6486e-08
5.6182e-08
5.5879e-08
5.5578e-08
5.5279e-08
5.4981e-08
5.4684e-08
5.4389e-08
5.4096e-08
5.3804e-08
5.3513e-08
5.3224e-08
5.2936e-08
5.265e-08
5.2365e-08
5.2082e-08
5.18e-08
5.1519e-08
5.124e-08
5.0963e-08
5.0686e-08
5.0411e-08
5.0138e-08
4.9865e-08
4.9594e-08
4.9325e-08
4.9057e-08
4.879e-08
4.8525e-08
4.826e-08
4.7998e-08
4.7736e-08
4.7476e-08
4.7217e-08
4.696e-08
4.6703e-08
4.6449e-08
4.6195e-08
4.5943e-08
4.5691e-08
4.5442e-08
4.5193e-08
4.4946e-08
4.47e-08
4.4455e-08
4.4212e-08
4.3969e-08
4.3728e-08
4.3488e-08
4.325e-08
4.3012e-08
4.2776e-08
4.2541e-08
4.2307e-08
4.2075e-08
4.1843e-08
4.1613e-08
4.1384e-08
4.1156e-08
4.0929e-08
4.0704e-08
4.0479e-08
4.0256e-08
4.0034e-08
3.9813e-08
3.9593e-08
3.9374e-08
3.9157e-08
3.894e-08
3.8725e-08
3.851e-08
3.8297e-08
3.8085e-08
3.7874e-08
3.7664e-08
3.7455e-08
3.7248e-08
3.7041e-08
3.6835e-08
3.6631e-08
3.6427e-08
3.6225e-08
3.6023e-08
3.5823e-08
3.5624e-08
3.5425e-08
3.5228e-08
3.5032e-08
3.4837e-08
3.4642e-08
3.4449e-08
3.4257e-08
3.4066e-08
3.3876e-08
3.3686e-08
3.3498e-08
3.3311e-08
3.3124e-08
3.2939e-08
3.2755e-08
3.2571e-08
3.2389e-08
3.2207e-08
3.2027e-08
3.1847e-08
3.1668e-08
3.1491e-08
3.1314e-08
3.1138e-08
3.0963e-08
3.0789e-08
3.0616e-08
3.0444e-08
3.0272e-08
3.0102e-08
2.9932e-08
2.9764e-08
2.9596e-08
2.9429e-08
2.9263e-08
2.9098e-08
2.8933e-08
2.877e-08
2.8607e-08
2.8446e-08
2.8285e-08
2.8125e-08
2.7966e-08
2.7807e-08
2.765e-08
2.7493e-08
2.7337e-08
2.7182e-08
2.7028e-08
2.6875e-08
2.6722e-08
2.657e-08
2.6419e-08
2.6269e-08
2.612e-08
2.5971e-08
2.5824e-08
2.5677e-08
2.553e-08
2.5385e-08
2.524e-08
2.5096e-08
2.4953e-08
2.4811e-08
2.4669e-08
2.4528e-08
2.4388e-08
2.4249e-08
2.411e-08
2.3972e-08
2.3835e-08
2.3699e-08
2.3563e-08
2.3428e-08
2.3294e-08
2.316e-08
2.3028e-08
2.2895e-08
2.2764e-08
2.2633e-08
2.2503e-08
2.2374e-08
2.2246e-08
2.2118e-08
2.199e-08
2.1864e-08
2.1738e-08
2.1613e-08
2.1488e-08
2.1364e-08
2.1241e-08
2.1119e-08
2.0997e-08
2.0876e-08
2.0755e-08
2.0635e-08
2.0516e-08
2.0397e-08
2.028e-08
2.0162e-08
2.0045e-08
1.9929e-08
1.9814e-08
1.9699e-08
1.9585e-08
1.9471e-08
1.9359e-08
1.9246e-08
1.9134e-08
1.9023e-08
1.8913e-08
1.8803e-08
1.8694e-08
1.8585e-08
1.8477e-08
1.8369e-08
1.8262e-08
1.8156e-08
1.805e-08
1.7945e-08
1.784e-08
1.7736e-08
1.7633e-08
1.753e-08
1.7427e-08
1.7325e-08
1.7224e-08
1.7124e-08
1.7023e-08
1.6924e-08
1.6825e-08
1.6726e-08
1.6628e-08
1.6531e-08
1.6434e-08
1.6337e-08
1.6242e-08
1.6146e-08
1.6051e-08
1.5957e-08
1.5863e-08
1.577e-08
1.5677e-08
1.5585e-08
1.5494e-08
1.5402e-08
1.5312e-08
1.5221e-08
1.5132e-08
1.5043e-08
1.4954e-08
1.4866e-08
1.4778e-08
1.4691e-08
1.4604e-08
1.4518e-08
1.4432e-08
1.4346e-08
1.4261e-08
1.4177e-08
1.4093e-08
1.401e-08
1.3927e-08
1.3844e-08
1.3762e-08
1.368e-08
1.3599e-08
1.3519e-08
1.3438e-08
1.3359e-08
1.3279e-08
1.32e-08
1.3122e-08
1.3044e-08
1.2966e-08
1.2889e-08
1.2812e-08
1.2736e-08
1.266e-08
1.2584e-08
1.2509e-08
1.2435e-08
1.2361e-08
1.2287e-08
1.2213e-08
1.214e-08
1.2068e-08
1.1996e-08
1.1924e-08
1.1853e-08
1.1782e-08
1.1711e-08
1.1641e-08
1.1571e-08
1.1502e-08
1.1433e-08
1.1364e-08
1.1296e-08
1.1228e-08
1.1161e-08
1.1094e-08
1.1027e-08
1.0961e-08
1.0895e-08
1.0829e-08
1.0764e-08
1.0699e-08
1.0635e-08
1.0571e-08
1.0507e-08
1.0444e-08
1.0381e-08
1.0318e-08
1.0256e-08
1.0194e-08
1.0132e-08
1.0071e-08
1.001e-08
9.9495e-09
9.8893e-09
9.8295e-09
9.7699e-09
9.7108e-09
9.6519e-09
9.5934e-09
9.5353e-09
9.4774e-09
9.4199e-09
9.3627e-09
9.3059e-09
9.2494e-09
9.1932e-09
9.1373e-09
9.0817e-09
9.0265e-09
8.9715e-09
8.9169e-09
8.8626e-09
8.8086e-09
8.755e-09
8.7016e-09
8.6485e-09
8.5958e-09
8.5433e-09
8.4911e-09
8.4393e-09
8.3877e-09
8.3365e-09
8.2855e-09
8.2348e-09
8.1844e-09
8.1343e-09
8.0845e-09
8.035e-09
7.9858e-09
7.9368e-09
7.8882e-09
7.8398e-09
7.7917e-09
7.7438e-09
7.6963e-09
7.649e-09
7.602e-09
7.5553e-09
7.5088e-09
7.4626e-09
7.4167e-09
7.3711e-09
7.3257e-09
7.2805e-09
7.2357e-09
7.1911e-09
7.1467e-09
7.1026e-09
7.0588e-09
7.0152e-09
6.9719e-09
6.9288e-09
6.886e-09
6.8434e-09
6.8011e-09
6.759e-09
6.7172e-09
6.6756e-09
6.6343e-09
6.5931e-09
6.5523e-09
6.5117e-09
6.4713e-09
6.4311e-09
6.3912e-09
6.3515e-09
6.3121e-09
6.2729e-09
6.2339e-09
6.1951e-09
6.1566e-09
6.1183e-09
6.0802e-09
6.0423e-09
6.0047e-09
5.9673e-09
5.9301e-09
5.8931e-09
5.8563e-09
5.8198e-09
5.7835e-09
5.7474e-09
5.7115e-09
5.6758e-09
5.6403e-09
5.605e-09
5.57e-09
5.5351e-09
5.5005e-09
5.466e-09
5.4318e-09
5.3977e-09
5.3639e-09
5.3303e-09
5.2968e-09
5.2636e-09
5.2306e-09
5.1977e-09
5.1651e-09
5.1326e-09
5.1003e-09
5.0683e-09
5.0364e-09
5.0047e-09
4.9732e-09
4.9419e-09
4.9107e-09
4.8798e-09
4.849e-09
4.8185e-09
4.7881e-09
4.7578e-09
4.7278e-09
4.698e-09
4.6683e-09
4.6388e-09
4.6095e-09
4.5803e-09
4.5513e-09
4.5225e-09
4.4939e-09
4.4654e-09
4.4372e-09
4.409e-09
4.3811e-09
4.3533e-09
4.3257e-09
4.2982e-09
4.271e-09
4.2438e-09
4.2169e-09
4.1901e-09
4.1634e-09
4.137e-09
4.1107e-09
4.0845e-09
4.0585e-09
4.0327e-09
4.007e-09
3.9814e-09
3.9561e-09
3.9308e-09
3.9058e-09
3.8808e-09
3.8561e-09
3.8314e-09
3.807e-09
3.7826e-09
3.7585e-09
3.7344e-09
3.7105e-09
3.6868e-09
3.6632e-09
3.6397e-09
3.6164e-09
3.5933e-09
3.5702e-09
3.5473e-09
3.5246e-09
3.502e-09
3.4795e-09
3.4571e-09
3.4349e-09
3.4129e-09
3.3909e-09
3.3691e-09
3.3475e-09
3.3259e-09
3.3045e-09
3.2832e-09
3.2621e-09
3.2411e-09
3.2202e-09
3.1994e-09
3.1788e-09
3.1583e-09
3.1379e-09
3.1176e-09
3.0975e-09
3.0775e-09
3.0576e-09
3.0378e-09
3.0182e-09
2.9987e-09
2.9793e-09
2.96e-09
2.9408e-09
2.9218e-09
2.9028e-09
2.884e-09
2.8653e-09
2.8467e-09
2.8283e-09
2.8099e-09
2.7916e-09
2.7735e-09
2.7555e-09
2.7376e-09
2.7198e-09
2.7021e-09
2.6845e-09
2.667e-09
2.6497e-09
2.6324e-09
2.6153e-09
2.5982e-09
2.5813e-09
2.5644e-09
2.5477e-09
2.5311e-09
2.5146e-09
2.4981e-09
2.4818e-09
2.4656e-09
2.4495e-09
2.4335e-09
2.4175e-09
2.4017e-09
2.386e-09
2.3704e-09
2.3548e-09
2.3394e-09
2.3241e-09
2.3088e-09
2.2937e-09
2.2786e-09
2.2637e-09
2.2488e-09
2.234e-09
2.2194e-09
2.2048e-09
2.1903e-09
2.1759e-09
2.1616e-09
2.1473e-09
2.1332e-09
2.1191e-09
2.1052e-09
2.0913e-09
2.0775e-09
2.0638e-09
2.0502e-09
2.0367e-09
2.0232e-09
2.0099e-09
1.9966e-09
1.9834e-09
1.9703e-09
1.9573e-09
1.9443e-09
1.9314e-09
1.9187e-09
1.906e-09
1.8933e-09
1.8808e-09
1.8683e-09
1.8559e-09
1.8436e-09
1.8314e-09
1.8192e-09
1.8072e-09
1.7952e-09
1.7832e-09
1.7714e-09
1.7596e-09
1.7479e-09
1.7363e-09
1.7247e-09
1.7132e-09
1.7018e-09
1.6905e-09
1.6792e-09
1.668e-09
1.6569e-09
1.6459e-09
1.6349e-09
1.624e-09
1.6131e-09
1.6023e-09
1.5916e-09
1.581e-09
1.5704e-09
1.5599e-09
1.5495e-09
1.5391e-09
1.5288e-09
1.5186e-09
1.5084e-09
1.4983e-09
1.4883e-09
1.4783e-09
1.4684e-09
1.4585e-09
1.4487e-09
1.439e-09
1.4293e-09
1.4197e-09
1.4102e-09
1.4007e-09
1.3913e-09
1.3819e-09
1.3726e-09
1.3634e-09
1.3542e-09
1.3451e-09
1.336e-09
1.327e-09
1.3181e-09
1.3092e-09
1.3003e-09
1.2916e-09
1.2829e-09
1.2742e-09
1.2656e-09
1.257e-09
1.2485e-09
1.2401e-09
1.2317e-09
1.2234e-09
1.2151e-09
1.2069e-09
1.1987e-09
1.1906e-09
1.1825e-09
1.1745e-09
1.1665e-09
1.1586e-09
1.1507e-09
1.1429e-09
1.1352e-09
1.1274e-09
1.1198e-09
1.1122e-09
1.1046e-09
1.0971e-09
1.0896e-09
1.0822e-09
1.0748e-09
1.0675e-09
1.0602e-09
1.053e-09
1.0458e-09
1.0387e-09
1.0316e-09
1.0246e-09
1.0176e-09
1.0106e-09
1.0037e-09
9.9687e-10
9.9006e-10
9.8329e-10
9.7657e-10
9.6988e-10
9.6325e-10
9.5665e-10
9.501e-10
9.4359e-10
9.3712e-10
9.307e-10
9.2432e-10
9.1798e-10
9.1168e-10
9.0542e-10
8.992e-10
8.9303e-10
8.8689e-10
8.808e-10
8.7474e-10
8.6872e-10
8.6275e-10
8.5681e-10
8.5091e-10
8.4505e-10
8.3923e-10
8.3345e-10
8.2771e-10
8.22e-10
8.1633e-10
8.107e-10
8.051e-10
7.9954e-10
7.9402e-10
7.8854e-10
7.8309e-10
7.7767e-10
7.723e-10
7.6696e-10
7.6165e-10
7.5638e-10
7.5114e-10
7.4594e-10
7.4077e-10
7.3564e-10
7.3054e-10
7.2547e-10
7.2044e-10
7.1544e-10
7.1047e-10
7.0554e-10
7.0064e-10
6.9577e-10
6.9094e-10
6.8613e-10
6.8136e-10
6.7662e-10
6.7191e-10
6.6723e-10
6.6259e-10
6.5797e-10
6.5339e-10
6.4883e-10
6.4431e-10
6.3982e-10
6.3535e-10
6.3092e-10
6.2652e-10
6.2214e-10
6.1779e-10
6.1348e-10
6.0919e-10
6.0493e-10
6.007e-10
5.965e-10
5.9232e-10
5.8818e-10
5.8406e-10
5.7996e-10
5.759e-10
5.7186e-10
5.6785e-10
5.6387e-10
5.5992e-10
5.5599e-10
5.5208e-10
5.482e-10
5.4435e-10
5.4053e-10
5.3673e-10
5.3295e-10
5.2921e-10
5.2548e-10
5.2178e-10
5.1811e-10
5.1446e-10
5.1084e-10
5.0724e-10
5.0366e-10
5.0011e-10
4.9658e-10
4.9308e-10
4.896e-10
4.8614e-10
4.8271e-10
4.793e-10
4.7591e-10
4.7255e-10
4.6921e-10
4.6589e-10
4.6259e-10
4.5932e-10
4.5606e-10
4.5283e-10
4.4963e-10
4.4644e-10
4.4327e-10
4.4013e-10
4.3701e-10
4.3391e-10
4.3083e-10
4.2777e-10
4.2473e-10
4.2171e-10
4.1872e-10
4.1574e-10
4.1278e-10
4.0985e-10
4.0693e-10
4.0404e-10
4.0116e-10
3.983e-10
3.9546e-10
3.9265e-10
3.8985e-10
3.8707e-10
3.8431e-10
3.8156e-10
3.7884e-10
3.7614e-10
3.7345e-10
3.7078e-10
3.6813e-10
3.655e-10
3.6289e-10
3.6029e-10
3.5771e-10
3.5515e-10
3.5261e-10
3.5008e-10
3.4758e-10
3.4509e-10
3.4261e-10
3.4016e-10
3.3772e-10
3.3529e-10
3.3289e-10
3.305e-10
3.2812e-10
3.2577e-10
3.2343e-10
3.211e-10
3.1879e-10
3.165e-10
3.1422e-10
3.1196e-10
3.0971e-10
3.0748e-10
3.0527e-10
3.0307e-10
3.0088e-10
2.9872e-10
2.9656e-10
2.9442e-10
2.923e-10
2.9019e-10
2.8809e-10
2.8601e-10
2.8394e-10
2.8189e-10
2.7985e-10
2.7783e-10
2.7582e-10
2.7382e-10
2.7184e-10
2.6987e-10
2.6792e-10
2.6598e-10
2.6405e-10
2.6213e-10
2.6023e-10
2.5835e-10
2.5647e-10
2.5461e-10
2.5276e-10
2.5092e-10
2.491e-10
2.4729e-10
2.4549e-10
2.4371e-10
2.4194e-10
2.4018e-10
2.3843e-10
2.3669e-10
2.3497e-10
2.3326e-10
2.3156e-10
2.2987e-10
2.2819e-10
2.2653e-10
2.2487e-10
2.2323e-10
2.216e-10
2.1999e-10
2.1838e-10
2.1678e-10
2.152e-10
2.1362e-10
2.1206e-10
2.1051e-10
2.0897e-10
2.0744e-10
2.0592e-10
2.0441e-10
2.0292e-10
2.0143e-10
1.9995e-10
1.9848e-10
1.9703e-10
1.9558e-10
1.9415e-10
1.9272e-10
1.9131e-10
1.899e-10
1.8851e-10
1.8712e-10
1.8574e-10
1.8438e-10
1.8302e-10
1.8167e-10
1.8034e-10
1.7901e-10
1.7769e-10
1.7638e-10
1.7508e-10
1.7379e-10
1.7251e-10
1.7123e-10
1.6997e-10
1.6872e-10
1.6747e-10
1.6623e-10
1.65e-10
1.6379e-10
1.6257e-10
1.6137e-10
1.6018e-10
1.5899e-10
1.5782e-10
1.5665e-10
1.5549e-10
1.5434e-10
1.5319e-10
1.5206e-10
1.5093e-10
1.4981e-10
1.487e-10
1.4759e-10
1.465e-10
1.4541e-10
1.4433e-10
1.4326e-10
1.4219e-10
1.4114e-10
1.4009e-10
1.3904e-10
1.3801e-10
1.3698e-10
1.3596e-10
1.3495e-10
1.3394e-10
1.3295e-10
1.3195e-10
1.3097e-10
1.2999e-10
1.2902e-10
1.2806e-10
1.271e-10
1.2616e-10
1.2521e-10
1.2428e-10
1.2335e-10
1.2243e-10
1.2151e-10
1.206e-10
1.197e-10
1.188e-10
1.1791e-10
1.1703e-10
1.1615e-10
1.1528e-10
1.1442e-10
1.1356e-10
1.1271e-10
1.1186e-10
1.1102e-10
1.1019e-10
1.0936e-10
1.0854e-10
1.0773e-10
1.0692e-10
1.0611e-10
1.0531e-10
1.0452e-10
1.0373e-10
1.0295e-10
1.0218e-10
1.0141e-10
1.0065e-10
9.9887e-11
9.9134e-11
9.8386e-11
9.7644e-11
9.6907e-11
9.6176e-11
9.545e-11
9.4729e-11
9.4013e-11
9.3303e-11
9.2598e-11
9.1898e-11
9.1203e-11
9.0513e-11
8.9828e-11
8.9148e-11
8.8473e-11
8.7803e-11
8.7137e-11
8.6477e-11
8.5822e-11
8.5171e-11
8.4525e-11
8.3884e-11
8.3247e-11
8.2615e-11
8.1988e-11
8.1365e-11
8.0747e-11
8.0133e-11
7.9524e-11
7.8919e-11
7.8319e-11
7.7723e-11
7.7131e-11
7.6544e-11
7.5961e-11
7.5382e-11
7.4808e-11
7.4238e-11
7.3672e-11
7.311e-11
7.2552e-11
7.1998e-11
7.1449e-11
7.0903e-11
7.0362e-11
6.9824e-11
6.9291e-11
6.8761e-11
6.8235e-11
6.7713e-11
6.7195e-11
6.6681e-11
6.617e-11
6.5664e-11
6.5161e-11
6.4661e-11
6.4166e-11
6.3674e-11
6.3186e-11
6.2701e-11
6.222e-11
6.1742e-11
6.1268e-11
6.0798e-11
6.0331e-11
5.9867e-11
5.9407e-11
5.895e-11
5.8497e-11
5.8047e-11
5.76e-11
5.7157e-11
5.6717e-11
5.628e-11
5.5846e-11
5.5416e-11
5.4989e-11
5.4565e-11
5.4144e-11
5.3726e-11
5.3312e-11
5.29e-11
5.2492e-11
5.2086e-11
5.1684e-11
5.1284e-11
5.0888e-11
5.0495e-11
5.0104e-11
4.9716e-11
4.9332e-11
4.895e-11
4.8571e-11
4.8194e-11
4.7821e-11
4.745e-11
4.7083e-11
4.6717e-11
4.6355e-11
4.5995e-11
4.5638e-11
4.5284e-11
4.4932e-11
4.4583e-11
4.4237e-11
4.3893e-11
4.3552e-11
4.3213e-11
4.2877e-11
4.2544e-11
4.2212e-11
4.1884e-11
4.1558e-11
4.1234e-11
4.0913e-11
4.0594e-11
4.0277e-11
3.9963e-11
3.9651e-11
3.9342e-11
3.9035e-11
3.873e-11
3.8428e-11
3.8127e-11
3.783e-11
3.7534e-11
3.724e-11
3.6949e-11
3.666e-11
3.6373e-11
3.6089e-11
3.5806e-11
3.5526e-11
3.5247e-11
3.4971e-11
3.4697e-11
3.4425e-11
3.4155e-11
3.3887e-11
3.3621e-11
3.3357e-11
3.3095e-11
3.2835e-11
3.2577e-11
3.2321e-11
3.2067e-11
3.1815e-11
3.1565e-11
3.1317e-11
3.107e-11
3.0826e-11
3.0583e-11
3.0342e-11
3.0103e-11
2.9866e-11
2.963e-11
2.9397e-11
2.9165e-11
2.8935e-11
2.8707e-11
2.848e-11
2.8255e-11
2.8032e-11
2.7811e-11
2.7591e-11
2.7373e-11
2.7156e-11
2.6942e-11
2.6728e-11
2.6517e-11
2.6307e-11
2.6099e-11
2.5892e-11
2.5687e-11
2.5483e-11
2.5281e-11
2.5081e-11
2.4882e-11
2.4685e-11
2.4489e-11
2.4294e-11
2.4101e-11
2.391e-11
2.372e-11
2.3532e-11
2.3345e-11
2.3159e-11
2.2975e-11
2.2792e-11
2.2611e-11
2.2431e-11
2.2252e-11
2.2075e-11
2.1899e-11
2.1725e-11
2.1551e-11
2.138e-11
2.1209e-11
2.104e-11
2.0872e-11
2.0705e-11
2.054e-11
2.0376e-11
2.0213e-11
2.0052e-11
1.9892e-11
1.9733e-11
1.9575e-11
1.9418e-11
1.9263e-11
1.9109e-11
1.8956e-11
1.8804e-11
1.8653e-11
1.8504e-11
1.8356e-11
1.8208e-11
1.8062e-11
1.7917e-11
1.7774e-11
1.7631e-11
1.749e-11
1.7349e-11
1.721e-11
1.7071e-11
1.6934e-11
1.6798e-11
1.6663e-11
1.6529e-11
1.6396e-11
1.6264e-11
1.6133e-11
1.6003e-11
1.5874e-11
1.5747e-11
1.562e-11
1.5494e-11
1.5369e-11
1.5245e-11
1.5122e-11
1.5e-11
1.4879e-11
1.4759e-11
1.4639e-11
1.4521e-11
1.4404e-11
1.4287e-11
1.4172e-11
1.4057e-11
1.3944e-11
1.3831e-11
1.3719e-11
1.3608e-11
1.3498e-11
1.3388e-11
1.328e-11
1.3172e-11
1.3065e-11
1.2959e-11
1.2854e-11
1.275e-11
1.2646e-11
1.2544e-11
1.2442e-11
1.2341e-11
1.2241e-11
1.2141e-11
1.2042e-11
1.1945e-11
1.1847e-11
1.1751e-11
1.1655e-11
1.1561e-11
1.1466e-11
1.1373e-11
1.128e-11
1.1188e-11
1.1097e-11
1.1007e-11
1.0917e-11
1.0828e-11
1.074e-11
1.0652e-11
1.0565e-11
1.0479e-11
1.0393e-11
1.0308e-11
1.0224e-11
1.014e-11
1.0057e-11
9.9751e-12
9.8935e-12
9.8126e-12
9.7322e-12
9.6525e-12
9.5735e-12
9.495e-12
9.4172e-12
9.34e-12
9.2635e-12
9.1875e-12
9.1121e-12
9.0373e-12
8.9631e-12
8.8896e-12
8.8165e-12
8.7441e-12
8.6723e-12
8.601e-12
8.5303e-12
8.4601e-12
8.3905e-12
8.3215e-12
8.253e-12
8.1851e-12
8.1177e-12
8.0508e-12
7.9845e-12
7.9187e-12
7.8534e-12
7.7886e-12
7.7244e-12
7.6607e-12
7.5974e-12
7.5347e-12
7.4725e-12
7.4108e-12
7.3496e-12
7.2889e-12
7.2286e-12
7.1688e-12
7.1096e-12
7.0507e-12
6.9924e-12
6.9345e-12
6.8771e-12
6.8202e-12
6.7637e-12
6.7076e-12
6.6521e-12
6.5969e-12
6.5422e-12
6.4879e-12
6.4341e-12
6.3807e-12
6.3278e-12
6.2752e-12
6.2231e-12
6.1714e-12
6.1201e-12
6.0693e-12
6.0188e-12
5.9687e-12
5.9191e-12
5.8698e-12
5.821e-12
5.7725e-12
5.7245e-12
5.6768e-12
5.6295e-12
5.5826e-12
5.536e-12
5.4899e-12
5.4441e-12
5.3987e-12
5.3536e-12
5.3089e-12
5.2646e-12
5.2206e-12
5.177e-12
5.1338e-12
5.0909e-12
5.0483e-12
5.0061e-12
4.9642e-12
4.9227e-12
4.8815e-12
4.8406e-12
4.8001e-12
4.7599e-12
4.72e-12
4.6804e-12
4.6412e-12
4.6023e-12
4.5637e-12
4.5254e-12
4.4874e-12
4.4498e-12
4.4124e-12
4.3754e-12
4.3386e-12
4.3022e-12
4.266e-12
4.2301e-12
4.1946e-12
4.1593e-12
4.1243e-12
4.0896e-12
4.0552e-12
4.021e-12
3.9872e-12
3.9536e-12
3.9203e-12
3.8872e-12
3.8545e-12
3.8219e-12
3.7897e-12
3.7577e-12
3.726e-12
3.6946e-12
3.6634e-12
3.6324e-12
3.6017e-12
3.5713e-12
3.5411e-12
3.5112e-12
3.4815e-12
3.452e-12
3.4228e-12
3.3939e-12
3.3651e-12
3.3366e-12
3.3084e-12
3.2803e-12
3.2525e-12
3.225e-12
3.1976e-12
3.1705e-12
3.1436e-12
3.1169e-12
3.0905e-12
3.0642e-12
3.0382e-12
3.0124e-12
2.9868e-12
2.9614e-12
2.9362e-12
2.9113e-12
2.8865e-12
2.862e-12
2.8376e-12
2.8135e-12
2.7895e-12
2.7657e-12
2.7422e-12
2.7188e-12
2.6956e-12
2.6727e-12
2.6499e-12
2.6273e-12
2.6048e-12
2.5826e-12
2.5606e-12
2.5387e-12
2.517e-12
2.4955e-12
2.4742e-12
2.4531e-12
2.4321e-12
2.4113e-12
2.3907e-12
2.3702e-12
2.3499e-12
2.3298e-12
2.3098e-12
2.2901e-12
2.2704e-12
2.251e-12
2.2317e-12
2.2126e-12
2.1936e-12
2.1748e-12
2.1561e-12
2.1376e-12
2.1193e-12
2.1011e-12
2.083e-12
2.0651e-12
2.0474e-12
2.0298e-12
2.0123e-12
1.995e-12
1.9778e-12
1.9608e-12
1.944e-12
1.9272e-12
1.9106e-12
1.8942e-12
1.8778e-12
1.8617e-12
1.8456e-12
1.8297e-12
1.8139e-12
1.7983e-12
1.7828e-12
1.7674e-12
1.7521e-12
1.737e-12
1.722e-12
1.7071e-12
1.6924e-12
1.6777e-12
1.6632e-12
1.6488e-12
1.6346e-12
1.6204e-12
1.6064e-12
1.5925e-12
1.5787e-12
1.565e-12
1.5515e-12
1.538e-12
1.5247e-12
1.5115e-12
1.4984e-12
1.4854e-12
1.4725e-12
1.4597e-12
1.447e-12
1.4345e-12
1.422e-12
1.4096e-12
1.3974e-12
1.3852e-12
1.3732e-12
1.3613e-12
1.3494e-12
1.3377e-12
1.326e-12
1.3145e-12
1.303e-12
1.2917e-12
1.2804e-12
1.2693e-12
1.2582e-12
1.2472e-12
1.2364e-12
1.2256e-12
1.2149e-12
1.2043e-12
1.1938e-12
1.1833e-12
1.173e-12
1.1628e-12
1.1526e-12
1.1425e-12
1.1325e-12
1.1226e-12
1.1128e-12
1.1031e-12
1.0934e-12
1.0839e-12
1.0744e-12
1.065e-12
1.0556e-12
1.0464e-12
1.0372e-12
1.0281e-12
1.0191e-12
1.0102e-12
1.0013e-12
9.925e-13
9.8379e-13
9.7515e-13
9.6659e-13
9.5809e-13
9.4968e-13
9.4133e-13
9.3305e-13
9.2485e-13
9.1671e-13
9.0865e-13
9.0065e-13
8.9272e-13
8.8486e-13
8.7707e-13
8.6934e-13
8.6168e-13
8.5409e-13
8.4656e-13
8.391e-13
8.3169e-13
8.2436e-13
8.1708e-13
8.0987e-13
8.0272e-13
7.9563e-13
7.886e-13
7.8164e-13
7.7473e-13
7.6788e-13
7.6109e-13
7.5436e-13
7.4769e-13
7.4107e-13
7.3451e-13
7.2801e-13
7.2156e-13
7.1517e-13
7.0884e-13
7.0255e-13
6.9633e-13
6.9015e-13
6.8403e-13
6.7796e-13
6.7195e-13
6.6599e-13
6.6007e-13
6.5421e-13
6.484e-13
6.4264e-13
6.3693e-13
6.3127e-13
6.2566e-13
6.201e-13
6.1458e-13
6.0911e-13
6.0369e-13
5.9832e-13
5.9299e-13
5.8771e-13
5.8248e-13
5.7729e-13
5.7214e-13
5.6704e-13
5.6199e-13
5.5697e-13
5.5201e-13
5.4708e-13
5.422e-13
5.3736e-13
5.3256e-13
5.278e-13
5.2309e-13
5.1841e-13
5.1378e-13
5.0919e-13
5.0463e-13
5.0012e-13
4.9564e-13
4.9121e-13
4.8681e-13
4.8245e-13
4.7813e-13
4.7385e-13
4.696e-13
4.654e-13
4.6122e-13
4.5709e-13
4.5299e-13
4.4893e-13
4.449e-13
4.4091e-13
4.3695e-13
4.3302e-13
4.2913e-13
4.2528e-13
4.2146e-13
4.1767e-13
4.1392e-13
4.1019e-13
4.065e-13
4.0285e-13
3.9922e-13
3.9563e-13
3.9207e-13
3.8854e-13
3.8504e-13
3.8157e-13
3.7813e-13
3.7472e-13
3.7134e-13
3.6799e-13
3.6468e-13
3.6139e-13
3.5812e-13
3.5489e-13
3.5169e-13
3.4851e-13
3.4536e-13
3.4224e-13
3.3915e-13
3.3609e-13
3.3305e-13
3.3004e-13
3.2705e-13
3.2409e-13
3.2116e-13
3.1825e-13
3.1537e-13
3.1251e-13
3.0968e-13
3.0688e-13
3.041e-13
3.0134e-13
2.9861e-13
2.959e-13
2.9322e-13
2.9056e-13
2.8792e-13
2.8531e-13
2.8272e-13
2.8015e-13
2.7761e-13
2.7508e-13
2.7258e-13
2.7011e-13
2.6765e-13
2.6522e-13
2.6281e-13
2.6042e-13
2.5805e-13
2.557e-13
2.5337e-13
2.5106e-13
2.4878e-13
2.4651e-13
2.4427e-13
2.4204e-13
2.3983e-13
2.3765e-13
2.3548e-13
2.3333e-13
2.312e-13
2.2909e-13
2.27e-13
2.2493e-13
2.2288e-13
2.2084e-13
2.1883e-13
2.1683e-13
2.1485e-13
2.1288e-13
2.1094e-13
2.0901e-13
2.071e-13
2.052e-13
2.0332e-13
2.0146e-13
1.9962e-13
1.9779e-13
1.9598e-13
1.9419e-13
1.9241e-13
1.9065e-13
1.889e-13
1.8717e-13
1.8545e-13
1.8375e-13
1.8207e-13
1.804e-13
1.7874e-13
1.771e-13
1.7548e-13
1.7387e-13
1.7227e-13
1.7069e-13
1.6912e-13
1.6757e-13
1.6603e-13
1.6451e-13
1.6299e-13
1.615e-13
1.6001e-13
1.5854e-13
1.5708e-13
1.5564e-13
1.5421e-13
1.5279e-13
1.5138e-13
1.4999e-13
1.4861e-13
1.4724e-13
1.4589e-13
1.4455e-13
1.4321e-13
1.419e-13
1.4059e-13
1.3929e-13
1.3801e-13
1.3674e-13
1.3548e-13
1.3423e-13
1.3299e-13
1.3177e-13
1.3055e-13
1.2935e-13
1.2816e-13
1.2698e-13
1.2581e-13
1.2465e-13
1.235e-13
1.2236e-13
1.2123e-13
1.2011e-13
1.19e-13
1.1791e-13
1.1682e-13
1.1574e-13
1.1467e-13
1.1361e-13
1.1257e-13
1.1153e-13
1.105e-13
1.0948e-13
1.0847e-13
1.0747e-13
1.0648e-13
1.0549e-13
1.0452e-13
1.0356e-13
1.026e-13
1.0166e-13
1.0072e-13
9.9789e-14
9.8869e-14
9.7957e-14
9.7054e-14
9.6159e-14
9.5272e-14
9.4394e-14
9.3524e-14
9.2662e-14
9.1808e-14
9.0962e-14
9.0124e-14
8.9294e-14
8.8472e-14
8.7658e-14
8.6851e-14
8.6051e-14
8.526e-14
8.4475e-14
8.3698e-14
8.2929e-14
8.2167e-14
8.1411e-14
8.0664e-14
7.9923e-14
7.9189e-14
7.8462e-14
7.7743e-14
7.703e-14
7.6323e-14
7.5624e-14
7.4931e-14
7.4245e-14
7.3566e-14
7.2893e-14
7.2227e-14
7.1567e-14
7.0913e-14
7.0266e-14
6.9625e-14
6.899e-14
6.8361e-14
6.7739e-14
6.7122e-14
6.6512e-14
6.5908e-14
6.5309e-14
6.4716e-14
6.413e-14
6.3549e-14
6.2974e-14
6.2404e-14
6.184e-14
6.1282e-14
6.0729e-14
6.0182e-14
5.964e-14
5.9104e-14
5.8573e-14
5.8048e-14
5.7527e-14
5.7013e-14
5.6503e-14
5.5998e-14
5.5499e-14
5.5005e-14
5.4516e-14
5.4032e-14
5.3552e-14
5.3078e-14
5.2609e-14
5.2145e-14
5.1685e-14
5.1231e-14
5.0781e-14
5.0336e-14
4.9895e-14
4.946e-14
4.9029e-14
4.8602e-14
4.818e-14
4.7763e-14
4.7351e-14
4.6942e-14
4.6539e-14
4.6139e-14
4.5744e-14
4.5354e-14
4.4968e-14
4.4586e-14
4.4208e-14
4.3835e-14
4.3466e-14
4.3101e-14
4.2741e-14
4.2384e-14
4.2032e-14
4.1684e-14
4.134e-14
4.1e-14
4.0664e-14
4.0332e-14
4.0004e-14
3.968e-14
3.936e-14
3.9044e-14
3.8731e-14
3.8423e-14
3.8119e-14
3.7818e-14
3.7521e-14
3.7229e-14
3.6939e-14
3.6654e-14
3.6373e-14
3.6095e-14
3.5821e-14
3.555e-14
3.5284e-14
3.5021e-14
3.4761e-14
3.4506e-14
3.4254e-14
3.4005e-14
3.376e-14
3.3519e-14
3.3282e-14
3.3048e-14
3.2817e-14
3.259e-14
3.2367e-14
3.2147e-14
3.1931e-14
3.1718e-14
3.1509e-14
3.1303e-14
3.1101e-14
3.0902e-14
3.0706e-14
3.0514e-14
3.0326e-14
3.0141e-14
2.9959e-14
2.9781e-14
2.9607e-14
2.9436e-14
2.9268e-14
2.9103e-14
2.8943e-14
2.8785e-14
2.8631e-14
2.848e-14
2.8333e-14
2.8189e-14
2.8049e-14
2.7912e-14
2.7779e-14
2.7648e-14
2.7522e-14
2.7399e-14
2.7279e-14
