8.444e-09
8.4218e-09
8.3997e-09
8.3776e-09
8.3555e-09
8.3335e-09
8.3116e-09
8.2897e-09
8.2678e-09
8.246e-09
8.2243e-09
8.2026e-09
8.1809e-09
8.1593e-09
8.1378e-09
8.1163e-09
8.0948e-09
8.0734e-09
8.0521e-09
8.0308e-09
8.0096e-09
7.9884e-09
7.9672e-09
7.9461e-09
7.9251e-09
7.9041e-09
7.8831e-09
7.8622e-09
7.8414e-09
7.8206e-09
7.7998e-09
7.7792e-09
7.7585e-09
7.7379e-09
7.7173e-09
7.6968e-09
7.6764e-09
7.656e-09
7.6356e-09
7.6153e-09
7.5951e-09
7.5749e-09
7.5547e-09
7.5346e-09
7.5145e-09
7.4945e-09
7.4745e-09
7.4546e-09
7.4347e-09
7.4149e-09
7.3951e-09
7.3754e-09
7.3557e-09
7.3361e-09
7.3165e-09
7.297e-09
7.2775e-09
7.258e-09
7.2386e-09
7.2193e-09
7.2e-09
7.1807e-09
7.1615e-09
7.1424e-09
7.1232e-09
7.1042e-09
7.0852e-09
7.0662e-09
7.0473e-09
7.0284e-09
7.0095e-09
6.9908e-09
6.972e-09
6.9533e-09
6.9347e-09
6.9161e-09
6.8975e-09
6.879e-09
6.8605e-09
6.8421e-09
6.8237e-09
6.8054e-09
6.7871e-09
6.7689e-09
6.7507e-09
6.7326e-09
6.7145e-09
6.6964e-09
6.6784e-09
6.6604e-09
6.6425e-09
6.6246e-09
6.6068e-09
6.589e-09
6.5713e-09
6.5536e-09
6.5359e-09
6.5183e-09
6.5008e-09
6.4833e-09
6.4658e-09
6.4484e-09
6.431e-09
6.4136e-09
6.3963e-09
6.3791e-09
6.3619e-09
6.3447e-09
6.3276e-09
6.3105e-09
6.2935e-09
6.2765e-09
6.2596e-09
6.2427e-09
6.2258e-09
6.209e-09
6.1922e-09
6.1755e-09
6.1588e-09
6.1422e-09
6.1256e-09
6.1091e-09
6.0926e-09
6.0761e-09
6.0597e-09
6.0433e-09
6.027e-09
6.0107e-09
5.9944e-09
5.9782e-09
5.962e-09
5.9459e-09
5.9298e-09
5.9138e-09
5.8978e-09
5.8819e-09
5.8659e-09
5.8501e-09
5.8343e-09
5.8185e-09
5.8027e-09
5.787e-09
5.7714e-09
5.7558e-09
5.7402e-09
5.7247e-09
5.7092e-09
5.6937e-09
5.6783e-09
5.663e-09
5.6476e-09
5.6324e-09
5.6171e-09
5.6019e-09
5.5868e-09
5.5716e-09
5.5566e-09
5.5415e-09
5.5266e-09
5.5116e-09
5.4967e-09
5.4818e-09
5.467e-09
5.4522e-09
5.4375e-09
5.4228e-09
5.4081e-09
5.3935e-09
5.3789e-09
5.3644e-09
5.3499e-09
5.3354e-09
5.321e-09
5.3066e-09
5.2923e-09
5.278e-09
5.2637e-09
5.2495e-09
5.2353e-09
5.2212e-09
5.2071e-09
5.193e-09
5.179e-09
5.165e-09
5.1511e-09
5.1372e-09
5.1233e-09
5.1095e-09
5.0957e-09
5.082e-09
5.0683e-09
5.0547e-09
5.041e-09
5.0275e-09
5.0139e-09
5.0004e-09
4.987e-09
4.9735e-09
4.9602e-09
4.9468e-09
4.9335e-09
4.9202e-09
4.907e-09
4.8938e-09
4.8807e-09
4.8676e-09
4.8545e-09
4.8415e-09
4.8285e-09
4.8155e-09
4.8026e-09
4.7898e-09
4.7769e-09
4.7641e-09
4.7514e-09
4.7387e-09
4.726e-09
4.7133e-09
4.7007e-09
4.6882e-09
4.6756e-09
4.6632e-09
4.6507e-09
4.6383e-09
4.6259e-09
4.6136e-09
4.6013e-09
4.589e-09
4.5768e-09
4.5646e-09
4.5525e-09
4.5404e-09
4.5283e-09
4.5163e-09
4.5043e-09
4.4924e-09
4.4804e-09
4.4686e-09
4.4567e-09
4.4449e-09
4.4332e-09
4.4215e-09
4.4098e-09
4.3981e-09
4.3865e-09
4.3749e-09
4.3634e-09
4.3519e-09
4.3404e-09
4.329e-09
4.3176e-09
4.3063e-09
4.295e-09
4.2837e-09
4.2725e-09
4.2613e-09
4.2501e-09
4.239e-09
4.2279e-09
4.2169e-09
4.2059e-09
4.1949e-09
4.1839e-09
4.173e-09
4.1622e-09
4.1514e-09
4.1406e-09
4.1298e-09
4.1191e-09
4.1084e-09
4.0978e-09
4.0872e-09
4.0766e-09
4.0661e-09
4.0556e-09
4.0452e-09
4.0348e-09
4.0244e-09
4.014e-09
4.0037e-09
3.9935e-09
3.9832e-09
3.973e-09
3.9629e-09
3.9528e-09
3.9427e-09
3.9326e-09
3.9226e-09
3.9127e-09
3.9027e-09
3.8928e-09
3.883e-09
3.8731e-09
3.8634e-09
3.8536e-09
3.8439e-09
3.8342e-09
3.8246e-09
3.815e-09
3.8054e-09
3.7959e-09
3.7864e-09
3.7769e-09
3.7675e-09
3.7581e-09
3.7488e-09
3.7395e-09
3.7302e-09
3.721e-09
3.7118e-09
3.7026e-09
3.6935e-09
3.6844e-09
3.6753e-09
3.6663e-09
3.6573e-09
3.6484e-09
3.6395e-09
3.6306e-09
3.6218e-09
3.613e-09
3.6042e-09
3.5955e-09
3.5868e-09
3.5781e-09
3.5695e-09
3.561e-09
3.5524e-09
3.5439e-09
3.5354e-09
3.527e-09
3.5186e-09
3.5103e-09
3.5019e-09
3.4937e-09
3.4854e-09
3.4772e-09
3.469e-09
3.4609e-09
3.4528e-09
3.4447e-09
3.4367e-09
3.4287e-09
3.4207e-09
3.4128e-09
3.4049e-09
3.3971e-09
3.3893e-09
3.3815e-09
3.3738e-09
3.3661e-09
3.3584e-09
3.3508e-09
3.3432e-09
3.3357e-09
3.3282e-09
3.3207e-09
3.3132e-09
3.3058e-09
3.2985e-09
3.2911e-09
3.2839e-09
3.2766e-09
3.2694e-09
3.2622e-09
3.2551e-09
3.2479e-09
3.2409e-09
3.2338e-09
3.2269e-09
3.2199e-09
3.213e-09
3.2061e-09
3.1992e-09
3.1924e-09
3.1857e-09
3.1789e-09
3.1722e-09
3.1656e-09
3.1589e-09
3.1524e-09
3.1458e-09
3.1393e-09
3.1328e-09
3.1264e-09
3.12e-09
3.1136e-09
3.1073e-09
3.101e-09
3.0948e-09
3.0886e-09
3.0824e-09
3.0763e-09
3.0702e-09
3.0641e-09
3.0581e-09
3.0521e-09
3.0462e-09
3.0403e-09
3.0344e-09
3.0286e-09
3.0228e-09
3.017e-09
3.0113e-09
3.0056e-09
3e-09
2.9944e-09
2.9888e-09
2.9833e-09
2.9778e-09
2.9723e-09
2.9669e-09
2.9616e-09
2.9562e-09
2.9509e-09
2.9457e-09
2.9405e-09
2.9353e-09
2.9301e-09
2.925e-09
2.92e-09
2.915e-09
2.91e-09
2.905e-09
2.9001e-09
2.8953e-09
2.8904e-09
2.8856e-09
2.8809e-09
2.8762e-09
2.8715e-09
2.8669e-09
2.8623e-09
2.8577e-09
2.8532e-09
2.8488e-09
2.8443e-09
2.8399e-09
2.8356e-09
2.8313e-09
2.827e-09
2.8228e-09
2.8186e-09
2.8144e-09
2.8103e-09
2.8063e-09
2.8022e-09
2.7982e-09
2.7943e-09
2.7904e-09
2.7865e-09
2.7827e-09
2.7789e-09
2.7752e-09
2.7715e-09
2.7678e-09
2.7642e-09
2.7606e-09
2.7571e-09
2.7536e-09
2.7501e-09
2.7467e-09
2.7433e-09
2.74e-09
2.7367e-09
2.7335e-09
2.7303e-09
2.7271e-09
2.724e-09
2.7209e-09
2.7179e-09
2.7149e-09
2.7119e-09
2.709e-09
2.7061e-09
2.7033e-09
2.7005e-09
2.6978e-09
2.6951e-09
2.6925e-09
2.6899e-09
2.6873e-09
2.6848e-09
2.6823e-09
2.6799e-09
2.6775e-09
2.6751e-09
2.6728e-09
2.6706e-09
2.6684e-09
2.6662e-09
2.6641e-09
2.662e-09
2.6599e-09
2.6579e-09
2.656e-09
2.6541e-09
2.6522e-09
2.6504e-09
2.6487e-09
2.6469e-09
2.6453e-09
2.6436e-09
2.642e-09
2.6405e-09
2.639e-09
2.6376e-09
2.6362e-09
2.6348e-09
2.6335e-09
2.6322e-09
2.631e-09
2.6299e-09
2.6287e-09
2.6277e-09
2.6266e-09
2.6256e-09
2.6247e-09
2.6238e-09
2.623e-09
2.6222e-09
2.6215e-09
2.6208e-09
2.6201e-09
2.6195e-09
2.619e-09
2.6185e-09
2.618e-09
2.6176e-09
2.6173e-09
2.6169e-09
2.6167e-09
2.6165e-09
2.6163e-09
2.6162e-09
2.6162e-09
2.6161e-09
2.6162e-09
2.6163e-09
2.6164e-09
2.6166e-09
2.6169e-09
2.6171e-09
2.6175e-09
2.6179e-09
2.6183e-09
2.6188e-09
2.6194e-09
2.62e-09
2.6206e-09
2.6213e-09
2.6221e-09
2.6229e-09
2.6238e-09
2.6247e-09
2.6257e-09
2.6267e-09
2.6278e-09
2.6289e-09
2.6301e-09
2.6313e-09
2.6326e-09
2.6339e-09
2.6353e-09
2.6368e-09
2.6383e-09
2.6399e-09
2.6415e-09
2.6431e-09
2.6449e-09
2.6467e-09
2.6485e-09
2.6504e-09
2.6523e-09
2.6544e-09
2.6564e-09
2.6585e-09
2.6607e-09
2.6629e-09
2.6652e-09
2.6676e-09
2.67e-09
2.6725e-09
2.675e-09
2.6776e-09
2.6802e-09
2.6829e-09
2.6857e-09
2.6885e-09
2.6914e-09
2.6943e-09
2.6973e-09
2.7003e-09
2.7035e-09
2.7066e-09
2.7099e-09
2.7132e-09
2.7165e-09
2.7199e-09
2.7234e-09
2.727e-09
2.7306e-09
2.7342e-09
2.738e-09
2.7418e-09
2.7456e-09
2.7495e-09
2.7535e-09
2.7576e-09
2.7617e-09
2.7658e-09
2.7701e-09
2.7744e-09
2.7787e-09
2.7832e-09
2.7877e-09
2.7922e-09
2.7969e-09
2.8016e-09
2.8063e-09
2.8111e-09
2.816e-09
2.821e-09
2.826e-09
2.8311e-09
2.8363e-09
2.8415e-09
2.8468e-09
2.8522e-09
2.8576e-09
2.8631e-09
2.8687e-09
2.8743e-09
2.8801e-09
2.8858e-09
2.8917e-09
2.8976e-09
2.9036e-09
2.9097e-09
2.9158e-09
2.922e-09
2.9283e-09
2.9347e-09
2.9411e-09
2.9476e-09
2.9542e-09
2.9608e-09
2.9676e-09
2.9744e-09
2.9812e-09
2.9882e-09
2.9952e-09
3.0023e-09
3.0095e-09
3.0167e-09
3.0241e-09
3.0315e-09
3.0389e-09
3.0465e-09
3.0541e-09
3.0618e-09
3.0696e-09
3.0775e-09
3.0855e-09
3.0935e-09
3.1016e-09
3.1098e-09
3.1181e-09
3.1264e-09
3.1348e-09
3.1433e-09
3.1519e-09
3.1606e-09
3.1694e-09
3.1782e-09
3.1871e-09
3.1961e-09
3.2052e-09
3.2144e-09
3.2237e-09
3.233e-09
3.2424e-09
3.2519e-09
3.2615e-09
3.2712e-09
3.281e-09
3.2909e-09
3.3008e-09
3.3108e-09
3.321e-09
3.3312e-09
3.3415e-09
3.3519e-09
3.3623e-09
3.3729e-09
3.3836e-09
3.3943e-09
3.4052e-09
3.4161e-09
3.4271e-09
3.4382e-09
3.4495e-09
3.4608e-09
3.4722e-09
3.4836e-09
3.4952e-09
3.5069e-09
3.5187e-09
3.5306e-09
3.5425e-09
3.5546e-09
3.5668e-09
3.579e-09
3.5914e-09
3.6038e-09
3.6164e-09
3.629e-09
3.6418e-09
3.6546e-09
3.6676e-09
3.6806e-09
3.6938e-09
3.707e-09
3.7204e-09
3.7339e-09
3.7474e-09
3.7611e-09
3.7749e-09
3.7887e-09
3.8027e-09
3.8168e-09
3.831e-09
3.8453e-09
3.8597e-09
3.8742e-09
3.8888e-09
3.9036e-09
3.9184e-09
3.9334e-09
3.9484e-09
3.9636e-09
3.9789e-09
3.9942e-09
4.0097e-09
4.0254e-09
4.0411e-09
4.0569e-09
4.0729e-09
4.0889e-09
4.1051e-09
4.1214e-09
4.1378e-09
4.1544e-09
4.171e-09
4.1878e-09
4.2047e-09
4.2217e-09
4.2388e-09
4.256e-09
4.2734e-09
4.2909e-09
4.3085e-09
4.3262e-09
4.344e-09
4.362e-09
4.3801e-09
4.3983e-09
4.4166e-09
4.4351e-09
4.4537e-09
4.4724e-09
4.4913e-09
4.5102e-09
4.5293e-09
4.5486e-09
4.5679e-09
4.5874e-09
4.607e-09
4.6268e-09
4.6467e-09
4.6667e-09
4.6868e-09
4.7071e-09
4.7275e-09
4.7481e-09
4.7687e-09
4.7896e-09
4.8105e-09
4.8316e-09
4.8528e-09
4.8742e-09
4.8957e-09
4.9174e-09
4.9392e-09
4.9611e-09
4.9832e-09
5.0054e-09
5.0277e-09
5.0502e-09
5.0729e-09
5.0957e-09
5.1186e-09
5.1417e-09
5.1649e-09
5.1883e-09
5.2118e-09
5.2355e-09
5.2593e-09
5.2833e-09
5.3074e-09
5.3317e-09
5.3561e-09
5.3807e-09
5.4054e-09
5.4303e-09
5.4554e-09
5.4806e-09
5.506e-09
5.5315e-09
5.5571e-09
5.583e-09
5.609e-09
5.6351e-09
5.6615e-09
5.6879e-09
5.7146e-09
5.7414e-09
5.7684e-09
5.7955e-09
5.8228e-09
5.8503e-09
5.8779e-09
5.9057e-09
5.9337e-09
5.9618e-09
5.9901e-09
6.0186e-09
6.0473e-09
6.0761e-09
6.1051e-09
6.1343e-09
6.1636e-09
6.1932e-09
6.2229e-09
6.2527e-09
6.2828e-09
6.3131e-09
6.3435e-09
6.3741e-09
6.4049e-09
6.4358e-09
6.467e-09
6.4983e-09
6.5298e-09
6.5616e-09
6.5935e-09
6.6255e-09
6.6578e-09
6.6903e-09
6.7229e-09
6.7558e-09
6.7888e-09
6.822e-09
6.8555e-09
6.8891e-09
6.9229e-09
6.9569e-09
6.9911e-09
7.0255e-09
7.0602e-09
7.095e-09
7.13e-09
7.1652e-09
7.2006e-09
7.2362e-09
7.2721e-09
7.3081e-09
7.3443e-09
7.3808e-09
7.4175e-09
7.4543e-09
7.4914e-09
7.5287e-09
7.5662e-09
7.6039e-09
7.6419e-09
7.68e-09
7.7184e-09
7.757e-09
7.7958e-09
7.8348e-09
7.8741e-09
7.9136e-09
7.9533e-09
7.9932e-09
8.0333e-09
8.0737e-09
8.1143e-09
8.1551e-09
8.1962e-09
8.2375e-09
8.279e-09
8.3208e-09
8.3627e-09
8.405e-09
8.4474e-09
8.4901e-09
8.5331e-09
8.5762e-09
8.6197e-09
8.6633e-09
8.7072e-09
8.7514e-09
8.7958e-09
8.8404e-09
8.8853e-09
8.9304e-09
8.9758e-09
9.0214e-09
9.0673e-09
9.1135e-09
9.1599e-09
9.2065e-09
9.2534e-09
9.3006e-09
9.348e-09
9.3957e-09
9.4437e-09
9.4919e-09
9.5403e-09
9.5891e-09
9.6381e-09
9.6874e-09
9.7369e-09
9.7867e-09
9.8368e-09
9.8872e-09
9.9378e-09
9.9887e-09
1.004e-08
1.0091e-08
1.0143e-08
1.0195e-08
1.0247e-08
1.03e-08
1.0353e-08
1.0406e-08
1.0459e-08
1.0513e-08
1.0567e-08
1.0622e-08
1.0676e-08
1.0731e-08
1.0786e-08
1.0842e-08
1.0898e-08
1.0954e-08
1.101e-08
1.1067e-08
1.1124e-08
1.1181e-08
1.1239e-08
1.1297e-08
1.1355e-08
1.1413e-08
1.1472e-08
1.1531e-08
1.1591e-08
1.1651e-08
1.1711e-08
1.1771e-08
1.1832e-08
1.1893e-08
1.1954e-08
1.2016e-08
1.2078e-08
1.214e-08
1.2203e-08
1.2266e-08
1.2329e-08
1.2393e-08
1.2457e-08
1.2522e-08
1.2586e-08
1.2651e-08
1.2717e-08
1.2782e-08
1.2849e-08
1.2915e-08
1.2982e-08
1.3049e-08
1.3116e-08
1.3184e-08
1.3252e-08
1.3321e-08
1.339e-08
1.3459e-08
1.3529e-08
1.3599e-08
1.3669e-08
1.374e-08
1.3811e-08
1.3882e-08
1.3954e-08
1.4026e-08
1.4099e-08
1.4172e-08
1.4245e-08
1.4319e-08
1.4393e-08
1.4467e-08
1.4542e-08
1.4617e-08
1.4693e-08
1.4769e-08
1.4846e-08
1.4922e-08
1.5e-08
1.5077e-08
1.5155e-08
1.5234e-08
1.5312e-08
1.5392e-08
1.5471e-08
1.5551e-08
1.5632e-08
1.5712e-08
1.5794e-08
1.5875e-08
1.5957e-08
1.604e-08
1.6123e-08
1.6206e-08
1.629e-08
1.6374e-08
1.6459e-08
1.6544e-08
1.6629e-08
1.6715e-08
1.6802e-08
1.6888e-08
1.6976e-08
1.7063e-08
1.7152e-08
1.724e-08
1.7329e-08
1.7419e-08
1.7509e-08
1.7599e-08
1.769e-08
1.7781e-08
1.7873e-08
1.7965e-08
1.8058e-08
1.8151e-08
1.8245e-08
1.8339e-08
1.8433e-08
1.8528e-08
1.8624e-08
1.872e-08
1.8816e-08
1.8913e-08
1.9011e-08
1.9109e-08
1.9207e-08
1.9306e-08
1.9405e-08
1.9505e-08
1.9606e-08
1.9707e-08
1.9808e-08
1.991e-08
2.0013e-08
2.0115e-08
2.0219e-08
2.0323e-08
2.0427e-08
2.0532e-08
2.0638e-08
2.0744e-08
2.0851e-08
2.0958e-08
2.1065e-08
2.1174e-08
2.1282e-08
2.1392e-08
2.1501e-08
2.1612e-08
2.1723e-08
2.1834e-08
2.1946e-08
2.2059e-08
2.2172e-08
2.2285e-08
2.24e-08
2.2514e-08
2.263e-08
2.2746e-08
2.2862e-08
2.2979e-08
2.3097e-08
2.3215e-08
2.3334e-08
2.3453e-08
2.3573e-08
2.3694e-08
2.3815e-08
2.3937e-08
2.4059e-08
2.4182e-08
2.4305e-08
2.4429e-08
2.4554e-08
2.468e-08
2.4805e-08
2.4932e-08
2.5059e-08
2.5187e-08
2.5315e-08
2.5445e-08
2.5574e-08
2.5705e-08
2.5835e-08
2.5967e-08
2.6099e-08
2.6232e-08
2.6366e-08
2.65e-08
2.6635e-08
2.677e-08
2.6906e-08
2.7043e-08
2.718e-08
2.7319e-08
2.7457e-08
2.7597e-08
2.7737e-08
2.7878e-08
2.8019e-08
2.8161e-08
2.8304e-08
2.8448e-08
2.8592e-08
2.8737e-08
2.8882e-08
2.9029e-08
2.9176e-08
2.9323e-08
2.9472e-08
2.9621e-08
2.9771e-08
2.9921e-08
3.0073e-08
3.0225e-08
3.0377e-08
3.0531e-08
3.0685e-08
3.084e-08
3.0996e-08
3.1152e-08
3.1309e-08
3.1467e-08
3.1626e-08
3.1785e-08
3.1945e-08
3.2106e-08
3.2268e-08
3.2431e-08
3.2594e-08
3.2758e-08
3.2923e-08
3.3088e-08
3.3255e-08
3.3422e-08
3.359e-08
3.3759e-08
3.3928e-08
3.4099e-08
3.427e-08
3.4442e-08
3.4614e-08
3.4788e-08
3.4962e-08
3.5138e-08
3.5314e-08
3.5491e-08
3.5668e-08
3.5847e-08
3.6026e-08
3.6207e-08
3.6388e-08
3.657e-08
3.6753e-08
3.6936e-08
3.7121e-08
3.7306e-08
3.7492e-08
3.768e-08
3.7868e-08
3.8057e-08
3.8246e-08
3.8437e-08
3.8629e-08
3.8821e-08
3.9014e-08
3.9209e-08
3.9404e-08
3.96e-08
3.9797e-08
3.9995e-08
4.0194e-08
4.0393e-08
4.0594e-08
4.0796e-08
4.0998e-08
4.1202e-08
4.1406e-08
4.1612e-08
4.1818e-08
4.2025e-08
4.2234e-08
4.2443e-08
4.2653e-08
4.2864e-08
4.3076e-08
4.329e-08
4.3504e-08
4.3719e-08
4.3935e-08
4.4152e-08
4.437e-08
4.4589e-08
4.4809e-08
4.5031e-08
4.5253e-08
4.5476e-08
4.57e-08
4.5925e-08
4.6152e-08
4.6379e-08
4.6607e-08
4.6837e-08
4.7067e-08
4.7299e-08
4.7531e-08
4.7765e-08
4.8e-08
4.8235e-08
4.8472e-08
4.871e-08
4.8949e-08
4.9189e-08
4.9431e-08
4.9673e-08
4.9917e-08
5.0161e-08
5.0407e-08
5.0654e-08
5.0901e-08
5.1151e-08
5.1401e-08
5.1652e-08
5.1904e-08
5.2158e-08
5.2413e-08
5.2669e-08
5.2926e-08
5.3184e-08
5.3444e-08
5.3704e-08
5.3966e-08
5.4229e-08
5.4493e-08
5.4758e-08
5.5025e-08
5.5293e-08
5.5562e-08
5.5832e-08
5.6103e-08
5.6376e-08
5.665e-08
5.6925e-08
5.7201e-08
5.7479e-08
5.7758e-08
5.8038e-08
5.8319e-08
5.8602e-08
5.8885e-08
5.9171e-08
5.9457e-08
5.9745e-08
6.0034e-08
6.0324e-08
6.0616e-08
6.0908e-08
6.1203e-08
6.1498e-08
6.1795e-08
6.2093e-08
6.2393e-08
6.2694e-08
6.2996e-08
6.3299e-08
6.3604e-08
6.391e-08
6.4218e-08
6.4527e-08
6.4837e-08
6.5149e-08
6.5462e-08
6.5777e-08
6.6093e-08
6.641e-08
6.6729e-08
6.7049e-08
6.7371e-08
6.7694e-08
6.8018e-08
6.8344e-08
6.8671e-08
6.9e-08
6.933e-08
6.9662e-08
6.9995e-08
7.033e-08
7.0666e-08
7.1003e-08
7.1342e-08
7.1683e-08
7.2025e-08
7.2368e-08
7.2713e-08
7.306e-08
7.3408e-08
7.3758e-08
7.4109e-08
7.4462e-08
7.4816e-08
7.5172e-08
7.5529e-08
7.5888e-08
7.6249e-08
7.6611e-08
7.6974e-08
7.734e-08
7.7707e-08
7.8075e-08
7.8445e-08
7.8817e-08
7.919e-08
7.9565e-08
7.9942e-08
8.032e-08
8.07e-08
8.1081e-08
8.1464e-08
8.1849e-08
8.2236e-08
8.2624e-08
8.3014e-08
8.3406e-08
8.3799e-08
8.4194e-08
8.4591e-08
8.4989e-08
8.5389e-08
8.5791e-08
8.6195e-08
8.66e-08
8.7007e-08
8.7416e-08
8.7827e-08
8.8239e-08
8.8653e-08
8.9069e-08
8.9487e-08
8.9907e-08
9.0328e-08
9.0751e-08
9.1176e-08
9.1603e-08
9.2032e-08
9.2463e-08
9.2895e-08
9.3329e-08
9.3765e-08
9.4203e-08
9.4643e-08
9.5085e-08
9.5529e-08
9.5974e-08
9.6422e-08
9.6871e-08
9.7322e-08
9.7775e-08
9.8231e-08
9.8688e-08
9.9147e-08
9.9608e-08
1.0007e-07
1.0054e-07
1.01e-07
1.0147e-07
1.0194e-07
1.0242e-07
1.0289e-07
1.0337e-07
1.0385e-07
1.0433e-07
1.0481e-07
1.0529e-07
1.0578e-07
1.0627e-07
1.0676e-07
1.0726e-07
1.0775e-07
1.0825e-07
1.0875e-07
1.0925e-07
1.0975e-07
1.1026e-07
1.1077e-07
1.1128e-07
1.1179e-07
1.1231e-07
1.1282e-07
1.1334e-07
1.1386e-07
1.1439e-07
1.1491e-07
1.1544e-07
1.1597e-07
1.165e-07
1.1704e-07
1.1757e-07
1.1811e-07
1.1865e-07
1.1919e-07
1.1974e-07
1.2029e-07
1.2084e-07
1.2139e-07
1.2195e-07
1.225e-07
1.2306e-07
1.2362e-07
1.2419e-07
1.2476e-07
1.2532e-07
1.259e-07
1.2647e-07
1.2704e-07
1.2762e-07
1.282e-07
1.2879e-07
1.2937e-07
1.2996e-07
1.3055e-07
1.3114e-07
1.3174e-07
1.3234e-07
1.3294e-07
1.3354e-07
1.3415e-07
1.3475e-07
1.3536e-07
1.3598e-07
1.3659e-07
1.3721e-07
1.3783e-07
1.3845e-07
1.3908e-07
1.3971e-07
1.4034e-07
1.4097e-07
1.4161e-07
1.4225e-07
1.4289e-07
1.4353e-07
1.4418e-07
1.4483e-07
1.4548e-07
1.4613e-07
1.4679e-07
1.4745e-07
1.4811e-07
1.4878e-07
1.4944e-07
1.5011e-07
1.5079e-07
1.5146e-07
1.5214e-07
1.5282e-07
1.5351e-07
1.542e-07
1.5489e-07
1.5558e-07
1.5627e-07
1.5697e-07
1.5767e-07
1.5838e-07
1.5908e-07
1.5979e-07
1.6051e-07
1.6122e-07
1.6194e-07
1.6266e-07
1.6339e-07
1.6411e-07
1.6484e-07
1.6558e-07
1.6631e-07
1.6705e-07
1.6779e-07
1.6854e-07
1.6929e-07
1.7004e-07
1.7079e-07
1.7155e-07
1.7231e-07
1.7307e-07
1.7384e-07
1.7461e-07
1.7538e-07
1.7616e-07
1.7693e-07
1.7772e-07
1.785e-07
1.7929e-07
1.8008e-07
1.8087e-07
1.8167e-07
1.8247e-07
1.8328e-07
1.8408e-07
1.8489e-07
1.8571e-07
1.8652e-07
1.8734e-07
1.8817e-07
1.8899e-07
1.8982e-07
1.9066e-07
1.9149e-07
1.9233e-07
1.9318e-07
1.9402e-07
1.9487e-07
1.9573e-07
1.9658e-07
1.9744e-07
1.983e-07
1.9917e-07
2.0004e-07
2.0092e-07
2.0179e-07
2.0267e-07
2.0356e-07
2.0444e-07
2.0533e-07
2.0623e-07
2.0713e-07
2.0803e-07
2.0893e-07
2.0984e-07
2.1075e-07
2.1167e-07
2.1259e-07
2.1351e-07
2.1444e-07
2.1537e-07
2.163e-07
2.1724e-07
2.1818e-07
2.1913e-07
2.2008e-07
2.2103e-07
2.2198e-07
2.2294e-07
2.2391e-07
2.2487e-07
2.2584e-07
2.2682e-07
2.278e-07
2.2878e-07
2.2977e-07
2.3076e-07
2.3175e-07
2.3275e-07
2.3375e-07
2.3475e-07
2.3576e-07
2.3678e-07
2.3779e-07
2.3881e-07
2.3984e-07
2.4087e-07
2.419e-07
2.4294e-07
2.4398e-07
2.4502e-07
2.4607e-07
2.4713e-07
2.4818e-07
2.4924e-07
2.5031e-07
2.5138e-07
2.5245e-07
2.5353e-07
2.5461e-07
2.557e-07
2.5679e-07
2.5788e-07
2.5898e-07
2.6008e-07
2.6119e-07
2.623e-07
2.6342e-07
2.6453e-07
2.6566e-07
2.6679e-07
2.6792e-07
2.6906e-07
2.702e-07
2.7134e-07
2.7249e-07
2.7365e-07
2.748e-07
2.7597e-07
2.7713e-07
2.7831e-07
2.7948e-07
2.8066e-07
2.8185e-07
2.8304e-07
2.8423e-07
2.8543e-07
2.8663e-07
2.8784e-07
2.8905e-07
2.9027e-07
2.9149e-07
2.9272e-07
2.9395e-07
2.9518e-07
2.9642e-07
2.9767e-07
2.9892e-07
3.0017e-07
3.0143e-07
3.0269e-07
3.0396e-07
3.0523e-07
3.0651e-07
3.0779e-07
3.0908e-07
3.1037e-07
3.1167e-07
3.1297e-07
3.1428e-07
3.1559e-07
3.1691e-07
3.1823e-07
3.1955e-07
3.2088e-07
3.2222e-07
3.2356e-07
3.2491e-07
3.2626e-07
3.2761e-07
3.2898e-07
3.3034e-07
3.3171e-07
3.3309e-07
3.3447e-07
3.3586e-07
3.3725e-07
3.3865e-07
3.4005e-07
3.4145e-07
3.4287e-07
3.4428e-07
3.4571e-07
3.4714e-07
3.4857e-07
3.5001e-07
3.5145e-07
3.529e-07
3.5435e-07
3.5581e-07
3.5728e-07
3.5875e-07
3.6023e-07
3.6171e-07
3.6319e-07
3.6469e-07
3.6618e-07
3.6769e-07
3.692e-07
3.7071e-07
3.7223e-07
3.7376e-07
3.7529e-07
3.7682e-07
3.7836e-07
3.7991e-07
3.8147e-07
3.8302e-07
3.8459e-07
3.8616e-07
3.8774e-07
3.8932e-07
3.909e-07
3.925e-07
3.941e-07
3.957e-07
3.9731e-07
3.9893e-07
4.0055e-07
4.0218e-07
4.0381e-07
4.0545e-07
4.071e-07
4.0875e-07
4.1041e-07
4.1207e-07
4.1374e-07
4.1542e-07
4.171e-07
4.1879e-07
4.2048e-07
4.2218e-07
4.2389e-07
4.256e-07
4.2732e-07
4.2904e-07
4.3077e-07
4.3251e-07
4.3425e-07
4.36e-07
4.3776e-07
4.3952e-07
4.4129e-07
4.4306e-07
4.4484e-07
4.4663e-07
4.4842e-07
4.5022e-07
4.5203e-07
4.5384e-07
4.5566e-07
4.5748e-07
4.5931e-07
4.6115e-07
4.63e-07
4.6485e-07
4.6671e-07
4.6857e-07
4.7044e-07
4.7232e-07
4.742e-07
4.761e-07
4.7799e-07
4.799e-07
4.8181e-07
4.8373e-07
4.8565e-07
4.8758e-07
4.8952e-07
4.9146e-07
4.9342e-07
4.9537e-07
4.9734e-07
4.9931e-07
5.0129e-07
5.0328e-07
5.0527e-07
5.0727e-07
5.0928e-07
5.1129e-07
5.1331e-07
5.1534e-07
5.1738e-07
5.1942e-07
5.2147e-07
5.2352e-07
5.2559e-07
5.2766e-07
5.2974e-07
5.3182e-07
5.3391e-07
5.3601e-07
5.3812e-07
5.4023e-07
5.4236e-07
5.4448e-07
5.4662e-07
5.4876e-07
5.5091e-07
5.5307e-07
5.5524e-07
5.5741e-07
5.5959e-07
5.6178e-07
5.6398e-07
5.6618e-07
5.6839e-07
5.7061e-07
5.7284e-07
5.7507e-07
5.7731e-07
5.7956e-07
5.8182e-07
5.8408e-07
5.8635e-07
5.8863e-07
5.9092e-07
5.9322e-07
5.9552e-07
5.9783e-07
6.0015e-07
6.0248e-07
6.0481e-07
6.0716e-07
6.0951e-07
6.1187e-07
6.1423e-07
6.1661e-07
6.1899e-07
6.2138e-07
6.2378e-07
6.2619e-07
6.286e-07
6.3103e-07
6.3346e-07
6.359e-07
6.3835e-07
6.408e-07
6.4327e-07
6.4574e-07
6.4822e-07
6.5071e-07
6.5321e-07
6.5572e-07
6.5823e-07
6.6075e-07
6.6329e-07
6.6583e-07
6.6837e-07
6.7093e-07
6.735e-07
6.7607e-07
6.7865e-07
6.8125e-07
6.8385e-07
6.8646e-07
6.8907e-07
6.917e-07
6.9433e-07
6.9698e-07
6.9963e-07
7.0229e-07
7.0496e-07
7.0764e-07
7.1033e-07
7.1303e-07
7.1573e-07
7.1845e-07
7.2117e-07
7.239e-07
7.2664e-07
7.294e-07
7.3216e-07
7.3492e-07
7.377e-07
7.4049e-07
7.4329e-07
7.4609e-07
7.4891e-07
7.5173e-07
7.5456e-07
7.5741e-07
7.6026e-07
7.6312e-07
7.6599e-07
7.6887e-07
7.7176e-07
7.7466e-07
7.7757e-07
7.8049e-07
7.8341e-07
7.8635e-07
7.893e-07
7.9225e-07
7.9522e-07
7.9819e-07
8.0118e-07
8.0417e-07
8.0718e-07
8.1019e-07
8.1322e-07
8.1625e-07
8.1929e-07
8.2235e-07
8.2541e-07
8.2848e-07
8.3157e-07
8.3466e-07
8.3776e-07
8.4087e-07
8.44e-07
8.4713e-07
8.5027e-07
8.5343e-07
8.5659e-07
8.5976e-07
8.6295e-07
8.6614e-07
8.6934e-07
8.7256e-07
8.7578e-07
8.7902e-07
8.8226e-07
8.8552e-07
8.8879e-07
8.9206e-07
8.9535e-07
8.9865e-07
9.0195e-07
9.0527e-07
9.086e-07
9.1194e-07
9.1529e-07
9.1865e-07
9.2202e-07
9.2541e-07
9.288e-07
9.322e-07
9.3562e-07
9.3904e-07
9.4248e-07
9.4592e-07
9.4938e-07
9.5285e-07
9.5633e-07
9.5982e-07
9.6332e-07
9.6683e-07
9.7036e-07
9.7389e-07
9.7744e-07
9.8099e-07
9.8456e-07
9.8814e-07
9.9173e-07
9.9533e-07
9.9894e-07
1.0026e-06
1.0062e-06
1.0098e-06
1.0135e-06
1.0172e-06
1.0209e-06
1.0245e-06
1.0283e-06
1.032e-06
1.0357e-06
1.0394e-06
1.0432e-06
1.0469e-06
1.0507e-06
1.0545e-06
1.0583e-06
1.0621e-06
1.0659e-06
1.0698e-06
1.0736e-06
1.0775e-06
1.0813e-06
1.0852e-06
1.0891e-06
1.093e-06
1.0969e-06
1.1008e-06
1.1048e-06
1.1087e-06
1.1127e-06
1.1167e-06
1.1207e-06
1.1247e-06
1.1287e-06
1.1327e-06
1.1367e-06
1.1408e-06
1.1448e-06
1.1489e-06
1.153e-06
1.1571e-06
1.1612e-06
1.1653e-06
1.1695e-06
1.1736e-06
1.1778e-06
1.1819e-06
1.1861e-06
1.1903e-06
1.1945e-06
1.1988e-06
1.203e-06
1.2072e-06
1.2115e-06
1.2158e-06
1.2201e-06
1.2244e-06
1.2287e-06
1.233e-06
1.2373e-06
1.2417e-06
1.2461e-06
1.2504e-06
1.2548e-06
1.2592e-06
1.2637e-06
1.2681e-06
1.2725e-06
1.277e-06
1.2815e-06
1.2859e-06
1.2904e-06
1.295e-06
1.2995e-06
1.304e-06
1.3086e-06
1.3131e-06
1.3177e-06
1.3223e-06
1.3269e-06
1.3315e-06
1.3362e-06
1.3408e-06
1.3455e-06
1.3501e-06
1.3548e-06
1.3595e-06
1.3642e-06
1.369e-06
1.3737e-06
1.3785e-06
1.3832e-06
1.388e-06
1.3928e-06
1.3976e-06
1.4025e-06
1.4073e-06
1.4121e-06
1.417e-06
1.4219e-06
1.4268e-06
1.4317e-06
1.4366e-06
1.4416e-06
1.4465e-06
1.4515e-06
1.4565e-06
1.4615e-06
1.4665e-06
1.4715e-06
1.4766e-06
1.4816e-06
1.4867e-06
1.4918e-06
1.4969e-06
1.502e-06
1.5071e-06
1.5123e-06
1.5174e-06
1.5226e-06
1.5278e-06
1.533e-06
1.5382e-06
1.5434e-06
1.5487e-06
1.5539e-06
1.5592e-06
1.5645e-06
1.5698e-06
1.5751e-06
1.5805e-06
1.5858e-06
1.5912e-06
1.5966e-06
1.602e-06
1.6074e-06
1.6128e-06
1.6183e-06
1.6237e-06
1.6292e-06
1.6347e-06
1.6402e-06
1.6457e-06
1.6513e-06
1.6568e-06
1.6624e-06
1.668e-06
1.6736e-06
1.6792e-06
1.6848e-06
1.6905e-06
1.6961e-06
1.7018e-06
1.7075e-06
1.7132e-06
1.7189e-06
1.7247e-06
1.7304e-06
1.7362e-06
1.742e-06
1.7478e-06
1.7536e-06
1.7595e-06
1.7653e-06
1.7712e-06
1.7771e-06
1.783e-06
1.7889e-06
1.7949e-06
1.8008e-06
1.8068e-06
1.8128e-06
1.8188e-06
1.8248e-06
1.8308e-06
1.8369e-06
1.843e-06
1.849e-06
1.8551e-06
1.8613e-06
1.8674e-06
1.8736e-06
1.8797e-06
1.8859e-06
1.8921e-06
1.8983e-06
1.9046e-06
1.9108e-06
1.9171e-06
1.9234e-06
1.9297e-06
1.936e-06
1.9424e-06
1.9487e-06
1.9551e-06
1.9615e-06
1.9679e-06
1.9743e-06
1.9808e-06
1.9872e-06
1.9937e-06
2.0002e-06
2.0067e-06
2.0133e-06
2.0198e-06
2.0264e-06
2.033e-06
2.0396e-06
2.0462e-06
2.0528e-06
2.0595e-06
2.0661e-06
2.0728e-06
2.0795e-06
2.0863e-06
2.093e-06
2.0998e-06
2.1066e-06
2.1134e-06
2.1202e-06
2.127e-06
2.1339e-06
2.1407e-06
2.1476e-06
2.1545e-06
2.1615e-06
2.1684e-06
2.1754e-06
2.1823e-06
2.1893e-06
2.1964e-06
2.2034e-06
2.2104e-06
2.2175e-06
2.2246e-06
2.2317e-06
2.2389e-06
2.246e-06
2.2532e-06
2.2604e-06
2.2676e-06
2.2748e-06
2.282e-06
2.2893e-06
2.2966e-06
2.3039e-06
2.3112e-06
2.3185e-06
2.3259e-06
2.3332e-06
2.3406e-06
2.348e-06
2.3555e-06
2.3629e-06
2.3704e-06
2.3779e-06
2.3854e-06
2.3929e-06
2.4005e-06
2.408e-06
2.4156e-06
2.4232e-06
2.4308e-06
2.4385e-06
2.4462e-06
2.4538e-06
2.4615e-06
2.4693e-06
2.477e-06
2.4848e-06
2.4926e-06
2.5004e-06
2.5082e-06
2.516e-06
2.5239e-06
2.5318e-06
2.5397e-06
2.5476e-06
2.5555e-06
2.5635e-06
2.5715e-06
2.5795e-06
2.5875e-06
2.5955e-06
2.6036e-06
2.6117e-06
2.6198e-06
2.6279e-06
2.636e-06
2.6442e-06
2.6524e-06
2.6606e-06
2.6688e-06
2.6771e-06
2.6853e-06
2.6936e-06
2.7019e-06
2.7103e-06
2.7186e-06
2.727e-06
2.7354e-06
2.7438e-06
2.7522e-06
2.7607e-06
2.7691e-06
2.7776e-06
2.7861e-06
2.7947e-06
2.8032e-06
2.8118e-06
2.8204e-06
2.829e-06
2.8377e-06
2.8463e-06
2.855e-06
2.8637e-06
2.8725e-06
2.8812e-06
2.89e-06
2.8988e-06
2.9076e-06
2.9164e-06
2.9253e-06
2.9341e-06
2.943e-06
2.952e-06
2.9609e-06
2.9699e-06
2.9789e-06
2.9879e-06
2.9969e-06
3.0059e-06
3.015e-06
3.0241e-06
3.0332e-06
3.0424e-06
3.0515e-06
3.0607e-06
3.0699e-06
3.0791e-06
3.0884e-06
3.0976e-06
3.1069e-06
3.1163e-06
3.1256e-06
3.135e-06
3.1443e-06
3.1537e-06
3.1632e-06
3.1726e-06
3.1821e-06
3.1916e-06
3.2011e-06
3.2106e-06
3.2202e-06
3.2298e-06
3.2394e-06
3.249e-06
3.2587e-06
3.2683e-06
3.278e-06
3.2877e-06
3.2975e-06
3.3072e-06
3.317e-06
3.3268e-06
3.3367e-06
3.3465e-06
3.3564e-06
3.3663e-06
3.3762e-06
3.3862e-06
3.3962e-06
3.4061e-06
3.4162e-06
3.4262e-06
3.4363e-06
3.4464e-06
3.4565e-06
3.4666e-06
3.4768e-06
3.4869e-06
3.4971e-06
3.5074e-06
3.5176e-06
3.5279e-06
3.5382e-06
3.5485e-06
3.5589e-06
3.5692e-06
3.5796e-06
3.59e-06
3.6005e-06
3.6109e-06
3.6214e-06
3.6319e-06
3.6425e-06
3.653e-06
3.6636e-06
3.6742e-06
3.6848e-06
3.6955e-06
3.7062e-06
3.7169e-06
3.7276e-06
3.7384e-06
3.7491e-06
3.7599e-06
3.7708e-06
3.7816e-06
3.7925e-06
3.8034e-06
3.8143e-06
3.8252e-06
3.8362e-06
3.8472e-06
3.8582e-06
3.8693e-06
3.8803e-06
3.8914e-06
3.9025e-06
3.9137e-06
3.9248e-06
3.936e-06
3.9472e-06
3.9585e-06
3.9697e-06
3.981e-06
3.9923e-06
4.0037e-06
4.015e-06
4.0264e-06
4.0378e-06
4.0493e-06
4.0607e-06
4.0722e-06
4.0837e-06
4.0953e-06
4.1068e-06
4.1184e-06
4.13e-06
4.1417e-06
4.1533e-06
4.165e-06
4.1768e-06
4.1885e-06
4.2003e-06
4.212e-06
4.2239e-06
4.2357e-06
4.2476e-06
4.2595e-06
4.2714e-06
4.2833e-06
4.2953e-06
4.3073e-06
4.3193e-06
4.3313e-06
4.3434e-06
4.3555e-06
4.3676e-06
4.3798e-06
4.392e-06
4.4042e-06
4.4164e-06
4.4286e-06
4.4409e-06
4.4532e-06
4.4655e-06
4.4779e-06
4.4903e-06
4.5027e-06
4.5151e-06
4.5276e-06
4.54e-06
4.5526e-06
4.5651e-06
4.5777e-06
4.5902e-06
4.6029e-06
4.6155e-06
4.6282e-06
4.6409e-06
4.6536e-06
4.6663e-06
4.6791e-06
4.6919e-06
4.7047e-06
4.7176e-06
4.7305e-06
4.7434e-06
4.7563e-06
4.7693e-06
4.7822e-06
4.7952e-06
4.8083e-06
4.8214e-06
4.8344e-06
4.8476e-06
4.8607e-06
4.8739e-06
4.8871e-06
4.9003e-06
4.9135e-06
4.9268e-06
4.9401e-06
4.9535e-06
4.9668e-06
4.9802e-06
4.9936e-06
5.0071e-06
5.0205e-06
5.034e-06
5.0475e-06
5.0611e-06
5.0747e-06
5.0883e-06
5.1019e-06
5.1155e-06
5.1292e-06
5.1429e-06
5.1567e-06
5.1704e-06
5.1842e-06
5.1981e-06
5.2119e-06
5.2258e-06
5.2397e-06
5.2536e-06
5.2676e-06
5.2815e-06
5.2956e-06
5.3096e-06
5.3237e-06
5.3378e-06
5.3519e-06
5.366e-06
5.3802e-06
5.3944e-06
5.4086e-06
5.4229e-06
5.4372e-06
5.4515e-06
5.4658e-06
5.4802e-06
5.4946e-06
5.509e-06
5.5235e-06
5.538e-06
5.5525e-06
5.567e-06
5.5816e-06
5.5962e-06
5.6108e-06
5.6254e-06
5.6401e-06
5.6548e-06
5.6695e-06
5.6843e-06
5.6991e-06
5.7139e-06
5.7287e-06
5.7436e-06
5.7585e-06
5.7734e-06
5.7884e-06
5.8034e-06
5.8184e-06
5.8334e-06
5.8485e-06
5.8636e-06
5.8787e-06
5.8939e-06
5.909e-06
5.9243e-06
5.9395e-06
5.9548e-06
5.9701e-06
5.9854e-06
6.0007e-06
6.0161e-06
6.0315e-06
6.0469e-06
6.0624e-06
6.0779e-06
6.0934e-06
6.109e-06
6.1246e-06
6.1402e-06
6.1558e-06
6.1715e-06
6.1872e-06
6.2029e-06
6.2186e-06
6.2344e-06
6.2502e-06
6.266e-06
6.2819e-06
6.2978e-06
6.3137e-06
6.3297e-06
6.3456e-06
6.3617e-06
6.3777e-06
6.3938e-06
6.4098e-06
6.426e-06
6.4421e-06
6.4583e-06
6.4745e-06
6.4907e-06
6.507e-06
6.5233e-06
6.5396e-06
6.556e-06
6.5724e-06
6.5888e-06
6.6052e-06
6.6217e-06
6.6382e-06
6.6547e-06
6.6713e-06
6.6878e-06
6.7044e-06
6.7211e-06
6.7378e-06
6.7545e-06
6.7712e-06
6.7879e-06
6.8047e-06
6.8215e-06
6.8384e-06
6.8553e-06
6.8722e-06
6.8891e-06
6.9061e-06
6.923e-06
6.9401e-06
6.9571e-06
6.9742e-06
6.9913e-06
7.0084e-06
7.0256e-06
7.0428e-06
7.06e-06
7.0773e-06
7.0945e-06
7.1119e-06
7.1292e-06
7.1466e-06
7.164e-06
7.1814e-06
7.1988e-06
7.2163e-06
7.2338e-06
7.2514e-06
7.269e-06
7.2866e-06
7.3042e-06
7.3219e-06
7.3395e-06
7.3573e-06
7.375e-06
7.3928e-06
7.4106e-06
7.4284e-06
7.4463e-06
7.4642e-06
7.4821e-06
7.5001e-06
7.5181e-06
7.5361e-06
7.5541e-06
7.5722e-06
7.5903e-06
7.6084e-06
7.6266e-06
7.6448e-06
7.663e-06
7.6812e-06
7.6995e-06
7.7178e-06
7.7361e-06
7.7545e-06
7.7729e-06
7.7913e-06
7.8098e-06
7.8283e-06
7.8468e-06
7.8653e-06
7.8839e-06
7.9025e-06
7.9211e-06
7.9398e-06
7.9585e-06
7.9772e-06
7.9959e-06
8.0147e-06
8.0335e-06
8.0523e-06
8.0712e-06
8.0901e-06
8.109e-06
8.128e-06
8.147e-06
8.166e-06
8.185e-06
8.2041e-06
8.2232e-06
8.2423e-06
8.2615e-06
8.2807e-06
8.2999e-06
8.3191e-06
8.3384e-06
8.3577e-06
8.377e-06
8.3964e-06
8.4158e-06
8.4352e-06
8.4547e-06
8.4741e-06
8.4937e-06
8.5132e-06
8.5328e-06
8.5524e-06
8.572e-06
8.5916e-06
8.6113e-06
8.631e-06
8.6508e-06
8.6706e-06
8.6904e-06
8.7102e-06
8.7301e-06
8.75e-06
8.7699e-06
8.7898e-06
8.8098e-06
8.8298e-06
8.8499e-06
8.8699e-06
8.89e-06
8.9101e-06
8.9303e-06
8.9505e-06
8.9707e-06
8.9909e-06
9.0112e-06
9.0315e-06
9.0518e-06
9.0722e-06
9.0926e-06
9.113e-06
9.1334e-06
9.1539e-06
9.1744e-06
9.195e-06
9.2155e-06
9.2361e-06
9.2567e-06
9.2774e-06
9.2981e-06
9.3188e-06
9.3395e-06
9.3603e-06
9.3811e-06
9.4019e-06
9.4228e-06
9.4436e-06
9.4645e-06
9.4855e-06
9.5065e-06
9.5274e-06
9.5485e-06
9.5695e-06
9.5906e-06
9.6117e-06
9.6329e-06
9.654e-06
9.6752e-06
9.6965e-06
9.7177e-06
9.739e-06
9.7603e-06
9.7817e-06
9.803e-06
9.8244e-06
9.8459e-06
9.8673e-06
9.8888e-06
9.9103e-06
9.9319e-06
9.9535e-06
9.9751e-06
9.9967e-06
1.0018e-05
1.004e-05
1.0062e-05
1.0083e-05
1.0105e-05
1.0127e-05
1.0149e-05
1.0171e-05
1.0193e-05
1.0215e-05
1.0237e-05
1.0258e-05
1.028e-05
1.0303e-05
1.0325e-05
1.0347e-05
1.0369e-05
1.0391e-05
1.0413e-05
1.0435e-05
1.0457e-05
1.048e-05
1.0502e-05
1.0524e-05
1.0547e-05
1.0569e-05
1.0591e-05
1.0614e-05
1.0636e-05
1.0659e-05
1.0681e-05
1.0704e-05
1.0726e-05
1.0749e-05
1.0772e-05
1.0794e-05
1.0817e-05
1.084e-05
1.0862e-05
1.0885e-05
1.0908e-05
1.0931e-05
1.0954e-05
1.0976e-05
1.0999e-05
1.1022e-05
1.1045e-05
1.1068e-05
1.1091e-05
1.1114e-05
1.1137e-05
1.116e-05
1.1183e-05
1.1207e-05
1.123e-05
1.1253e-05
1.1276e-05
1.1299e-05
1.1323e-05
1.1346e-05
1.1369e-05
1.1393e-05
1.1416e-05
1.144e-05
1.1463e-05
1.1486e-05
1.151e-05
1.1533e-05
1.1557e-05
1.1581e-05
1.1604e-05
1.1628e-05
1.1651e-05
1.1675e-05
1.1699e-05
1.1723e-05
1.1746e-05
1.177e-05
1.1794e-05
1.1818e-05
1.1842e-05
1.1866e-05
1.189e-05
1.1913e-05
1.1937e-05
1.1961e-05
1.1985e-05
1.201e-05
1.2034e-05
1.2058e-05
1.2082e-05
1.2106e-05
1.213e-05
1.2154e-05
1.2179e-05
1.2203e-05
1.2227e-05
1.2252e-05
1.2276e-05
1.23e-05
1.2325e-05
1.2349e-05
1.2374e-05
1.2398e-05
1.2422e-05
1.2447e-05
1.2472e-05
1.2496e-05
1.2521e-05
1.2545e-05
1.257e-05
1.2595e-05
1.2619e-05
1.2644e-05
1.2669e-05
1.2694e-05
1.2718e-05
1.2743e-05
1.2768e-05
1.2793e-05
1.2818e-05
1.2843e-05
1.2868e-05
1.2893e-05
1.2918e-05
1.2943e-05
1.2968e-05
1.2993e-05
1.3018e-05
1.3043e-05
1.3068e-05
1.3093e-05
1.3119e-05
1.3144e-05
1.3169e-05
1.3194e-05
1.322e-05
1.3245e-05
1.327e-05
1.3296e-05
1.3321e-05
1.3347e-05
1.3372e-05
1.3397e-05
1.3423e-05
1.3448e-05
1.3474e-05
1.35e-05
1.3525e-05
1.3551e-05
1.3576e-05
1.3602e-05
1.3628e-05
1.3653e-05
1.3679e-05
1.3705e-05
1.3731e-05
1.3756e-05
1.3782e-05
1.3808e-05
1.3834e-05
1.386e-05
1.3886e-05
1.3912e-05
1.3938e-05
1.3964e-05
1.399e-05
1.4016e-05
1.4042e-05
1.4068e-05
1.4094e-05
1.412e-05
1.4146e-05
1.4172e-05
1.4198e-05
1.4225e-05
1.4251e-05
1.4277e-05
1.4303e-05
1.433e-05
1.4356e-05
1.4382e-05
1.4409e-05
1.4435e-05
1.4462e-05
1.4488e-05
1.4514e-05
1.4541e-05
1.4567e-05
1.4594e-05
1.462e-05
1.4647e-05
1.4674e-05
1.47e-05
1.4727e-05
1.4753e-05
1.478e-05
1.4807e-05
1.4833e-05
1.486e-05
1.4887e-05
1.4914e-05
1.494e-05
1.4967e-05
1.4994e-05
1.5021e-05
1.5048e-05
1.5075e-05
1.5102e-05
1.5129e-05
1.5155e-05
1.5182e-05
1.5209e-05
1.5236e-05
1.5264e-05
1.5291e-05
1.5318e-05
1.5345e-05
1.5372e-05
1.5399e-05
1.5426e-05
1.5453e-05
1.548e-05
1.5508e-05
1.5535e-05
1.5562e-05
1.5589e-05
1.5617e-05
1.5644e-05
1.5671e-05
1.5699e-05
1.5726e-05
1.5753e-05
1.5781e-05
1.5808e-05
1.5836e-05
1.5863e-05
1.5891e-05
1.5918e-05
1.5946e-05
1.5973e-05
1.6001e-05
1.6028e-05
1.6056e-05
1.6083e-05
1.6111e-05
1.6139e-05
1.6166e-05
1.6194e-05
1.6222e-05
1.6249e-05
1.6277e-05
1.6305e-05
1.6333e-05
1.636e-05
1.6388e-05
1.6416e-05
1.6444e-05
1.6472e-05
1.65e-05
1.6527e-05
1.6555e-05
1.6583e-05
1.6611e-05
1.6639e-05
1.6667e-05
1.6695e-05
1.6723e-05
1.6751e-05
1.6779e-05
1.6807e-05
1.6835e-05
1.6863e-05
1.6891e-05
1.692e-05
1.6948e-05
1.6976e-05
1.7004e-05
1.7032e-05
1.706e-05
1.7089e-05
1.7117e-05
1.7145e-05
1.7173e-05
1.7202e-05
1.723e-05
1.7258e-05
1.7286e-05
1.7315e-05
1.7343e-05
1.7371e-05
1.74e-05
1.7428e-05
1.7457e-05
1.7485e-05
1.7513e-05
1.7542e-05
1.757e-05
1.7599e-05
1.7627e-05
1.7656e-05
1.7684e-05
1.7713e-05
1.7741e-05
1.777e-05
1.7798e-05
1.7827e-05
1.7856e-05
1.7884e-05
1.7913e-05
1.7941e-05
1.797e-05
1.7999e-05
1.8027e-05
1.8056e-05
1.8085e-05
1.8113e-05
1.8142e-05
1.8171e-05
1.82e-05
1.8228e-05
1.8257e-05
1.8286e-05
1.8315e-05
1.8344e-05
1.8372e-05
1.8401e-05
1.843e-05
1.8459e-05
1.8488e-05
1.8517e-05
1.8545e-05
1.8574e-05
1.8603e-05
1.8632e-05
1.8661e-05
1.869e-05
1.8719e-05
1.8748e-05
1.8777e-05
1.8806e-05
1.8835e-05
1.8864e-05
1.8893e-05
1.8922e-05
1.8951e-05
1.898e-05
1.9009e-05
1.9038e-05
1.9067e-05
1.9096e-05
1.9125e-05
1.9154e-05
1.9183e-05
1.9213e-05
1.9242e-05
1.9271e-05
1.93e-05
1.9329e-05
1.9358e-05
1.9387e-05
1.9417e-05
1.9446e-05
1.9475e-05
1.9504e-05
1.9533e-05
1.9563e-05
1.9592e-05
1.9621e-05
1.965e-05
1.9679e-05
1.9709e-05
1.9738e-05
1.9767e-05
1.9796e-05
1.9826e-05
1.9855e-05
1.9884e-05
1.9914e-05
1.9943e-05
1.9972e-05
2.0002e-05
2.0031e-05
2.006e-05
2.009e-05
2.0119e-05
2.0148e-05
2.0178e-05
2.0207e-05
2.0236e-05
2.0266e-05
2.0295e-05
2.0325e-05
2.0354e-05
2.0383e-05
2.0413e-05
2.0442e-05
2.0472e-05
2.0501e-05
2.053e-05
2.056e-05
2.0589e-05
2.0619e-05
2.0648e-05
2.0678e-05
2.0707e-05
2.0736e-05
2.0766e-05
2.0795e-05
2.0825e-05
2.0854e-05
2.0884e-05
2.0913e-05
2.0943e-05
2.0972e-05
2.1002e-05
2.1031e-05
2.1061e-05
2.109e-05
2.112e-05
2.1149e-05
2.1179e-05
2.1208e-05
2.1238e-05
2.1267e-05
2.1297e-05
2.1326e-05
2.1356e-05
2.1385e-05
2.1415e-05
2.1444e-05
2.1474e-05
2.1503e-05
2.1533e-05
2.1562e-05
2.1592e-05
2.1621e-05
2.1651e-05
2.168e-05
2.171e-05
2.1739e-05
2.1769e-05
2.1798e-05
2.1828e-05
2.1857e-05
2.1887e-05
2.1916e-05
2.1946e-05
2.1975e-05
2.2005e-05
2.2035e-05
2.2064e-05
2.2094e-05
2.2123e-05
2.2153e-05
2.2182e-05
2.2212e-05
2.2241e-05
2.2271e-05
2.23e-05
2.233e-05
2.2359e-05
2.2389e-05
2.2418e-05
2.2448e-05
2.2477e-05
2.2507e-05
2.2536e-05
2.2566e-05
2.2595e-05
2.2625e-05
2.2654e-05
2.2684e-05
2.2713e-05
2.2743e-05
2.2772e-05
2.2801e-05
2.2831e-05
2.286e-05
2.289e-05
2.2919e-05
2.2949e-05
2.2978e-05
2.3008e-05
2.3037e-05
2.3066e-05
2.3096e-05
2.3125e-05
2.3155e-05
2.3184e-05
2.3214e-05
2.3243e-05
2.3272e-05
2.3302e-05
2.3331e-05
2.336e-05
2.339e-05
2.3419e-05
2.3449e-05
2.3478e-05
2.3507e-05
2.3537e-05
2.3566e-05
2.3595e-05
2.3625e-05
2.3654e-05
2.3683e-05
2.3712e-05
2.3742e-05
2.3771e-05
2.38e-05
2.383e-05
2.3859e-05
2.3888e-05
2.3917e-05
2.3947e-05
2.3976e-05
2.4005e-05
2.4034e-05
2.4063e-05
2.4093e-05
2.4122e-05
2.4151e-05
2.418e-05
2.4209e-05
2.4239e-05
2.4268e-05
2.4297e-05
2.4326e-05
2.4355e-05
2.4384e-05
2.4413e-05
2.4442e-05
2.4471e-05
2.45e-05
2.4529e-05
2.4559e-05
2.4588e-05
2.4617e-05
2.4646e-05
2.4675e-05
2.4704e-05
2.4733e-05
2.4762e-05
2.479e-05
2.4819e-05
2.4848e-05
2.4877e-05
2.4906e-05
2.4935e-05
2.4964e-05
2.4993e-05
2.5022e-05
2.5051e-05
2.5079e-05
2.5108e-05
2.5137e-05
2.5166e-05
2.5195e-05
2.5223e-05
2.5252e-05
2.5281e-05
2.531e-05
2.5338e-05
2.5367e-05
2.5396e-05
2.5424e-05
2.5453e-05
2.5482e-05
2.551e-05
2.5539e-05
2.5567e-05
2.5596e-05
2.5625e-05
2.5653e-05
2.5682e-05
2.571e-05
2.5739e-05
2.5767e-05
2.5796e-05
2.5824e-05
2.5853e-05
2.5881e-05
2.5909e-05
2.5938e-05
2.5966e-05
2.5995e-05
2.6023e-05
2.6051e-05
2.608e-05
2.6108e-05
2.6136e-05
2.6164e-05
2.6193e-05
2.6221e-05
2.6249e-05
2.6277e-05
2.6305e-05
2.6334e-05
2.6362e-05
2.639e-05
2.6418e-05
2.6446e-05
2.6474e-05
2.6502e-05
2.653e-05
2.6558e-05
2.6586e-05
2.6614e-05
2.6642e-05
2.667e-05
2.6698e-05
2.6726e-05
2.6754e-05
2.6782e-05
2.6809e-05
2.6837e-05
2.6865e-05
2.6893e-05
2.6921e-05
2.6948e-05
2.6976e-05
2.7004e-05
2.7031e-05
2.7059e-05
2.7087e-05
2.7114e-05
2.7142e-05
2.7169e-05
2.7197e-05
2.7224e-05
2.7252e-05
2.7279e-05
2.7307e-05
2.7334e-05
2.7362e-05
2.7389e-05
2.7416e-05
2.7444e-05
2.7471e-05
2.7498e-05
2.7526e-05
2.7553e-05
2.758e-05
2.7607e-05
2.7634e-05
2.7662e-05
2.7689e-05
2.7716e-05
2.7743e-05
2.777e-05
2.7797e-05
2.7824e-05
2.7851e-05
2.7878e-05
2.7905e-05
2.7932e-05
2.7959e-05
2.7985e-05
2.8012e-05
2.8039e-05
2.8066e-05
2.8093e-05
2.8119e-05
2.8146e-05
2.8173e-05
2.8199e-05
2.8226e-05
2.8252e-05
2.8279e-05
2.8306e-05
2.8332e-05
2.8359e-05
2.8385e-05
2.8411e-05
2.8438e-05
2.8464e-05
2.8491e-05
2.8517e-05
2.8543e-05
2.8569e-05
2.8596e-05
2.8622e-05
2.8648e-05
2.8674e-05
2.87e-05
2.8726e-05
2.8753e-05
2.8779e-05
2.8805e-05
2.8831e-05
2.8856e-05
2.8882e-05
2.8908e-05
2.8934e-05
2.896e-05
2.8986e-05
2.9012e-05
2.9037e-05
2.9063e-05
2.9089e-05
2.9114e-05
2.914e-05
2.9166e-05
2.9191e-05
2.9217e-05
2.9242e-05
2.9268e-05
2.9293e-05
2.9318e-05
2.9344e-05
2.9369e-05
2.9394e-05
2.942e-05
2.9445e-05
2.947e-05
2.9495e-05
2.952e-05
2.9545e-05
2.9571e-05
2.9596e-05
2.9621e-05
2.9646e-05
2.9671e-05
2.9695e-05
2.972e-05
2.9745e-05
2.977e-05
2.9795e-05
2.9819e-05
2.9844e-05
2.9869e-05
2.9893e-05
2.9918e-05
2.9943e-05
2.9967e-05
2.9992e-05
3.0016e-05
3.0041e-05
3.0065e-05
3.0089e-05
3.0114e-05
3.0138e-05
3.0162e-05
3.0186e-05
3.0211e-05
3.0235e-05
3.0259e-05
3.0283e-05
3.0307e-05
3.0331e-05
3.0355e-05
3.0379e-05
3.0403e-05
3.0427e-05
3.045e-05
3.0474e-05
3.0498e-05
3.0522e-05
3.0545e-05
3.0569e-05
3.0593e-05
3.0616e-05
3.064e-05
3.0663e-05
3.0687e-05
3.071e-05
3.0733e-05
3.0757e-05
3.078e-05
3.0803e-05
3.0826e-05
3.085e-05
3.0873e-05
3.0896e-05
3.0919e-05
3.0942e-05
3.0965e-05
3.0988e-05
3.1011e-05
3.1033e-05
3.1056e-05
3.1079e-05
3.1102e-05
3.1124e-05
3.1147e-05
3.117e-05
3.1192e-05
3.1215e-05
3.1237e-05
3.126e-05
3.1282e-05
3.1305e-05
3.1327e-05
3.1349e-05
3.1371e-05
3.1394e-05
3.1416e-05
3.1438e-05
3.146e-05
3.1482e-05
3.1504e-05
3.1526e-05
3.1548e-05
3.157e-05
3.1591e-05
3.1613e-05
3.1635e-05
3.1657e-05
3.1678e-05
3.17e-05
3.1721e-05
3.1743e-05
3.1764e-05
3.1786e-05
3.1807e-05
3.1829e-05
3.185e-05
3.1871e-05
3.1892e-05
3.1914e-05
3.1935e-05
3.1956e-05
3.1977e-05
3.1998e-05
3.2019e-05
3.204e-05
3.206e-05
3.2081e-05
3.2102e-05
3.2123e-05
3.2143e-05
3.2164e-05
3.2185e-05
3.2205e-05
3.2226e-05
3.2246e-05
3.2267e-05
3.2287e-05
3.2307e-05
3.2327e-05
3.2348e-05
3.2368e-05
3.2388e-05
3.2408e-05
3.2428e-05
3.2448e-05
3.2468e-05
3.2488e-05
3.2508e-05
3.2527e-05
3.2547e-05
3.2567e-05
3.2587e-05
3.2606e-05
3.2626e-05
3.2645e-05
3.2665e-05
3.2684e-05
3.2703e-05
3.2723e-05
3.2742e-05
3.2761e-05
3.278e-05
3.2799e-05
3.2819e-05
3.2838e-05
3.2856e-05
3.2875e-05
3.2894e-05
3.2913e-05
3.2932e-05
3.2951e-05
3.2969e-05
3.2988e-05
3.3006e-05
3.3025e-05
3.3043e-05
3.3062e-05
3.308e-05
3.3099e-05
3.3117e-05
3.3135e-05
3.3153e-05
3.3171e-05
3.3189e-05
3.3207e-05
3.3225e-05
3.3243e-05
3.3261e-05
3.3279e-05
3.3297e-05
3.3314e-05
3.3332e-05
3.335e-05
3.3367e-05
3.3385e-05
3.3402e-05
3.342e-05
3.3437e-05
3.3454e-05
3.3471e-05
3.3489e-05
3.3506e-05
3.3523e-05
3.354e-05
3.3557e-05
3.3574e-05
3.3591e-05
3.3607e-05
3.3624e-05
3.3641e-05
3.3658e-05
3.3674e-05
3.3691e-05
3.3707e-05
3.3724e-05
3.374e-05
3.3756e-05
3.3773e-05
3.3789e-05
3.3805e-05
3.3821e-05
3.3837e-05
3.3853e-05
3.3869e-05
3.3885e-05
3.3901e-05
3.3917e-05
3.3933e-05
3.3948e-05
3.3964e-05
3.3979e-05
3.3995e-05
3.401e-05
3.4026e-05
3.4041e-05
3.4057e-05
3.4072e-05
3.4087e-05
3.4102e-05
3.4117e-05
3.4132e-05
3.4147e-05
3.4162e-05
3.4177e-05
3.4192e-05
3.4206e-05
3.4221e-05
3.4236e-05
3.425e-05
3.4265e-05
3.4279e-05
3.4294e-05
3.4308e-05
3.4322e-05
3.4337e-05
3.4351e-05
3.4365e-05
3.4379e-05
3.4393e-05
3.4407e-05
3.4421e-05
3.4435e-05
3.4448e-05
3.4462e-05
3.4476e-05
3.4489e-05
3.4503e-05
3.4516e-05
3.453e-05
3.4543e-05
3.4556e-05
3.457e-05
3.4583e-05
3.4596e-05
3.4609e-05
3.4622e-05
3.4635e-05
3.4648e-05
3.4661e-05
3.4674e-05
3.4686e-05
3.4699e-05
3.4712e-05
3.4724e-05
3.4737e-05
3.4749e-05
3.4761e-05
3.4774e-05
3.4786e-05
3.4798e-05
3.481e-05
3.4822e-05
3.4834e-05
3.4846e-05
3.4858e-05
3.487e-05
3.4882e-05
3.4894e-05
3.4905e-05
3.4917e-05
3.4928e-05
3.494e-05
3.4951e-05
3.4963e-05
3.4974e-05
3.4985e-05
3.4996e-05
3.5008e-05
3.5019e-05
3.503e-05
3.504e-05
3.5051e-05
3.5062e-05
3.5073e-05
3.5084e-05
3.5094e-05
3.5105e-05
3.5115e-05
3.5126e-05
3.5136e-05
3.5146e-05
3.5157e-05
3.5167e-05
3.5177e-05
3.5187e-05
3.5197e-05
3.5207e-05
3.5217e-05
3.5227e-05
3.5237e-05
3.5246e-05
3.5256e-05
3.5266e-05
3.5275e-05
3.5285e-05
3.5294e-05
3.5303e-05
3.5313e-05
3.5322e-05
3.5331e-05
3.534e-05
3.5349e-05
3.5358e-05
3.5367e-05
3.5376e-05
3.5384e-05
3.5393e-05
3.5402e-05
3.541e-05
3.5419e-05
3.5427e-05
3.5436e-05
3.5444e-05
3.5452e-05
3.5461e-05
3.5469e-05
3.5477e-05
3.5485e-05
3.5493e-05
3.5501e-05
3.5509e-05
3.5516e-05
3.5524e-05
3.5532e-05
3.5539e-05
3.5547e-05
3.5554e-05
3.5562e-05
3.5569e-05
3.5576e-05
3.5583e-05
3.559e-05
3.5598e-05
3.5605e-05
3.5612e-05
3.5618e-05
3.5625e-05
3.5632e-05
3.5639e-05
3.5645e-05
3.5652e-05
3.5658e-05
3.5665e-05
3.5671e-05
3.5677e-05
3.5684e-05
3.569e-05
3.5696e-05
3.5702e-05
3.5708e-05
3.5714e-05
3.572e-05
3.5725e-05
3.5731e-05
3.5737e-05
3.5742e-05
3.5748e-05
3.5753e-05
3.5759e-05
3.5764e-05
3.5769e-05
3.5775e-05
3.578e-05
3.5785e-05
3.579e-05
3.5795e-05
3.58e-05
3.5805e-05
3.5809e-05
3.5814e-05
3.5819e-05
3.5823e-05
3.5828e-05
3.5832e-05
3.5836e-05
3.5841e-05
3.5845e-05
3.5849e-05
3.5853e-05
3.5857e-05
3.5861e-05
3.5865e-05
3.5869e-05
3.5873e-05
3.5876e-05
3.588e-05
3.5884e-05
3.5887e-05
3.5891e-05
3.5894e-05
3.5897e-05
3.5901e-05
3.5904e-05
3.5907e-05
3.591e-05
3.5913e-05
3.5916e-05
3.5919e-05
3.5922e-05
3.5924e-05
3.5927e-05
3.593e-05
3.5932e-05
3.5935e-05
3.5937e-05
3.5939e-05
3.5942e-05
3.5944e-05
3.5946e-05
3.5948e-05
3.595e-05
3.5952e-05
3.5954e-05
3.5956e-05
3.5957e-05
3.5959e-05
3.5961e-05
3.5962e-05
3.5964e-05
3.5965e-05
3.5966e-05
3.5968e-05
3.5969e-05
3.597e-05
3.5971e-05
3.5972e-05
3.5973e-05
3.5974e-05
3.5975e-05
3.5976e-05
3.5976e-05
3.5977e-05
3.5977e-05
3.5978e-05
3.5978e-05
3.5979e-05
3.5979e-05
3.5979e-05
3.5979e-05
3.598e-05
3.598e-05
3.598e-05
3.5979e-05
3.5979e-05
3.5979e-05
3.5979e-05
3.5978e-05
3.5978e-05
3.5977e-05
3.5977e-05
3.5976e-05
3.5976e-05
3.5975e-05
3.5974e-05
3.5973e-05
3.5972e-05
3.5971e-05
3.597e-05
3.5969e-05
3.5968e-05
3.5966e-05
3.5965e-05
3.5964e-05
3.5962e-05
3.5961e-05
3.5959e-05
3.5957e-05
3.5956e-05
3.5954e-05
3.5952e-05
3.595e-05
3.5948e-05
3.5946e-05
3.5944e-05
3.5941e-05
3.5939e-05
3.5937e-05
3.5934e-05
3.5932e-05
3.5929e-05
3.5927e-05
3.5924e-05
3.5921e-05
3.5919e-05
3.5916e-05
3.5913e-05
3.591e-05
3.5907e-05
3.5904e-05
3.5901e-05
3.5897e-05
3.5894e-05
3.5891e-05
3.5887e-05
3.5884e-05
3.588e-05
3.5876e-05
3.5873e-05
3.5869e-05
3.5865e-05
3.5861e-05
3.5857e-05
3.5853e-05
3.5849e-05
3.5845e-05
3.5841e-05
3.5836e-05
3.5832e-05
3.5828e-05
3.5823e-05
3.5819e-05
3.5814e-05
3.5809e-05
3.5804e-05
3.58e-05
3.5795e-05
3.579e-05
3.5785e-05
3.578e-05
3.5775e-05
3.5769e-05
3.5764e-05
3.5759e-05
3.5753e-05
3.5748e-05
3.5742e-05
3.5737e-05
3.5731e-05
3.5725e-05
3.572e-05
3.5714e-05
3.5708e-05
3.5702e-05
3.5696e-05
3.569e-05
3.5684e-05
3.5677e-05
3.5671e-05
3.5665e-05
3.5658e-05
3.5652e-05
3.5645e-05
3.5639e-05
3.5632e-05
3.5625e-05
3.5618e-05
3.5611e-05
3.5605e-05
3.5598e-05
3.559e-05
3.5583e-05
3.5576e-05
3.5569e-05
3.5562e-05
3.5554e-05
3.5547e-05
3.5539e-05
3.5532e-05
3.5524e-05
3.5516e-05
3.5508e-05
3.5501e-05
3.5493e-05
3.5485e-05
3.5477e-05
3.5469e-05
3.5461e-05
3.5452e-05
3.5444e-05
3.5436e-05
3.5427e-05
3.5419e-05
3.541e-05
3.5402e-05
3.5393e-05
3.5384e-05
3.5376e-05
3.5367e-05
3.5358e-05
3.5349e-05
3.534e-05
3.5331e-05
3.5322e-05
3.5312e-05
3.5303e-05
3.5294e-05
3.5284e-05
3.5275e-05
3.5265e-05
3.5256e-05
3.5246e-05
3.5237e-05
3.5227e-05
3.5217e-05
3.5207e-05
3.5197e-05
3.5187e-05
3.5177e-05
3.5167e-05
3.5157e-05
3.5146e-05
3.5136e-05
3.5126e-05
3.5115e-05
3.5105e-05
3.5094e-05
3.5084e-05
3.5073e-05
3.5062e-05
3.5051e-05
3.504e-05
3.5029e-05
3.5018e-05
3.5007e-05
3.4996e-05
3.4985e-05
3.4974e-05
3.4963e-05
3.4951e-05
3.494e-05
3.4928e-05
3.4917e-05
3.4905e-05
3.4894e-05
3.4882e-05
3.487e-05
3.4858e-05
3.4846e-05
3.4834e-05
3.4822e-05
3.481e-05
3.4798e-05
3.4786e-05
3.4774e-05
3.4761e-05
3.4749e-05
3.4737e-05
3.4724e-05
3.4712e-05
3.4699e-05
3.4686e-05
3.4674e-05
3.4661e-05
3.4648e-05
3.4635e-05
3.4622e-05
3.4609e-05
3.4596e-05
3.4583e-05
3.457e-05
3.4556e-05
3.4543e-05
3.453e-05
3.4516e-05
3.4503e-05
3.4489e-05
3.4476e-05
3.4462e-05
3.4448e-05
3.4434e-05
3.4421e-05
3.4407e-05
3.4393e-05
3.4379e-05
3.4365e-05
3.4351e-05
3.4336e-05
3.4322e-05
3.4308e-05
3.4294e-05
3.4279e-05
3.4265e-05
3.425e-05
3.4236e-05
3.4221e-05
3.4206e-05
3.4192e-05
3.4177e-05
3.4162e-05
3.4147e-05
3.4132e-05
3.4117e-05
3.4102e-05
3.4087e-05
3.4072e-05
3.4056e-05
3.4041e-05
3.4026e-05
3.401e-05
3.3995e-05
3.3979e-05
3.3964e-05
3.3948e-05
3.3932e-05
3.3917e-05
3.3901e-05
3.3885e-05
3.3869e-05
3.3853e-05
3.3837e-05
3.3821e-05
3.3805e-05
3.3789e-05
3.3773e-05
3.3756e-05
3.374e-05
3.3724e-05
3.3707e-05
3.3691e-05
3.3674e-05
3.3658e-05
3.3641e-05
3.3624e-05
3.3607e-05
3.3591e-05
3.3574e-05
3.3557e-05
3.354e-05
3.3523e-05
3.3506e-05
3.3489e-05
3.3471e-05
3.3454e-05
3.3437e-05
3.3419e-05
3.3402e-05
3.3385e-05
3.3367e-05
3.335e-05
3.3332e-05
3.3314e-05
3.3297e-05
3.3279e-05
3.3261e-05
3.3243e-05
3.3225e-05
3.3207e-05
3.3189e-05
3.3171e-05
3.3153e-05
3.3135e-05
3.3117e-05
3.3098e-05
3.308e-05
3.3062e-05
3.3043e-05
3.3025e-05
3.3006e-05
3.2988e-05
3.2969e-05
3.295e-05
3.2932e-05
3.2913e-05
3.2894e-05
3.2875e-05
3.2856e-05
3.2837e-05
3.2818e-05
3.2799e-05
3.278e-05
3.2761e-05
3.2742e-05
3.2723e-05
3.2703e-05
3.2684e-05
3.2664e-05
3.2645e-05
3.2626e-05
3.2606e-05
3.2586e-05
3.2567e-05
3.2547e-05
3.2527e-05
3.2508e-05
3.2488e-05
3.2468e-05
3.2448e-05
3.2428e-05
3.2408e-05
3.2388e-05
3.2368e-05
3.2348e-05
3.2327e-05
3.2307e-05
3.2287e-05
3.2266e-05
3.2246e-05
3.2226e-05
3.2205e-05
3.2185e-05
3.2164e-05
3.2143e-05
3.2123e-05
3.2102e-05
3.2081e-05
3.206e-05
3.2039e-05
3.2019e-05
3.1998e-05
3.1977e-05
3.1956e-05
3.1935e-05
3.1913e-05
3.1892e-05
3.1871e-05
3.185e-05
3.1828e-05
3.1807e-05
3.1786e-05
3.1764e-05
3.1743e-05
3.1721e-05
3.17e-05
3.1678e-05
3.1657e-05
3.1635e-05
3.1613e-05
3.1591e-05
3.157e-05
3.1548e-05
3.1526e-05
3.1504e-05
3.1482e-05
3.146e-05
3.1438e-05
3.1416e-05
3.1393e-05
3.1371e-05
3.1349e-05
3.1327e-05
3.1304e-05
3.1282e-05
3.126e-05
3.1237e-05
3.1215e-05
3.1192e-05
3.117e-05
3.1147e-05
3.1124e-05
3.1102e-05
3.1079e-05
3.1056e-05
3.1033e-05
3.101e-05
3.0988e-05
3.0965e-05
3.0942e-05
3.0919e-05
3.0896e-05
3.0872e-05
3.0849e-05
3.0826e-05
3.0803e-05
3.078e-05
3.0756e-05
3.0733e-05
3.071e-05
3.0686e-05
3.0663e-05
3.0639e-05
3.0616e-05
3.0592e-05
3.0569e-05
3.0545e-05
3.0521e-05
3.0498e-05
3.0474e-05
3.045e-05
3.0426e-05
3.0403e-05
3.0379e-05
3.0355e-05
3.0331e-05
3.0307e-05
3.0283e-05
3.0259e-05
3.0235e-05
3.021e-05
3.0186e-05
3.0162e-05
3.0138e-05
3.0113e-05
3.0089e-05
3.0065e-05
3.004e-05
3.0016e-05
2.9992e-05
2.9967e-05
2.9942e-05
2.9918e-05
2.9893e-05
2.9869e-05
2.9844e-05
2.9819e-05
2.9795e-05
2.977e-05
2.9745e-05
2.972e-05
2.9695e-05
2.967e-05
2.9645e-05
2.962e-05
2.9595e-05
2.957e-05
2.9545e-05
2.952e-05
2.9495e-05
2.947e-05
2.9445e-05
2.9419e-05
2.9394e-05
2.9369e-05
2.9344e-05
2.9318e-05
2.9293e-05
2.9267e-05
2.9242e-05
2.9216e-05
2.9191e-05
2.9165e-05
2.914e-05
2.9114e-05
2.9088e-05
2.9063e-05
2.9037e-05
2.9011e-05
2.8986e-05
2.896e-05
2.8934e-05
2.8908e-05
2.8882e-05
2.8856e-05
2.883e-05
2.8804e-05
2.8778e-05
2.8752e-05
2.8726e-05
2.87e-05
2.8674e-05
2.8648e-05
2.8622e-05
2.8596e-05
2.8569e-05
2.8543e-05
2.8517e-05
2.849e-05
2.8464e-05
2.8438e-05
2.8411e-05
2.8385e-05
2.8358e-05
2.8332e-05
2.8305e-05
2.8279e-05
2.8252e-05
2.8226e-05
2.8199e-05
2.8172e-05
2.8146e-05
2.8119e-05
2.8092e-05
2.8066e-05
2.8039e-05
2.8012e-05
2.7985e-05
2.7958e-05
2.7931e-05
2.7905e-05
2.7878e-05
2.7851e-05
2.7824e-05
2.7797e-05
2.777e-05
2.7743e-05
2.7716e-05
2.7688e-05
2.7661e-05
2.7634e-05
2.7607e-05
2.758e-05
2.7553e-05
2.7525e-05
2.7498e-05
2.7471e-05
2.7443e-05
2.7416e-05
2.7389e-05
2.7361e-05
2.7334e-05
2.7307e-05
2.7279e-05
2.7252e-05
2.7224e-05
2.7197e-05
2.7169e-05
2.7142e-05
2.7114e-05
2.7086e-05
2.7059e-05
2.7031e-05
2.7003e-05
2.6976e-05
2.6948e-05
2.692e-05
2.6893e-05
2.6865e-05
2.6837e-05
2.6809e-05
2.6781e-05
2.6754e-05
2.6726e-05
2.6698e-05
2.667e-05
2.6642e-05
2.6614e-05
2.6586e-05
2.6558e-05
2.653e-05
2.6502e-05
2.6474e-05
2.6446e-05
2.6418e-05
2.639e-05
2.6362e-05
2.6333e-05
2.6305e-05
2.6277e-05
2.6249e-05
2.6221e-05
2.6192e-05
2.6164e-05
2.6136e-05
2.6108e-05
2.6079e-05
2.6051e-05
2.6023e-05
2.5994e-05
2.5966e-05
2.5938e-05
2.5909e-05
2.5881e-05
2.5852e-05
2.5824e-05
2.5795e-05
2.5767e-05
2.5739e-05
2.571e-05
2.5681e-05
2.5653e-05
2.5624e-05
2.5596e-05
2.5567e-05
2.5539e-05
2.551e-05
2.5481e-05
2.5453e-05
2.5424e-05
2.5395e-05
2.5367e-05
2.5338e-05
2.5309e-05
2.5281e-05
2.5252e-05
2.5223e-05
2.5194e-05
2.5166e-05
2.5137e-05
2.5108e-05
2.5079e-05
2.505e-05
2.5021e-05
2.4993e-05
2.4964e-05
2.4935e-05
2.4906e-05
2.4877e-05
2.4848e-05
2.4819e-05
2.479e-05
2.4761e-05
2.4732e-05
2.4703e-05
2.4674e-05
2.4645e-05
2.4616e-05
2.4587e-05
2.4558e-05
2.4529e-05
2.45e-05
2.4471e-05
2.4442e-05
2.4413e-05
2.4384e-05
2.4355e-05
2.4326e-05
2.4297e-05
2.4267e-05
2.4238e-05
2.4209e-05
2.418e-05
2.4151e-05
2.4122e-05
2.4092e-05
2.4063e-05
2.4034e-05
2.4005e-05
2.3976e-05
2.3946e-05
2.3917e-05
2.3888e-05
2.3859e-05
2.3829e-05
2.38e-05
2.3771e-05
2.3742e-05
2.3712e-05
2.3683e-05
2.3654e-05
2.3624e-05
2.3595e-05
2.3566e-05
2.3536e-05
2.3507e-05
2.3478e-05
2.3448e-05
2.3419e-05
2.339e-05
2.336e-05
2.3331e-05
2.3301e-05
2.3272e-05
2.3243e-05
2.3213e-05
2.3184e-05
2.3155e-05
2.3125e-05
2.3096e-05
2.3066e-05
2.3037e-05
2.3007e-05
2.2978e-05
2.2949e-05
2.2919e-05
2.289e-05
2.286e-05
2.2831e-05
2.2801e-05
2.2772e-05
2.2742e-05
2.2713e-05
2.2683e-05
2.2654e-05
2.2624e-05
2.2595e-05
2.2565e-05
2.2536e-05
2.2506e-05
2.2477e-05
2.2447e-05
2.2418e-05
2.2388e-05
2.2359e-05
2.2329e-05
2.23e-05
2.227e-05
2.2241e-05
2.2211e-05
2.2182e-05
2.2152e-05
2.2123e-05
2.2093e-05
2.2064e-05
2.2034e-05
2.2005e-05
2.1975e-05
2.1946e-05
2.1916e-05
2.1887e-05
2.1857e-05
2.1828e-05
2.1798e-05
2.1769e-05
2.1739e-05
2.171e-05
2.168e-05
2.1651e-05
2.1621e-05
2.1591e-05
2.1562e-05
2.1532e-05
2.1503e-05
2.1473e-05
2.1444e-05
2.1414e-05
2.1385e-05
2.1355e-05
2.1326e-05
2.1296e-05
2.1267e-05
2.1237e-05
2.1208e-05
2.1178e-05
2.1149e-05
2.1119e-05
2.109e-05
2.106e-05
2.1031e-05
2.1001e-05
2.0972e-05
2.0942e-05
2.0913e-05
2.0883e-05
2.0854e-05
2.0825e-05
2.0795e-05
2.0766e-05
2.0736e-05
2.0707e-05
2.0677e-05
2.0648e-05
2.0618e-05
2.0589e-05
2.056e-05
2.053e-05
2.0501e-05
2.0471e-05
2.0442e-05
2.0412e-05
2.0383e-05
2.0354e-05
2.0324e-05
2.0295e-05
2.0266e-05
2.0236e-05
2.0207e-05
2.0177e-05
2.0148e-05
2.0119e-05
2.0089e-05
2.006e-05
2.0031e-05
2.0001e-05
1.9972e-05
1.9943e-05
1.9913e-05
1.9884e-05
1.9855e-05
1.9826e-05
1.9796e-05
1.9767e-05
1.9738e-05
1.9708e-05
1.9679e-05
1.965e-05
1.9621e-05
1.9592e-05
1.9562e-05
1.9533e-05
1.9504e-05
1.9475e-05
1.9446e-05
1.9416e-05
1.9387e-05
1.9358e-05
1.9329e-05
1.93e-05
1.9271e-05
1.9241e-05
1.9212e-05
1.9183e-05
1.9154e-05
1.9125e-05
1.9096e-05
1.9067e-05
1.9038e-05
1.9009e-05
1.898e-05
1.8951e-05
1.8922e-05
1.8893e-05
1.8864e-05
1.8835e-05
1.8806e-05
1.8777e-05
1.8748e-05
1.8719e-05
1.869e-05
1.8661e-05
1.8632e-05
1.8603e-05
1.8574e-05
1.8545e-05
1.8516e-05
1.8487e-05
1.8459e-05
1.843e-05
1.8401e-05
1.8372e-05
1.8343e-05
1.8314e-05
1.8286e-05
1.8257e-05
1.8228e-05
1.8199e-05
1.8171e-05
1.8142e-05
1.8113e-05
1.8085e-05
1.8056e-05
1.8027e-05
1.7998e-05
1.797e-05
1.7941e-05
1.7913e-05
1.7884e-05
1.7855e-05
1.7827e-05
1.7798e-05
1.777e-05
1.7741e-05
1.7713e-05
1.7684e-05
1.7656e-05
1.7627e-05
1.7599e-05
1.757e-05
1.7542e-05
1.7513e-05
1.7485e-05
1.7456e-05
1.7428e-05
1.74e-05
1.7371e-05
1.7343e-05
1.7315e-05
1.7286e-05
1.7258e-05
1.723e-05
1.7201e-05
1.7173e-05
1.7145e-05
1.7117e-05
1.7088e-05
1.706e-05
1.7032e-05
1.7004e-05
1.6976e-05
1.6947e-05
1.6919e-05
1.6891e-05
1.6863e-05
1.6835e-05
1.6807e-05
1.6779e-05
1.6751e-05
1.6723e-05
1.6695e-05
1.6667e-05
1.6639e-05
1.6611e-05
1.6583e-05
1.6555e-05
1.6527e-05
1.6499e-05
1.6472e-05
1.6444e-05
1.6416e-05
1.6388e-05
1.636e-05
1.6332e-05
1.6305e-05
1.6277e-05
1.6249e-05
1.6222e-05
1.6194e-05
1.6166e-05
1.6138e-05
1.6111e-05
1.6083e-05
1.6056e-05
1.6028e-05
1.6e-05
1.5973e-05
1.5945e-05
1.5918e-05
1.589e-05
1.5863e-05
1.5835e-05
1.5808e-05
1.5781e-05
1.5753e-05
1.5726e-05
1.5698e-05
1.5671e-05
1.5644e-05
1.5617e-05
1.5589e-05
1.5562e-05
1.5535e-05
1.5507e-05
1.548e-05
1.5453e-05
1.5426e-05
1.5399e-05
1.5372e-05
1.5345e-05
1.5317e-05
1.529e-05
1.5263e-05
1.5236e-05
1.5209e-05
1.5182e-05
1.5155e-05
1.5128e-05
1.5101e-05
1.5074e-05
1.5048e-05
1.5021e-05
1.4994e-05
1.4967e-05
1.494e-05
1.4913e-05
1.4887e-05
1.486e-05
1.4833e-05
1.4807e-05
1.478e-05
1.4753e-05
1.4727e-05
1.47e-05
1.4673e-05
1.4647e-05
1.462e-05
1.4594e-05
1.4567e-05
1.4541e-05
1.4514e-05
1.4488e-05
1.4461e-05
1.4435e-05
1.4409e-05
1.4382e-05
1.4356e-05
1.433e-05
1.4303e-05
1.4277e-05
1.4251e-05
1.4224e-05
1.4198e-05
1.4172e-05
1.4146e-05
1.412e-05
1.4094e-05
1.4068e-05
1.4041e-05
1.4015e-05
1.3989e-05
1.3963e-05
1.3937e-05
1.3911e-05
1.3886e-05
1.386e-05
1.3834e-05
1.3808e-05
1.3782e-05
1.3756e-05
1.373e-05
1.3705e-05
1.3679e-05
1.3653e-05
1.3627e-05
1.3602e-05
1.3576e-05
1.3551e-05
1.3525e-05
1.3499e-05
1.3474e-05
1.3448e-05
1.3423e-05
1.3397e-05
1.3372e-05
1.3346e-05
1.3321e-05
1.3296e-05
1.327e-05
1.3245e-05
1.3219e-05
1.3194e-05
1.3169e-05
1.3144e-05
1.3118e-05
1.3093e-05
1.3068e-05
1.3043e-05
1.3018e-05
1.2993e-05
1.2968e-05
1.2943e-05
1.2918e-05
1.2893e-05
1.2868e-05
1.2843e-05
1.2818e-05
1.2793e-05
1.2768e-05
1.2743e-05
1.2718e-05
1.2693e-05
1.2669e-05
1.2644e-05
1.2619e-05
1.2594e-05
1.257e-05
1.2545e-05
1.2521e-05
1.2496e-05
1.2471e-05
1.2447e-05
1.2422e-05
1.2398e-05
1.2373e-05
1.2349e-05
1.2324e-05
1.23e-05
1.2276e-05
1.2251e-05
1.2227e-05
1.2203e-05
1.2178e-05
1.2154e-05
1.213e-05
1.2106e-05
1.2082e-05
1.2058e-05
1.2033e-05
1.2009e-05
1.1985e-05
1.1961e-05
1.1937e-05
1.1913e-05
1.1889e-05
1.1865e-05
1.1842e-05
1.1818e-05
1.1794e-05
1.177e-05
1.1746e-05
1.1722e-05
1.1699e-05
1.1675e-05
1.1651e-05
1.1628e-05
1.1604e-05
1.158e-05
1.1557e-05
1.1533e-05
1.151e-05
1.1486e-05
1.1463e-05
1.1439e-05
1.1416e-05
1.1393e-05
1.1369e-05
1.1346e-05
1.1323e-05
1.1299e-05
1.1276e-05
1.1253e-05
1.123e-05
1.1206e-05
1.1183e-05
1.116e-05
1.1137e-05
1.1114e-05
1.1091e-05
1.1068e-05
1.1045e-05
1.1022e-05
1.0999e-05
1.0976e-05
1.0953e-05
1.0931e-05
1.0908e-05
1.0885e-05
1.0862e-05
1.0839e-05
1.0817e-05
1.0794e-05
1.0771e-05
1.0749e-05
1.0726e-05
1.0704e-05
1.0681e-05
1.0659e-05
1.0636e-05
1.0614e-05
1.0591e-05
1.0569e-05
1.0546e-05
1.0524e-05
1.0502e-05
1.048e-05
1.0457e-05
1.0435e-05
1.0413e-05
1.0391e-05
1.0369e-05
1.0346e-05
1.0324e-05
1.0302e-05
1.028e-05
1.0258e-05
1.0236e-05
1.0214e-05
1.0192e-05
1.0171e-05
1.0149e-05
1.0127e-05
1.0105e-05
1.0083e-05
1.0062e-05
1.004e-05
1.0018e-05
9.9965e-06
9.9749e-06
9.9533e-06
9.9317e-06
9.9102e-06
9.8886e-06
9.8672e-06
9.8457e-06
9.8243e-06
9.8029e-06
9.7815e-06
9.7602e-06
9.7388e-06
9.7176e-06
9.6963e-06
9.6751e-06
9.6539e-06
9.6327e-06
9.6116e-06
9.5904e-06
9.5694e-06
9.5483e-06
9.5273e-06
9.5063e-06
9.4853e-06
9.4644e-06
9.4435e-06
9.4226e-06
9.4017e-06
9.3809e-06
9.3601e-06
9.3393e-06
9.3186e-06
9.2979e-06
9.2772e-06
9.2566e-06
9.2359e-06
9.2154e-06
9.1948e-06
9.1743e-06
9.1538e-06
9.1333e-06
9.1128e-06
9.0924e-06
9.072e-06
9.0517e-06
9.0313e-06
9.011e-06
8.9908e-06
8.9705e-06
8.9503e-06
8.9301e-06
8.91e-06
8.8898e-06
8.8698e-06
8.8497e-06
8.8296e-06
8.8096e-06
8.7897e-06
8.7697e-06
8.7498e-06
8.7299e-06
8.71e-06
8.6902e-06
8.6704e-06
8.6506e-06
8.6309e-06
8.6112e-06
8.5915e-06
8.5718e-06
8.5522e-06
8.5326e-06
8.513e-06
8.4935e-06
8.474e-06
8.4545e-06
8.435e-06
8.4156e-06
8.3962e-06
8.3769e-06
8.3575e-06
8.3382e-06
8.319e-06
8.2997e-06
8.2805e-06
8.2613e-06
8.2421e-06
8.223e-06
8.2039e-06
8.1848e-06
8.1658e-06
8.1468e-06
8.1278e-06
8.1089e-06
8.0899e-06
8.071e-06
8.0522e-06
8.0333e-06
8.0145e-06
7.9958e-06
7.977e-06
7.9583e-06
7.9396e-06
7.921e-06
7.9023e-06
7.8837e-06
7.8652e-06
7.8466e-06
7.8281e-06
7.8096e-06
7.7912e-06
7.7727e-06
7.7544e-06
7.736e-06
7.7177e-06
7.6994e-06
7.6811e-06
7.6628e-06
7.6446e-06
7.6264e-06
7.6083e-06
7.5901e-06
7.572e-06
7.554e-06
7.5359e-06
7.5179e-06
7.4999e-06
7.482e-06
7.464e-06
7.4462e-06
7.4283e-06
7.4104e-06
7.3926e-06
7.3749e-06
7.3571e-06
7.3394e-06
7.3217e-06
7.304e-06
7.2864e-06
7.2688e-06
7.2512e-06
7.2337e-06
7.2162e-06
7.1987e-06
7.1812e-06
7.1638e-06
7.1464e-06
7.129e-06
7.1117e-06
7.0944e-06
7.0771e-06
7.0599e-06
7.0426e-06
7.0254e-06
7.0083e-06
6.9911e-06
6.974e-06
6.957e-06
6.9399e-06
6.9229e-06
6.9059e-06
6.8889e-06
6.872e-06
6.8551e-06
6.8382e-06
6.8214e-06
6.8046e-06
6.7878e-06
6.771e-06
6.7543e-06
6.7376e-06
6.7209e-06
6.7043e-06
6.6877e-06
6.6711e-06
6.6546e-06
6.638e-06
6.6215e-06
6.6051e-06
6.5886e-06
6.5722e-06
6.5558e-06
6.5395e-06
6.5232e-06
6.5069e-06
6.4906e-06
6.4744e-06
6.4582e-06
6.442e-06
6.4258e-06
6.4097e-06
6.3936e-06
6.3775e-06
6.3615e-06
6.3455e-06
6.3295e-06
6.3136e-06
6.2977e-06
6.2818e-06
6.2659e-06
6.2501e-06
6.2343e-06
6.2185e-06
6.2027e-06
6.187e-06
6.1713e-06
6.1557e-06
6.14e-06
6.1244e-06
6.1088e-06
6.0933e-06
6.0778e-06
6.0623e-06
6.0468e-06
6.0314e-06
6.016e-06
6.0006e-06
5.9852e-06
5.9699e-06
5.9546e-06
5.9394e-06
5.9241e-06
5.9089e-06
5.8937e-06
5.8786e-06
5.8635e-06
5.8484e-06
5.8333e-06
5.8182e-06
5.8032e-06
5.7883e-06
5.7733e-06
5.7584e-06
5.7435e-06
5.7286e-06
5.7138e-06
5.6989e-06
5.6842e-06
5.6694e-06
5.6547e-06
5.64e-06
5.6253e-06
5.6106e-06
5.596e-06
5.5814e-06
5.5669e-06
5.5523e-06
5.5378e-06
5.5233e-06
5.5089e-06
5.4945e-06
5.4801e-06
5.4657e-06
5.4514e-06
5.437e-06
5.4228e-06
5.4085e-06
5.3943e-06
5.3801e-06
5.3659e-06
5.3517e-06
5.3376e-06
5.3235e-06
5.3095e-06
5.2954e-06
5.2814e-06
5.2674e-06
5.2535e-06
5.2395e-06
5.2256e-06
5.2118e-06
5.1979e-06
5.1841e-06
5.1703e-06
5.1566e-06
5.1428e-06
5.1291e-06
5.1154e-06
5.1018e-06
5.0881e-06
5.0745e-06
5.061e-06
5.0474e-06
5.0339e-06
5.0204e-06
5.0069e-06
4.9935e-06
4.9801e-06
4.9667e-06
4.9533e-06
4.94e-06
4.9267e-06
4.9134e-06
4.9002e-06
4.887e-06
4.8738e-06
4.8606e-06
4.8474e-06
4.8343e-06
4.8212e-06
4.8082e-06
4.7951e-06
4.7821e-06
4.7691e-06
4.7562e-06
4.7432e-06
4.7303e-06
4.7175e-06
4.7046e-06
4.6918e-06
4.679e-06
4.6662e-06
4.6535e-06
4.6407e-06
4.6281e-06
4.6154e-06
4.6027e-06
4.5901e-06
4.5775e-06
4.565e-06
4.5524e-06
4.5399e-06
4.5275e-06
4.515e-06
4.5026e-06
4.4902e-06
4.4778e-06
4.4654e-06
4.4531e-06
4.4408e-06
4.4285e-06
4.4163e-06
4.404e-06
4.3918e-06
4.3797e-06
4.3675e-06
4.3554e-06
4.3433e-06
4.3312e-06
4.3192e-06
4.3072e-06
4.2952e-06
4.2832e-06
4.2713e-06
4.2593e-06
4.2475e-06
4.2356e-06
4.2238e-06
4.2119e-06
4.2001e-06
4.1884e-06
4.1766e-06
4.1649e-06
4.1532e-06
4.1416e-06
4.1299e-06
4.1183e-06
4.1067e-06
4.0952e-06
4.0836e-06
4.0721e-06
4.0606e-06
4.0492e-06
4.0377e-06
4.0263e-06
4.0149e-06
4.0036e-06
3.9922e-06
3.9809e-06
3.9696e-06
3.9584e-06
3.9471e-06
3.9359e-06
3.9247e-06
3.9136e-06
3.9024e-06
3.8913e-06
3.8802e-06
3.8692e-06
3.8581e-06
3.8471e-06
3.8361e-06
3.8251e-06
3.8142e-06
3.8033e-06
3.7924e-06
3.7815e-06
3.7707e-06
3.7598e-06
3.749e-06
3.7383e-06
3.7275e-06
3.7168e-06
3.7061e-06
3.6954e-06
3.6847e-06
3.6741e-06
3.6635e-06
3.6529e-06
3.6424e-06
3.6318e-06
3.6213e-06
3.6108e-06
3.6004e-06
3.5899e-06
3.5795e-06
3.5691e-06
3.5588e-06
3.5484e-06
3.5381e-06
3.5278e-06
3.5175e-06
3.5073e-06
3.497e-06
3.4868e-06
3.4767e-06
3.4665e-06
3.4564e-06
3.4463e-06
3.4362e-06
3.4261e-06
3.4161e-06
3.4061e-06
3.3961e-06
3.3861e-06
3.3761e-06
3.3662e-06
3.3563e-06
3.3464e-06
3.3366e-06
3.3267e-06
3.3169e-06
3.3071e-06
3.2974e-06
3.2876e-06
3.2779e-06
3.2682e-06
3.2586e-06
3.2489e-06
3.2393e-06
3.2297e-06
3.2201e-06
3.2105e-06
3.201e-06
3.1915e-06
3.182e-06
3.1725e-06
3.1631e-06
3.1536e-06
3.1442e-06
3.1349e-06
3.1255e-06
3.1162e-06
3.1069e-06
3.0976e-06
3.0883e-06
3.079e-06
3.0698e-06
3.0606e-06
3.0514e-06
3.0423e-06
3.0331e-06
3.024e-06
3.0149e-06
3.0059e-06
2.9968e-06
2.9878e-06
2.9788e-06
2.9698e-06
2.9608e-06
2.9519e-06
2.943e-06
2.9341e-06
2.9252e-06
2.9163e-06
2.9075e-06
2.8987e-06
2.8899e-06
2.8811e-06
2.8724e-06
2.8636e-06
2.8549e-06
2.8463e-06
2.8376e-06
2.829e-06
2.8203e-06
2.8117e-06
2.8032e-06
2.7946e-06
2.7861e-06
2.7775e-06
2.7691e-06
2.7606e-06
2.7521e-06
2.7437e-06
2.7353e-06
2.7269e-06
2.7185e-06
2.7102e-06
2.7018e-06
2.6935e-06
2.6853e-06
2.677e-06
2.6687e-06
2.6605e-06
2.6523e-06
2.6441e-06
2.636e-06
2.6278e-06
2.6197e-06
2.6116e-06
2.6035e-06
2.5955e-06
2.5874e-06
2.5794e-06
2.5714e-06
2.5634e-06
2.5554e-06
2.5475e-06
2.5396e-06
2.5317e-06
2.5238e-06
2.5159e-06
2.5081e-06
2.5003e-06
2.4925e-06
2.4847e-06
2.4769e-06
2.4692e-06
2.4615e-06
2.4538e-06
2.4461e-06
2.4384e-06
2.4308e-06
2.4231e-06
2.4155e-06
2.408e-06
2.4004e-06
2.3928e-06
2.3853e-06
2.3778e-06
2.3703e-06
2.3628e-06
2.3554e-06
2.348e-06
2.3406e-06
2.3332e-06
2.3258e-06
2.3184e-06
2.3111e-06
2.3038e-06
2.2965e-06
2.2892e-06
2.2819e-06
2.2747e-06
2.2675e-06
2.2603e-06
2.2531e-06
2.2459e-06
2.2388e-06
2.2317e-06
2.2245e-06
2.2175e-06
2.2104e-06
2.2033e-06
2.1963e-06
2.1893e-06
2.1823e-06
2.1753e-06
2.1683e-06
2.1614e-06
2.1545e-06
2.1476e-06
2.1407e-06
2.1338e-06
2.1269e-06
2.1201e-06
2.1133e-06
2.1065e-06
2.0997e-06
2.0929e-06
2.0862e-06
2.0795e-06
2.0728e-06
2.0661e-06
2.0594e-06
2.0527e-06
2.0461e-06
2.0395e-06
2.0329e-06
2.0263e-06
2.0197e-06
2.0132e-06
2.0067e-06
2.0001e-06
1.9936e-06
1.9872e-06
1.9807e-06
1.9743e-06
1.9678e-06
1.9614e-06
1.955e-06
1.9487e-06
1.9423e-06
1.936e-06
1.9296e-06
1.9233e-06
1.917e-06
1.9108e-06
1.9045e-06
1.8983e-06
1.8921e-06
1.8859e-06
1.8797e-06
1.8735e-06
1.8673e-06
1.8612e-06
1.8551e-06
1.849e-06
1.8429e-06
1.8368e-06
1.8308e-06
1.8247e-06
1.8187e-06
1.8127e-06
1.8067e-06
1.8008e-06
1.7948e-06
1.7889e-06
1.7829e-06
1.777e-06
1.7711e-06
1.7653e-06
1.7594e-06
1.7536e-06
1.7478e-06
1.742e-06
1.7362e-06
1.7304e-06
1.7246e-06
1.7189e-06
1.7132e-06
1.7074e-06
1.7017e-06
1.6961e-06
1.6904e-06
1.6848e-06
1.6791e-06
1.6735e-06
1.6679e-06
1.6623e-06
1.6568e-06
1.6512e-06
1.6457e-06
1.6401e-06
1.6346e-06
1.6291e-06
1.6237e-06
1.6182e-06
1.6128e-06
1.6073e-06
1.6019e-06
1.5965e-06
1.5911e-06
1.5858e-06
1.5804e-06
1.5751e-06
1.5698e-06
1.5644e-06
1.5592e-06
1.5539e-06
1.5486e-06
1.5434e-06
1.5381e-06
1.5329e-06
1.5277e-06
1.5225e-06
1.5174e-06
1.5122e-06
1.5071e-06
1.5019e-06
1.4968e-06
1.4917e-06
1.4866e-06
1.4816e-06
1.4765e-06
1.4715e-06
1.4664e-06
1.4614e-06
1.4564e-06
1.4514e-06
1.4465e-06
1.4415e-06
1.4366e-06
1.4317e-06
1.4267e-06
1.4218e-06
1.417e-06
1.4121e-06
1.4072e-06
1.4024e-06
1.3976e-06
1.3928e-06
1.388e-06
1.3832e-06
1.3784e-06
1.3737e-06
1.3689e-06
1.3642e-06
1.3595e-06
1.3548e-06
1.3501e-06
1.3454e-06
1.3407e-06
1.3361e-06
1.3315e-06
1.3269e-06
1.3222e-06
1.3177e-06
1.3131e-06
1.3085e-06
1.304e-06
1.2994e-06
1.2949e-06
1.2904e-06
1.2859e-06
1.2814e-06
1.2769e-06
1.2725e-06
1.268e-06
1.2636e-06
1.2592e-06
1.2548e-06
1.2504e-06
1.246e-06
1.2417e-06
1.2373e-06
1.233e-06
1.2286e-06
1.2243e-06
1.22e-06
1.2157e-06
1.2115e-06
1.2072e-06
1.2029e-06
1.1987e-06
1.1945e-06
1.1903e-06
1.1861e-06
1.1819e-06
1.1777e-06
1.1736e-06
1.1694e-06
1.1653e-06
1.1612e-06
1.157e-06
1.1529e-06
1.1489e-06
1.1448e-06
1.1407e-06
1.1367e-06
1.1326e-06
1.1286e-06
1.1246e-06
1.1206e-06
1.1166e-06
1.1126e-06
1.1087e-06
1.1047e-06
1.1008e-06
1.0969e-06
1.0929e-06
1.089e-06
1.0852e-06
1.0813e-06
1.0774e-06
1.0736e-06
1.0697e-06
1.0659e-06
1.0621e-06
1.0583e-06
1.0545e-06
1.0507e-06
1.0469e-06
1.0431e-06
1.0394e-06
1.0356e-06
1.0319e-06
1.0282e-06
1.0245e-06
1.0208e-06
1.0171e-06
1.0135e-06
1.0098e-06
1.0062e-06
1.0025e-06
9.989e-07
9.9529e-07
9.9169e-07
9.881e-07
9.8452e-07
9.8095e-07
9.7739e-07
9.7385e-07
9.7031e-07
9.6679e-07
9.6328e-07
9.5978e-07
9.5629e-07
9.5281e-07
9.4934e-07
9.4588e-07
9.4244e-07
9.39e-07
9.3557e-07
9.3216e-07
9.2876e-07
9.2536e-07
9.2198e-07
9.1861e-07
9.1525e-07
9.119e-07
9.0856e-07
9.0523e-07
9.0191e-07
8.9861e-07
8.9531e-07
8.9202e-07
8.8875e-07
8.8548e-07
8.8222e-07
8.7898e-07
8.7574e-07
8.7252e-07
8.6931e-07
8.661e-07
8.6291e-07
8.5972e-07
8.5655e-07
8.5339e-07
8.5023e-07
8.4709e-07
8.4396e-07
8.4083e-07
8.3772e-07
8.3462e-07
8.3153e-07
8.2844e-07
8.2537e-07
8.2231e-07
8.1925e-07
8.1621e-07
8.1318e-07
8.1015e-07
8.0714e-07
8.0413e-07
8.0114e-07
7.9815e-07
7.9518e-07
7.9221e-07
7.8926e-07
7.8631e-07
7.8337e-07
7.8045e-07
7.7753e-07
7.7462e-07
7.7172e-07
7.6883e-07
7.6595e-07
7.6308e-07
7.6022e-07
7.5737e-07
7.5453e-07
7.5169e-07
7.4887e-07
7.4605e-07
7.4325e-07
7.4045e-07
7.3767e-07
7.3489e-07
7.3212e-07
7.2936e-07
7.2661e-07
7.2387e-07
7.2113e-07
7.1841e-07
7.157e-07
7.1299e-07
7.1029e-07
7.076e-07
7.0493e-07
7.0226e-07
6.9959e-07
6.9694e-07
6.943e-07
6.9166e-07
6.8904e-07
6.8642e-07
6.8381e-07
6.8121e-07
6.7862e-07
6.7604e-07
6.7346e-07
6.709e-07
6.6834e-07
6.6579e-07
6.6325e-07
6.6072e-07
6.582e-07
6.5568e-07
6.5317e-07
6.5068e-07
6.4819e-07
6.4571e-07
6.4323e-07
6.4077e-07
6.3831e-07
6.3586e-07
6.3342e-07
6.3099e-07
6.2857e-07
6.2615e-07
6.2375e-07
6.2135e-07
6.1896e-07
6.1657e-07
6.142e-07
6.1183e-07
6.0947e-07
6.0712e-07
6.0478e-07
6.0244e-07
6.0012e-07
5.978e-07
5.9549e-07
5.9318e-07
5.9089e-07
5.886e-07
5.8632e-07
5.8405e-07
5.8178e-07
5.7953e-07
5.7728e-07
5.7504e-07
5.728e-07
5.7058e-07
5.6836e-07
5.6615e-07
5.6394e-07
5.6175e-07
5.5956e-07
5.5738e-07
5.5521e-07
5.5304e-07
5.5088e-07
5.4873e-07
5.4659e-07
5.4445e-07
5.4232e-07
5.402e-07
5.3809e-07
5.3598e-07
5.3388e-07
5.3179e-07
5.297e-07
5.2762e-07
5.2555e-07
5.2349e-07
5.2143e-07
5.1938e-07
5.1734e-07
5.1531e-07
5.1328e-07
5.1126e-07
5.0924e-07
5.0724e-07
5.0524e-07
5.0324e-07
5.0126e-07
4.9928e-07
4.9731e-07
4.9534e-07
4.9338e-07
4.9143e-07
4.8949e-07
4.8755e-07
4.8562e-07
4.8369e-07
4.8178e-07
4.7986e-07
4.7796e-07
4.7606e-07
4.7417e-07
4.7229e-07
4.7041e-07
4.6854e-07
4.6667e-07
4.6482e-07
4.6297e-07
4.6112e-07
4.5928e-07
4.5745e-07
4.5563e-07
4.5381e-07
4.5199e-07
4.5019e-07
4.4839e-07
4.4659e-07
4.4481e-07
4.4303e-07
4.4125e-07
4.3949e-07
4.3772e-07
4.3597e-07
4.3422e-07
4.3248e-07
4.3074e-07
4.2901e-07
4.2728e-07
4.2557e-07
4.2385e-07
4.2215e-07
4.2045e-07
4.1875e-07
4.1707e-07
4.1539e-07
4.1371e-07
4.1204e-07
4.1038e-07
4.0872e-07
4.0707e-07
4.0542e-07
4.0378e-07
4.0215e-07
4.0052e-07
3.989e-07
3.9728e-07
3.9567e-07
3.9407e-07
3.9247e-07
3.9087e-07
3.8929e-07
3.877e-07
3.8613e-07
3.8456e-07
3.8299e-07
3.8143e-07
3.7988e-07
3.7833e-07
3.7679e-07
3.7525e-07
3.7372e-07
3.722e-07
3.7068e-07
3.6916e-07
3.6766e-07
3.6615e-07
3.6465e-07
3.6316e-07
3.6168e-07
3.6019e-07
3.5872e-07
3.5725e-07
3.5578e-07
3.5432e-07
3.5287e-07
3.5142e-07
3.4997e-07
3.4854e-07
3.471e-07
3.4567e-07
3.4425e-07
3.4283e-07
3.4142e-07
3.4002e-07
3.3861e-07
3.3722e-07
3.3582e-07
3.3444e-07
3.3306e-07
3.3168e-07
3.3031e-07
3.2894e-07
3.2758e-07
3.2623e-07
3.2487e-07
3.2353e-07
3.2219e-07
3.2085e-07
3.1952e-07
3.1819e-07
3.1687e-07
3.1556e-07
3.1424e-07
3.1294e-07
3.1164e-07
3.1034e-07
3.0905e-07
3.0776e-07
3.0648e-07
3.052e-07
3.0393e-07
3.0266e-07
3.014e-07
3.0014e-07
2.9888e-07
2.9763e-07
2.9639e-07
2.9515e-07
2.9391e-07
2.9268e-07
2.9146e-07
2.9024e-07
2.8902e-07
2.8781e-07
2.866e-07
2.854e-07
2.842e-07
2.83e-07
2.8181e-07
2.8063e-07
2.7945e-07
2.7827e-07
2.771e-07
2.7593e-07
2.7477e-07
2.7361e-07
2.7246e-07
2.7131e-07
2.7016e-07
2.6902e-07
2.6788e-07
2.6675e-07
2.6562e-07
2.645e-07
2.6338e-07
2.6227e-07
2.6115e-07
2.6005e-07
2.5894e-07
2.5785e-07
2.5675e-07
2.5566e-07
2.5458e-07
2.5349e-07
2.5242e-07
2.5134e-07
2.5027e-07
2.4921e-07
2.4815e-07
2.4709e-07
2.4604e-07
2.4499e-07
2.4394e-07
2.429e-07
2.4187e-07
2.4083e-07
2.398e-07
2.3878e-07
2.3776e-07
2.3674e-07
2.3573e-07
2.3472e-07
2.3371e-07
2.3271e-07
2.3171e-07
2.3072e-07
2.2973e-07
2.2874e-07
2.2776e-07
2.2678e-07
2.2581e-07
2.2484e-07
2.2387e-07
2.2291e-07
2.2195e-07
2.2099e-07
2.2004e-07
2.1909e-07
2.1814e-07
2.172e-07
2.1627e-07
2.1533e-07
2.144e-07
2.1347e-07
2.1255e-07
2.1163e-07
2.1072e-07
2.098e-07
2.089e-07
2.0799e-07
2.0709e-07
2.0619e-07
2.053e-07
2.0441e-07
2.0352e-07
2.0263e-07
2.0175e-07
2.0088e-07
2e-07
1.9913e-07
1.9827e-07
1.974e-07
1.9654e-07
1.9569e-07
1.9483e-07
1.9398e-07
1.9314e-07
1.9229e-07
1.9145e-07
1.9062e-07
1.8978e-07
1.8895e-07
1.8813e-07
1.873e-07
1.8648e-07
1.8567e-07
1.8485e-07
1.8404e-07
1.8323e-07
1.8243e-07
1.8163e-07
1.8083e-07
1.8004e-07
1.7925e-07
1.7846e-07
1.7767e-07
1.7689e-07
1.7611e-07
1.7534e-07
1.7457e-07
1.738e-07
1.7303e-07
1.7227e-07
1.7151e-07
1.7075e-07
1.6999e-07
1.6924e-07
1.685e-07
1.6775e-07
1.6701e-07
1.6627e-07
1.6553e-07
1.648e-07
1.6407e-07
1.6334e-07
1.6262e-07
1.619e-07
1.6118e-07
1.6046e-07
1.5975e-07
1.5904e-07
1.5833e-07
1.5763e-07
1.5693e-07
1.5623e-07
1.5553e-07
1.5484e-07
1.5415e-07
1.5346e-07
1.5278e-07
1.521e-07
1.5142e-07
1.5074e-07
1.5007e-07
1.494e-07
1.4873e-07
1.4806e-07
1.474e-07
1.4674e-07
1.4608e-07
1.4543e-07
1.4478e-07
1.4413e-07
1.4348e-07
1.4284e-07
1.422e-07
1.4156e-07
1.4092e-07
1.4029e-07
1.3966e-07
1.3903e-07
1.384e-07
1.3778e-07
1.3716e-07
1.3654e-07
1.3593e-07
1.3531e-07
1.347e-07
1.3409e-07
1.3349e-07
1.3289e-07
1.3229e-07
1.3169e-07
1.3109e-07
1.305e-07
1.2991e-07
1.2932e-07
1.2873e-07
1.2815e-07
1.2757e-07
1.2699e-07
1.2642e-07
1.2584e-07
1.2527e-07
1.247e-07
1.2413e-07
1.2357e-07
1.2301e-07
1.2245e-07
1.2189e-07
1.2134e-07
1.2078e-07
1.2023e-07
1.1968e-07
1.1914e-07
1.186e-07
1.1805e-07
1.1752e-07
1.1698e-07
1.1644e-07
1.1591e-07
1.1538e-07
1.1485e-07
1.1433e-07
1.138e-07
1.1328e-07
1.1276e-07
1.1225e-07
1.1173e-07
1.1122e-07
1.1071e-07
1.102e-07
1.0969e-07
1.0919e-07
1.0869e-07
1.0819e-07
1.0769e-07
1.072e-07
1.067e-07
1.0621e-07
1.0572e-07
1.0523e-07
1.0475e-07
1.0426e-07
1.0378e-07
1.033e-07
1.0283e-07
1.0235e-07
1.0188e-07
1.0141e-07
1.0094e-07
1.0047e-07
1.0001e-07
9.9543e-08
9.9082e-08
9.8623e-08
9.8165e-08
9.771e-08
9.7256e-08
9.6805e-08
9.6355e-08
9.5908e-08
9.5462e-08
9.5018e-08
9.4576e-08
9.4136e-08
9.3698e-08
9.3261e-08
9.2827e-08
9.2394e-08
9.1963e-08
9.1534e-08
9.1107e-08
9.0682e-08
9.0258e-08
8.9837e-08
8.9417e-08
8.8999e-08
8.8582e-08
8.8168e-08
8.7755e-08
8.7344e-08
8.6935e-08
8.6528e-08
8.6122e-08
8.5718e-08
8.5316e-08
8.4916e-08
8.4517e-08
8.412e-08
8.3725e-08
8.3331e-08
8.2939e-08
8.2549e-08
8.216e-08
8.1774e-08
8.1388e-08
8.1005e-08
8.0623e-08
8.0243e-08
7.9864e-08
7.9487e-08
7.9112e-08
7.8739e-08
7.8367e-08
7.7996e-08
7.7627e-08
7.726e-08
7.6895e-08
7.6531e-08
7.6168e-08
7.5807e-08
7.5448e-08
7.509e-08
7.4734e-08
7.438e-08
7.4027e-08
7.3675e-08
7.3325e-08
7.2977e-08
7.263e-08
7.2284e-08
7.1941e-08
7.1598e-08
7.1257e-08
7.0918e-08
7.058e-08
7.0244e-08
6.9909e-08
6.9575e-08
6.9243e-08
6.8913e-08
6.8583e-08
6.8256e-08
6.793e-08
6.7605e-08
6.7282e-08
6.696e-08
6.6639e-08
6.632e-08
6.6002e-08
6.5686e-08
6.5371e-08
6.5058e-08
6.4746e-08
6.4435e-08
6.4125e-08
6.3817e-08
6.3511e-08
6.3206e-08
6.2902e-08
6.2599e-08
6.2298e-08
6.1998e-08
6.1699e-08
6.1402e-08
6.1106e-08
6.0812e-08
6.0518e-08
6.0226e-08
5.9936e-08
5.9646e-08
5.9358e-08
5.9071e-08
5.8786e-08
5.8501e-08
5.8218e-08
5.7937e-08
5.7656e-08
5.7377e-08
5.7099e-08
5.6822e-08
5.6547e-08
5.6273e-08
5.6e-08
5.5728e-08
5.5457e-08
5.5188e-08
5.492e-08
5.4653e-08
5.4387e-08
5.4122e-08
5.3859e-08
5.3597e-08
5.3336e-08
5.3076e-08
5.2817e-08
5.2559e-08
5.2303e-08
5.2048e-08
5.1794e-08
5.1541e-08
5.1289e-08
5.1039e-08
5.0789e-08
5.0541e-08
5.0293e-08
5.0047e-08
4.9802e-08
4.9558e-08
4.9315e-08
4.9074e-08
4.8833e-08
4.8594e-08
4.8355e-08
4.8118e-08
4.7882e-08
4.7646e-08
4.7412e-08
4.7179e-08
4.6947e-08
4.6716e-08
4.6486e-08
4.6257e-08
4.603e-08
4.5803e-08
4.5577e-08
4.5352e-08
4.5129e-08
4.4906e-08
4.4684e-08
4.4464e-08
4.4244e-08
4.4025e-08
4.3808e-08
4.3591e-08
4.3376e-08
4.3161e-08
4.2947e-08
4.2735e-08
4.2523e-08
4.2312e-08
4.2102e-08
4.1894e-08
4.1686e-08
4.1479e-08
4.1273e-08
4.1068e-08
4.0864e-08
4.0661e-08
4.0458e-08
4.0257e-08
4.0057e-08
3.9858e-08
3.9659e-08
3.9462e-08
3.9265e-08
3.9069e-08
3.8874e-08
3.868e-08
3.8487e-08
3.8295e-08
3.8104e-08
3.7914e-08
3.7724e-08
3.7535e-08
3.7348e-08
3.7161e-08
3.6975e-08
3.679e-08
3.6605e-08
3.6422e-08
3.6239e-08
3.6058e-08
3.5877e-08
3.5697e-08
3.5518e-08
3.5339e-08
3.5162e-08
3.4985e-08
3.4809e-08
3.4634e-08
3.446e-08
3.4287e-08
3.4114e-08
3.3942e-08
3.3771e-08
3.3601e-08
3.3432e-08
3.3263e-08
3.3095e-08
3.2928e-08
3.2762e-08
3.2596e-08
3.2432e-08
3.2268e-08
3.2105e-08
3.1942e-08
3.1781e-08
3.162e-08
3.146e-08
3.13e-08
3.1142e-08
3.0984e-08
3.0827e-08
3.067e-08
3.0515e-08
3.036e-08
3.0206e-08
3.0052e-08
2.99e-08
2.9748e-08
2.9596e-08
2.9446e-08
2.9296e-08
2.9147e-08
2.8998e-08
2.8851e-08
2.8704e-08
2.8557e-08
2.8412e-08
2.8267e-08
2.8122e-08
2.7979e-08
2.7836e-08
2.7694e-08
2.7552e-08
2.7411e-08
2.7271e-08
2.7132e-08
2.6993e-08
2.6855e-08
2.6717e-08
2.658e-08
2.6444e-08
2.6308e-08
2.6173e-08
2.6039e-08
2.5905e-08
2.5772e-08
2.564e-08
2.5508e-08
2.5377e-08
2.5247e-08
2.5117e-08
2.4988e-08
2.4859e-08
2.4731e-08
2.4604e-08
2.4477e-08
2.4351e-08
2.4225e-08
2.41e-08
2.3976e-08
2.3852e-08
2.3729e-08
2.3606e-08
2.3484e-08
2.3363e-08
2.3242e-08
2.3122e-08
2.3002e-08
2.2883e-08
2.2765e-08
2.2647e-08
2.2529e-08
2.2413e-08
2.2296e-08
2.2181e-08
2.2066e-08
2.1951e-08
2.1837e-08
2.1724e-08
2.1611e-08
2.1499e-08
2.1387e-08
2.1276e-08
2.1165e-08
2.1055e-08
2.0945e-08
2.0836e-08
2.0727e-08
2.0619e-08
2.0512e-08
2.0405e-08
2.0298e-08
2.0192e-08
2.0087e-08
1.9982e-08
1.9878e-08
1.9774e-08
1.967e-08
1.9567e-08
1.9465e-08
1.9363e-08
1.9262e-08
1.9161e-08
1.906e-08
1.896e-08
1.8861e-08
1.8762e-08
1.8664e-08
1.8566e-08
1.8468e-08
1.8371e-08
1.8275e-08
1.8179e-08
1.8083e-08
1.7988e-08
1.7893e-08
1.7799e-08
1.7705e-08
1.7612e-08
1.7519e-08
1.7427e-08
1.7335e-08
1.7244e-08
1.7153e-08
1.7062e-08
1.6972e-08
1.6882e-08
1.6793e-08
1.6704e-08
1.6616e-08
1.6528e-08
1.6441e-08
1.6354e-08
1.6267e-08
1.6181e-08
1.6095e-08
1.601e-08
1.5925e-08
1.5841e-08
1.5757e-08
1.5673e-08
1.559e-08
1.5507e-08
1.5425e-08
1.5343e-08
1.5261e-08
1.518e-08
1.5099e-08
1.5019e-08
1.4939e-08
1.4859e-08
1.478e-08
1.4701e-08
1.4623e-08
1.4545e-08
1.4467e-08
1.439e-08
1.4313e-08
1.4237e-08
1.4161e-08
1.4085e-08
1.401e-08
1.3935e-08
1.386e-08
1.3786e-08
1.3712e-08
1.3639e-08
1.3566e-08
1.3493e-08
1.3421e-08
1.3349e-08
1.3277e-08
1.3206e-08
1.3135e-08
1.3065e-08
1.2995e-08
1.2925e-08
1.2855e-08
1.2786e-08
1.2717e-08
1.2649e-08
1.2581e-08
1.2513e-08
1.2446e-08
1.2379e-08
1.2312e-08
1.2246e-08
1.218e-08
1.2114e-08
1.2048e-08
1.1983e-08
1.1919e-08
1.1854e-08
1.179e-08
1.1727e-08
1.1663e-08
1.16e-08
1.1537e-08
1.1475e-08
1.1413e-08
1.1351e-08
1.1289e-08
1.1228e-08
1.1167e-08
1.1107e-08
1.1046e-08
1.0987e-08
1.0927e-08
1.0868e-08
1.0808e-08
1.075e-08
1.0691e-08
1.0633e-08
1.0575e-08
1.0518e-08
1.046e-08
1.0404e-08
1.0347e-08
1.029e-08
1.0234e-08
1.0179e-08
1.0123e-08
1.0068e-08
1.0013e-08
9.9582e-09
9.9038e-09
9.8497e-09
9.7958e-09
9.7423e-09
9.689e-09
9.636e-09
9.5832e-09
9.5308e-09
9.4786e-09
9.4267e-09
9.375e-09
9.3236e-09
9.2725e-09
9.2216e-09
9.171e-09
9.1207e-09
9.0706e-09
9.0207e-09
8.9712e-09
8.9219e-09
8.8728e-09
8.824e-09
8.7755e-09
8.7272e-09
8.6791e-09
8.6313e-09
8.5838e-09
8.5364e-09
8.4894e-09
8.4426e-09
8.396e-09
8.3497e-09
8.3036e-09
8.2577e-09
8.2121e-09
8.1667e-09
8.1216e-09
8.0767e-09
8.032e-09
7.9875e-09
7.9433e-09
7.8994e-09
7.8556e-09
7.8121e-09
7.7688e-09
7.7257e-09
7.6829e-09
7.6403e-09
7.5979e-09
7.5557e-09
7.5137e-09
7.472e-09
7.4305e-09
7.3892e-09
7.3481e-09
7.3072e-09
7.2665e-09
7.2261e-09
7.1859e-09
7.1458e-09
7.106e-09
7.0664e-09
7.027e-09
6.9878e-09
6.9489e-09
6.9101e-09
6.8715e-09
6.8331e-09
6.795e-09
6.757e-09
6.7192e-09
6.6817e-09
6.6443e-09
6.6071e-09
6.5701e-09
6.5334e-09
6.4968e-09
6.4604e-09
6.4242e-09
6.3882e-09
6.3523e-09
6.3167e-09
6.2812e-09
6.246e-09
6.2109e-09
6.176e-09
6.1413e-09
6.1068e-09
6.0725e-09
6.0383e-09
6.0044e-09
5.9706e-09
5.937e-09
5.9035e-09
5.8703e-09
5.8372e-09
5.8043e-09
5.7716e-09
5.739e-09
5.7066e-09
5.6744e-09
5.6424e-09
5.6105e-09
5.5788e-09
5.5473e-09
5.5159e-09
5.4847e-09
5.4537e-09
5.4228e-09
5.3921e-09
5.3616e-09
5.3312e-09
5.301e-09
5.271e-09
5.2411e-09
5.2114e-09
5.1818e-09
5.1524e-09
5.1232e-09
5.0941e-09
5.0651e-09
5.0364e-09
5.0077e-09
4.9793e-09
4.9509e-09
4.9228e-09
4.8947e-09
4.8669e-09
4.8392e-09
4.8116e-09
4.7842e-09
4.7569e-09
4.7298e-09
4.7028e-09
4.676e-09
4.6493e-09
4.6227e-09
4.5963e-09
4.5701e-09
4.5439e-09
4.518e-09
4.4921e-09
4.4664e-09
4.4409e-09
4.4155e-09
4.3902e-09
4.365e-09
4.34e-09
4.3151e-09
4.2904e-09
4.2658e-09
4.2413e-09
4.217e-09
4.1928e-09
4.1687e-09
4.1447e-09
4.1209e-09
4.0972e-09
4.0737e-09
4.0503e-09
4.027e-09
4.0038e-09
3.9807e-09
3.9578e-09
3.935e-09
3.9123e-09
3.8898e-09
3.8674e-09
3.845e-09
3.8229e-09
3.8008e-09
3.7789e-09
3.757e-09
3.7353e-09
3.7137e-09
3.6923e-09
3.6709e-09
3.6497e-09
3.6286e-09
3.6076e-09
3.5867e-09
3.5659e-09
3.5453e-09
3.5247e-09
3.5043e-09
3.484e-09
3.4637e-09
3.4436e-09
3.4237e-09
3.4038e-09
3.384e-09
3.3644e-09
3.3448e-09
3.3254e-09
3.306e-09
3.2868e-09
3.2677e-09
3.2486e-09
3.2297e-09
3.2109e-09
3.1922e-09
3.1736e-09
3.1551e-09
3.1367e-09
3.1184e-09
3.1002e-09
3.0821e-09
3.0641e-09
3.0462e-09
3.0284e-09
3.0107e-09
2.9931e-09
2.9756e-09
2.9582e-09
2.9409e-09
2.9237e-09
2.9066e-09
2.8895e-09
2.8726e-09
2.8558e-09
2.839e-09
2.8224e-09
2.8058e-09
2.7894e-09
2.773e-09
2.7567e-09
2.7405e-09
2.7244e-09
2.7084e-09
2.6925e-09
2.6767e-09
2.6609e-09
2.6453e-09
2.6297e-09
2.6142e-09
2.5988e-09
2.5835e-09
2.5683e-09
2.5531e-09
2.5381e-09
2.5231e-09
2.5082e-09
2.4934e-09
2.4787e-09
2.464e-09
2.4495e-09
2.435e-09
2.4206e-09
2.4063e-09
2.3921e-09
2.3779e-09
2.3638e-09
2.3498e-09
2.3359e-09
2.3221e-09
2.3083e-09
2.2946e-09
2.281e-09
2.2675e-09
2.254e-09
2.2407e-09
2.2274e-09
2.2141e-09
2.201e-09
2.1879e-09
2.1749e-09
2.162e-09
2.1491e-09
2.1363e-09
2.1236e-09
2.111e-09
2.0984e-09
2.0859e-09
2.0735e-09
2.0611e-09
2.0488e-09
2.0366e-09
2.0244e-09
2.0124e-09
2.0003e-09
1.9884e-09
1.9765e-09
1.9647e-09
1.953e-09
1.9413e-09
1.9297e-09
1.9181e-09
1.9067e-09
1.8952e-09
1.8839e-09
1.8726e-09
1.8614e-09
1.8502e-09
1.8391e-09
1.8281e-09
1.8171e-09
1.8062e-09
1.7954e-09
1.7846e-09
1.7739e-09
1.7632e-09
1.7526e-09
1.7421e-09
1.7316e-09
1.7212e-09
1.7109e-09
1.7006e-09
1.6903e-09
1.6801e-09
1.67e-09
1.66e-09
1.65e-09
1.64e-09
1.6301e-09
1.6203e-09
1.6105e-09
1.6008e-09
1.5911e-09
1.5815e-09
1.5719e-09
1.5624e-09
1.553e-09
1.5436e-09
1.5343e-09
1.525e-09
1.5157e-09
1.5066e-09
1.4974e-09
1.4884e-09
1.4793e-09
1.4704e-09
1.4615e-09
1.4526e-09
1.4438e-09
1.435e-09
1.4263e-09
1.4176e-09
1.409e-09
1.4005e-09
1.392e-09
1.3835e-09
1.3751e-09
1.3667e-09
1.3584e-09
1.3501e-09
1.3419e-09
1.3337e-09
1.3256e-09
1.3175e-09
1.3095e-09
1.3015e-09
1.2936e-09
1.2857e-09
1.2778e-09
1.27e-09
1.2623e-09
1.2545e-09
1.2469e-09
1.2393e-09
1.2317e-09
1.2241e-09
1.2166e-09
1.2092e-09
1.2018e-09
1.1944e-09
1.1871e-09
1.1798e-09
1.1726e-09
1.1654e-09
1.1583e-09
1.1512e-09
1.1441e-09
1.1371e-09
1.1301e-09
1.1232e-09
1.1163e-09
1.1094e-09
1.1026e-09
1.0958e-09
1.089e-09
1.0823e-09
1.0757e-09
1.0691e-09
1.0625e-09
1.0559e-09
1.0494e-09
1.043e-09
1.0365e-09
1.0301e-09
1.0238e-09
1.0175e-09
1.0112e-09
1.0049e-09
9.9872e-10
9.9255e-10
9.8642e-10
9.8032e-10
9.7426e-10
9.6823e-10
9.6224e-10
9.5628e-10
9.5036e-10
9.4447e-10
9.3862e-10
9.3281e-10
9.2702e-10
9.2127e-10
9.1556e-10
9.0988e-10
9.0423e-10
8.9862e-10
8.9304e-10
8.8749e-10
8.8198e-10
8.765e-10
8.7105e-10
8.6563e-10
8.6024e-10
8.5489e-10
8.4957e-10
8.4428e-10
8.3902e-10
8.3379e-10
8.286e-10
8.2343e-10
8.183e-10
8.1319e-10
8.0812e-10
8.0308e-10
7.9806e-10
7.9308e-10
7.8813e-10
7.832e-10
7.7831e-10
7.7344e-10
7.6861e-10
7.638e-10
7.5902e-10
7.5427e-10
7.4954e-10
7.4485e-10
7.4018e-10
7.3555e-10
7.3094e-10
7.2635e-10
7.218e-10
7.1727e-10
7.1277e-10
7.0829e-10
7.0385e-10
6.9943e-10
6.9503e-10
6.9066e-10
6.8632e-10
6.8201e-10
6.7772e-10
6.7345e-10
6.6921e-10
6.65e-10
6.6081e-10
6.5665e-10
6.5251e-10
6.484e-10
6.4431e-10
6.4025e-10
6.3621e-10
6.322e-10
6.2821e-10
6.2424e-10
6.203e-10
6.1638e-10
6.1248e-10
6.0861e-10
6.0476e-10
6.0094e-10
5.9714e-10
5.9336e-10
5.896e-10
5.8587e-10
5.8216e-10
5.7847e-10
5.748e-10
5.7116e-10
5.6754e-10
5.6394e-10
5.6036e-10
5.568e-10
5.5327e-10
5.4976e-10
5.4626e-10
5.4279e-10
5.3934e-10
5.3592e-10
5.3251e-10
5.2912e-10
5.2575e-10
5.2241e-10
5.1908e-10
5.1578e-10
5.1249e-10
5.0923e-10
5.0598e-10
5.0275e-10
4.9955e-10
4.9636e-10
4.9319e-10
4.9005e-10
4.8692e-10
4.8381e-10
4.8072e-10
4.7764e-10
4.7459e-10
4.7156e-10
4.6854e-10
4.6554e-10
4.6257e-10
4.596e-10
4.5666e-10
4.5374e-10
4.5083e-10
4.4794e-10
4.4507e-10
4.4222e-10
4.3938e-10
4.3656e-10
4.3376e-10
4.3098e-10
4.2821e-10
4.2546e-10
4.2272e-10
4.2001e-10
4.1731e-10
4.1462e-10
4.1196e-10
4.0931e-10
4.0667e-10
4.0406e-10
4.0145e-10
3.9887e-10
3.963e-10
3.9374e-10
3.9121e-10
3.8868e-10
3.8618e-10
3.8368e-10
3.8121e-10
3.7875e-10
3.763e-10
3.7387e-10
3.7146e-10
3.6906e-10
3.6667e-10
3.643e-10
3.6194e-10
3.596e-10
3.5727e-10
3.5496e-10
3.5266e-10
3.5038e-10
3.4811e-10
3.4585e-10
3.4361e-10
3.4138e-10
3.3917e-10
3.3697e-10
3.3478e-10
3.3261e-10
3.3045e-10
3.283e-10
3.2617e-10
3.2405e-10
3.2194e-10
3.1985e-10
3.1777e-10
3.157e-10
3.1364e-10
3.116e-10
3.0957e-10
3.0756e-10
3.0555e-10
3.0356e-10
3.0158e-10
2.9962e-10
2.9766e-10
2.9572e-10
2.9379e-10
2.9187e-10
2.8997e-10
2.8807e-10
2.8619e-10
2.8432e-10
2.8246e-10
2.8061e-10
2.7878e-10
2.7695e-10
2.7514e-10
2.7334e-10
2.7155e-10
2.6977e-10
2.6801e-10
2.6625e-10
2.645e-10
2.6277e-10
2.6105e-10
2.5933e-10
2.5763e-10
2.5594e-10
2.5426e-10
2.5259e-10
2.5093e-10
2.4928e-10
2.4764e-10
2.4601e-10
2.444e-10
2.4279e-10
2.4119e-10
2.396e-10
2.3802e-10
2.3646e-10
2.349e-10
2.3335e-10
2.3181e-10
2.3028e-10
2.2877e-10
2.2726e-10
2.2576e-10
2.2427e-10
2.2279e-10
2.2132e-10
2.1985e-10
2.184e-10
2.1696e-10
2.1552e-10
2.141e-10
2.1268e-10
2.1127e-10
2.0988e-10
2.0849e-10
2.071e-10
2.0573e-10
2.0437e-10
2.0302e-10
2.0167e-10
2.0033e-10
1.99e-10
1.9768e-10
1.9637e-10
1.9507e-10
1.9377e-10
1.9248e-10
1.9121e-10
1.8994e-10
1.8867e-10
1.8742e-10
1.8617e-10
1.8493e-10
1.837e-10
1.8248e-10
1.8126e-10
1.8006e-10
1.7886e-10
1.7767e-10
1.7648e-10
1.753e-10
1.7414e-10
1.7297e-10
1.7182e-10
1.7067e-10
1.6953e-10
1.684e-10
1.6728e-10
1.6616e-10
1.6505e-10
1.6394e-10
1.6285e-10
1.6176e-10
1.6068e-10
1.596e-10
1.5853e-10
1.5747e-10
1.5642e-10
1.5537e-10
1.5433e-10
1.5329e-10
1.5226e-10
1.5124e-10
1.5023e-10
1.4922e-10
1.4822e-10
1.4722e-10
1.4623e-10
1.4525e-10
1.4428e-10
1.4331e-10
1.4234e-10
1.4139e-10
1.4043e-10
1.3949e-10
1.3855e-10
1.3762e-10
1.3669e-10
1.3577e-10
1.3486e-10
1.3395e-10
1.3304e-10
1.3215e-10
1.3126e-10
1.3037e-10
1.2949e-10
1.2862e-10
1.2775e-10
1.2688e-10
1.2603e-10
1.2518e-10
1.2433e-10
1.2349e-10
1.2265e-10
1.2182e-10
1.21e-10
1.2018e-10
1.1937e-10
1.1856e-10
1.1776e-10
1.1696e-10
1.1617e-10
1.1538e-10
1.146e-10
1.1382e-10
1.1305e-10
1.1228e-10
1.1152e-10
1.1076e-10
1.1001e-10
1.0926e-10
1.0852e-10
1.0778e-10
1.0705e-10
1.0632e-10
1.056e-10
1.0488e-10
1.0417e-10
1.0346e-10
1.0275e-10
1.0205e-10
1.0136e-10
1.0067e-10
9.9981e-11
9.9299e-11
9.8622e-11
9.795e-11
9.7281e-11
9.6617e-11
9.5958e-11
9.5303e-11
9.4652e-11
9.4005e-11
9.3363e-11
9.2725e-11
9.2091e-11
9.1462e-11
9.0836e-11
9.0215e-11
8.9597e-11
8.8984e-11
8.8375e-11
8.777e-11
8.7168e-11
8.6571e-11
8.5978e-11
8.5389e-11
8.4803e-11
8.4222e-11
8.3644e-11
8.307e-11
8.25e-11
8.1934e-11
8.1371e-11
8.0812e-11
8.0257e-11
7.9705e-11
7.9158e-11
7.8613e-11
7.8073e-11
7.7536e-11
7.7003e-11
7.6473e-11
7.5946e-11
7.5423e-11
7.4904e-11
7.4388e-11
7.3876e-11
7.3367e-11
7.2861e-11
7.2359e-11
7.186e-11
7.1364e-11
7.0872e-11
7.0383e-11
6.9897e-11
6.9414e-11
6.8935e-11
6.8459e-11
6.7986e-11
6.7516e-11
6.705e-11
6.6586e-11
6.6126e-11
6.5668e-11
6.5214e-11
6.4763e-11
6.4315e-11
6.387e-11
6.3427e-11
6.2988e-11
6.2552e-11
6.2119e-11
6.1688e-11
6.1261e-11
6.0836e-11
6.0414e-11
5.9995e-11
5.9579e-11
5.9166e-11
5.8755e-11
5.8347e-11
5.7942e-11
5.754e-11
5.714e-11
5.6743e-11
5.6349e-11
5.5958e-11
5.5569e-11
5.5183e-11
5.4799e-11
5.4418e-11
5.4039e-11
5.3663e-11
5.329e-11
5.2919e-11
5.2551e-11
5.2185e-11
5.1822e-11
5.1461e-11
5.1102e-11
5.0746e-11
5.0393e-11
5.0042e-11
4.9693e-11
4.9347e-11
4.9003e-11
4.8661e-11
4.8321e-11
4.7984e-11
4.765e-11
4.7317e-11
4.6987e-11
4.6659e-11
4.6333e-11
4.601e-11
4.5689e-11
4.537e-11
4.5053e-11
4.4738e-11
4.4426e-11
4.4115e-11
4.3807e-11
4.3501e-11
4.3197e-11
4.2895e-11
4.2595e-11
4.2298e-11
4.2002e-11
4.1708e-11
4.1417e-11
4.1127e-11
4.0839e-11
4.0554e-11
4.027e-11
3.9988e-11
3.9709e-11
3.9431e-11
3.9155e-11
3.8881e-11
3.8609e-11
3.8339e-11
3.8071e-11
3.7804e-11
3.754e-11
3.7277e-11
3.7016e-11
3.6757e-11
3.65e-11
3.6244e-11
3.5991e-11
3.5739e-11
3.5489e-11
3.5241e-11
3.4994e-11
3.4749e-11
3.4506e-11
3.4265e-11
3.4025e-11
3.3787e-11
3.355e-11
3.3316e-11
3.3083e-11
3.2851e-11
3.2622e-11
3.2394e-11
3.2167e-11
3.1942e-11
3.1719e-11
3.1497e-11
3.1277e-11
3.1059e-11
3.0842e-11
3.0626e-11
3.0412e-11
3.02e-11
2.9989e-11
2.978e-11
2.9572e-11
2.9366e-11
2.9161e-11
2.8958e-11
2.8756e-11
2.8556e-11
2.8357e-11
2.8159e-11
2.7963e-11
2.7768e-11
2.7575e-11
2.7383e-11
2.7193e-11
2.7004e-11
2.6816e-11
2.663e-11
2.6445e-11
2.6262e-11
2.608e-11
2.5899e-11
2.5719e-11
2.5541e-11
2.5364e-11
2.5189e-11
2.5015e-11
2.4842e-11
2.467e-11
2.45e-11
2.4331e-11
2.4163e-11
2.3997e-11
2.3831e-11
2.3667e-11
2.3505e-11
2.3343e-11
2.3183e-11
2.3024e-11
2.2866e-11
2.2709e-11
2.2554e-11
2.24e-11
2.2247e-11
2.2095e-11
2.1944e-11
2.1795e-11
2.1646e-11
2.1499e-11
2.1353e-11
2.1208e-11
2.1064e-11
2.0922e-11
2.078e-11
2.064e-11
2.0501e-11
2.0363e-11
2.0226e-11
2.009e-11
1.9955e-11
1.9821e-11
1.9689e-11
1.9557e-11
1.9427e-11
1.9297e-11
1.9169e-11
1.9041e-11
1.8915e-11
1.879e-11
1.8666e-11
1.8543e-11
1.8421e-11
1.83e-11
1.818e-11
1.8061e-11
1.7943e-11
1.7826e-11
1.771e-11
1.7595e-11
1.7481e-11
1.7368e-11
1.7256e-11
1.7145e-11
1.7035e-11
1.6926e-11
1.6818e-11
1.6711e-11
1.6605e-11
1.65e-11
1.6396e-11
1.6293e-11
1.619e-11
1.6089e-11
1.5989e-11
1.5889e-11
1.5791e-11
1.5693e-11
1.5597e-11
1.5501e-11
1.5407e-11
1.5313e-11
1.522e-11
1.5128e-11
1.5037e-11
1.4947e-11
1.4858e-11
1.477e-11
1.4682e-11
1.4596e-11
1.451e-11
1.4426e-11
1.4342e-11
1.4259e-11
1.4177e-11
1.4096e-11
1.4016e-11
1.3937e-11
1.3858e-11
1.3781e-11
1.3704e-11
1.3629e-11
1.3554e-11
1.348e-11
1.3407e-11
1.3335e-11
1.3263e-11
1.3193e-11
1.3123e-11
1.3055e-11
1.2987e-11
1.292e-11
1.2854e-11
1.2789e-11
1.2724e-11
1.2661e-11
1.2598e-11
1.2537e-11
1.2476e-11
1.2416e-11
1.2357e-11
1.2299e-11
1.2241e-11
1.2185e-11
1.2129e-11
1.2075e-11
1.2021e-11
1.1968e-11
1.1916e-11
1.1865e-11
1.1814e-11
1.1765e-11
1.1716e-11
