1.6594e-87
1.6048e-87
1.5917e-87
1.6199e-87
1.6905e-87
1.8054e-87
1.9677e-87
2.182e-87
2.4539e-87
2.7908e-87
3.2016e-87
3.6972e-87
4.2908e-87
4.9981e-87
5.8377e-87
6.8317e-87
8.0065e-87
9.3929e-87
1.1027e-86
1.2953e-86
1.522e-86
1.7888e-86
2.1026e-86
2.4718e-86
2.9059e-86
3.4163e-86
4.0163e-86
4.7216e-86
5.5505e-86
6.5246e-86
7.6693e-86
9.0142e-86
1.0594e-85
1.2451e-85
1.4631e-85
1.7193e-85
2.0201e-85
2.3734e-85
2.7883e-85
3.2755e-85
3.8476e-85
4.5193e-85
5.3078e-85
6.2335e-85
7.3202e-85
8.5956e-85
1.0093e-84
1.1849e-84
1.3911e-84
1.633e-84
1.9169e-84
2.2499e-84
2.6406e-84
3.0989e-84
3.6366e-84
4.2672e-84
5.0068e-84
5.8741e-84
6.8912e-84
8.0839e-84
9.4823e-84
1.1122e-83
1.3044e-83
1.5297e-83
1.7938e-83
2.1034e-83
2.4662e-83
2.8914e-83
3.3896e-83
3.9735e-83
4.6575e-83
5.459e-83
6.3979e-83
7.4977e-83
8.786e-83
1.0295e-82
1.2062e-82
1.4132e-82
1.6555e-82
1.9393e-82
2.2715e-82
2.6605e-82
3.1159e-82
3.6489e-82
4.2729e-82
5.0031e-82
5.8578e-82
6.858e-82
8.0284e-82
9.3978e-82
1.1e-81
1.2875e-81
1.5068e-81
1.7633e-81
2.0633e-81
2.4143e-81
2.8247e-81
3.3046e-81
3.8659e-81
4.5221e-81
5.2893e-81
6.1863e-81
7.2349e-81
8.4606e-81
9.8932e-81
1.1568e-80
1.3525e-80
1.5811e-80
1.8484e-80
2.1606e-80
2.5254e-80
2.9515e-80
3.4494e-80
4.0309e-80
4.7101e-80
5.5034e-80
6.4299e-80
7.5117e-80
8.775e-80
1.025e-79
1.1972e-79
1.3983e-79
1.6329e-79
1.9069e-79
2.2266e-79
2.5998e-79
3.0353e-79
3.5435e-79
4.1365e-79
4.8284e-79
5.6357e-79
6.5774e-79
7.6759e-79
8.9573e-79
1.0452e-78
1.2195e-78
1.4228e-78
1.6598e-78
1.9362e-78
2.2584e-78
2.6342e-78
3.0721e-78
3.5827e-78
4.1778e-78
4.8715e-78
5.6798e-78
6.6219e-78
7.7197e-78
8.9988e-78
1.0489e-77
1.2225e-77
1.4248e-77
1.6604e-77
1.9349e-77
2.2545e-77
2.6268e-77
3.0603e-77
3.5651e-77
4.1529e-77
4.8372e-77
5.6339e-77
6.5614e-77
7.641e-77
8.8977e-77
1.036e-76
1.2062e-76
1.4043e-76
1.6348e-76
1.903e-76
2.215e-76
2.578e-76
3.0003e-76
3.4915e-76
4.0628e-76
4.7273e-76
5.5001e-76
6.3988e-76
7.4438e-76
8.6588e-76
1.0071e-75
1.1714e-75
1.3623e-75
1.5842e-75
1.8421e-75
2.1419e-75
2.4902e-75
2.8951e-75
3.3655e-75
3.912e-75
4.547e-75
5.2847e-75
6.1417e-75
7.1371e-75
8.2932e-75
9.636e-75
1.1195e-74
1.3006e-74
1.5109e-74
1.755e-74
2.0384e-74
2.3675e-74
2.7494e-74
3.1928e-74
3.7074e-74
4.3046e-74
4.9976e-74
5.8019e-74
6.7351e-74
7.8178e-74
9.074e-74
1.0531e-73
1.2222e-73
1.4182e-73
1.6457e-73
1.9094e-73
2.2153e-73
2.5699e-73
2.9812e-73
3.458e-73
4.0108e-73
4.6516e-73
5.3944e-73
6.2555e-73
7.2534e-73
8.41e-73
9.7502e-73
1.1303e-72
1.3103e-72
1.5188e-72
1.7603e-72
2.0401e-72
2.3643e-72
2.7397e-72
3.1745e-72
3.6781e-72
4.2613e-72
4.9365e-72
5.7184e-72
6.6236e-72
7.6716e-72
8.8848e-72
1.0289e-71
1.1915e-71
1.3796e-71
1.5973e-71
1.8492e-71
2.1408e-71
2.4781e-71
2.8683e-71
3.3198e-71
3.8421e-71
4.4463e-71
5.145e-71
5.9532e-71
6.8878e-71
7.9686e-71
9.2184e-71
1.0663e-70
1.2334e-70
1.4265e-70
1.6498e-70
1.9079e-70
2.2061e-70
2.5509e-70
2.9493e-70
3.4096e-70
3.9416e-70
4.5562e-70
5.2663e-70
6.0867e-70
7.0343e-70
8.1289e-70
9.3932e-70
1.0853e-69
1.254e-69
1.4487e-69
1.6735e-69
1.9331e-69
2.2328e-69
2.5788e-69
2.9782e-69
3.4392e-69
3.9713e-69
4.5854e-69
5.294e-69
6.1118e-69
7.0554e-69
8.144e-69
9.4e-69
1.0849e-68
1.252e-68
1.4448e-68
1.6672e-68
1.9236e-68
2.2194e-68
2.5604e-68
2.9536e-68
3.4069e-68
3.9296e-68
4.5321e-68
5.2266e-68
6.0272e-68
6.9498e-68
8.0132e-68
9.2386e-68
1.0651e-67
1.2278e-67
1.4152e-67
1.6312e-67
1.88e-67
2.1665e-67
2.4966e-67
2.8768e-67
3.3146e-67
3.8188e-67
4.3993e-67
5.0678e-67
5.8374e-67
6.7235e-67
7.7435e-67
8.9176e-67
1.0269e-66
1.1824e-66
1.3614e-66
1.5674e-66
1.8044e-66
2.0771e-66
2.3909e-66
2.7519e-66
3.1671e-66
3.6448e-66
4.1941e-66
4.826e-66
5.5526e-66
6.3882e-66
7.3491e-66
8.4538e-66
9.724e-66
1.1184e-65
1.2863e-65
1.4792e-65
1.701e-65
1.9559e-65
2.2488e-65
2.5854e-65
2.9721e-65
3.4165e-65
3.9271e-65
4.5136e-65
5.1873e-65
5.9613e-65
6.8501e-65
7.871e-65
9.0434e-65
1.039e-64
1.1936e-64
1.371e-64
1.5748e-64
1.8088e-64
2.0773e-64
2.3855e-64
2.7393e-64
3.1453e-64
3.6113e-64
4.146e-64
4.7595e-64
5.4634e-64
6.271e-64
7.1975e-64
8.2603e-64
9.4793e-64
1.0877e-63
1.2481e-63
1.432e-63
1.6428e-63
1.8846e-63
2.1618e-63
2.4797e-63
2.844e-63
3.2616e-63
3.7403e-63
4.289e-63
4.9178e-63
5.6384e-63
6.4641e-63
7.4103e-63
8.4943e-63
9.7362e-63
1.1159e-62
1.2789e-62
1.4655e-62
1.6793e-62
1.9242e-62
2.2046e-62
2.5256e-62
2.8933e-62
3.3142e-62
3.796e-62
4.3477e-62
4.9791e-62
5.7019e-62
6.5291e-62
7.4758e-62
8.5592e-62
9.7988e-62
1.1217e-61
1.284e-61
1.4697e-61
1.6821e-61
1.925e-61
2.2029e-61
2.5207e-61
2.8842e-61
3.2998e-61
3.7751e-61
4.3185e-61
4.9398e-61
5.6501e-61
6.4621e-61
7.3902e-61
8.4511e-61
9.6636e-61
1.1049e-60
1.2633e-60
1.4442e-60
1.6509e-60
1.8871e-60
2.157e-60
2.4652e-60
2.8173e-60
3.2194e-60
3.6788e-60
4.2033e-60
4.8023e-60
5.4862e-60
6.2672e-60
7.1588e-60
8.1766e-60
9.3385e-60
1.0665e-59
1.2179e-59
1.3906e-59
1.5878e-59
1.8128e-59
2.0695e-59
2.3625e-59
2.6967e-59
3.0779e-59
3.5128e-59
4.0089e-59
4.5747e-59
5.2201e-59
5.956e-59
6.7952e-59
7.7521e-59
8.8431e-59
1.0087e-58
1.1505e-58
1.3122e-58
1.4964e-58
1.7064e-58
1.9458e-58
2.2185e-58
2.5293e-58
2.8835e-58
3.287e-58
3.7467e-58
4.2704e-58
4.867e-58
5.5466e-58
6.3205e-58
7.202e-58
8.2058e-58
9.3489e-58
1.065e-57
1.2132e-57
1.382e-57
1.574e-57
1.7926e-57
2.0415e-57
2.3247e-57
2.6471e-57
3.0139e-57
3.4314e-57
3.9063e-57
4.4468e-57
5.0616e-57
5.761e-57
6.5566e-57
7.4616e-57
8.4908e-57
9.6614e-57
1.0993e-56
1.2506e-56
1.4227e-56
1.6184e-56
1.8409e-56
2.0938e-56
2.3813e-56
2.7081e-56
3.0795e-56
3.5016e-56
3.9812e-56
4.5263e-56
5.1456e-56
5.8493e-56
6.6487e-56
7.5568e-56
8.5883e-56
9.76e-56
1.1091e-55
1.2602e-55
1.4318e-55
1.6267e-55
1.848e-55
2.0992e-55
2.3845e-55
2.7082e-55
3.0758e-55
3.493e-55
3.9664e-55
4.5038e-55
5.1135e-55
5.8055e-55
6.5906e-55
7.4813e-55
8.4918e-55
9.6382e-55
1.0939e-54
1.2413e-54
1.4086e-54
1.5983e-54
1.8135e-54
2.0574e-54
2.334e-54
2.6476e-54
3.0031e-54
3.4061e-54
3.8629e-54
4.3807e-54
4.9676e-54
5.6327e-54
6.3863e-54
7.2403e-54
8.2079e-54
9.3042e-54
1.0546e-53
1.1953e-53
1.3547e-53
1.5352e-53
1.7396e-53
1.9711e-53
2.2333e-53
2.5302e-53
2.8663e-53
3.2469e-53
3.6777e-53
4.1654e-53
4.7175e-53
5.3423e-53
6.0495e-53
6.8498e-53
7.7555e-53
8.7803e-53
9.9398e-53
1.1252e-52
1.2736e-52
1.4414e-52
1.6313e-52
1.8461e-52
2.089e-52
2.3638e-52
2.6744e-52
3.0257e-52
3.4228e-52
3.8719e-52
4.3795e-52
4.9533e-52
5.602e-52
6.3351e-52
7.1637e-52
8.1e-52
9.1581e-52
1.0354e-51
1.1705e-51
1.3231e-51
1.4955e-51
1.6903e-51
1.9103e-51
2.1588e-51
2.4394e-51
2.7563e-51
3.1142e-51
3.5183e-51
3.9746e-51
4.4897e-51
5.0712e-51
5.7277e-51
6.4686e-51
7.3049e-51
8.2488e-51
9.314e-51
1.0516e-50
1.1872e-50
1.3402e-50
1.5129e-50
1.7076e-50
1.9273e-50
2.1752e-50
2.4547e-50
2.7699e-50
3.1254e-50
3.5262e-50
3.9782e-50
4.4879e-50
5.0624e-50
5.7101e-50
6.4403e-50
7.2633e-50
8.1909e-50
9.2363e-50
1.0414e-49
1.1742e-49
1.3238e-49
1.4923e-49
1.6822e-49
1.8961e-49
2.137e-49
2.4085e-49
2.7141e-49
3.0584e-49
3.4461e-49
3.8827e-49
4.3742e-49
4.9277e-49
5.5508e-49
6.2523e-49
7.0419e-49
7.9306e-49
8.931e-49
1.0057e-48
1.1324e-48
1.2749e-48
1.4353e-48
1.6158e-48
1.8189e-48
2.0473e-48
2.3042e-48
2.5932e-48
2.9183e-48
3.2839e-48
3.695e-48
4.1573e-48
4.6771e-48
5.2615e-48
5.9185e-48
6.6571e-48
7.4874e-48
8.4207e-48
9.4695e-48
1.0648e-47
1.1973e-47
1.3462e-47
1.5134e-47
1.7013e-47
1.9125e-47
2.1496e-47
2.416e-47
2.7153e-47
3.0514e-47
3.4288e-47
3.8527e-47
4.3286e-47
4.8631e-47
5.4631e-47
6.1367e-47
6.893e-47
7.7418e-47
8.6946e-47
9.764e-47
1.0964e-46
1.2311e-46
1.3822e-46
1.5518e-46
1.742e-46
1.9555e-46
2.1949e-46
2.4635e-46
2.7647e-46
3.1026e-46
3.4815e-46
3.9065e-46
4.383e-46
4.9172e-46
5.5162e-46
6.1878e-46
6.9406e-46
7.7844e-46
8.7303e-46
9.7904e-46
1.0978e-45
1.231e-45
1.3802e-45
1.5473e-45
1.7346e-45
1.9444e-45
2.1794e-45
2.4427e-45
2.7376e-45
3.0679e-45
3.4378e-45
3.852e-45
4.3158e-45
4.8351e-45
5.4166e-45
6.0675e-45
6.7962e-45
7.6119e-45
8.5248e-45
9.5467e-45
1.069e-44
1.197e-44
1.3402e-44
1.5004e-44
1.6797e-44
1.8802e-44
2.1045e-44
2.3555e-44
2.6362e-44
2.9501e-44
3.3012e-44
3.6938e-44
4.1327e-44
4.6236e-44
5.1724e-44
5.7859e-44
6.4717e-44
7.2384e-44
8.0953e-44
9.0529e-44
1.0123e-43
1.1319e-43
1.2656e-43
1.4149e-43
1.5817e-43
1.7681e-43
1.9763e-43
2.2089e-43
2.4687e-43
2.7588e-43
3.0828e-43
3.4446e-43
3.8486e-43
4.2997e-43
4.8034e-43
5.3657e-43
5.9933e-43
6.6939e-43
7.476e-43
8.3487e-43
9.3228e-43
1.041e-42
1.1623e-42
1.2976e-42
1.4486e-42
1.617e-42
1.8049e-42
2.0145e-42
2.2483e-42
2.509e-42
2.7997e-42
3.124e-42
3.4855e-42
3.8887e-42
4.3381e-42
4.8392e-42
5.3977e-42
6.0203e-42
6.7143e-42
7.4877e-42
8.3497e-42
9.3102e-42
1.038e-41
1.1573e-41
1.2902e-41
1.4382e-41
1.6031e-41
1.7867e-41
1.9913e-41
2.2191e-41
2.4728e-41
2.7554e-41
3.07e-41
3.4203e-41
3.8103e-41
4.2445e-41
4.7278e-41
5.2658e-41
5.8646e-41
6.5311e-41
7.2727e-41
8.0981e-41
9.0165e-41
1.0038e-40
1.1175e-40
1.244e-40
1.3847e-40
1.5412e-40
1.7152e-40
1.9088e-40
2.1241e-40
2.3635e-40
2.6297e-40
2.9257e-40
3.2548e-40
3.6207e-40
4.0273e-40
4.4794e-40
4.9818e-40
5.5402e-40
6.1608e-40
6.8504e-40
7.6167e-40
8.4681e-40
9.4141e-40
1.0465e-39
1.1632e-39
1.2929e-39
1.4369e-39
1.5969e-39
1.7745e-39
1.9718e-39
2.1908e-39
2.434e-39
2.704e-39
3.0038e-39
3.3365e-39
3.7059e-39
4.1158e-39
4.5708e-39
5.0757e-39
5.636e-39
6.2578e-39
6.9476e-39
7.7129e-39
8.562e-39
9.5038e-39
1.0549e-38
1.1707e-38
1.2992e-38
1.4418e-38
1.5998e-38
1.7751e-38
1.9694e-38
2.1848e-38
2.4236e-38
2.6884e-38
2.9818e-38
3.3071e-38
3.6675e-38
4.067e-38
4.5097e-38
5.0003e-38
5.5437e-38
6.1459e-38
6.813e-38
7.5519e-38
8.3705e-38
9.277e-38
1.0281e-37
1.1393e-37
1.2624e-37
1.3988e-37
1.5498e-37
1.7169e-37
1.9019e-37
2.1067e-37
2.3335e-37
2.5844e-37
2.8621e-37
3.1695e-37
3.5096e-37
3.8859e-37
4.3023e-37
4.763e-37
5.2727e-37
5.8364e-37
6.46e-37
7.1498e-37
7.9126e-37
8.7563e-37
9.6891e-37
1.0721e-36
1.1861e-36
1.3122e-36
1.4516e-36
1.6057e-36
1.7761e-36
1.9643e-36
2.1724e-36
2.4023e-36
2.6564e-36
2.9372e-36
3.2474e-36
3.5902e-36
3.9688e-36
4.3871e-36
4.8491e-36
5.3594e-36
5.923e-36
6.5454e-36
7.2327e-36
7.9916e-36
8.8295e-36
9.7546e-36
1.0776e-35
1.1903e-35
1.3148e-35
1.4521e-35
1.6037e-35
1.771e-35
1.9556e-35
2.1593e-35
2.3841e-35
2.632e-35
2.9056e-35
3.2073e-35
3.5402e-35
3.9073e-35
4.3122e-35
4.7587e-35
5.2511e-35
5.7941e-35
6.3927e-35
7.0527e-35
7.7804e-35
8.5824e-35
9.4665e-35
1.0441e-34
1.1515e-34
1.2699e-34
1.4003e-34
1.544e-34
1.7023e-34
1.8768e-34
2.069e-34
2.2807e-34
2.5139e-34
2.7707e-34
3.0536e-34
3.3651e-34
3.7082e-34
4.0859e-34
4.5018e-34
4.9597e-34
5.4638e-34
6.0187e-34
6.6296e-34
7.3019e-34
8.0418e-34
8.8561e-34
9.7521e-34
1.0738e-33
1.1823e-33
1.3016e-33
1.4329e-33
1.5774e-33
1.7363e-33
1.911e-33
2.1032e-33
2.3146e-33
2.547e-33
2.8025e-33
3.0835e-33
3.3925e-33
3.7321e-33
4.1054e-33
4.5158e-33
4.9669e-33
5.4626e-33
6.0074e-33
6.6061e-33
7.2639e-33
7.9866e-33
8.7807e-33
9.6531e-33
1.0611e-32
1.1664e-32
1.282e-32
1.409e-32
1.5484e-32
1.7016e-32
1.8697e-32
2.0543e-32
2.257e-32
2.4795e-32
2.7238e-32
2.9919e-32
3.2862e-32
3.6092e-32
3.9637e-32
4.3526e-32
4.7794e-32
5.2477e-32
5.7615e-32
6.3251e-32
6.9434e-32
7.6216e-32
8.3655e-32
9.1813e-32
1.0076e-31
1.1057e-31
1.2133e-31
1.3313e-31
1.4606e-31
1.6024e-31
1.7578e-31
1.9281e-31
2.1149e-31
2.3195e-31
2.5438e-31
2.7895e-31
3.0588e-31
3.3539e-31
3.6771e-31
4.0313e-31
4.4192e-31
4.8442e-31
5.3096e-31
5.8194e-31
6.3776e-31
6.989e-31
7.6583e-31
8.3913e-31
9.1937e-31
1.0072e-30
1.1034e-30
1.2086e-30
1.3239e-30
1.45e-30
1.5879e-30
1.739e-30
1.9042e-30
2.085e-30
2.2828e-30
2.4992e-30
2.7359e-30
2.9948e-30
3.278e-30
3.5878e-30
3.9265e-30
4.2969e-30
4.702e-30
5.1449e-30
5.6291e-30
6.1584e-30
6.737e-30
7.3695e-30
8.0609e-30
8.8165e-30
9.6422e-30
1.0545e-29
1.1531e-29
1.2608e-29
1.3785e-29
1.5071e-29
1.6475e-29
1.801e-29
1.9686e-29
2.1516e-29
2.3515e-29
2.5698e-29
2.8081e-29
3.0684e-29
3.3525e-29
3.6627e-29
4.0013e-29
4.3709e-29
4.7743e-29
5.2146e-29
5.6951e-29
6.2195e-29
6.7917e-29
7.416e-29
8.0971e-29
8.8401e-29
9.6507e-29
1.0535e-28
1.1499e-28
1.2551e-28
1.3698e-28
1.4949e-28
1.6313e-28
1.78e-28
1.9422e-28
2.1189e-28
2.3116e-28
2.5217e-28
2.7506e-28
3.0002e-28
3.2721e-28
3.5684e-28
3.8913e-28
4.2432e-28
4.6265e-28
5.0441e-28
5.499e-28
5.9945e-28
6.5342e-28
7.122e-28
7.7622e-28
8.4593e-28
9.2184e-28
1.0045e-27
1.0945e-27
1.1925e-27
1.2991e-27
1.4152e-27
1.5415e-27
1.6791e-27
1.8287e-27
1.9916e-27
2.1688e-27
2.3616e-27
2.5714e-27
2.7996e-27
3.0479e-27
3.318e-27
3.6117e-27
3.9312e-27
4.2787e-27
4.6565e-27
5.0674e-27
5.5141e-27
5.9998e-27
6.5278e-27
7.1018e-27
7.7257e-27
8.4039e-27
9.1409e-27
9.942e-27
1.0812e-26
1.1758e-26
1.2786e-26
1.3903e-26
1.5116e-26
1.6434e-26
1.7865e-26
1.942e-26
2.1108e-26
2.2942e-26
2.4934e-26
2.7096e-26
2.9445e-26
3.1994e-26
3.4761e-26
3.7766e-26
4.1027e-26
4.4567e-26
4.8409e-26
5.2579e-26
5.7103e-26
6.2013e-26
6.734e-26
7.312e-26
7.9391e-26
8.6193e-26
9.3572e-26
1.0158e-25
1.1026e-25
1.1967e-25
1.2988e-25
1.4095e-25
1.5295e-25
1.6596e-25
1.8007e-25
1.9537e-25
2.1194e-25
2.2991e-25
2.4939e-25
2.705e-25
2.9337e-25
3.1815e-25
3.4501e-25
3.7411e-25
4.0563e-25
4.3977e-25
4.7676e-25
5.1683e-25
5.6022e-25
6.0722e-25
6.5811e-25
7.1322e-25
7.7289e-25
8.3749e-25
9.0743e-25
9.8314e-25
1.0651e-24
1.1538e-24
1.2498e-24
1.3537e-24
1.4662e-24
1.5879e-24
1.7195e-24
1.862e-24
2.0161e-24
2.1828e-24
2.3631e-24
2.5582e-24
2.7691e-24
2.9973e-24
3.244e-24
3.5108e-24
3.7993e-24
4.1112e-24
4.4484e-24
4.813e-24
5.207e-24
5.6329e-24
6.0932e-24
6.5907e-24
7.1284e-24
7.7093e-24
8.337e-24
9.0153e-24
9.748e-24
1.054e-23
1.1395e-23
1.2318e-23
1.3316e-23
1.4393e-23
1.5556e-23
1.6812e-23
1.8169e-23
1.9633e-23
2.1214e-23
2.2921e-23
2.4764e-23
2.6752e-23
2.8899e-23
3.1215e-23
3.3715e-23
3.6413e-23
3.9323e-23
4.2464e-23
4.5852e-23
4.9507e-23
5.3449e-23
5.7702e-23
6.2289e-23
6.7235e-23
7.257e-23
7.8322e-23
8.4524e-23
9.1212e-23
9.8422e-23
1.0619e-22
1.1457e-22
1.236e-22
1.3334e-22
1.4383e-22
1.5513e-22
1.6731e-22
1.8044e-22
1.9458e-22
2.0981e-22
2.2623e-22
2.4391e-22
2.6295e-22
2.8346e-22
3.0555e-22
3.2934e-22
3.5496e-22
3.8254e-22
4.1224e-22
4.4421e-22
4.7863e-22
5.1568e-22
5.5556e-22
5.9849e-22
6.4469e-22
6.944e-22
7.479e-22
8.0546e-22
8.6739e-22
9.3402e-22
1.0057e-21
1.0828e-21
1.1658e-21
1.255e-21
1.3509e-21
1.4541e-21
1.565e-21
1.6843e-21
1.8126e-21
1.9505e-21
2.0987e-21
2.2581e-21
2.4293e-21
2.6134e-21
2.8113e-21
3.0239e-21
3.2524e-21
3.4979e-21
3.7617e-21
4.0451e-21
4.3496e-21
4.6766e-21
5.0279e-21
5.4052e-21
5.8104e-21
6.2456e-21
6.7129e-21
7.2146e-21
7.7534e-21
8.3318e-21
8.9527e-21
9.6192e-21
1.0335e-20
1.1103e-20
1.1927e-20
1.2811e-20
1.376e-20
1.4779e-20
1.5871e-20
1.7043e-20
1.8301e-20
1.965e-20
2.1097e-20
2.2649e-20
2.4313e-20
2.6098e-20
2.8013e-20
3.0065e-20
3.2266e-20
3.4625e-20
3.7154e-20
3.9866e-20
4.2772e-20
4.5887e-20
4.9225e-20
5.2803e-20
5.6637e-20
6.0745e-20
6.5146e-20
6.9862e-20
7.4914e-20
8.0325e-20
8.6122e-20
9.2331e-20
9.898e-20
1.061e-19
1.1373e-19
1.2189e-19
1.3063e-19
1.3999e-19
1.5001e-19
1.6074e-19
1.7222e-19
1.8451e-19
1.9766e-19
2.1174e-19
2.268e-19
2.4291e-19
2.6016e-19
2.7861e-19
2.9834e-19
3.1945e-19
3.4204e-19
3.6619e-19
3.9202e-19
4.1965e-19
4.4919e-19
4.8078e-19
5.1456e-19
5.5067e-19
5.8927e-19
6.3054e-19
6.7465e-19
7.2179e-19
7.7218e-19
8.2603e-19
8.8358e-19
9.4506e-19
1.0108e-18
1.081e-18
1.1559e-18
1.236e-18
1.3216e-18
1.413e-18
1.5106e-18
1.6148e-18
1.7261e-18
1.845e-18
1.9719e-18
2.1074e-18
2.252e-18
2.4064e-18
2.5712e-18
2.7471e-18
2.9349e-18
3.1352e-18
3.3491e-18
3.5772e-18
3.8206e-18
4.0803e-18
4.3574e-18
4.653e-18
4.9682e-18
5.3045e-18
5.6631e-18
6.0456e-18
6.4534e-18
6.8883e-18
7.352e-18
7.8464e-18
8.3734e-18
8.9353e-18
9.5341e-18
1.0172e-17
1.0853e-17
1.1578e-17
1.235e-17
1.3174e-17
1.4051e-17
1.4985e-17
1.5981e-17
1.7041e-17
1.8171e-17
1.9374e-17
2.0656e-17
2.2021e-17
2.3474e-17
2.5021e-17
2.6669e-17
2.8424e-17
3.0291e-17
3.2279e-17
3.4395e-17
3.6648e-17
3.9045e-17
4.1596e-17
4.4311e-17
4.72e-17
5.0274e-17
5.3544e-17
5.7023e-17
6.0724e-17
6.4661e-17
6.8848e-17
7.3302e-17
7.8038e-17
8.3074e-17
8.8429e-17
9.4124e-17
1.0018e-16
1.0661e-16
1.1346e-16
1.2073e-16
1.2846e-16
1.3667e-16
1.454e-16
1.5468e-16
1.6454e-16
1.7501e-16
1.8614e-16
1.9797e-16
2.1053e-16
2.2387e-16
2.3804e-16
2.5309e-16
2.6907e-16
2.8604e-16
3.0407e-16
3.232e-16
3.4352e-16
3.6509e-16
3.8798e-16
4.1229e-16
4.3808e-16
4.6546e-16
4.9452e-16
5.2535e-16
5.5807e-16
5.9279e-16
6.2962e-16
6.6869e-16
7.1014e-16
7.5411e-16
8.0074e-16
8.502e-16
9.0266e-16
9.5828e-16
1.0173e-15
1.0798e-15
1.1461e-15
1.2164e-15
1.2909e-15
1.3699e-15
1.4536e-15
1.5424e-15
1.6364e-15
1.736e-15
1.8416e-15
1.9535e-15
2.072e-15
2.1976e-15
2.3306e-15
2.4716e-15
2.6208e-15
2.7789e-15
2.9463e-15
3.1236e-15
3.3113e-15
3.51e-15
3.7205e-15
3.9432e-15
4.1791e-15
4.4287e-15
4.6929e-15
4.9726e-15
5.2685e-15
5.5817e-15
5.9131e-15
6.2637e-15
6.6347e-15
7.0271e-15
7.4423e-15
7.8815e-15
8.3459e-15
8.8372e-15
9.3568e-15
9.9062e-15
1.0487e-14
1.1101e-14
1.1751e-14
1.2437e-14
1.3163e-14
1.393e-14
1.4741e-14
1.5598e-14
1.6504e-14
1.7461e-14
1.8473e-14
1.9541e-14
2.067e-14
2.1863e-14
2.3123e-14
2.4454e-14
2.586e-14
2.7344e-14
2.8912e-14
3.0568e-14
3.2316e-14
3.4162e-14
3.6111e-14
3.8169e-14
4.0341e-14
4.2634e-14
4.5054e-14
4.7608e-14
5.0304e-14
5.3148e-14
5.615e-14
5.9317e-14
6.2658e-14
6.6183e-14
6.9901e-14
7.3823e-14
7.796e-14
8.2324e-14
8.6925e-14
9.1778e-14
9.6894e-14
1.0229e-13
1.0798e-13
1.1397e-13
1.2029e-13
1.2696e-13
1.3398e-13
1.4138e-13
1.4918e-13
1.574e-13
1.6606e-13
1.7519e-13
1.8481e-13
1.9494e-13
2.0561e-13
2.1685e-13
2.2869e-13
2.4115e-13
2.5429e-13
2.6811e-13
2.8267e-13
2.98e-13
3.1415e-13
3.3114e-13
3.4903e-13
3.6785e-13
3.8767e-13
4.0853e-13
4.3048e-13
4.5358e-13
4.7788e-13
5.0346e-13
5.3036e-13
5.5867e-13
5.8844e-13
6.1976e-13
6.5271e-13
6.8735e-13
7.2379e-13
7.6211e-13
8.024e-13
8.4476e-13
8.8929e-13
9.3612e-13
9.8533e-13
1.0371e-12
1.0914e-12
1.1486e-12
1.2087e-12
1.2718e-12
1.3381e-12
1.4078e-12
1.481e-12
1.5579e-12
1.6387e-12
1.7235e-12
1.8127e-12
1.9063e-12
2.0046e-12
2.1078e-12
2.2162e-12
2.33e-12
2.4495e-12
2.575e-12
2.7066e-12
2.8449e-12
2.9899e-12
3.1422e-12
3.302e-12
3.4697e-12
3.6456e-12
3.8302e-12
4.0239e-12
4.227e-12
4.4402e-12
4.6637e-12
4.8982e-12
5.1441e-12
5.402e-12
5.6725e-12
5.956e-12
6.2533e-12
6.5651e-12
6.8918e-12
7.2344e-12
7.5934e-12
7.9697e-12
8.3642e-12
8.7775e-12
9.2106e-12
9.6644e-12
1.014e-11
1.0638e-11
1.116e-11
1.1707e-11
1.2279e-11
1.2879e-11
1.3507e-11
1.4165e-11
1.4854e-11
1.5575e-11
1.633e-11
1.7121e-11
1.7948e-11
1.8815e-11
1.9722e-11
2.0671e-11
2.1664e-11
2.2703e-11
2.3791e-11
2.4929e-11
2.612e-11
2.7366e-11
2.8669e-11
3.0033e-11
3.1459e-11
3.295e-11
3.451e-11
3.6141e-11
3.7847e-11
3.963e-11
4.1495e-11
4.3445e-11
4.5483e-11
4.7613e-11
4.984e-11
5.2167e-11
5.4599e-11
5.7141e-11
5.9797e-11
6.2572e-11
6.5471e-11
6.85e-11
7.1665e-11
7.497e-11
7.8422e-11
8.2028e-11
8.5794e-11
8.9727e-11
9.3833e-11
9.8121e-11
1.026e-10
1.0727e-10
1.1215e-10
1.1724e-10
1.2256e-10
1.2811e-10
1.339e-10
1.3994e-10
1.4624e-10
1.5282e-10
1.5968e-10
1.6684e-10
1.7431e-10
1.821e-10
1.9023e-10
1.987e-10
2.0754e-10
2.1676e-10
2.2637e-10
2.3639e-10
2.4684e-10
2.5773e-10
2.6908e-10
2.8092e-10
2.9325e-10
3.0611e-10
3.1951e-10
3.3347e-10
3.4802e-10
3.6317e-10
3.7897e-10
3.9542e-10
4.1256e-10
4.3041e-10
4.49e-10
4.6836e-10
4.8853e-10
5.0953e-10
5.3139e-10
5.5416e-10
5.7786e-10
6.0254e-10
6.2822e-10
6.5496e-10
6.8278e-10
7.1174e-10
7.4188e-10
7.7324e-10
8.0588e-10
8.3983e-10
8.7515e-10
9.119e-10
9.5012e-10
9.8988e-10
1.0312e-09
1.0742e-09
1.119e-09
1.1655e-09
1.2138e-09
1.2641e-09
1.3164e-09
1.3707e-09
1.4272e-09
1.4859e-09
1.5469e-09
1.6103e-09
1.6762e-09
1.7447e-09
1.8158e-09
1.8898e-09
1.9666e-09
2.0463e-09
2.1292e-09
2.2153e-09
2.3047e-09
2.3975e-09
2.4939e-09
2.594e-09
2.698e-09
2.8059e-09
2.9179e-09
3.0342e-09
3.1549e-09
3.2802e-09
3.4103e-09
3.5452e-09
3.6853e-09
3.8306e-09
3.9814e-09
4.1378e-09
4.3001e-09
4.4684e-09
4.643e-09
4.8241e-09
5.012e-09
5.2067e-09
5.4087e-09
5.6182e-09
5.8353e-09
6.0605e-09
6.2938e-09
6.5358e-09
6.7865e-09
7.0464e-09
7.3158e-09
7.5949e-09
7.8842e-09
8.1839e-09
8.4944e-09
8.8161e-09
9.1494e-09
9.4946e-09
9.8522e-09
1.0223e-08
1.0606e-08
1.1003e-08
1.1414e-08
1.184e-08
1.2281e-08
1.2738e-08
1.321e-08
1.3699e-08
1.4205e-08
1.4729e-08
1.5272e-08
1.5833e-08
1.6413e-08
1.7014e-08
1.7635e-08
1.8278e-08
1.8943e-08
1.9631e-08
2.0343e-08
2.1079e-08
2.184e-08
2.2627e-08
2.344e-08
2.4282e-08
2.5152e-08
2.6051e-08
2.698e-08
2.7941e-08
2.8934e-08
2.996e-08
3.1021e-08
3.2117e-08
3.3249e-08
3.4419e-08
3.5628e-08
3.6876e-08
3.8166e-08
3.9498e-08
4.0874e-08
4.2295e-08
4.3762e-08
4.5277e-08
4.6841e-08
4.8456e-08
5.0124e-08
5.1845e-08
5.3622e-08
5.5455e-08
5.7348e-08
5.9301e-08
6.1316e-08
6.3396e-08
6.5542e-08
6.7755e-08
7.0039e-08
7.2395e-08
7.4825e-08
7.7331e-08
7.9915e-08
8.2581e-08
8.5329e-08
8.8163e-08
9.1085e-08
9.4097e-08
9.7202e-08
1.004e-07
1.037e-07
1.071e-07
1.1061e-07
1.1422e-07
1.1794e-07
1.2177e-07
1.2572e-07
1.2979e-07
1.3398e-07
1.383e-07
1.4275e-07
1.4733e-07
1.5204e-07
1.569e-07
1.619e-07
1.6705e-07
1.7235e-07
1.7781e-07
1.8343e-07
1.8921e-07
1.9516e-07
2.0128e-07
2.0759e-07
2.1407e-07
2.2074e-07
2.2761e-07
2.3467e-07
2.4194e-07
2.4941e-07
2.571e-07
2.65e-07
2.7313e-07
2.8149e-07
2.9009e-07
2.9893e-07
3.0802e-07
3.1736e-07
3.2696e-07
3.3683e-07
3.4697e-07
3.574e-07
3.6811e-07
3.7912e-07
3.9043e-07
4.0205e-07
4.1399e-07
4.2626e-07
4.3886e-07
4.518e-07
4.6509e-07
4.7873e-07
4.9275e-07
5.0714e-07
5.2191e-07
5.3708e-07
5.5265e-07
5.6864e-07
5.8505e-07
6.0189e-07
6.1917e-07
6.369e-07
6.551e-07
6.7378e-07
6.9293e-07
7.1259e-07
7.3275e-07
7.5343e-07
7.7464e-07
7.9639e-07
8.187e-07
8.4158e-07
8.6504e-07
8.8909e-07
9.1374e-07
9.3902e-07
9.6493e-07
9.9149e-07
1.0187e-06
1.0466e-06
1.0752e-06
1.1045e-06
1.1345e-06
1.1652e-06
1.1967e-06
1.229e-06
1.2621e-06
1.2959e-06
1.3306e-06
1.3661e-06
1.4024e-06
1.4397e-06
1.4778e-06
1.5168e-06
1.5567e-06
1.5976e-06
1.6395e-06
1.6823e-06
1.7261e-06
1.771e-06
1.8169e-06
1.8638e-06
1.9119e-06
1.961e-06
2.0113e-06
2.0627e-06
2.1153e-06
2.169e-06
2.224e-06
2.2803e-06
2.3378e-06
2.3966e-06
2.4567e-06
2.5181e-06
2.5809e-06
2.645e-06
2.7106e-06
2.7777e-06
2.8461e-06
2.9161e-06
2.9876e-06
3.0606e-06
3.1353e-06
3.2115e-06
3.2893e-06
3.3688e-06
3.45e-06
3.5329e-06
3.6175e-06
3.7039e-06
3.7922e-06
3.8822e-06
3.9742e-06
4.068e-06
4.1637e-06
4.2615e-06
4.3612e-06
4.4629e-06
4.5668e-06
4.6727e-06
4.7807e-06
4.8909e-06
5.0033e-06
5.118e-06
5.2349e-06
5.3541e-06
5.4756e-06
5.5996e-06
5.7259e-06
5.8547e-06
5.986e-06
6.1198e-06
6.2562e-06
6.3952e-06
6.5369e-06
6.6812e-06
6.8282e-06
6.978e-06
7.1306e-06
7.286e-06
7.4443e-06
7.6056e-06
7.7698e-06
7.937e-06
8.1073e-06
8.2806e-06
8.4571e-06
8.6367e-06
8.8196e-06
9.0057e-06
9.1951e-06
9.3879e-06
9.584e-06
9.7836e-06
9.9867e-06
1.0193e-05
1.0403e-05
1.0617e-05
1.0835e-05
1.1056e-05
1.1281e-05
1.1509e-05
1.1742e-05
1.1978e-05
1.2218e-05
1.2463e-05
1.2711e-05
1.2963e-05
1.322e-05
1.348e-05
1.3745e-05
1.4014e-05
1.4287e-05
1.4565e-05
1.4847e-05
1.5134e-05
1.5425e-05
1.572e-05
1.602e-05
1.6325e-05
1.6634e-05
1.6948e-05
1.7267e-05
1.7591e-05
1.7919e-05
1.8252e-05
1.8591e-05
1.8934e-05
1.9282e-05
1.9636e-05
1.9994e-05
2.0358e-05
2.0727e-05
2.1101e-05
2.148e-05
2.1865e-05
2.2255e-05
2.265e-05
2.3051e-05
2.3458e-05
2.387e-05
2.4287e-05
2.471e-05
2.5139e-05
2.5574e-05
2.6014e-05
2.646e-05
2.6912e-05
2.737e-05
2.7833e-05
2.8303e-05
2.8778e-05
2.926e-05
2.9748e-05
3.0241e-05
3.0741e-05
3.1247e-05
3.1759e-05
3.2277e-05
3.2801e-05
3.3332e-05
3.3869e-05
3.4412e-05
3.4962e-05
3.5518e-05
3.608e-05
3.6649e-05
3.7224e-05
3.7805e-05
3.8394e-05
3.8988e-05
3.9589e-05
4.0197e-05
4.0811e-05
4.1432e-05
4.2059e-05
4.2693e-05
4.3334e-05
4.3981e-05
4.4634e-05
4.5295e-05
4.5962e-05
4.6635e-05
4.7316e-05
4.8003e-05
4.8696e-05
4.9397e-05
5.0104e-05
5.0817e-05
5.1538e-05
5.2265e-05
5.2998e-05
5.3738e-05
5.4485e-05
5.5239e-05
5.5999e-05
5.6765e-05
5.7539e-05
5.8318e-05
5.9105e-05
5.9898e-05
6.0697e-05
6.1503e-05
6.2315e-05
6.3134e-05
6.3959e-05
6.4791e-05
6.5629e-05
6.6473e-05
6.7323e-05
6.818e-05
6.9043e-05
6.9912e-05
7.0787e-05
7.1668e-05
7.2556e-05
7.3449e-05
7.4348e-05
7.5253e-05
7.6164e-05
7.7081e-05
7.8003e-05
7.8931e-05
7.9865e-05
8.0804e-05
8.1749e-05
8.2699e-05
8.3655e-05
8.4615e-05
8.5581e-05
8.6553e-05
8.7529e-05
8.851e-05
8.9496e-05
9.0487e-05
9.1483e-05
9.2483e-05
9.3488e-05
9.4497e-05
9.5511e-05
9.6529e-05
9.7551e-05
9.8578e-05
9.9608e-05
0.00010064
0.00010168
0.00010272
0.00010377
0.00010482
0.00010587
0.00010693
0.00010798
0.00010905
0.00011011
0.00011118
0.00011225
0.00011332
0.0001144
0.00011548
0.00011656
0.00011764
0.00011872
0.00011981
0.0001209
0.00012198
0.00012308
0.00012417
0.00012526
0.00012635
0.00012745
0.00012855
0.00012964
0.00013074
0.00013184
0.00013293
0.00013403
0.00013513
0.00013622
0.00013732
0.00013842
0.00013951
0.00014061
0.0001417
0.00014279
0.00014388
0.00014497
0.00014606
0.00014714
0.00014823
0.00014931
0.00015039
0.00015146
0.00015254
0.00015361
0.00015468
0.00015574
0.0001568
0.00015786
0.00015892
0.00015997
0.00016101
0.00016205
0.00016309
0.00016412
0.00016515
0.00016618
0.0001672
0.00016821
0.00016922
0.00017022
0.00017122
0.00017221
0.00017319
0.00017417
0.00017514
0.00017611
0.00017707
0.00017802
0.00017897
0.0001799
0.00018083
0.00018176
0.00018267
0.00018358
0.00018448
0.00018537
0.00018625
0.00018713
0.00018799
0.00018885
0.0001897
0.00019054
0.00019137
0.00019218
0.000193
0.0001938
0.00019459
0.00019537
0.00019614
0.0001969
0.00019765
0.00019838
0.00019911
0.00019983
0.00020053
0.00020123
0.00020191
0.00020258
0.00020324
0.00020389
0.00020453
0.00020515
0.00020577
0.00020637
0.00020696
0.00020753
0.00020809
0.00020865
0.00020918
0.00020971
0.00021022
0.00021072
0.0002112
0.00021168
0.00021213
0.00021258
0.00021301
0.00021343
0.00021383
0.00021423
0.0002146
0.00021497
0.00021531
0.00021565
0.00021597
0.00021628
0.00021657
0.00021685
0.00021711
0.00021736
0.00021759
0.00021781
0.00021802
0.00021821
0.00021838
0.00021854
0.00021869
0.00021882
0.00021894
0.00021904
0.00021913
0.0002192
0.00021926
0.0002193
0.00021933
0.00021934
0.00021934
0.00021932
0.00021929
0.00021924
0.00021918
0.0002191
0.00021901
0.0002189
0.00021878
0.00021864
0.00021849
0.00021833
0.00021815
0.00021795
0.00021774
0.00021752
0.00021728
0.00021702
0.00021676
0.00021647
0.00021618
0.00021587
0.00021554
0.0002152
0.00021485
0.00021448
0.0002141
0.0002137
0.0002133
0.00021287
0.00021244
0.00021199
0.00021152
0.00021105
0.00021056
0.00021005
0.00020954
0.00020901
0.00020847
0.00020791
0.00020735
0.00020677
0.00020617
0.00020557
0.00020495
0.00020432
0.00020368
0.00020303
0.00020237
0.00020169
0.00020101
0.00020031
0.0001996
0.00019888
0.00019815
0.0001974
0.00019665
0.00019589
0.00019512
0.00019433
0.00019354
0.00019274
0.00019192
0.0001911
0.00019027
0.00018943
0.00018858
0.00018772
0.00018685
0.00018597
0.00018509
0.00018419
0.00018329
0.00018238
0.00018146
0.00018054
0.00017961
0.00017867
0.00017772
0.00017677
0.0001758
0.00017484
0.00017386
0.00017288
0.0001719
0.0001709
0.0001699
0.0001689
0.00016789
0.00016688
0.00016586
0.00016483
0.0001638
0.00016277
0.00016173
0.00016068
0.00015964
0.00015859
0.00015753
0.00015647
0.00015541
0.00015434
0.00015328
0.0001522
0.00015113
0.00015005
0.00014897
0.00014789
0.00014681
0.00014572
0.00014464
0.00014355
0.00014246
0.00014136
0.00014027
0.00013918
0.00013808
0.00013699
0.00013589
0.00013479
0.0001337
0.0001326
0.0001315
0.00013041
0.00012931
0.00012821
0.00012712
0.00012602
0.00012493
0.00012384
0.00012275
0.00012166
0.00012057
0.00011948
0.0001184
0.00011731
0.00011623
0.00011515
0.00011408
0.000113
0.00011193
0.00011086
0.0001098
0.00010873
0.00010767
0.00010661
0.00010556
0.00010451
0.00010346
0.00010242
0.00010138
0.00010034
9.9309e-05
9.828e-05
9.7255e-05
9.6235e-05
9.5218e-05
9.4206e-05
9.3199e-05
9.2196e-05
9.1197e-05
9.0203e-05
8.9214e-05
8.823e-05
8.7251e-05
8.6277e-05
8.5307e-05
8.4343e-05
8.3385e-05
8.2431e-05
8.1483e-05
8.054e-05
7.9603e-05
7.8672e-05
7.7746e-05
7.6825e-05
7.5911e-05
7.5002e-05
7.4099e-05
7.3202e-05
7.2311e-05
7.1426e-05
7.0547e-05
6.9674e-05
6.8807e-05
6.7946e-05
6.7092e-05
6.6243e-05
6.5401e-05
6.4566e-05
6.3737e-05
6.2914e-05
6.2097e-05
6.1287e-05
6.0483e-05
5.9686e-05
5.8896e-05
5.8112e-05
5.7334e-05
5.6563e-05
5.5799e-05
5.5041e-05
5.4289e-05
5.3545e-05
5.2807e-05
5.2076e-05
5.1351e-05
5.0633e-05
4.9921e-05
4.9217e-05
4.8518e-05
4.7827e-05
4.7142e-05
4.6464e-05
4.5793e-05
4.5128e-05
4.4469e-05
4.3818e-05
4.3173e-05
4.2534e-05
4.1903e-05
4.1277e-05
4.0659e-05
4.0047e-05
3.9441e-05
3.8842e-05
3.8249e-05
3.7663e-05
3.7084e-05
3.6511e-05
3.5944e-05
3.5384e-05
3.483e-05
3.4282e-05
3.3741e-05
3.3206e-05
3.2677e-05
3.2154e-05
3.1638e-05
3.1128e-05
3.0624e-05
3.0126e-05
2.9634e-05
2.9148e-05
2.8669e-05
2.8195e-05
2.7727e-05
2.7265e-05
2.6809e-05
2.6359e-05
2.5915e-05
2.5476e-05
2.5043e-05
2.4616e-05
2.4194e-05
2.3778e-05
2.3368e-05
2.2963e-05
2.2564e-05
2.217e-05
2.1781e-05
2.1398e-05
2.102e-05
2.0648e-05
2.028e-05
1.9918e-05
1.9561e-05
1.9209e-05
1.8862e-05
1.852e-05
1.8183e-05
1.7851e-05
1.7524e-05
1.7202e-05
1.6884e-05
1.6571e-05
1.6263e-05
1.596e-05
1.5661e-05
1.5367e-05
1.5077e-05
1.4791e-05
1.451e-05
1.4234e-05
1.3962e-05
1.3694e-05
1.343e-05
1.317e-05
1.2915e-05
1.2664e-05
1.2416e-05
1.2173e-05
1.1934e-05
1.1699e-05
1.1467e-05
1.1239e-05
1.1015e-05
1.0795e-05
1.0579e-05
1.0366e-05
1.0156e-05
9.9507e-06
9.7484e-06
9.5497e-06
9.3543e-06
9.1623e-06
8.9737e-06
8.7883e-06
8.6062e-06
8.4273e-06
8.2515e-06
8.0789e-06
7.9093e-06
7.7428e-06
7.5793e-06
7.4187e-06
7.261e-06
7.1062e-06
6.9542e-06
6.805e-06
6.6586e-06
6.5149e-06
6.3738e-06
6.2354e-06
6.0995e-06
5.9662e-06
5.8355e-06
5.7072e-06
5.5813e-06
5.4579e-06
5.3368e-06
5.2181e-06
5.1016e-06
4.9874e-06
4.8755e-06
4.7657e-06
4.6581e-06
4.5526e-06
4.4492e-06
4.3478e-06
4.2485e-06
4.1511e-06
4.0558e-06
3.9623e-06
3.8707e-06
3.781e-06
3.6931e-06
3.607e-06
3.5227e-06
3.4401e-06
3.3592e-06
3.28e-06
3.2025e-06
3.1266e-06
3.0522e-06
2.9795e-06
2.9082e-06
2.8385e-06
2.7703e-06
2.7035e-06
2.6382e-06
2.5742e-06
2.5117e-06
2.4504e-06
2.3906e-06
2.332e-06
2.2747e-06
2.2187e-06
2.1639e-06
2.1103e-06
2.0579e-06
2.0066e-06
1.9565e-06
1.9075e-06
1.8597e-06
1.8129e-06
1.7671e-06
1.7224e-06
1.6787e-06
1.6361e-06
1.5943e-06
1.5536e-06
1.5138e-06
1.4749e-06
1.4369e-06
1.3998e-06
1.3635e-06
1.3282e-06
1.2936e-06
1.2598e-06
1.2269e-06
1.1947e-06
1.1633e-06
1.1327e-06
1.1027e-06
1.0735e-06
1.045e-06
1.0172e-06
9.9006e-07
9.6358e-07
9.3774e-07
9.1253e-07
8.8794e-07
8.6395e-07
8.4056e-07
8.1774e-07
7.9549e-07
7.7379e-07
7.5263e-07
7.32e-07
7.1189e-07
6.9229e-07
6.7317e-07
6.5455e-07
6.3639e-07
6.1869e-07
6.0145e-07
5.8465e-07
5.6828e-07
5.5233e-07
5.3679e-07
5.2165e-07
5.069e-07
4.9254e-07
4.7856e-07
4.6493e-07
4.5167e-07
4.3875e-07
4.2618e-07
4.1394e-07
4.0202e-07
3.9042e-07
3.7912e-07
3.6813e-07
3.5744e-07
3.4703e-07
3.369e-07
3.2704e-07
3.1745e-07
3.0813e-07
2.9905e-07
2.9022e-07
2.8164e-07
2.7329e-07
2.6517e-07
2.5727e-07
2.4959e-07
2.4213e-07
2.3487e-07
2.2781e-07
2.2095e-07
2.1429e-07
2.0781e-07
2.0151e-07
1.9539e-07
1.8944e-07
1.8366e-07
1.7805e-07
1.7259e-07
1.673e-07
1.6215e-07
1.5715e-07
1.5229e-07
1.4758e-07
1.43e-07
1.3855e-07
1.3424e-07
1.3004e-07
1.2597e-07
1.2202e-07
1.1819e-07
1.1447e-07
1.1086e-07
1.0735e-07
1.0395e-07
1.0065e-07
9.7448e-08
9.4341e-08
9.1327e-08
8.8403e-08
8.5567e-08
8.2817e-08
8.015e-08
7.7563e-08
7.5054e-08
7.2622e-08
7.0264e-08
6.7978e-08
6.5761e-08
6.3613e-08
6.1531e-08
5.9513e-08
5.7557e-08
5.5661e-08
5.3825e-08
5.2045e-08
5.0321e-08
4.8651e-08
4.7033e-08
4.5466e-08
4.3948e-08
4.2477e-08
4.1054e-08
3.9675e-08
3.834e-08
3.7047e-08
3.5795e-08
3.4584e-08
3.3411e-08
3.2276e-08
3.1177e-08
3.0114e-08
2.9085e-08
2.8089e-08
2.7125e-08
2.6193e-08
2.5291e-08
2.4418e-08
2.3574e-08
2.2758e-08
2.1968e-08
2.1205e-08
2.0466e-08
1.9752e-08
1.9061e-08
1.8394e-08
1.7748e-08
1.7124e-08
1.6521e-08
1.5938e-08
1.5375e-08
1.483e-08
1.4304e-08
1.3796e-08
1.3304e-08
1.283e-08
1.2371e-08
1.1928e-08
1.15e-08
1.1087e-08
1.0688e-08
1.0302e-08
9.93e-09
9.5706e-09
9.2235e-09
8.8884e-09
8.5649e-09
8.2526e-09
7.9512e-09
7.6603e-09
7.3795e-09
7.1085e-09
6.847e-09
6.5947e-09
6.3512e-09
6.1163e-09
5.8897e-09
5.6711e-09
5.4603e-09
5.2569e-09
5.0608e-09
4.8717e-09
4.6893e-09
4.5134e-09
4.3439e-09
4.1804e-09
4.0228e-09
3.8709e-09
3.7244e-09
3.5833e-09
3.4473e-09
3.3162e-09
3.1899e-09
3.0682e-09
2.9509e-09
2.8379e-09
2.7291e-09
2.6243e-09
2.5233e-09
2.426e-09
2.3323e-09
2.2421e-09
2.1553e-09
2.0716e-09
1.9911e-09
1.9136e-09
1.839e-09
1.7671e-09
1.698e-09
1.6314e-09
1.5674e-09
1.5057e-09
1.4464e-09
1.3893e-09
1.3344e-09
1.2816e-09
1.2308e-09
1.1819e-09
1.1349e-09
1.0897e-09
1.0462e-09
1.0044e-09
9.6414e-10
9.2547e-10
8.883e-10
8.5255e-10
8.182e-10
7.8517e-10
7.5342e-10
7.2291e-10
6.9359e-10
6.6541e-10
6.3834e-10
6.1232e-10
5.8733e-10
5.6331e-10
5.4025e-10
5.1809e-10
4.9681e-10
4.7637e-10
4.5673e-10
4.3788e-10
4.1978e-10
4.024e-10
3.8571e-10
3.6969e-10
3.5431e-10
3.3955e-10
3.2538e-10
3.1178e-10
2.9873e-10
2.8621e-10
2.7419e-10
2.6266e-10
2.516e-10
2.4099e-10
2.3081e-10
2.2104e-10
2.1167e-10
2.0269e-10
1.9407e-10
1.8581e-10
1.7789e-10
1.7029e-10
1.6301e-10
1.5603e-10
1.4934e-10
1.4292e-10
1.3677e-10
1.3088e-10
1.2523e-10
1.1982e-10
1.1463e-10
1.0966e-10
1.049e-10
1.0034e-10
9.5973e-11
9.1788e-11
8.778e-11
8.394e-11
8.0264e-11
7.6743e-11
7.3372e-11
7.0144e-11
6.7053e-11
6.4095e-11
6.1262e-11
5.8551e-11
5.5956e-11
5.3473e-11
5.1096e-11
4.8822e-11
4.6646e-11
4.4563e-11
4.2571e-11
4.0665e-11
3.8842e-11
3.7098e-11
3.543e-11
3.3835e-11
3.2309e-11
3.085e-11
2.9455e-11
2.8121e-11
2.6846e-11
2.5626e-11
2.4461e-11
2.3347e-11
2.2282e-11
2.1264e-11
2.0292e-11
1.9362e-11
1.8474e-11
1.7626e-11
1.6815e-11
1.604e-11
1.53e-11
1.4594e-11
1.3919e-11
1.3274e-11
1.2658e-11
1.207e-11
1.1509e-11
1.0973e-11
1.0461e-11
9.9724e-12
9.506e-12
9.0608e-12
8.6359e-12
8.2303e-12
7.8432e-12
7.4739e-12
7.1214e-12
6.7851e-12
6.4643e-12
6.1582e-12
5.8662e-12
5.5877e-12
5.322e-12
5.0687e-12
4.827e-12
4.5966e-12
4.3769e-12
4.1674e-12
3.9676e-12
3.7772e-12
3.5957e-12
3.4226e-12
3.2577e-12
3.1005e-12
2.9507e-12
2.808e-12
2.6719e-12
2.5423e-12
2.4188e-12
2.3012e-12
2.1891e-12
2.0823e-12
1.9807e-12
1.8838e-12
1.7916e-12
1.7038e-12
1.6201e-12
1.5405e-12
1.4647e-12
1.3925e-12
1.3238e-12
1.2584e-12
1.1961e-12
1.1369e-12
1.0805e-12
1.0268e-12
9.7574e-13
9.2715e-13
8.8093e-13
8.3695e-13
7.9511e-13
7.5531e-13
7.1746e-13
6.8146e-13
6.4722e-13
6.1466e-13
5.8369e-13
5.5425e-13
5.2626e-13
4.9965e-13
4.7436e-13
4.5031e-13
4.2745e-13
4.0573e-13
3.8508e-13
3.6546e-13
3.4682e-13
3.291e-13
3.1227e-13
2.9628e-13
2.8109e-13
2.6666e-13
2.5295e-13
2.3993e-13
2.2757e-13
2.1583e-13
2.0468e-13
1.941e-13
1.8404e-13
1.745e-13
1.6544e-13
1.5684e-13
1.4868e-13
1.4093e-13
1.3358e-13
1.266e-13
1.1998e-13
1.137e-13
1.0774e-13
1.0208e-13
9.672e-14
9.1631e-14
8.6803e-14
8.2225e-14
7.7882e-14
7.3765e-14
6.986e-14
6.6157e-14
6.2646e-14
5.9318e-14
5.6162e-14
5.3171e-14
5.0336e-14
4.7649e-14
4.5102e-14
4.2688e-14
4.0401e-14
3.8234e-14
3.6181e-14
3.4235e-14
3.2392e-14
3.0646e-14
2.8993e-14
2.7426e-14
2.5943e-14
2.4538e-14
2.3208e-14
2.1948e-14
2.0755e-14
1.9626e-14
1.8557e-14
1.7545e-14
1.6587e-14
1.568e-14
1.4822e-14
1.401e-14
1.3241e-14
1.2514e-14
1.1826e-14
1.1175e-14
1.0559e-14
9.9764e-15
9.4253e-15
8.904e-15
8.411e-15
7.9448e-15
7.5039e-15
7.087e-15
6.6928e-15
6.3201e-15
5.9677e-15
5.6346e-15
5.3198e-15
5.0222e-15
4.7409e-15
4.4751e-15
4.2239e-15
3.9865e-15
3.7622e-15
3.5503e-15
3.3501e-15
3.161e-15
2.9823e-15
2.8136e-15
2.6542e-15
2.5037e-15
2.3616e-15
2.2273e-15
2.1006e-15
1.9809e-15
1.868e-15
1.7613e-15
1.6607e-15
1.5656e-15
1.476e-15
1.3913e-15
1.3114e-15
1.2361e-15
1.1649e-15
1.0978e-15
1.0345e-15
9.7481e-16
9.1848e-16
8.6534e-16
8.1522e-16
7.6795e-16
7.2337e-16
6.8134e-16
6.417e-16
6.0433e-16
5.6909e-16
5.3588e-16
5.0457e-16
4.7505e-16
4.4724e-16
4.2102e-16
3.9631e-16
3.7303e-16
3.5109e-16
3.3042e-16
3.1095e-16
2.926e-16
2.7532e-16
2.5904e-16
2.437e-16
2.2926e-16
2.1566e-16
2.0286e-16
1.908e-16
1.7944e-16
1.6875e-16
1.5869e-16
1.4921e-16
1.403e-16
1.319e-16
1.24e-16
1.1657e-16
1.0957e-16
1.0299e-16
9.6793e-17
9.0965e-17
8.5482e-17
8.0324e-17
7.5473e-17
7.0909e-17
6.6617e-17
6.2581e-17
5.8785e-17
5.5215e-17
5.1859e-17
4.8704e-17
4.5737e-17
4.2948e-17
4.0327e-17
3.7863e-17
3.5547e-17
3.3371e-17
3.1325e-17
2.9403e-17
2.7597e-17
2.5901e-17
2.4307e-17
2.2809e-17
2.1402e-17
2.0081e-17
1.884e-17
1.7675e-17
1.658e-17
1.5552e-17
1.4587e-17
1.3681e-17
1.283e-17
1.2032e-17
1.1282e-17
1.0579e-17
9.9181e-18
9.2982e-18
8.7165e-18
8.1706e-18
7.6584e-18
7.1779e-18
6.727e-18
6.304e-18
5.9072e-18
5.535e-18
5.186e-18
4.8586e-18
4.5515e-18
4.2636e-18
3.9936e-18
3.7405e-18
3.5032e-18
3.2807e-18
3.0721e-18
2.8766e-18
2.6933e-18
2.5216e-18
2.3606e-18
2.2098e-18
2.0685e-18
1.9361e-18
1.812e-18
1.6958e-18
1.5869e-18
1.4849e-18
1.3894e-18
1.2999e-18
1.2161e-18
1.1376e-18
1.0641e-18
9.9534e-19
9.3093e-19
8.7062e-19
8.1417e-19
7.6133e-19
7.1186e-19
6.6557e-19
6.2224e-19
5.817e-19
5.4376e-19
5.0826e-19
4.7504e-19
4.4397e-19
4.149e-19
3.8771e-19
3.6227e-19
3.3849e-19
3.1624e-19
2.9543e-19
2.7598e-19
2.5778e-19
2.4077e-19
2.2487e-19
2.1001e-19
1.9611e-19
1.8312e-19
1.7098e-19
1.5963e-19
1.4903e-19
1.3912e-19
1.2986e-19
1.2121e-19
1.1313e-19
1.0558e-19
9.8527e-20
9.1938e-20
8.5785e-20
8.0038e-20
7.4671e-20
6.9659e-20
6.4979e-20
6.0609e-20
5.653e-20
5.2721e-20
4.9166e-20
4.5847e-20
4.275e-20
3.9859e-20
3.7161e-20
3.4643e-20
3.2294e-20
3.0102e-20
2.8056e-20
2.6148e-20
2.4369e-20
2.2708e-20
2.116e-20
1.9715e-20
1.8368e-20
1.7112e-20
1.5941e-20
1.4849e-20
1.3831e-20
1.2881e-20
1.1996e-20
1.1172e-20
1.0403e-20
9.6861e-21
9.0182e-21
8.3958e-21
7.8158e-21
7.2754e-21
6.7719e-21
6.3029e-21
5.8659e-21
5.4588e-21
5.0797e-21
4.7265e-21
4.3977e-21
4.0914e-21
3.8062e-21
3.5406e-21
3.2933e-21
3.0631e-21
2.8488e-21
2.6494e-21
2.4637e-21
2.2908e-21
2.13e-21
1.9803e-21
1.841e-21
1.7114e-21
1.5908e-21
1.4786e-21
1.3742e-21
1.2771e-21
1.1868e-21
1.1028e-21
1.0247e-21
9.5202e-22
8.8446e-22
8.2163e-22
7.6322e-22
7.0891e-22
6.5842e-22
6.1148e-22
5.6785e-22
5.273e-22
4.8961e-22
4.5459e-22
4.2204e-22
3.9179e-22
3.6369e-22
3.3758e-22
3.1333e-22
2.9079e-22
2.6986e-22
2.5042e-22
2.3237e-22
2.156e-22
2.0002e-22
1.8556e-22
1.7214e-22
1.5967e-22
1.481e-22
1.3735e-22
1.2738e-22
1.1812e-22
1.0953e-22
1.0156e-22
9.4159e-23
8.7293e-23
8.0922e-23
7.501e-23
6.9526e-23
6.4439e-23
5.9719e-23
5.5342e-23
5.1282e-23
4.7516e-23
4.4024e-23
4.0786e-23
3.7784e-23
3.5e-23
3.2419e-23
3.0026e-23
2.7808e-23
2.5753e-23
2.3847e-23
2.2081e-23
2.0444e-23
1.8928e-23
1.7523e-23
1.6221e-23
1.5014e-23
1.3897e-23
1.2861e-23
1.1903e-23
1.1014e-23
1.0192e-23
9.4299e-24
8.7245e-24
8.0712e-24
7.4664e-24
6.9064e-24
6.388e-24
5.9081e-24
5.4639e-24
5.0528e-24
4.6722e-24
4.3201e-24
3.9942e-24
3.6926e-24
3.4136e-24
3.1554e-24
2.9166e-24
2.6956e-24
2.4913e-24
2.3022e-24
2.1274e-24
1.9657e-24
1.8162e-24
1.6779e-24
1.5501e-24
1.4319e-24
1.3226e-24
1.2216e-24
1.1282e-24
1.0419e-24
9.621e-25
8.8837e-25
8.2024e-25
7.5728e-25
6.991e-25
6.4535e-25
5.957e-25
5.4982e-25
5.0745e-25
4.6831e-25
4.3215e-25
3.9877e-25
3.6793e-25
3.3946e-25
3.1317e-25
2.8889e-25
2.6648e-25
2.4579e-25
2.267e-25
2.0907e-25
1.928e-25
1.7778e-25
1.6392e-25
1.5113e-25
1.3933e-25
1.2845e-25
1.184e-25
1.0914e-25
1.0059e-25
9.2703e-26
8.543e-26
7.8722e-26
7.2536e-26
6.6832e-26
6.1572e-26
5.6722e-26
5.2251e-26
4.8129e-26
4.4329e-26
4.0826e-26
3.7598e-26
3.4622e-26
3.188e-26
2.9353e-26
2.7024e-26
2.4879e-26
2.2902e-26
2.1081e-26
1.9403e-26
1.7858e-26
1.6434e-26
1.5124e-26
1.3916e-26
1.2804e-26
1.1781e-26
1.0838e-26
9.9699e-27
9.1709e-27
8.4353e-27
7.7582e-27
7.135e-27
6.5613e-27
6.0334e-27
5.5476e-27
5.1006e-27
4.6892e-27
4.3108e-27
3.9626e-27
3.6423e-27
3.3476e-27
3.0766e-27
2.8273e-27
2.5981e-27
2.3872e-27
2.1934e-27
2.0151e-27
1.8512e-27
1.7005e-27
1.562e-27
1.4347e-27
1.3176e-27
1.21e-27
1.1112e-27
1.0203e-27
9.3679e-28
8.6007e-28
7.8958e-28
7.2481e-28
6.6531e-28
6.1066e-28
5.6046e-28
5.1434e-28
4.7199e-28
4.331e-28
3.9739e-28
3.6459e-28
3.3448e-28
3.0684e-28
2.8146e-28
2.5816e-28
2.3677e-28
2.1715e-28
1.9913e-28
1.826e-28
1.6743e-28
1.535e-28
1.4073e-28
1.2901e-28
1.1826e-28
1.084e-28
9.9349e-29
9.1051e-29
8.344e-29
7.646e-29
7.0059e-29
6.419e-29
5.8808e-29
5.3874e-29
4.9351e-29
4.5204e-29
4.1403e-29
3.7919e-29
3.4725e-29
3.1799e-29
2.9117e-29
2.6659e-29
2.4408e-29
2.2345e-29
2.0454e-29
1.8723e-29
1.7137e-29
1.5684e-29
1.4353e-29
1.3135e-29
1.2019e-29
1.0997e-29
1.0061e-29
9.2044e-30
8.42e-30
7.702e-30
7.0447e-30
6.4431e-30
5.8924e-30
5.3885e-30
4.9273e-30
4.5052e-30
4.1191e-30
3.7658e-30
3.4425e-30
3.1468e-30
2.8763e-30
2.6288e-30
2.4025e-30
2.1955e-30
2.0062e-30
1.8332e-30
1.6749e-30
1.5302e-30
1.3979e-30
1.2769e-30
1.1663e-30
1.0653e-30
9.729e-31
8.8848e-31
8.1132e-31
7.4082e-31
6.7639e-31
6.1753e-31
5.6375e-31
5.1462e-31
4.6974e-31
4.2874e-31
3.9129e-31
3.5709e-31
3.2586e-31
2.9734e-31
2.713e-31
2.4752e-31
2.2581e-31
2.0599e-31
1.8789e-31
1.7138e-31
1.563e-31
1.4254e-31
1.2999e-31
1.1853e-31
1.0807e-31
9.8533e-32
8.9829e-32
8.1888e-32
7.4644e-32
6.8036e-32
6.2009e-32
5.6512e-32
5.1499e-32
4.6927e-32
4.2758e-32
3.8957e-32
3.5491e-32
3.2332e-32
2.9451e-32
2.6826e-32
2.4433e-32
2.2252e-32
2.0264e-32
1.8452e-32
1.6801e-32
1.5297e-32
1.3927e-32
1.2678e-32
1.1541e-32
1.0505e-32
9.5612e-33
8.7017e-33
7.9189e-33
7.206e-33
6.5569e-33
5.9658e-33
5.4276e-33
4.9377e-33
4.4916e-33
4.0856e-33
3.716e-33
3.3797e-33
3.0735e-33
2.7949e-33
2.5414e-33
2.3107e-33
2.1008e-33
1.9099e-33
1.7362e-33
1.5781e-33
1.4344e-33
1.3037e-33
1.1848e-33
1.0766e-33
9.783e-34
8.8889e-34
8.0759e-34
7.3368e-34
6.6649e-34
6.0541e-34
5.4989e-34
4.9943e-34
4.5357e-34
4.1189e-34
3.7402e-34
3.396e-34
3.0833e-34
2.7992e-34
2.5411e-34
2.3067e-34
2.0937e-34
1.9003e-34
1.7246e-34
1.565e-34
1.4201e-34
1.2886e-34
1.1691e-34
1.0607e-34
9.6221e-35
8.7284e-35
7.917e-35
7.1807e-35
6.5123e-35
5.9058e-35
5.3554e-35
4.8559e-35
4.4027e-35
3.9916e-35
3.6186e-35
3.2802e-35
2.9733e-35
2.6949e-35
2.4424e-35
2.2134e-35
2.0057e-35
1.8174e-35
1.6467e-35
1.4919e-35
1.3515e-35
1.2243e-35
1.109e-35
1.0044e-35
9.097e-36
8.2384e-36
7.4604e-36
6.7553e-36
6.1165e-36
5.5377e-36
5.0133e-36
4.5382e-36
4.1079e-36
3.7182e-36
3.3652e-36
3.0455e-36
2.7559e-36
2.4938e-36
2.2564e-36
2.0415e-36
1.8469e-36
1.6707e-36
1.5113e-36
1.3669e-36
1.2363e-36
1.1181e-36
1.0111e-36
9.1428e-37
8.2668e-37
7.4743e-37
6.7572e-37
6.1085e-37
5.5217e-37
4.9909e-37
4.5109e-37
4.0767e-37
3.6841e-37
3.329e-37
3.008e-37
2.7177e-37
2.4553e-37
2.2181e-37
2.0036e-37
1.8098e-37
1.6346e-37
1.4762e-37
1.3332e-37
1.2038e-37
1.087e-37
9.8144e-38
8.8606e-38
7.999e-38
7.2206e-38
6.5176e-38
5.8826e-38
5.3091e-38
4.7912e-38
4.3235e-38
3.9012e-38
3.5199e-38
3.1756e-38
2.8648e-38
2.5843e-38
2.3311e-38
2.1025e-38
1.8962e-38
1.7101e-38
1.5421e-38
1.3905e-38
1.2537e-38
1.1303e-38
1.019e-38
9.1858e-39
8.28e-39
7.463e-39
6.7261e-39
6.0616e-39
5.4624e-39
4.922e-39
4.4348e-39
3.9956e-39
3.5996e-39
3.2426e-39
2.9209e-39
2.6309e-39
2.3695e-39
2.1339e-39
1.9216e-39
1.7303e-39
1.558e-39
1.4027e-39
1.2628e-39
1.1368e-39
1.0233e-39
9.2106e-40
8.2898e-40
7.4605e-40
6.7137e-40
6.0412e-40
5.4358e-40
4.8906e-40
4.3999e-40
3.9581e-40
3.5604e-40
3.2025e-40
2.8803e-40
2.5904e-40
2.3295e-40
2.0947e-40
1.8835e-40
1.6934e-40
1.5224e-40
1.3686e-40
1.2303e-40
1.1058e-40
9.9389e-41
8.9323e-41
8.0271e-41
7.2132e-41
6.4813e-41
5.8233e-41
5.2317e-41
4.6999e-41
4.2219e-41
3.7922e-41
3.406e-41
3.0589e-41
2.747e-41
2.4668e-41
2.215e-41
1.9887e-41
1.7854e-41
1.6028e-41
1.4388e-41
1.2915e-41
1.1592e-41
1.0403e-41
9.3362e-42
8.3779e-42
7.5175e-42
6.7449e-42
6.0514e-42
5.4287e-42
4.8698e-42
4.3682e-42
3.9179e-42
3.5138e-42
3.1512e-42
2.8258e-42
2.5338e-42
2.2719e-42
2.0368e-42
1.826e-42
1.6369e-42
1.4673e-42
1.3151e-42
1.1787e-42
1.0563e-42
9.4656e-43
8.4817e-43
7.5995e-43
6.8087e-43
6.0997e-43
5.4642e-43
4.8945e-43
4.3839e-43
3.9264e-43
3.5163e-43
3.1488e-43
2.8196e-43
2.5246e-43
2.2603e-43
2.0235e-43
1.8114e-43
1.6215e-43
1.4513e-43
1.2989e-43
1.1625e-43
1.0403e-43
9.3086e-44
8.3289e-44
7.4518e-44
6.6667e-44
5.9638e-44
5.3347e-44
4.7716e-44
4.2676e-44
3.8166e-44
3.4131e-44
3.052e-44
2.7289e-44
2.4398e-44
2.1812e-44
1.9499e-44
1.743e-44
1.5579e-44
1.3924e-44
1.2444e-44
1.1121e-44
9.9373e-45
8.8791e-45
7.9331e-45
7.0874e-45
6.3314e-45
5.6557e-45
5.0517e-45
4.5119e-45
4.0295e-45
3.5985e-45
3.2133e-45
2.8691e-45
2.5617e-45
2.287e-45
2.0416e-45
1.8225e-45
1.6267e-45
1.4519e-45
1.2958e-45
1.1564e-45
1.0319e-45
9.2072e-46
8.2148e-46
7.3289e-46
6.5381e-46
5.8322e-46
5.2022e-46
4.6399e-46
4.1381e-46
3.6903e-46
3.2907e-46
2.9342e-46
2.6161e-46
2.3324e-46
2.0793e-46
1.8535e-46
1.6521e-46
1.4725e-46
1.3124e-46
1.1695e-46
1.0422e-46
9.2864e-47
8.274e-47
7.3715e-47
6.567e-47
5.8498e-47
5.2107e-47
4.641e-47
4.1333e-47
3.681e-47
3.2779e-47
2.9187e-47
2.5987e-47
2.3136e-47
2.0597e-47
1.8335e-47
1.632e-47
1.4526e-47
1.2928e-47
1.1505e-47
1.0238e-47
9.11e-48
8.1056e-48
7.2115e-48
6.4155e-48
5.707e-48
5.0764e-48
4.5151e-48
4.0157e-48
3.5712e-48
3.1757e-48
2.8238e-48
2.5107e-48
2.2322e-48
1.9845e-48
1.7641e-48
1.5681e-48
1.3937e-48
1.2387e-48
1.1008e-48
9.7824e-49
8.6924e-49
7.7233e-49
6.8618e-49
6.096e-49
5.4152e-49
4.8102e-49
4.2724e-49
3.7945e-49
3.3699e-49
2.9925e-49
2.6572e-49
2.3593e-49
2.0947e-49
1.8596e-49
1.6508e-49
1.4653e-49
1.3006e-49
1.1543e-49
1.0244e-49
9.0909e-50
8.0667e-50
7.1575e-50
6.3502e-50
5.6337e-50
4.9976e-50
4.433e-50
3.932e-50
3.4873e-50
3.0927e-50
2.7426e-50
2.4319e-50
2.1563e-50
1.9118e-50
1.6949e-50
1.5025e-50
1.3318e-50
1.1805e-50
1.0462e-50
9.2721e-51
8.2167e-51
7.2809e-51
6.4512e-51
5.7157e-51
5.0637e-51
4.4857e-51
3.9735e-51
3.5195e-51
3.1171e-51
2.7606e-51
2.4446e-51
2.1647e-51
1.9167e-51
1.697e-51
1.5024e-51
1.33e-51
1.1773e-51
1.042e-51
9.2226e-52
8.162e-52
7.2229e-52
6.3914e-52
5.6552e-52
5.0034e-52
4.4265e-52
3.9158e-52
3.4638e-52
3.0638e-52
2.7098e-52
2.3965e-52
2.1193e-52
1.874e-52
1.657e-52
1.465e-52
1.2952e-52
1.145e-52
1.0121e-52
8.9458e-53
7.9065e-53
6.9876e-53
6.175e-53
5.4565e-53
4.8213e-53
4.2597e-53
3.7633e-53
3.3245e-53
2.9367e-53
2.5939e-53
2.291e-53
2.0233e-53
1.7867e-53
1.5778e-53
1.3931e-53
1.23e-53
1.0859e-53
9.5861e-54
8.4619e-54
7.469e-54
6.5922e-54
5.8178e-54
5.1341e-54
4.5304e-54
3.9975e-54
3.5269e-54
3.1116e-54
2.7449e-54
2.4213e-54
2.1357e-54
1.8837e-54
1.6613e-54
1.465e-54
1.2919e-54
1.1391e-54
1.0043e-54
8.8542e-55
7.8054e-55
6.8805e-55
6.0647e-55
5.3452e-55
4.7108e-55
4.1514e-55
3.6582e-55
3.2233e-55
2.8399e-55
2.502e-55
2.2041e-55
1.9416e-55
1.7102e-55
1.5062e-55
1.3265e-55
1.1682e-55
1.0287e-55
9.0577e-56
7.9749e-56
7.021e-56
6.1808e-56
5.4407e-56
4.789e-56
4.215e-56
3.7095e-56
3.2645e-56
2.8726e-56
2.5276e-56
2.2239e-56
1.9565e-56
1.7212e-56
1.514e-56
1.3317e-56
1.1713e-56
1.0301e-56
9.0589e-57
7.9659e-57
7.0043e-57
6.1584e-57
5.4142e-57
4.7596e-57
4.1839e-57
3.6776e-57
3.2323e-57
2.8407e-57
2.4964e-57
2.1937e-57
1.9275e-57
1.6935e-57
1.4878e-57
1.307e-57
1.1481e-57
1.0085e-57
8.8576e-58
7.7791e-58
6.8315e-58
5.9989e-58
5.2673e-58
4.6247e-58
4.0602e-58
3.5643e-58
3.1288e-58
2.7463e-58
2.4104e-58
2.1155e-58
1.8565e-58
1.6291e-58
1.4294e-58
1.2541e-58
1.1003e-58
9.6524e-59
8.467e-59
7.4268e-59
6.5139e-59
5.7128e-59
5.0098e-59
4.3931e-59
3.852e-59
3.3773e-59
2.9609e-59
2.5957e-59
2.2754e-59
1.9944e-59
1.748e-59
1.532e-59
1.3425e-59
1.1764e-59
1.0308e-59
9.0316e-60
7.9126e-60
6.9317e-60
6.072e-60
5.3185e-60
4.6583e-60
4.0797e-60
3.5727e-60
3.1285e-60
2.7393e-60
2.3984e-60
2.0998e-60
1.8382e-60
1.6091e-60
1.4084e-60
1.2327e-60
1.0788e-60
9.4412e-61
8.2616e-61
7.2288e-61
6.3248e-61
5.5334e-61
4.8407e-61
4.2344e-61
3.7038e-61
3.2394e-61
2.8331e-61
2.4775e-61
2.1665e-61
1.8943e-61
1.6563e-61
1.448e-61
1.2658e-61
1.1065e-61
9.6719e-62
8.4534e-62
7.3879e-62
6.4562e-62
5.6417e-62
4.9295e-62
4.307e-62
3.7628e-62
3.2872e-62
2.8714e-62
2.5081e-62
2.1906e-62
1.9131e-62
1.6707e-62
1.4589e-62
1.2739e-62
1.1122e-62
9.7099e-63
8.4765e-63
7.3993e-63
6.4585e-63
5.637e-63
4.9196e-63
4.2932e-63
3.7463e-63
3.2688e-63
2.852e-63
2.4882e-63
2.1706e-63
1.8934e-63
1.6515e-63
1.4404e-63
1.2562e-63
1.0955e-63
9.5529e-64
8.3295e-64
7.2623e-64
6.3314e-64
5.5195e-64
4.8113e-64
4.1937e-64
3.6551e-64
3.1855e-64
2.776e-64
2.419e-64
2.1077e-64
1.8364e-64
1.5999e-64
1.3937e-64
1.214e-64
1.0575e-64
9.2101e-65
8.0211e-65
6.9851e-65
6.0825e-65
5.2961e-65
4.6111e-65
4.0144e-65
3.4947e-65
3.042e-65
2.6478e-65
2.3046e-65
2.0056e-65
1.7454e-65
1.5188e-65
1.3215e-65
1.1498e-65
1.0003e-65
8.7016e-66
7.5693e-66
6.5838e-66
5.7262e-66
4.98e-66
4.3307e-66
3.7658e-66
3.2743e-66
2.8468e-66
2.475e-66
2.1515e-66
1.8702e-66
1.6256e-66
1.4129e-66
1.2279e-66
1.067e-66
9.2721e-67
8.0564e-67
6.9996e-67
6.081e-67
5.2826e-67
4.5887e-67
3.9857e-67
3.4617e-67
3.0064e-67
2.6107e-67
2.267e-67
1.9684e-67
1.709e-67
1.4837e-67
1.288e-67
1.118e-67
9.7041e-68
8.4223e-68
7.3093e-68
6.343e-68
5.504e-68
4.7757e-68
4.1434e-68
3.5946e-68
3.1183e-68
2.7049e-68
2.3461e-68
2.0348e-68
1.7647e-68
1.5303e-68
1.327e-68
1.1506e-68
9.9755e-69
8.6482e-69
7.4969e-69
6.4985e-69
5.6326e-69
4.8818e-69
4.2307e-69
3.6662e-69
3.1769e-69
2.7526e-69
2.3848e-69
2.0661e-69
1.7898e-69
1.5503e-69
1.3428e-69
1.163e-69
1.0072e-69
8.7219e-70
7.5524e-70
6.5392e-70
5.6615e-70
4.9013e-70
4.2429e-70
3.6727e-70
3.1789e-70
2.7512e-70
2.381e-70
2.0604e-70
1.7829e-70
1.5426e-70
1.3346e-70
1.1546e-70
9.9881e-71
8.6396e-71
7.4727e-71
6.463e-71
5.5893e-71
4.8333e-71
4.1793e-71
3.6136e-71
3.1242e-71
2.7009e-71
2.3348e-71
2.0182e-71
1.7444e-71
1.5076e-71
1.3029e-71
1.1259e-71
9.7284e-72
8.4056e-72
7.2621e-72
6.2738e-72
5.4195e-72
4.6813e-72
4.0433e-72
3.4921e-72
3.0157e-72
2.6042e-72
2.2487e-72
1.9415e-72
1.6762e-72
1.4471e-72
1.2492e-72
1.0783e-72
9.3066e-73
8.0321e-73
6.9317e-73
5.9815e-73
5.1613e-73
4.4532e-73
3.842e-73
3.3145e-73
2.8592e-73
2.4662e-73
2.1271e-73
1.8345e-73
1.5821e-73
1.3643e-73
1.1764e-73
1.0143e-73
8.7443e-74
7.5383e-74
6.4982e-74
5.6012e-74
4.8277e-74
4.1607e-74
3.5856e-74
3.0898e-74
2.6623e-74
2.2939e-74
1.9762e-74
1.7025e-74
1.4666e-74
1.2632e-74
1.088e-74
9.3703e-75
8.0695e-75
6.9487e-75
5.9832e-75
5.1515e-75
4.4351e-75
3.818e-75
3.2866e-75
2.8289e-75
2.4348e-75
2.0955e-75
1.8033e-75
1.5518e-75
1.3352e-75
1.1488e-75
9.8834e-76
8.5023e-76
7.3137e-76
6.2909e-76
5.4107e-76
4.6533e-76
4.0017e-76
3.441e-76
2.9588e-76
2.5439e-76
2.187e-76
1.8801e-76
1.6161e-76
1.3891e-76
1.1939e-76
1.0261e-76
8.8177e-77
7.577e-77
6.5105e-77
5.5936e-77
4.8056e-77
4.1283e-77
3.5461e-77
3.0459e-77
2.616e-77
2.2467e-77
1.9294e-77
1.6567e-77
1.4225e-77
1.2213e-77
1.0485e-77
9.0011e-78
7.7264e-78
6.6318e-78
5.6919e-78
4.8848e-78
4.1919e-78
3.597e-78
3.0863e-78
2.648e-78
2.2717e-78
1.9488e-78
1.6716e-78
1.4338e-78
1.2297e-78
1.0546e-78
9.0438e-79
7.7549e-79
6.6493e-79
5.7008e-79
4.8873e-79
4.1896e-79
3.5913e-79
3.0782e-79
2.6382e-79
2.2609e-79
1.9375e-79
1.6602e-79
1.4225e-79
1.2187e-79
1.0441e-79
8.9439e-80
7.6611e-80
6.5619e-80
5.62e-80
4.8129e-80
4.1215e-80
3.5291e-80
3.0217e-80
2.587e-80
2.2148e-80
1.8959e-80
1.6228e-80
1.389e-80
1.1888e-80
1.0174e-80
8.7059e-81
7.4494e-81
6.3738e-81
5.4531e-81
4.6651e-81
3.9907e-81
3.4135e-81
2.9196e-81
2.497e-81
2.1354e-81
1.8261e-81
1.5614e-81
1.335e-81
1.1414e-81
9.7575e-82
8.341e-82
7.1296e-82
6.0937e-82
5.208e-82
4.4507e-82
3.8032e-82
3.2497e-82
2.7766e-82
2.3722e-82
2.0265e-82
1.7311e-82
1.4786e-82
1.2629e-82
1.0786e-82
9.211e-83
7.8655e-83
6.7161e-83
5.7342e-83
4.8955e-83
4.1793e-83
3.5675e-83
3.0451e-83
2.599e-83
2.2181e-83
1.8929e-83
1.6152e-83
1.3782e-83
1.1759e-83
1.0032e-83
8.5582e-84
7.3004e-84
6.2269e-84
5.311e-84
4.5294e-84
3.8626e-84
3.2937e-84
2.8084e-84
2.3945e-84
2.0414e-84
1.7402e-84
1.4834e-84
1.2644e-84
1.0776e-84
9.1841e-85
7.8265e-85
6.6691e-85
5.6825e-85
4.8415e-85
4.1246e-85
3.5137e-85
2.993e-85
2.5493e-85
2.1713e-85
1.8491e-85
1.5747e-85
1.3409e-85
1.1417e-85
9.7203e-86
8.2753e-86
7.0446e-86
5.9964e-86
5.1039e-86
4.3439e-86
3.6968e-86
3.1459e-86
2.6769e-86
2.2777e-86
1.9378e-86
1.6486e-86
1.4024e-86
1.1929e-86
1.0146e-86
8.6296e-87
7.3389e-87
6.2408e-87
5.3067e-87
4.512e-87
3.8361e-87
3.2612e-87
2.7723e-87
2.3565e-87
2.0029e-87
1.7023e-87
1.4466e-87
1.2293e-87
1.0446e-87
8.8753e-88
7.5404e-88
6.4059e-88
5.4416e-88
4.6222e-88
3.9259e-88
3.3342e-88
2.8316e-88
2.4045e-88
2.0417e-88
1.7335e-88
1.4717e-88
1.2494e-88
1.0606e-88
9.0025e-89
7.6409e-89
6.4848e-89
5.5033e-89
4.6699e-89
3.9625e-89
3.362e-89
2.8523e-89
2.4197e-89
2.0526e-89
1.7411e-89
1.4767e-89
1.2524e-89
1.0621e-89
9.006e-90
7.6363e-90
6.4745e-90
5.4891e-90
4.6533e-90
3.9445e-90
3.3434e-90
2.8337e-90
2.4016e-90
2.0352e-90
1.7246e-90
1.4613e-90
1.2381e-90
1.0489e-90
8.8855e-91
7.5267e-91
6.3753e-91
5.3996e-91
4.5729e-91
3.8725e-91
3.2791e-91
2.7765e-91
2.3508e-91
1.9902e-91
1.6847e-91
1.4261e-91
1.2071e-91
1.0216e-91
8.646e-92
7.3166e-92
6.1911e-92
5.2384e-92
4.432e-92
3.7495e-92
3.1719e-92
2.683e-92
2.2694e-92
1.9193e-92
1.6232e-92
1.3726e-92
1.1607e-92
9.8137e-93
8.2971e-93
7.0144e-93
5.9296e-93
5.0122e-93
4.2364e-93
3.5804e-93
3.0258e-93
2.557e-93
2.1606e-93
1.8255e-93
1.5423e-93
1.303e-93
1.1007e-93
9.2973e-94
7.8527e-94
6.6321e-94
5.6009e-94
4.7296e-94
3.9936e-94
3.3719e-94
2.8468e-94
2.4033e-94
2.0287e-94
1.7124e-94
1.4453e-94
1.2198e-94
1.0294e-94
8.6867e-95
7.3297e-95
6.1843e-95
5.2175e-95
4.4015e-95
3.7129e-95
3.1318e-95
2.6415e-95
2.2277e-95
1.8787e-95
1.5842e-95
1.3358e-95
1.1262e-95
9.495e-96
8.0044e-96
6.7473e-96
5.6873e-96
4.7934e-96
4.0398e-96
3.4044e-96
2.8687e-96
2.4172e-96
2.0365e-96
1.7157e-96
1.4454e-96
1.2175e-96
1.0255e-96
8.6372e-97
7.274e-97
6.1256e-97
5.1581e-97
4.3431e-97
3.6566e-97
3.0785e-97
2.5915e-97
2.1814e-97
1.8361e-97
1.5453e-97
1.3005e-97
1.0944e-97
9.2092e-98
7.7486e-98
6.5192e-98
5.4845e-98
4.6137e-98
3.8809e-98
3.2642e-98
2.7454e-98
2.3088e-98
1.9415e-98
1.6326e-98
1.3727e-98
1.1541e-98
9.7022e-99
8.1559e-99
6.8556e-99
5.7622e-99
4.8428e-99
4.0699e-99
3.42e-99
2.8738e-99
2.4146e-99
2.0286e-99
1.7042e-99
1.4316e-99
1.2025e-99
1.01e-99
8.4825e-100
7.1235e-100
5.9819e-100
5.0228e-100
4.2173e-100
3.5406e-100
2.9723e-100
2.4951e-100
2.0943e-100
1.7578e-100
1.4753e-100
1.238e-100
1.0389e-100
8.7171e-101
7.3138e-101
6.136e-101
5.1475e-101
4.3179e-101
3.6218e-101
3.0377e-101
2.5476e-101
2.1364e-101
1.7915e-101
1.5022e-101
1.2594e-101
1.0559e-101
8.8515e-102
7.4198e-102
6.2192e-102
5.2125e-102
4.3684e-102
3.6608e-102
3.0675e-102
2.5703e-102
2.1535e-102
1.8041e-102
1.5113e-102
1.266e-102
1.0604e-102
8.8809e-103
7.4376e-103
6.2283e-103
5.2154e-103
4.3668e-103
3.6561e-103
3.0608e-103
2.5622e-103
2.1447e-103
1.7952e-103
1.5024e-103
1.2574e-103
1.0522e-103
8.8043e-104
7.3666e-104
6.1632e-104
5.1561e-104
4.3132e-104
3.6078e-104
3.0176e-104
2.5238e-104
2.1106e-104
1.765e-104
1.4758e-104
1.2339e-104
1.0316e-104
8.6244e-105
7.2094e-105
6.0262e-105
5.0367e-105
4.2095e-105
3.5178e-105
2.9396e-105
2.4563e-105
2.0523e-105
1.7146e-105
1.4324e-105
1.1965e-105
9.9943e-106
8.3474e-106
6.9715e-106
5.8219e-106
4.8615e-106
4.0593e-106
3.3892e-106
2.8295e-106
2.3621e-106
1.9718e-106
1.6458e-106
1.3736e-106
1.1464e-106
9.5668e-107
7.983e-107
6.661e-107
5.5575e-107
4.6365e-107
3.8678e-107
3.2263e-107
2.6911e-107
2.2445e-107
1.8718e-107
1.561e-107
1.3016e-107
1.0853e-107
9.0485e-108
7.5435e-108
6.2885e-108
5.2418e-108
4.3691e-108
3.6414e-108
3.0347e-108
2.5289e-108
2.1072e-108
1.7558e-108
1.4628e-108
1.2187e-108
1.0152e-108
8.4561e-109
7.0432e-109
5.866e-109
4.8851e-109
4.068e-109
3.3873e-109
2.8204e-109
2.3481e-109
1.9548e-109
1.6273e-109
1.3545e-109
1.1274e-109
9.3827e-110
7.8083e-110
6.4976e-110
5.4066e-110
4.4984e-110
3.7425e-110
3.1134e-110
2.5899e-110
2.1543e-110
1.7918e-110
1.4902e-110
1.2392e-110
1.0305e-110
8.5684e-111
7.1241e-111
5.9228e-111
4.9237e-111
4.0929e-111
3.402e-111
2.8275e-111
2.3499e-111
1.9528e-111
1.6227e-111
1.3483e-111
1.1202e-111
9.3068e-112
7.7314e-112
6.4222e-112
5.3343e-112
4.4304e-112
3.6794e-112
3.0555e-112
2.5372e-112
2.1067e-112
1.7491e-112
1.4521e-112
1.2054e-112
1.0006e-112
8.3051e-113
6.8929e-113
5.7204e-113
4.747e-113
3.939e-113
3.2683e-113
2.7116e-113
2.2495e-113
1.8661e-113
1.5479e-113
1.2839e-113
1.0648e-113
8.8305e-114
7.3227e-114
6.0719e-114
5.0344e-114
4.1739e-114
3.4603e-114
2.8684e-114
2.3776e-114
1.9707e-114
1.6332e-114
1.3535e-114
1.1216e-114
9.2936e-115
7.7001e-115
6.3794e-115
5.2849e-115
4.3778e-115
3.6262e-115
3.0034e-115
2.4874e-115
2.0599e-115
1.7057e-115
1.4124e-115
1.1694e-115
9.6812e-116
8.0145e-116
6.6342e-116
5.4913e-116
4.5449e-116
3.7614e-116
3.1127e-116
2.5757e-116
2.1312e-116
1.7633e-116
1.4588e-116
1.2068e-116
9.9824e-117
8.2567e-117
6.8289e-117
5.6476e-117
4.6703e-117
3.8619e-117
3.1931e-117
2.64e-117
2.1825e-117
1.8042e-117
1.4914e-117
1.2327e-117
1.0188e-117
8.4196e-118
6.9577e-118
5.7492e-118
4.7502e-118
3.9246e-118
3.2422e-118
2.6783e-118
2.2123e-118
1.8273e-118
1.5092e-118
1.2463e-118
1.0292e-118
8.4981e-119
7.0166e-119
5.7929e-119
4.7823e-119
3.9477e-119
3.2585e-119
2.6895e-119
2.2197e-119
1.8318e-119
1.5116e-119
1.2472e-119
1.0291e-119
8.49e-120
7.0039e-120
5.7775e-120
4.7655e-120
3.9305e-120
3.2416e-120
2.6732e-120
2.2043e-120
1.8176e-120
1.4986e-120
1.2355e-120
1.0185e-120
8.3954e-121
6.9199e-121
5.7033e-121
4.7003e-121
3.8734e-121
3.1918e-121
2.6299e-121
2.1668e-121
1.7851e-121
1.4705e-121
1.2113e-121
9.977e-122
8.2171e-122
6.7672e-122
5.5727e-122
4.5887e-122
3.7782e-122
3.1107e-122
2.5609e-122
2.1081e-122
1.7353e-122
1.4283e-122
1.1755e-122
9.6738e-123
7.9606e-123
6.5503e-123
5.3895e-123
4.4341e-123
3.6478e-123
3.0007e-123
2.4683e-123
2.0301e-123
1.6696e-123
1.3731e-123
1.1291e-123
9.2841e-124
7.6334e-124
6.2758e-124
5.1592e-124
4.241e-124
3.4859e-124
2.8651e-124
2.3547e-124
1.9351e-124
1.5901e-124
1.3065e-124
1.0735e-124
8.8192e-125
7.245e-125
5.9513e-125
4.8883e-125
4.0149e-125
3.2973e-125
2.7077e-125
2.2234e-125
1.8256e-125
1.4989e-125
1.2306e-125
1.0102e-125
8.2921e-126
6.8061e-126
5.586e-126
4.5843e-126
3.762e-126
3.087e-126
2.5329e-126
2.0781e-126
1.7048e-126
1.3985e-126
1.1472e-126
9.4091e-127
7.7169e-127
6.3286e-127
5.1897e-127
4.2554e-127
3.4891e-127
2.8606e-127
2.3451e-127
1.9224e-127
1.5757e-127
1.2915e-127
1.0585e-127
8.6744e-128
7.1083e-128
5.8245e-128
4.7722e-128
3.9097e-128
3.2029e-128
2.6237e-128
2.1491e-128
1.7602e-128
1.4416e-128
1.1805e-128
9.667e-129
7.9154e-129
6.4808e-129
5.3057e-129
4.3435e-129
3.5555e-129
2.9102e-129
2.3819e-129
1.9493e-129
1.5952e-129
1.3053e-129
1.0681e-129
8.7385e-130
7.1491e-130
5.8483e-130
4.7839e-130
3.9129e-130
3.2002e-130
2.6172e-130
2.1402e-130
1.7501e-130
1.4309e-130
1.1699e-130
9.5643e-131
7.8185e-131
6.3909e-131
5.2236e-131
4.2692e-131
3.489e-131
2.8511e-131
2.3297e-131
1.9035e-131
1.5551e-131
1.2705e-131
1.0378e-131
8.4772e-132
6.9239e-132
5.6548e-132
4.618e-132
3.771e-132
3.0792e-132
2.5141e-132
2.0525e-132
1.6756e-132
1.3678e-132
1.1165e-132
9.1124e-133
7.4368e-133
6.069e-133
4.9523e-133
4.0409e-133
3.2969e-133
2.6898e-133
2.1942e-133
1.7899e-133
1.4599e-133
1.1907e-133
9.7109e-134
7.9191e-134
6.4575e-134
5.2652e-134
4.2928e-134
3.4997e-134
2.853e-134
2.3256e-134
1.8955e-134
1.5449e-134
1.259e-134
1.026e-134
8.3602e-135
6.8118e-135
5.5498e-135
4.5212e-135
3.6831e-135
3.0001e-135
2.4435e-135
1.9901e-135
1.6207e-135
1.3198e-135
1.0747e-135
8.7499e-136
7.1237e-136
5.7993e-136
4.7209e-136
3.8427e-136
3.1276e-136
2.5454e-136
2.0715e-136
1.6856e-136
1.3716e-136
1.116e-136
9.079e-137
7.3859e-137
6.008e-137
4.8869e-137
3.9747e-137
3.2325e-137
2.6287e-137
2.1376e-137
1.7381e-137
1.4131e-137
1.1489e-137
9.3395e-138
7.5918e-138
6.1707e-138
5.0153e-138
4.0759e-138
3.3122e-138
2.6914e-138
2.1869e-138
1.7767e-138
1.4434e-138
1.1726e-138
9.5247e-139
7.7363e-139
6.2832e-139
5.1027e-139
4.1437e-139
3.3647e-139
2.7319e-139
2.218e-139
1.8006e-139
1.4617e-139
1.1865e-139
9.6301e-140
7.8157e-140
6.3427e-140
5.147e-140
4.1764e-140
3.3886e-140
2.7491e-140
2.2302e-140
1.8091e-140
1.4675e-140
1.1902e-140
9.6528e-141
7.828e-141
6.3477e-141
5.147e-141
4.1731e-141
3.3832e-141
2.7427e-141
2.2232e-141
1.802e-141
1.4605e-141
1.1837e-141
9.5922e-142
7.7728e-142
6.298e-142
5.1027e-142
4.1339e-142
3.3488e-142
2.7126e-142
2.1972e-142
1.7795e-142
1.4412e-142
1.167e-142
9.45e-143
7.6515e-143
6.1949e-143
5.0151e-143
4.0598e-143
3.2862e-143
2.6598e-143
2.1527e-143
1.7421e-143
1.4098e-143
1.1407e-143
9.2297e-144
7.4673e-144
6.0409e-144
4.8867e-144
3.9527e-144
3.197e-144
2.5856e-144
2.091e-144
1.6909e-144
1.3672e-144
1.1054e-144
8.9369e-145
7.2247e-145
5.8401e-145
4.7205e-145
3.8153e-145
3.0834e-145
2.4918e-145
2.0135e-145
1.6269e-145
1.3145e-145
1.062e-145
8.5789e-146
6.9298e-146
5.5973e-146
4.5207e-146
3.6509e-146
2.9483e-146
2.3807e-146
1.9222e-146
1.552e-146
1.2529e-146
1.0114e-146
8.1642e-147
6.5896e-147
5.3184e-147
4.2921e-147
3.4635e-147
2.7948e-147
2.255e-147
1.8193e-147
1.4677e-147
1.1839e-147
9.5499e-148
7.7026e-148
6.2122e-148
5.0098e-148
4.0398e-148
3.2575e-148
2.6264e-148
2.1174e-148
1.707e-148
1.376e-148
1.1091e-148
8.9394e-149
7.2045e-149
5.8059e-149
4.6784e-149
3.7697e-149
3.0372e-149
2.4469e-149
1.9712e-149
1.5878e-149
1.2789e-149
1.0301e-149
8.2957e-150
6.6805e-150
5.3794e-150
4.3313e-150
3.4873e-150
2.8075e-150
2.26e-150
1.8192e-150
1.4643e-150
1.1785e-150
9.4841e-151
7.632e-151
6.1412e-151
4.9412e-151
3.9754e-151
3.1982e-151
2.5727e-151
2.0694e-151
1.6645e-151
1.3386e-151
1.0765e-151
8.6569e-152
6.9609e-152
5.5967e-152
4.4996e-152
3.6173e-152
2.9078e-152
2.3372e-152
1.8785e-152
1.5097e-152
1.2133e-152
9.7494e-153
7.8337e-153
6.294e-153
5.0566e-153
4.0621e-153
3.263e-153
2.6209e-153
2.105e-153
1.6906e-153
1.3576e-153
1.0901e-153
8.7531e-154
7.0276e-154
5.6419e-154
4.5291e-154
3.6355e-154
2.918e-154
2.342e-154
1.8795e-154
1.5083e-154
1.2103e-154
9.7106e-155
7.7908e-155
6.2501e-155
5.0138e-155
4.0217e-155
3.2257e-155
2.587e-155
2.0747e-155
1.6637e-155
1.334e-155
1.0696e-155
8.5752e-156
6.8745e-156
5.5106e-156
4.4171e-156
3.5403e-156
2.8373e-156
2.2738e-156
1.822e-156
1.4599e-156
1.1697e-156
9.3712e-157
7.5072e-157
6.0136e-157
4.8167e-157
3.8578e-157
3.0896e-157
2.4742e-157
1.9812e-157
1.5863e-157
1.2701e-157
1.0168e-157
8.1397e-158
6.5155e-158
5.215e-158
4.1739e-158
3.3403e-158
2.673e-158
2.1389e-158
1.7114e-158
1.3692e-158
1.0954e-158
8.7624e-159
7.0089e-159
5.606e-159
4.4835e-159
3.5856e-159
2.8672e-159
2.2926e-159
1.8331e-159
1.4655e-159
1.1716e-159
9.3654e-160
7.4859e-160
5.9832e-160
4.7818e-160
3.8213e-160
3.0536e-160
2.4399e-160
1.9494e-160
1.5574e-160
1.2442e-160
9.9383e-161
7.9382e-161
6.3401e-161
5.0634e-161
4.0435e-161
3.2288e-161
2.5781e-161
2.0583e-161
1.6433e-161
1.3118e-161
1.0471e-161
8.3577e-162
6.6704e-162
5.3234e-162
4.248e-162
3.3897e-162
2.7046e-162
2.1578e-162
1.7214e-162
1.3732e-162
1.0953e-162
8.7365e-163
6.9677e-163
5.5567e-163
4.431e-163
3.5332e-163
2.817e-163
2.2459e-163
1.7904e-163
1.4272e-163
1.1376e-163
9.0672e-164
7.2263e-164
5.7587e-164
4.5889e-164
3.6564e-164
2.9132e-164
2.3209e-164
1.8489e-164
1.4728e-164
1.1731e-164
9.3431e-165
7.4409e-165
5.9255e-165
4.7184e-165
3.7569e-165
2.9911e-165
2.3813e-165
1.8956e-165
1.5089e-165
1.201e-165
9.5587e-166
7.6071e-166
6.0535e-166
4.8168e-166
3.8325e-166
3.0492e-166
2.4257e-166
1.9296e-166
1.5349e-166
1.2208e-166
9.7093e-167
7.7214e-167
6.14e-167
4.8822e-167
3.8818e-167
3.0861e-167
2.4534e-167
1.9502e-167
1.5501e-167
1.2321e-167
9.7917e-168
7.7813e-168
6.1833e-168
4.9131e-168
3.9035e-168
3.1012e-168
2.4636e-168
1.9569e-168
1.5544e-168
1.2345e-168
9.8042e-169
7.7857e-169
6.1823e-169
4.9088e-169
3.8973e-169
3.094e-169
2.4561e-169
1.9496e-169
1.5474e-169
1.2281e-169
9.7465e-170
7.7343e-170
6.1371e-170
4.8694e-170
3.8632e-170
3.0648e-170
2.4312e-170
1.9284e-170
1.5295e-170
1.213e-170
9.6199e-171
7.6283e-171
6.0486e-171
4.7957e-171
3.8021e-171
3.0141e-171
2.3893e-171
1.8938e-171
1.501e-171
1.1896e-171
9.4269e-172
7.4699e-172
5.9188e-172
4.6894e-172
3.7151e-172
2.9431e-172
2.3313e-172
1.8465e-172
1.4625e-172
1.1582e-172
9.1717e-173
7.2625e-173
5.7503e-173
4.5527e-173
3.6042e-173
2.8531e-173
2.2584e-173
1.7875e-173
1.4147e-173
1.1196e-173
8.8595e-174
7.0103e-174
5.5466e-174
4.3882e-174
3.4715e-174
2.7461e-174
2.1722e-174
1.718e-174
1.3587e-174
1.0745e-174
8.4967e-175
6.7184e-175
5.3119e-175
4.1995e-175
3.3198e-175
2.6242e-175
2.0742e-175
1.6394e-175
1.2956e-175
1.0239e-175
8.0905e-176
6.3925e-176
5.0506e-176
3.9901e-176
3.152e-176
2.4898e-176
1.9666e-176
1.5532e-176
1.2266e-176
9.6862e-177
7.6484e-177
6.0389e-177
4.7678e-177
3.7639e-177
2.9712e-177
2.3453e-177
1.8511e-177
1.4609e-177
1.1529e-177
9.0979e-178
7.1788e-178
5.664e-178
4.4686e-178
3.5252e-178
2.7808e-178
2.1934e-178
1.73e-178
1.3644e-178
1.0759e-178
8.4842e-179
6.6897e-179
5.2744e-179
4.1582e-179
3.278e-179
2.5839e-179
2.0366e-179
1.6052e-179
1.265e-179
9.9688e-180
7.8552e-180
6.1893e-180
4.8763e-180
3.8416e-180
3.0262e-180
2.3837e-180
1.8775e-180
1.4787e-180
1.1645e-180
9.1702e-181
7.2207e-181
5.6852e-181
4.476e-181
3.5237e-181
2.7738e-181
2.1833e-181
1.7184e-181
1.3524e-181
1.0643e-181
8.3751e-182
6.5899e-182
5.1848e-182
4.0791e-182
3.2089e-182
2.5242e-182
1.9854e-182
1.5616e-182
1.2281e-182
9.6576e-183
7.5941e-183
5.9711e-183
4.6946e-183
3.6907e-183
2.9013e-183
2.2806e-183
1.7925e-183
1.4088e-183
1.1072e-183
8.7005e-184
6.8366e-184
5.3716e-184
4.2202e-184
3.3154e-184
2.6044e-184
2.0457e-184
1.6068e-184
1.2619e-184
9.9101e-185
7.782e-185
6.1105e-185
4.7976e-185
3.7666e-185
2.9569e-185
2.3211e-185
1.8219e-185
1.4299e-185
1.1222e-185
8.8068e-186
6.9106e-186
5.4224e-186
4.2543e-186
3.3376e-186
2.6183e-186
2.0538e-186
1.6109e-186
1.2634e-186
9.9085e-187
7.7701e-187
6.0928e-187
4.7772e-187
3.7454e-187
2.9363e-187
2.3018e-187
1.8042e-187
1.4141e-187
1.1083e-187
8.6857e-188
6.8063e-188
5.3332e-188
4.1786e-188
3.2738e-188
2.5647e-188
2.009e-188
1.5736e-188
1.2325e-188
9.6527e-189
7.5592e-189
5.9193e-189
4.6348e-189
3.6288e-189
2.841e-189
2.224e-189
1.7409e-189
1.3627e-189
1.0665e-189
8.3465e-190
6.5316e-190
5.111e-190
3.999e-190
3.1288e-190
2.4477e-190
1.9148e-190
1.4978e-190
1.1715e-190
9.1623e-191
7.1653e-191
5.6032e-191
4.3813e-191
3.4257e-191
2.6782e-191
2.0938e-191
1.6367e-191
1.2793e-191
9.9992e-192
7.8148e-192
6.1071e-192
4.7722e-192
3.7289e-192
2.9134e-192
2.2761e-192
1.7781e-192
1.389e-192
1.0849e-192
8.4735e-193
6.6176e-193
5.1678e-193
4.0354e-193
3.1508e-193
2.46e-193
1.9205e-193
1.4992e-193
1.1703e-193
9.1343e-194
7.129e-194
5.5636e-194
4.3416e-194
3.3877e-194
2.6433e-194
2.0622e-194
1.6088e-194
1.255e-194
9.7893e-195
7.6353e-195
5.9548e-195
4.6439e-195
3.6213e-195
2.8236e-195
2.2015e-195
1.7164e-195
1.338e-195
1.043e-195
8.1299e-196
6.3365e-196
4.9383e-196
3.8484e-196
2.9988e-196
2.3366e-196
1.8205e-196
1.4183e-196
1.1048e-196
8.6062e-197
6.7033e-197
5.2208e-197
4.0659e-197
3.1662e-197
2.4654e-197
1.9196e-197
1.4945e-197
1.1635e-197
9.0573e-198
7.0501e-198
5.4874e-198
4.2707e-198
3.3235e-198
2.5863e-198
2.0124e-198
1.5658e-198
1.2182e-198
9.4766e-199
7.3717e-199
5.7339e-199
4.4597e-199
3.4684e-199
2.6972e-199
2.0974e-199
1.6308e-199
1.2679e-199
9.8575e-200
7.663e-200
5.9567e-200
4.6299e-200
3.5984e-200
2.7965e-200
2.1732e-200
1.6887e-200
1.3121e-200
1.0194e-200
7.9195e-201
6.152e-201
4.7787e-201
3.7116e-201
2.8826e-201
2.2386e-201
1.7384e-201
1.3498e-201
1.0481e-201
8.1368e-202
6.3167e-202
4.9034e-202
3.8061e-202
2.9541e-202
2.2926e-202
1.7792e-202
1.3806e-202
1.0712e-202
8.3114e-203
6.4481e-203
5.0021e-203
3.8802e-203
3.0096e-203
2.3342e-203
1.8103e-203
1.4038e-203
1.0886e-203
8.4403e-204
6.5438e-204
5.0731e-204
3.9327e-204
3.0484e-204
2.3627e-204
1.8312e-204
1.4191e-204
1.0997e-204
8.5212e-205
6.6022e-205
5.1151e-205
3.9626e-205
3.0696e-205
2.3777e-205
1.8416e-205
1.4262e-205
1.1045e-205
8.5527e-206
6.6224e-206
5.1273e-206
3.9695e-206
3.073e-206
2.3787e-206
1.8412e-206
1.425e-206
1.1028e-206
8.5343e-207
6.6038e-207
5.1097e-207
3.9533e-207
3.0584e-207
2.3659e-207
1.8301e-207
1.4155e-207
1.0948e-207
8.4663e-208
6.5469e-208
5.0624e-208
3.9141e-208
3.0261e-208
2.3394e-208
1.8084e-208
1.3978e-208
1.0804e-208
8.3498e-209
6.4527e-209
4.9862e-209
3.8528e-209
2.9768e-209
2.2998e-209
1.7766e-209
1.3723e-209
1.06e-209
8.1869e-210
6.3227e-210
4.8826e-210
3.7703e-210
2.9111e-210
2.2476e-210
1.7352e-210
1.3395e-210
1.0339e-210
7.9804e-211
6.1592e-211
4.7533e-211
3.668e-211
2.8303e-211
2.1838e-211
1.6848e-211
1.2997e-211
1.0026e-211
7.7337e-212
5.9649e-212
4.6003e-212
3.5477e-212
2.7357e-212
2.1094e-212
1.6264e-212
1.2538e-212
9.6659e-213
7.4509e-213
5.743e-213
4.4263e-213
3.4113e-213
2.6288e-213
2.0256e-213
1.5608e-213
1.2025e-213
9.2641e-214
7.1365e-214
5.4971e-214
4.2341e-214
3.261e-214
2.5113e-214
1.9339e-214
1.4891e-214
1.1465e-214
8.8271e-215
6.7955e-215
5.2311e-215
4.0265e-215
3.0991e-215
2.3851e-215
1.8355e-215
1.4124e-215
1.0868e-215
8.3617e-216
6.433e-216
4.9488e-216
3.8068e-216
2.9281e-216
2.252e-216
1.7319e-216
1.3319e-216
1.0241e-216
7.8746e-217
6.0543e-217
4.6544e-217
3.578e-217
2.7503e-217
2.1139e-217
1.6247e-217
1.2486e-217
9.5947e-218
7.3725e-218
5.6646e-218
4.352e-218
3.3433e-218
2.5683e-218
1.9727e-218
1.5152e-218
1.1637e-218
8.9364e-219
6.8622e-219
5.2691e-219
4.0455e-219
3.1058e-219
2.3843e-219
1.8302e-219
1.4048e-219
1.0782e-219
8.2746e-220
6.3499e-220
4.8725e-220
3.7386e-220
2.8683e-220
2.2005e-220
1.6881e-220
1.2948e-220
9.9315e-221
7.617e-221
5.8414e-221
4.4794e-221
3.4348e-221
2.6335e-221
2.0191e-221
1.5479e-221
1.1865e-221
9.0948e-222
6.9707e-222
5.3423e-222
4.0941e-222
3.1372e-222
2.4038e-222
1.8417e-222
1.411e-222
1.0809e-222
8.2799e-223
6.342e-223
4.8573e-223
3.7199e-223
2.8487e-223
2.1813e-223
1.6702e-223
1.2787e-223
9.7895e-224
7.494e-224
5.7363e-224
4.3905e-224
3.3603e-224
2.5716e-224
1.9679e-224
1.5058e-224
1.1521e-224
8.8142e-225
6.743e-225
5.1581e-225
3.9454e-225
3.0176e-225
2.3078e-225
1.7649e-225
1.3496e-225
1.0319e-225
7.8897e-226
6.0318e-226
4.611e-226
3.5247e-226
2.6941e-226
2.0591e-226
1.5736e-226
1.2025e-226
9.1888e-227
7.0209e-227
5.364e-227
4.0979e-227
3.1304e-227
2.3912e-227
1.8264e-227
1.3949e-227
1.0652e-227
8.1344e-228
6.2112e-228
4.7423e-228
3.6206e-228
2.764e-228
2.1099e-228
1.6105e-228
1.2292e-228
9.3809e-229
7.1588e-229
5.4627e-229
4.1682e-229
3.1802e-229
2.4262e-229
1.8508e-229
1.4118e-229
1.0768e-229
8.2129e-230
6.2634e-230
4.7764e-230
3.6421e-230
2.777e-230
2.1172e-230
1.6141e-230
1.2304e-230
9.3786e-231
7.1483e-231
5.448e-231
4.1518e-231
3.1638e-231
2.4107e-231
1.8368e-231
1.3993e-231
1.066e-231
8.1205e-232
6.1853e-232
4.711e-232
3.5878e-232
2.7322e-232
2.0805e-232
1.5841e-232
1.2061e-232
9.1821e-233
6.9899e-233
5.3207e-233
4.0498e-233
3.0823e-233
2.3457e-233
1.785e-233
1.3583e-233
1.0335e-233
7.8627e-234
5.9816e-234
4.5502e-234
3.4611e-234
2.6325e-234
2.0021e-234
1.5225e-234
1.1578e-234
8.8034e-235
6.6934e-235
5.0887e-235
3.8685e-235
2.9406e-235
2.2351e-235
1.6988e-235
1.2911e-235
9.8112e-236
7.4553e-236
5.6646e-236
4.3038e-236
3.2696e-236
2.4838e-236
1.8867e-236
1.433e-236
1.0884e-236
8.2654e-237
6.2766e-237
4.7659e-237
3.6186e-237
2.7473e-237
2.0856e-237
1.5832e-237
1.2017e-237
9.1211e-238
6.9224e-238
5.2533e-238
3.9863e-238
3.0247e-238
2.2949e-238
1.7411e-238
1.3208e-238
1.0019e-238
7.5993e-239
5.7636e-239
4.3711e-239
3.3147e-239
2.5135e-239
1.9058e-239
1.4449e-239
1.0954e-239
8.3038e-240
6.2943e-240
4.7708e-240
3.6157e-240
2.7401e-240
2.0764e-240
1.5734e-240
1.1921e-240
9.0316e-241
6.842e-241
5.1829e-241
3.9258e-241
2.9734e-241
2.2519e-241
1.7053e-241
1.2913e-241
9.7776e-242
7.4029e-242
5.6045e-242
4.2427e-242
3.2115e-242
2.4308e-242
1.8398e-242
1.3923e-242
1.0536e-242
7.9726e-243
6.0323e-243
4.5639e-243
3.4527e-243
2.6118e-243
1.9756e-243
1.4943e-243
1.1301e-243
8.5465e-244
6.4628e-244
4.8867e-244
3.6948e-244
2.7933e-244
2.1117e-244
1.5963e-244
1.2065e-244
9.1191e-245
6.8918e-245
5.2081e-245
3.9355e-245
2.9736e-245
2.2466e-245
1.6973e-245
1.2822e-245
9.6851e-246
7.3153e-246
5.5249e-246
4.1724e-246
3.1508e-246
2.3792e-246
1.7964e-246
1.3562e-246
1.0238e-246
7.7288e-247
5.8338e-247
4.4032e-247
3.3231e-247
2.5078e-247
1.8924e-247
1.4279e-247
1.0773e-247
8.1278e-248
6.1315e-248
4.6251e-248
3.4886e-248
2.6312e-248
1.9843e-248
1.4964e-248
1.1284e-248
8.5078e-249
6.4144e-249
4.8357e-249
3.6453e-249
2.7478e-249
2.0711e-249
1.5609e-249
1.1763e-249
8.8642e-250
6.6793e-250
5.0325e-250
3.7915e-250
2.8563e-250
2.1516e-250
1.6206e-250
1.2206e-250
9.1928e-251
6.9228e-251
5.213e-251
3.9251e-251
2.9552e-251
2.2249e-251
1.6749e-251
1.2607e-251
9.4893e-252
7.1419e-252
5.3748e-252
4.0447e-252
3.0435e-252
2.29e-252
1.7229e-252
1.2961e-252
9.75e-253
7.3338e-253
5.5161e-253
4.1485e-253
3.1198e-253
2.346e-253
1.764e-253
1.3263e-253
9.9713e-254
7.496e-254
5.6347e-254
4.2353e-254
3.1832e-254
2.3923e-254
1.7978e-254
1.3509e-254
1.015e-254
7.6261e-255
5.7292e-255
4.3038e-255
3.2329e-255
2.4282e-255
1.8237e-255
1.3696e-255
1.0285e-255
7.7225e-256
5.7983e-256
4.3532e-256
3.268e-256
2.4532e-256
1.8414e-256
1.3821e-256
1.0372e-256
7.7838e-257
5.8409e-257
4.3827e-257
3.2882e-257
2.4669e-257
1.8506e-257
1.3882e-257
1.0412e-257
7.8092e-258
5.8566e-258
4.3918e-258
3.2932e-258
2.4692e-258
1.8513e-258
1.3879e-258
1.0404e-258
7.7983e-259
5.845e-259
4.3806e-259
3.2829e-259
2.46e-259
1.8433e-259
1.3811e-259
1.0347e-259
7.7513e-260
5.8064e-260
4.3491e-260
3.2574e-260
2.4395e-260
1.8269e-260
1.368e-260
1.0243e-260
7.6688e-261
5.7412e-261
4.2978e-261
3.2171e-261
2.4079e-261
1.8022e-261
1.3487e-261
1.0092e-261
7.5519e-262
5.6504e-262
4.2274e-262
3.1625e-262
2.3657e-262
1.7695e-262
1.3235e-262
9.8982e-263
7.4022e-263
5.5352e-263
4.1388e-263
3.0944e-263
2.3134e-263
1.7294e-263
1.2927e-263
9.6626e-264
7.2218e-264
5.3971e-264
4.0332e-264
3.0137e-264
2.2518e-264
1.6824e-264
1.2568e-264
9.3888e-265
7.013e-265
5.2381e-265
3.9121e-265
2.9215e-265
2.1816e-265
1.629e-265
1.2163e-265
9.0803e-266
6.7787e-266
5.0601e-266
3.7769e-266
2.819e-266
2.1038e-266
1.57e-266
1.1715e-266
8.7412e-267
6.5217e-267
4.8654e-267
3.6295e-267
2.7074e-267
2.0193e-267
1.5061e-267
1.1232e-267
8.3756e-268
6.2453e-268
4.6565e-268
3.4716e-268
2.5881e-268
1.9293e-268
1.438e-268
1.0718e-268
7.988e-269
5.9528e-269
4.4358e-269
3.3052e-269
2.4626e-269
1.8346e-269
1.3667e-269
1.0181e-269
7.5829e-270
5.6476e-270
4.206e-270
3.1321e-270
2.3322e-270
1.7365e-270
1.2929e-270
9.6249e-271
7.1649e-271
5.3332e-271
3.9695e-271
2.9543e-271
2.1985e-271
1.636e-271
1.2173e-271
9.0573e-272
6.7384e-272
5.0128e-272
3.7289e-272
2.7736e-272
2.0629e-272
1.5342e-272
1.1409e-272
8.4835e-273
6.3078e-273
4.6898e-273
3.4865e-273
2.5918e-273
1.9266e-273
1.432e-273
1.0643e-273
7.9091e-274
5.8773e-274
4.3672e-274
3.2448e-274
2.4107e-274
1.7909e-274
1.3303e-274
9.8815e-275
7.3393e-275
5.4507e-275
4.0478e-275
3.0058e-275
2.2318e-275
1.657e-275
1.2302e-275
9.1323e-276
6.7788e-276
5.0315e-276
3.7343e-276
2.7714e-276
2.0566e-276
1.526e-276
1.1323e-276
8.4005e-277
6.2321e-277
4.623e-277
3.4291e-277
2.5434e-277
1.8863e-277
1.3989e-277
1.0373e-277
7.6915e-278
5.7027e-278
4.2278e-278
3.1342e-278
2.3233e-278
1.722e-278
1.2763e-278
9.4588e-279
7.0095e-279
5.194e-279
3.8485e-279
2.8513e-279
2.1123e-279
1.5648e-279
1.1591e-279
8.585e-280
6.3582e-280
4.7087e-280
3.4868e-280
2.5819e-280
1.9116e-280
1.4153e-280
1.0477e-280
7.7556e-281
5.7406e-281
4.2488e-281
3.1445e-281
2.327e-281
1.7219e-281
1.2741e-281
9.4264e-282
6.9737e-282
5.1589e-282
3.816e-282
2.8225e-282
2.0875e-282
1.5438e-282
1.1416e-282
8.4415e-283
6.2415e-283
4.6145e-283
3.4113e-283
2.5217e-283
1.864e-283
1.3777e-283
1.0182e-283
7.5243e-284
5.5601e-284
4.1083e-284
3.0354e-284
2.2425e-284
1.6566e-284
1.2237e-284
9.0385e-285
6.6756e-285
4.93e-285
3.6406e-285
2.6883e-285
1.9849e-285
1.4654e-285
1.0819e-285
7.9862e-286
5.8949e-286
4.351e-286
3.2111e-286
2.3698e-286
1.7487e-286
1.2903e-286
9.5201e-287
7.0236e-287
5.1813e-287
3.822e-287
2.8191e-287
2.0792e-287
1.5334e-287
1.1308e-287
8.3384e-288
6.1482e-288
4.5329e-288
3.3418e-288
2.4634e-288
1.8158e-288
1.3384e-288
9.864e-289
7.2693e-289
5.3568e-289
3.9471e-289
2.9082e-289
2.1426e-289
1.5784e-289
1.1627e-289
8.5643e-290
6.3078e-290
4.6455e-290
3.421e-290
2.5191e-290
1.8548e-290
1.3656e-290
1.0054e-290
7.4011e-291
5.4479e-291
4.0099e-291
2.9512e-291
2.1719e-291
1.5983e-291
1.176e-291
8.653e-292
6.3661e-292
4.6833e-292
3.4451e-292
2.5341e-292
1.8638e-292
1.3707e-292
1.008e-292
7.4125e-293
5.4503e-293
4.0073e-293
2.9461e-293
2.1657e-293
1.592e-293
1.1701e-293
8.6001e-294
6.3203e-294
4.6445e-294
3.4128e-294
2.5076e-294
1.8423e-294
1.3534e-294
9.9422e-295
7.3029e-295
5.3639e-295
3.9394e-295
2.893e-295
2.1244e-295
1.5599e-295
1.1453e-295
8.4081e-296
6.1725e-296
4.5309e-296
3.3257e-296
2.4409e-296
1.7913e-296
1.3146e-296
9.646e-297
7.0776e-297
5.1927e-297
3.8095e-297
2.7945e-297
2.0498e-297
1.5035e-297
1.1027e-297
8.0864e-298
5.9298e-298
4.348e-298
3.188e-298
2.3372e-298
1.7134e-298
1.256e-298
9.2061e-299
6.7474e-299
4.945e-299
3.6238e-299
2.6554e-299
1.9456e-299
1.4255e-299
1.0443e-299
7.6502e-300
5.6038e-300
4.1045e-300
3.0061e-300
2.2015e-300
1.6121e-300
1.1804e-300
8.6428e-301
6.3276e-301
4.6323e-301
3.3909e-301
2.482e-301
1.8166e-301
1.3295e-301
9.7293e-302
7.1194e-302
5.2092e-302
3.8113e-302
2.7883e-302
2.0397e-302
1.492e-302
1.0913e-302
7.9816e-303
5.8371e-303
4.2685e-303
3.1212e-303
2.2821e-303
1.6685e-303
1.2197e-303
8.9163e-304
6.5173e-304
4.7635e-304
3.4813e-304
2.5441e-304
1.8591e-304
1.3584e-304
9.9247e-305
7.2507e-305
5.2968e-305
3.8691e-305
2.8261e-305
2.064e-305
1.5074e-305
1.1008e-305
8.0378e-306
5.8688e-306
4.2847e-306
3.128e-306
2.2834e-306
1.6667e-306
1.2165e-306
8.8784e-307
6.4792e-307
4.728e-307
3.4499e-307
2.5171e-307
1.8363e-307
1.3396e-307
9.7719e-308
7.1276e-308
5.1985e-308
3.7912e-308
2.7647e-308
2.016e-308
1.4699e-308
1.0717e-308
7.8128e-309
5.6953e-309
4.1514e-309
3.0258e-309
2.2052e-309
1.6071e-309
1.1711e-309
8.5331e-310
6.2172e-310
4.5295e-310
3.2997e-310
2.4036e-310
1.7508e-310
1.2751e-310
9.2866e-311
6.7627e-311
4.9244e-311
3.5855e-311
2.6105e-311
1.9005e-311
1.3835e-311
1.007e-311
7.3297e-312
5.3345e-312
3.8822e-312
2.825e-312
2.0556e-312
1.4956e-312
1.0881e-312
7.9158e-313
5.7581e-313
4.1883e-313
3.0462e-313
2.2154e-313
1.6111e-313
1.1715e-313
8.5181e-314
6.1931e-314
4.5024e-314
3.273e-314
2.3791e-314
1.7292e-314
1.2568e-314
9.1334e-315
6.6371e-315
4.8227e-315
3.504e-315
2.5457e-315
1.8494e-315
1.3434e-315
9.7581e-316
7.0874e-316
5.1472e-316
3.7379e-316
2.7143e-316
1.9708e-316
1.4309e-316
1.0388e-316
7.5411e-317
5.474e-317
3.9731e-317
2.8836e-317
2.0927e-317
1.5185e-317
1.1018e-317
7.994e-318
5.7993e-318
4.2066e-318
3.0516e-318
2.2135e-318
1.6051e-318
1.164e-318
8.4405e-319
6.118e-319
4.4309e-319
3.2066e-319
2.325e-319
1.6825e-319
1.2196e-319
8.7875e-320
6.3295e-320
4.5765e-320
3.2618e-320
2.3359e-320
1.6526e-320
1.0934e-320
7.0404e-321
3.8735e-321
1.6946e-321
4.8418e-322
0
0
0
0
0
0
0
0
0
0
0
0
0
0
0
0
0
0
0
0
0
0
0
0
0
0
0
0
0
0
0
0
0
0
0
0
0
0
0
0
0
0
0
0
0
0
0
0
0
0
0
0
0
0
0
0
0
0
0
0
0
0
0
0
0
0
0
0
0
0
0
0
0
0
0
0
0
0
0
0
0
0
0
0
0
0
0
0
0
0
0
0
0
0
0
0
0
0
0
0
0
0
0
0
0
0
0
0
0
0
0
0
0
0
0
0
0
0
0
0
0
0
0
0
0
0
0
0
0
0
0
0
0
0
0
0
0
0
0
0
0
0
0
0
0
0
0
0
0
0
0
0
0
0
0
0
0
0
0
0
0
0
0
0
0
0
0
0
0
0
0
0
0
0
0
0
0
0
0
0
0
0
0
0
0
0
0
0
0
0
0
0
0
0
0
0
0
0
0
0
0
0
0
0
0
0
0
0
0
0
0
0
0
0
0
0
0
0
0
0
0
0
0
0
0
0
0
0
0
0
0
0
0
0
0
0
0
0
0
0
0
0
0
0
0
0
0
0
0
0
0
0
0
0
0
0
0
0
0
0
0
0
0
0
0
0
0
0
0
0
0
0
0
0
0
0
0
0
0
0
0
0
0
0
0
0
0
0
0
0
0
0
0
0
0
0
0
0
0
0
0
0
0
0
0
0
0
0
0
0
0
0
0
0
0
0
0
0
0
0
0
0
0
0
0
0
0
0
0
0
0
0
0
0
0
0
0
0
0
0
0
0
0
0
0
0
0
0
0
0
0
0
0
0
0
0
0
0
0
0
0
0
0
0
0
0
0
0
0
0
0
0
0
0
0
0
0
0
0
0
0
0
0
0
0
0
0
0
0
0
0
0
0
0
0
0
0
0
0
0
0
0
0
0
0
0
0
0
0
0
0
0
0
0
0
0
0
0
0
0
0
0
0
0
0
0
0
0
0
0
0
0
0
0
0
0
0
0
0
0
0
0
0
0
0
0
0
0
0
0
0
0
0
0
0
0
0
0
0
0
0
0
0
0
0
0
0
0
0
0
0
0
0
0
0
0
0
0
0
0
0
0
0
0
0
0
0
0
0
0
0
0
0
0
0
0
0
0
0
0
0
0
0
0
0
0
0
0
0
0
0
0
0
0
0
0
0
0
0
0
0
0
0
0
0
0
0
0
0
0
0
0
0
0
0
0
0
0
0
0
0
0
0
0
0
0
0
0
0
0
0
0
0
0
0
0
0
0
0
0
0
0
0
0
0
0
0
0
0
0
0
0
0
0
0
0
0
0
0
0
0
0
0
0
0
0
0
0
0
0
0
0
0
0
0
0
0
0
0
0
0
0
0
0
0
0
0
0
0
0
0
0
0
0
0
0
0
0
0
0
0
0
0
0
0
0
0
0
0
0
0
0
0
0
0
0
0
0
0
0
0
0
0
0
0
0
0
0
0
0
0
0
0
0
0
0
0
0
0
0
0
0
0
0
0
0
0
0
0
0
0
0
0
0
0
0
0
0
0
0
0
0
0
0
0
0
0
0
0
0
0
0
0
0
0
0
0
0
0
0
0
0
0
0
0
0
0
0
0
0
0
0
0
0
0
0
0
0
0
0
0
0
0
0
0
0
0
0
0
0
0
0
0
0
0
0
0
0
0
0
0
0
0
0
0
0
0
0
0
0
0
0
0
0
0
0
0
0
0
0
0
0
0
0
0
0
0
0
0
0
0
0
0
0
0
0
0
0
0
0
0
0
0
0
0
0
0
0
0
0
0
0
0
0
0
0
0
0
0
0
0
0
0
0
0
0
0
0
0
0
0
0
0
0
0
0
0
0
0
0
0
0
0
0
0
0
0
0
0
0
0
0
0
0
0
0
0
0
0
0
0
0
0
0
0
0
0
0
0
0
0
0
0
0
0
0
0
0
0
0
0
0
0
0
0
0
0
0
0
0
0
0
0
0
0
0
0
0
0
0
0
0
0
0
0
0
0
0
0
0
0
0
0
0
0
0
0
0
0
0
0
0
0
0
0
0
0
0
0
0
0
0
0
0
0
0
0
0
0
0
0
0
0
0
0
0
0
0
0
0
0
0
0
0
0
0
0
0
0
0
0
0
0
0
0
0
0
0
0
0
0
0
0
0
0
0
0
0
0
0
0
0
0
0
0
0
0
0
0
0
0
0
0
0
0
0
0
0
0
0
0
0
0
0
0
0
0
0
0
0
0
0
0
0
0
0
0
0
0
0
0
0
0
0
0
0
0
0
0
0
0
0
0
0
0
0
0
0
0
0
0
0
0
0
0
0
0
0
0
0
0
0
0
0
0
0
0
0
0
