6.1078e-08
6.0974e-08
6.087e-08
6.0766e-08
6.0662e-08
6.0558e-08
6.0454e-08
6.0351e-08
6.0248e-08
6.0144e-08
6.0041e-08
5.9939e-08
5.9836e-08
5.9733e-08
5.9631e-08
5.9528e-08
5.9426e-08
5.9324e-08
5.9222e-08
5.912e-08
5.9019e-08
5.8917e-08
5.8816e-08
5.8715e-08
5.8614e-08
5.8513e-08
5.8412e-08
5.8311e-08
5.8211e-08
5.8111e-08
5.801e-08
5.791e-08
5.781e-08
5.771e-08
5.7611e-08
5.7511e-08
5.7412e-08
5.7313e-08
5.7214e-08
5.7115e-08
5.7016e-08
5.6917e-08
5.6818e-08
5.672e-08
5.6622e-08
5.6524e-08
5.6426e-08
5.6328e-08
5.623e-08
5.6132e-08
5.6035e-08
5.5938e-08
5.584e-08
5.5743e-08
5.5646e-08
5.555e-08
5.5453e-08
5.5356e-08
5.526e-08
5.5164e-08
5.5068e-08
5.4972e-08
5.4876e-08
5.478e-08
5.4685e-08
5.4589e-08
5.4494e-08
5.4399e-08
5.4304e-08
5.4209e-08
5.4114e-08
5.4019e-08
5.3925e-08
5.3831e-08
5.3736e-08
5.3642e-08
5.3548e-08
5.3454e-08
5.3361e-08
5.3267e-08
5.3174e-08
5.308e-08
5.2987e-08
5.2894e-08
5.2801e-08
5.2709e-08
5.2616e-08
5.2524e-08
5.2431e-08
5.2339e-08
5.2247e-08
5.2155e-08
5.2063e-08
5.1971e-08
5.188e-08
5.1788e-08
5.1697e-08
5.1606e-08
5.1515e-08
5.1424e-08
5.1333e-08
5.1242e-08
5.1152e-08
5.1061e-08
5.0971e-08
5.0881e-08
5.0791e-08
5.0701e-08
5.0611e-08
5.0522e-08
5.0432e-08
5.0343e-08
5.0254e-08
5.0164e-08
5.0075e-08
4.9987e-08
4.9898e-08
4.9809e-08
4.9721e-08
4.9632e-08
4.9544e-08
4.9456e-08
4.9368e-08
4.928e-08
4.9193e-08
4.9105e-08
4.9018e-08
4.893e-08
4.8843e-08
4.8756e-08
4.8669e-08
4.8582e-08
4.8496e-08
4.8409e-08
4.8323e-08
4.8236e-08
4.815e-08
4.8064e-08
4.7978e-08
4.7892e-08
4.7807e-08
4.7721e-08
4.7636e-08
4.755e-08
4.7465e-08
4.738e-08
4.7295e-08
4.721e-08
4.7126e-08
4.7041e-08
4.6957e-08
4.6872e-08
4.6788e-08
4.6704e-08
4.662e-08
4.6536e-08
4.6453e-08
4.6369e-08
4.6286e-08
4.6202e-08
4.6119e-08
4.6036e-08
4.5953e-08
4.587e-08
4.5788e-08
4.5705e-08
4.5623e-08
4.554e-08
4.5458e-08
4.5376e-08
4.5294e-08
4.5212e-08
4.513e-08
4.5049e-08
4.4967e-08
4.4886e-08
4.4805e-08
4.4724e-08
4.4643e-08
4.4562e-08
4.4481e-08
4.44e-08
4.432e-08
4.4239e-08
4.4159e-08
4.4079e-08
4.3999e-08
4.3919e-08
4.3839e-08
4.3759e-08
4.368e-08
4.36e-08
4.3521e-08
4.3442e-08
4.3363e-08
4.3284e-08
4.3205e-08
4.3126e-08
4.3048e-08
4.2969e-08
4.2891e-08
4.2813e-08
4.2735e-08
4.2656e-08
4.2579e-08
4.2501e-08
4.2423e-08
4.2346e-08
4.2268e-08
4.2191e-08
4.2114e-08
4.2037e-08
4.196e-08
4.1883e-08
4.1806e-08
4.1729e-08
4.1653e-08
4.1577e-08
4.15e-08
4.1424e-08
4.1348e-08
4.1272e-08
4.1196e-08
4.1121e-08
4.1045e-08
4.097e-08
4.0894e-08
4.0819e-08
4.0744e-08
4.0669e-08
4.0594e-08
4.052e-08
4.0445e-08
4.037e-08
4.0296e-08
4.0222e-08
4.0147e-08
4.0073e-08
3.9999e-08
3.9926e-08
3.9852e-08
3.9778e-08
3.9705e-08
3.9631e-08
3.9558e-08
3.9485e-08
3.9412e-08
3.9339e-08
3.9266e-08
3.9193e-08
3.9121e-08
3.9048e-08
3.8976e-08
3.8904e-08
3.8832e-08
3.876e-08
3.8688e-08
3.8616e-08
3.8544e-08
3.8473e-08
3.8401e-08
3.833e-08
3.8259e-08
3.8187e-08
3.8116e-08
3.8045e-08
3.7975e-08
3.7904e-08
3.7833e-08
3.7763e-08
3.7693e-08
3.7622e-08
3.7552e-08
3.7482e-08
3.7412e-08
3.7342e-08
3.7273e-08
3.7203e-08
3.7134e-08
3.7064e-08
3.6995e-08
3.6926e-08
3.6857e-08
3.6788e-08
3.6719e-08
3.665e-08
3.6582e-08
3.6513e-08
3.6445e-08
3.6377e-08
3.6308e-08
3.624e-08
3.6172e-08
3.6105e-08
3.6037e-08
3.5969e-08
3.5902e-08
3.5834e-08
3.5767e-08
3.57e-08
3.5633e-08
3.5566e-08
3.5499e-08
3.5432e-08
3.5365e-08
3.5299e-08
3.5232e-08
3.5166e-08
3.51e-08
3.5034e-08
3.4968e-08
3.4902e-08
3.4836e-08
3.477e-08
3.4705e-08
3.4639e-08
3.4574e-08
3.4509e-08
3.4443e-08
3.4378e-08
3.4313e-08
3.4249e-08
3.4184e-08
3.4119e-08
3.4055e-08
3.399e-08
3.3926e-08
3.3862e-08
3.3798e-08
3.3734e-08
3.367e-08
3.3606e-08
3.3542e-08
3.3479e-08
3.3415e-08
3.3352e-08
3.3288e-08
3.3225e-08
3.3162e-08
3.3099e-08
3.3036e-08
3.2974e-08
3.2911e-08
3.2848e-08
3.2786e-08
3.2724e-08
3.2661e-08
3.2599e-08
3.2537e-08
3.2475e-08
3.2413e-08
3.2352e-08
3.229e-08
3.2228e-08
3.2167e-08
3.2106e-08
3.2044e-08
3.1983e-08
3.1922e-08
3.1861e-08
3.1801e-08
3.174e-08
3.1679e-08
3.1619e-08
3.1558e-08
3.1498e-08
3.1438e-08
3.1378e-08
3.1318e-08
3.1258e-08
3.1198e-08
3.1138e-08
3.1079e-08
3.1019e-08
3.096e-08
3.0901e-08
3.0841e-08
3.0782e-08
3.0723e-08
3.0664e-08
3.0606e-08
3.0547e-08
3.0488e-08
3.043e-08
3.0371e-08
3.0313e-08
3.0255e-08
3.0197e-08
3.0139e-08
3.0081e-08
3.0023e-08
2.9965e-08
2.9908e-08
2.985e-08
2.9793e-08
2.9735e-08
2.9678e-08
2.9621e-08
2.9564e-08
2.9507e-08
2.945e-08
2.9394e-08
2.9337e-08
2.9281e-08
2.9224e-08
2.9168e-08
2.9112e-08
2.9055e-08
2.8999e-08
2.8943e-08
2.8888e-08
2.8832e-08
2.8776e-08
2.8721e-08
2.8665e-08
2.861e-08
2.8555e-08
2.8499e-08
2.8444e-08
2.8389e-08
2.8334e-08
2.828e-08
2.8225e-08
2.817e-08
2.8116e-08
2.8062e-08
2.8007e-08
2.7953e-08
2.7899e-08
2.7845e-08
2.7791e-08
2.7737e-08
2.7683e-08
2.763e-08
2.7576e-08
2.7523e-08
2.7469e-08
2.7416e-08
2.7363e-08
2.731e-08
2.7257e-08
2.7204e-08
2.7151e-08
2.7099e-08
2.7046e-08
2.6994e-08
2.6941e-08
2.6889e-08
2.6837e-08
2.6785e-08
2.6733e-08
2.6681e-08
2.6629e-08
2.6577e-08
2.6525e-08
2.6474e-08
2.6422e-08
2.6371e-08
2.632e-08
2.6269e-08
2.6218e-08
2.6167e-08
2.6116e-08
2.6065e-08
2.6014e-08
2.5964e-08
2.5913e-08
2.5863e-08
2.5812e-08
2.5762e-08
2.5712e-08
2.5662e-08
2.5612e-08
2.5562e-08
2.5512e-08
2.5462e-08
2.5413e-08
2.5363e-08
2.5314e-08
2.5265e-08
2.5215e-08
2.5166e-08
2.5117e-08
2.5068e-08
2.5019e-08
2.4971e-08
2.4922e-08
2.4873e-08
2.4825e-08
2.4776e-08
2.4728e-08
2.468e-08
2.4632e-08
2.4584e-08
2.4536e-08
2.4488e-08
2.444e-08
2.4392e-08
2.4345e-08
2.4297e-08
2.425e-08
2.4203e-08
2.4155e-08
2.4108e-08
2.4061e-08
2.4014e-08
2.3967e-08
2.3921e-08
2.3874e-08
2.3827e-08
2.3781e-08
2.3734e-08
2.3688e-08
2.3642e-08
2.3596e-08
2.355e-08
2.3504e-08
2.3458e-08
2.3412e-08
2.3366e-08
2.3321e-08
2.3275e-08
2.323e-08
2.3185e-08
2.3139e-08
2.3094e-08
2.3049e-08
2.3004e-08
2.2959e-08
2.2914e-08
2.287e-08
2.2825e-08
2.278e-08
2.2736e-08
2.2692e-08
2.2647e-08
2.2603e-08
2.2559e-08
2.2515e-08
2.2471e-08
2.2427e-08
2.2384e-08
2.234e-08
2.2296e-08
2.2253e-08
2.221e-08
2.2166e-08
2.2123e-08
2.208e-08
2.2037e-08
2.1994e-08
2.1951e-08
2.1908e-08
2.1866e-08
2.1823e-08
2.178e-08
2.1738e-08
2.1696e-08
2.1653e-08
2.1611e-08
2.1569e-08
2.1527e-08
2.1485e-08
2.1443e-08
2.1402e-08
2.136e-08
2.1319e-08
2.1277e-08
2.1236e-08
2.1194e-08
2.1153e-08
2.1112e-08
2.1071e-08
2.103e-08
2.0989e-08
2.0949e-08
2.0908e-08
2.0867e-08
2.0827e-08
2.0786e-08
2.0746e-08
2.0706e-08
2.0666e-08
2.0625e-08
2.0585e-08
2.0546e-08
2.0506e-08
2.0466e-08
2.0426e-08
2.0387e-08
2.0347e-08
2.0308e-08
2.0269e-08
2.0229e-08
2.019e-08
2.0151e-08
2.0112e-08
2.0073e-08
2.0035e-08
1.9996e-08
1.9957e-08
1.9919e-08
1.988e-08
1.9842e-08
1.9804e-08
1.9765e-08
1.9727e-08
1.9689e-08
1.9651e-08
1.9614e-08
1.9576e-08
1.9538e-08
1.9501e-08
1.9463e-08
1.9426e-08
1.9388e-08
1.9351e-08
1.9314e-08
1.9277e-08
1.924e-08
1.9203e-08
1.9166e-08
1.9129e-08
1.9093e-08
1.9056e-08
1.902e-08
1.8983e-08
1.8947e-08
1.8911e-08
1.8875e-08
1.8839e-08
1.8803e-08
1.8767e-08
1.8731e-08
1.8695e-08
1.866e-08
1.8624e-08
1.8589e-08
1.8553e-08
1.8518e-08
1.8483e-08
1.8448e-08
1.8413e-08
1.8378e-08
1.8343e-08
1.8308e-08
1.8273e-08
1.8239e-08
1.8204e-08
1.817e-08
1.8135e-08
1.8101e-08
1.8067e-08
1.8033e-08
1.7999e-08
1.7965e-08
1.7931e-08
1.7897e-08
1.7863e-08
1.783e-08
1.7796e-08
1.7763e-08
1.773e-08
1.7696e-08
1.7663e-08
1.763e-08
1.7597e-08
1.7564e-08
1.7531e-08
1.7498e-08
1.7466e-08
1.7433e-08
1.7401e-08
1.7368e-08
1.7336e-08
1.7304e-08
1.7272e-08
1.724e-08
1.7208e-08
1.7176e-08
1.7144e-08
1.7112e-08
1.708e-08
1.7049e-08
1.7017e-08
1.6986e-08
1.6955e-08
1.6923e-08
1.6892e-08
1.6861e-08
1.683e-08
1.6799e-08
1.6769e-08
1.6738e-08
1.6707e-08
1.6677e-08
1.6646e-08
1.6616e-08
1.6585e-08
1.6555e-08
1.6525e-08
1.6495e-08
1.6465e-08
1.6435e-08
1.6405e-08
1.6376e-08
1.6346e-08
1.6317e-08
1.6287e-08
1.6258e-08
1.6228e-08
1.6199e-08
1.617e-08
1.6141e-08
1.6112e-08
1.6083e-08
1.6055e-08
1.6026e-08
1.5997e-08
1.5969e-08
1.594e-08
1.5912e-08
1.5884e-08
1.5856e-08
1.5827e-08
1.5799e-08
1.5771e-08
1.5744e-08
1.5716e-08
1.5688e-08
1.5661e-08
1.5633e-08
1.5606e-08
1.5578e-08
1.5551e-08
1.5524e-08
1.5497e-08
1.547e-08
1.5443e-08
1.5416e-08
1.539e-08
1.5363e-08
1.5336e-08
1.531e-08
1.5284e-08
1.5257e-08
1.5231e-08
1.5205e-08
1.5179e-08
1.5153e-08
1.5127e-08
1.5101e-08
1.5076e-08
1.505e-08
1.5024e-08
1.4999e-08
1.4974e-08
1.4948e-08
1.4923e-08
1.4898e-08
1.4873e-08
1.4848e-08
1.4823e-08
1.4799e-08
1.4774e-08
1.4749e-08
1.4725e-08
1.47e-08
1.4676e-08
1.4652e-08
1.4628e-08
1.4604e-08
1.458e-08
1.4556e-08
1.4532e-08
1.4508e-08
1.4485e-08
1.4461e-08
1.4438e-08
1.4415e-08
1.4391e-08
1.4368e-08
1.4345e-08
1.4322e-08
1.4299e-08
1.4276e-08
1.4254e-08
1.4231e-08
1.4208e-08
1.4186e-08
1.4163e-08
1.4141e-08
1.4119e-08
1.4097e-08
1.4075e-08
1.4053e-08
1.4031e-08
1.4009e-08
1.3988e-08
1.3966e-08
1.3944e-08
1.3923e-08
1.3902e-08
1.3881e-08
1.3859e-08
1.3838e-08
1.3817e-08
1.3796e-08
1.3776e-08
1.3755e-08
1.3734e-08
1.3714e-08
1.3693e-08
1.3673e-08
1.3653e-08
1.3633e-08
1.3613e-08
1.3593e-08
1.3573e-08
1.3553e-08
1.3533e-08
1.3514e-08
1.3494e-08
1.3475e-08
1.3455e-08
1.3436e-08
1.3417e-08
1.3398e-08
1.3379e-08
1.336e-08
1.3341e-08
1.3323e-08
1.3304e-08
1.3286e-08
1.3267e-08
1.3249e-08
1.3231e-08
1.3212e-08
1.3194e-08
1.3176e-08
1.3159e-08
1.3141e-08
1.3123e-08
1.3105e-08
1.3088e-08
1.3071e-08
1.3053e-08
1.3036e-08
1.3019e-08
1.3002e-08
1.2985e-08
1.2968e-08
1.2951e-08
1.2935e-08
1.2918e-08
1.2902e-08
1.2885e-08
1.2869e-08
1.2853e-08
1.2837e-08
1.2821e-08
1.2805e-08
1.2789e-08
1.2773e-08
1.2758e-08
1.2742e-08
1.2727e-08
1.2712e-08
1.2696e-08
1.2681e-08
1.2666e-08
1.2651e-08
1.2636e-08
1.2622e-08
1.2607e-08
1.2593e-08
1.2578e-08
1.2564e-08
1.2549e-08
1.2535e-08
1.2521e-08
1.2507e-08
1.2493e-08
1.248e-08
1.2466e-08
1.2452e-08
1.2439e-08
1.2426e-08
1.2412e-08
1.2399e-08
1.2386e-08
1.2373e-08
1.236e-08
1.2347e-08
1.2335e-08
1.2322e-08
1.231e-08
1.2297e-08
1.2285e-08
1.2273e-08
1.2261e-08
1.2249e-08
1.2237e-08
1.2225e-08
1.2214e-08
1.2202e-08
1.2191e-08
1.2179e-08
1.2168e-08
1.2157e-08
1.2146e-08
1.2135e-08
1.2124e-08
1.2113e-08
1.2103e-08
1.2092e-08
1.2082e-08
1.2071e-08
1.2061e-08
1.2051e-08
1.2041e-08
1.2031e-08
1.2021e-08
1.2011e-08
1.2002e-08
1.1992e-08
1.1983e-08
1.1974e-08
1.1965e-08
1.1955e-08
1.1946e-08
1.1938e-08
1.1929e-08
1.192e-08
1.1912e-08
1.1903e-08
1.1895e-08
1.1887e-08
1.1879e-08
1.1871e-08
1.1863e-08
1.1855e-08
1.1847e-08
1.184e-08
1.1832e-08
1.1825e-08
1.1818e-08
1.1811e-08
1.1804e-08
1.1797e-08
1.179e-08
1.1783e-08
1.1777e-08
1.177e-08
1.1764e-08
1.1758e-08
1.1752e-08
1.1746e-08
1.174e-08
1.1734e-08
1.1728e-08
1.1723e-08
1.1717e-08
1.1712e-08
1.1707e-08
1.1702e-08
1.1697e-08
1.1692e-08
1.1687e-08
1.1682e-08
1.1678e-08
1.1673e-08
1.1669e-08
1.1665e-08
1.1661e-08
1.1657e-08
1.1653e-08
1.1649e-08
1.1646e-08
1.1642e-08
1.1639e-08
1.1636e-08
1.1633e-08
1.163e-08
1.1627e-08
1.1624e-08
1.1621e-08
1.1619e-08
1.1616e-08
1.1614e-08
1.1612e-08
1.161e-08
1.1608e-08
1.1606e-08
1.1604e-08
1.1603e-08
1.1601e-08
1.16e-08
1.1599e-08
1.1598e-08
1.1597e-08
1.1596e-08
1.1595e-08
1.1595e-08
1.1594e-08
1.1594e-08
1.1594e-08
1.1594e-08
1.1594e-08
1.1594e-08
1.1594e-08
1.1595e-08
1.1595e-08
1.1596e-08
1.1597e-08
1.1598e-08
1.1599e-08
1.16e-08
1.1602e-08
1.1603e-08
1.1605e-08
1.1606e-08
1.1608e-08
1.161e-08
1.1612e-08
1.1615e-08
1.1617e-08
1.162e-08
1.1622e-08
1.1625e-08
1.1628e-08
1.1631e-08
1.1634e-08
1.1637e-08
1.1641e-08
1.1644e-08
1.1648e-08
1.1652e-08
1.1656e-08
1.166e-08
1.1664e-08
1.1669e-08
1.1673e-08
1.1678e-08
1.1683e-08
1.1688e-08
1.1693e-08
1.1698e-08
1.1704e-08
1.1709e-08
1.1715e-08
1.1721e-08
1.1726e-08
1.1733e-08
1.1739e-08
1.1745e-08
1.1752e-08
1.1758e-08
1.1765e-08
1.1772e-08
1.1779e-08
1.1786e-08
1.1794e-08
1.1801e-08
1.1809e-08
1.1817e-08
1.1825e-08
1.1833e-08
1.1841e-08
1.1849e-08
1.1858e-08
1.1867e-08
1.1875e-08
1.1884e-08
1.1894e-08
1.1903e-08
1.1912e-08
1.1922e-08
1.1932e-08
1.1942e-08
1.1952e-08
1.1962e-08
1.1972e-08
1.1983e-08
1.1993e-08
1.2004e-08
1.2015e-08
1.2026e-08
1.2038e-08
1.2049e-08
1.2061e-08
1.2072e-08
1.2084e-08
1.2096e-08
1.2109e-08
1.2121e-08
1.2134e-08
1.2146e-08
1.2159e-08
1.2172e-08
1.2185e-08
1.2199e-08
1.2212e-08
1.2226e-08
1.224e-08
1.2254e-08
1.2268e-08
1.2282e-08
1.2297e-08
1.2312e-08
1.2326e-08
1.2341e-08
1.2357e-08
1.2372e-08
1.2388e-08
1.2403e-08
1.2419e-08
1.2435e-08
1.2451e-08
1.2468e-08
1.2484e-08
1.2501e-08
1.2518e-08
1.2535e-08
1.2552e-08
1.2569e-08
1.2587e-08
1.2605e-08
1.2623e-08
1.2641e-08
1.2659e-08
1.2678e-08
1.2696e-08
1.2715e-08
1.2734e-08
1.2753e-08
1.2772e-08
1.2792e-08
1.2812e-08
1.2832e-08
1.2852e-08
1.2872e-08
1.2892e-08
1.2913e-08
1.2934e-08
1.2955e-08
1.2976e-08
1.2997e-08
1.3019e-08
1.3041e-08
1.3063e-08
1.3085e-08
1.3107e-08
1.313e-08
1.3152e-08
1.3175e-08
1.3198e-08
1.3222e-08
1.3245e-08
1.3269e-08
1.3293e-08
1.3317e-08
1.3341e-08
1.3365e-08
1.339e-08
1.3415e-08
1.344e-08
1.3465e-08
1.349e-08
1.3516e-08
1.3542e-08
1.3568e-08
1.3594e-08
1.3621e-08
1.3647e-08
1.3674e-08
1.3701e-08
1.3728e-08
1.3756e-08
1.3783e-08
1.3811e-08
1.3839e-08
1.3868e-08
1.3896e-08
1.3925e-08
1.3954e-08
1.3983e-08
1.4012e-08
1.4042e-08
1.4071e-08
1.4101e-08
1.4132e-08
1.4162e-08
1.4193e-08
1.4223e-08
1.4255e-08
1.4286e-08
1.4317e-08
1.4349e-08
1.4381e-08
1.4413e-08
1.4445e-08
1.4478e-08
1.4511e-08
1.4544e-08
1.4577e-08
1.4611e-08
1.4644e-08
1.4678e-08
1.4712e-08
1.4747e-08
1.4782e-08
1.4816e-08
1.4851e-08
1.4887e-08
1.4922e-08
1.4958e-08
1.4994e-08
1.503e-08
1.5067e-08
1.5104e-08
1.5141e-08
1.5178e-08
1.5215e-08
1.5253e-08
1.5291e-08
1.5329e-08
1.5367e-08
1.5406e-08
1.5445e-08
1.5484e-08
1.5523e-08
1.5563e-08
1.5603e-08
1.5643e-08
1.5683e-08
1.5724e-08
1.5765e-08
1.5806e-08
1.5847e-08
1.5889e-08
1.5931e-08
1.5973e-08
1.6015e-08
1.6058e-08
1.6101e-08
1.6144e-08
1.6187e-08
1.6231e-08
1.6275e-08
1.6319e-08
1.6363e-08
1.6408e-08
1.6453e-08
1.6498e-08
1.6544e-08
1.659e-08
1.6636e-08
1.6682e-08
1.6728e-08
1.6775e-08
1.6822e-08
1.687e-08
1.6917e-08
1.6965e-08
1.7014e-08
1.7062e-08
1.7111e-08
1.716e-08
1.7209e-08
1.7259e-08
1.7308e-08
1.7359e-08
1.7409e-08
1.746e-08
1.7511e-08
1.7562e-08
1.7614e-08
1.7665e-08
1.7718e-08
1.777e-08
1.7823e-08
1.7876e-08
1.7929e-08
1.7983e-08
1.8037e-08
1.8091e-08
1.8145e-08
1.82e-08
1.8255e-08
1.831e-08
1.8366e-08
1.8422e-08
1.8478e-08
1.8535e-08
1.8592e-08
1.8649e-08
1.8706e-08
1.8764e-08
1.8822e-08
1.8881e-08
1.8939e-08
1.8998e-08
1.9058e-08
1.9117e-08
1.9177e-08
1.9238e-08
1.9298e-08
1.9359e-08
1.942e-08
1.9482e-08
1.9544e-08
1.9606e-08
1.9669e-08
1.9731e-08
1.9795e-08
1.9858e-08
1.9922e-08
1.9986e-08
2.0051e-08
2.0115e-08
2.0181e-08
2.0246e-08
2.0312e-08
2.0378e-08
2.0445e-08
2.0511e-08
2.0579e-08
2.0646e-08
2.0714e-08
2.0782e-08
2.0851e-08
2.092e-08
2.0989e-08
2.1058e-08
2.1128e-08
2.1199e-08
2.1269e-08
2.134e-08
2.1411e-08
2.1483e-08
2.1555e-08
2.1628e-08
2.17e-08
2.1773e-08
2.1847e-08
2.1921e-08
2.1995e-08
2.207e-08
2.2144e-08
2.222e-08
2.2295e-08
2.2371e-08
2.2448e-08
2.2525e-08
2.2602e-08
2.2679e-08
2.2757e-08
2.2836e-08
2.2914e-08
2.2993e-08
2.3073e-08
2.3152e-08
2.3233e-08
2.3313e-08
2.3394e-08
2.3476e-08
2.3557e-08
2.3639e-08
2.3722e-08
2.3805e-08
2.3888e-08
2.3972e-08
2.4056e-08
2.414e-08
2.4225e-08
2.4311e-08
2.4396e-08
2.4483e-08
2.4569e-08
2.4656e-08
2.4743e-08
2.4831e-08
2.4919e-08
2.5008e-08
2.5097e-08
2.5186e-08
2.5276e-08
2.5366e-08
2.5457e-08
2.5548e-08
2.5639e-08
2.5731e-08
2.5824e-08
2.5916e-08
2.601e-08
2.6103e-08
2.6197e-08
2.6292e-08
2.6387e-08
2.6482e-08
2.6578e-08
2.6674e-08
2.6771e-08
2.6868e-08
2.6966e-08
2.7064e-08
2.7162e-08
2.7261e-08
2.736e-08
2.746e-08
2.7561e-08
2.7661e-08
2.7762e-08
2.7864e-08
2.7966e-08
2.8069e-08
2.8172e-08
2.8275e-08
2.8379e-08
2.8484e-08
2.8589e-08
2.8694e-08
2.88e-08
2.8906e-08
2.9013e-08
2.912e-08
2.9228e-08
2.9336e-08
2.9445e-08
2.9554e-08
2.9664e-08
2.9774e-08
2.9884e-08
2.9996e-08
3.0107e-08
3.0219e-08
3.0332e-08
3.0445e-08
3.0559e-08
3.0673e-08
3.0788e-08
3.0903e-08
3.1018e-08
3.1134e-08
3.1251e-08
3.1368e-08
3.1486e-08
3.1604e-08
3.1723e-08
3.1842e-08
3.1962e-08
3.2082e-08
3.2203e-08
3.2324e-08
3.2446e-08
3.2568e-08
3.2691e-08
3.2815e-08
3.2939e-08
3.3063e-08
3.3188e-08
3.3314e-08
3.344e-08
3.3567e-08
3.3694e-08
3.3822e-08
3.395e-08
3.4079e-08
3.4208e-08
3.4338e-08
3.4469e-08
3.46e-08
3.4732e-08
3.4864e-08
3.4997e-08
3.513e-08
3.5264e-08
3.5398e-08
3.5534e-08
3.5669e-08
3.5805e-08
3.5942e-08
3.608e-08
3.6218e-08
3.6356e-08
3.6495e-08
3.6635e-08
3.6775e-08
3.6916e-08
3.7058e-08
3.72e-08
3.7342e-08
3.7486e-08
3.763e-08
3.7774e-08
3.7919e-08
3.8065e-08
3.8211e-08
3.8358e-08
3.8506e-08
3.8654e-08
3.8803e-08
3.8952e-08
3.9102e-08
3.9253e-08
3.9404e-08
3.9556e-08
3.9709e-08
3.9862e-08
4.0016e-08
4.017e-08
4.0325e-08
4.0481e-08
4.0637e-08
4.0795e-08
4.0952e-08
4.1111e-08
4.127e-08
4.1429e-08
4.159e-08
4.1751e-08
4.1912e-08
4.2074e-08
4.2237e-08
4.2401e-08
4.2565e-08
4.273e-08
4.2896e-08
4.3062e-08
4.3229e-08
4.3397e-08
4.3566e-08
4.3735e-08
4.3904e-08
4.4075e-08
4.4246e-08
4.4418e-08
4.4591e-08
4.4764e-08
4.4938e-08
4.5112e-08
4.5288e-08
4.5464e-08
4.5641e-08
4.5818e-08
4.5997e-08
4.6176e-08
4.6355e-08
4.6536e-08
4.6717e-08
4.6899e-08
4.7081e-08
4.7265e-08
4.7449e-08
4.7634e-08
4.7819e-08
4.8006e-08
4.8193e-08
4.838e-08
4.8569e-08
4.8758e-08
4.8948e-08
4.9139e-08
4.9331e-08
4.9523e-08
4.9716e-08
4.991e-08
5.0105e-08
5.0301e-08
5.0497e-08
5.0694e-08
5.0892e-08
5.109e-08
5.129e-08
5.149e-08
5.1691e-08
5.1893e-08
5.2095e-08
5.2299e-08
5.2503e-08
5.2708e-08
5.2914e-08
5.312e-08
5.3328e-08
5.3536e-08
5.3745e-08
5.3955e-08
5.4166e-08
5.4377e-08
5.459e-08
5.4803e-08
5.5017e-08
5.5232e-08
5.5448e-08
5.5664e-08
5.5882e-08
5.61e-08
5.6319e-08
5.6539e-08
5.676e-08
5.6982e-08
5.7205e-08
5.7428e-08
5.7653e-08
5.7878e-08
5.8104e-08
5.8331e-08
5.8559e-08
5.8788e-08
5.9017e-08
5.9248e-08
5.9479e-08
5.9712e-08
5.9945e-08
6.0179e-08
6.0414e-08
6.065e-08
6.0887e-08
6.1125e-08
6.1364e-08
6.1603e-08
6.1844e-08
6.2085e-08
6.2328e-08
6.2571e-08
6.2816e-08
6.3061e-08
6.3307e-08
6.3554e-08
6.3802e-08
6.4051e-08
6.4301e-08
6.4552e-08
6.4804e-08
6.5057e-08
6.5311e-08
6.5566e-08
6.5822e-08
6.6079e-08
6.6336e-08
6.6595e-08
6.6855e-08
6.7116e-08
6.7377e-08
6.764e-08
6.7904e-08
6.8169e-08
6.8434e-08
6.8701e-08
6.8969e-08
6.9238e-08
6.9508e-08
6.9778e-08
7.005e-08
7.0323e-08
7.0597e-08
7.0872e-08
7.1148e-08
7.1425e-08
7.1703e-08
7.1983e-08
7.2263e-08
7.2544e-08
7.2826e-08
7.311e-08
7.3394e-08
7.368e-08
7.3967e-08
7.4254e-08
7.4543e-08
7.4833e-08
7.5124e-08
7.5416e-08
7.5709e-08
7.6003e-08
7.6299e-08
7.6595e-08
7.6893e-08
7.7192e-08
7.7491e-08
7.7792e-08
7.8094e-08
7.8398e-08
7.8702e-08
7.9007e-08
7.9314e-08
7.9622e-08
7.9931e-08
8.0241e-08
8.0552e-08
8.0864e-08
8.1178e-08
8.1493e-08
8.1808e-08
8.2125e-08
8.2444e-08
8.2763e-08
8.3084e-08
8.3405e-08
8.3728e-08
8.4052e-08
8.4378e-08
8.4704e-08
8.5032e-08
8.5361e-08
8.5691e-08
8.6023e-08
8.6355e-08
8.6689e-08
8.7024e-08
8.7361e-08
8.7698e-08
8.8037e-08
8.8377e-08
8.8718e-08
8.9061e-08
8.9405e-08
8.975e-08
9.0096e-08
9.0444e-08
9.0793e-08
9.1143e-08
9.1494e-08
9.1847e-08
9.2201e-08
9.2556e-08
9.2913e-08
9.3271e-08
9.363e-08
9.3991e-08
9.4353e-08
9.4716e-08
9.508e-08
9.5446e-08
9.5813e-08
9.6182e-08
9.6552e-08
9.6923e-08
9.7295e-08
9.7669e-08
9.8044e-08
9.8421e-08
9.8799e-08
9.9178e-08
9.9559e-08
9.9941e-08
1.0032e-07
1.0071e-07
1.011e-07
1.0148e-07
1.0187e-07
1.0226e-07
1.0265e-07
1.0305e-07
1.0344e-07
1.0384e-07
1.0424e-07
1.0464e-07
1.0504e-07
1.0544e-07
1.0584e-07
1.0625e-07
1.0665e-07
1.0706e-07
1.0747e-07
1.0788e-07
1.0829e-07
1.087e-07
1.0912e-07
1.0954e-07
1.0995e-07
1.1037e-07
1.1079e-07
1.1122e-07
1.1164e-07
1.1207e-07
1.1249e-07
1.1292e-07
1.1335e-07
1.1378e-07
1.1422e-07
1.1465e-07
1.1509e-07
1.1553e-07
1.1596e-07
1.1641e-07
1.1685e-07
1.1729e-07
1.1774e-07
1.1818e-07
1.1863e-07
1.1908e-07
1.1954e-07
1.1999e-07
1.2044e-07
1.209e-07
1.2136e-07
1.2182e-07
1.2228e-07
1.2274e-07
1.2321e-07
1.2368e-07
1.2414e-07
1.2461e-07
1.2509e-07
1.2556e-07
1.2603e-07
1.2651e-07
1.2699e-07
1.2747e-07
1.2795e-07
1.2843e-07
1.2892e-07
1.294e-07
1.2989e-07
1.3038e-07
1.3087e-07
1.3137e-07
1.3186e-07
1.3236e-07
1.3286e-07
1.3336e-07
1.3386e-07
1.3436e-07
1.3487e-07
1.3538e-07
1.3589e-07
1.364e-07
1.3691e-07
1.3742e-07
1.3794e-07
1.3846e-07
1.3898e-07
1.395e-07
1.4002e-07
1.4055e-07
1.4108e-07
1.416e-07
1.4213e-07
1.4267e-07
1.432e-07
1.4374e-07
1.4428e-07
1.4482e-07
1.4536e-07
1.459e-07
1.4645e-07
1.4699e-07
1.4754e-07
1.481e-07
1.4865e-07
1.492e-07
1.4976e-07
1.5032e-07
1.5088e-07
1.5144e-07
1.5201e-07
1.5257e-07
1.5314e-07
1.5371e-07
1.5429e-07
1.5486e-07
1.5544e-07
1.5601e-07
1.5659e-07
1.5718e-07
1.5776e-07
1.5835e-07
1.5894e-07
1.5953e-07
1.6012e-07
1.6071e-07
1.6131e-07
1.6191e-07
1.6251e-07
1.6311e-07
1.6371e-07
1.6432e-07
1.6493e-07
1.6554e-07
1.6615e-07
1.6677e-07
1.6738e-07
1.68e-07
1.6862e-07
1.6925e-07
1.6987e-07
1.705e-07
1.7113e-07
1.7176e-07
1.724e-07
1.7303e-07
1.7367e-07
1.7431e-07
1.7495e-07
1.756e-07
1.7624e-07
1.7689e-07
1.7754e-07
1.782e-07
1.7885e-07
1.7951e-07
1.8017e-07
1.8083e-07
1.815e-07
1.8216e-07
1.8283e-07
1.835e-07
1.8418e-07
1.8485e-07
1.8553e-07
1.8621e-07
1.8689e-07
1.8758e-07
1.8826e-07
1.8895e-07
1.8964e-07
1.9034e-07
1.9103e-07
1.9173e-07
1.9243e-07
1.9314e-07
1.9384e-07
1.9455e-07
1.9526e-07
1.9597e-07
1.9669e-07
1.974e-07
1.9812e-07
1.9885e-07
1.9957e-07
2.003e-07
2.0103e-07
2.0176e-07
2.0249e-07
2.0323e-07
2.0397e-07
2.0471e-07
2.0545e-07
2.062e-07
2.0695e-07
2.077e-07
2.0845e-07
2.0921e-07
2.0997e-07
2.1073e-07
2.1149e-07
2.1226e-07
2.1303e-07
2.138e-07
2.1457e-07
2.1535e-07
2.1613e-07
2.1691e-07
2.1769e-07
2.1848e-07
2.1927e-07
2.2006e-07
2.2085e-07
2.2165e-07
2.2245e-07
2.2325e-07
2.2406e-07
2.2486e-07
2.2567e-07
2.2649e-07
2.273e-07
2.2812e-07
2.2894e-07
2.2976e-07
2.3059e-07
2.3142e-07
2.3225e-07
2.3308e-07
2.3392e-07
2.3476e-07
2.356e-07
2.3645e-07
2.3729e-07
2.3814e-07
2.39e-07
2.3985e-07
2.4071e-07
2.4157e-07
2.4244e-07
2.433e-07
2.4417e-07
2.4505e-07
2.4592e-07
2.468e-07
2.4768e-07
2.4856e-07
2.4945e-07
2.5034e-07
2.5123e-07
2.5213e-07
2.5303e-07
2.5393e-07
2.5483e-07
2.5574e-07
2.5665e-07
2.5756e-07
2.5848e-07
2.594e-07
2.6032e-07
2.6124e-07
2.6217e-07
2.631e-07
2.6403e-07
2.6497e-07
2.6591e-07
2.6685e-07
2.678e-07
2.6874e-07
2.6969e-07
2.7065e-07
2.7161e-07
2.7257e-07
2.7353e-07
2.745e-07
2.7547e-07
2.7644e-07
2.7742e-07
2.7839e-07
2.7938e-07
2.8036e-07
2.8135e-07
2.8234e-07
2.8334e-07
2.8433e-07
2.8533e-07
2.8634e-07
2.8734e-07
2.8835e-07
2.8937e-07
2.9038e-07
2.914e-07
2.9243e-07
2.9345e-07
2.9448e-07
2.9552e-07
2.9655e-07
2.9759e-07
2.9863e-07
2.9968e-07
3.0073e-07
3.0178e-07
3.0284e-07
3.039e-07
3.0496e-07
3.0602e-07
3.0709e-07
3.0817e-07
3.0924e-07
3.1032e-07
3.114e-07
3.1249e-07
3.1358e-07
3.1467e-07
3.1577e-07
3.1687e-07
3.1797e-07
3.1907e-07
3.2018e-07
3.213e-07
3.2241e-07
3.2353e-07
3.2466e-07
3.2578e-07
3.2691e-07
3.2805e-07
3.2919e-07
3.3033e-07
3.3147e-07
3.3262e-07
3.3377e-07
3.3493e-07
3.3609e-07
3.3725e-07
3.3841e-07
3.3958e-07
3.4076e-07
3.4193e-07
3.4311e-07
3.443e-07
3.4549e-07
3.4668e-07
3.4787e-07
3.4907e-07
3.5027e-07
3.5148e-07
3.5269e-07
3.539e-07
3.5512e-07
3.5634e-07
3.5756e-07
3.5879e-07
3.6003e-07
3.6126e-07
3.625e-07
3.6374e-07
3.6499e-07
3.6624e-07
3.675e-07
3.6876e-07
3.7002e-07
3.7129e-07
3.7256e-07
3.7383e-07
3.7511e-07
3.7639e-07
3.7768e-07
3.7897e-07
3.8026e-07
3.8156e-07
3.8286e-07
3.8416e-07
3.8547e-07
3.8679e-07
3.881e-07
3.8942e-07
3.9075e-07
3.9208e-07
3.9341e-07
3.9475e-07
3.9609e-07
3.9744e-07
3.9879e-07
4.0014e-07
4.015e-07
4.0286e-07
4.0422e-07
4.0559e-07
4.0697e-07
4.0835e-07
4.0973e-07
4.1111e-07
4.1251e-07
4.139e-07
4.153e-07
4.167e-07
4.1811e-07
4.1952e-07
4.2094e-07
4.2236e-07
4.2378e-07
4.2521e-07
4.2664e-07
4.2808e-07
4.2952e-07
4.3097e-07
4.3241e-07
4.3387e-07
4.3533e-07
4.3679e-07
4.3826e-07
4.3973e-07
4.412e-07
4.4269e-07
4.4417e-07
4.4566e-07
4.4715e-07
4.4865e-07
4.5015e-07
4.5166e-07
4.5317e-07
4.5469e-07
4.5621e-07
4.5773e-07
4.5926e-07
4.6079e-07
4.6233e-07
4.6387e-07
4.6542e-07
4.6697e-07
4.6853e-07
4.7009e-07
4.7166e-07
4.7323e-07
4.748e-07
4.7638e-07
4.7796e-07
4.7955e-07
4.8115e-07
4.8274e-07
4.8435e-07
4.8595e-07
4.8757e-07
4.8918e-07
4.908e-07
4.9243e-07
4.9406e-07
4.957e-07
4.9734e-07
4.9898e-07
5.0063e-07
5.0229e-07
5.0395e-07
5.0561e-07
5.0728e-07
5.0896e-07
5.1063e-07
5.1232e-07
5.1401e-07
5.157e-07
5.174e-07
5.191e-07
5.2081e-07
5.2252e-07
5.2424e-07
5.2597e-07
5.2769e-07
5.2943e-07
5.3116e-07
5.3291e-07
5.3466e-07
5.3641e-07
5.3817e-07
5.3993e-07
5.417e-07
5.4347e-07
5.4525e-07
5.4704e-07
5.4882e-07
5.5062e-07
5.5242e-07
5.5422e-07
5.5603e-07
5.5785e-07
5.5967e-07
5.6149e-07
5.6332e-07
5.6516e-07
5.67e-07
5.6884e-07
5.7069e-07
5.7255e-07
5.7441e-07
5.7628e-07
5.7815e-07
5.8003e-07
5.8191e-07
5.838e-07
5.8569e-07
5.8759e-07
5.895e-07
5.9141e-07
5.9332e-07
5.9524e-07
5.9717e-07
5.991e-07
6.0104e-07
6.0298e-07
6.0493e-07
6.0688e-07
6.0884e-07
6.108e-07
6.1277e-07
6.1475e-07
6.1673e-07
6.1872e-07
6.2071e-07
6.2271e-07
6.2471e-07
6.2672e-07
6.2874e-07
6.3076e-07
6.3278e-07
6.3481e-07
6.3685e-07
6.3889e-07
6.4094e-07
6.43e-07
6.4506e-07
6.4712e-07
6.492e-07
6.5127e-07
6.5336e-07
6.5545e-07
6.5754e-07
6.5964e-07
6.6175e-07
6.6386e-07
6.6598e-07
6.681e-07
6.7023e-07
6.7237e-07
6.7451e-07
6.7666e-07
6.7881e-07
6.8097e-07
6.8314e-07
6.8531e-07
6.8749e-07
6.8967e-07
6.9186e-07
6.9406e-07
6.9626e-07
6.9847e-07
7.0068e-07
7.029e-07
7.0513e-07
7.0736e-07
7.096e-07
7.1184e-07
7.1409e-07
7.1635e-07
7.1861e-07
7.2088e-07
7.2316e-07
7.2544e-07
7.2773e-07
7.3002e-07
7.3232e-07
7.3463e-07
7.3694e-07
7.3926e-07
7.4159e-07
7.4392e-07
7.4626e-07
7.4861e-07
7.5096e-07
7.5331e-07
7.5568e-07
7.5805e-07
7.6043e-07
7.6281e-07
7.652e-07
7.676e-07
7.7e-07
7.7241e-07
7.7482e-07
7.7725e-07
7.7967e-07
7.8211e-07
7.8455e-07
7.87e-07
7.8946e-07
7.9192e-07
7.9439e-07
7.9686e-07
7.9934e-07
8.0183e-07
8.0433e-07
8.0683e-07
8.0934e-07
8.1185e-07
8.1437e-07
8.169e-07
8.1944e-07
8.2198e-07
8.2453e-07
8.2709e-07
8.2965e-07
8.3222e-07
8.3479e-07
8.3738e-07
8.3997e-07
8.4256e-07
8.4517e-07
8.4778e-07
8.504e-07
8.5302e-07
8.5565e-07
8.5829e-07
8.6094e-07
8.6359e-07
8.6625e-07
8.6892e-07
8.7159e-07
8.7427e-07
8.7696e-07
8.7966e-07
8.8236e-07
8.8507e-07
8.8778e-07
8.9051e-07
8.9324e-07
8.9598e-07
8.9872e-07
9.0148e-07
9.0424e-07
9.07e-07
9.0978e-07
9.1256e-07
9.1535e-07
9.1814e-07
9.2095e-07
9.2376e-07
9.2658e-07
9.294e-07
9.3223e-07
9.3508e-07
9.3792e-07
9.4078e-07
9.4364e-07
9.4651e-07
9.4939e-07
9.5227e-07
9.5517e-07
9.5807e-07
9.6097e-07
9.6389e-07
9.6681e-07
9.6974e-07
9.7268e-07
9.7563e-07
9.7858e-07
9.8154e-07
9.8451e-07
9.8748e-07
9.9047e-07
9.9346e-07
9.9646e-07
9.9947e-07
1.0025e-06
1.0055e-06
1.0085e-06
1.0116e-06
1.0146e-06
1.0177e-06
1.0207e-06
1.0238e-06
1.0269e-06
1.03e-06
1.0331e-06
1.0362e-06
1.0393e-06
1.0424e-06
1.0455e-06
1.0486e-06
1.0518e-06
1.0549e-06
1.0581e-06
1.0613e-06
1.0644e-06
1.0676e-06
1.0708e-06
1.074e-06
1.0772e-06
1.0804e-06
1.0836e-06
1.0869e-06
1.0901e-06
1.0933e-06
1.0966e-06
1.0999e-06
1.1031e-06
1.1064e-06
1.1097e-06
1.113e-06
1.1163e-06
1.1196e-06
1.1229e-06
1.1263e-06
1.1296e-06
1.133e-06
1.1363e-06
1.1397e-06
1.143e-06
1.1464e-06
1.1498e-06
1.1532e-06
1.1566e-06
1.16e-06
1.1634e-06
1.1669e-06
1.1703e-06
1.1738e-06
1.1772e-06
1.1807e-06
1.1842e-06
1.1876e-06
1.1911e-06
1.1946e-06
1.1981e-06
1.2017e-06
1.2052e-06
1.2087e-06
1.2123e-06
1.2158e-06
1.2194e-06
1.2229e-06
1.2265e-06
1.2301e-06
1.2337e-06
1.2373e-06
1.2409e-06
1.2445e-06
1.2482e-06
1.2518e-06
1.2555e-06
1.2591e-06
1.2628e-06
1.2665e-06
1.2702e-06
1.2739e-06
1.2776e-06
1.2813e-06
1.285e-06
1.2887e-06
1.2925e-06
1.2962e-06
1.3e-06
1.3037e-06
1.3075e-06
1.3113e-06
1.3151e-06
1.3189e-06
1.3227e-06
1.3265e-06
1.3304e-06
1.3342e-06
1.3381e-06
1.3419e-06
1.3458e-06
1.3497e-06
1.3536e-06
1.3575e-06
1.3614e-06
1.3653e-06
1.3692e-06
1.3731e-06
1.3771e-06
1.381e-06
1.385e-06
1.389e-06
1.393e-06
1.397e-06
1.401e-06
1.405e-06
1.409e-06
1.413e-06
1.4171e-06
1.4211e-06
1.4252e-06
1.4292e-06
1.4333e-06
1.4374e-06
1.4415e-06
1.4456e-06
1.4497e-06
1.4539e-06
1.458e-06
1.4622e-06
1.4663e-06
1.4705e-06
1.4747e-06
1.4788e-06
1.483e-06
1.4873e-06
1.4915e-06
1.4957e-06
1.4999e-06
1.5042e-06
1.5084e-06
1.5127e-06
1.517e-06
1.5213e-06
1.5256e-06
1.5299e-06
1.5342e-06
1.5385e-06
1.5429e-06
1.5472e-06
1.5516e-06
1.5559e-06
1.5603e-06
1.5647e-06
1.5691e-06
1.5735e-06
1.5779e-06
1.5824e-06
1.5868e-06
1.5913e-06
1.5957e-06
1.6002e-06
1.6047e-06
1.6092e-06
1.6137e-06
1.6182e-06
1.6227e-06
1.6273e-06
1.6318e-06
1.6364e-06
1.6409e-06
1.6455e-06
1.6501e-06
1.6547e-06
1.6593e-06
1.6639e-06
1.6685e-06
1.6732e-06
1.6778e-06
1.6825e-06
1.6872e-06
1.6919e-06
1.6965e-06
1.7013e-06
1.706e-06
1.7107e-06
1.7154e-06
1.7202e-06
1.7249e-06
1.7297e-06
1.7345e-06
1.7393e-06
1.7441e-06
1.7489e-06
1.7537e-06
1.7586e-06
1.7634e-06
1.7683e-06
1.7731e-06
1.778e-06
1.7829e-06
1.7878e-06
1.7927e-06
1.7976e-06
1.8026e-06
1.8075e-06
1.8125e-06
1.8175e-06
1.8224e-06
1.8274e-06
1.8324e-06
1.8374e-06
1.8425e-06
1.8475e-06
1.8526e-06
1.8576e-06
1.8627e-06
1.8678e-06
1.8729e-06
1.878e-06
1.8831e-06
1.8882e-06
1.8933e-06
1.8985e-06
1.9037e-06
1.9088e-06
1.914e-06
1.9192e-06
1.9244e-06
1.9296e-06
1.9349e-06
1.9401e-06
1.9454e-06
1.9506e-06
1.9559e-06
1.9612e-06
1.9665e-06
1.9718e-06
1.9771e-06
1.9825e-06
1.9878e-06
1.9932e-06
1.9986e-06
2.0039e-06
2.0093e-06
2.0147e-06
2.0202e-06
2.0256e-06
2.031e-06
2.0365e-06
2.042e-06
2.0474e-06
2.0529e-06
2.0584e-06
2.0639e-06
2.0695e-06
2.075e-06
2.0806e-06
2.0861e-06
2.0917e-06
2.0973e-06
2.1029e-06
2.1085e-06
2.1141e-06
2.1198e-06
2.1254e-06
2.1311e-06
2.1367e-06
2.1424e-06
2.1481e-06
2.1538e-06
2.1595e-06
2.1653e-06
2.171e-06
2.1768e-06
2.1826e-06
2.1883e-06
2.1941e-06
2.1999e-06
2.2058e-06
2.2116e-06
2.2174e-06
2.2233e-06
2.2292e-06
2.2351e-06
2.2409e-06
2.2469e-06
2.2528e-06
2.2587e-06
2.2647e-06
2.2706e-06
2.2766e-06
2.2826e-06
2.2886e-06
2.2946e-06
2.3006e-06
2.3066e-06
2.3127e-06
2.3187e-06
2.3248e-06
2.3309e-06
2.337e-06
2.3431e-06
2.3492e-06
2.3554e-06
2.3615e-06
2.3677e-06
2.3739e-06
2.3801e-06
2.3863e-06
2.3925e-06
2.3987e-06
2.4049e-06
2.4112e-06
2.4175e-06
2.4237e-06
2.43e-06
2.4363e-06
2.4427e-06
2.449e-06
2.4553e-06
2.4617e-06
2.4681e-06
2.4745e-06
2.4809e-06
2.4873e-06
2.4937e-06
2.5001e-06
2.5066e-06
2.5131e-06
2.5195e-06
2.526e-06
2.5325e-06
2.539e-06
2.5456e-06
2.5521e-06
2.5587e-06
2.5653e-06
2.5718e-06
2.5784e-06
2.5851e-06
2.5917e-06
2.5983e-06
2.605e-06
2.6116e-06
2.6183e-06
2.625e-06
2.6317e-06
2.6385e-06
2.6452e-06
2.6519e-06
2.6587e-06
2.6655e-06
2.6723e-06
2.6791e-06
2.6859e-06
2.6927e-06
2.6996e-06
2.7064e-06
2.7133e-06
2.7202e-06
2.7271e-06
2.734e-06
2.7409e-06
2.7479e-06
2.7548e-06
2.7618e-06
2.7688e-06
2.7758e-06
2.7828e-06
2.7898e-06
2.7969e-06
2.8039e-06
2.811e-06
2.8181e-06
2.8252e-06
2.8323e-06
2.8394e-06
2.8465e-06
2.8537e-06
2.8608e-06
2.868e-06
2.8752e-06
2.8824e-06
2.8897e-06
2.8969e-06
2.9042e-06
2.9114e-06
2.9187e-06
2.926e-06
2.9333e-06
2.9406e-06
2.948e-06
2.9553e-06
2.9627e-06
2.9701e-06
2.9775e-06
2.9849e-06
2.9923e-06
2.9997e-06
3.0072e-06
3.0147e-06
3.0221e-06
3.0296e-06
3.0372e-06
3.0447e-06
3.0522e-06
3.0598e-06
3.0674e-06
3.0749e-06
3.0825e-06
3.0902e-06
3.0978e-06
3.1054e-06
3.1131e-06
3.1208e-06
3.1284e-06
3.1362e-06
3.1439e-06
3.1516e-06
3.1594e-06
3.1671e-06
3.1749e-06
3.1827e-06
3.1905e-06
3.1983e-06
3.2062e-06
3.214e-06
3.2219e-06
3.2298e-06
3.2376e-06
3.2456e-06
3.2535e-06
3.2614e-06
3.2694e-06
3.2774e-06
3.2853e-06
3.2933e-06
3.3014e-06
3.3094e-06
3.3174e-06
3.3255e-06
3.3336e-06
3.3417e-06
3.3498e-06
3.3579e-06
3.3661e-06
3.3742e-06
3.3824e-06
3.3906e-06
3.3988e-06
3.407e-06
3.4152e-06
3.4235e-06
3.4317e-06
3.44e-06
3.4483e-06
3.4566e-06
3.4649e-06
3.4733e-06
3.4816e-06
3.49e-06
3.4984e-06
3.5068e-06
3.5152e-06
3.5236e-06
3.5321e-06
3.5405e-06
3.549e-06
3.5575e-06
3.566e-06
3.5745e-06
3.5831e-06
3.5916e-06
3.6002e-06
3.6088e-06
3.6174e-06
3.626e-06
3.6346e-06
3.6433e-06
3.6519e-06
3.6606e-06
3.6693e-06
3.678e-06
3.6868e-06
3.6955e-06
3.7043e-06
3.7131e-06
3.7218e-06
3.7307e-06
3.7395e-06
3.7483e-06
3.7572e-06
3.766e-06
3.7749e-06
3.7838e-06
3.7928e-06
3.8017e-06
3.8106e-06
3.8196e-06
3.8286e-06
3.8376e-06
3.8466e-06
3.8556e-06
3.8647e-06
3.8738e-06
3.8828e-06
3.8919e-06
3.901e-06
3.9102e-06
3.9193e-06
3.9285e-06
3.9377e-06
3.9468e-06
3.9561e-06
3.9653e-06
3.9745e-06
3.9838e-06
3.9931e-06
4.0023e-06
4.0117e-06
4.021e-06
4.0303e-06
4.0397e-06
4.049e-06
4.0584e-06
4.0678e-06
4.0773e-06
4.0867e-06
4.0962e-06
4.1056e-06
4.1151e-06
4.1246e-06
4.1341e-06
4.1437e-06
4.1532e-06
4.1628e-06
4.1724e-06
4.182e-06
4.1916e-06
4.2012e-06
4.2109e-06
4.2206e-06
4.2302e-06
4.24e-06
4.2497e-06
4.2594e-06
4.2692e-06
4.2789e-06
4.2887e-06
4.2985e-06
4.3083e-06
4.3182e-06
4.328e-06
4.3379e-06
4.3478e-06
4.3577e-06
4.3676e-06
4.3775e-06
4.3875e-06
4.3975e-06
4.4074e-06
4.4174e-06
4.4275e-06
4.4375e-06
4.4476e-06
4.4576e-06
4.4677e-06
4.4778e-06
4.4879e-06
4.4981e-06
4.5082e-06
4.5184e-06
4.5286e-06
4.5388e-06
4.549e-06
4.5593e-06
4.5695e-06
4.5798e-06
4.5901e-06
4.6004e-06
4.6107e-06
4.6211e-06
4.6314e-06
4.6418e-06
4.6522e-06
4.6626e-06
4.673e-06
4.6835e-06
4.6939e-06
4.7044e-06
4.7149e-06
4.7254e-06
4.7359e-06
4.7465e-06
4.7571e-06
4.7676e-06
4.7782e-06
4.7888e-06
4.7995e-06
4.8101e-06
4.8208e-06
4.8315e-06
4.8422e-06
4.8529e-06
4.8636e-06
4.8744e-06
4.8852e-06
4.896e-06
4.9068e-06
4.9176e-06
4.9284e-06
4.9393e-06
4.9502e-06
4.9611e-06
4.972e-06
4.9829e-06
4.9938e-06
5.0048e-06
5.0158e-06
5.0268e-06
5.0378e-06
5.0488e-06
5.0599e-06
5.0709e-06
5.082e-06
5.0931e-06
5.1042e-06
5.1154e-06
5.1265e-06
5.1377e-06
5.1489e-06
5.1601e-06
5.1713e-06
5.1826e-06
5.1938e-06
5.2051e-06
5.2164e-06
5.2277e-06
5.239e-06
5.2504e-06
5.2618e-06
5.2731e-06
5.2845e-06
5.296e-06
5.3074e-06
5.3188e-06
5.3303e-06
5.3418e-06
5.3533e-06
5.3648e-06
5.3764e-06
5.3879e-06
5.3995e-06
5.4111e-06
5.4227e-06
5.4343e-06
5.446e-06
5.4577e-06
5.4693e-06
5.481e-06
5.4928e-06
5.5045e-06
5.5162e-06
5.528e-06
5.5398e-06
5.5516e-06
5.5634e-06
5.5753e-06
5.5871e-06
5.599e-06
5.6109e-06
5.6228e-06
5.6348e-06
5.6467e-06
5.6587e-06
5.6707e-06
5.6827e-06
5.6947e-06
5.7067e-06
5.7188e-06
5.7309e-06
5.7429e-06
5.7551e-06
5.7672e-06
5.7793e-06
5.7915e-06
5.8037e-06
5.8159e-06
5.8281e-06
5.8403e-06
5.8526e-06
5.8649e-06
5.8771e-06
5.8895e-06
5.9018e-06
5.9141e-06
5.9265e-06
5.9389e-06
5.9513e-06
5.9637e-06
5.9761e-06
5.9886e-06
6.001e-06
6.0135e-06
6.026e-06
6.0385e-06
6.0511e-06
6.0636e-06
6.0762e-06
6.0888e-06
6.1014e-06
6.1141e-06
6.1267e-06
6.1394e-06
6.1521e-06
6.1648e-06
6.1775e-06
6.1902e-06
6.203e-06
6.2158e-06
6.2286e-06
6.2414e-06
6.2542e-06
6.267e-06
6.2799e-06
6.2928e-06
6.3057e-06
6.3186e-06
6.3316e-06
6.3445e-06
6.3575e-06
6.3705e-06
6.3835e-06
6.3965e-06
6.4096e-06
6.4226e-06
6.4357e-06
6.4488e-06
6.4619e-06
6.4751e-06
6.4882e-06
6.5014e-06
6.5146e-06
6.5278e-06
6.541e-06
6.5543e-06
6.5675e-06
6.5808e-06
6.5941e-06
6.6074e-06
6.6208e-06
6.6341e-06
6.6475e-06
6.6609e-06
6.6743e-06
6.6877e-06
6.7012e-06
6.7146e-06
6.7281e-06
6.7416e-06
6.7551e-06
6.7687e-06
6.7822e-06
6.7958e-06
6.8094e-06
6.823e-06
6.8366e-06
6.8503e-06
6.8639e-06
6.8776e-06
6.8913e-06
6.905e-06
6.9187e-06
6.9325e-06
6.9463e-06
6.9601e-06
6.9739e-06
6.9877e-06
7.0015e-06
7.0154e-06
7.0293e-06
7.0432e-06
7.0571e-06
7.071e-06
7.085e-06
7.0989e-06
7.1129e-06
7.1269e-06
7.141e-06
7.155e-06
7.1691e-06
7.1831e-06
7.1972e-06
7.2114e-06
7.2255e-06
7.2396e-06
7.2538e-06
7.268e-06
7.2822e-06
7.2964e-06
7.3107e-06
7.3249e-06
7.3392e-06
7.3535e-06
7.3678e-06
7.3822e-06
7.3965e-06
7.4109e-06
7.4253e-06
7.4397e-06
7.4541e-06
7.4685e-06
7.483e-06
7.4975e-06
7.512e-06
7.5265e-06
7.541e-06
7.5556e-06
7.5701e-06
7.5847e-06
7.5993e-06
7.6139e-06
7.6286e-06
7.6432e-06
7.6579e-06
7.6726e-06
7.6873e-06
7.702e-06
7.7168e-06
7.7315e-06
7.7463e-06
7.7611e-06
7.7759e-06
7.7908e-06
7.8056e-06
7.8205e-06
7.8354e-06
7.8503e-06
7.8652e-06
7.8802e-06
7.8951e-06
7.9101e-06
7.9251e-06
7.9401e-06
7.9552e-06
7.9702e-06
7.9853e-06
8.0004e-06
8.0155e-06
8.0306e-06
8.0458e-06
8.0609e-06
8.0761e-06
8.0913e-06
8.1065e-06
8.1217e-06
8.137e-06
8.1522e-06
8.1675e-06
8.1828e-06
8.1981e-06
8.2135e-06
8.2288e-06
8.2442e-06
8.2596e-06
8.275e-06
8.2904e-06
8.3059e-06
8.3213e-06
8.3368e-06
8.3523e-06
8.3678e-06
8.3834e-06
8.3989e-06
8.4145e-06
8.4301e-06
8.4457e-06
8.4613e-06
8.4769e-06
8.4926e-06
8.5083e-06
8.524e-06
8.5397e-06
8.5554e-06
8.5711e-06
8.5869e-06
8.6027e-06
8.6185e-06
8.6343e-06
8.6501e-06
8.666e-06
8.6818e-06
8.6977e-06
8.7136e-06
8.7295e-06
8.7455e-06
8.7614e-06
8.7774e-06
8.7934e-06
8.8094e-06
8.8254e-06
8.8415e-06
8.8575e-06
8.8736e-06
8.8897e-06
8.9058e-06
8.9219e-06
8.9381e-06
8.9542e-06
8.9704e-06
8.9866e-06
9.0028e-06
9.0191e-06
9.0353e-06
9.0516e-06
9.0679e-06
9.0842e-06
9.1005e-06
9.1168e-06
9.1332e-06
9.1496e-06
9.1659e-06
9.1823e-06
9.1988e-06
9.2152e-06
9.2317e-06
9.2481e-06
9.2646e-06
9.2811e-06
9.2977e-06
9.3142e-06
9.3308e-06
9.3473e-06
9.3639e-06
9.3805e-06
9.3972e-06
9.4138e-06
9.4305e-06
9.4471e-06
9.4638e-06
9.4806e-06
9.4973e-06
9.514e-06
9.5308e-06
9.5476e-06
9.5644e-06
9.5812e-06
9.598e-06
9.6149e-06
9.6317e-06
9.6486e-06
9.6655e-06
9.6824e-06
9.6993e-06
9.7163e-06
9.7332e-06
9.7502e-06
9.7672e-06
9.7842e-06
9.8013e-06
9.8183e-06
9.8354e-06
9.8525e-06
9.8696e-06
9.8867e-06
9.9038e-06
9.9209e-06
9.9381e-06
9.9553e-06
9.9725e-06
9.9897e-06
1.0007e-05
1.0024e-05
1.0041e-05
1.0059e-05
1.0076e-05
1.0093e-05
1.0111e-05
1.0128e-05
1.0145e-05
1.0163e-05
1.018e-05
1.0198e-05
1.0215e-05
1.0232e-05
1.025e-05
1.0267e-05
1.0285e-05
1.0302e-05
1.032e-05
1.0337e-05
1.0355e-05
1.0372e-05
1.039e-05
1.0408e-05
1.0425e-05
1.0443e-05
1.0461e-05
1.0478e-05
1.0496e-05
1.0514e-05
1.0531e-05
1.0549e-05
1.0567e-05
1.0585e-05
1.0602e-05
1.062e-05
1.0638e-05
1.0656e-05
1.0674e-05
1.0691e-05
1.0709e-05
1.0727e-05
1.0745e-05
1.0763e-05
1.0781e-05
1.0799e-05
1.0817e-05
1.0835e-05
1.0853e-05
1.0871e-05
1.0889e-05
1.0907e-05
1.0925e-05
1.0943e-05
1.0961e-05
1.0979e-05
1.0997e-05
1.1016e-05
1.1034e-05
1.1052e-05
1.107e-05
1.1088e-05
1.1106e-05
1.1125e-05
1.1143e-05
1.1161e-05
1.1179e-05
1.1198e-05
1.1216e-05
1.1234e-05
1.1253e-05
1.1271e-05
1.1289e-05
1.1308e-05
1.1326e-05
1.1345e-05
1.1363e-05
1.1381e-05
1.14e-05
1.1418e-05
1.1437e-05
1.1455e-05
1.1474e-05
1.1492e-05
1.1511e-05
1.1529e-05
1.1548e-05
1.1567e-05
1.1585e-05
1.1604e-05
1.1622e-05
1.1641e-05
1.166e-05
1.1678e-05
1.1697e-05
1.1716e-05
1.1734e-05
1.1753e-05
1.1772e-05
1.1791e-05
1.1809e-05
1.1828e-05
1.1847e-05
1.1866e-05
1.1885e-05
1.1903e-05
1.1922e-05
1.1941e-05
1.196e-05
1.1979e-05
1.1998e-05
1.2017e-05
1.2036e-05
1.2055e-05
1.2074e-05
1.2093e-05
1.2112e-05
1.2131e-05
1.215e-05
1.2169e-05
1.2188e-05
1.2207e-05
1.2226e-05
1.2245e-05
1.2264e-05
1.2283e-05
1.2302e-05
1.2321e-05
1.2341e-05
1.236e-05
1.2379e-05
1.2398e-05
1.2417e-05
1.2437e-05
1.2456e-05
1.2475e-05
1.2494e-05
1.2514e-05
1.2533e-05
1.2552e-05
1.2571e-05
1.2591e-05
1.261e-05
1.2629e-05
1.2649e-05
1.2668e-05
1.2688e-05
1.2707e-05
1.2726e-05
1.2746e-05
1.2765e-05
1.2785e-05
1.2804e-05
1.2824e-05
1.2843e-05
1.2863e-05
1.2882e-05
1.2902e-05
1.2921e-05
1.2941e-05
1.296e-05
1.298e-05
1.3e-05
1.3019e-05
1.3039e-05
1.3058e-05
1.3078e-05
1.3098e-05
1.3117e-05
1.3137e-05
1.3157e-05
1.3176e-05
1.3196e-05
1.3216e-05
1.3236e-05
1.3255e-05
1.3275e-05
1.3295e-05
1.3315e-05
1.3335e-05
1.3354e-05
1.3374e-05
1.3394e-05
1.3414e-05
1.3434e-05
1.3454e-05
1.3473e-05
1.3493e-05
1.3513e-05
1.3533e-05
1.3553e-05
1.3573e-05
1.3593e-05
1.3613e-05
1.3633e-05
1.3653e-05
1.3673e-05
1.3693e-05
1.3713e-05
1.3733e-05
1.3753e-05
1.3773e-05
1.3793e-05
1.3813e-05
1.3833e-05
1.3853e-05
1.3873e-05
1.3893e-05
1.3914e-05
1.3934e-05
1.3954e-05
1.3974e-05
1.3994e-05
1.4014e-05
1.4035e-05
1.4055e-05
1.4075e-05
1.4095e-05
1.4115e-05
1.4136e-05
1.4156e-05
1.4176e-05
1.4196e-05
1.4217e-05
1.4237e-05
1.4257e-05
1.4278e-05
1.4298e-05
1.4318e-05
1.4339e-05
1.4359e-05
1.4379e-05
1.44e-05
1.442e-05
1.444e-05
1.4461e-05
1.4481e-05
1.4502e-05
1.4522e-05
1.4542e-05
1.4563e-05
1.4583e-05
1.4604e-05
1.4624e-05
1.4645e-05
1.4665e-05
1.4686e-05
1.4706e-05
1.4727e-05
1.4747e-05
1.4768e-05
1.4788e-05
1.4809e-05
1.4829e-05
1.485e-05
1.4871e-05
1.4891e-05
1.4912e-05
1.4932e-05
1.4953e-05
1.4974e-05
1.4994e-05
1.5015e-05
1.5036e-05
1.5056e-05
1.5077e-05
1.5098e-05
1.5118e-05
1.5139e-05
1.516e-05
1.518e-05
1.5201e-05
1.5222e-05
1.5243e-05
1.5263e-05
1.5284e-05
1.5305e-05
1.5326e-05
1.5346e-05
1.5367e-05
1.5388e-05
1.5409e-05
1.5429e-05
1.545e-05
1.5471e-05
1.5492e-05
1.5513e-05
1.5534e-05
1.5554e-05
1.5575e-05
1.5596e-05
1.5617e-05
1.5638e-05
1.5659e-05
1.568e-05
1.5701e-05
1.5721e-05
1.5742e-05
1.5763e-05
1.5784e-05
1.5805e-05
1.5826e-05
1.5847e-05
1.5868e-05
1.5889e-05
1.591e-05
1.5931e-05
1.5952e-05
1.5973e-05
1.5994e-05
1.6015e-05
1.6036e-05
1.6057e-05
1.6078e-05
1.6099e-05
1.612e-05
1.6141e-05
1.6162e-05
1.6183e-05
1.6204e-05
1.6225e-05
1.6246e-05
1.6267e-05
1.6288e-05
1.6309e-05
1.6331e-05
1.6352e-05
1.6373e-05
1.6394e-05
1.6415e-05
1.6436e-05
1.6457e-05
1.6478e-05
1.6499e-05
1.6521e-05
1.6542e-05
1.6563e-05
1.6584e-05
1.6605e-05
1.6626e-05
1.6647e-05
1.6669e-05
1.669e-05
1.6711e-05
1.6732e-05
1.6753e-05
1.6775e-05
1.6796e-05
1.6817e-05
1.6838e-05
1.6859e-05
1.6881e-05
1.6902e-05
1.6923e-05
1.6944e-05
1.6965e-05
1.6987e-05
1.7008e-05
1.7029e-05
1.705e-05
1.7072e-05
1.7093e-05
1.7114e-05
1.7135e-05
1.7157e-05
1.7178e-05
1.7199e-05
1.7221e-05
1.7242e-05
1.7263e-05
1.7284e-05
1.7306e-05
1.7327e-05
1.7348e-05
1.737e-05
1.7391e-05
1.7412e-05
1.7434e-05
1.7455e-05
1.7476e-05
1.7497e-05
1.7519e-05
1.754e-05
1.7561e-05
1.7583e-05
1.7604e-05
1.7625e-05
1.7647e-05
1.7668e-05
1.7689e-05
1.7711e-05
1.7732e-05
1.7753e-05
1.7775e-05
1.7796e-05
1.7818e-05
1.7839e-05
1.786e-05
1.7882e-05
1.7903e-05
1.7924e-05
1.7946e-05
1.7967e-05
1.7988e-05
1.801e-05
1.8031e-05
1.8053e-05
1.8074e-05
1.8095e-05
1.8117e-05
1.8138e-05
1.8159e-05
1.8181e-05
1.8202e-05
1.8224e-05
1.8245e-05
1.8266e-05
1.8288e-05
1.8309e-05
1.8331e-05
1.8352e-05
1.8373e-05
1.8395e-05
1.8416e-05
1.8437e-05
1.8459e-05
1.848e-05
1.8502e-05
1.8523e-05
1.8544e-05
1.8566e-05
1.8587e-05
1.8609e-05
1.863e-05
1.8651e-05
1.8673e-05
1.8694e-05
1.8716e-05
1.8737e-05
1.8758e-05
1.878e-05
1.8801e-05
1.8822e-05
1.8844e-05
1.8865e-05
1.8887e-05
1.8908e-05
1.8929e-05
1.8951e-05
1.8972e-05
1.8994e-05
1.9015e-05
1.9036e-05
1.9058e-05
1.9079e-05
1.91e-05
1.9122e-05
1.9143e-05
1.9164e-05
1.9186e-05
1.9207e-05
1.9229e-05
1.925e-05
1.9271e-05
1.9293e-05
1.9314e-05
1.9335e-05
1.9357e-05
1.9378e-05
1.9399e-05
1.9421e-05
1.9442e-05
1.9463e-05
1.9485e-05
1.9506e-05
1.9527e-05
1.9549e-05
1.957e-05
1.9591e-05
1.9613e-05
1.9634e-05
1.9655e-05
1.9677e-05
1.9698e-05
1.9719e-05
1.9741e-05
1.9762e-05
1.9783e-05
1.9805e-05
1.9826e-05
1.9847e-05
1.9868e-05
1.989e-05
1.9911e-05
1.9932e-05
1.9954e-05
1.9975e-05
1.9996e-05
2.0017e-05
2.0039e-05
2.006e-05
2.0081e-05
2.0102e-05
2.0124e-05
2.0145e-05
2.0166e-05
2.0187e-05
2.0208e-05
2.023e-05
2.0251e-05
2.0272e-05
2.0293e-05
2.0314e-05
2.0336e-05
2.0357e-05
2.0378e-05
2.0399e-05
2.042e-05
2.0442e-05
2.0463e-05
2.0484e-05
2.0505e-05
2.0526e-05
2.0547e-05
2.0568e-05
2.059e-05
2.0611e-05
2.0632e-05
2.0653e-05
2.0674e-05
2.0695e-05
2.0716e-05
2.0737e-05
2.0758e-05
2.0779e-05
2.0801e-05
2.0822e-05
2.0843e-05
2.0864e-05
2.0885e-05
2.0906e-05
2.0927e-05
2.0948e-05
2.0969e-05
2.099e-05
2.1011e-05
2.1032e-05
2.1053e-05
2.1074e-05
2.1095e-05
2.1116e-05
2.1137e-05
2.1158e-05
2.1179e-05
2.12e-05
2.1221e-05
2.1241e-05
2.1262e-05
2.1283e-05
2.1304e-05
2.1325e-05
2.1346e-05
2.1367e-05
2.1388e-05
2.1409e-05
2.1429e-05
2.145e-05
2.1471e-05
2.1492e-05
2.1513e-05
2.1534e-05
2.1554e-05
2.1575e-05
2.1596e-05
2.1617e-05
2.1638e-05
2.1658e-05
2.1679e-05
2.17e-05
2.1721e-05
2.1741e-05
2.1762e-05
2.1783e-05
2.1803e-05
2.1824e-05
2.1845e-05
2.1865e-05
2.1886e-05
2.1907e-05
2.1927e-05
2.1948e-05
2.1969e-05
2.1989e-05
2.201e-05
2.2031e-05
2.2051e-05
2.2072e-05
2.2092e-05
2.2113e-05
2.2133e-05
2.2154e-05
2.2174e-05
2.2195e-05
2.2215e-05
2.2236e-05
2.2256e-05
2.2277e-05
2.2297e-05
2.2318e-05
2.2338e-05
2.2359e-05
2.2379e-05
2.2399e-05
2.242e-05
2.244e-05
2.2461e-05
2.2481e-05
2.2501e-05
2.2522e-05
2.2542e-05
2.2562e-05
2.2583e-05
2.2603e-05
2.2623e-05
2.2643e-05
2.2664e-05
2.2684e-05
2.2704e-05
2.2724e-05
2.2745e-05
2.2765e-05
2.2785e-05
2.2805e-05
2.2825e-05
2.2845e-05
2.2866e-05
2.2886e-05
2.2906e-05
2.2926e-05
2.2946e-05
2.2966e-05
2.2986e-05
2.3006e-05
2.3026e-05
2.3046e-05
2.3066e-05
2.3086e-05
2.3106e-05
2.3126e-05
2.3146e-05
2.3166e-05
2.3186e-05
2.3206e-05
2.3226e-05
2.3246e-05
2.3265e-05
2.3285e-05
2.3305e-05
2.3325e-05
2.3345e-05
2.3365e-05
2.3384e-05
2.3404e-05
2.3424e-05
2.3444e-05
2.3463e-05
2.3483e-05
2.3503e-05
2.3522e-05
2.3542e-05
2.3562e-05
2.3581e-05
2.3601e-05
2.3621e-05
2.364e-05
2.366e-05
2.3679e-05
2.3699e-05
2.3718e-05
2.3738e-05
2.3757e-05
2.3777e-05
2.3796e-05
2.3816e-05
2.3835e-05
2.3855e-05
2.3874e-05
2.3893e-05
2.3913e-05
2.3932e-05
2.3952e-05
2.3971e-05
2.399e-05
2.401e-05
2.4029e-05
2.4048e-05
2.4067e-05
2.4087e-05
2.4106e-05
2.4125e-05
2.4144e-05
2.4163e-05
2.4182e-05
2.4202e-05
2.4221e-05
2.424e-05
2.4259e-05
2.4278e-05
2.4297e-05
2.4316e-05
2.4335e-05
2.4354e-05
2.4373e-05
2.4392e-05
2.4411e-05
2.443e-05
2.4449e-05
2.4467e-05
2.4486e-05
2.4505e-05
2.4524e-05
2.4543e-05
2.4562e-05
2.458e-05
2.4599e-05
2.4618e-05
2.4637e-05
2.4655e-05
2.4674e-05
2.4693e-05
2.4711e-05
2.473e-05
2.4749e-05
2.4767e-05
2.4786e-05
2.4804e-05
2.4823e-05
2.4841e-05
2.486e-05
2.4878e-05
2.4897e-05
2.4915e-05
2.4934e-05
2.4952e-05
2.497e-05
2.4989e-05
2.5007e-05
2.5025e-05
2.5044e-05
2.5062e-05
2.508e-05
2.5098e-05
2.5117e-05
2.5135e-05
2.5153e-05
2.5171e-05
2.5189e-05
2.5207e-05
2.5226e-05
2.5244e-05
2.5262e-05
2.528e-05
2.5298e-05
2.5316e-05
2.5334e-05
2.5352e-05
2.537e-05
2.5388e-05
2.5405e-05
2.5423e-05
2.5441e-05
2.5459e-05
2.5477e-05
2.5495e-05
2.5512e-05
2.553e-05
2.5548e-05
2.5565e-05
2.5583e-05
2.5601e-05
2.5618e-05
2.5636e-05
2.5654e-05
2.5671e-05
2.5689e-05
2.5706e-05
2.5724e-05
2.5741e-05
2.5759e-05
2.5776e-05
2.5794e-05
2.5811e-05
2.5828e-05
2.5846e-05
2.5863e-05
2.588e-05
2.5898e-05
2.5915e-05
2.5932e-05
2.5949e-05
2.5966e-05
2.5984e-05
2.6001e-05
2.6018e-05
2.6035e-05
2.6052e-05
2.6069e-05
2.6086e-05
2.6103e-05
2.612e-05
2.6137e-05
2.6154e-05
2.6171e-05
2.6188e-05
2.6205e-05
2.6221e-05
2.6238e-05
2.6255e-05
2.6272e-05
2.6288e-05
2.6305e-05
2.6322e-05
2.6338e-05
2.6355e-05
2.6372e-05
2.6388e-05
2.6405e-05
2.6421e-05
2.6438e-05
2.6454e-05
2.6471e-05
2.6487e-05
2.6504e-05
2.652e-05
2.6536e-05
2.6553e-05
2.6569e-05
2.6585e-05
2.6602e-05
2.6618e-05
2.6634e-05
2.665e-05
2.6667e-05
2.6683e-05
2.6699e-05
2.6715e-05
2.6731e-05
2.6747e-05
2.6763e-05
2.6779e-05
2.6795e-05
2.6811e-05
2.6827e-05
2.6843e-05
2.6858e-05
2.6874e-05
2.689e-05
2.6906e-05
2.6922e-05
2.6937e-05
2.6953e-05
2.6969e-05
2.6984e-05
2.7e-05
2.7015e-05
2.7031e-05
2.7047e-05
2.7062e-05
2.7078e-05
2.7093e-05
2.7108e-05
2.7124e-05
2.7139e-05
2.7155e-05
2.717e-05
2.7185e-05
2.72e-05
2.7216e-05
2.7231e-05
2.7246e-05
2.7261e-05
2.7276e-05
2.7291e-05
2.7306e-05
2.7321e-05
2.7336e-05
2.7351e-05
2.7366e-05
2.7381e-05
2.7396e-05
2.7411e-05
2.7426e-05
2.7441e-05
2.7456e-05
2.747e-05
2.7485e-05
2.75e-05
2.7514e-05
2.7529e-05
2.7544e-05
2.7558e-05
2.7573e-05
2.7587e-05
2.7602e-05
2.7616e-05
2.7631e-05
2.7645e-05
2.766e-05
2.7674e-05
2.7688e-05
2.7702e-05
2.7717e-05
2.7731e-05
2.7745e-05
2.7759e-05
2.7774e-05
2.7788e-05
2.7802e-05
2.7816e-05
2.783e-05
2.7844e-05
2.7858e-05
2.7872e-05
2.7886e-05
2.7899e-05
2.7913e-05
2.7927e-05
2.7941e-05
2.7955e-05
2.7968e-05
2.7982e-05
2.7996e-05
2.8009e-05
2.8023e-05
2.8037e-05
2.805e-05
2.8064e-05
2.8077e-05
2.8091e-05
2.8104e-05
2.8117e-05
2.8131e-05
2.8144e-05
2.8157e-05
2.8171e-05
2.8184e-05
2.8197e-05
2.821e-05
2.8223e-05
2.8236e-05
2.825e-05
2.8263e-05
2.8276e-05
2.8289e-05
2.8302e-05
2.8314e-05
2.8327e-05
2.834e-05
2.8353e-05
2.8366e-05
2.8379e-05
2.8391e-05
2.8404e-05
2.8417e-05
2.8429e-05
2.8442e-05
2.8454e-05
2.8467e-05
2.8479e-05
2.8492e-05
2.8504e-05
2.8517e-05
2.8529e-05
2.8542e-05
2.8554e-05
2.8566e-05
2.8578e-05
2.8591e-05
2.8603e-05
2.8615e-05
2.8627e-05
2.8639e-05
2.8651e-05
2.8663e-05
2.8675e-05
2.8687e-05
2.8699e-05
2.8711e-05
2.8723e-05
2.8735e-05
2.8746e-05
2.8758e-05
2.877e-05
2.8781e-05
2.8793e-05
2.8805e-05
2.8816e-05
2.8828e-05
2.8839e-05
2.8851e-05
2.8862e-05
2.8874e-05
2.8885e-05
2.8896e-05
2.8908e-05
2.8919e-05
2.893e-05
2.8941e-05
2.8953e-05
2.8964e-05
2.8975e-05
2.8986e-05
2.8997e-05
2.9008e-05
2.9019e-05
2.903e-05
2.9041e-05
2.9052e-05
2.9063e-05
2.9073e-05
2.9084e-05
2.9095e-05
2.9105e-05
2.9116e-05
2.9127e-05
2.9137e-05
2.9148e-05
2.9158e-05
2.9169e-05
2.9179e-05
2.919e-05
2.92e-05
2.9211e-05
2.9221e-05
2.9231e-05
2.9241e-05
2.9252e-05
2.9262e-05
2.9272e-05
2.9282e-05
2.9292e-05
2.9302e-05
2.9312e-05
2.9322e-05
2.9332e-05
2.9342e-05
2.9352e-05
2.9361e-05
2.9371e-05
2.9381e-05
2.9391e-05
2.94e-05
2.941e-05
2.942e-05
2.9429e-05
2.9439e-05
2.9448e-05
2.9458e-05
2.9467e-05
2.9476e-05
2.9486e-05
2.9495e-05
2.9504e-05
2.9514e-05
2.9523e-05
2.9532e-05
2.9541e-05
2.955e-05
2.9559e-05
2.9568e-05
2.9577e-05
2.9586e-05
2.9595e-05
2.9604e-05
2.9613e-05
2.9622e-05
2.963e-05
2.9639e-05
2.9648e-05
2.9656e-05
2.9665e-05
2.9674e-05
2.9682e-05
2.9691e-05
2.9699e-05
2.9708e-05
2.9716e-05
2.9724e-05
2.9733e-05
2.9741e-05
2.9749e-05
2.9757e-05
2.9766e-05
2.9774e-05
2.9782e-05
2.979e-05
2.9798e-05
2.9806e-05
2.9814e-05
2.9822e-05
2.983e-05
2.9838e-05
2.9845e-05
2.9853e-05
2.9861e-05
2.9868e-05
2.9876e-05
2.9884e-05
2.9891e-05
2.9899e-05
2.9906e-05
2.9914e-05
2.9921e-05
2.9929e-05
2.9936e-05
2.9943e-05
2.9951e-05
2.9958e-05
2.9965e-05
2.9972e-05
2.9979e-05
2.9986e-05
2.9993e-05
3e-05
3.0007e-05
3.0014e-05
3.0021e-05
3.0028e-05
3.0035e-05
3.0042e-05
3.0048e-05
3.0055e-05
3.0062e-05
3.0068e-05
3.0075e-05
3.0081e-05
3.0088e-05
3.0094e-05
3.0101e-05
3.0107e-05
3.0114e-05
3.012e-05
3.0126e-05
3.0132e-05
3.0139e-05
3.0145e-05
3.0151e-05
3.0157e-05
3.0163e-05
3.0169e-05
3.0175e-05
3.0181e-05
3.0187e-05
3.0193e-05
3.0198e-05
3.0204e-05
3.021e-05
3.0216e-05
3.0221e-05
3.0227e-05
3.0233e-05
3.0238e-05
3.0244e-05
3.0249e-05
3.0254e-05
3.026e-05
3.0265e-05
3.027e-05
3.0276e-05
3.0281e-05
3.0286e-05
3.0291e-05
3.0296e-05
3.0301e-05
3.0306e-05
3.0311e-05
3.0316e-05
3.0321e-05
3.0326e-05
3.0331e-05
3.0336e-05
3.0341e-05
3.0345e-05
3.035e-05
3.0355e-05
3.0359e-05
3.0364e-05
3.0368e-05
3.0373e-05
3.0377e-05
3.0382e-05
3.0386e-05
3.039e-05
3.0394e-05
3.0399e-05
3.0403e-05
3.0407e-05
3.0411e-05
3.0415e-05
3.0419e-05
3.0423e-05
3.0427e-05
3.0431e-05
3.0435e-05
3.0439e-05
3.0443e-05
3.0446e-05
3.045e-05
3.0454e-05
3.0457e-05
3.0461e-05
3.0465e-05
3.0468e-05
3.0472e-05
3.0475e-05
3.0478e-05
3.0482e-05
3.0485e-05
3.0488e-05
3.0492e-05
3.0495e-05
3.0498e-05
3.0501e-05
3.0504e-05
3.0507e-05
3.051e-05
3.0513e-05
3.0516e-05
3.0519e-05
3.0522e-05
3.0525e-05
3.0527e-05
3.053e-05
3.0533e-05
3.0535e-05
3.0538e-05
3.0541e-05
3.0543e-05
3.0545e-05
3.0548e-05
3.055e-05
3.0553e-05
3.0555e-05
3.0557e-05
3.0559e-05
3.0562e-05
3.0564e-05
3.0566e-05
3.0568e-05
3.057e-05
3.0572e-05
3.0574e-05
3.0576e-05
3.0578e-05
3.058e-05
3.0581e-05
3.0583e-05
3.0585e-05
3.0586e-05
3.0588e-05
3.059e-05
3.0591e-05
3.0593e-05
3.0594e-05
3.0596e-05
3.0597e-05
3.0598e-05
3.06e-05
3.0601e-05
3.0602e-05
3.0603e-05
3.0604e-05
3.0606e-05
3.0607e-05
3.0608e-05
3.0609e-05
3.061e-05
3.061e-05
3.0611e-05
3.0612e-05
3.0613e-05
3.0614e-05
3.0614e-05
3.0615e-05
3.0616e-05
3.0616e-05
3.0617e-05
3.0617e-05
3.0618e-05
3.0618e-05
3.0618e-05
3.0619e-05
3.0619e-05
3.0619e-05
3.0619e-05
3.062e-05
3.062e-05
3.062e-05
3.062e-05
3.062e-05
3.062e-05
3.062e-05
3.062e-05
3.0619e-05
3.0619e-05
3.0619e-05
3.0619e-05
3.0618e-05
3.0618e-05
3.0618e-05
3.0617e-05
3.0617e-05
3.0616e-05
3.0616e-05
3.0615e-05
3.0614e-05
3.0614e-05
3.0613e-05
3.0612e-05
3.0611e-05
3.061e-05
3.061e-05
3.0609e-05
3.0608e-05
3.0607e-05
3.0606e-05
3.0605e-05
3.0603e-05
3.0602e-05
3.0601e-05
3.06e-05
3.0598e-05
3.0597e-05
3.0596e-05
3.0594e-05
3.0593e-05
3.0591e-05
3.059e-05
3.0588e-05
3.0587e-05
3.0585e-05
3.0583e-05
3.0581e-05
3.058e-05
3.0578e-05
3.0576e-05
3.0574e-05
3.0572e-05
3.057e-05
3.0568e-05
3.0566e-05
3.0564e-05
3.0562e-05
3.056e-05
3.0557e-05
3.0555e-05
3.0553e-05
3.055e-05
3.0548e-05
3.0546e-05
3.0543e-05
3.0541e-05
3.0538e-05
3.0536e-05
3.0533e-05
3.053e-05
3.0528e-05
3.0525e-05
3.0522e-05
3.0519e-05
3.0516e-05
3.0513e-05
3.051e-05
3.0507e-05
3.0504e-05
3.0501e-05
3.0498e-05
3.0495e-05
3.0492e-05
3.0489e-05
3.0485e-05
3.0482e-05
3.0479e-05
3.0475e-05
3.0472e-05
3.0468e-05
3.0465e-05
3.0461e-05
3.0458e-05
3.0454e-05
3.045e-05
3.0447e-05
3.0443e-05
3.0439e-05
3.0435e-05
3.0431e-05
3.0428e-05
3.0424e-05
3.042e-05
3.0416e-05
3.0411e-05
3.0407e-05
3.0403e-05
3.0399e-05
3.0395e-05
3.0391e-05
3.0386e-05
3.0382e-05
3.0377e-05
3.0373e-05
3.0369e-05
3.0364e-05
3.036e-05
3.0355e-05
3.035e-05
3.0346e-05
3.0341e-05
3.0336e-05
3.0331e-05
3.0327e-05
3.0322e-05
3.0317e-05
3.0312e-05
3.0307e-05
3.0302e-05
3.0297e-05
3.0292e-05
3.0287e-05
3.0281e-05
3.0276e-05
3.0271e-05
3.0266e-05
3.026e-05
3.0255e-05
3.0249e-05
3.0244e-05
3.0238e-05
3.0233e-05
3.0227e-05
3.0222e-05
3.0216e-05
3.021e-05
3.0205e-05
3.0199e-05
3.0193e-05
3.0187e-05
3.0181e-05
3.0175e-05
3.017e-05
3.0164e-05
3.0157e-05
3.0151e-05
3.0145e-05
3.0139e-05
3.0133e-05
3.0127e-05
3.012e-05
3.0114e-05
3.0108e-05
3.0101e-05
3.0095e-05
3.0088e-05
3.0082e-05
3.0075e-05
3.0069e-05
3.0062e-05
3.0056e-05
3.0049e-05
3.0042e-05
3.0035e-05
3.0029e-05
3.0022e-05
3.0015e-05
3.0008e-05
3.0001e-05
2.9994e-05
2.9987e-05
2.998e-05
2.9973e-05
2.9966e-05
2.9958e-05
2.9951e-05
2.9944e-05
2.9937e-05
2.9929e-05
2.9922e-05
2.9914e-05
2.9907e-05
2.9899e-05
2.9892e-05
2.9884e-05
2.9877e-05
2.9869e-05
2.9861e-05
2.9854e-05
2.9846e-05
2.9838e-05
2.983e-05
2.9822e-05
2.9815e-05
2.9807e-05
2.9799e-05
2.9791e-05
2.9783e-05
2.9774e-05
2.9766e-05
2.9758e-05
2.975e-05
2.9742e-05
2.9733e-05
2.9725e-05
2.9717e-05
2.9708e-05
2.97e-05
2.9691e-05
2.9683e-05
2.9674e-05
2.9666e-05
2.9657e-05
2.9649e-05
2.964e-05
2.9631e-05
2.9622e-05
2.9614e-05
2.9605e-05
2.9596e-05
2.9587e-05
2.9578e-05
2.9569e-05
2.956e-05
2.9551e-05
2.9542e-05
2.9533e-05
2.9524e-05
2.9514e-05
2.9505e-05
2.9496e-05
2.9487e-05
2.9477e-05
2.9468e-05
2.9458e-05
2.9449e-05
2.9439e-05
2.943e-05
2.942e-05
2.9411e-05
2.9401e-05
2.9391e-05
2.9382e-05
2.9372e-05
2.9362e-05
2.9352e-05
2.9343e-05
2.9333e-05
2.9323e-05
2.9313e-05
2.9303e-05
2.9293e-05
2.9283e-05
2.9273e-05
2.9263e-05
2.9252e-05
2.9242e-05
2.9232e-05
2.9222e-05
2.9211e-05
2.9201e-05
2.9191e-05
2.918e-05
2.917e-05
2.9159e-05
2.9149e-05
2.9138e-05
2.9128e-05
2.9117e-05
2.9106e-05
2.9096e-05
2.9085e-05
2.9074e-05
2.9063e-05
2.9053e-05
2.9042e-05
2.9031e-05
2.902e-05
2.9009e-05
2.8998e-05
2.8987e-05
2.8976e-05
2.8965e-05
2.8954e-05
2.8942e-05
2.8931e-05
2.892e-05
2.8909e-05
2.8897e-05
2.8886e-05
2.8875e-05
2.8863e-05
2.8852e-05
2.884e-05
2.8829e-05
2.8817e-05
2.8806e-05
2.8794e-05
2.8782e-05
2.8771e-05
2.8759e-05
2.8747e-05
2.8735e-05
2.8724e-05
2.8712e-05
2.87e-05
2.8688e-05
2.8676e-05
2.8664e-05
2.8652e-05
2.864e-05
2.8628e-05
2.8616e-05
2.8604e-05
2.8592e-05
2.8579e-05
2.8567e-05
2.8555e-05
2.8542e-05
2.853e-05
2.8518e-05
2.8505e-05
2.8493e-05
2.848e-05
2.8468e-05
2.8455e-05
2.8443e-05
2.843e-05
2.8418e-05
2.8405e-05
2.8392e-05
2.838e-05
2.8367e-05
2.8354e-05
2.8341e-05
2.8328e-05
2.8315e-05
2.8303e-05
2.829e-05
2.8277e-05
2.8264e-05
2.8251e-05
2.8237e-05
2.8224e-05
2.8211e-05
2.8198e-05
2.8185e-05
2.8172e-05
2.8158e-05
2.8145e-05
2.8132e-05
2.8118e-05
2.8105e-05
2.8092e-05
2.8078e-05
2.8065e-05
2.8051e-05
2.8038e-05
2.8024e-05
2.801e-05
2.7997e-05
2.7983e-05
2.7969e-05
2.7956e-05
2.7942e-05
2.7928e-05
2.7914e-05
2.7901e-05
2.7887e-05
2.7873e-05
2.7859e-05
2.7845e-05
2.7831e-05
2.7817e-05
2.7803e-05
2.7789e-05
2.7775e-05
2.776e-05
2.7746e-05
2.7732e-05
2.7718e-05
2.7704e-05
2.7689e-05
2.7675e-05
2.7661e-05
2.7646e-05
2.7632e-05
2.7617e-05
2.7603e-05
2.7588e-05
2.7574e-05
2.7559e-05
2.7545e-05
2.753e-05
2.7516e-05
2.7501e-05
2.7486e-05
2.7471e-05
2.7457e-05
2.7442e-05
2.7427e-05
2.7412e-05
2.7397e-05
2.7383e-05
2.7368e-05
2.7353e-05
2.7338e-05
2.7323e-05
2.7308e-05
2.7293e-05
2.7277e-05
2.7262e-05
2.7247e-05
2.7232e-05
2.7217e-05
2.7202e-05
2.7186e-05
2.7171e-05
2.7156e-05
2.714e-05
2.7125e-05
2.711e-05
2.7094e-05
2.7079e-05
2.7063e-05
2.7048e-05
2.7032e-05
2.7017e-05
2.7001e-05
2.6986e-05
2.697e-05
2.6954e-05
2.6939e-05
2.6923e-05
2.6907e-05
2.6891e-05
2.6875e-05
2.686e-05
2.6844e-05
2.6828e-05
2.6812e-05
2.6796e-05
2.678e-05
2.6764e-05
2.6748e-05
2.6732e-05
2.6716e-05
2.67e-05
2.6684e-05
2.6668e-05
2.6652e-05
2.6635e-05
2.6619e-05
2.6603e-05
2.6587e-05
2.657e-05
2.6554e-05
2.6538e-05
2.6521e-05
2.6505e-05
2.6489e-05
2.6472e-05
2.6456e-05
2.6439e-05
2.6423e-05
2.6406e-05
2.639e-05
2.6373e-05
2.6356e-05
2.634e-05
2.6323e-05
2.6306e-05
2.629e-05
2.6273e-05
2.6256e-05
2.6239e-05
2.6223e-05
2.6206e-05
2.6189e-05
2.6172e-05
2.6155e-05
2.6138e-05
2.6121e-05
2.6104e-05
2.6087e-05
2.607e-05
2.6053e-05
2.6036e-05
2.6019e-05
2.6002e-05
2.5985e-05
2.5968e-05
2.5951e-05
2.5933e-05
2.5916e-05
2.5899e-05
2.5882e-05
2.5864e-05
2.5847e-05
2.583e-05
2.5812e-05
2.5795e-05
2.5777e-05
2.576e-05
2.5743e-05
2.5725e-05
2.5708e-05
2.569e-05
2.5673e-05
2.5655e-05
2.5637e-05
2.562e-05
2.5602e-05
2.5585e-05
2.5567e-05
2.5549e-05
2.5531e-05
2.5514e-05
2.5496e-05
2.5478e-05
2.546e-05
2.5443e-05
2.5425e-05
2.5407e-05
2.5389e-05
2.5371e-05
2.5353e-05
2.5335e-05
2.5317e-05
2.5299e-05
2.5281e-05
2.5263e-05
2.5245e-05
2.5227e-05
2.5209e-05
2.5191e-05
2.5173e-05
2.5154e-05
2.5136e-05
2.5118e-05
2.51e-05
2.5082e-05
2.5063e-05
2.5045e-05
2.5027e-05
2.5009e-05
2.499e-05
2.4972e-05
2.4953e-05
2.4935e-05
2.4917e-05
2.4898e-05
2.488e-05
2.4861e-05
2.4843e-05
2.4824e-05
2.4806e-05
2.4787e-05
2.4769e-05
2.475e-05
2.4731e-05
2.4713e-05
2.4694e-05
2.4675e-05
2.4657e-05
2.4638e-05
2.4619e-05
2.4601e-05
2.4582e-05
2.4563e-05
2.4544e-05
2.4526e-05
2.4507e-05
2.4488e-05
2.4469e-05
2.445e-05
2.4431e-05
2.4412e-05
2.4393e-05
2.4374e-05
2.4355e-05
2.4336e-05
2.4317e-05
2.4298e-05
2.4279e-05
2.426e-05
2.4241e-05
2.4222e-05
2.4203e-05
2.4184e-05
2.4165e-05
2.4146e-05
2.4126e-05
2.4107e-05
2.4088e-05
2.4069e-05
2.405e-05
2.403e-05
2.4011e-05
2.3992e-05
2.3972e-05
2.3953e-05
2.3934e-05
2.3914e-05
2.3895e-05
2.3876e-05
2.3856e-05
2.3837e-05
2.3817e-05
2.3798e-05
2.3778e-05
2.3759e-05
2.3739e-05
2.372e-05
2.37e-05
2.3681e-05
2.3661e-05
2.3642e-05
2.3622e-05
2.3603e-05
2.3583e-05
2.3563e-05
2.3544e-05
2.3524e-05
2.3504e-05
2.3485e-05
2.3465e-05
2.3445e-05
2.3425e-05
2.3406e-05
2.3386e-05
2.3366e-05
2.3346e-05
2.3326e-05
2.3307e-05
2.3287e-05
2.3267e-05
2.3247e-05
2.3227e-05
2.3207e-05
2.3187e-05
2.3168e-05
2.3148e-05
2.3128e-05
2.3108e-05
2.3088e-05
2.3068e-05
2.3048e-05
2.3028e-05
2.3008e-05
2.2988e-05
2.2968e-05
2.2947e-05
2.2927e-05
2.2907e-05
2.2887e-05
2.2867e-05
2.2847e-05
2.2827e-05
2.2807e-05
2.2786e-05
2.2766e-05
2.2746e-05
2.2726e-05
2.2706e-05
2.2685e-05
2.2665e-05
2.2645e-05
2.2625e-05
2.2604e-05
2.2584e-05
2.2564e-05
2.2544e-05
2.2523e-05
2.2503e-05
2.2483e-05
2.2462e-05
2.2442e-05
2.2421e-05
2.2401e-05
2.2381e-05
2.236e-05
2.234e-05
2.2319e-05
2.2299e-05
2.2278e-05
2.2258e-05
2.2237e-05
2.2217e-05
2.2196e-05
2.2176e-05
2.2155e-05
2.2135e-05
2.2114e-05
2.2094e-05
2.2073e-05
2.2053e-05
2.2032e-05
2.2012e-05
2.1991e-05
2.197e-05
2.195e-05
2.1929e-05
2.1908e-05
2.1888e-05
2.1867e-05
2.1846e-05
2.1826e-05
2.1805e-05
2.1784e-05
2.1764e-05
2.1743e-05
2.1722e-05
2.1701e-05
2.1681e-05
2.166e-05
2.1639e-05
2.1618e-05
2.1598e-05
2.1577e-05
2.1556e-05
2.1535e-05
2.1514e-05
2.1494e-05
2.1473e-05
2.1452e-05
2.1431e-05
2.141e-05
2.1389e-05
2.1369e-05
2.1348e-05
2.1327e-05
2.1306e-05
2.1285e-05
2.1264e-05
2.1243e-05
2.1222e-05
2.1201e-05
2.118e-05
2.1159e-05
2.1138e-05
2.1117e-05
2.1096e-05
2.1076e-05
2.1055e-05
2.1034e-05
2.1013e-05
2.0992e-05
2.0971e-05
2.095e-05
2.0928e-05
2.0907e-05
2.0886e-05
2.0865e-05
2.0844e-05
2.0823e-05
2.0802e-05
2.0781e-05
2.076e-05
2.0739e-05
2.0718e-05
2.0697e-05
2.0676e-05
2.0655e-05
2.0633e-05
2.0612e-05
2.0591e-05
2.057e-05
2.0549e-05
2.0528e-05
2.0507e-05
2.0486e-05
2.0464e-05
2.0443e-05
2.0422e-05
2.0401e-05
2.038e-05
2.0359e-05
2.0337e-05
2.0316e-05
2.0295e-05
2.0274e-05
2.0253e-05
2.0231e-05
2.021e-05
2.0189e-05
2.0168e-05
2.0146e-05
2.0125e-05
2.0104e-05
2.0083e-05
2.0061e-05
2.004e-05
2.0019e-05
1.9998e-05
1.9976e-05
1.9955e-05
1.9934e-05
1.9913e-05
1.9891e-05
1.987e-05
1.9849e-05
1.9827e-05
1.9806e-05
1.9785e-05
1.9764e-05
1.9742e-05
1.9721e-05
1.97e-05
1.9678e-05
1.9657e-05
1.9636e-05
1.9614e-05
1.9593e-05
1.9572e-05
1.955e-05
1.9529e-05
1.9508e-05
1.9486e-05
1.9465e-05
1.9444e-05
1.9422e-05
1.9401e-05
1.938e-05
1.9358e-05
1.9337e-05
1.9316e-05
1.9294e-05
1.9273e-05
1.9252e-05
1.923e-05
1.9209e-05
1.9188e-05
1.9166e-05
1.9145e-05
1.9123e-05
1.9102e-05
1.9081e-05
1.9059e-05
1.9038e-05
1.9017e-05
1.8995e-05
1.8974e-05
1.8952e-05
1.8931e-05
1.891e-05
1.8888e-05
1.8867e-05
1.8845e-05
1.8824e-05
1.8803e-05
1.8781e-05
1.876e-05
1.8739e-05
1.8717e-05
1.8696e-05
1.8674e-05
1.8653e-05
1.8632e-05
1.861e-05
1.8589e-05
1.8567e-05
1.8546e-05
1.8525e-05
1.8503e-05
1.8482e-05
1.846e-05
1.8439e-05
1.8418e-05
1.8396e-05
1.8375e-05
1.8354e-05
1.8332e-05
1.8311e-05
1.8289e-05
1.8268e-05
1.8247e-05
1.8225e-05
1.8204e-05
1.8182e-05
1.8161e-05
1.814e-05
1.8118e-05
1.8097e-05
1.8076e-05
1.8054e-05
1.8033e-05
1.8011e-05
1.799e-05
1.7969e-05
1.7947e-05
1.7926e-05
1.7905e-05
1.7883e-05
1.7862e-05
1.7841e-05
1.7819e-05
1.7798e-05
1.7776e-05
1.7755e-05
1.7734e-05
1.7712e-05
1.7691e-05
1.767e-05
1.7648e-05
1.7627e-05
1.7606e-05
1.7584e-05
1.7563e-05
1.7542e-05
1.752e-05
1.7499e-05
1.7478e-05
1.7456e-05
1.7435e-05
1.7414e-05
1.7393e-05
1.7371e-05
1.735e-05
1.7329e-05
1.7307e-05
1.7286e-05
1.7265e-05
1.7244e-05
1.7222e-05
1.7201e-05
1.718e-05
1.7158e-05
1.7137e-05
1.7116e-05
1.7095e-05
1.7073e-05
1.7052e-05
1.7031e-05
1.701e-05
1.6988e-05
1.6967e-05
1.6946e-05
1.6925e-05
1.6903e-05
1.6882e-05
1.6861e-05
1.684e-05
1.6819e-05
1.6797e-05
1.6776e-05
1.6755e-05
1.6734e-05
1.6713e-05
1.6691e-05
1.667e-05
1.6649e-05
1.6628e-05
1.6607e-05
1.6586e-05
1.6564e-05
1.6543e-05
1.6522e-05
1.6501e-05
1.648e-05
1.6459e-05
1.6438e-05
1.6417e-05
1.6395e-05
1.6374e-05
1.6353e-05
1.6332e-05
1.6311e-05
1.629e-05
1.6269e-05
1.6248e-05
1.6227e-05
1.6206e-05
1.6185e-05
1.6164e-05
1.6143e-05
1.6122e-05
1.6101e-05
1.6079e-05
1.6058e-05
1.6037e-05
1.6016e-05
1.5995e-05
1.5974e-05
1.5953e-05
1.5933e-05
1.5912e-05
1.5891e-05
1.587e-05
1.5849e-05
1.5828e-05
1.5807e-05
1.5786e-05
1.5765e-05
1.5744e-05
1.5723e-05
1.5702e-05
1.5681e-05
1.566e-05
1.564e-05
1.5619e-05
1.5598e-05
1.5577e-05
1.5556e-05
1.5535e-05
1.5514e-05
1.5494e-05
1.5473e-05
1.5452e-05
1.5431e-05
1.541e-05
1.5389e-05
1.5369e-05
1.5348e-05
1.5327e-05
1.5306e-05
1.5286e-05
1.5265e-05
1.5244e-05
1.5223e-05
1.5203e-05
1.5182e-05
1.5161e-05
1.5141e-05
1.512e-05
1.5099e-05
1.5079e-05
1.5058e-05
1.5037e-05
1.5017e-05
1.4996e-05
1.4975e-05
1.4955e-05
1.4934e-05
1.4913e-05
1.4893e-05
1.4872e-05
1.4852e-05
1.4831e-05
1.4811e-05
1.479e-05
1.4769e-05
1.4749e-05
1.4728e-05
1.4708e-05
1.4687e-05
1.4667e-05
1.4646e-05
1.4626e-05
1.4605e-05
1.4585e-05
1.4564e-05
1.4544e-05
1.4524e-05
1.4503e-05
1.4483e-05
1.4462e-05
1.4442e-05
1.4422e-05
1.4401e-05
1.4381e-05
1.436e-05
1.434e-05
1.432e-05
1.4299e-05
1.4279e-05
1.4259e-05
1.4238e-05
1.4218e-05
1.4198e-05
1.4178e-05
1.4157e-05
1.4137e-05
1.4117e-05
1.4097e-05
1.4076e-05
1.4056e-05
1.4036e-05
1.4016e-05
1.3996e-05
1.3976e-05
1.3955e-05
1.3935e-05
1.3915e-05
1.3895e-05
1.3875e-05
1.3855e-05
1.3835e-05
1.3815e-05
1.3795e-05
1.3774e-05
1.3754e-05
1.3734e-05
1.3714e-05
1.3694e-05
1.3674e-05
1.3654e-05
1.3634e-05
1.3614e-05
1.3594e-05
1.3575e-05
1.3555e-05
1.3535e-05
1.3515e-05
1.3495e-05
1.3475e-05
1.3455e-05
1.3435e-05
1.3415e-05
1.3395e-05
1.3376e-05
1.3356e-05
1.3336e-05
1.3316e-05
1.3296e-05
1.3277e-05
1.3257e-05
1.3237e-05
1.3217e-05
1.3198e-05
1.3178e-05
1.3158e-05
1.3139e-05
1.3119e-05
1.3099e-05
1.308e-05
1.306e-05
1.304e-05
1.3021e-05
1.3001e-05
1.2981e-05
1.2962e-05
1.2942e-05
1.2923e-05
1.2903e-05
1.2884e-05
1.2864e-05
1.2845e-05
1.2825e-05
1.2806e-05
1.2786e-05
1.2767e-05
1.2747e-05
1.2728e-05
1.2709e-05
1.2689e-05
1.267e-05
1.265e-05
1.2631e-05
1.2612e-05
1.2592e-05
1.2573e-05
1.2554e-05
1.2534e-05
1.2515e-05
1.2496e-05
1.2476e-05
1.2457e-05
1.2438e-05
1.2419e-05
1.24e-05
1.238e-05
1.2361e-05
1.2342e-05
1.2323e-05
1.2304e-05
1.2285e-05
1.2265e-05
1.2246e-05
1.2227e-05
1.2208e-05
1.2189e-05
1.217e-05
1.2151e-05
1.2132e-05
1.2113e-05
1.2094e-05
1.2075e-05
1.2056e-05
1.2037e-05
1.2018e-05
1.1999e-05
1.198e-05
1.1962e-05
1.1943e-05
1.1924e-05
1.1905e-05
1.1886e-05
1.1867e-05
1.1848e-05
1.183e-05
1.1811e-05
1.1792e-05
1.1773e-05
1.1755e-05
1.1736e-05
1.1717e-05
1.1698e-05
1.168e-05
1.1661e-05
1.1642e-05
1.1624e-05
1.1605e-05
1.1587e-05
1.1568e-05
1.1549e-05
1.1531e-05
1.1512e-05
1.1494e-05
1.1475e-05
1.1457e-05
1.1438e-05
1.142e-05
1.1401e-05
1.1383e-05
1.1364e-05
1.1346e-05
1.1328e-05
1.1309e-05
1.1291e-05
1.1272e-05
1.1254e-05
1.1236e-05
1.1217e-05
1.1199e-05
1.1181e-05
1.1163e-05
1.1144e-05
1.1126e-05
1.1108e-05
1.109e-05
1.1071e-05
1.1053e-05
1.1035e-05
1.1017e-05
1.0999e-05
1.0981e-05
1.0963e-05
1.0944e-05
1.0926e-05
1.0908e-05
1.089e-05
1.0872e-05
1.0854e-05
1.0836e-05
1.0818e-05
1.08e-05
1.0782e-05
1.0764e-05
1.0747e-05
1.0729e-05
1.0711e-05
1.0693e-05
1.0675e-05
1.0657e-05
1.0639e-05
1.0622e-05
1.0604e-05
1.0586e-05
1.0568e-05
1.055e-05
1.0533e-05
1.0515e-05
1.0497e-05
1.048e-05
1.0462e-05
1.0444e-05
1.0427e-05
1.0409e-05
1.0391e-05
1.0374e-05
1.0356e-05
1.0339e-05
1.0321e-05
1.0304e-05
1.0286e-05
1.0269e-05
1.0251e-05
1.0234e-05
1.0216e-05
1.0199e-05
1.0181e-05
1.0164e-05
1.0147e-05
1.0129e-05
1.0112e-05
1.0095e-05
1.0077e-05
1.006e-05
1.0043e-05
1.0025e-05
1.0008e-05
9.991e-06
9.9738e-06
9.9566e-06
9.9394e-06
9.9223e-06
9.9051e-06
9.888e-06
9.8709e-06
9.8538e-06
9.8367e-06
9.8196e-06
9.8026e-06
9.7855e-06
9.7685e-06
9.7515e-06
9.7345e-06
9.7176e-06
9.7006e-06
9.6837e-06
9.6668e-06
9.6499e-06
9.633e-06
9.6161e-06
9.5993e-06
9.5825e-06
9.5656e-06
9.5489e-06
9.5321e-06
9.5153e-06
9.4986e-06
9.4818e-06
9.4651e-06
9.4484e-06
9.4317e-06
9.4151e-06
9.3984e-06
9.3818e-06
9.3652e-06
9.3486e-06
9.332e-06
9.3155e-06
9.2989e-06
9.2824e-06
9.2659e-06
9.2494e-06
9.2329e-06
9.2165e-06
9.2e-06
9.1836e-06
9.1672e-06
9.1508e-06
9.1344e-06
9.1181e-06
9.1017e-06
9.0854e-06
9.0691e-06
9.0528e-06
9.0366e-06
9.0203e-06
9.0041e-06
8.9879e-06
8.9717e-06
8.9555e-06
8.9393e-06
8.9232e-06
8.907e-06
8.8909e-06
8.8748e-06
8.8587e-06
8.8427e-06
8.8266e-06
8.8106e-06
8.7946e-06
8.7786e-06
8.7626e-06
8.7467e-06
8.7308e-06
8.7148e-06
8.6989e-06
8.683e-06
8.6672e-06
8.6513e-06
8.6355e-06
8.6197e-06
8.6039e-06
8.5881e-06
8.5723e-06
8.5566e-06
8.5409e-06
8.5251e-06
8.5095e-06
8.4938e-06
8.4781e-06
8.4625e-06
8.4469e-06
8.4313e-06
8.4157e-06
8.4001e-06
8.3845e-06
8.369e-06
8.3535e-06
8.338e-06
8.3225e-06
8.3071e-06
8.2916e-06
8.2762e-06
8.2608e-06
8.2454e-06
8.23e-06
8.2146e-06
8.1993e-06
8.184e-06
8.1687e-06
8.1534e-06
8.1381e-06
8.1229e-06
8.1077e-06
8.0924e-06
8.0772e-06
8.0621e-06
8.0469e-06
8.0318e-06
8.0166e-06
8.0015e-06
7.9864e-06
7.9714e-06
7.9563e-06
7.9413e-06
7.9263e-06
7.9113e-06
7.8963e-06
7.8813e-06
7.8664e-06
7.8514e-06
7.8365e-06
7.8216e-06
7.8068e-06
7.7919e-06
7.7771e-06
7.7623e-06
7.7474e-06
7.7327e-06
7.7179e-06
7.7032e-06
7.6884e-06
7.6737e-06
7.659e-06
7.6443e-06
7.6297e-06
7.615e-06
7.6004e-06
7.5858e-06
7.5712e-06
7.5567e-06
7.5421e-06
7.5276e-06
7.5131e-06
7.4986e-06
7.4841e-06
7.4696e-06
7.4552e-06
7.4408e-06
7.4264e-06
7.412e-06
7.3976e-06
7.3832e-06
7.3689e-06
7.3546e-06
7.3403e-06
7.326e-06
7.3118e-06
7.2975e-06
7.2833e-06
7.2691e-06
7.2549e-06
7.2407e-06
7.2266e-06
7.2124e-06
7.1983e-06
7.1842e-06
7.1701e-06
7.1561e-06
7.142e-06
7.128e-06
7.114e-06
7.1e-06
7.086e-06
7.0721e-06
7.0581e-06
7.0442e-06
7.0303e-06
7.0164e-06
7.0026e-06
6.9887e-06
6.9749e-06
6.9611e-06
6.9473e-06
6.9335e-06
6.9198e-06
6.906e-06
6.8923e-06
6.8786e-06
6.8649e-06
6.8513e-06
6.8376e-06
6.824e-06
6.8104e-06
6.7968e-06
6.7832e-06
6.7697e-06
6.7561e-06
6.7426e-06
6.7291e-06
6.7156e-06
6.7022e-06
6.6887e-06
6.6753e-06
6.6619e-06
6.6485e-06
6.6351e-06
6.6218e-06
6.6084e-06
6.5951e-06
6.5818e-06
6.5685e-06
6.5553e-06
6.542e-06
6.5288e-06
6.5156e-06
6.5024e-06
6.4892e-06
6.4761e-06
6.4629e-06
6.4498e-06
6.4367e-06
6.4236e-06
6.4105e-06
6.3975e-06
6.3845e-06
6.3715e-06
6.3585e-06
6.3455e-06
6.3325e-06
6.3196e-06
6.3067e-06
6.2938e-06
6.2809e-06
6.268e-06
6.2552e-06
6.2423e-06
6.2295e-06
6.2167e-06
6.2039e-06
6.1912e-06
6.1784e-06
6.1657e-06
6.153e-06
6.1403e-06
6.1277e-06
6.115e-06
6.1024e-06
6.0898e-06
6.0772e-06
6.0646e-06
6.052e-06
6.0395e-06
6.027e-06
6.0145e-06
6.002e-06
5.9895e-06
5.977e-06
5.9646e-06
5.9522e-06
5.9398e-06
5.9274e-06
5.9151e-06
5.9027e-06
5.8904e-06
5.8781e-06
5.8658e-06
5.8535e-06
5.8413e-06
5.829e-06
5.8168e-06
5.8046e-06
5.7924e-06
5.7802e-06
5.7681e-06
5.756e-06
5.7439e-06
5.7318e-06
5.7197e-06
5.7076e-06
5.6956e-06
5.6836e-06
5.6716e-06
5.6596e-06
5.6476e-06
5.6357e-06
5.6237e-06
5.6118e-06
5.5999e-06
5.588e-06
5.5762e-06
5.5643e-06
5.5525e-06
5.5407e-06
5.5289e-06
5.5171e-06
5.5054e-06
5.4936e-06
5.4819e-06
5.4702e-06
5.4585e-06
5.4469e-06
5.4352e-06
5.4236e-06
5.412e-06
5.4004e-06
5.3888e-06
5.3772e-06
5.3657e-06
5.3542e-06
5.3427e-06
5.3312e-06
5.3197e-06
5.3082e-06
5.2968e-06
5.2854e-06
5.274e-06
5.2626e-06
5.2512e-06
5.2399e-06
5.2286e-06
5.2172e-06
5.2059e-06
5.1947e-06
5.1834e-06
5.1722e-06
5.1609e-06
5.1497e-06
5.1385e-06
5.1274e-06
5.1162e-06
5.1051e-06
5.094e-06
5.0829e-06
5.0718e-06
5.0607e-06
5.0496e-06
5.0386e-06
5.0276e-06
5.0166e-06
5.0056e-06
4.9947e-06
4.9837e-06
4.9728e-06
4.9619e-06
4.951e-06
4.9401e-06
4.9292e-06
4.9184e-06
4.9076e-06
4.8968e-06
4.886e-06
4.8752e-06
4.8644e-06
4.8537e-06
4.843e-06
4.8323e-06
4.8216e-06
4.8109e-06
4.8003e-06
4.7896e-06
4.779e-06
4.7684e-06
4.7578e-06
4.7473e-06
4.7367e-06
4.7262e-06
4.7157e-06
4.7052e-06
4.6947e-06
4.6842e-06
4.6738e-06
4.6634e-06
4.653e-06
4.6426e-06
4.6322e-06
4.6218e-06
4.6115e-06
4.6012e-06
4.5908e-06
4.5806e-06
4.5703e-06
4.56e-06
4.5498e-06
4.5396e-06
4.5293e-06
4.5192e-06
4.509e-06
4.4988e-06
4.4887e-06
4.4786e-06
4.4685e-06
4.4584e-06
4.4483e-06
4.4382e-06
4.4282e-06
4.4182e-06
4.4082e-06
4.3982e-06
4.3882e-06
4.3783e-06
4.3683e-06
4.3584e-06
4.3485e-06
4.3386e-06
4.3288e-06
4.3189e-06
4.3091e-06
4.2992e-06
4.2894e-06
4.2797e-06
4.2699e-06
4.2601e-06
4.2504e-06
4.2407e-06
4.231e-06
4.2213e-06
4.2116e-06
4.202e-06
4.1923e-06
4.1827e-06
4.1731e-06
4.1635e-06
4.1539e-06
4.1444e-06
4.1348e-06
4.1253e-06
4.1158e-06
4.1063e-06
4.0969e-06
4.0874e-06
4.078e-06
4.0685e-06
4.0591e-06
4.0497e-06
4.0404e-06
4.031e-06
4.0217e-06
4.0123e-06
4.003e-06
3.9937e-06
3.9845e-06
3.9752e-06
3.966e-06
3.9567e-06
3.9475e-06
3.9383e-06
3.9292e-06
3.92e-06
3.9108e-06
3.9017e-06
3.8926e-06
3.8835e-06
3.8744e-06
3.8654e-06
3.8563e-06
3.8473e-06
3.8383e-06
3.8293e-06
3.8203e-06
3.8113e-06
3.8023e-06
3.7934e-06
3.7845e-06
3.7756e-06
3.7667e-06
3.7578e-06
3.749e-06
3.7401e-06
3.7313e-06
3.7225e-06
3.7137e-06
3.7049e-06
3.6962e-06
3.6874e-06
3.6787e-06
3.67e-06
3.6613e-06
3.6526e-06
3.6439e-06
3.6353e-06
3.6266e-06
3.618e-06
3.6094e-06
3.6008e-06
3.5922e-06
3.5837e-06
3.5751e-06
3.5666e-06
3.5581e-06
3.5496e-06
3.5411e-06
3.5327e-06
3.5242e-06
3.5158e-06
3.5074e-06
3.499e-06
3.4906e-06
3.4822e-06
3.4739e-06
3.4655e-06
3.4572e-06
3.4489e-06
3.4406e-06
3.4323e-06
3.4241e-06
3.4158e-06
3.4076e-06
3.3994e-06
3.3912e-06
3.383e-06
3.3748e-06
3.3666e-06
3.3585e-06
3.3504e-06
3.3423e-06
3.3342e-06
3.3261e-06
3.318e-06
3.31e-06
3.3019e-06
3.2939e-06
3.2859e-06
3.2779e-06
3.27e-06
3.262e-06
3.2541e-06
3.2461e-06
3.2382e-06
3.2303e-06
3.2224e-06
3.2146e-06
3.2067e-06
3.1989e-06
3.1911e-06
3.1832e-06
3.1755e-06
3.1677e-06
3.1599e-06
3.1522e-06
3.1444e-06
3.1367e-06
3.129e-06
3.1213e-06
3.1136e-06
3.106e-06
3.0983e-06
3.0907e-06
3.0831e-06
3.0755e-06
3.0679e-06
3.0603e-06
3.0528e-06
3.0452e-06
3.0377e-06
3.0302e-06
3.0227e-06
3.0152e-06
3.0077e-06
3.0003e-06
2.9928e-06
2.9854e-06
2.978e-06
2.9706e-06
2.9632e-06
2.9558e-06
2.9485e-06
2.9412e-06
2.9338e-06
2.9265e-06
2.9192e-06
2.9119e-06
2.9047e-06
2.8974e-06
2.8902e-06
2.883e-06
2.8757e-06
2.8685e-06
2.8614e-06
2.8542e-06
2.847e-06
2.8399e-06
2.8328e-06
2.8257e-06
2.8186e-06
2.8115e-06
2.8044e-06
2.7974e-06
2.7903e-06
2.7833e-06
2.7763e-06
2.7693e-06
2.7623e-06
2.7553e-06
2.7484e-06
2.7414e-06
2.7345e-06
2.7276e-06
2.7207e-06
2.7138e-06
2.7069e-06
2.7e-06
2.6932e-06
2.6864e-06
2.6796e-06
2.6727e-06
2.666e-06
2.6592e-06
2.6524e-06
2.6457e-06
2.6389e-06
2.6322e-06
2.6255e-06
2.6188e-06
2.6121e-06
2.6054e-06
2.5988e-06
2.5922e-06
2.5855e-06
2.5789e-06
2.5723e-06
2.5657e-06
2.5591e-06
2.5526e-06
2.546e-06
2.5395e-06
2.533e-06
2.5265e-06
2.52e-06
2.5135e-06
2.507e-06
2.5006e-06
2.4941e-06
2.4877e-06
2.4813e-06
2.4749e-06
2.4685e-06
2.4621e-06
2.4558e-06
2.4494e-06
2.4431e-06
2.4368e-06
2.4305e-06
2.4242e-06
2.4179e-06
2.4116e-06
2.4054e-06
2.3991e-06
2.3929e-06
2.3867e-06
2.3805e-06
2.3743e-06
2.3681e-06
2.362e-06
2.3558e-06
2.3497e-06
2.3435e-06
2.3374e-06
2.3313e-06
2.3252e-06
2.3192e-06
2.3131e-06
2.3071e-06
2.301e-06
2.295e-06
2.289e-06
2.283e-06
2.277e-06
2.271e-06
2.2651e-06
2.2591e-06
2.2532e-06
2.2473e-06
2.2414e-06
2.2355e-06
2.2296e-06
2.2237e-06
2.2178e-06
2.212e-06
2.2062e-06
2.2003e-06
2.1945e-06
2.1887e-06
2.1829e-06
2.1772e-06
2.1714e-06
2.1657e-06
2.1599e-06
2.1542e-06
2.1485e-06
2.1428e-06
2.1371e-06
2.1314e-06
2.1258e-06
2.1201e-06
2.1145e-06
2.1089e-06
2.1033e-06
2.0977e-06
2.0921e-06
2.0865e-06
2.0809e-06
2.0754e-06
2.0698e-06
2.0643e-06
2.0588e-06
2.0533e-06
2.0478e-06
2.0423e-06
2.0369e-06
2.0314e-06
2.026e-06
2.0205e-06
2.0151e-06
2.0097e-06
2.0043e-06
1.9989e-06
1.9935e-06
1.9882e-06
1.9828e-06
1.9775e-06
1.9722e-06
1.9669e-06
1.9616e-06
1.9563e-06
1.951e-06
1.9457e-06
1.9405e-06
1.9352e-06
1.93e-06
1.9248e-06
1.9196e-06
1.9144e-06
1.9092e-06
1.904e-06
1.8988e-06
1.8937e-06
1.8885e-06
1.8834e-06
1.8783e-06
1.8732e-06
1.8681e-06
1.863e-06
1.8579e-06
1.8529e-06
1.8478e-06
1.8428e-06
1.8378e-06
1.8328e-06
1.8278e-06
1.8228e-06
1.8178e-06
1.8128e-06
1.8078e-06
1.8029e-06
1.798e-06
1.793e-06
1.7881e-06
1.7832e-06
1.7783e-06
1.7734e-06
1.7686e-06
1.7637e-06
1.7589e-06
1.754e-06
1.7492e-06
1.7444e-06
1.7396e-06
1.7348e-06
1.73e-06
1.7252e-06
1.7205e-06
1.7157e-06
1.711e-06
1.7063e-06
1.7016e-06
1.6968e-06
1.6921e-06
1.6875e-06
1.6828e-06
1.6781e-06
1.6735e-06
1.6688e-06
1.6642e-06
1.6596e-06
1.655e-06
1.6504e-06
1.6458e-06
1.6412e-06
1.6366e-06
1.6321e-06
1.6275e-06
1.623e-06
1.6185e-06
1.614e-06
1.6095e-06
1.605e-06
1.6005e-06
1.596e-06
1.5915e-06
1.5871e-06
1.5826e-06
1.5782e-06
1.5738e-06
1.5694e-06
1.565e-06
1.5606e-06
1.5562e-06
1.5518e-06
1.5475e-06
1.5431e-06
1.5388e-06
1.5345e-06
1.5301e-06
1.5258e-06
1.5215e-06
1.5172e-06
1.513e-06
1.5087e-06
1.5044e-06
1.5002e-06
1.496e-06
1.4917e-06
1.4875e-06
1.4833e-06
1.4791e-06
1.4749e-06
1.4707e-06
1.4666e-06
1.4624e-06
1.4583e-06
1.4541e-06
1.45e-06
1.4459e-06
1.4418e-06
1.4377e-06
1.4336e-06
1.4295e-06
1.4254e-06
1.4213e-06
1.4173e-06
1.4133e-06
1.4092e-06
1.4052e-06
1.4012e-06
1.3972e-06
1.3932e-06
1.3892e-06
1.3852e-06
1.3813e-06
1.3773e-06
1.3734e-06
1.3694e-06
1.3655e-06
1.3616e-06
1.3577e-06
1.3538e-06
1.3499e-06
1.346e-06
1.3421e-06
1.3383e-06
1.3344e-06
1.3306e-06
1.3267e-06
1.3229e-06
1.3191e-06
1.3153e-06
1.3115e-06
1.3077e-06
1.3039e-06
1.3002e-06
1.2964e-06
1.2927e-06
1.2889e-06
1.2852e-06
1.2815e-06
1.2778e-06
1.274e-06
1.2704e-06
1.2667e-06
1.263e-06
1.2593e-06
1.2557e-06
1.252e-06
1.2484e-06
1.2447e-06
1.2411e-06
1.2375e-06
1.2339e-06
1.2303e-06
1.2267e-06
1.2231e-06
1.2196e-06
1.216e-06
1.2124e-06
1.2089e-06
1.2054e-06
1.2018e-06
1.1983e-06
1.1948e-06
1.1913e-06
1.1878e-06
1.1843e-06
1.1809e-06
1.1774e-06
1.1739e-06
1.1705e-06
1.167e-06
1.1636e-06
1.1602e-06
1.1568e-06
1.1534e-06
1.15e-06
1.1466e-06
1.1432e-06
1.1398e-06
1.1365e-06
1.1331e-06
1.1298e-06
1.1264e-06
1.1231e-06
1.1198e-06
1.1165e-06
1.1132e-06
1.1099e-06
1.1066e-06
1.1033e-06
1.1e-06
1.0968e-06
1.0935e-06
1.0903e-06
1.087e-06
1.0838e-06
1.0806e-06
1.0773e-06
1.0741e-06
1.0709e-06
1.0677e-06
1.0646e-06
1.0614e-06
1.0582e-06
1.0551e-06
1.0519e-06
1.0488e-06
1.0456e-06
1.0425e-06
1.0394e-06
1.0363e-06
1.0332e-06
1.0301e-06
1.027e-06
1.0239e-06
1.0209e-06
1.0178e-06
1.0147e-06
1.0117e-06
1.0087e-06
1.0056e-06
1.0026e-06
9.9958e-07
9.9658e-07
9.9358e-07
9.9058e-07
9.876e-07
9.8462e-07
9.8165e-07
9.7869e-07
9.7574e-07
9.7279e-07
9.6985e-07
9.6692e-07
9.64e-07
9.6108e-07
9.5817e-07
9.5527e-07
9.5238e-07
9.4949e-07
9.4661e-07
9.4374e-07
9.4088e-07
9.3802e-07
9.3517e-07
9.3233e-07
9.295e-07
9.2667e-07
9.2385e-07
9.2104e-07
9.1824e-07
9.1544e-07
9.1265e-07
9.0987e-07
9.0709e-07
9.0432e-07
9.0156e-07
8.9881e-07
8.9606e-07
8.9332e-07
8.9059e-07
8.8787e-07
8.8515e-07
8.8244e-07
8.7973e-07
8.7704e-07
8.7435e-07
8.7167e-07
8.6899e-07
8.6632e-07
8.6366e-07
8.6101e-07
8.5836e-07
8.5572e-07
8.5309e-07
8.5046e-07
8.4785e-07
8.4523e-07
8.4263e-07
8.4003e-07
8.3744e-07
8.3486e-07
8.3228e-07
8.2971e-07
8.2714e-07
8.2459e-07
8.2204e-07
8.1949e-07
8.1696e-07
8.1443e-07
8.119e-07
8.0939e-07
8.0688e-07
8.0438e-07
8.0188e-07
7.9939e-07
7.9691e-07
7.9443e-07
7.9196e-07
7.895e-07
7.8704e-07
7.8459e-07
7.8215e-07
7.7971e-07
7.7728e-07
7.7486e-07
7.7244e-07
7.7003e-07
7.6763e-07
7.6523e-07
7.6284e-07
7.6046e-07
7.5808e-07
7.5571e-07
7.5334e-07
7.5098e-07
7.4863e-07
7.4629e-07
7.4395e-07
7.4161e-07
7.3929e-07
7.3697e-07
7.3465e-07
7.3234e-07
7.3004e-07
7.2775e-07
7.2546e-07
7.2318e-07
7.209e-07
7.1863e-07
7.1636e-07
7.1411e-07
7.1185e-07
7.0961e-07
7.0737e-07
7.0514e-07
7.0291e-07
7.0069e-07
6.9847e-07
6.9626e-07
6.9406e-07
6.9186e-07
6.8967e-07
6.8749e-07
6.8531e-07
6.8314e-07
6.8097e-07
6.7881e-07
6.7665e-07
6.745e-07
6.7236e-07
6.7022e-07
6.6809e-07
6.6597e-07
6.6385e-07
6.6174e-07
6.5963e-07
6.5753e-07
6.5543e-07
6.5334e-07
6.5125e-07
6.4918e-07
6.471e-07
6.4504e-07
6.4298e-07
6.4092e-07
6.3887e-07
6.3683e-07
6.3479e-07
6.3275e-07
6.3073e-07
6.2871e-07
6.2669e-07
6.2468e-07
6.2268e-07
6.2068e-07
6.1868e-07
6.167e-07
6.1471e-07
6.1274e-07
6.1077e-07
6.088e-07
6.0684e-07
6.0489e-07
6.0294e-07
6.0099e-07
5.9905e-07
5.9712e-07
5.9519e-07
5.9327e-07
5.9136e-07
5.8945e-07
5.8754e-07
5.8564e-07
5.8375e-07
5.8186e-07
5.7997e-07
5.7809e-07
5.7622e-07
5.7435e-07
5.7249e-07
5.7063e-07
5.6878e-07
5.6693e-07
5.6509e-07
5.6325e-07
5.6142e-07
5.596e-07
5.5778e-07
5.5596e-07
5.5415e-07
5.5234e-07
5.5054e-07
5.4875e-07
5.4696e-07
5.4517e-07
5.4339e-07
5.4162e-07
5.3985e-07
5.3809e-07
5.3633e-07
5.3457e-07
5.3282e-07
5.3108e-07
5.2934e-07
5.2761e-07
5.2588e-07
5.2415e-07
5.2243e-07
5.2072e-07
5.1901e-07
5.173e-07
5.156e-07
5.1391e-07
5.1222e-07
5.1053e-07
5.0885e-07
5.0718e-07
5.0551e-07
5.0384e-07
5.0218e-07
5.0053e-07
4.9888e-07
4.9723e-07
4.9559e-07
4.9395e-07
4.9232e-07
4.9069e-07
4.8907e-07
4.8745e-07
4.8584e-07
4.8423e-07
4.8263e-07
4.8103e-07
4.7943e-07
4.7784e-07
4.7626e-07
4.7468e-07
4.731e-07
4.7153e-07
4.6996e-07
4.684e-07
4.6684e-07
4.6529e-07
4.6374e-07
4.622e-07
4.6066e-07
4.5912e-07
4.5759e-07
4.5607e-07
4.5455e-07
4.5303e-07
4.5152e-07
4.5001e-07
4.485e-07
4.4701e-07
4.4551e-07
4.4402e-07
4.4253e-07
4.4105e-07
4.3958e-07
4.381e-07
4.3664e-07
4.3517e-07
4.3371e-07
4.3226e-07
4.308e-07
4.2936e-07
4.2792e-07
4.2648e-07
4.2504e-07
4.2361e-07
4.2219e-07
4.2077e-07
4.1935e-07
4.1794e-07
4.1653e-07
4.1512e-07
4.1372e-07
4.1233e-07
4.1094e-07
4.0955e-07
4.0817e-07
4.0679e-07
4.0541e-07
4.0404e-07
4.0267e-07
4.0131e-07
3.9995e-07
3.986e-07
3.9725e-07
3.959e-07
3.9456e-07
3.9322e-07
3.9188e-07
3.9055e-07
3.8923e-07
3.879e-07
3.8658e-07
3.8527e-07
3.8396e-07
3.8265e-07
3.8135e-07
3.8005e-07
3.7876e-07
3.7747e-07
3.7618e-07
3.7489e-07
3.7362e-07
3.7234e-07
3.7107e-07
3.698e-07
3.6854e-07
3.6728e-07
3.6602e-07
3.6477e-07
3.6352e-07
3.6227e-07
3.6103e-07
3.598e-07
3.5856e-07
3.5733e-07
3.5611e-07
3.5488e-07
3.5367e-07
3.5245e-07
3.5124e-07
3.5003e-07
3.4883e-07
3.4763e-07
3.4643e-07
3.4524e-07
3.4405e-07
3.4287e-07
3.4168e-07
3.4051e-07
3.3933e-07
3.3816e-07
3.3699e-07
3.3583e-07
3.3467e-07
3.3351e-07
3.3236e-07
3.3121e-07
3.3006e-07
3.2892e-07
3.2778e-07
3.2665e-07
3.2551e-07
3.2439e-07
3.2326e-07
3.2214e-07
3.2102e-07
3.1991e-07
3.188e-07
3.1769e-07
3.1658e-07
3.1548e-07
3.1439e-07
3.1329e-07
3.122e-07
3.1111e-07
3.1003e-07
3.0895e-07
3.0787e-07
3.068e-07
3.0573e-07
3.0466e-07
3.036e-07
3.0254e-07
3.0148e-07
3.0042e-07
2.9937e-07
2.9833e-07
2.9728e-07
2.9624e-07
2.952e-07
2.9417e-07
2.9314e-07
2.9211e-07
2.9109e-07
2.9007e-07
2.8905e-07
2.8803e-07
2.8702e-07
2.8601e-07
2.8501e-07
2.84e-07
2.83e-07
2.8201e-07
2.8102e-07
2.8003e-07
2.7904e-07
2.7806e-07
2.7708e-07
2.761e-07
2.7512e-07
2.7415e-07
2.7318e-07
2.7222e-07
2.7126e-07
2.703e-07
2.6934e-07
2.6839e-07
2.6744e-07
2.6649e-07
2.6555e-07
2.6461e-07
2.6367e-07
2.6273e-07
2.618e-07
2.6087e-07
2.5995e-07
2.5902e-07
2.581e-07
2.5719e-07
2.5627e-07
2.5536e-07
2.5445e-07
2.5355e-07
2.5264e-07
2.5174e-07
2.5085e-07
2.4995e-07
2.4906e-07
2.4817e-07
2.4729e-07
2.464e-07
2.4552e-07
2.4465e-07
2.4377e-07
2.429e-07
2.4203e-07
2.4117e-07
2.403e-07
2.3944e-07
2.3859e-07
2.3773e-07
2.3688e-07
2.3603e-07
2.3518e-07
2.3434e-07
2.335e-07
2.3266e-07
2.3182e-07
2.3099e-07
2.3016e-07
2.2933e-07
2.2851e-07
2.2769e-07
2.2687e-07
2.2605e-07
2.2523e-07
2.2442e-07
2.2361e-07
2.2281e-07
2.22e-07
2.212e-07
2.204e-07
2.1961e-07
2.1881e-07
2.1802e-07
2.1723e-07
2.1645e-07
2.1567e-07
2.1488e-07
2.1411e-07
2.1333e-07
2.1256e-07
2.1179e-07
2.1102e-07
2.1025e-07
2.0949e-07
2.0873e-07
2.0797e-07
2.0722e-07
2.0646e-07
2.0571e-07
2.0496e-07
2.0422e-07
2.0348e-07
2.0273e-07
2.02e-07
2.0126e-07
2.0053e-07
1.998e-07
1.9907e-07
1.9834e-07
1.9762e-07
1.9689e-07
1.9618e-07
1.9546e-07
1.9474e-07
1.9403e-07
1.9332e-07
1.9261e-07
1.9191e-07
1.9121e-07
1.9051e-07
1.8981e-07
1.8911e-07
1.8842e-07
1.8773e-07
1.8704e-07
1.8635e-07
1.8567e-07
1.8499e-07
1.8431e-07
1.8363e-07
1.8295e-07
1.8228e-07
1.8161e-07
1.8094e-07
1.8027e-07
1.7961e-07
1.7895e-07
1.7829e-07
1.7763e-07
1.7697e-07
1.7632e-07
1.7567e-07
1.7502e-07
1.7437e-07
1.7373e-07
1.7309e-07
1.7245e-07
1.7181e-07
1.7117e-07
1.7054e-07
1.6991e-07
1.6928e-07
1.6865e-07
1.6802e-07
1.674e-07
1.6678e-07
1.6616e-07
1.6554e-07
1.6493e-07
1.6432e-07
1.6371e-07
1.631e-07
1.6249e-07
1.6189e-07
1.6128e-07
1.6068e-07
1.6008e-07
1.5949e-07
1.5889e-07
1.583e-07
1.5771e-07
1.5712e-07
1.5653e-07
1.5595e-07
1.5537e-07
1.5479e-07
1.5421e-07
1.5363e-07
1.5306e-07
1.5248e-07
1.5191e-07
1.5134e-07
1.5078e-07
1.5021e-07
1.4965e-07
1.4909e-07
1.4853e-07
1.4797e-07
1.4741e-07
1.4686e-07
1.4631e-07
1.4576e-07
1.4521e-07
1.4467e-07
1.4412e-07
1.4358e-07
1.4304e-07
1.425e-07
1.4196e-07
1.4143e-07
1.4089e-07
1.4036e-07
1.3983e-07
1.3931e-07
1.3878e-07
1.3826e-07
1.3773e-07
1.3721e-07
1.3669e-07
1.3618e-07
1.3566e-07
1.3515e-07
1.3464e-07
1.3413e-07
1.3362e-07
1.3311e-07
1.3261e-07
1.3211e-07
1.316e-07
1.3111e-07
1.3061e-07
1.3011e-07
1.2962e-07
1.2912e-07
1.2863e-07
1.2814e-07
1.2766e-07
1.2717e-07
1.2669e-07
1.2621e-07
1.2572e-07
1.2525e-07
1.2477e-07
1.2429e-07
1.2382e-07
1.2335e-07
1.2287e-07
1.2241e-07
1.2194e-07
1.2147e-07
1.2101e-07
1.2055e-07
1.2008e-07
1.1962e-07
1.1917e-07
1.1871e-07
1.1826e-07
1.178e-07
1.1735e-07
1.169e-07
1.1645e-07
1.1601e-07
1.1556e-07
1.1512e-07
1.1468e-07
1.1424e-07
1.138e-07
1.1336e-07
1.1292e-07
1.1249e-07
1.1206e-07
1.1162e-07
1.1119e-07
1.1077e-07
1.1034e-07
1.0991e-07
1.0949e-07
1.0907e-07
1.0865e-07
1.0823e-07
1.0781e-07
1.0739e-07
1.0698e-07
1.0657e-07
1.0615e-07
1.0574e-07
1.0533e-07
1.0493e-07
1.0452e-07
1.0412e-07
1.0371e-07
1.0331e-07
1.0291e-07
1.0251e-07
1.0211e-07
1.0172e-07
1.0132e-07
1.0093e-07
1.0054e-07
1.0015e-07
9.9757e-08
9.9369e-08
9.8982e-08
9.8597e-08
9.8214e-08
9.7831e-08
9.745e-08
9.7071e-08
9.6692e-08
9.6316e-08
9.594e-08
9.5566e-08
9.5193e-08
9.4821e-08
9.4451e-08
9.4082e-08
9.3715e-08
9.3349e-08
9.2984e-08
9.262e-08
9.2258e-08
9.1897e-08
9.1537e-08
9.1179e-08
9.0822e-08
9.0466e-08
9.0111e-08
8.9758e-08
8.9406e-08
8.9055e-08
8.8706e-08
8.8357e-08
8.8011e-08
8.7665e-08
8.732e-08
8.6977e-08
8.6635e-08
8.6295e-08
8.5955e-08
8.5617e-08
8.528e-08
8.4944e-08
8.4609e-08
8.4276e-08
8.3944e-08
8.3613e-08
8.3283e-08
8.2955e-08
8.2627e-08
8.2301e-08
8.1976e-08
8.1652e-08
8.133e-08
8.1008e-08
8.0688e-08
8.0369e-08
8.0051e-08
7.9734e-08
7.9419e-08
7.9104e-08
7.8791e-08
7.8479e-08
7.8168e-08
7.7858e-08
7.7549e-08
7.7241e-08
7.6935e-08
7.663e-08
7.6325e-08
7.6022e-08
7.572e-08
7.5419e-08
7.512e-08
7.4821e-08
7.4523e-08
7.4227e-08
7.3932e-08
7.3637e-08
7.3344e-08
7.3052e-08
7.2761e-08
7.2471e-08
7.2182e-08
7.1894e-08
7.1607e-08
7.1322e-08
7.1037e-08
7.0754e-08
7.0471e-08
7.019e-08
6.9909e-08
6.963e-08
6.9351e-08
6.9074e-08
6.8798e-08
6.8523e-08
6.8248e-08
6.7975e-08
6.7703e-08
6.7432e-08
6.7162e-08
6.6893e-08
6.6624e-08
6.6357e-08
6.6091e-08
6.5826e-08
6.5562e-08
6.5299e-08
6.5037e-08
6.4775e-08
6.4515e-08
6.4256e-08
6.3998e-08
6.374e-08
6.3484e-08
6.3229e-08
6.2974e-08
6.2721e-08
6.2469e-08
6.2217e-08
6.1967e-08
6.1717e-08
6.1468e-08
6.1221e-08
6.0974e-08
6.0728e-08
6.0483e-08
6.0239e-08
5.9996e-08
5.9754e-08
5.9513e-08
5.9273e-08
5.9033e-08
5.8795e-08
5.8557e-08
5.8321e-08
5.8085e-08
5.785e-08
5.7616e-08
5.7383e-08
5.7151e-08
5.692e-08
5.6689e-08
5.646e-08
5.6231e-08
5.6003e-08
5.5777e-08
5.5551e-08
5.5326e-08
5.5101e-08
5.4878e-08
5.4655e-08
5.4434e-08
5.4213e-08
5.3993e-08
5.3774e-08
5.3556e-08
5.3338e-08
5.3122e-08
5.2906e-08
5.2691e-08
5.2477e-08
5.2264e-08
5.2052e-08
5.184e-08
5.1629e-08
5.142e-08
5.121e-08
5.1002e-08
5.0795e-08
5.0588e-08
5.0382e-08
5.0177e-08
4.9973e-08
4.977e-08
4.9567e-08
4.9365e-08
4.9164e-08
4.8964e-08
4.8765e-08
4.8566e-08
4.8368e-08
4.8171e-08
4.7975e-08
4.778e-08
4.7585e-08
4.7391e-08
4.7198e-08
4.7005e-08
4.6814e-08
4.6623e-08
4.6433e-08
4.6244e-08
4.6055e-08
4.5867e-08
4.568e-08
4.5494e-08
4.5308e-08
4.5124e-08
4.4939e-08
4.4756e-08
4.4574e-08
4.4392e-08
4.4211e-08
4.403e-08
4.3851e-08
4.3672e-08
4.3494e-08
4.3316e-08
4.3139e-08
4.2963e-08
4.2788e-08
4.2614e-08
4.244e-08
4.2267e-08
4.2094e-08
4.1923e-08
4.1752e-08
4.1581e-08
4.1412e-08
4.1243e-08
4.1075e-08
4.0907e-08
4.074e-08
4.0574e-08
4.0409e-08
4.0244e-08
4.008e-08
3.9917e-08
3.9754e-08
3.9592e-08
3.9431e-08
3.927e-08
3.911e-08
3.8951e-08
3.8793e-08
3.8635e-08
3.8478e-08
3.8321e-08
3.8165e-08
3.801e-08
3.7855e-08
3.7701e-08
3.7548e-08
3.7396e-08
3.7244e-08
3.7093e-08
3.6942e-08
3.6792e-08
3.6643e-08
3.6494e-08
3.6346e-08
3.6199e-08
3.6052e-08
3.5906e-08
3.5761e-08
3.5616e-08
3.5472e-08
3.5328e-08
3.5185e-08
3.5043e-08
3.4902e-08
3.4761e-08
3.462e-08
3.4481e-08
3.4342e-08
3.4203e-08
3.4065e-08
3.3928e-08
3.3792e-08
3.3656e-08
3.352e-08
3.3386e-08
3.3251e-08
3.3118e-08
3.2985e-08
3.2853e-08
3.2721e-08
3.259e-08
3.246e-08
3.233e-08
3.2201e-08
3.2072e-08
3.1944e-08
3.1817e-08
3.169e-08
3.1564e-08
3.1438e-08
3.1313e-08
3.1189e-08
3.1065e-08
3.0942e-08
3.082e-08
3.0698e-08
3.0576e-08
3.0455e-08
3.0335e-08
3.0216e-08
3.0097e-08
2.9978e-08
2.986e-08
2.9743e-08
2.9627e-08
2.9511e-08
2.9395e-08
2.928e-08
2.9166e-08
2.9052e-08
2.8939e-08
2.8826e-08
2.8714e-08
2.8603e-08
2.8492e-08
2.8382e-08
2.8272e-08
2.8163e-08
2.8055e-08
2.7947e-08
2.784e-08
2.7733e-08
2.7627e-08
2.7521e-08
2.7416e-08
2.7312e-08
2.7208e-08
2.7104e-08
2.7002e-08
2.6899e-08
2.6798e-08
2.6697e-08
2.6596e-08
2.6497e-08
2.6397e-08
2.6299e-08
2.62e-08
2.6103e-08
2.6006e-08
2.5909e-08
2.5813e-08
2.5718e-08
2.5623e-08
2.5529e-08
2.5436e-08
2.5343e-08
2.525e-08
2.5158e-08
2.5067e-08
2.4976e-08
2.4886e-08
2.4797e-08
2.4708e-08
2.4619e-08
2.4531e-08
2.4444e-08
2.4357e-08
2.4271e-08
2.4186e-08
2.4101e-08
2.4016e-08
2.3932e-08
2.3849e-08
2.3766e-08
2.3684e-08
2.3603e-08
2.3522e-08
2.3441e-08
2.3362e-08
2.3282e-08
2.3204e-08
2.3126e-08
2.3048e-08
2.2971e-08
2.2895e-08
2.2819e-08
2.2744e-08
2.267e-08
