1.525e-09
1.5196e-09
1.5143e-09
1.5089e-09
1.5036e-09
1.4983e-09
1.493e-09
1.4877e-09
1.4824e-09
1.4772e-09
1.472e-09
1.4668e-09
1.4616e-09
1.4564e-09
1.4512e-09
1.4461e-09
1.441e-09
1.4359e-09
1.4308e-09
1.4258e-09
1.4207e-09
1.4157e-09
1.4107e-09
1.4057e-09
1.4008e-09
1.3958e-09
1.3909e-09
1.386e-09
1.3811e-09
1.3762e-09
1.3713e-09
1.3665e-09
1.3617e-09
1.3569e-09
1.3521e-09
1.3473e-09
1.3426e-09
1.3378e-09
1.3331e-09
1.3284e-09
1.3237e-09
1.3191e-09
1.3144e-09
1.3098e-09
1.3052e-09
1.3006e-09
1.296e-09
1.2915e-09
1.2869e-09
1.2824e-09
1.2779e-09
1.2734e-09
1.2689e-09
1.2645e-09
1.2601e-09
1.2556e-09
1.2512e-09
1.2468e-09
1.2425e-09
1.2381e-09
1.2338e-09
1.2295e-09
1.2252e-09
1.2209e-09
1.2166e-09
1.2124e-09
1.2081e-09
1.2039e-09
1.1997e-09
1.1955e-09
1.1914e-09
1.1872e-09
1.1831e-09
1.179e-09
1.1749e-09
1.1708e-09
1.1667e-09
1.1627e-09
1.1587e-09
1.1546e-09
1.1506e-09
1.1467e-09
1.1427e-09
1.1387e-09
1.1348e-09
1.1309e-09
1.127e-09
1.1231e-09
1.1192e-09
1.1154e-09
1.1115e-09
1.1077e-09
1.1039e-09
1.1001e-09
1.0964e-09
1.0926e-09
1.0889e-09
1.0851e-09
1.0814e-09
1.0777e-09
1.0741e-09
1.0704e-09
1.0668e-09
1.0631e-09
1.0595e-09
1.0559e-09
1.0524e-09
1.0488e-09
1.0452e-09
1.0417e-09
1.0382e-09
1.0347e-09
1.0312e-09
1.0277e-09
1.0243e-09
1.0209e-09
1.0174e-09
1.014e-09
1.0106e-09
1.0073e-09
1.0039e-09
1.0006e-09
9.9723e-10
9.9392e-10
9.9062e-10
9.8734e-10
9.8408e-10
9.8083e-10
9.7759e-10
9.7437e-10
9.7117e-10
9.6798e-10
9.6481e-10
9.6165e-10
9.5851e-10
9.5539e-10
9.5227e-10
9.4918e-10
9.461e-10
9.4303e-10
9.3998e-10
9.3695e-10
9.3393e-10
9.3093e-10
9.2794e-10
9.2497e-10
9.2201e-10
9.1907e-10
9.1614e-10
9.1323e-10
9.1033e-10
9.0745e-10
9.0459e-10
9.0174e-10
8.989e-10
8.9608e-10
8.9327e-10
8.9048e-10
8.8771e-10
8.8495e-10
8.8221e-10
8.7948e-10
8.7676e-10
8.7406e-10
8.7138e-10
8.6871e-10
8.6606e-10
8.6342e-10
8.6079e-10
8.5819e-10
8.5559e-10
8.5302e-10
8.5045e-10
8.479e-10
8.4537e-10
8.4285e-10
8.4035e-10
8.3786e-10
8.3539e-10
8.3293e-10
8.3049e-10
8.2807e-10
8.2565e-10
8.2326e-10
8.2088e-10
8.1851e-10
8.1616e-10
8.1382e-10
8.115e-10
8.0919e-10
8.069e-10
8.0463e-10
8.0236e-10
8.0012e-10
7.9789e-10
7.9567e-10
7.9347e-10
7.9129e-10
7.8912e-10
7.8696e-10
7.8482e-10
7.8269e-10
7.8058e-10
7.7849e-10
7.7641e-10
7.7435e-10
7.723e-10
7.7026e-10
7.6824e-10
7.6624e-10
7.6425e-10
7.6228e-10
7.6032e-10
7.5838e-10
7.5645e-10
7.5454e-10
7.5264e-10
7.5076e-10
7.4889e-10
7.4704e-10
7.4521e-10
7.4338e-10
7.4158e-10
7.3979e-10
7.3801e-10
7.3626e-10
7.3451e-10
7.3278e-10
7.3107e-10
7.2937e-10
7.2769e-10
7.2602e-10
7.2437e-10
7.2274e-10
7.2112e-10
7.1951e-10
7.1792e-10
7.1635e-10
7.1479e-10
7.1325e-10
7.1172e-10
7.1021e-10
7.0871e-10
7.0723e-10
7.0577e-10
7.0432e-10
7.0289e-10
7.0147e-10
7.0007e-10
6.9868e-10
6.9731e-10
6.9596e-10
6.9462e-10
6.933e-10
6.92e-10
6.907e-10
6.8943e-10
6.8817e-10
6.8693e-10
6.857e-10
6.8449e-10
6.833e-10
6.8212e-10
6.8096e-10
6.7982e-10
6.7869e-10
6.7757e-10
6.7648e-10
6.754e-10
6.7433e-10
6.7329e-10
6.7225e-10
6.7124e-10
6.7024e-10
6.6926e-10
6.6829e-10
6.6735e-10
6.6641e-10
6.655e-10
6.646e-10
6.6372e-10
6.6285e-10
6.62e-10
6.6117e-10
6.6036e-10
6.5956e-10
6.5878e-10
6.5801e-10
6.5727e-10
6.5654e-10
6.5583e-10
6.5513e-10
6.5445e-10
6.5379e-10
6.5315e-10
6.5252e-10
6.5191e-10
6.5132e-10
6.5075e-10
6.5019e-10
6.4965e-10
6.4913e-10
6.4862e-10
6.4814e-10
6.4767e-10
6.4722e-10
6.4679e-10
6.4637e-10
6.4597e-10
6.4559e-10
6.4523e-10
6.4489e-10
6.4457e-10
6.4426e-10
6.4397e-10
6.437e-10
6.4345e-10
6.4322e-10
6.43e-10
6.4281e-10
6.4263e-10
6.4247e-10
6.4233e-10
6.4221e-10
6.4211e-10
6.4202e-10
6.4196e-10
6.4191e-10
6.4188e-10
6.4188e-10
6.4189e-10
6.4192e-10
6.4197e-10
6.4204e-10
6.4213e-10
6.4224e-10
6.4237e-10
6.4251e-10
6.4268e-10
6.4287e-10
6.4308e-10
6.433e-10
6.4355e-10
6.4382e-10
6.4411e-10
6.4441e-10
6.4474e-10
6.4509e-10
6.4546e-10
6.4585e-10
6.4626e-10
6.4669e-10
6.4714e-10
6.4761e-10
6.4811e-10
6.4862e-10
6.4916e-10
6.4971e-10
6.5029e-10
6.5089e-10
6.5151e-10
6.5215e-10
6.5282e-10
6.535e-10
6.5421e-10
6.5494e-10
6.5569e-10
6.5646e-10
6.5726e-10
6.5807e-10
6.5891e-10
6.5977e-10
6.6066e-10
6.6156e-10
6.6249e-10
6.6345e-10
6.6442e-10
6.6542e-10
6.6644e-10
6.6748e-10
6.6855e-10
6.6964e-10
6.7076e-10
6.7189e-10
6.7306e-10
6.7424e-10
6.7545e-10
6.7668e-10
6.7794e-10
6.7922e-10
6.8053e-10
6.8186e-10
6.8321e-10
6.8459e-10
6.8599e-10
6.8742e-10
6.8887e-10
6.9035e-10
6.9186e-10
6.9338e-10
6.9494e-10
6.9652e-10
6.9812e-10
6.9975e-10
7.0141e-10
7.0309e-10
7.048e-10
7.0654e-10
7.083e-10
7.1009e-10
7.119e-10
7.1374e-10
7.1561e-10
7.1751e-10
7.1943e-10
7.2138e-10
7.2336e-10
7.2536e-10
7.2739e-10
7.2945e-10
7.3154e-10
7.3366e-10
7.358e-10
7.3797e-10
7.4017e-10
7.424e-10
7.4466e-10
7.4695e-10
7.4926e-10
7.5161e-10
7.5398e-10
7.5639e-10
7.5882e-10
7.6128e-10
7.6378e-10
7.663e-10
7.6885e-10
7.7144e-10
7.7405e-10
7.767e-10
7.7937e-10
7.8208e-10
7.8482e-10
7.8758e-10
7.9038e-10
7.9322e-10
7.9608e-10
7.9898e-10
8.019e-10
8.0486e-10
8.0786e-10
8.1088e-10
8.1394e-10
8.1703e-10
8.2016e-10
8.2331e-10
8.265e-10
8.2973e-10
8.3299e-10
8.3628e-10
8.396e-10
8.4297e-10
8.4636e-10
8.4979e-10
8.5326e-10
8.5676e-10
8.6029e-10
8.6386e-10
8.6747e-10
8.7111e-10
8.7479e-10
8.785e-10
8.8225e-10
8.8604e-10
8.8987e-10
8.9373e-10
8.9763e-10
9.0156e-10
9.0554e-10
9.0955e-10
9.136e-10
9.1768e-10
9.2181e-10
9.2598e-10
9.3018e-10
9.3442e-10
9.387e-10
9.4303e-10
9.4739e-10
9.5179e-10
9.5623e-10
9.6071e-10
9.6523e-10
9.698e-10
9.744e-10
9.7905e-10
9.8373e-10
9.8846e-10
9.9323e-10
9.9805e-10
1.0029e-09
1.0078e-09
1.0127e-09
1.0177e-09
1.0228e-09
1.0278e-09
1.0329e-09
1.0381e-09
1.0433e-09
1.0486e-09
1.0538e-09
1.0592e-09
1.0646e-09
1.07e-09
1.0755e-09
1.081e-09
1.0866e-09
1.0922e-09
1.0978e-09
1.1035e-09
1.1093e-09
1.1151e-09
1.121e-09
1.1269e-09
1.1328e-09
1.1388e-09
1.1448e-09
1.1509e-09
1.1571e-09
1.1633e-09
1.1695e-09
1.1758e-09
1.1822e-09
1.1886e-09
1.195e-09
1.2015e-09
1.2081e-09
1.2147e-09
1.2213e-09
1.2281e-09
1.2348e-09
1.2416e-09
1.2485e-09
1.2554e-09
1.2624e-09
1.2694e-09
1.2765e-09
1.2837e-09
1.2909e-09
1.2981e-09
1.3055e-09
1.3128e-09
1.3202e-09
1.3277e-09
1.3353e-09
1.3429e-09
1.3505e-09
1.3582e-09
1.366e-09
1.3739e-09
1.3818e-09
1.3897e-09
1.3977e-09
1.4058e-09
1.4139e-09
1.4221e-09
1.4304e-09
1.4387e-09
1.4471e-09
1.4555e-09
1.4641e-09
1.4726e-09
1.4813e-09
1.49e-09
1.4987e-09
1.5076e-09
1.5165e-09
1.5254e-09
1.5345e-09
1.5436e-09
1.5527e-09
1.5619e-09
1.5712e-09
1.5806e-09
1.59e-09
1.5996e-09
1.6091e-09
1.6188e-09
1.6285e-09
1.6383e-09
1.6481e-09
1.658e-09
1.668e-09
1.6781e-09
1.6883e-09
1.6985e-09
1.7088e-09
1.7191e-09
1.7296e-09
1.7401e-09
1.7507e-09
1.7613e-09
1.7721e-09
1.7829e-09
1.7938e-09
1.8047e-09
1.8158e-09
1.8269e-09
1.8381e-09
1.8494e-09
1.8608e-09
1.8722e-09
1.8838e-09
1.8954e-09
1.907e-09
1.9188e-09
1.9307e-09
1.9426e-09
1.9546e-09
1.9667e-09
1.9789e-09
1.9912e-09
2.0036e-09
2.016e-09
2.0285e-09
2.0412e-09
2.0539e-09
2.0667e-09
2.0795e-09
2.0925e-09
2.1056e-09
2.1187e-09
2.132e-09
2.1453e-09
2.1587e-09
2.1722e-09
2.1859e-09
2.1996e-09
2.2134e-09
2.2272e-09
2.2412e-09
2.2553e-09
2.2695e-09
2.2838e-09
2.2981e-09
2.3126e-09
2.3272e-09
2.3419e-09
2.3566e-09
2.3715e-09
2.3865e-09
2.4015e-09
2.4167e-09
2.432e-09
2.4474e-09
2.4628e-09
2.4784e-09
2.4941e-09
2.5099e-09
2.5258e-09
2.5418e-09
2.5579e-09
2.5742e-09
2.5905e-09
2.6069e-09
2.6235e-09
2.6402e-09
2.6569e-09
2.6738e-09
2.6908e-09
2.7079e-09
2.7251e-09
2.7425e-09
2.7599e-09
2.7775e-09
2.7952e-09
2.813e-09
2.8309e-09
2.849e-09
2.8671e-09
2.8854e-09
2.9038e-09
2.9223e-09
2.941e-09
2.9597e-09
2.9786e-09
2.9976e-09
3.0168e-09
3.036e-09
3.0554e-09
3.075e-09
3.0946e-09
3.1144e-09
3.1343e-09
3.1543e-09
3.1745e-09
3.1948e-09
3.2152e-09
3.2358e-09
3.2565e-09
3.2773e-09
3.2982e-09
3.3194e-09
3.3406e-09
3.362e-09
3.3835e-09
3.4051e-09
3.4269e-09
3.4489e-09
3.4709e-09
3.4932e-09
3.5155e-09
3.538e-09
3.5607e-09
3.5835e-09
3.6064e-09
3.6295e-09
3.6528e-09
3.6762e-09
3.6997e-09
3.7234e-09
3.7472e-09
3.7712e-09
3.7954e-09
3.8197e-09
3.8441e-09
3.8688e-09
3.8935e-09
3.9185e-09
3.9436e-09
3.9688e-09
3.9942e-09
4.0198e-09
4.0455e-09
4.0714e-09
4.0975e-09
4.1237e-09
4.1501e-09
4.1767e-09
4.2034e-09
4.2303e-09
4.2574e-09
4.2846e-09
4.3121e-09
4.3396e-09
4.3674e-09
4.3953e-09
4.4235e-09
4.4518e-09
4.4802e-09
4.5089e-09
4.5377e-09
4.5667e-09
4.5959e-09
4.6253e-09
4.6549e-09
4.6846e-09
4.7145e-09
4.7447e-09
4.775e-09
4.8055e-09
4.8362e-09
4.8671e-09
4.8981e-09
4.9294e-09
4.9609e-09
4.9925e-09
5.0244e-09
5.0565e-09
5.0887e-09
5.1212e-09
5.1538e-09
5.1867e-09
5.2198e-09
5.253e-09
5.2865e-09
5.3202e-09
5.3541e-09
5.3882e-09
5.4225e-09
5.4571e-09
5.4918e-09
5.5268e-09
5.562e-09
5.5974e-09
5.633e-09
5.6688e-09
5.7049e-09
5.7411e-09
5.7776e-09
5.8144e-09
5.8513e-09
5.8885e-09
5.9259e-09
5.9635e-09
6.0014e-09
6.0395e-09
6.0778e-09
6.1164e-09
6.1552e-09
6.1943e-09
6.2336e-09
6.2731e-09
6.3128e-09
6.3529e-09
6.3931e-09
6.4336e-09
6.4744e-09
6.5154e-09
6.5566e-09
6.5981e-09
6.6398e-09
6.6818e-09
6.7241e-09
6.7666e-09
6.8094e-09
6.8524e-09
6.8957e-09
6.9393e-09
6.9831e-09
7.0272e-09
7.0716e-09
7.1162e-09
7.1611e-09
7.2063e-09
7.2517e-09
7.2974e-09
7.3434e-09
7.3897e-09
7.4362e-09
7.4831e-09
7.5302e-09
7.5776e-09
7.6253e-09
7.6732e-09
7.7215e-09
7.77e-09
7.8189e-09
7.868e-09
7.9174e-09
7.9672e-09
8.0172e-09
8.0675e-09
8.1181e-09
8.1691e-09
8.2203e-09
8.2719e-09
8.3237e-09
8.3759e-09
8.4283e-09
8.4811e-09
8.5342e-09
8.5877e-09
8.6414e-09
8.6955e-09
8.7498e-09
8.8045e-09
8.8596e-09
8.9149e-09
8.9706e-09
9.0266e-09
9.083e-09
9.1397e-09
9.1967e-09
9.2541e-09
9.3118e-09
9.3698e-09
9.4282e-09
9.4869e-09
9.546e-09
9.6055e-09
9.6652e-09
9.7254e-09
9.7859e-09
9.8467e-09
9.9079e-09
9.9695e-09
1.0031e-08
1.0094e-08
1.0156e-08
1.0219e-08
1.0283e-08
1.0347e-08
1.0411e-08
1.0475e-08
1.054e-08
1.0606e-08
1.0671e-08
1.0737e-08
1.0804e-08
1.0871e-08
1.0938e-08
1.1005e-08
1.1073e-08
1.1142e-08
1.1211e-08
1.128e-08
1.135e-08
1.142e-08
1.149e-08
1.1561e-08
1.1632e-08
1.1704e-08
1.1776e-08
1.1848e-08
1.1921e-08
1.1995e-08
1.2069e-08
1.2143e-08
1.2217e-08
1.2293e-08
1.2368e-08
1.2444e-08
1.252e-08
1.2597e-08
1.2675e-08
1.2752e-08
1.283e-08
1.2909e-08
1.2988e-08
1.3068e-08
1.3148e-08
1.3228e-08
1.3309e-08
1.3391e-08
1.3473e-08
1.3555e-08
1.3638e-08
1.3721e-08
1.3805e-08
1.3889e-08
1.3974e-08
1.4059e-08
1.4145e-08
1.4231e-08
1.4318e-08
1.4405e-08
1.4493e-08
1.4581e-08
1.467e-08
1.4759e-08
1.4849e-08
1.4939e-08
1.503e-08
1.5121e-08
1.5213e-08
1.5305e-08
1.5398e-08
1.5491e-08
1.5585e-08
1.568e-08
1.5775e-08
1.587e-08
1.5966e-08
1.6063e-08
1.616e-08
1.6258e-08
1.6356e-08
1.6455e-08
1.6554e-08
1.6654e-08
1.6755e-08
1.6856e-08
1.6958e-08
1.706e-08
1.7163e-08
1.7266e-08
1.737e-08
1.7475e-08
1.758e-08
1.7686e-08
1.7792e-08
1.7899e-08
1.8007e-08
1.8115e-08
1.8224e-08
1.8333e-08
1.8443e-08
1.8554e-08
1.8665e-08
1.8777e-08
1.8889e-08
1.9003e-08
1.9116e-08
1.9231e-08
1.9346e-08
1.9462e-08
1.9578e-08
1.9695e-08
1.9813e-08
1.9931e-08
2.005e-08
2.017e-08
2.029e-08
2.0411e-08
2.0533e-08
2.0655e-08
2.0778e-08
2.0902e-08
2.1026e-08
2.1151e-08
2.1277e-08
2.1404e-08
2.1531e-08
2.1659e-08
2.1787e-08
2.1917e-08
2.2047e-08
2.2178e-08
2.2309e-08
2.2441e-08
2.2574e-08
2.2708e-08
2.2843e-08
2.2978e-08
2.3114e-08
2.325e-08
2.3388e-08
2.3526e-08
2.3665e-08
2.3805e-08
2.3945e-08
2.4087e-08
2.4229e-08
2.4372e-08
2.4515e-08
2.466e-08
2.4805e-08
2.4951e-08
2.5098e-08
2.5245e-08
2.5394e-08
2.5543e-08
2.5693e-08
2.5844e-08
2.5996e-08
2.6148e-08
2.6302e-08
2.6456e-08
2.6611e-08
2.6767e-08
2.6924e-08
2.7081e-08
2.724e-08
2.7399e-08
2.7559e-08
2.7721e-08
2.7883e-08
2.8045e-08
2.8209e-08
2.8374e-08
2.8539e-08
2.8706e-08
2.8873e-08
2.9041e-08
2.9211e-08
2.9381e-08
2.9552e-08
2.9724e-08
2.9896e-08
3.007e-08
3.0245e-08
3.0421e-08
3.0597e-08
3.0775e-08
3.0954e-08
3.1133e-08
3.1314e-08
3.1495e-08
3.1677e-08
3.1861e-08
3.2045e-08
3.2231e-08
3.2417e-08
3.2605e-08
3.2793e-08
3.2982e-08
3.3173e-08
3.3364e-08
3.3557e-08
3.375e-08
3.3945e-08
3.4141e-08
3.4337e-08
3.4535e-08
3.4734e-08
3.4934e-08
3.5135e-08
3.5337e-08
3.554e-08
3.5744e-08
3.5949e-08
3.6155e-08
3.6363e-08
3.6571e-08
3.6781e-08
3.6992e-08
3.7204e-08
3.7417e-08
3.7631e-08
3.7846e-08
3.8063e-08
3.828e-08
3.8499e-08
3.8719e-08
3.894e-08
3.9162e-08
3.9386e-08
3.961e-08
3.9836e-08
4.0063e-08
4.0291e-08
4.0521e-08
4.0751e-08
4.0983e-08
4.1216e-08
4.145e-08
4.1686e-08
4.1923e-08
4.2161e-08
4.24e-08
4.2641e-08
4.2882e-08
4.3125e-08
4.337e-08
4.3615e-08
4.3862e-08
4.411e-08
4.436e-08
4.4611e-08
4.4863e-08
4.5116e-08
4.5371e-08
4.5627e-08
4.5885e-08
4.6144e-08
4.6404e-08
4.6665e-08
4.6928e-08
4.7192e-08
4.7458e-08
4.7725e-08
4.7993e-08
4.8263e-08
4.8534e-08
4.8807e-08
4.9081e-08
4.9356e-08
4.9633e-08
4.9912e-08
5.0191e-08
5.0473e-08
5.0755e-08
5.1039e-08
5.1325e-08
5.1612e-08
5.1901e-08
5.2191e-08
5.2482e-08
5.2775e-08
5.307e-08
5.3366e-08
5.3664e-08
5.3963e-08
5.4264e-08
5.4566e-08
5.487e-08
5.5175e-08
5.5482e-08
5.5791e-08
5.6101e-08
5.6412e-08
5.6726e-08
5.7041e-08
5.7357e-08
5.7675e-08
5.7995e-08
5.8317e-08
5.864e-08
5.8964e-08
5.9291e-08
5.9619e-08
5.9949e-08
6.028e-08
6.0613e-08
6.0948e-08
6.1284e-08
6.1623e-08
6.1963e-08
6.2304e-08
6.2648e-08
6.2993e-08
6.334e-08
6.3688e-08
6.4039e-08
6.4391e-08
6.4745e-08
6.5101e-08
6.5459e-08
6.5818e-08
6.6179e-08
6.6542e-08
6.6907e-08
6.7274e-08
6.7643e-08
6.8013e-08
6.8385e-08
6.876e-08
6.9136e-08
6.9514e-08
6.9894e-08
7.0275e-08
7.0659e-08
7.1045e-08
7.1432e-08
7.1822e-08
7.2214e-08
7.2607e-08
7.3002e-08
7.34e-08
7.3799e-08
7.4201e-08
7.4604e-08
7.501e-08
7.5417e-08
7.5827e-08
7.6238e-08
7.6652e-08
7.7068e-08
7.7485e-08
7.7905e-08
7.8327e-08
7.8751e-08
7.9177e-08
7.9606e-08
8.0036e-08
8.0469e-08
8.0903e-08
8.134e-08
8.1779e-08
8.222e-08
8.2664e-08
8.3109e-08
8.3557e-08
8.4007e-08
8.4459e-08
8.4914e-08
8.5371e-08
8.583e-08
8.6291e-08
8.6754e-08
8.722e-08
8.7688e-08
8.8159e-08
8.8631e-08
8.9107e-08
8.9584e-08
9.0064e-08
9.0546e-08
9.103e-08
9.1517e-08
9.2006e-08
9.2498e-08
9.2992e-08
9.3489e-08
9.3987e-08
9.4489e-08
9.4993e-08
9.5499e-08
9.6008e-08
9.6519e-08
9.7033e-08
9.7549e-08
9.8068e-08
9.8589e-08
9.9113e-08
9.9639e-08
1.0017e-07
1.007e-07
1.0123e-07
1.0177e-07
1.0231e-07
1.0285e-07
1.034e-07
1.0394e-07
1.0449e-07
1.0505e-07
1.056e-07
1.0616e-07
1.0672e-07
1.0728e-07
1.0785e-07
1.0842e-07
1.0899e-07
1.0956e-07
1.1014e-07
1.1072e-07
1.113e-07
1.1189e-07
1.1248e-07
1.1307e-07
1.1366e-07
1.1426e-07
1.1486e-07
1.1546e-07
1.1606e-07
1.1667e-07
1.1728e-07
1.179e-07
1.1852e-07
1.1914e-07
1.1976e-07
1.2038e-07
1.2101e-07
1.2164e-07
1.2228e-07
1.2292e-07
1.2356e-07
1.242e-07
1.2485e-07
1.255e-07
1.2615e-07
1.2681e-07
1.2747e-07
1.2813e-07
1.288e-07
1.2947e-07
1.3014e-07
1.3081e-07
1.3149e-07
1.3217e-07
1.3286e-07
1.3355e-07
1.3424e-07
1.3493e-07
1.3563e-07
1.3633e-07
1.3704e-07
1.3774e-07
1.3846e-07
1.3917e-07
1.3989e-07
1.4061e-07
1.4133e-07
1.4206e-07
1.4279e-07
1.4353e-07
1.4427e-07
1.4501e-07
1.4575e-07
1.465e-07
1.4726e-07
1.4801e-07
1.4877e-07
1.4953e-07
1.503e-07
1.5107e-07
1.5184e-07
1.5262e-07
1.534e-07
1.5419e-07
1.5497e-07
1.5577e-07
1.5656e-07
1.5736e-07
1.5816e-07
1.5897e-07
1.5978e-07
1.606e-07
1.6141e-07
1.6223e-07
1.6306e-07
1.6389e-07
1.6472e-07
1.6556e-07
1.664e-07
1.6725e-07
1.6809e-07
1.6895e-07
1.698e-07
1.7066e-07
1.7153e-07
1.724e-07
1.7327e-07
1.7414e-07
1.7503e-07
1.7591e-07
1.768e-07
1.7769e-07
1.7859e-07
1.7949e-07
1.8039e-07
1.813e-07
1.8222e-07
1.8313e-07
1.8405e-07
1.8498e-07
1.8591e-07
1.8684e-07
1.8778e-07
1.8873e-07
1.8967e-07
1.9062e-07
1.9158e-07
1.9254e-07
1.935e-07
1.9447e-07
1.9545e-07
1.9642e-07
1.974e-07
1.9839e-07
1.9938e-07
2.0038e-07
2.0138e-07
2.0238e-07
2.0339e-07
2.044e-07
2.0542e-07
2.0644e-07
2.0747e-07
2.085e-07
2.0954e-07
2.1058e-07
2.1163e-07
2.1268e-07
2.1373e-07
2.1479e-07
2.1586e-07
2.1693e-07
2.18e-07
2.1908e-07
2.2016e-07
2.2125e-07
2.2235e-07
2.2345e-07
2.2455e-07
2.2566e-07
2.2677e-07
2.2789e-07
2.2901e-07
2.3014e-07
2.3127e-07
2.3241e-07
2.3355e-07
2.347e-07
2.3586e-07
2.3702e-07
2.3818e-07
2.3935e-07
2.4052e-07
2.417e-07
2.4289e-07
2.4408e-07
2.4527e-07
2.4647e-07
2.4768e-07
2.4889e-07
2.501e-07
2.5133e-07
2.5255e-07
2.5378e-07
2.5502e-07
2.5627e-07
2.5751e-07
2.5877e-07
2.6003e-07
2.6129e-07
2.6256e-07
2.6384e-07
2.6512e-07
2.6641e-07
2.677e-07
2.69e-07
2.7031e-07
2.7162e-07
2.7293e-07
2.7425e-07
2.7558e-07
2.7691e-07
2.7825e-07
2.796e-07
2.8095e-07
2.823e-07
2.8367e-07
2.8504e-07
2.8641e-07
2.8779e-07
2.8918e-07
2.9057e-07
2.9197e-07
2.9337e-07
2.9478e-07
2.962e-07
2.9762e-07
2.9905e-07
3.0048e-07
3.0192e-07
3.0337e-07
3.0482e-07
3.0628e-07
3.0775e-07
3.0922e-07
3.107e-07
3.1218e-07
3.1368e-07
3.1517e-07
3.1668e-07
3.1819e-07
3.197e-07
3.2123e-07
3.2276e-07
3.2429e-07
3.2584e-07
3.2739e-07
3.2894e-07
3.3051e-07
3.3207e-07
3.3365e-07
3.3523e-07
3.3682e-07
3.3842e-07
3.4002e-07
3.4163e-07
3.4325e-07
3.4487e-07
3.465e-07
3.4814e-07
3.4978e-07
3.5143e-07
3.5309e-07
3.5476e-07
3.5643e-07
3.5811e-07
3.5979e-07
3.6149e-07
3.6319e-07
3.649e-07
3.6661e-07
3.6833e-07
3.7006e-07
3.718e-07
3.7354e-07
3.7529e-07
3.7705e-07
3.7882e-07
3.8059e-07
3.8237e-07
3.8416e-07
3.8595e-07
3.8776e-07
3.8957e-07
3.9138e-07
3.9321e-07
3.9504e-07
3.9688e-07
3.9873e-07
4.0059e-07
4.0245e-07
4.0432e-07
4.062e-07
4.0809e-07
4.0998e-07
4.1189e-07
4.138e-07
4.1571e-07
4.1764e-07
4.1957e-07
4.2152e-07
4.2347e-07
4.2543e-07
4.2739e-07
4.2937e-07
4.3135e-07
4.3334e-07
4.3534e-07
4.3734e-07
4.3936e-07
4.4138e-07
4.4341e-07
4.4545e-07
4.475e-07
4.4956e-07
4.5163e-07
4.537e-07
4.5578e-07
4.5787e-07
4.5997e-07
4.6208e-07
4.6419e-07
4.6632e-07
4.6845e-07
4.7059e-07
4.7274e-07
4.749e-07
4.7707e-07
4.7925e-07
4.8144e-07
4.8363e-07
4.8583e-07
4.8805e-07
4.9027e-07
4.925e-07
4.9474e-07
4.9698e-07
4.9924e-07
5.0151e-07
5.0378e-07
5.0607e-07
5.0836e-07
5.1067e-07
5.1298e-07
5.153e-07
5.1763e-07
5.1997e-07
5.2232e-07
5.2468e-07
5.2705e-07
5.2943e-07
5.3181e-07
5.3421e-07
5.3662e-07
5.3903e-07
5.4146e-07
5.4389e-07
5.4634e-07
5.4879e-07
5.5126e-07
5.5373e-07
5.5622e-07
5.5871e-07
5.6121e-07
5.6373e-07
5.6625e-07
5.6878e-07
5.7133e-07
5.7388e-07
5.7644e-07
5.7902e-07
5.816e-07
5.842e-07
5.868e-07
5.8941e-07
5.9204e-07
5.9467e-07
5.9732e-07
5.9998e-07
6.0264e-07
6.0532e-07
6.08e-07
6.107e-07
6.1341e-07
6.1613e-07
6.1886e-07
6.216e-07
6.2435e-07
6.2711e-07
6.2988e-07
6.3266e-07
6.3546e-07
6.3826e-07
6.4108e-07
6.439e-07
6.4674e-07
6.4959e-07
6.5245e-07
6.5532e-07
6.582e-07
6.6109e-07
6.64e-07
6.6691e-07
6.6984e-07
6.7277e-07
6.7572e-07
6.7868e-07
6.8165e-07
6.8464e-07
6.8763e-07
6.9064e-07
6.9365e-07
6.9668e-07
6.9972e-07
7.0278e-07
7.0584e-07
7.0891e-07
7.12e-07
7.151e-07
7.1821e-07
7.2133e-07
7.2447e-07
7.2761e-07
7.3077e-07
7.3394e-07
7.3712e-07
7.4032e-07
7.4353e-07
7.4674e-07
7.4998e-07
7.5322e-07
7.5647e-07
7.5974e-07
7.6302e-07
7.6631e-07
7.6962e-07
7.7294e-07
7.7626e-07
7.7961e-07
7.8296e-07
7.8633e-07
7.8971e-07
7.931e-07
7.9651e-07
7.9992e-07
8.0336e-07
8.068e-07
8.1026e-07
8.1373e-07
8.1721e-07
8.207e-07
8.2421e-07
8.2773e-07
8.3127e-07
8.3482e-07
8.3838e-07
8.4195e-07
8.4554e-07
8.4914e-07
8.5275e-07
8.5638e-07
8.6002e-07
8.6368e-07
8.6734e-07
8.7103e-07
8.7472e-07
8.7843e-07
8.8215e-07
8.8589e-07
8.8964e-07
8.934e-07
8.9718e-07
9.0097e-07
9.0478e-07
9.0859e-07
9.1243e-07
9.1627e-07
9.2014e-07
9.2401e-07
9.279e-07
9.318e-07
9.3572e-07
9.3965e-07
9.436e-07
9.4756e-07
9.5154e-07
9.5553e-07
9.5953e-07
9.6355e-07
9.6758e-07
9.7163e-07
9.7569e-07
9.7977e-07
9.8386e-07
9.8797e-07
9.9209e-07
9.9623e-07
1.0004e-06
1.0045e-06
1.0087e-06
1.0129e-06
1.0171e-06
1.0214e-06
1.0256e-06
1.0299e-06
1.0341e-06
1.0384e-06
1.0427e-06
1.047e-06
1.0514e-06
1.0557e-06
1.0601e-06
1.0645e-06
1.0689e-06
1.0733e-06
1.0777e-06
1.0821e-06
1.0866e-06
1.0911e-06
1.0956e-06
1.1001e-06
1.1046e-06
1.1091e-06
1.1137e-06
1.1183e-06
1.1229e-06
1.1275e-06
1.1321e-06
1.1367e-06
1.1414e-06
1.146e-06
1.1507e-06
1.1554e-06
1.1601e-06
1.1649e-06
1.1696e-06
1.1744e-06
1.1792e-06
1.184e-06
1.1888e-06
1.1936e-06
1.1985e-06
1.2033e-06
1.2082e-06
1.2131e-06
1.218e-06
1.223e-06
1.2279e-06
1.2329e-06
1.2379e-06
1.2429e-06
1.2479e-06
1.253e-06
1.258e-06
1.2631e-06
1.2682e-06
1.2733e-06
1.2784e-06
1.2836e-06
1.2887e-06
1.2939e-06
1.2991e-06
1.3043e-06
1.3096e-06
1.3148e-06
1.3201e-06
1.3254e-06
1.3307e-06
1.336e-06
1.3413e-06
1.3467e-06
1.3521e-06
1.3575e-06
1.3629e-06
1.3683e-06
1.3738e-06
1.3792e-06
1.3847e-06
1.3902e-06
1.3958e-06
1.4013e-06
1.4069e-06
1.4125e-06
1.4181e-06
1.4237e-06
1.4293e-06
1.435e-06
1.4407e-06
1.4463e-06
1.4521e-06
1.4578e-06
1.4636e-06
1.4693e-06
1.4751e-06
1.4809e-06
1.4868e-06
1.4926e-06
1.4985e-06
1.5044e-06
1.5103e-06
1.5162e-06
1.5222e-06
1.5281e-06
1.5341e-06
1.5401e-06
1.5462e-06
1.5522e-06
1.5583e-06
1.5644e-06
1.5705e-06
1.5766e-06
1.5827e-06
1.5889e-06
1.5951e-06
1.6013e-06
1.6075e-06
1.6138e-06
1.6201e-06
1.6264e-06
1.6327e-06
1.639e-06
1.6454e-06
1.6517e-06
1.6581e-06
1.6645e-06
1.671e-06
1.6774e-06
1.6839e-06
1.6904e-06
1.6969e-06
1.7035e-06
1.71e-06
1.7166e-06
1.7232e-06
1.7299e-06
1.7365e-06
1.7432e-06
1.7499e-06
1.7566e-06
1.7633e-06
1.7701e-06
1.7769e-06
1.7837e-06
1.7905e-06
1.7973e-06
1.8042e-06
1.8111e-06
1.818e-06
1.8249e-06
1.8319e-06
1.8389e-06
1.8459e-06
1.8529e-06
1.8599e-06
1.867e-06
1.8741e-06
1.8812e-06
1.8883e-06
1.8955e-06
1.9027e-06
1.9099e-06
1.9171e-06
1.9243e-06
1.9316e-06
1.9389e-06
1.9462e-06
1.9536e-06
1.9609e-06
1.9683e-06
1.9757e-06
1.9832e-06
1.9906e-06
1.9981e-06
2.0056e-06
2.0131e-06
2.0207e-06
2.0282e-06
2.0358e-06
2.0435e-06
2.0511e-06
2.0588e-06
2.0665e-06
2.0742e-06
2.0819e-06
2.0897e-06
2.0975e-06
2.1053e-06
2.1131e-06
2.121e-06
2.1289e-06
2.1368e-06
2.1447e-06
2.1527e-06
2.1607e-06
2.1687e-06
2.1767e-06
2.1847e-06
2.1928e-06
2.2009e-06
2.2091e-06
2.2172e-06
2.2254e-06
2.2336e-06
2.2418e-06
2.2501e-06
2.2584e-06
2.2667e-06
2.275e-06
2.2834e-06
2.2917e-06
2.3002e-06
2.3086e-06
2.317e-06
2.3255e-06
2.334e-06
2.3426e-06
2.3511e-06
2.3597e-06
2.3683e-06
2.377e-06
2.3856e-06
2.3943e-06
2.403e-06
2.4118e-06
2.4205e-06
2.4293e-06
2.4382e-06
2.447e-06
2.4559e-06
2.4648e-06
2.4737e-06
2.4827e-06
2.4916e-06
2.5006e-06
2.5097e-06
2.5187e-06
2.5278e-06
2.5369e-06
2.5461e-06
2.5552e-06
2.5644e-06
2.5737e-06
2.5829e-06
2.5922e-06
2.6015e-06
2.6108e-06
2.6202e-06
2.6296e-06
2.639e-06
2.6484e-06
2.6579e-06
2.6674e-06
2.6769e-06
2.6864e-06
2.696e-06
2.7056e-06
2.7153e-06
2.7249e-06
2.7346e-06
2.7443e-06
2.7541e-06
2.7638e-06
2.7736e-06
2.7835e-06
2.7933e-06
2.8032e-06
2.8131e-06
2.8231e-06
2.8331e-06
2.8431e-06
2.8531e-06
2.8631e-06
2.8732e-06
2.8833e-06
2.8935e-06
2.9037e-06
2.9139e-06
2.9241e-06
2.9344e-06
2.9447e-06
2.955e-06
2.9653e-06
2.9757e-06
2.9861e-06
2.9965e-06
3.007e-06
3.0175e-06
3.028e-06
3.0386e-06
3.0492e-06
3.0598e-06
3.0704e-06
3.0811e-06
3.0918e-06
3.1025e-06
3.1133e-06
3.1241e-06
3.1349e-06
3.1458e-06
3.1567e-06
3.1676e-06
3.1785e-06
3.1895e-06
3.2005e-06
3.2115e-06
3.2226e-06
3.2337e-06
3.2448e-06
3.256e-06
3.2672e-06
3.2784e-06
3.2896e-06
3.3009e-06
3.3122e-06
3.3236e-06
3.335e-06
3.3464e-06
3.3578e-06
3.3693e-06
3.3808e-06
3.3923e-06
3.4039e-06
3.4155e-06
3.4271e-06
3.4387e-06
3.4504e-06
3.4621e-06
3.4739e-06
3.4857e-06
3.4975e-06
3.5093e-06
3.5212e-06
3.5331e-06
3.5451e-06
3.557e-06
3.5691e-06
3.5811e-06
3.5932e-06
3.6053e-06
3.6174e-06
3.6296e-06
3.6418e-06
3.654e-06
3.6663e-06
3.6786e-06
3.6909e-06
3.7033e-06
3.7157e-06
3.7281e-06
3.7406e-06
3.7531e-06
3.7656e-06
3.7781e-06
3.7907e-06
3.8034e-06
3.816e-06
3.8287e-06
3.8414e-06
3.8542e-06
3.867e-06
3.8798e-06
3.8927e-06
3.9056e-06
3.9185e-06
3.9315e-06
3.9445e-06
3.9575e-06
3.9706e-06
3.9837e-06
3.9968e-06
4.0099e-06
4.0231e-06
4.0364e-06
4.0496e-06
4.0629e-06
4.0763e-06
4.0897e-06
4.1031e-06
4.1165e-06
4.13e-06
4.1435e-06
4.157e-06
4.1706e-06
4.1842e-06
4.1978e-06
4.2115e-06
4.2252e-06
4.239e-06
4.2528e-06
4.2666e-06
4.2804e-06
4.2943e-06
4.3082e-06
4.3222e-06
4.3362e-06
4.3502e-06
4.3643e-06
4.3784e-06
4.3925e-06
4.4067e-06
4.4209e-06
4.4351e-06
4.4494e-06
4.4637e-06
4.4781e-06
4.4925e-06
4.5069e-06
4.5213e-06
4.5358e-06
4.5503e-06
4.5649e-06
4.5795e-06
4.5941e-06
4.6088e-06
4.6235e-06
4.6382e-06
4.653e-06
4.6678e-06
4.6827e-06
4.6976e-06
4.7125e-06
4.7275e-06
4.7425e-06
4.7575e-06
4.7726e-06
4.7877e-06
4.8028e-06
4.818e-06
4.8332e-06
4.8484e-06
4.8637e-06
4.8791e-06
4.8944e-06
4.9098e-06
4.9253e-06
4.9407e-06
4.9562e-06
4.9718e-06
4.9874e-06
5.003e-06
5.0186e-06
5.0343e-06
5.0501e-06
5.0658e-06
5.0817e-06
5.0975e-06
5.1134e-06
5.1293e-06
5.1453e-06
5.1613e-06
5.1773e-06
5.1934e-06
5.2095e-06
5.2256e-06
5.2418e-06
5.258e-06
5.2743e-06
5.2906e-06
5.3069e-06
5.3233e-06
5.3397e-06
5.3562e-06
5.3726e-06
5.3892e-06
5.4057e-06
5.4223e-06
5.439e-06
5.4557e-06
5.4724e-06
5.4891e-06
5.5059e-06
5.5228e-06
5.5396e-06
5.5565e-06
5.5735e-06
5.5905e-06
5.6075e-06
5.6246e-06
5.6417e-06
5.6588e-06
5.676e-06
5.6932e-06
5.7105e-06
5.7278e-06
5.7451e-06
5.7625e-06
5.7799e-06
5.7974e-06
5.8149e-06
5.8324e-06
5.85e-06
5.8676e-06
5.8852e-06
5.9029e-06
5.9206e-06
5.9384e-06
5.9562e-06
5.9741e-06
5.9919e-06
6.0099e-06
6.0278e-06
6.0458e-06
6.0639e-06
6.082e-06
6.1001e-06
6.1183e-06
6.1365e-06
6.1547e-06
6.173e-06
6.1913e-06
6.2097e-06
6.2281e-06
6.2465e-06
6.265e-06
6.2835e-06
6.3021e-06
6.3207e-06
6.3394e-06
6.358e-06
6.3768e-06
6.3955e-06
6.4143e-06
6.4332e-06
6.4521e-06
6.471e-06
6.49e-06
6.509e-06
6.528e-06
6.5471e-06
6.5662e-06
6.5854e-06
6.6046e-06
6.6238e-06
6.6431e-06
6.6625e-06
6.6818e-06
6.7013e-06
6.7207e-06
6.7402e-06
6.7597e-06
6.7793e-06
6.7989e-06
6.8186e-06
6.8383e-06
6.858e-06
6.8778e-06
6.8976e-06
6.9175e-06
6.9374e-06
6.9573e-06
6.9773e-06
6.9973e-06
7.0174e-06
7.0375e-06
7.0577e-06
7.0778e-06
7.0981e-06
7.1184e-06
7.1387e-06
7.159e-06
7.1794e-06
7.1999e-06
7.2203e-06
7.2409e-06
7.2614e-06
7.282e-06
7.3027e-06
7.3233e-06
7.3441e-06
7.3648e-06
7.3857e-06
7.4065e-06
7.4274e-06
7.4483e-06
7.4693e-06
7.4903e-06
7.5114e-06
7.5325e-06
7.5536e-06
7.5748e-06
7.596e-06
7.6173e-06
7.6386e-06
7.66e-06
7.6814e-06
7.7028e-06
7.7243e-06
7.7458e-06
7.7674e-06
7.789e-06
7.8106e-06
7.8323e-06
7.854e-06
7.8758e-06
7.8976e-06
7.9195e-06
7.9414e-06
7.9633e-06
7.9853e-06
8.0073e-06
8.0294e-06
8.0515e-06
8.0736e-06
8.0958e-06
8.118e-06
8.1403e-06
8.1626e-06
8.185e-06
8.2074e-06
8.2298e-06
8.2523e-06
8.2748e-06
8.2974e-06
8.32e-06
8.3427e-06
8.3654e-06
8.3881e-06
8.4109e-06
8.4337e-06
8.4566e-06
8.4795e-06
8.5024e-06
8.5254e-06
8.5484e-06
8.5715e-06
8.5946e-06
8.6178e-06
8.641e-06
8.6642e-06
8.6875e-06
8.7108e-06
8.7342e-06
8.7576e-06
8.7811e-06
8.8046e-06
8.8281e-06
8.8517e-06
8.8753e-06
8.899e-06
8.9227e-06
8.9465e-06
8.9703e-06
8.9941e-06
9.018e-06
9.0419e-06
9.0658e-06
9.0899e-06
9.1139e-06
9.138e-06
9.1621e-06
9.1863e-06
9.2105e-06
9.2348e-06
9.2591e-06
9.2834e-06
9.3078e-06
9.3322e-06
9.3567e-06
9.3812e-06
9.4058e-06
9.4304e-06
9.455e-06
9.4797e-06
9.5044e-06
9.5292e-06
9.554e-06
9.5788e-06
9.6037e-06
9.6287e-06
9.6536e-06
9.6787e-06
9.7037e-06
9.7288e-06
9.754e-06
9.7792e-06
9.8044e-06
9.8297e-06
9.855e-06
9.8803e-06
9.9057e-06
9.9312e-06
9.9566e-06
9.9822e-06
1.0008e-05
1.0033e-05
1.0059e-05
1.0085e-05
1.011e-05
1.0136e-05
1.0162e-05
1.0188e-05
1.0214e-05
1.024e-05
1.0266e-05
1.0292e-05
1.0318e-05
1.0344e-05
1.037e-05
1.0396e-05
1.0423e-05
1.0449e-05
1.0475e-05
1.0501e-05
1.0528e-05
1.0554e-05
1.0581e-05
1.0607e-05
1.0634e-05
1.0661e-05
1.0687e-05
1.0714e-05
1.0741e-05
1.0767e-05
1.0794e-05
1.0821e-05
1.0848e-05
1.0875e-05
1.0902e-05
1.0929e-05
1.0956e-05
1.0983e-05
1.101e-05
1.1038e-05
1.1065e-05
1.1092e-05
1.1119e-05
1.1147e-05
1.1174e-05
1.1202e-05
1.1229e-05
1.1257e-05
1.1284e-05
1.1312e-05
1.1339e-05
1.1367e-05
1.1395e-05
1.1423e-05
1.145e-05
1.1478e-05
1.1506e-05
1.1534e-05
1.1562e-05
1.159e-05
1.1618e-05
1.1646e-05
1.1674e-05
1.1703e-05
1.1731e-05
1.1759e-05
1.1787e-05
1.1816e-05
1.1844e-05
1.1873e-05
1.1901e-05
1.193e-05
1.1958e-05
1.1987e-05
1.2015e-05
1.2044e-05
1.2073e-05
1.2101e-05
1.213e-05
1.2159e-05
1.2188e-05
1.2217e-05
1.2246e-05
1.2275e-05
1.2304e-05
1.2333e-05
1.2362e-05
1.2391e-05
1.242e-05
1.2449e-05
1.2479e-05
1.2508e-05
1.2537e-05
1.2567e-05
1.2596e-05
1.2626e-05
1.2655e-05
1.2685e-05
1.2714e-05
1.2744e-05
1.2774e-05
1.2803e-05
1.2833e-05
1.2863e-05
1.2893e-05
1.2922e-05
1.2952e-05
1.2982e-05
1.3012e-05
1.3042e-05
1.3072e-05
1.3102e-05
1.3133e-05
1.3163e-05
1.3193e-05
1.3223e-05
1.3253e-05
1.3284e-05
1.3314e-05
1.3344e-05
1.3375e-05
1.3405e-05
1.3436e-05
1.3466e-05
1.3497e-05
1.3528e-05
1.3558e-05
1.3589e-05
1.362e-05
1.3651e-05
1.3681e-05
1.3712e-05
1.3743e-05
1.3774e-05
1.3805e-05
1.3836e-05
1.3867e-05
1.3898e-05
1.3929e-05
1.396e-05
1.3992e-05
1.4023e-05
1.4054e-05
1.4085e-05
1.4117e-05
1.4148e-05
1.4179e-05
1.4211e-05
1.4242e-05
1.4274e-05
1.4305e-05
1.4337e-05
1.4369e-05
1.44e-05
1.4432e-05
1.4464e-05
1.4495e-05
1.4527e-05
1.4559e-05
1.4591e-05
1.4623e-05
1.4655e-05
1.4687e-05
1.4719e-05
1.4751e-05
1.4783e-05
1.4815e-05
1.4847e-05
1.4879e-05
1.4912e-05
1.4944e-05
1.4976e-05
1.5009e-05
1.5041e-05
1.5073e-05
1.5106e-05
1.5138e-05
1.5171e-05
1.5203e-05
1.5236e-05
1.5269e-05
1.5301e-05
1.5334e-05
1.5367e-05
1.5399e-05
1.5432e-05
1.5465e-05
1.5498e-05
1.5531e-05
1.5564e-05
1.5597e-05
1.5629e-05
1.5662e-05
1.5696e-05
1.5729e-05
1.5762e-05
1.5795e-05
1.5828e-05
1.5861e-05
1.5895e-05
1.5928e-05
1.5961e-05
1.5994e-05
1.6028e-05
1.6061e-05
1.6095e-05
1.6128e-05
1.6162e-05
1.6195e-05
1.6229e-05
1.6262e-05
1.6296e-05
1.633e-05
1.6363e-05
1.6397e-05
1.6431e-05
1.6465e-05
1.6498e-05
1.6532e-05
1.6566e-05
1.66e-05
1.6634e-05
1.6668e-05
1.6702e-05
1.6736e-05
1.677e-05
1.6804e-05
1.6838e-05
1.6872e-05
1.6907e-05
1.6941e-05
1.6975e-05
1.7009e-05
1.7044e-05
1.7078e-05
1.7112e-05
1.7147e-05
1.7181e-05
1.7215e-05
1.725e-05
1.7284e-05
1.7319e-05
1.7354e-05
1.7388e-05
1.7423e-05
1.7457e-05
1.7492e-05
1.7527e-05
1.7561e-05
1.7596e-05
1.7631e-05
1.7666e-05
1.7701e-05
1.7736e-05
1.777e-05
1.7805e-05
1.784e-05
1.7875e-05
1.791e-05
1.7945e-05
1.798e-05
1.8015e-05
1.8051e-05
1.8086e-05
1.8121e-05
1.8156e-05
1.8191e-05
1.8226e-05
1.8262e-05
1.8297e-05
1.8332e-05
1.8368e-05
1.8403e-05
1.8438e-05
1.8474e-05
1.8509e-05
1.8545e-05
1.858e-05
1.8616e-05
1.8651e-05
1.8687e-05
1.8722e-05
1.8758e-05
1.8794e-05
1.8829e-05
1.8865e-05
1.8901e-05
1.8936e-05
1.8972e-05
1.9008e-05
1.9044e-05
1.908e-05
1.9115e-05
1.9151e-05
1.9187e-05
1.9223e-05
1.9259e-05
1.9295e-05
1.9331e-05
1.9367e-05
1.9403e-05
1.9439e-05
1.9475e-05
1.9511e-05
1.9547e-05
1.9583e-05
1.9619e-05
1.9656e-05
1.9692e-05
1.9728e-05
1.9764e-05
1.98e-05
1.9837e-05
1.9873e-05
1.9909e-05
1.9946e-05
1.9982e-05
2.0018e-05
2.0055e-05
2.0091e-05
2.0128e-05
2.0164e-05
2.0201e-05
2.0237e-05
2.0274e-05
2.031e-05
2.0347e-05
2.0383e-05
2.042e-05
2.0456e-05
2.0493e-05
2.053e-05
2.0566e-05
2.0603e-05
2.064e-05
2.0676e-05
2.0713e-05
2.075e-05
2.0786e-05
2.0823e-05
2.086e-05
2.0897e-05
2.0934e-05
2.097e-05
2.1007e-05
2.1044e-05
2.1081e-05
2.1118e-05
2.1155e-05
2.1192e-05
2.1229e-05
2.1266e-05
2.1303e-05
2.134e-05
2.1377e-05
2.1414e-05
2.1451e-05
2.1488e-05
2.1525e-05
2.1562e-05
2.1599e-05
2.1636e-05
2.1673e-05
2.171e-05
2.1747e-05
2.1784e-05
2.1822e-05
2.1859e-05
2.1896e-05
2.1933e-05
2.197e-05
2.2007e-05
2.2045e-05
2.2082e-05
2.2119e-05
2.2156e-05
2.2194e-05
2.2231e-05
2.2268e-05
2.2306e-05
2.2343e-05
2.238e-05
2.2418e-05
2.2455e-05
2.2492e-05
2.253e-05
2.2567e-05
2.2604e-05
2.2642e-05
2.2679e-05
2.2717e-05
2.2754e-05
2.2791e-05
2.2829e-05
2.2866e-05
2.2904e-05
2.2941e-05
2.2979e-05
2.3016e-05
2.3054e-05
2.3091e-05
2.3129e-05
2.3166e-05
2.3204e-05
2.3241e-05
2.3279e-05
2.3316e-05
2.3354e-05
2.3391e-05
2.3429e-05
2.3466e-05
2.3504e-05
2.3541e-05
2.3579e-05
2.3617e-05
2.3654e-05
2.3692e-05
2.3729e-05
2.3767e-05
2.3804e-05
2.3842e-05
2.388e-05
2.3917e-05
2.3955e-05
2.3993e-05
2.403e-05
2.4068e-05
2.4105e-05
2.4143e-05
2.4181e-05
2.4218e-05
2.4256e-05
2.4293e-05
2.4331e-05
2.4369e-05
2.4406e-05
2.4444e-05
2.4482e-05
2.4519e-05
2.4557e-05
2.4595e-05
2.4632e-05
2.467e-05
2.4707e-05
2.4745e-05
2.4783e-05
2.482e-05
2.4858e-05
2.4896e-05
2.4933e-05
2.4971e-05
2.5009e-05
2.5046e-05
2.5084e-05
2.5121e-05
2.5159e-05
2.5197e-05
2.5234e-05
2.5272e-05
2.5309e-05
2.5347e-05
2.5385e-05
2.5422e-05
2.546e-05
2.5497e-05
2.5535e-05
2.5573e-05
2.561e-05
2.5648e-05
2.5685e-05
2.5723e-05
2.576e-05
2.5798e-05
2.5836e-05
2.5873e-05
2.5911e-05
2.5948e-05
2.5986e-05
2.6023e-05
2.6061e-05
2.6098e-05
2.6136e-05
2.6173e-05
2.6211e-05
2.6248e-05
2.6286e-05
2.6323e-05
2.6361e-05
2.6398e-05
2.6435e-05
2.6473e-05
2.651e-05
2.6548e-05
2.6585e-05
2.6623e-05
2.666e-05
2.6697e-05
2.6735e-05
2.6772e-05
2.6809e-05
2.6847e-05
2.6884e-05
2.6921e-05
2.6959e-05
2.6996e-05
2.7033e-05
2.707e-05
2.7108e-05
2.7145e-05
2.7182e-05
2.7219e-05
2.7257e-05
2.7294e-05
2.7331e-05
2.7368e-05
2.7405e-05
2.7442e-05
2.7479e-05
2.7517e-05
2.7554e-05
2.7591e-05
2.7628e-05
2.7665e-05
2.7702e-05
2.7739e-05
2.7776e-05
2.7813e-05
2.785e-05
2.7887e-05
2.7924e-05
2.7961e-05
2.7998e-05
2.8034e-05
2.8071e-05
2.8108e-05
2.8145e-05
2.8182e-05
2.8219e-05
2.8255e-05
2.8292e-05
2.8329e-05
2.8366e-05
2.8402e-05
2.8439e-05
2.8476e-05
2.8512e-05
2.8549e-05
2.8586e-05
2.8622e-05
2.8659e-05
2.8695e-05
2.8732e-05
2.8769e-05
2.8805e-05
2.8841e-05
2.8878e-05
2.8914e-05
2.8951e-05
2.8987e-05
2.9024e-05
2.906e-05
2.9096e-05
2.9132e-05
2.9169e-05
2.9205e-05
2.9241e-05
2.9277e-05
2.9314e-05
2.935e-05
2.9386e-05
2.9422e-05
2.9458e-05
2.9494e-05
2.953e-05
2.9566e-05
2.9602e-05
2.9638e-05
2.9674e-05
2.971e-05
2.9746e-05
2.9782e-05
2.9818e-05
2.9853e-05
2.9889e-05
2.9925e-05
2.9961e-05
2.9996e-05
3.0032e-05
3.0068e-05
3.0103e-05
3.0139e-05
3.0174e-05
3.021e-05
3.0246e-05
3.0281e-05
3.0316e-05
3.0352e-05
3.0387e-05
3.0423e-05
3.0458e-05
3.0493e-05
3.0528e-05
3.0564e-05
3.0599e-05
3.0634e-05
3.0669e-05
3.0704e-05
3.0739e-05
3.0774e-05
3.0809e-05
3.0844e-05
3.0879e-05
3.0914e-05
3.0949e-05
3.0984e-05
3.1019e-05
3.1054e-05
3.1088e-05
3.1123e-05
3.1158e-05
3.1192e-05
3.1227e-05
3.1262e-05
3.1296e-05
3.1331e-05
3.1365e-05
3.14e-05
3.1434e-05
3.1468e-05
3.1503e-05
3.1537e-05
3.1571e-05
3.1606e-05
3.164e-05
3.1674e-05
3.1708e-05
3.1742e-05
3.1776e-05
3.181e-05
3.1844e-05
3.1878e-05
3.1912e-05
3.1946e-05
3.198e-05
3.2013e-05
3.2047e-05
3.2081e-05
3.2114e-05
3.2148e-05
3.2182e-05
3.2215e-05
3.2249e-05
3.2282e-05
3.2315e-05
3.2349e-05
3.2382e-05
3.2415e-05
3.2449e-05
3.2482e-05
3.2515e-05
3.2548e-05
3.2581e-05
3.2614e-05
3.2647e-05
3.268e-05
3.2713e-05
3.2746e-05
3.2779e-05
3.2812e-05
3.2844e-05
3.2877e-05
3.291e-05
3.2942e-05
3.2975e-05
3.3007e-05
3.304e-05
3.3072e-05
3.3105e-05
3.3137e-05
3.3169e-05
3.3201e-05
3.3234e-05
3.3266e-05
3.3298e-05
3.333e-05
3.3362e-05
3.3394e-05
3.3426e-05
3.3458e-05
3.349e-05
3.3521e-05
3.3553e-05
3.3585e-05
3.3616e-05
3.3648e-05
3.3679e-05
3.3711e-05
3.3742e-05
3.3774e-05
3.3805e-05
3.3836e-05
3.3868e-05
3.3899e-05
3.393e-05
3.3961e-05
3.3992e-05
3.4023e-05
3.4054e-05
3.4085e-05
3.4116e-05
3.4146e-05
3.4177e-05
3.4208e-05
3.4238e-05
3.4269e-05
3.4299e-05
3.433e-05
3.436e-05
3.4391e-05
3.4421e-05
3.4451e-05
3.4481e-05
3.4511e-05
3.4542e-05
3.4572e-05
3.4601e-05
3.4631e-05
3.4661e-05
3.4691e-05
3.4721e-05
3.4751e-05
3.478e-05
3.481e-05
3.4839e-05
3.4869e-05
3.4898e-05
3.4927e-05
3.4957e-05
3.4986e-05
3.5015e-05
3.5044e-05
3.5073e-05
3.5102e-05
3.5131e-05
3.516e-05
3.5189e-05
3.5218e-05
3.5247e-05
3.5275e-05
3.5304e-05
3.5332e-05
3.5361e-05
3.5389e-05
3.5418e-05
3.5446e-05
3.5474e-05
3.5502e-05
3.5531e-05
3.5559e-05
3.5587e-05
3.5615e-05
3.5642e-05
3.567e-05
3.5698e-05
3.5726e-05
3.5753e-05
3.5781e-05
3.5808e-05
3.5836e-05
3.5863e-05
3.5891e-05
3.5918e-05
3.5945e-05
3.5972e-05
3.5999e-05
3.6026e-05
3.6053e-05
3.608e-05
3.6107e-05
3.6134e-05
3.616e-05
3.6187e-05
3.6213e-05
3.624e-05
3.6266e-05
3.6293e-05
3.6319e-05
3.6345e-05
3.6371e-05
3.6397e-05
3.6424e-05
3.6449e-05
3.6475e-05
3.6501e-05
3.6527e-05
3.6553e-05
3.6578e-05
3.6604e-05
3.6629e-05
3.6655e-05
3.668e-05
3.6705e-05
3.6731e-05
3.6756e-05
3.6781e-05
3.6806e-05
3.6831e-05
3.6856e-05
3.688e-05
3.6905e-05
3.693e-05
3.6954e-05
3.6979e-05
3.7003e-05
3.7028e-05
3.7052e-05
3.7076e-05
3.7101e-05
3.7125e-05
3.7149e-05
3.7173e-05
3.7197e-05
3.722e-05
3.7244e-05
3.7268e-05
3.7291e-05
3.7315e-05
3.7338e-05
3.7362e-05
3.7385e-05
3.7408e-05
3.7432e-05
3.7455e-05
3.7478e-05
3.7501e-05
3.7524e-05
3.7546e-05
3.7569e-05
3.7592e-05
3.7614e-05
3.7637e-05
3.7659e-05
3.7682e-05
3.7704e-05
3.7726e-05
3.7748e-05
3.777e-05
3.7792e-05
3.7814e-05
3.7836e-05
3.7858e-05
3.7879e-05
3.7901e-05
3.7923e-05
3.7944e-05
3.7965e-05
3.7987e-05
3.8008e-05
3.8029e-05
3.805e-05
3.8071e-05
3.8092e-05
3.8113e-05
3.8134e-05
3.8154e-05
3.8175e-05
3.8195e-05
3.8216e-05
3.8236e-05
3.8257e-05
3.8277e-05
3.8297e-05
3.8317e-05
3.8337e-05
3.8357e-05
3.8377e-05
3.8396e-05
3.8416e-05
3.8436e-05
3.8455e-05
3.8475e-05
3.8494e-05
3.8513e-05
3.8532e-05
3.8551e-05
3.857e-05
3.8589e-05
3.8608e-05
3.8627e-05
3.8646e-05
3.8664e-05
3.8683e-05
3.8701e-05
3.872e-05
3.8738e-05
3.8756e-05
3.8774e-05
3.8792e-05
3.881e-05
3.8828e-05
3.8846e-05
3.8864e-05
3.8881e-05
3.8899e-05
3.8916e-05
3.8934e-05
3.8951e-05
3.8968e-05
3.8985e-05
3.9002e-05
3.9019e-05
3.9036e-05
3.9053e-05
3.907e-05
3.9086e-05
3.9103e-05
3.9119e-05
3.9136e-05
3.9152e-05
3.9168e-05
3.9184e-05
3.92e-05
3.9216e-05
3.9232e-05
3.9248e-05
3.9264e-05
3.9279e-05
3.9295e-05
3.931e-05
3.9326e-05
3.9341e-05
3.9356e-05
3.9371e-05
3.9386e-05
3.9401e-05
3.9416e-05
3.9431e-05
3.9445e-05
3.946e-05
3.9474e-05
3.9489e-05
3.9503e-05
3.9517e-05
3.9532e-05
3.9546e-05
3.956e-05
3.9573e-05
3.9587e-05
3.9601e-05
3.9615e-05
3.9628e-05
3.9642e-05
3.9655e-05
3.9668e-05
3.9681e-05
3.9694e-05
3.9707e-05
3.972e-05
3.9733e-05
3.9746e-05
3.9759e-05
3.9771e-05
3.9784e-05
3.9796e-05
3.9808e-05
3.982e-05
3.9833e-05
3.9845e-05
3.9857e-05
3.9868e-05
3.988e-05
3.9892e-05
3.9903e-05
3.9915e-05
3.9926e-05
3.9938e-05
3.9949e-05
3.996e-05
3.9971e-05
3.9982e-05
3.9993e-05
4.0004e-05
4.0014e-05
4.0025e-05
4.0035e-05
4.0046e-05
4.0056e-05
4.0066e-05
4.0076e-05
4.0086e-05
4.0096e-05
4.0106e-05
4.0116e-05
4.0126e-05
4.0135e-05
4.0145e-05
4.0154e-05
4.0164e-05
4.0173e-05
4.0182e-05
4.0191e-05
4.02e-05
4.0209e-05
4.0217e-05
4.0226e-05
4.0235e-05
4.0243e-05
4.0252e-05
4.026e-05
4.0268e-05
4.0276e-05
4.0284e-05
4.0292e-05
4.03e-05
4.0308e-05
4.0315e-05
4.0323e-05
4.033e-05
4.0338e-05
4.0345e-05
4.0352e-05
4.0359e-05
4.0366e-05
4.0373e-05
4.038e-05
4.0387e-05
4.0393e-05
4.04e-05
4.0406e-05
4.0413e-05
4.0419e-05
4.0425e-05
4.0431e-05
4.0437e-05
4.0443e-05
4.0449e-05
4.0455e-05
4.046e-05
4.0466e-05
4.0471e-05
4.0477e-05
4.0482e-05
4.0487e-05
4.0492e-05
4.0497e-05
4.0502e-05
4.0507e-05
4.0511e-05
4.0516e-05
4.052e-05
4.0525e-05
4.0529e-05
4.0533e-05
4.0537e-05
4.0541e-05
4.0545e-05
4.0549e-05
4.0553e-05
4.0556e-05
4.056e-05
4.0563e-05
4.0567e-05
4.057e-05
4.0573e-05
4.0576e-05
4.0579e-05
4.0582e-05
4.0585e-05
4.0587e-05
4.059e-05
4.0593e-05
4.0595e-05
4.0597e-05
4.0599e-05
4.0602e-05
4.0604e-05
4.0606e-05
4.0607e-05
4.0609e-05
4.0611e-05
4.0612e-05
4.0614e-05
4.0615e-05
4.0616e-05
4.0618e-05
4.0619e-05
4.062e-05
4.0621e-05
4.0621e-05
4.0622e-05
4.0623e-05
4.0623e-05
4.0624e-05
4.0624e-05
4.0624e-05
4.0624e-05
4.0624e-05
4.0624e-05
4.0624e-05
4.0624e-05
4.0623e-05
4.0623e-05
4.0623e-05
4.0622e-05
4.0621e-05
4.062e-05
4.0619e-05
4.0618e-05
4.0617e-05
4.0616e-05
4.0615e-05
4.0613e-05
4.0612e-05
4.061e-05
4.0609e-05
4.0607e-05
4.0605e-05
4.0603e-05
4.0601e-05
4.0599e-05
4.0597e-05
4.0594e-05
4.0592e-05
4.0589e-05
4.0587e-05
4.0584e-05
4.0581e-05
4.0578e-05
4.0575e-05
4.0572e-05
4.0569e-05
4.0566e-05
4.0563e-05
4.0559e-05
4.0556e-05
4.0552e-05
4.0548e-05
4.0544e-05
4.054e-05
4.0536e-05
4.0532e-05
4.0528e-05
4.0524e-05
4.0519e-05
4.0515e-05
4.051e-05
4.0505e-05
4.0501e-05
4.0496e-05
4.0491e-05
4.0486e-05
4.0481e-05
4.0475e-05
4.047e-05
4.0465e-05
4.0459e-05
4.0453e-05
4.0448e-05
4.0442e-05
4.0436e-05
4.043e-05
4.0424e-05
4.0418e-05
4.0411e-05
4.0405e-05
4.0399e-05
4.0392e-05
4.0385e-05
4.0379e-05
4.0372e-05
4.0365e-05
4.0358e-05
4.0351e-05
4.0343e-05
4.0336e-05
4.0329e-05
4.0321e-05
4.0314e-05
4.0306e-05
4.0298e-05
4.029e-05
4.0282e-05
4.0274e-05
4.0266e-05
4.0258e-05
4.025e-05
4.0241e-05
4.0233e-05
4.0224e-05
4.0215e-05
4.0207e-05
4.0198e-05
4.0189e-05
4.018e-05
4.0171e-05
4.0161e-05
4.0152e-05
4.0143e-05
4.0133e-05
4.0124e-05
4.0114e-05
4.0104e-05
4.0094e-05
4.0084e-05
4.0074e-05
4.0064e-05
4.0054e-05
4.0043e-05
4.0033e-05
4.0022e-05
4.0012e-05
4.0001e-05
3.999e-05
3.9979e-05
3.9969e-05
3.9957e-05
3.9946e-05
3.9935e-05
3.9924e-05
3.9912e-05
3.9901e-05
3.9889e-05
3.9878e-05
3.9866e-05
3.9854e-05
3.9842e-05
3.983e-05
3.9818e-05
3.9806e-05
3.9793e-05
3.9781e-05
3.9768e-05
3.9756e-05
3.9743e-05
3.973e-05
3.9717e-05
3.9705e-05
3.9691e-05
3.9678e-05
3.9665e-05
3.9652e-05
3.9639e-05
3.9625e-05
3.9612e-05
3.9598e-05
3.9584e-05
3.957e-05
3.9556e-05
3.9542e-05
3.9528e-05
3.9514e-05
3.95e-05
3.9486e-05
3.9471e-05
3.9457e-05
3.9442e-05
3.9427e-05
3.9413e-05
3.9398e-05
3.9383e-05
3.9368e-05
3.9353e-05
3.9337e-05
3.9322e-05
3.9307e-05
3.9291e-05
3.9276e-05
3.926e-05
3.9244e-05
3.9229e-05
3.9213e-05
3.9197e-05
3.9181e-05
3.9165e-05
3.9148e-05
3.9132e-05
3.9116e-05
3.9099e-05
3.9083e-05
3.9066e-05
3.9049e-05
3.9032e-05
3.9016e-05
3.8999e-05
3.8981e-05
3.8964e-05
3.8947e-05
3.893e-05
3.8912e-05
3.8895e-05
3.8877e-05
3.886e-05
3.8842e-05
3.8824e-05
3.8806e-05
3.8788e-05
3.877e-05
3.8752e-05
3.8734e-05
3.8716e-05
3.8697e-05
3.8679e-05
3.866e-05
3.8641e-05
3.8623e-05
3.8604e-05
3.8585e-05
3.8566e-05
3.8547e-05
3.8528e-05
3.8509e-05
3.8489e-05
3.847e-05
3.8451e-05
3.8431e-05
3.8412e-05
3.8392e-05
3.8372e-05
3.8352e-05
3.8332e-05
3.8312e-05
3.8292e-05
3.8272e-05
3.8252e-05
3.8232e-05
3.8211e-05
3.8191e-05
3.817e-05
3.815e-05
3.8129e-05
3.8108e-05
3.8087e-05
3.8066e-05
3.8045e-05
3.8024e-05
3.8003e-05
3.7982e-05
3.7961e-05
3.7939e-05
3.7918e-05
3.7896e-05
3.7875e-05
3.7853e-05
3.7831e-05
3.7809e-05
3.7787e-05
3.7765e-05
3.7743e-05
3.7721e-05
3.7699e-05
3.7677e-05
3.7654e-05
3.7632e-05
3.7609e-05
3.7587e-05
3.7564e-05
3.7541e-05
3.7518e-05
3.7495e-05
3.7472e-05
3.7449e-05
3.7426e-05
3.7403e-05
3.738e-05
3.7357e-05
3.7333e-05
3.731e-05
3.7286e-05
3.7263e-05
3.7239e-05
3.7215e-05
3.7191e-05
3.7167e-05
3.7143e-05
3.7119e-05
3.7095e-05
3.7071e-05
3.7047e-05
3.7022e-05
3.6998e-05
3.6973e-05
3.6949e-05
3.6924e-05
3.69e-05
3.6875e-05
3.685e-05
3.6825e-05
3.68e-05
3.6775e-05
3.675e-05
3.6725e-05
3.67e-05
3.6674e-05
3.6649e-05
3.6624e-05
3.6598e-05
3.6573e-05
3.6547e-05
3.6521e-05
3.6495e-05
3.647e-05
3.6444e-05
3.6418e-05
3.6392e-05
3.6365e-05
3.6339e-05
3.6313e-05
3.6287e-05
3.626e-05
3.6234e-05
3.6207e-05
3.6181e-05
3.6154e-05
3.6128e-05
3.6101e-05
3.6074e-05
3.6047e-05
3.602e-05
3.5993e-05
3.5966e-05
3.5939e-05
3.5912e-05
3.5884e-05
3.5857e-05
3.583e-05
3.5802e-05
3.5775e-05
3.5747e-05
3.5719e-05
3.5692e-05
3.5664e-05
3.5636e-05
3.5608e-05
3.558e-05
3.5552e-05
3.5524e-05
3.5496e-05
3.5468e-05
3.544e-05
3.5411e-05
3.5383e-05
3.5354e-05
3.5326e-05
3.5297e-05
3.5269e-05
3.524e-05
3.5211e-05
3.5183e-05
3.5154e-05
3.5125e-05
3.5096e-05
3.5067e-05
3.5038e-05
3.5009e-05
3.4979e-05
3.495e-05
3.4921e-05
3.4892e-05
3.4862e-05
3.4833e-05
3.4803e-05
3.4773e-05
3.4744e-05
3.4714e-05
3.4684e-05
3.4655e-05
3.4625e-05
3.4595e-05
3.4565e-05
3.4535e-05
3.4505e-05
3.4474e-05
3.4444e-05
3.4414e-05
3.4384e-05
3.4353e-05
3.4323e-05
3.4292e-05
3.4262e-05
3.4231e-05
3.4201e-05
3.417e-05
3.4139e-05
3.4109e-05
3.4078e-05
3.4047e-05
3.4016e-05
3.3985e-05
3.3954e-05
3.3923e-05
3.3892e-05
3.3861e-05
3.3829e-05
3.3798e-05
3.3767e-05
3.3735e-05
3.3704e-05
3.3672e-05
3.3641e-05
3.3609e-05
3.3578e-05
3.3546e-05
3.3514e-05
3.3482e-05
3.3451e-05
3.3419e-05
3.3387e-05
3.3355e-05
3.3323e-05
3.3291e-05
3.3259e-05
3.3226e-05
3.3194e-05
3.3162e-05
3.313e-05
3.3097e-05
3.3065e-05
3.3033e-05
3.3e-05
3.2968e-05
3.2935e-05
3.2902e-05
3.287e-05
3.2837e-05
3.2804e-05
3.2771e-05
3.2739e-05
3.2706e-05
3.2673e-05
3.264e-05
3.2607e-05
3.2574e-05
3.2541e-05
3.2508e-05
3.2474e-05
3.2441e-05
3.2408e-05
3.2375e-05
3.2341e-05
3.2308e-05
3.2275e-05
3.2241e-05
3.2208e-05
3.2174e-05
3.214e-05
3.2107e-05
3.2073e-05
3.2039e-05
3.2006e-05
3.1972e-05
3.1938e-05
3.1904e-05
3.187e-05
3.1836e-05
3.1802e-05
3.1768e-05
3.1734e-05
3.17e-05
3.1666e-05
3.1632e-05
3.1598e-05
3.1564e-05
3.1529e-05
3.1495e-05
3.1461e-05
3.1426e-05
3.1392e-05
3.1357e-05
3.1323e-05
3.1288e-05
3.1254e-05
3.1219e-05
3.1185e-05
3.115e-05
3.1115e-05
3.1081e-05
3.1046e-05
3.1011e-05
3.0976e-05
3.0941e-05
3.0906e-05
3.0872e-05
3.0837e-05
3.0802e-05
3.0767e-05
3.0731e-05
3.0696e-05
3.0661e-05
3.0626e-05
3.0591e-05
3.0556e-05
3.0521e-05
3.0485e-05
3.045e-05
3.0415e-05
3.0379e-05
3.0344e-05
3.0308e-05
3.0273e-05
3.0237e-05
3.0202e-05
3.0166e-05
3.0131e-05
3.0095e-05
3.006e-05
3.0024e-05
2.9988e-05
2.9953e-05
2.9917e-05
2.9881e-05
2.9845e-05
2.981e-05
2.9774e-05
2.9738e-05
2.9702e-05
2.9666e-05
2.963e-05
2.9594e-05
2.9558e-05
2.9522e-05
2.9486e-05
2.945e-05
2.9414e-05
2.9378e-05
2.9342e-05
2.9305e-05
2.9269e-05
2.9233e-05
2.9197e-05
2.9161e-05
2.9124e-05
2.9088e-05
2.9052e-05
2.9015e-05
2.8979e-05
2.8943e-05
2.8906e-05
2.887e-05
2.8833e-05
2.8797e-05
2.876e-05
2.8724e-05
2.8687e-05
2.8651e-05
2.8614e-05
2.8577e-05
2.8541e-05
2.8504e-05
2.8468e-05
2.8431e-05
2.8394e-05
2.8357e-05
2.8321e-05
2.8284e-05
2.8247e-05
2.821e-05
2.8174e-05
2.8137e-05
2.81e-05
2.8063e-05
2.8026e-05
2.7989e-05
2.7952e-05
2.7915e-05
2.7878e-05
2.7842e-05
2.7805e-05
2.7768e-05
2.7731e-05
2.7694e-05
2.7656e-05
2.7619e-05
2.7582e-05
2.7545e-05
2.7508e-05
2.7471e-05
2.7434e-05
2.7397e-05
2.736e-05
2.7323e-05
2.7285e-05
2.7248e-05
2.7211e-05
2.7174e-05
2.7136e-05
2.7099e-05
2.7062e-05
2.7025e-05
2.6987e-05
2.695e-05
2.6913e-05
2.6876e-05
2.6838e-05
2.6801e-05
2.6764e-05
2.6726e-05
2.6689e-05
2.6651e-05
2.6614e-05
2.6577e-05
2.6539e-05
2.6502e-05
2.6464e-05
2.6427e-05
2.639e-05
2.6352e-05
2.6315e-05
2.6277e-05
2.624e-05
2.6202e-05
2.6165e-05
2.6127e-05
2.609e-05
2.6052e-05
2.6015e-05
2.5977e-05
2.594e-05
2.5902e-05
2.5865e-05
2.5827e-05
2.579e-05
2.5752e-05
2.5714e-05
2.5677e-05
2.5639e-05
2.5602e-05
2.5564e-05
2.5527e-05
2.5489e-05
2.5451e-05
2.5414e-05
2.5376e-05
2.5339e-05
2.5301e-05
2.5263e-05
2.5226e-05
2.5188e-05
2.5151e-05
2.5113e-05
2.5075e-05
2.5038e-05
2.5e-05
2.4962e-05
2.4925e-05
2.4887e-05
2.4849e-05
2.4812e-05
2.4774e-05
2.4737e-05
2.4699e-05
2.4661e-05
2.4624e-05
2.4586e-05
2.4548e-05
2.4511e-05
2.4473e-05
2.4436e-05
2.4398e-05
2.436e-05
2.4323e-05
2.4285e-05
2.4247e-05
2.421e-05
2.4172e-05
2.4134e-05
2.4097e-05
2.4059e-05
2.4022e-05
2.3984e-05
2.3946e-05
2.3909e-05
2.3871e-05
2.3834e-05
2.3796e-05
2.3758e-05
2.3721e-05
2.3683e-05
2.3646e-05
2.3608e-05
2.3571e-05
2.3533e-05
2.3495e-05
2.3458e-05
2.342e-05
2.3383e-05
2.3345e-05
2.3308e-05
2.327e-05
2.3233e-05
2.3195e-05
2.3158e-05
2.312e-05
2.3083e-05
2.3045e-05
2.3008e-05
2.297e-05
2.2933e-05
2.2895e-05
2.2858e-05
2.282e-05
2.2783e-05
2.2746e-05
2.2708e-05
2.2671e-05
2.2633e-05
2.2596e-05
2.2559e-05
2.2521e-05
2.2484e-05
2.2446e-05
2.2409e-05
2.2372e-05
2.2334e-05
2.2297e-05
2.226e-05
2.2223e-05
2.2185e-05
2.2148e-05
2.2111e-05
2.2074e-05
2.2036e-05
2.1999e-05
2.1962e-05
2.1925e-05
2.1887e-05
2.185e-05
2.1813e-05
2.1776e-05
2.1739e-05
2.1702e-05
2.1665e-05
2.1627e-05
2.159e-05
2.1553e-05
2.1516e-05
2.1479e-05
2.1442e-05
2.1405e-05
2.1368e-05
2.1331e-05
2.1294e-05
2.1257e-05
2.122e-05
2.1183e-05
2.1146e-05
2.111e-05
2.1073e-05
2.1036e-05
2.0999e-05
2.0962e-05
2.0925e-05
2.0888e-05
2.0852e-05
2.0815e-05
2.0778e-05
2.0741e-05
2.0705e-05
2.0668e-05
2.0631e-05
2.0595e-05
2.0558e-05
2.0521e-05
2.0485e-05
2.0448e-05
2.0411e-05
2.0375e-05
2.0338e-05
2.0302e-05
2.0265e-05
2.0229e-05
2.0192e-05
2.0156e-05
2.0119e-05
2.0083e-05
2.0047e-05
2.001e-05
1.9974e-05
1.9937e-05
1.9901e-05
1.9865e-05
1.9829e-05
1.9792e-05
1.9756e-05
1.972e-05
1.9684e-05
1.9647e-05
1.9611e-05
1.9575e-05
1.9539e-05
1.9503e-05
1.9467e-05
1.9431e-05
1.9395e-05
1.9359e-05
1.9323e-05
1.9287e-05
1.9251e-05
1.9215e-05
1.9179e-05
1.9143e-05
1.9107e-05
1.9071e-05
1.9036e-05
1.9e-05
1.8964e-05
1.8928e-05
1.8893e-05
1.8857e-05
1.8821e-05
1.8786e-05
1.875e-05
1.8714e-05
1.8679e-05
1.8643e-05
1.8608e-05
1.8572e-05
1.8537e-05
1.8501e-05
1.8466e-05
1.843e-05
1.8395e-05
1.836e-05
1.8324e-05
1.8289e-05
1.8254e-05
1.8218e-05
1.8183e-05
1.8148e-05
1.8113e-05
1.8078e-05
1.8043e-05
1.8007e-05
1.7972e-05
1.7937e-05
1.7902e-05
1.7867e-05
1.7832e-05
1.7797e-05
1.7763e-05
1.7728e-05
1.7693e-05
1.7658e-05
1.7623e-05
1.7588e-05
1.7554e-05
1.7519e-05
1.7484e-05
1.745e-05
1.7415e-05
1.738e-05
1.7346e-05
1.7311e-05
1.7277e-05
1.7242e-05
1.7208e-05
1.7173e-05
1.7139e-05
1.7104e-05
1.707e-05
1.7036e-05
1.7002e-05
1.6967e-05
1.6933e-05
1.6899e-05
1.6865e-05
1.6831e-05
1.6796e-05
1.6762e-05
1.6728e-05
1.6694e-05
1.666e-05
1.6626e-05
1.6592e-05
1.6558e-05
1.6525e-05
1.6491e-05
1.6457e-05
1.6423e-05
1.6389e-05
1.6356e-05
1.6322e-05
1.6288e-05
1.6255e-05
1.6221e-05
1.6188e-05
1.6154e-05
1.6121e-05
1.6087e-05
1.6054e-05
1.602e-05
1.5987e-05
1.5954e-05
1.592e-05
1.5887e-05
1.5854e-05
1.5821e-05
1.5787e-05
1.5754e-05
1.5721e-05
1.5688e-05
1.5655e-05
1.5622e-05
1.5589e-05
1.5556e-05
1.5523e-05
1.549e-05
1.5457e-05
1.5425e-05
1.5392e-05
1.5359e-05
1.5326e-05
1.5294e-05
1.5261e-05
1.5229e-05
1.5196e-05
1.5163e-05
1.5131e-05
1.5099e-05
1.5066e-05
1.5034e-05
1.5001e-05
1.4969e-05
1.4937e-05
1.4904e-05
1.4872e-05
1.484e-05
1.4808e-05
1.4776e-05
1.4744e-05
1.4712e-05
1.468e-05
1.4648e-05
1.4616e-05
1.4584e-05
1.4552e-05
1.452e-05
1.4488e-05
1.4457e-05
1.4425e-05
1.4393e-05
1.4361e-05
1.433e-05
1.4298e-05
1.4267e-05
1.4235e-05
1.4204e-05
1.4172e-05
1.4141e-05
1.411e-05
1.4078e-05
1.4047e-05
1.4016e-05
1.3984e-05
1.3953e-05
1.3922e-05
1.3891e-05
1.386e-05
1.3829e-05
1.3798e-05
1.3767e-05
1.3736e-05
1.3705e-05
1.3674e-05
1.3644e-05
1.3613e-05
1.3582e-05
1.3551e-05
1.3521e-05
1.349e-05
1.346e-05
1.3429e-05
1.3399e-05
1.3368e-05
1.3338e-05
1.3307e-05
1.3277e-05
1.3247e-05
1.3216e-05
1.3186e-05
1.3156e-05
1.3126e-05
1.3096e-05
1.3066e-05
1.3035e-05
1.3005e-05
1.2976e-05
1.2946e-05
1.2916e-05
1.2886e-05
1.2856e-05
1.2826e-05
1.2797e-05
1.2767e-05
1.2737e-05
1.2708e-05
1.2678e-05
1.2648e-05
1.2619e-05
1.259e-05
1.256e-05
1.2531e-05
1.2501e-05
1.2472e-05
1.2443e-05
1.2414e-05
1.2384e-05
1.2355e-05
1.2326e-05
1.2297e-05
1.2268e-05
1.2239e-05
1.221e-05
1.2181e-05
1.2152e-05
1.2124e-05
1.2095e-05
1.2066e-05
1.2037e-05
1.2009e-05
1.198e-05
1.1952e-05
1.1923e-05
1.1895e-05
1.1866e-05
1.1838e-05
1.1809e-05
1.1781e-05
1.1753e-05
1.1724e-05
1.1696e-05
1.1668e-05
1.164e-05
1.1612e-05
1.1584e-05
1.1556e-05
1.1528e-05
1.15e-05
1.1472e-05
1.1444e-05
1.1416e-05
1.1389e-05
1.1361e-05
1.1333e-05
1.1306e-05
1.1278e-05
1.125e-05
1.1223e-05
1.1195e-05
1.1168e-05
1.1141e-05
1.1113e-05
1.1086e-05
1.1059e-05
1.1031e-05
1.1004e-05
1.0977e-05
1.095e-05
1.0923e-05
1.0896e-05
1.0869e-05
1.0842e-05
1.0815e-05
1.0788e-05
1.0761e-05
1.0735e-05
1.0708e-05
1.0681e-05
1.0655e-05
1.0628e-05
1.0601e-05
1.0575e-05
1.0548e-05
1.0522e-05
1.0496e-05
1.0469e-05
1.0443e-05
1.0417e-05
1.039e-05
1.0364e-05
1.0338e-05
1.0312e-05
1.0286e-05
1.026e-05
1.0234e-05
1.0208e-05
1.0182e-05
1.0156e-05
1.013e-05
1.0105e-05
1.0079e-05
1.0053e-05
1.0028e-05
1.0002e-05
9.9764e-06
9.9509e-06
9.9254e-06
9.9e-06
9.8746e-06
9.8492e-06
9.8239e-06
9.7987e-06
9.7735e-06
9.7483e-06
9.7231e-06
9.698e-06
9.673e-06
9.648e-06
9.623e-06
9.5981e-06
9.5732e-06
9.5484e-06
9.5236e-06
9.4988e-06
9.4741e-06
9.4494e-06
9.4248e-06
9.4002e-06
9.3757e-06
9.3512e-06
9.3267e-06
9.3023e-06
9.2779e-06
9.2536e-06
9.2293e-06
9.205e-06
9.1808e-06
9.1567e-06
9.1325e-06
9.1085e-06
9.0844e-06
9.0604e-06
9.0365e-06
9.0126e-06
8.9887e-06
8.9649e-06
8.9411e-06
8.9173e-06
8.8936e-06
8.87e-06
8.8464e-06
8.8228e-06
8.7993e-06
8.7758e-06
8.7523e-06
8.7289e-06
8.7056e-06
8.6822e-06
8.659e-06
8.6357e-06
8.6125e-06
8.5894e-06
8.5663e-06
8.5432e-06
8.5202e-06
8.4972e-06
8.4743e-06
8.4514e-06
8.4285e-06
8.4057e-06
8.3829e-06
8.3602e-06
8.3375e-06
8.3149e-06
8.2923e-06
8.2697e-06
8.2472e-06
8.2247e-06
8.2023e-06
8.1799e-06
8.1576e-06
8.1353e-06
8.113e-06
8.0908e-06
8.0686e-06
8.0465e-06
8.0244e-06
8.0023e-06
7.9803e-06
7.9583e-06
7.9364e-06
7.9145e-06
7.8927e-06
7.8709e-06
7.8491e-06
7.8274e-06
7.8057e-06
7.7841e-06
7.7625e-06
7.7409e-06
7.7194e-06
7.6979e-06
7.6765e-06
7.6551e-06
7.6338e-06
7.6125e-06
7.5912e-06
7.57e-06
7.5488e-06
7.5277e-06
7.5066e-06
7.4856e-06
7.4646e-06
7.4436e-06
7.4227e-06
7.4018e-06
7.3809e-06
7.3601e-06
7.3394e-06
7.3187e-06
7.298e-06
7.2773e-06
7.2568e-06
7.2362e-06
7.2157e-06
7.1952e-06
7.1748e-06
7.1544e-06
7.1341e-06
7.1138e-06
7.0935e-06
7.0733e-06
7.0531e-06
7.033e-06
7.0129e-06
6.9928e-06
6.9728e-06
6.9528e-06
6.9329e-06
6.913e-06
6.8931e-06
6.8733e-06
6.8535e-06
6.8338e-06
6.8141e-06
6.7945e-06
6.7749e-06
6.7553e-06
6.7358e-06
6.7163e-06
6.6969e-06
6.6774e-06
6.6581e-06
6.6388e-06
6.6195e-06
6.6002e-06
6.581e-06
6.5619e-06
6.5428e-06
6.5237e-06
6.5046e-06
6.4857e-06
6.4667e-06
6.4478e-06
6.4289e-06
6.4101e-06
6.3913e-06
6.3725e-06
6.3538e-06
6.3351e-06
6.3165e-06
6.2979e-06
6.2793e-06
6.2608e-06
6.2424e-06
6.2239e-06
6.2055e-06
6.1872e-06
6.1689e-06
6.1506e-06
6.1323e-06
6.1141e-06
6.096e-06
6.0779e-06
6.0598e-06
6.0418e-06
6.0238e-06
6.0058e-06
5.9879e-06
5.97e-06
5.9522e-06
5.9344e-06
5.9166e-06
5.8989e-06
5.8812e-06
5.8636e-06
5.846e-06
5.8284e-06
5.8109e-06
5.7934e-06
5.776e-06
5.7585e-06
5.7412e-06
5.7239e-06
5.7066e-06
5.6893e-06
5.6721e-06
5.6549e-06
5.6378e-06
5.6207e-06
5.6036e-06
5.5866e-06
5.5696e-06
5.5527e-06
5.5358e-06
5.5189e-06
5.5021e-06
5.4853e-06
5.4686e-06
5.4519e-06
5.4352e-06
5.4186e-06
5.402e-06
5.3854e-06
5.3689e-06
5.3524e-06
5.336e-06
5.3196e-06
5.3032e-06
5.2869e-06
5.2706e-06
5.2543e-06
5.2381e-06
5.222e-06
5.2058e-06
5.1897e-06
5.1737e-06
5.1576e-06
5.1416e-06
5.1257e-06
5.1098e-06
5.0939e-06
5.0781e-06
5.0623e-06
5.0465e-06
5.0308e-06
5.0151e-06
4.9994e-06
4.9838e-06
4.9683e-06
4.9527e-06
4.9372e-06
4.9218e-06
4.9063e-06
4.8909e-06
4.8756e-06
4.8603e-06
4.845e-06
4.8297e-06
4.8145e-06
4.7994e-06
4.7842e-06
4.7691e-06
4.7541e-06
4.739e-06
4.7241e-06
4.7091e-06
4.6942e-06
4.6793e-06
4.6645e-06
4.6497e-06
4.6349e-06
4.6202e-06
4.6055e-06
4.5908e-06
4.5762e-06
4.5616e-06
4.547e-06
4.5325e-06
4.518e-06
4.5036e-06
4.4892e-06
4.4748e-06
4.4605e-06
4.4462e-06
4.4319e-06
4.4177e-06
4.4035e-06
4.3893e-06
4.3752e-06
4.3611e-06
4.347e-06
4.333e-06
4.319e-06
4.3051e-06
4.2912e-06
4.2773e-06
4.2634e-06
4.2496e-06
4.2359e-06
4.2221e-06
4.2084e-06
4.1947e-06
4.1811e-06
4.1675e-06
4.1539e-06
4.1404e-06
4.1269e-06
4.1134e-06
4.1e-06
4.0866e-06
4.0733e-06
4.0599e-06
4.0466e-06
4.0334e-06
4.0202e-06
4.007e-06
3.9938e-06
3.9807e-06
3.9676e-06
3.9545e-06
3.9415e-06
3.9285e-06
3.9156e-06
3.9027e-06
3.8898e-06
3.8769e-06
3.8641e-06
3.8513e-06
3.8386e-06
3.8258e-06
3.8132e-06
3.8005e-06
3.7879e-06
3.7753e-06
3.7627e-06
3.7502e-06
3.7377e-06
3.7253e-06
3.7129e-06
3.7005e-06
3.6881e-06
3.6758e-06
3.6635e-06
3.6512e-06
3.639e-06
3.6268e-06
3.6146e-06
3.6025e-06
3.5904e-06
3.5784e-06
3.5663e-06
3.5543e-06
3.5424e-06
3.5304e-06
3.5185e-06
3.5066e-06
3.4948e-06
3.483e-06
3.4712e-06
3.4595e-06
3.4478e-06
3.4361e-06
3.4244e-06
3.4128e-06
3.4012e-06
3.3897e-06
3.3782e-06
3.3667e-06
3.3552e-06
3.3438e-06
3.3324e-06
3.321e-06
3.3097e-06
3.2984e-06
3.2871e-06
3.2758e-06
3.2646e-06
3.2534e-06
3.2423e-06
3.2312e-06
3.2201e-06
3.209e-06
3.198e-06
3.187e-06
3.176e-06
3.1651e-06
3.1542e-06
3.1433e-06
3.1325e-06
3.1216e-06
3.1109e-06
3.1001e-06
3.0894e-06
3.0787e-06
3.068e-06
3.0574e-06
3.0468e-06
3.0362e-06
3.0256e-06
3.0151e-06
3.0046e-06
2.9942e-06
2.9837e-06
2.9733e-06
2.963e-06
2.9526e-06
2.9423e-06
2.932e-06
2.9218e-06
2.9116e-06
2.9014e-06
2.8912e-06
2.881e-06
2.8709e-06
2.8609e-06
2.8508e-06
2.8408e-06
2.8308e-06
2.8208e-06
2.8109e-06
2.801e-06
2.7911e-06
2.7812e-06
2.7714e-06
2.7616e-06
2.7519e-06
2.7421e-06
2.7324e-06
2.7227e-06
2.7131e-06
2.7034e-06
2.6938e-06
2.6843e-06
2.6747e-06
2.6652e-06
2.6557e-06
2.6463e-06
2.6368e-06
2.6274e-06
2.618e-06
2.6087e-06
2.5994e-06
2.5901e-06
2.5808e-06
2.5716e-06
2.5623e-06
2.5532e-06
2.544e-06
2.5349e-06
2.5258e-06
2.5167e-06
2.5076e-06
2.4986e-06
2.4896e-06
2.4806e-06
2.4717e-06
2.4628e-06
2.4539e-06
2.445e-06
2.4362e-06
2.4273e-06
2.4186e-06
2.4098e-06
2.4011e-06
2.3923e-06
2.3837e-06
2.375e-06
2.3664e-06
2.3578e-06
2.3492e-06
2.3406e-06
2.3321e-06
2.3236e-06
2.3151e-06
2.3067e-06
2.2982e-06
2.2898e-06
2.2815e-06
2.2731e-06
2.2648e-06
2.2565e-06
2.2482e-06
2.24e-06
2.2317e-06
2.2235e-06
2.2154e-06
2.2072e-06
2.1991e-06
2.191e-06
2.1829e-06
2.1749e-06
2.1668e-06
2.1588e-06
2.1509e-06
2.1429e-06
2.135e-06
2.1271e-06
2.1192e-06
2.1113e-06
2.1035e-06
2.0957e-06
2.0879e-06
2.0802e-06
2.0724e-06
2.0647e-06
2.057e-06
2.0494e-06
2.0417e-06
2.0341e-06
2.0265e-06
2.019e-06
2.0114e-06
2.0039e-06
1.9964e-06
1.9889e-06
1.9815e-06
1.974e-06
1.9666e-06
1.9593e-06
1.9519e-06
1.9446e-06
1.9373e-06
1.93e-06
1.9227e-06
1.9155e-06
1.9082e-06
1.901e-06
1.8939e-06
1.8867e-06
1.8796e-06
1.8725e-06
1.8654e-06
1.8583e-06
1.8513e-06
1.8443e-06
1.8373e-06
1.8303e-06
1.8234e-06
1.8164e-06
1.8095e-06
1.8026e-06
1.7958e-06
1.7889e-06
1.7821e-06
1.7753e-06
1.7686e-06
1.7618e-06
1.7551e-06
1.7484e-06
1.7417e-06
1.735e-06
1.7284e-06
1.7217e-06
1.7151e-06
1.7086e-06
1.702e-06
1.6955e-06
1.6889e-06
1.6824e-06
1.676e-06
1.6695e-06
1.6631e-06
1.6567e-06
1.6503e-06
1.6439e-06
1.6376e-06
1.6312e-06
1.6249e-06
1.6186e-06
1.6124e-06
1.6061e-06
1.5999e-06
1.5937e-06
1.5875e-06
1.5813e-06
1.5752e-06
1.5691e-06
1.563e-06
1.5569e-06
1.5508e-06
1.5448e-06
1.5388e-06
1.5328e-06
1.5268e-06
1.5208e-06
1.5149e-06
1.5089e-06
1.503e-06
1.4971e-06
1.4913e-06
1.4854e-06
1.4796e-06
1.4738e-06
1.468e-06
1.4622e-06
1.4565e-06
1.4508e-06
1.4451e-06
1.4394e-06
1.4337e-06
1.428e-06
1.4224e-06
1.4168e-06
1.4112e-06
1.4056e-06
1.4e-06
1.3945e-06
1.389e-06
1.3835e-06
1.378e-06
1.3725e-06
1.3671e-06
1.3617e-06
1.3562e-06
1.3508e-06
1.3455e-06
1.3401e-06
1.3348e-06
1.3295e-06
1.3242e-06
1.3189e-06
1.3136e-06
1.3084e-06
1.3031e-06
1.2979e-06
1.2927e-06
1.2875e-06
1.2824e-06
1.2772e-06
1.2721e-06
1.267e-06
1.2619e-06
1.2569e-06
1.2518e-06
1.2468e-06
1.2418e-06
1.2368e-06
1.2318e-06
1.2268e-06
1.2219e-06
1.2169e-06
1.212e-06
1.2071e-06
1.2022e-06
1.1974e-06
1.1925e-06
1.1877e-06
1.1829e-06
1.1781e-06
1.1733e-06
1.1685e-06
1.1638e-06
1.1591e-06
1.1543e-06
1.1496e-06
1.145e-06
1.1403e-06
1.1357e-06
1.131e-06
1.1264e-06
1.1218e-06
1.1172e-06
1.1127e-06
1.1081e-06
1.1036e-06
1.0991e-06
1.0946e-06
1.0901e-06
1.0856e-06
1.0811e-06
1.0767e-06
1.0723e-06
1.0679e-06
1.0635e-06
1.0591e-06
1.0547e-06
1.0504e-06
1.0461e-06
1.0417e-06
1.0374e-06
1.0332e-06
1.0289e-06
1.0246e-06
1.0204e-06
1.0162e-06
1.012e-06
1.0078e-06
1.0036e-06
9.9943e-07
9.9529e-07
9.9115e-07
9.8703e-07
9.8293e-07
9.7884e-07
9.7477e-07
9.7071e-07
9.6666e-07
9.6263e-07
9.5862e-07
9.5462e-07
9.5063e-07
9.4666e-07
9.427e-07
9.3876e-07
9.3483e-07
9.3091e-07
9.2701e-07
9.2313e-07
9.1926e-07
9.154e-07
9.1155e-07
9.0772e-07
9.0391e-07
9.0011e-07
8.9632e-07
8.9254e-07
8.8878e-07
8.8504e-07
8.813e-07
8.7758e-07
8.7388e-07
8.7019e-07
8.6651e-07
8.6284e-07
8.5919e-07
8.5555e-07
8.5193e-07
8.4832e-07
8.4472e-07
8.4114e-07
8.3756e-07
8.3401e-07
8.3046e-07
8.2693e-07
8.2341e-07
8.1991e-07
8.1641e-07
8.1293e-07
8.0947e-07
8.0601e-07
8.0257e-07
7.9914e-07
7.9573e-07
7.9233e-07
7.8894e-07
7.8556e-07
7.822e-07
7.7884e-07
7.755e-07
7.7218e-07
7.6886e-07
7.6556e-07
7.6227e-07
7.59e-07
7.5573e-07
7.5248e-07
7.4924e-07
7.4601e-07
7.4279e-07
7.3959e-07
7.364e-07
7.3322e-07
7.3005e-07
7.269e-07
7.2375e-07
7.2062e-07
7.175e-07
7.1439e-07
7.113e-07
7.0821e-07
7.0514e-07
7.0208e-07
6.9903e-07
6.9599e-07
6.9297e-07
6.8995e-07
6.8695e-07
6.8396e-07
6.8098e-07
6.7801e-07
6.7505e-07
6.721e-07
6.6917e-07
6.6625e-07
6.6333e-07
6.6043e-07
6.5754e-07
6.5466e-07
6.518e-07
6.4894e-07
6.4609e-07
6.4326e-07
6.4043e-07
6.3762e-07
6.3482e-07
6.3203e-07
6.2925e-07
6.2648e-07
6.2372e-07
6.2097e-07
6.1823e-07
6.1551e-07
6.1279e-07
6.1009e-07
6.0739e-07
6.0471e-07
6.0203e-07
5.9937e-07
5.9672e-07
5.9407e-07
5.9144e-07
5.8882e-07
5.862e-07
5.836e-07
5.8101e-07
5.7843e-07
5.7586e-07
5.733e-07
5.7075e-07
5.682e-07
5.6567e-07
5.6315e-07
5.6064e-07
5.5814e-07
5.5565e-07
5.5317e-07
5.5069e-07
5.4823e-07
5.4578e-07
5.4334e-07
5.409e-07
5.3848e-07
5.3607e-07
5.3366e-07
5.3127e-07
5.2888e-07
5.2651e-07
5.2414e-07
5.2178e-07
5.1944e-07
5.171e-07
5.1477e-07
5.1245e-07
5.1014e-07
5.0784e-07
5.0555e-07
5.0326e-07
5.0099e-07
4.9873e-07
4.9647e-07
4.9422e-07
4.9199e-07
4.8976e-07
4.8754e-07
4.8533e-07
4.8313e-07
4.8094e-07
4.7875e-07
4.7658e-07
4.7441e-07
4.7225e-07
4.701e-07
4.6796e-07
4.6583e-07
4.6371e-07
4.616e-07
4.5949e-07
4.5739e-07
4.553e-07
4.5322e-07
4.5115e-07
4.4909e-07
4.4703e-07
4.4499e-07
4.4295e-07
4.4092e-07
4.389e-07
4.3689e-07
4.3488e-07
4.3288e-07
4.3089e-07
4.2891e-07
4.2694e-07
4.2498e-07
4.2302e-07
4.2107e-07
4.1913e-07
4.172e-07
4.1528e-07
4.1336e-07
4.1145e-07
4.0955e-07
4.0766e-07
4.0577e-07
4.0389e-07
4.0202e-07
4.0016e-07
3.9831e-07
3.9646e-07
3.9462e-07
3.9279e-07
3.9097e-07
3.8915e-07
3.8734e-07
3.8554e-07
3.8375e-07
3.8196e-07
3.8018e-07
3.7841e-07
3.7665e-07
3.7489e-07
3.7314e-07
3.714e-07
3.6967e-07
3.6794e-07
3.6622e-07
3.645e-07
3.628e-07
3.611e-07
3.5941e-07
3.5772e-07
3.5605e-07
3.5438e-07
3.5271e-07
3.5106e-07
3.4941e-07
3.4776e-07
3.4613e-07
3.445e-07
3.4288e-07
3.4126e-07
3.3965e-07
3.3805e-07
3.3646e-07
3.3487e-07
3.3329e-07
3.3171e-07
3.3015e-07
3.2859e-07
3.2703e-07
3.2548e-07
3.2394e-07
3.2241e-07
3.2088e-07
3.1936e-07
3.1784e-07
3.1633e-07
3.1483e-07
3.1333e-07
3.1184e-07
3.1036e-07
3.0888e-07
3.0741e-07
3.0595e-07
3.0449e-07
3.0304e-07
3.0159e-07
3.0015e-07
2.9872e-07
2.9729e-07
2.9587e-07
2.9446e-07
2.9305e-07
2.9165e-07
2.9025e-07
2.8886e-07
2.8747e-07
2.8609e-07
2.8472e-07
2.8335e-07
2.8199e-07
2.8064e-07
2.7929e-07
2.7795e-07
2.7661e-07
2.7528e-07
2.7395e-07
2.7263e-07
2.7132e-07
2.7001e-07
2.687e-07
2.6741e-07
2.6611e-07
2.6483e-07
2.6355e-07
2.6227e-07
2.61e-07
2.5974e-07
2.5848e-07
2.5723e-07
2.5598e-07
2.5474e-07
2.535e-07
2.5227e-07
2.5104e-07
2.4982e-07
2.4861e-07
2.474e-07
2.462e-07
2.45e-07
2.438e-07
2.4261e-07
2.4143e-07
2.4025e-07
2.3908e-07
2.3791e-07
2.3675e-07
2.3559e-07
2.3444e-07
2.3329e-07
2.3215e-07
2.3101e-07
2.2988e-07
2.2875e-07
2.2763e-07
2.2651e-07
2.254e-07
2.2429e-07
2.2319e-07
2.221e-07
2.21e-07
2.1991e-07
2.1883e-07
2.1775e-07
2.1668e-07
2.1561e-07
2.1455e-07
2.1349e-07
2.1244e-07
2.1139e-07
2.1034e-07
2.093e-07
2.0827e-07
2.0724e-07
2.0621e-07
2.0519e-07
2.0417e-07
2.0316e-07
2.0215e-07
2.0115e-07
2.0015e-07
1.9915e-07
1.9816e-07
1.9718e-07
1.962e-07
1.9522e-07
1.9425e-07
1.9328e-07
1.9232e-07
1.9136e-07
1.904e-07
1.8945e-07
1.8851e-07
1.8757e-07
1.8663e-07
1.857e-07
1.8477e-07
1.8384e-07
1.8292e-07
1.82e-07
1.8109e-07
1.8018e-07
1.7928e-07
1.7838e-07
1.7748e-07
1.7659e-07
1.7571e-07
1.7482e-07
1.7394e-07
1.7307e-07
1.722e-07
1.7133e-07
1.7046e-07
1.6961e-07
1.6875e-07
1.679e-07
1.6705e-07
1.6621e-07
1.6537e-07
1.6453e-07
1.637e-07
1.6287e-07
1.6204e-07
1.6122e-07
1.6041e-07
1.5959e-07
1.5878e-07
1.5798e-07
1.5718e-07
1.5638e-07
1.5558e-07
1.5479e-07
1.54e-07
1.5322e-07
1.5244e-07
1.5166e-07
1.5089e-07
1.5012e-07
1.4936e-07
1.4859e-07
1.4784e-07
1.4708e-07
1.4633e-07
1.4558e-07
1.4484e-07
1.441e-07
1.4336e-07
1.4262e-07
1.4189e-07
1.4117e-07
1.4044e-07
1.3972e-07
1.39e-07
1.3829e-07
1.3758e-07
1.3687e-07
1.3617e-07
1.3547e-07
1.3477e-07
1.3408e-07
1.3339e-07
1.327e-07
1.3202e-07
1.3133e-07
1.3066e-07
1.2998e-07
1.2931e-07
1.2864e-07
1.2798e-07
1.2732e-07
1.2666e-07
1.26e-07
1.2535e-07
1.247e-07
1.2405e-07
1.2341e-07
1.2277e-07
1.2213e-07
1.215e-07
1.2087e-07
1.2024e-07
1.1961e-07
1.1899e-07
1.1837e-07
1.1775e-07
1.1714e-07
1.1653e-07
1.1592e-07
1.1532e-07
1.1472e-07
1.1412e-07
1.1352e-07
1.1293e-07
1.1234e-07
1.1175e-07
1.1117e-07
1.1058e-07
1.1e-07
1.0943e-07
1.0885e-07
1.0828e-07
1.0772e-07
1.0715e-07
1.0659e-07
1.0603e-07
1.0547e-07
1.0492e-07
1.0436e-07
1.0381e-07
1.0327e-07
1.0272e-07
1.0218e-07
1.0164e-07
1.0111e-07
1.0057e-07
1.0004e-07
9.9515e-08
9.8989e-08
9.8466e-08
9.7945e-08
9.7427e-08
9.6911e-08
9.6398e-08
9.5888e-08
9.5379e-08
9.4874e-08
9.437e-08
9.387e-08
9.3371e-08
9.2875e-08
9.2382e-08
9.1891e-08
9.1402e-08
9.0916e-08
9.0432e-08
8.995e-08
8.9471e-08
8.8994e-08
8.8519e-08
8.8047e-08
8.7577e-08
8.711e-08
8.6644e-08
8.6181e-08
8.5721e-08
8.5262e-08
8.4806e-08
8.4352e-08
8.39e-08
8.3451e-08
8.3003e-08
8.2558e-08
8.2115e-08
8.1674e-08
8.1236e-08
8.0799e-08
8.0365e-08
7.9933e-08
7.9503e-08
7.9075e-08
7.865e-08
7.8226e-08
7.7805e-08
7.7385e-08
7.6968e-08
7.6553e-08
7.6139e-08
7.5728e-08
7.5319e-08
7.4912e-08
7.4507e-08
7.4104e-08
7.3703e-08
7.3304e-08
7.2907e-08
7.2512e-08
7.2119e-08
7.1728e-08
7.1339e-08
7.0952e-08
7.0566e-08
7.0183e-08
6.9802e-08
6.9422e-08
6.9045e-08
6.8669e-08
6.8295e-08
6.7923e-08
6.7553e-08
6.7185e-08
6.6818e-08
6.6454e-08
6.6091e-08
6.573e-08
6.5371e-08
6.5014e-08
6.4659e-08
6.4305e-08
6.3953e-08
6.3603e-08
6.3255e-08
6.2908e-08
6.2563e-08
6.222e-08
6.1879e-08
6.1539e-08
6.1202e-08
6.0865e-08
6.0531e-08
6.0198e-08
5.9867e-08
5.9538e-08
5.921e-08
5.8884e-08
5.856e-08
5.8237e-08
5.7916e-08
5.7596e-08
5.7279e-08
5.6962e-08
5.6648e-08
5.6335e-08
5.6024e-08
5.5714e-08
5.5406e-08
5.5099e-08
5.4794e-08
5.449e-08
5.4188e-08
5.3888e-08
5.3589e-08
5.3292e-08
5.2996e-08
5.2702e-08
5.2409e-08
5.2118e-08
5.1828e-08
5.154e-08
5.1253e-08
5.0968e-08
5.0684e-08
5.0401e-08
5.012e-08
4.9841e-08
4.9563e-08
4.9286e-08
4.9011e-08
4.8737e-08
4.8465e-08
4.8194e-08
4.7925e-08
4.7657e-08
4.739e-08
4.7124e-08
4.686e-08
4.6598e-08
4.6337e-08
4.6077e-08
4.5818e-08
4.5561e-08
4.5305e-08
4.5051e-08
4.4797e-08
4.4546e-08
4.4295e-08
4.4046e-08
4.3798e-08
4.3551e-08
4.3306e-08
4.3062e-08
4.2819e-08
4.2577e-08
4.2337e-08
4.2098e-08
4.186e-08
4.1624e-08
4.1388e-08
4.1154e-08
4.0922e-08
4.069e-08
4.046e-08
4.023e-08
4.0003e-08
3.9776e-08
3.955e-08
3.9326e-08
3.9103e-08
3.8881e-08
3.866e-08
3.844e-08
3.8221e-08
3.8004e-08
3.7788e-08
3.7573e-08
3.7359e-08
3.7146e-08
3.6934e-08
3.6724e-08
3.6514e-08
3.6306e-08
3.6099e-08
3.5893e-08
3.5687e-08
3.5483e-08
3.5281e-08
3.5079e-08
3.4878e-08
3.4678e-08
3.448e-08
3.4282e-08
3.4086e-08
3.389e-08
3.3696e-08
3.3503e-08
3.331e-08
3.3119e-08
3.2929e-08
3.2739e-08
3.2551e-08
3.2364e-08
3.2178e-08
3.1992e-08
3.1808e-08
3.1625e-08
3.1443e-08
3.1261e-08
3.1081e-08
3.0902e-08
3.0723e-08
3.0546e-08
3.0369e-08
3.0194e-08
3.0019e-08
2.9845e-08
2.9673e-08
2.9501e-08
2.933e-08
2.916e-08
2.8991e-08
2.8823e-08
2.8656e-08
2.849e-08
2.8324e-08
2.816e-08
2.7996e-08
2.7833e-08
2.7671e-08
2.751e-08
2.735e-08
2.7191e-08
2.7033e-08
2.6875e-08
2.6719e-08
2.6563e-08
2.6408e-08
2.6254e-08
2.61e-08
2.5948e-08
2.5796e-08
2.5646e-08
2.5496e-08
2.5346e-08
2.5198e-08
2.5051e-08
2.4904e-08
2.4758e-08
2.4613e-08
2.4469e-08
2.4325e-08
2.4182e-08
2.404e-08
2.3899e-08
2.3759e-08
2.3619e-08
2.348e-08
2.3342e-08
2.3205e-08
2.3068e-08
2.2932e-08
2.2797e-08
2.2663e-08
2.2529e-08
2.2396e-08
2.2264e-08
2.2133e-08
2.2002e-08
2.1872e-08
2.1743e-08
2.1614e-08
2.1486e-08
2.1359e-08
2.1233e-08
2.1107e-08
2.0982e-08
2.0858e-08
2.0734e-08
2.0611e-08
2.0489e-08
2.0367e-08
2.0246e-08
2.0126e-08
2.0006e-08
1.9887e-08
1.9769e-08
1.9651e-08
1.9535e-08
1.9418e-08
1.9303e-08
1.9188e-08
1.9073e-08
1.8959e-08
1.8846e-08
1.8734e-08
1.8622e-08
1.8511e-08
1.84e-08
1.829e-08
1.8181e-08
1.8072e-08
1.7964e-08
1.7856e-08
1.7749e-08
1.7643e-08
1.7537e-08
1.7432e-08
1.7328e-08
1.7224e-08
1.712e-08
1.7017e-08
1.6915e-08
1.6814e-08
1.6712e-08
1.6612e-08
1.6512e-08
1.6413e-08
1.6314e-08
1.6216e-08
1.6118e-08
1.6021e-08
1.5924e-08
1.5828e-08
1.5732e-08
1.5637e-08
1.5543e-08
1.5449e-08
1.5356e-08
1.5263e-08
1.517e-08
1.5079e-08
1.4987e-08
1.4897e-08
1.4806e-08
1.4717e-08
1.4627e-08
1.4539e-08
1.445e-08
1.4363e-08
1.4276e-08
1.4189e-08
1.4103e-08
1.4017e-08
1.3932e-08
1.3847e-08
1.3763e-08
1.3679e-08
1.3595e-08
1.3513e-08
1.343e-08
1.3348e-08
1.3267e-08
1.3186e-08
1.3105e-08
1.3025e-08
1.2946e-08
1.2867e-08
1.2788e-08
1.271e-08
1.2632e-08
1.2555e-08
1.2478e-08
1.2401e-08
1.2325e-08
1.225e-08
1.2175e-08
1.21e-08
1.2026e-08
1.1952e-08
1.1879e-08
1.1806e-08
1.1733e-08
1.1661e-08
1.1589e-08
1.1518e-08
1.1447e-08
1.1376e-08
1.1306e-08
1.1237e-08
1.1167e-08
1.1098e-08
1.103e-08
1.0962e-08
1.0894e-08
1.0827e-08
1.076e-08
1.0694e-08
1.0627e-08
1.0562e-08
1.0496e-08
1.0431e-08
1.0367e-08
1.0303e-08
1.0239e-08
1.0175e-08
1.0112e-08
1.0049e-08
9.987e-09
9.9249e-09
9.8633e-09
9.802e-09
9.7411e-09
9.6805e-09
9.6203e-09
9.5604e-09
9.5009e-09
9.4417e-09
9.3829e-09
9.3244e-09
9.2663e-09
9.2085e-09
9.151e-09
9.0939e-09
9.0371e-09
8.9807e-09
8.9246e-09
8.8688e-09
8.8133e-09
8.7582e-09
8.7034e-09
8.6489e-09
8.5947e-09
8.5409e-09
8.4874e-09
8.4341e-09
8.3812e-09
8.3287e-09
8.2764e-09
8.2244e-09
8.1728e-09
8.1214e-09
8.0704e-09
8.0196e-09
7.9692e-09
7.919e-09
7.8692e-09
7.8196e-09
7.7704e-09
7.7214e-09
7.6727e-09
7.6243e-09
7.5762e-09
7.5284e-09
7.4809e-09
7.4336e-09
7.3867e-09
7.34e-09
7.2936e-09
7.2474e-09
7.2016e-09
7.156e-09
7.1107e-09
7.0656e-09
7.0208e-09
6.9763e-09
6.9321e-09
6.8881e-09
6.8444e-09
6.801e-09
6.7578e-09
6.7148e-09
6.6722e-09
6.6297e-09
6.5876e-09
6.5457e-09
6.504e-09
6.4626e-09
6.4214e-09
6.3805e-09
6.3399e-09
6.2994e-09
6.2592e-09
6.2193e-09
6.1796e-09
6.1402e-09
6.1009e-09
6.0619e-09
6.0232e-09
5.9847e-09
5.9464e-09
5.9083e-09
5.8705e-09
5.8329e-09
5.7956e-09
5.7584e-09
5.7215e-09
5.6848e-09
5.6483e-09
5.6121e-09
5.576e-09
5.5402e-09
5.5046e-09
5.4693e-09
5.4341e-09
5.3991e-09
5.3644e-09
5.3299e-09
5.2956e-09
5.2615e-09
5.2276e-09
5.1939e-09
5.1604e-09
5.1271e-09
5.094e-09
5.0611e-09
5.0284e-09
4.9959e-09
4.9637e-09
4.9316e-09
4.8997e-09
4.868e-09
4.8365e-09
4.8052e-09
4.7741e-09
4.7431e-09
4.7124e-09
4.6818e-09
4.6515e-09
4.6213e-09
4.5913e-09
4.5615e-09
4.5319e-09
4.5024e-09
4.4732e-09
4.4441e-09
4.4152e-09
4.3865e-09
4.3579e-09
4.3296e-09
4.3014e-09
4.2733e-09
4.2455e-09
4.2178e-09
4.1903e-09
4.1629e-09
4.1358e-09
4.1088e-09
4.0819e-09
4.0553e-09
4.0288e-09
4.0024e-09
3.9762e-09
3.9502e-09
3.9244e-09
3.8987e-09
3.8731e-09
3.8478e-09
3.8225e-09
3.7975e-09
3.7726e-09
3.7478e-09
3.7232e-09
3.6988e-09
3.6745e-09
3.6503e-09
3.6263e-09
3.6025e-09
3.5788e-09
3.5552e-09
3.5318e-09
3.5086e-09
3.4855e-09
3.4625e-09
3.4397e-09
3.417e-09
3.3945e-09
3.3721e-09
3.3498e-09
3.3277e-09
3.3057e-09
3.2838e-09
3.2621e-09
3.2406e-09
3.2191e-09
3.1978e-09
3.1767e-09
3.1556e-09
3.1347e-09
3.114e-09
3.0933e-09
3.0728e-09
3.0524e-09
3.0322e-09
3.012e-09
2.992e-09
2.9722e-09
2.9524e-09
2.9328e-09
2.9133e-09
2.8939e-09
2.8746e-09
2.8555e-09
2.8365e-09
2.8176e-09
2.7988e-09
2.7802e-09
2.7616e-09
2.7432e-09
2.7249e-09
2.7067e-09
2.6886e-09
2.6707e-09
2.6528e-09
2.6351e-09
2.6175e-09
2.6e-09
2.5826e-09
2.5653e-09
2.5481e-09
2.531e-09
2.5141e-09
2.4972e-09
2.4805e-09
2.4638e-09
2.4473e-09
2.4309e-09
2.4146e-09
2.3983e-09
2.3822e-09
2.3662e-09
2.3503e-09
2.3345e-09
2.3188e-09
2.3032e-09
2.2877e-09
2.2723e-09
2.257e-09
2.2417e-09
2.2266e-09
2.2116e-09
2.1967e-09
2.1819e-09
2.1671e-09
2.1525e-09
2.138e-09
2.1235e-09
2.1091e-09
2.0949e-09
2.0807e-09
2.0666e-09
2.0526e-09
2.0387e-09
2.0249e-09
2.0112e-09
1.9976e-09
1.984e-09
1.9706e-09
1.9572e-09
1.9439e-09
1.9307e-09
1.9176e-09
1.9045e-09
1.8916e-09
1.8787e-09
1.866e-09
1.8533e-09
1.8406e-09
1.8281e-09
1.8157e-09
1.8033e-09
1.791e-09
1.7788e-09
1.7666e-09
1.7546e-09
1.7426e-09
1.7307e-09
1.7189e-09
1.7071e-09
1.6955e-09
1.6839e-09
1.6724e-09
1.6609e-09
1.6496e-09
1.6383e-09
1.627e-09
1.6159e-09
1.6048e-09
1.5938e-09
1.5829e-09
1.572e-09
1.5612e-09
1.5505e-09
1.5399e-09
1.5293e-09
1.5188e-09
1.5083e-09
1.498e-09
1.4877e-09
1.4774e-09
1.4673e-09
1.4572e-09
1.4471e-09
1.4371e-09
1.4272e-09
1.4174e-09
1.4076e-09
1.3979e-09
1.3883e-09
1.3787e-09
1.3692e-09
1.3597e-09
1.3503e-09
1.341e-09
1.3317e-09
1.3225e-09
1.3133e-09
1.3042e-09
1.2952e-09
1.2862e-09
1.2773e-09
1.2685e-09
1.2597e-09
1.2509e-09
1.2422e-09
1.2336e-09
1.225e-09
1.2165e-09
1.2081e-09
1.1997e-09
1.1913e-09
1.1831e-09
1.1748e-09
1.1667e-09
1.1585e-09
1.1505e-09
1.1424e-09
1.1345e-09
1.1266e-09
1.1187e-09
1.1109e-09
1.1032e-09
1.0955e-09
1.0878e-09
1.0802e-09
1.0727e-09
1.0652e-09
1.0577e-09
1.0503e-09
1.043e-09
1.0357e-09
1.0284e-09
1.0212e-09
1.0141e-09
1.0069e-09
9.9989e-10
9.9287e-10
9.8591e-10
9.7899e-10
9.7212e-10
9.6529e-10
9.5851e-10
9.5177e-10
9.4508e-10
9.3843e-10
9.3183e-10
9.2528e-10
9.1876e-10
9.1229e-10
9.0587e-10
8.9949e-10
8.9315e-10
8.8685e-10
8.8059e-10
8.7438e-10
8.6821e-10
8.6208e-10
8.5599e-10
8.4994e-10
8.4394e-10
8.3797e-10
8.3205e-10
8.2616e-10
8.2032e-10
8.1451e-10
8.0874e-10
8.0301e-10
7.9732e-10
7.9167e-10
7.8606e-10
7.8048e-10
7.7495e-10
7.6945e-10
7.6398e-10
7.5856e-10
7.5317e-10
7.4782e-10
7.425e-10
7.3722e-10
7.3198e-10
7.2677e-10
7.216e-10
7.1646e-10
7.1136e-10
7.0629e-10
7.0125e-10
6.9626e-10
6.9129e-10
6.8636e-10
6.8146e-10
6.766e-10
6.7176e-10
6.6697e-10
6.622e-10
6.5747e-10
6.5276e-10
6.481e-10
6.4346e-10
6.3885e-10
6.3428e-10
6.2974e-10
6.2523e-10
6.2075e-10
6.163e-10
6.1188e-10
6.0749e-10
6.0313e-10
5.988e-10
5.945e-10
5.9023e-10
5.8599e-10
5.8178e-10
5.7759e-10
5.7344e-10
5.6931e-10
5.6522e-10
5.6115e-10
5.5711e-10
5.5309e-10
5.4911e-10
5.4515e-10
5.4122e-10
5.3732e-10
5.3344e-10
5.2959e-10
5.2577e-10
5.2197e-10
5.182e-10
5.1445e-10
5.1073e-10
5.0704e-10
5.0337e-10
4.9973e-10
4.9611e-10
4.9252e-10
4.8895e-10
4.8541e-10
4.8189e-10
4.784e-10
4.7493e-10
4.7148e-10
4.6806e-10
4.6467e-10
4.6129e-10
4.5794e-10
4.5461e-10
4.5131e-10
4.4803e-10
4.4477e-10
4.4153e-10
4.3832e-10
4.3513e-10
4.3196e-10
4.2881e-10
4.2569e-10
4.2259e-10
4.195e-10
4.1645e-10
4.1341e-10
4.1039e-10
4.0739e-10
4.0442e-10
4.0146e-10
3.9853e-10
3.9562e-10
3.9272e-10
3.8985e-10
3.87e-10
3.8417e-10
3.8135e-10
3.7856e-10
3.7579e-10
3.7303e-10
3.703e-10
3.6758e-10
3.6489e-10
3.6221e-10
3.5955e-10
3.5691e-10
3.5429e-10
3.5169e-10
3.491e-10
3.4653e-10
3.4399e-10
3.4146e-10
3.3894e-10
3.3645e-10
3.3397e-10
3.3151e-10
3.2907e-10
3.2664e-10
3.2423e-10
3.2184e-10
3.1947e-10
3.1711e-10
3.1477e-10
3.1245e-10
3.1014e-10
3.0785e-10
3.0557e-10
3.0331e-10
3.0107e-10
2.9884e-10
2.9663e-10
2.9443e-10
2.9225e-10
2.9009e-10
2.8794e-10
2.8581e-10
2.8369e-10
2.8158e-10
2.7949e-10
2.7742e-10
2.7536e-10
2.7332e-10
2.7129e-10
2.6927e-10
2.6727e-10
2.6528e-10
2.6331e-10
2.6135e-10
2.594e-10
2.5747e-10
2.5556e-10
2.5365e-10
2.5176e-10
2.4989e-10
2.4802e-10
2.4617e-10
2.4434e-10
2.4251e-10
2.407e-10
2.389e-10
2.3712e-10
2.3535e-10
2.3359e-10
2.3184e-10
2.3011e-10
2.2839e-10
2.2668e-10
2.2498e-10
2.233e-10
2.2162e-10
2.1996e-10
2.1831e-10
2.1668e-10
2.1505e-10
2.1344e-10
2.1184e-10
2.1025e-10
2.0867e-10
2.071e-10
2.0554e-10
2.04e-10
2.0247e-10
2.0094e-10
1.9943e-10
1.9793e-10
1.9644e-10
1.9496e-10
1.9349e-10
1.9203e-10
1.9059e-10
1.8915e-10
1.8772e-10
1.8631e-10
1.849e-10
1.8351e-10
1.8212e-10
1.8075e-10
1.7938e-10
1.7802e-10
1.7668e-10
1.7534e-10
1.7402e-10
1.727e-10
1.7139e-10
1.7009e-10
1.6881e-10
1.6753e-10
1.6626e-10
1.65e-10
1.6375e-10
1.625e-10
1.6127e-10
1.6005e-10
1.5883e-10
1.5762e-10
1.5643e-10
1.5524e-10
1.5406e-10
1.5289e-10
1.5172e-10
1.5057e-10
1.4942e-10
1.4829e-10
1.4716e-10
1.4604e-10
1.4492e-10
1.4382e-10
1.4272e-10
1.4163e-10
1.4055e-10
1.3948e-10
1.3841e-10
1.3736e-10
1.3631e-10
1.3527e-10
1.3423e-10
1.3321e-10
1.3219e-10
1.3118e-10
1.3017e-10
1.2918e-10
1.2819e-10
1.272e-10
1.2623e-10
1.2526e-10
1.243e-10
1.2335e-10
1.224e-10
1.2146e-10
1.2053e-10
1.1961e-10
1.1869e-10
1.1778e-10
1.1687e-10
1.1597e-10
1.1508e-10
1.1419e-10
1.1332e-10
1.1244e-10
1.1158e-10
1.1072e-10
1.0987e-10
1.0902e-10
1.0818e-10
1.0734e-10
1.0652e-10
1.057e-10
1.0488e-10
1.0407e-10
1.0327e-10
1.0247e-10
1.0168e-10
1.0089e-10
1.0011e-10
9.9336e-11
9.8568e-11
9.7805e-11
9.7048e-11
9.6297e-11
9.5551e-11
9.4811e-11
9.4076e-11
9.3346e-11
9.2623e-11
9.1904e-11
9.1191e-11
9.0483e-11
8.9781e-11
8.9083e-11
8.8391e-11
8.7705e-11
8.7023e-11
8.6346e-11
8.5675e-11
8.5008e-11
8.4346e-11
8.369e-11
8.3038e-11
8.2391e-11
8.1749e-11
8.1112e-11
8.048e-11
7.9852e-11
7.9229e-11
7.8611e-11
7.7997e-11
7.7388e-11
7.6784e-11
7.6184e-11
7.5589e-11
7.4998e-11
7.4411e-11
7.3829e-11
7.3252e-11
7.2678e-11
7.2109e-11
7.1545e-11
7.0984e-11
7.0428e-11
6.9876e-11
6.9328e-11
6.8785e-11
6.8245e-11
6.7709e-11
6.7178e-11
6.665e-11
6.6127e-11
6.5607e-11
6.5092e-11
6.458e-11
6.4072e-11
6.3568e-11
6.3068e-11
6.2572e-11
6.2079e-11
6.159e-11
6.1105e-11
6.0624e-11
6.0146e-11
5.9672e-11
5.9201e-11
5.8734e-11
5.8271e-11
5.7811e-11
5.7354e-11
5.6901e-11
5.6452e-11
5.6005e-11
5.5563e-11
5.5123e-11
5.4687e-11
5.4255e-11
5.3825e-11
5.3399e-11
5.2976e-11
5.2557e-11
5.214e-11
5.1727e-11
5.1317e-11
5.091e-11
5.0506e-11
5.0105e-11
4.9707e-11
4.9313e-11
4.8921e-11
4.8533e-11
4.8147e-11
4.7764e-11
4.7384e-11
4.7007e-11
4.6633e-11
4.6262e-11
4.5894e-11
4.5529e-11
4.5166e-11
4.4806e-11
4.4449e-11
4.4095e-11
4.3743e-11
4.3394e-11
4.3048e-11
4.2704e-11
4.2363e-11
4.2025e-11
4.1689e-11
4.1356e-11
4.1026e-11
4.0698e-11
4.0372e-11
4.0049e-11
3.9729e-11
3.9411e-11
3.9095e-11
3.8782e-11
3.8471e-11
3.8163e-11
3.7857e-11
3.7553e-11
3.7252e-11
3.6953e-11
3.6657e-11
3.6362e-11
3.607e-11
3.5781e-11
3.5493e-11
3.5208e-11
3.4925e-11
3.4644e-11
3.4365e-11
3.4089e-11
3.3815e-11
3.3542e-11
3.3272e-11
3.3004e-11
3.2738e-11
3.2474e-11
3.2212e-11
3.1953e-11
3.1695e-11
3.1439e-11
3.1185e-11
3.0934e-11
3.0684e-11
3.0436e-11
3.019e-11
2.9946e-11
2.9704e-11
2.9464e-11
2.9225e-11
2.8989e-11
2.8754e-11
2.8521e-11
2.829e-11
2.8061e-11
2.7834e-11
2.7608e-11
2.7384e-11
2.7162e-11
2.6942e-11
2.6723e-11
2.6506e-11
2.6291e-11
2.6077e-11
2.5865e-11
2.5655e-11
2.5447e-11
2.524e-11
2.5034e-11
2.4831e-11
2.4628e-11
2.4428e-11
2.4229e-11
2.4032e-11
2.3836e-11
2.3642e-11
2.3449e-11
2.3258e-11
2.3068e-11
2.288e-11
2.2693e-11
2.2508e-11
2.2324e-11
2.2141e-11
2.1961e-11
2.1781e-11
2.1603e-11
2.1426e-11
2.1251e-11
2.1077e-11
2.0905e-11
2.0733e-11
2.0564e-11
2.0395e-11
2.0228e-11
2.0062e-11
1.9898e-11
1.9735e-11
1.9573e-11
1.9412e-11
1.9253e-11
1.9095e-11
1.8938e-11
1.8782e-11
1.8628e-11
1.8475e-11
1.8323e-11
1.8172e-11
1.8023e-11
1.7874e-11
1.7727e-11
1.7581e-11
1.7436e-11
1.7293e-11
1.715e-11
1.7009e-11
1.6869e-11
1.673e-11
1.6592e-11
1.6455e-11
1.6319e-11
1.6184e-11
1.605e-11
1.5918e-11
1.5786e-11
1.5656e-11
1.5526e-11
1.5398e-11
1.5271e-11
1.5144e-11
1.5019e-11
1.4894e-11
1.4771e-11
1.4649e-11
1.4527e-11
1.4407e-11
1.4287e-11
1.4169e-11
1.4051e-11
1.3935e-11
1.3819e-11
1.3704e-11
1.3591e-11
1.3478e-11
1.3366e-11
1.3255e-11
1.3144e-11
1.3035e-11
1.2927e-11
1.2819e-11
1.2712e-11
1.2606e-11
1.2501e-11
1.2397e-11
1.2294e-11
1.2192e-11
1.209e-11
1.1989e-11
1.1889e-11
1.179e-11
1.1691e-11
1.1594e-11
1.1497e-11
1.1401e-11
1.1306e-11
1.1211e-11
1.1117e-11
1.1024e-11
1.0932e-11
1.0841e-11
1.075e-11
1.066e-11
1.0571e-11
1.0482e-11
1.0394e-11
1.0307e-11
1.0221e-11
1.0135e-11
1.005e-11
9.9657e-12
9.882e-12
9.7991e-12
9.7168e-12
9.6352e-12
9.5542e-12
9.4739e-12
9.3942e-12
9.3152e-12
9.2369e-12
9.1592e-12
9.0821e-12
9.0056e-12
8.9298e-12
8.8546e-12
8.78e-12
8.706e-12
8.6326e-12
8.5598e-12
8.4876e-12
8.4159e-12
8.3449e-12
8.2745e-12
8.2046e-12
8.1353e-12
8.0666e-12
7.9984e-12
7.9308e-12
7.8637e-12
7.7972e-12
7.7312e-12
7.6658e-12
7.6009e-12
7.5366e-12
7.4727e-12
7.4094e-12
7.3466e-12
7.2843e-12
7.2226e-12
7.1613e-12
7.1006e-12
7.0403e-12
6.9806e-12
6.9213e-12
6.8625e-12
6.8042e-12
6.7464e-12
6.689e-12
6.6322e-12
6.5758e-12
6.5198e-12
6.4644e-12
6.4093e-12
6.3548e-12
6.3006e-12
6.247e-12
6.1937e-12
6.141e-12
6.0886e-12
6.0367e-12
5.9852e-12
5.9341e-12
5.8835e-12
5.8333e-12
5.7834e-12
5.734e-12
5.6851e-12
5.6365e-12
5.5883e-12
5.5405e-12
5.4931e-12
5.4461e-12
5.3995e-12
5.3533e-12
5.3075e-12
5.262e-12
5.2169e-12
5.1722e-12
5.1279e-12
5.0839e-12
5.0403e-12
4.9971e-12
4.9542e-12
4.9117e-12
4.8695e-12
4.8277e-12
4.7862e-12
4.7451e-12
4.7043e-12
4.6639e-12
4.6238e-12
4.584e-12
4.5445e-12
4.5054e-12
4.4667e-12
4.4282e-12
4.39e-12
4.3522e-12
4.3147e-12
4.2775e-12
4.2406e-12
4.2041e-12
4.1678e-12
4.1318e-12
4.0962e-12
4.0608e-12
4.0257e-12
3.991e-12
3.9565e-12
3.9223e-12
3.8884e-12
3.8547e-12
3.8214e-12
3.7883e-12
3.7555e-12
3.723e-12
3.6908e-12
3.6588e-12
3.6271e-12
3.5957e-12
3.5645e-12
3.5336e-12
3.503e-12
3.4726e-12
3.4424e-12
3.4126e-12
3.3829e-12
3.3535e-12
3.3244e-12
3.2955e-12
3.2669e-12
3.2385e-12
3.2103e-12
3.1824e-12
3.1547e-12
3.1272e-12
3.1e-12
3.073e-12
3.0463e-12
3.0197e-12
2.9934e-12
2.9673e-12
2.9414e-12
2.9158e-12
2.8903e-12
2.8651e-12
2.8401e-12
2.8153e-12
2.7907e-12
2.7663e-12
2.7422e-12
2.7182e-12
2.6944e-12
2.6709e-12
2.6475e-12
2.6243e-12
2.6014e-12
2.5786e-12
2.556e-12
2.5336e-12
2.5114e-12
2.4894e-12
2.4676e-12
2.446e-12
2.4245e-12
2.4032e-12
2.3822e-12
2.3612e-12
2.3405e-12
2.32e-12
2.2996e-12
2.2794e-12
2.2593e-12
2.2395e-12
2.2198e-12
2.2003e-12
2.1809e-12
2.1617e-12
2.1427e-12
2.1238e-12
2.1051e-12
2.0866e-12
2.0682e-12
2.0499e-12
2.0319e-12
2.014e-12
1.9962e-12
1.9786e-12
1.9611e-12
1.9438e-12
1.9266e-12
1.9096e-12
1.8927e-12
1.876e-12
1.8594e-12
1.843e-12
1.8267e-12
1.8105e-12
1.7945e-12
1.7786e-12
1.7629e-12
1.7473e-12
1.7318e-12
1.7164e-12
1.7012e-12
1.6862e-12
1.6712e-12
1.6564e-12
1.6417e-12
1.6271e-12
1.6127e-12
1.5983e-12
1.5842e-12
1.5701e-12
1.5561e-12
1.5423e-12
1.5286e-12
1.515e-12
1.5015e-12
1.4882e-12
1.4749e-12
1.4618e-12
1.4488e-12
1.4359e-12
1.4231e-12
1.4104e-12
1.3978e-12
1.3853e-12
1.373e-12
1.3607e-12
1.3486e-12
1.3366e-12
1.3246e-12
1.3128e-12
1.3011e-12
1.2895e-12
1.2779e-12
1.2665e-12
1.2552e-12
1.244e-12
1.2328e-12
1.2218e-12
1.2109e-12
1.2e-12
1.1893e-12
1.1786e-12
1.1681e-12
1.1576e-12
1.1472e-12
1.1369e-12
1.1267e-12
1.1166e-12
1.1066e-12
1.0967e-12
1.0868e-12
1.0771e-12
1.0674e-12
1.0578e-12
1.0483e-12
1.0389e-12
1.0295e-12
1.0203e-12
1.0111e-12
1.002e-12
9.9296e-13
9.8402e-13
9.7516e-13
9.6637e-13
9.5766e-13
9.4903e-13
9.4047e-13
9.3199e-13
9.2359e-13
9.1525e-13
9.0699e-13
8.9881e-13
8.9069e-13
8.8265e-13
8.7467e-13
8.6677e-13
8.5893e-13
8.5117e-13
8.4347e-13
8.3584e-13
8.2828e-13
8.2078e-13
8.1335e-13
8.0599e-13
7.9869e-13
7.9145e-13
7.8428e-13
7.7717e-13
7.7012e-13
7.6314e-13
7.5622e-13
7.4936e-13
7.4256e-13
7.3581e-13
7.2913e-13
7.2251e-13
7.1595e-13
7.0944e-13
7.0299e-13
6.966e-13
6.9027e-13
6.8399e-13
6.7776e-13
6.7159e-13
6.6548e-13
6.5942e-13
6.5341e-13
6.4746e-13
6.4156e-13
6.3571e-13
6.2992e-13
6.2417e-13
6.1848e-13
6.1284e-13
6.0724e-13
6.017e-13
5.9621e-13
5.9076e-13
5.8536e-13
5.8001e-13
5.7471e-13
5.6946e-13
5.6425e-13
5.5909e-13
5.5397e-13
5.489e-13
5.4388e-13
5.389e-13
5.3396e-13
5.2907e-13
5.2422e-13
5.1942e-13
5.1466e-13
5.0994e-13
5.0526e-13
5.0062e-13
4.9603e-13
4.9147e-13
4.8696e-13
4.8249e-13
4.7806e-13
4.7366e-13
4.6931e-13
4.65e-13
4.6072e-13
4.5648e-13
4.5228e-13
4.4812e-13
4.44e-13
4.3991e-13
4.3586e-13
4.3184e-13
4.2786e-13
4.2392e-13
4.2001e-13
4.1614e-13
4.123e-13
4.0849e-13
4.0472e-13
4.0099e-13
3.9729e-13
3.9362e-13
3.8998e-13
3.8638e-13
3.8281e-13
3.7927e-13
3.7576e-13
3.7229e-13
3.6884e-13
3.6543e-13
3.6205e-13
3.5869e-13
3.5537e-13
3.5208e-13
3.4882e-13
3.4559e-13
3.4238e-13
3.3921e-13
3.3606e-13
3.3294e-13
3.2985e-13
3.2679e-13
3.2376e-13
3.2075e-13
3.1777e-13
3.1482e-13
3.119e-13
3.09e-13
3.0612e-13
3.0328e-13
3.0046e-13
2.9766e-13
2.9489e-13
2.9214e-13
2.8942e-13
2.8673e-13
2.8406e-13
2.8141e-13
2.7879e-13
2.7619e-13
2.7361e-13
2.7106e-13
2.6853e-13
2.6603e-13
2.6354e-13
2.6108e-13
2.5864e-13
2.5623e-13
2.5383e-13
2.5146e-13
2.4911e-13
2.4678e-13
2.4447e-13
2.4219e-13
2.3992e-13
2.3767e-13
2.3545e-13
2.3324e-13
2.3106e-13
2.2889e-13
2.2675e-13
2.2462e-13
2.2252e-13
2.2043e-13
2.1836e-13
2.1631e-13
2.1428e-13
2.1227e-13
2.1028e-13
2.083e-13
2.0635e-13
2.0441e-13
2.0249e-13
2.0058e-13
1.987e-13
1.9683e-13
1.9498e-13
1.9314e-13
1.9132e-13
1.8952e-13
1.8774e-13
1.8597e-13
1.8422e-13
1.8248e-13
1.8076e-13
1.7905e-13
1.7737e-13
1.7569e-13
1.7404e-13
1.7239e-13
1.7076e-13
1.6915e-13
1.6755e-13
1.6597e-13
1.644e-13
1.6285e-13
1.6131e-13
1.5978e-13
1.5827e-13
1.5678e-13
1.5529e-13
1.5382e-13
1.5237e-13
1.5092e-13
1.4949e-13
1.4808e-13
1.4667e-13
1.4528e-13
1.439e-13
1.4254e-13
1.4119e-13
1.3985e-13
1.3852e-13
1.3721e-13
1.359e-13
1.3461e-13
1.3333e-13
1.3207e-13
1.3081e-13
1.2957e-13
1.2833e-13
1.2711e-13
1.259e-13
1.2471e-13
1.2352e-13
1.2234e-13
1.2118e-13
1.2002e-13
1.1888e-13
1.1775e-13
1.1662e-13
1.1551e-13
1.1441e-13
1.1332e-13
1.1224e-13
1.1117e-13
1.1011e-13
1.0905e-13
1.0801e-13
1.0698e-13
1.0596e-13
1.0495e-13
1.0394e-13
1.0295e-13
1.0196e-13
1.0099e-13
1.0002e-13
9.9064e-14
9.8116e-14
9.7176e-14
9.6246e-14
9.5324e-14
9.441e-14
9.3505e-14
9.2609e-14
9.172e-14
9.0841e-14
8.9969e-14
8.9106e-14
8.825e-14
8.7403e-14
8.6564e-14
8.5732e-14
8.4908e-14
8.4092e-14
8.3284e-14
8.2483e-14
8.169e-14
8.0904e-14
8.0126e-14
7.9355e-14
7.8591e-14
7.7834e-14
7.7085e-14
7.6342e-14
7.5606e-14
7.4878e-14
7.4156e-14
7.3441e-14
7.2733e-14
7.2031e-14
7.1336e-14
7.0648e-14
6.9966e-14
6.929e-14
6.8621e-14
6.7958e-14
6.7301e-14
6.6651e-14
6.6007e-14
6.5368e-14
6.4736e-14
6.411e-14
6.349e-14
6.2875e-14
6.2267e-14
6.1664e-14
6.1067e-14
6.0475e-14
5.9889e-14
5.9309e-14
5.8734e-14
5.8165e-14
5.76e-14
5.7042e-14
5.6488e-14
5.594e-14
5.5397e-14
5.4859e-14
5.4327e-14
5.3799e-14
5.3276e-14
5.2759e-14
5.2246e-14
5.1738e-14
5.1235e-14
5.0737e-14
5.0243e-14
4.9754e-14
4.927e-14
4.879e-14
4.8315e-14
4.7845e-14
4.7379e-14
4.6917e-14
4.646e-14
4.6007e-14
4.5559e-14
4.5115e-14
4.4675e-14
4.4239e-14
4.3807e-14
4.338e-14
4.2956e-14
4.2537e-14
4.2121e-14
4.171e-14
4.1303e-14
4.0899e-14
4.0499e-14
4.0103e-14
3.9711e-14
3.9323e-14
3.8938e-14
3.8557e-14
3.818e-14
3.7806e-14
3.7436e-14
3.707e-14
3.6707e-14
3.6347e-14
3.5991e-14
3.5639e-14
3.5289e-14
3.4943e-14
3.4601e-14
3.4262e-14
3.3926e-14
3.3593e-14
3.3263e-14
3.2937e-14
3.2614e-14
3.2294e-14
3.1976e-14
3.1662e-14
3.1352e-14
3.1044e-14
3.0739e-14
3.0437e-14
3.0137e-14
2.9841e-14
2.9548e-14
2.9257e-14
2.897e-14
2.8685e-14
2.8403e-14
2.8123e-14
2.7846e-14
2.7572e-14
2.7301e-14
2.7032e-14
2.6766e-14
2.6503e-14
2.6242e-14
2.5983e-14
2.5727e-14
2.5474e-14
2.5223e-14
2.4974e-14
2.4728e-14
2.4485e-14
2.4243e-14
2.4004e-14
2.3768e-14
2.3533e-14
2.3301e-14
2.3072e-14
2.2844e-14
2.2619e-14
2.2396e-14
2.2175e-14
2.1956e-14
2.1739e-14
2.1525e-14
2.1313e-14
2.1102e-14
2.0894e-14
2.0688e-14
2.0484e-14
2.0282e-14
2.0082e-14
1.9884e-14
1.9687e-14
1.9493e-14
1.9301e-14
1.911e-14
1.8922e-14
1.8735e-14
1.855e-14
1.8367e-14
1.8186e-14
1.8007e-14
1.7829e-14
1.7653e-14
1.7479e-14
1.7307e-14
1.7136e-14
1.6967e-14
1.68e-14
1.6634e-14
1.647e-14
1.6308e-14
1.6147e-14
1.5988e-14
1.5831e-14
1.5675e-14
1.5521e-14
1.5368e-14
1.5217e-14
1.5067e-14
1.4919e-14
1.4772e-14
1.4627e-14
1.4483e-14
1.4341e-14
1.42e-14
1.4061e-14
1.3923e-14
1.3786e-14
1.3651e-14
1.3517e-14
1.3385e-14
1.3254e-14
1.3124e-14
1.2995e-14
1.2868e-14
1.2742e-14
1.2618e-14
1.2495e-14
1.2373e-14
1.2252e-14
1.2133e-14
1.2015e-14
1.1898e-14
1.1782e-14
1.1667e-14
1.1554e-14
1.1442e-14
1.1331e-14
1.1221e-14
1.1113e-14
1.1005e-14
1.0899e-14
1.0794e-14
1.069e-14
1.0587e-14
1.0485e-14
1.0384e-14
1.0284e-14
1.0186e-14
1.0088e-14
9.9915e-15
9.896e-15
9.8016e-15
9.7082e-15
9.6158e-15
9.5244e-15
9.434e-15
9.3447e-15
9.2563e-15
9.1689e-15
9.0824e-15
8.997e-15
8.9125e-15
8.8289e-15
8.7463e-15
8.6646e-15
8.5839e-15
8.504e-15
8.4251e-15
8.3471e-15
8.27e-15
8.1938e-15
8.1185e-15
8.044e-15
7.9704e-15
7.8977e-15
7.8259e-15
7.7549e-15
7.6848e-15
7.6155e-15
7.547e-15
7.4794e-15
7.4126e-15
7.3466e-15
7.2815e-15
7.2171e-15
7.1536e-15
7.0909e-15
7.0289e-15
6.9678e-15
6.9074e-15
6.8478e-15
6.789e-15
6.731e-15
6.6737e-15
6.6172e-15
6.5614e-15
6.5064e-15
6.4522e-15
6.3987e-15
6.3459e-15
6.2939e-15
6.2426e-15
6.1921e-15
6.1423e-15
6.0932e-15
6.0448e-15
5.9971e-15
5.9502e-15
5.9039e-15
5.8584e-15
5.8135e-15
5.7694e-15
5.726e-15
5.6833e-15
5.6412e-15
5.5999e-15
5.5592e-15
5.5192e-15
5.48e-15
5.4414e-15
5.4034e-15
5.3662e-15
5.3296e-15
5.2937e-15
5.2585e-15
5.224e-15
5.1901e-15
5.1569e-15
5.1243e-15
5.0925e-15
5.0613e-15
5.0307e-15
5.0009e-15
4.9716e-15
4.9431e-15
4.9152e-15
4.888e-15
4.8614e-15
4.8355e-15
4.8103e-15
4.7857e-15
4.7618e-15
4.7385e-15
4.7159e-15
4.694e-15
4.6727e-15
4.6521e-15
