7.2164e-54
7.0977e-54
7.0402e-54
7.0439e-54
7.109e-54
7.2364e-54
7.4275e-54
7.6843e-54
8.0092e-54
8.4054e-54
8.8765e-54
9.4271e-54
1.0062e-53
1.0787e-53
1.161e-53
1.2536e-53
1.3576e-53
1.4738e-53
1.6032e-53
1.7471e-53
1.9067e-53
2.0835e-53
2.279e-53
2.4951e-53
2.7335e-53
2.9965e-53
3.2865e-53
3.6059e-53
3.9577e-53
4.3449e-53
4.771e-53
5.2398e-53
5.7555e-53
6.3225e-53
6.946e-53
7.6315e-53
8.3849e-53
9.213e-53
1.0123e-52
1.1123e-52
1.2222e-52
1.3429e-52
1.4755e-52
1.6212e-52
1.7813e-52
1.9571e-52
2.1502e-52
2.3622e-52
2.5951e-52
2.8509e-52
3.1318e-52
3.4402e-52
3.7788e-52
4.1507e-52
4.5589e-52
5.0071e-52
5.4992e-52
6.0394e-52
6.6324e-52
7.2834e-52
7.9979e-52
8.7822e-52
9.643e-52
1.0588e-51
1.1625e-51
1.2762e-51
1.4011e-51
1.5381e-51
1.6885e-51
1.8535e-51
2.0345e-51
2.2331e-51
2.451e-51
2.69e-51
2.9523e-51
3.2399e-51
3.5555e-51
3.9016e-51
4.2813e-51
4.6977e-51
5.1544e-51
5.6553e-51
6.2046e-51
6.807e-51
7.4676e-51
8.1919e-51
8.9862e-51
9.857e-51
1.0812e-50
1.1859e-50
1.3006e-50
1.4264e-50
1.5644e-50
1.7156e-50
1.8813e-50
2.0629e-50
2.262e-50
2.4802e-50
2.7194e-50
2.9815e-50
3.2687e-50
3.5834e-50
3.9283e-50
4.3062e-50
4.7203e-50
5.174e-50
5.671e-50
6.2156e-50
6.8121e-50
7.4656e-50
8.1815e-50
8.9657e-50
9.8246e-50
1.0765e-49
1.1796e-49
1.2924e-49
1.416e-49
1.5514e-49
1.6996e-49
1.8619e-49
2.0396e-49
2.2342e-49
2.4472e-49
2.6805e-49
2.9359e-49
3.2154e-49
3.5215e-49
3.8565e-49
4.2232e-49
4.6246e-49
5.064e-49
5.5449e-49
6.0712e-49
6.6472e-49
7.2775e-49
7.9673e-49
8.7222e-49
9.5481e-49
1.0452e-48
1.1441e-48
1.2523e-48
1.3706e-48
1.5001e-48
1.6418e-48
1.7967e-48
1.9662e-48
2.1516e-48
2.3544e-48
2.5763e-48
2.8188e-48
3.0842e-48
3.3743e-48
3.6916e-48
4.0386e-48
4.418e-48
4.8328e-48
5.2864e-48
5.7823e-48
6.3245e-48
6.9173e-48
7.5653e-48
8.2737e-48
9.048e-48
9.8944e-48
1.082e-47
1.1831e-47
1.2936e-47
1.4144e-47
1.5464e-47
1.6906e-47
1.8483e-47
2.0205e-47
2.2087e-47
2.4143e-47
2.639e-47
2.8845e-47
3.1527e-47
3.4457e-47
3.7657e-47
4.1153e-47
4.4972e-47
4.9143e-47
5.3699e-47
5.8675e-47
6.411e-47
7.0045e-47
7.6526e-47
8.3604e-47
9.1332e-47
9.9771e-47
1.0899e-46
1.1905e-46
1.3003e-46
1.4202e-46
1.5511e-46
1.694e-46
1.8501e-46
2.0203e-46
2.2062e-46
2.4091e-46
2.6305e-46
2.8722e-46
3.1359e-46
3.4238e-46
3.7378e-46
4.0806e-46
4.4546e-46
4.8626e-46
5.3079e-46
5.7936e-46
6.3236e-46
6.9017e-46
7.5325e-46
8.2205e-46
8.971e-46
9.7896e-46
1.0683e-45
1.1656e-45
1.2719e-45
1.3877e-45
1.514e-45
1.6518e-45
1.802e-45
1.9658e-45
2.1444e-45
2.3391e-45
2.5515e-45
2.7829e-45
3.0353e-45
3.3104e-45
3.6103e-45
3.9372e-45
4.2935e-45
4.6819e-45
5.1053e-45
5.5666e-45
6.0695e-45
6.6174e-45
7.2146e-45
7.8653e-45
8.5744e-45
9.347e-45
1.0189e-44
1.1106e-44
1.2105e-44
1.3194e-44
1.438e-44
1.5672e-44
1.7079e-44
1.8612e-44
2.0282e-44
2.2101e-44
2.4082e-44
2.6239e-44
2.8588e-44
3.1147e-44
3.3933e-44
3.6966e-44
4.027e-44
4.3866e-44
4.7782e-44
5.2046e-44
5.6688e-44
6.1741e-44
6.7242e-44
7.323e-44
7.9748e-44
8.6843e-44
9.4565e-44
1.0297e-43
1.1212e-43
1.2207e-43
1.3291e-43
1.4469e-43
1.5752e-43
1.7148e-43
1.8667e-43
2.0319e-43
2.2117e-43
2.4073e-43
2.6201e-43
2.8516e-43
3.1034e-43
3.3773e-43
3.6753e-43
3.9994e-43
4.3518e-43
4.7352e-43
5.1521e-43
5.6054e-43
6.0985e-43
6.6346e-43
7.2176e-43
7.8514e-43
8.5406e-43
9.29e-43
1.0105e-42
1.099e-42
1.1953e-42
1.3e-42
1.4137e-42
1.5374e-42
1.6718e-42
1.8179e-42
1.9767e-42
2.1492e-42
2.3368e-42
2.5406e-42
2.762e-42
3.0026e-42
3.2641e-42
3.5482e-42
3.8568e-42
4.1922e-42
4.5565e-42
4.9523e-42
5.3822e-42
5.8492e-42
6.3565e-42
6.9075e-42
7.506e-42
8.156e-42
8.8619e-42
9.6285e-42
1.0461e-41
1.1365e-41
1.2347e-41
1.3413e-41
1.457e-41
1.5827e-41
1.7191e-41
1.8672e-41
2.028e-41
2.2026e-41
2.392e-41
2.5977e-41
2.8209e-41
3.0633e-41
3.3262e-41
3.6117e-41
3.9214e-41
4.2575e-41
4.6223e-41
5.0181e-41
5.4476e-41
5.9136e-41
6.4193e-41
6.9678e-41
7.563e-41
8.2086e-41
8.9091e-41
9.6688e-41
1.0493e-40
1.1387e-40
1.2357e-40
1.3408e-40
1.4549e-40
1.5786e-40
1.7127e-40
1.8582e-40
2.0159e-40
2.1869e-40
2.3724e-40
2.5735e-40
2.7915e-40
3.0278e-40
3.2841e-40
3.5619e-40
3.863e-40
4.1894e-40
4.5432e-40
4.9267e-40
5.3423e-40
5.7928e-40
6.2809e-40
6.81e-40
7.3833e-40
8.0046e-40
8.6778e-40
9.4073e-40
1.0198e-39
1.1054e-39
1.1982e-39
1.2987e-39
1.4075e-39
1.5255e-39
1.6533e-39
1.7917e-39
1.9416e-39
2.1039e-39
2.2797e-39
2.4702e-39
2.6764e-39
2.8998e-39
3.1416e-39
3.4035e-39
3.687e-39
3.9941e-39
4.3265e-39
4.6864e-39
5.076e-39
5.4978e-39
5.9545e-39
6.4487e-39
6.9838e-39
7.5629e-39
8.1897e-39
8.8681e-39
9.6023e-39
1.0397e-38
1.1257e-38
1.2187e-38
1.3194e-38
1.4284e-38
1.5462e-38
1.6738e-38
1.8118e-38
1.9611e-38
2.1226e-38
2.2973e-38
2.4863e-38
2.6907e-38
2.9118e-38
3.151e-38
3.4097e-38
3.6895e-38
3.992e-38
4.3192e-38
4.6731e-38
5.0557e-38
5.4694e-38
5.9167e-38
6.4004e-38
6.9233e-38
7.4887e-38
8.0998e-38
8.7606e-38
9.4748e-38
1.0247e-37
1.1081e-37
1.1983e-37
1.2958e-37
1.4012e-37
1.5151e-37
1.6381e-37
1.7711e-37
1.9148e-37
2.0701e-37
2.2378e-37
2.4191e-37
2.615e-37
2.8266e-37
3.0552e-37
3.3021e-37
3.5689e-37
3.8571e-37
4.1683e-37
4.5045e-37
4.8677e-37
5.2598e-37
5.6834e-37
6.1408e-37
6.6348e-37
7.1682e-37
7.7442e-37
8.3661e-37
9.0376e-37
9.7626e-37
1.0545e-36
1.139e-36
1.2303e-36
1.3287e-36
1.4351e-36
1.5498e-36
1.6737e-36
1.8073e-36
1.9516e-36
2.1073e-36
2.2754e-36
2.4567e-36
2.6524e-36
2.8636e-36
3.0914e-36
3.3373e-36
3.6025e-36
3.8887e-36
4.1975e-36
4.5306e-36
4.8899e-36
5.2775e-36
5.6955e-36
6.1465e-36
6.6329e-36
7.1575e-36
7.7233e-36
8.3335e-36
8.9915e-36
9.7011e-36
1.0466e-35
1.1291e-35
1.2181e-35
1.314e-35
1.4174e-35
1.5289e-35
1.6491e-35
1.7787e-35
1.9184e-35
2.0689e-35
2.2312e-35
2.4061e-35
2.5946e-35
2.7978e-35
3.0168e-35
3.2528e-35
3.5071e-35
3.7811e-35
4.0764e-35
4.3946e-35
4.7374e-35
5.1067e-35
5.5046e-35
5.9333e-35
6.3951e-35
6.8926e-35
7.4284e-35
8.0056e-35
8.6274e-35
9.297e-35
1.0018e-34
1.0795e-34
1.1631e-34
1.2532e-34
1.3502e-34
1.4546e-34
1.5671e-34
1.6882e-34
1.8186e-34
1.9589e-34
2.11e-34
2.2727e-34
2.4478e-34
2.6363e-34
2.8392e-34
3.0576e-34
3.2927e-34
3.5457e-34
3.818e-34
4.111e-34
4.4263e-34
4.7657e-34
5.1308e-34
5.5237e-34
5.9464e-34
6.4013e-34
6.8906e-34
7.4171e-34
7.9835e-34
8.5927e-34
9.2481e-34
9.9531e-34
1.0711e-33
1.1527e-33
1.2404e-33
1.3348e-33
1.4362e-33
1.5453e-33
1.6626e-33
1.7888e-33
1.9245e-33
2.0703e-33
2.2272e-33
2.3958e-33
2.5771e-33
2.772e-33
2.9815e-33
3.2067e-33
3.4488e-33
3.709e-33
3.9886e-33
4.2892e-33
4.6123e-33
4.9595e-33
5.3326e-33
5.7336e-33
6.1644e-33
6.6274e-33
7.1249e-33
7.6594e-33
8.2336e-33
8.8506e-33
9.5134e-33
1.0225e-32
1.099e-32
1.1812e-32
1.2694e-32
1.3642e-32
1.466e-32
1.5754e-32
1.6928e-32
1.8189e-32
1.9544e-32
2.0998e-32
2.2559e-32
2.4236e-32
2.6036e-32
2.7969e-32
3.0045e-32
3.2272e-32
3.4664e-32
3.7232e-32
3.9988e-32
4.2946e-32
4.6121e-32
4.9529e-32
5.3187e-32
5.7113e-32
6.1325e-32
6.5846e-32
7.0698e-32
7.5904e-32
8.1489e-32
8.7483e-32
9.3913e-32
1.0081e-31
1.0821e-31
1.1615e-31
1.2467e-31
1.3381e-31
1.4361e-31
1.5412e-31
1.654e-31
1.7749e-31
1.9046e-31
2.0437e-31
2.1929e-31
2.3528e-31
2.5243e-31
2.7083e-31
2.9055e-31
3.1169e-31
3.3436e-31
3.5866e-31
3.8472e-31
4.1265e-31
4.4259e-31
4.7468e-31
5.0908e-31
5.4595e-31
5.8547e-31
6.2782e-31
6.7321e-31
7.2185e-31
7.7398e-31
8.2983e-31
8.8968e-31
9.5381e-31
1.0225e-30
1.0961e-30
1.175e-30
1.2595e-30
1.35e-30
1.447e-30
1.5508e-30
1.6621e-30
1.7813e-30
1.9089e-30
2.0456e-30
2.192e-30
2.3487e-30
2.5166e-30
2.6964e-30
2.8889e-30
3.095e-30
3.3157e-30
3.552e-30
3.805e-30
4.0758e-30
4.3657e-30
4.6761e-30
5.0083e-30
5.3639e-30
5.7446e-30
6.152e-30
6.588e-30
7.0546e-30
7.554e-30
8.0885e-30
8.6603e-30
9.2723e-30
9.9271e-30
1.0628e-29
1.1377e-29
1.2179e-29
1.3037e-29
1.3955e-29
1.4937e-29
1.5987e-29
1.7111e-29
1.8312e-29
1.9598e-29
2.0972e-29
2.2442e-29
2.4015e-29
2.5696e-29
2.7494e-29
2.9417e-29
3.1473e-29
3.3671e-29
3.6021e-29
3.8534e-29
4.122e-29
4.4092e-29
4.7162e-29
5.0444e-29
5.3952e-29
5.7701e-29
6.1709e-29
6.5992e-29
7.057e-29
7.5463e-29
8.0691e-29
8.6278e-29
9.2249e-29
9.8628e-29
1.0544e-28
1.1273e-28
1.2051e-28
1.2882e-28
1.377e-28
1.4719e-28
1.5733e-28
1.6815e-28
1.7971e-28
1.9207e-28
2.0526e-28
2.1935e-28
2.3439e-28
2.5046e-28
2.6762e-28
2.8594e-28
3.0551e-28
3.264e-28
3.4871e-28
3.7252e-28
3.9795e-28
4.251e-28
4.5407e-28
4.8501e-28
5.1803e-28
5.5327e-28
5.9089e-28
6.3105e-28
6.739e-28
7.1964e-28
7.6845e-28
8.2053e-28
8.7612e-28
9.3543e-28
9.9871e-28
1.0662e-27
1.1383e-27
1.2151e-27
1.2971e-27
1.3846e-27
1.4779e-27
1.5775e-27
1.6837e-27
1.7969e-27
1.9177e-27
2.0465e-27
2.1839e-27
2.3305e-27
2.4867e-27
2.6534e-27
2.8311e-27
3.0205e-27
3.2226e-27
3.438e-27
3.6676e-27
3.9124e-27
4.1734e-27
4.4516e-27
4.7482e-27
5.0644e-27
5.4014e-27
5.7605e-27
6.1433e-27
6.5513e-27
6.9861e-27
7.4495e-27
7.9432e-27
8.4694e-27
9.03e-27
9.6274e-27
1.0264e-26
1.0942e-26
1.1664e-26
1.2434e-26
1.3254e-26
1.4127e-26
1.5058e-26
1.6049e-26
1.7104e-26
1.8228e-26
1.9426e-26
2.0701e-26
2.2059e-26
2.3505e-26
2.5044e-26
2.6684e-26
2.843e-26
3.0289e-26
3.2268e-26
3.4375e-26
3.6618e-26
3.9006e-26
4.1548e-26
4.4254e-26
4.7134e-26
5.02e-26
5.3463e-26
5.6935e-26
6.0631e-26
6.4564e-26
6.875e-26
7.3204e-26
7.7943e-26
8.2986e-26
8.8352e-26
9.406e-26
1.0013e-25
1.066e-25
1.1347e-25
1.2078e-25
1.2856e-25
1.3683e-25
1.4563e-25
1.5499e-25
1.6495e-25
1.7554e-25
1.868e-25
1.9877e-25
2.115e-25
2.2504e-25
2.3944e-25
2.5475e-25
2.7102e-25
2.8832e-25
3.0672e-25
3.2628e-25
3.4706e-25
3.6916e-25
3.9265e-25
4.1762e-25
4.4416e-25
4.7237e-25
5.0234e-25
5.342e-25
5.6805e-25
6.0403e-25
6.4226e-25
6.8288e-25
7.2604e-25
7.719e-25
8.2062e-25
8.7238e-25
9.2737e-25
9.8579e-25
1.0478e-24
1.1138e-24
1.1838e-24
1.2581e-24
1.3371e-24
1.421e-24
1.5101e-24
1.6047e-24
1.7052e-24
1.8118e-24
1.9251e-24
2.0454e-24
2.1731e-24
2.3087e-24
2.4527e-24
2.6055e-24
2.7677e-24
2.9399e-24
3.1227e-24
3.3168e-24
3.5227e-24
3.7413e-24
3.9733e-24
4.2195e-24
4.4808e-24
4.7581e-24
5.0524e-24
5.3646e-24
5.6959e-24
6.0474e-24
6.4203e-24
6.816e-24
7.2357e-24
7.681e-24
8.1534e-24
8.6545e-24
9.186e-24
9.7497e-24
1.0348e-23
1.0982e-23
1.1654e-23
1.2368e-23
1.3124e-23
1.3926e-23
1.4777e-23
1.5678e-23
1.6635e-23
1.7648e-23
1.8723e-23
1.9863e-23
2.1071e-23
2.2351e-23
2.3709e-23
2.5148e-23
2.6673e-23
2.8289e-23
3.0003e-23
3.1819e-23
3.3743e-23
3.5782e-23
3.7943e-23
4.0233e-23
4.2659e-23
4.523e-23
4.7954e-23
5.084e-23
5.3897e-23
5.7136e-23
6.0567e-23
6.4202e-23
6.8052e-23
7.213e-23
7.6449e-23
8.1024e-23
8.5869e-23
9.1e-23
9.6434e-23
1.0219e-22
1.0828e-22
1.1473e-22
1.2156e-22
1.288e-22
1.3645e-22
1.4456e-22
1.5315e-22
1.6223e-22
1.7185e-22
1.8203e-22
1.9281e-22
2.0421e-22
2.1629e-22
2.2906e-22
2.4259e-22
2.569e-22
2.7204e-22
2.8806e-22
3.0502e-22
3.2296e-22
3.4194e-22
3.6203e-22
3.8327e-22
4.0575e-22
4.2953e-22
4.5469e-22
4.813e-22
5.0945e-22
5.3922e-22
5.707e-22
6.0401e-22
6.3923e-22
6.7647e-22
7.1586e-22
7.5751e-22
8.0155e-22
8.4812e-22
8.9736e-22
9.4942e-22
1.0045e-21
1.0626e-21
1.1242e-21
1.1892e-21
1.2579e-21
1.3306e-21
1.4074e-21
1.4885e-21
1.5743e-21
1.665e-21
1.7608e-21
1.8621e-21
1.9691e-21
2.0821e-21
2.2016e-21
2.3278e-21
2.4612e-21
2.6021e-21
2.7509e-21
2.9082e-21
3.0743e-21
3.2498e-21
3.4352e-21
3.631e-21
3.8377e-21
4.0562e-21
4.2868e-21
4.5304e-21
4.7877e-21
5.0593e-21
5.3462e-21
5.6491e-21
5.9689e-21
6.3066e-21
6.6631e-21
7.0395e-21
7.4368e-21
7.8563e-21
8.2991e-21
8.7664e-21
9.2598e-21
9.7805e-21
1.033e-20
1.091e-20
1.1522e-20
1.2168e-20
1.285e-20
1.3569e-20
1.4328e-20
1.5129e-20
1.5974e-20
1.6866e-20
1.7806e-20
1.8798e-20
1.9845e-20
2.0949e-20
2.2114e-20
2.3343e-20
2.4638e-20
2.6005e-20
2.7447e-20
2.8967e-20
3.057e-20
3.226e-20
3.4043e-20
3.5923e-20
3.7905e-20
3.9995e-20
4.2198e-20
4.4521e-20
4.697e-20
4.9552e-20
5.2273e-20
5.5142e-20
5.8166e-20
6.1353e-20
6.4712e-20
6.8252e-20
7.1983e-20
7.5916e-20
8.0059e-20
8.4426e-20
8.9027e-20
9.3875e-20
9.8983e-20
1.0437e-19
1.1004e-19
1.1601e-19
1.223e-19
1.2893e-19
1.3591e-19
1.4327e-19
1.5102e-19
1.5918e-19
1.6777e-19
1.7682e-19
1.8635e-19
1.9639e-19
2.0696e-19
2.1809e-19
2.2981e-19
2.4215e-19
2.5514e-19
2.6882e-19
2.8322e-19
2.9838e-19
3.1434e-19
3.3114e-19
3.4883e-19
3.6744e-19
3.8703e-19
4.0765e-19
4.2935e-19
4.5218e-19
4.7622e-19
5.0151e-19
5.2812e-19
5.5612e-19
5.8558e-19
6.1658e-19
6.4919e-19
6.835e-19
7.196e-19
7.5757e-19
7.9751e-19
8.3953e-19
8.8372e-19
9.3021e-19
9.791e-19
1.0305e-18
1.0846e-18
1.1415e-18
1.2012e-18
1.2641e-18
1.3302e-18
1.3998e-18
1.4729e-18
1.5497e-18
1.6305e-18
1.7154e-18
1.8047e-18
1.8986e-18
1.9973e-18
2.101e-18
2.21e-18
2.3245e-18
2.4449e-18
2.5715e-18
2.7045e-18
2.8442e-18
2.991e-18
3.1453e-18
3.3075e-18
3.4778e-18
3.6568e-18
3.8448e-18
4.0423e-18
4.2499e-18
4.4678e-18
4.6968e-18
4.9373e-18
5.19e-18
5.4553e-18
5.734e-18
6.0266e-18
6.334e-18
6.6567e-18
6.9956e-18
7.3515e-18
7.7252e-18
8.1175e-18
8.5294e-18
8.9619e-18
9.4159e-18
9.8925e-18
1.0393e-17
1.0918e-17
1.1469e-17
1.2048e-17
1.2655e-17
1.3293e-17
1.3962e-17
1.4664e-17
1.54e-17
1.6173e-17
1.6985e-17
1.7836e-17
1.8729e-17
1.9666e-17
2.0649e-17
2.168e-17
2.2762e-17
2.3897e-17
2.5088e-17
2.6336e-17
2.7646e-17
2.902e-17
3.0461e-17
3.1972e-17
3.3557e-17
3.5219e-17
3.6962e-17
3.8789e-17
4.0705e-17
4.2714e-17
4.4821e-17
4.7029e-17
4.9344e-17
5.1772e-17
5.4316e-17
5.6983e-17
5.9779e-17
6.2709e-17
6.5781e-17
6.9e-17
7.2374e-17
7.5909e-17
7.9615e-17
8.3497e-17
8.7566e-17
9.1829e-17
9.6296e-17
1.0098e-16
1.0588e-16
1.1102e-16
1.164e-16
1.2204e-16
1.2794e-16
1.3413e-16
1.4061e-16
1.4739e-16
1.545e-16
1.6194e-16
1.6974e-16
1.779e-16
1.8645e-16
1.954e-16
2.0478e-16
2.1459e-16
2.2487e-16
2.3563e-16
2.4689e-16
2.5868e-16
2.7103e-16
2.8395e-16
2.9748e-16
3.1164e-16
3.2645e-16
3.4196e-16
3.582e-16
3.7518e-16
3.9296e-16
4.1157e-16
4.3103e-16
4.514e-16
4.7272e-16
4.9502e-16
5.1835e-16
5.4276e-16
5.6829e-16
5.9501e-16
6.2295e-16
6.5218e-16
6.8275e-16
7.1473e-16
7.4818e-16
7.8316e-16
8.1975e-16
8.5801e-16
8.9801e-16
9.3985e-16
9.836e-16
1.0293e-15
1.0772e-15
1.1272e-15
1.1794e-15
1.2341e-15
1.2912e-15
1.3509e-15
1.4134e-15
1.4786e-15
1.5468e-15
1.6181e-15
1.6926e-15
1.7705e-15
1.8518e-15
1.9369e-15
2.0257e-15
2.1186e-15
2.2156e-15
2.317e-15
2.4229e-15
2.5335e-15
2.6491e-15
2.7698e-15
2.896e-15
3.0278e-15
3.1654e-15
3.3091e-15
3.4593e-15
3.6161e-15
3.7799e-15
3.9509e-15
4.1295e-15
4.316e-15
4.5108e-15
4.7141e-15
4.9264e-15
5.1481e-15
5.3795e-15
5.6211e-15
5.8734e-15
6.1367e-15
6.4115e-15
6.6984e-15
6.9978e-15
7.3104e-15
7.6366e-15
7.977e-15
8.3323e-15
8.703e-15
9.0899e-15
9.4936e-15
9.9148e-15
1.0354e-14
1.0813e-14
1.1291e-14
1.179e-14
1.2311e-14
1.2854e-14
1.3421e-14
1.4012e-14
1.4628e-14
1.5271e-14
1.5942e-14
1.6641e-14
1.737e-14
1.8131e-14
1.8924e-14
1.9751e-14
2.0613e-14
2.1512e-14
2.245e-14
2.3427e-14
2.4446e-14
2.5508e-14
2.6615e-14
2.777e-14
2.8973e-14
3.0227e-14
3.1534e-14
3.2896e-14
3.4316e-14
3.5795e-14
3.7337e-14
3.8944e-14
4.0618e-14
4.2363e-14
4.418e-14
4.6074e-14
4.8047e-14
5.0103e-14
5.2244e-14
5.4475e-14
5.6799e-14
5.9219e-14
6.1741e-14
6.4367e-14
6.7101e-14
6.995e-14
7.2916e-14
7.6005e-14
7.9222e-14
8.2572e-14
8.606e-14
8.9691e-14
9.3472e-14
9.7409e-14
1.0151e-13
1.0577e-13
1.1022e-13
1.1484e-13
1.1965e-13
1.2466e-13
1.2987e-13
1.353e-13
1.4095e-13
1.4682e-13
1.5294e-13
1.5931e-13
1.6593e-13
1.7282e-13
1.7999e-13
1.8745e-13
1.9521e-13
2.0329e-13
2.1169e-13
2.2043e-13
2.2952e-13
2.3897e-13
2.4881e-13
2.5904e-13
2.6968e-13
2.8074e-13
2.9225e-13
3.0422e-13
3.1666e-13
3.296e-13
3.4306e-13
3.5705e-13
3.7159e-13
3.8672e-13
4.0244e-13
4.1878e-13
4.3577e-13
4.5344e-13
4.718e-13
4.9088e-13
5.1071e-13
5.3133e-13
5.5276e-13
5.7502e-13
5.9816e-13
6.2221e-13
6.4719e-13
6.7315e-13
7.0013e-13
7.2816e-13
7.5728e-13
7.8753e-13
8.1896e-13
8.5161e-13
8.8552e-13
9.2075e-13
9.5734e-13
9.9535e-13
1.0348e-12
1.0758e-12
1.1184e-12
1.1626e-12
1.2085e-12
1.2562e-12
1.3057e-12
1.3571e-12
1.4105e-12
1.4659e-12
1.5234e-12
1.5831e-12
1.6451e-12
1.7095e-12
1.7763e-12
1.8456e-12
1.9176e-12
1.9923e-12
2.0698e-12
2.1502e-12
2.2337e-12
2.3203e-12
2.4102e-12
2.5035e-12
2.6003e-12
2.7007e-12
2.8049e-12
2.913e-12
3.0251e-12
3.1415e-12
3.2621e-12
3.3873e-12
3.5171e-12
3.6518e-12
3.7915e-12
3.9363e-12
4.0865e-12
4.2423e-12
4.4038e-12
4.5713e-12
4.745e-12
4.9251e-12
5.1119e-12
5.3055e-12
5.5062e-12
5.7142e-12
5.9299e-12
6.1535e-12
6.3853e-12
6.6255e-12
6.8745e-12
7.1326e-12
7.4e-12
7.6772e-12
7.9644e-12
8.2621e-12
8.5705e-12
8.8901e-12
9.2213e-12
9.5644e-12
9.9198e-12
1.0288e-11
1.067e-11
1.1065e-11
1.1474e-11
1.1898e-11
1.2338e-11
1.2793e-11
1.3264e-11
1.3752e-11
1.4257e-11
1.478e-11
1.5322e-11
1.5884e-11
1.6465e-11
1.7066e-11
1.7689e-11
1.8334e-11
1.9002e-11
1.9693e-11
2.0409e-11
2.115e-11
2.1916e-11
2.271e-11
2.3532e-11
2.4382e-11
2.5262e-11
2.6172e-11
2.7115e-11
2.809e-11
2.9099e-11
3.0143e-11
3.1223e-11
3.2341e-11
3.3497e-11
3.4694e-11
3.5931e-11
3.7212e-11
3.8536e-11
3.9906e-11
4.1323e-11
4.2789e-11
4.4304e-11
4.5872e-11
4.7493e-11
4.917e-11
5.0904e-11
5.2696e-11
5.455e-11
5.6467e-11
5.8448e-11
6.0497e-11
6.2615e-11
6.4805e-11
6.7068e-11
6.9408e-11
7.1827e-11
7.4327e-11
7.691e-11
7.9581e-11
8.2341e-11
8.5193e-11
8.814e-11
9.1186e-11
9.4334e-11
9.7586e-11
1.0095e-10
1.0442e-10
1.08e-10
1.1171e-10
1.1554e-10
1.1949e-10
1.2358e-10
1.278e-10
1.3215e-10
1.3665e-10
1.413e-10
1.461e-10
1.5106e-10
1.5618e-10
1.6147e-10
1.6693e-10
1.7257e-10
1.7839e-10
1.844e-10
1.906e-10
1.9701e-10
2.0362e-10
2.1045e-10
2.1749e-10
2.2476e-10
2.3227e-10
2.4002e-10
2.4802e-10
2.5627e-10
2.6478e-10
2.7357e-10
2.8264e-10
2.92e-10
3.0166e-10
3.1162e-10
3.219e-10
3.325e-10
3.4344e-10
3.5473e-10
3.6637e-10
3.7838e-10
3.9077e-10
4.0355e-10
4.1672e-10
4.3031e-10
4.4433e-10
4.5879e-10
4.7369e-10
4.8906e-10
5.0491e-10
5.2125e-10
5.381e-10
5.5548e-10
5.7339e-10
5.9185e-10
6.1088e-10
6.305e-10
6.5073e-10
6.7158e-10
6.9306e-10
7.1521e-10
7.3803e-10
7.6156e-10
7.858e-10
8.1078e-10
8.3652e-10
8.6304e-10
8.9037e-10
9.1852e-10
9.4753e-10
9.7742e-10
1.0082e-09
1.0399e-09
1.0726e-09
1.1063e-09
1.1409e-09
1.1766e-09
1.2134e-09
1.2513e-09
1.2903e-09
1.3304e-09
1.3718e-09
1.4144e-09
1.4582e-09
1.5034e-09
1.5499e-09
1.5977e-09
1.647e-09
1.6977e-09
1.75e-09
1.8037e-09
1.859e-09
1.916e-09
1.9746e-09
2.0349e-09
2.097e-09
2.1609e-09
2.2267e-09
2.2943e-09
2.364e-09
2.4356e-09
2.5093e-09
2.5852e-09
2.6632e-09
2.7435e-09
2.826e-09
2.911e-09
2.9984e-09
3.0882e-09
3.1807e-09
3.2758e-09
3.3735e-09
3.4741e-09
3.5775e-09
3.6839e-09
3.7933e-09
3.9057e-09
4.0214e-09
4.1402e-09
4.2625e-09
4.3881e-09
4.5173e-09
4.6501e-09
4.7867e-09
4.927e-09
5.0712e-09
5.2195e-09
5.3719e-09
5.5285e-09
5.6894e-09
5.8548e-09
6.0248e-09
6.1994e-09
6.3789e-09
6.5633e-09
6.7527e-09
6.9473e-09
7.1473e-09
7.3527e-09
7.5638e-09
7.7805e-09
8.0032e-09
8.2319e-09
8.4668e-09
8.7081e-09
8.9558e-09
9.2103e-09
9.4716e-09
9.7399e-09
1.0015e-08
1.0298e-08
1.0589e-08
1.0887e-08
1.1193e-08
1.1508e-08
1.183e-08
1.2162e-08
1.2502e-08
1.2851e-08
1.3209e-08
1.3577e-08
1.3954e-08
1.4341e-08
1.4739e-08
1.5147e-08
1.5565e-08
1.5995e-08
1.6435e-08
1.6888e-08
1.7351e-08
1.7827e-08
1.8315e-08
1.8816e-08
1.933e-08
1.9857e-08
2.0398e-08
2.0952e-08
2.1521e-08
2.2104e-08
2.2702e-08
2.3315e-08
2.3944e-08
2.4589e-08
2.525e-08
2.5928e-08
2.6624e-08
2.7336e-08
2.8067e-08
2.8816e-08
2.9584e-08
3.0371e-08
3.1178e-08
3.2005e-08
3.2852e-08
3.3721e-08
3.4611e-08
3.5524e-08
3.6458e-08
3.7416e-08
3.8398e-08
3.9404e-08
4.0435e-08
4.1491e-08
4.2572e-08
4.3681e-08
4.4816e-08
4.5979e-08
4.717e-08
4.839e-08
4.964e-08
5.092e-08
5.2231e-08
5.3574e-08
5.4948e-08
5.6356e-08
5.7798e-08
5.9274e-08
6.0785e-08
6.2333e-08
6.3917e-08
6.5539e-08
6.72e-08
6.8899e-08
7.0639e-08
7.242e-08
7.4243e-08
7.6109e-08
7.8019e-08
7.9973e-08
8.1973e-08
8.4019e-08
8.6113e-08
8.8256e-08
9.0449e-08
9.2692e-08
9.4988e-08
9.7336e-08
9.9738e-08
1.022e-07
1.0471e-07
1.0728e-07
1.0991e-07
1.126e-07
1.1535e-07
1.1817e-07
1.2104e-07
1.2399e-07
1.27e-07
1.3007e-07
1.3322e-07
1.3644e-07
1.3972e-07
1.4309e-07
1.4652e-07
1.5004e-07
1.5363e-07
1.573e-07
1.6106e-07
1.6489e-07
1.6881e-07
1.7282e-07
1.7692e-07
1.811e-07
1.8538e-07
1.8975e-07
1.9422e-07
1.9878e-07
2.0344e-07
2.082e-07
2.1307e-07
2.1804e-07
2.2312e-07
2.283e-07
2.336e-07
2.3901e-07
2.4454e-07
2.5019e-07
2.5595e-07
2.6184e-07
2.6785e-07
2.7399e-07
2.8026e-07
2.8666e-07
2.932e-07
2.9987e-07
3.0668e-07
3.1364e-07
3.2073e-07
3.2798e-07
3.3538e-07
3.4293e-07
3.5064e-07
3.585e-07
3.6653e-07
3.7472e-07
3.8308e-07
3.9161e-07
4.0031e-07
4.0919e-07
4.1825e-07
4.275e-07
4.3693e-07
4.4655e-07
4.5637e-07
4.6638e-07
4.766e-07
4.8701e-07
4.9764e-07
5.0848e-07
5.1953e-07
5.308e-07
5.423e-07
5.5402e-07
5.6597e-07
5.7816e-07
5.9058e-07
6.0325e-07
6.1617e-07
6.2933e-07
6.4276e-07
6.5644e-07
6.7039e-07
6.846e-07
6.9909e-07
7.1386e-07
7.2891e-07
7.4425e-07
7.5988e-07
7.7581e-07
7.9204e-07
8.0858e-07
8.2543e-07
8.4259e-07
8.6008e-07
8.779e-07
8.9605e-07
9.1454e-07
9.3338e-07
9.5256e-07
9.721e-07
9.92e-07
1.0123e-06
1.0329e-06
1.0539e-06
1.0753e-06
1.0971e-06
1.1193e-06
1.1419e-06
1.1649e-06
1.1883e-06
1.2122e-06
1.2365e-06
1.2612e-06
1.2863e-06
1.3119e-06
1.338e-06
1.3645e-06
1.3915e-06
1.4189e-06
1.4469e-06
1.4753e-06
1.5043e-06
1.5337e-06
1.5637e-06
1.5942e-06
1.6252e-06
1.6567e-06
1.6888e-06
1.7215e-06
1.7547e-06
1.7885e-06
1.8228e-06
1.8578e-06
1.8933e-06
1.9294e-06
1.9662e-06
2.0035e-06
2.0415e-06
2.0802e-06
2.1195e-06
2.1594e-06
2.2e-06
2.2413e-06
2.2832e-06
2.3259e-06
2.3692e-06
2.4133e-06
2.4581e-06
2.5036e-06
2.5499e-06
2.5969e-06
2.6446e-06
2.6932e-06
2.7425e-06
2.7926e-06
2.8435e-06
2.8953e-06
2.9478e-06
3.0012e-06
3.0554e-06
3.1105e-06
3.1665e-06
3.2233e-06
3.281e-06
3.3397e-06
3.3992e-06
3.4597e-06
3.521e-06
3.5834e-06
3.6467e-06
3.7109e-06
3.7762e-06
3.8424e-06
3.9097e-06
3.9779e-06
4.0472e-06
4.1176e-06
4.189e-06
4.2614e-06
4.335e-06
4.4096e-06
4.4853e-06
4.5622e-06
4.6402e-06
4.7193e-06
4.7996e-06
4.8811e-06
4.9637e-06
5.0476e-06
5.1326e-06
5.2189e-06
5.3064e-06
5.3952e-06
5.4852e-06
5.5766e-06
5.6692e-06
5.7631e-06
5.8583e-06
5.9549e-06
6.0528e-06
6.1521e-06
6.2528e-06
6.3549e-06
6.4583e-06
6.5632e-06
6.6696e-06
6.7773e-06
6.8866e-06
6.9973e-06
7.1096e-06
7.2233e-06
7.3386e-06
7.4554e-06
7.5738e-06
7.6937e-06
7.8152e-06
7.9384e-06
8.0631e-06
8.1895e-06
8.3175e-06
8.4472e-06
8.5786e-06
8.7116e-06
8.8464e-06
8.9829e-06
9.1212e-06
9.2612e-06
9.403e-06
9.5465e-06
9.6919e-06
9.8391e-06
9.9881e-06
1.0139e-05
1.0292e-05
1.0446e-05
1.0603e-05
1.0761e-05
1.0922e-05
1.1084e-05
1.1248e-05
1.1415e-05
1.1583e-05
1.1753e-05
1.1926e-05
1.21e-05
1.2276e-05
1.2455e-05
1.2635e-05
1.2818e-05
1.3003e-05
1.319e-05
1.3379e-05
1.357e-05
1.3764e-05
1.3959e-05
1.4157e-05
1.4357e-05
1.456e-05
1.4764e-05
1.4971e-05
1.518e-05
1.5392e-05
1.5605e-05
1.5822e-05
1.604e-05
1.6261e-05
1.6484e-05
1.671e-05
1.6938e-05
1.7168e-05
1.7401e-05
1.7637e-05
1.7875e-05
1.8115e-05
1.8358e-05
1.8603e-05
1.8851e-05
1.9101e-05
1.9354e-05
1.961e-05
1.9868e-05
2.0129e-05
2.0392e-05
2.0658e-05
2.0926e-05
2.1198e-05
2.1472e-05
2.1748e-05
2.2027e-05
2.2309e-05
2.2594e-05
2.2881e-05
2.3171e-05
2.3464e-05
2.376e-05
2.4058e-05
2.4359e-05
2.4663e-05
2.497e-05
2.5279e-05
2.5591e-05
2.5906e-05
2.6224e-05
2.6545e-05
2.6869e-05
2.7195e-05
2.7525e-05
2.7857e-05
2.8192e-05
2.853e-05
2.8871e-05
2.9215e-05
2.9562e-05
2.9911e-05
3.0264e-05
3.0619e-05
3.0978e-05
3.1339e-05
3.1704e-05
3.2071e-05
3.2441e-05
3.2814e-05
3.3191e-05
3.357e-05
3.3952e-05
3.4337e-05
3.4725e-05
3.5116e-05
3.551e-05
3.5907e-05
3.6307e-05
3.6711e-05
3.7117e-05
3.7526e-05
3.7938e-05
3.8353e-05
3.8771e-05
3.9192e-05
3.9616e-05
4.0043e-05
4.0473e-05
4.0906e-05
4.1342e-05
4.1781e-05
4.2222e-05
4.2667e-05
4.3115e-05
4.3566e-05
4.402e-05
4.4476e-05
4.4936e-05
4.5399e-05
4.5864e-05
4.6333e-05
4.6804e-05
4.7278e-05
4.7755e-05
4.8235e-05
4.8718e-05
4.9204e-05
4.9693e-05
5.0184e-05
5.0679e-05
5.1176e-05
5.1676e-05
5.2179e-05
5.2684e-05
5.3192e-05
5.3704e-05
5.4217e-05
5.4734e-05
5.5253e-05
5.5775e-05
5.63e-05
5.6827e-05
5.7357e-05
5.789e-05
5.8425e-05
5.8963e-05
5.9504e-05
6.0047e-05
6.0592e-05
6.114e-05
6.1691e-05
6.2244e-05
6.2799e-05
6.3357e-05
6.3917e-05
6.448e-05
6.5045e-05
6.5612e-05
6.6182e-05
6.6754e-05
6.7328e-05
6.7904e-05
6.8483e-05
6.9064e-05
6.9647e-05
7.0232e-05
7.0819e-05
7.1408e-05
7.1999e-05
7.2592e-05
7.3188e-05
7.3785e-05
7.4384e-05
7.4985e-05
7.5587e-05
7.6192e-05
7.6798e-05
7.7406e-05
7.8016e-05
7.8627e-05
7.924e-05
7.9855e-05
8.0471e-05
8.1089e-05
8.1708e-05
8.2329e-05
8.2951e-05
8.3574e-05
8.4199e-05
8.4825e-05
8.5452e-05
8.608e-05
8.671e-05
8.734e-05
8.7972e-05
8.8605e-05
8.9239e-05
8.9874e-05
9.0509e-05
9.1146e-05
9.1783e-05
9.2421e-05
9.306e-05
9.3699e-05
9.4339e-05
9.498e-05
9.5621e-05
9.6263e-05
9.6905e-05
9.7548e-05
9.819e-05
9.8834e-05
9.9477e-05
0.00010012
0.00010076
0.00010141
0.00010205
0.0001027
0.00010334
0.00010398
0.00010463
0.00010527
0.00010591
0.00010656
0.0001072
0.00010784
0.00010848
0.00010912
0.00010976
0.0001104
0.00011104
0.00011168
0.00011232
0.00011295
0.00011359
0.00011422
0.00011486
0.00011549
0.00011612
0.00011675
0.00011738
0.00011801
0.00011863
0.00011926
0.00011988
0.0001205
0.00012112
0.00012174
0.00012236
0.00012297
0.00012358
0.00012419
0.0001248
0.00012541
0.00012602
0.00012662
0.00012722
0.00012782
0.00012841
0.00012901
0.0001296
0.00013019
0.00013077
0.00013136
0.00013194
0.00013252
0.00013309
0.00013366
0.00013423
0.0001348
0.00013536
0.00013593
0.00013648
0.00013704
0.00013759
0.00013814
0.00013868
0.00013922
0.00013976
0.00014029
0.00014082
0.00014135
0.00014187
0.00014239
0.00014291
0.00014342
0.00014393
0.00014443
0.00014493
0.00014543
0.00014592
0.00014641
0.00014689
0.00014737
0.00014784
0.00014831
0.00014878
0.00014924
0.0001497
0.00015015
0.0001506
0.00015104
0.00015148
0.00015191
0.00015234
0.00015276
0.00015318
0.0001536
0.00015401
0.00015441
0.00015481
0.0001552
0.00015559
0.00015597
0.00015635
0.00015672
0.00015709
0.00015745
0.0001578
0.00015816
0.0001585
0.00015884
0.00015917
0.0001595
0.00015982
0.00016014
0.00016045
0.00016075
0.00016105
0.00016135
0.00016163
0.00016192
0.00016219
0.00016246
0.00016272
0.00016298
0.00016323
0.00016348
0.00016372
0.00016395
0.00016417
0.00016439
0.00016461
0.00016482
0.00016502
0.00016521
0.0001654
0.00016558
0.00016576
0.00016593
0.00016609
0.00016625
0.0001664
0.00016654
0.00016668
0.00016681
0.00016693
0.00016705
0.00016716
0.00016726
0.00016736
0.00016745
0.00016753
0.00016761
0.00016768
0.00016774
0.0001678
0.00016785
0.0001679
0.00016793
0.00016796
0.00016799
0.00016801
0.00016802
0.00016802
0.00016802
0.00016801
0.00016799
0.00016797
0.00016794
0.0001679
0.00016786
0.00016781
0.00016775
0.00016769
0.00016762
0.00016754
0.00016746
0.00016737
0.00016727
0.00016717
0.00016706
0.00016694
0.00016682
0.00016669
0.00016656
0.00016641
0.00016626
0.00016611
0.00016595
0.00016578
0.0001656
0.00016542
0.00016524
0.00016504
0.00016484
0.00016463
0.00016442
0.0001642
0.00016398
0.00016374
0.00016351
0.00016326
0.00016301
0.00016276
0.00016249
0.00016223
0.00016195
0.00016167
0.00016138
0.00016109
0.00016079
0.00016049
0.00016018
0.00015986
0.00015954
0.00015921
0.00015888
0.00015854
0.0001582
0.00015785
0.00015749
0.00015713
0.00015677
0.0001564
0.00015602
0.00015564
0.00015525
0.00015486
0.00015446
0.00015406
0.00015365
0.00015324
0.00015282
0.0001524
0.00015197
0.00015154
0.0001511
0.00015066
0.00015021
0.00014976
0.0001493
0.00014884
0.00014838
0.00014791
0.00014743
0.00014695
0.00014647
0.00014598
0.00014549
0.000145
0.0001445
0.00014399
0.00014349
0.00014298
0.00014246
0.00014194
0.00014142
0.00014089
0.00014036
0.00013983
0.00013929
0.00013875
0.00013821
0.00013766
0.00013711
0.00013656
0.000136
0.00013544
0.00013488
0.00013431
0.00013374
0.00013317
0.00013259
0.00013201
0.00013143
0.00013085
0.00013027
0.00012968
0.00012909
0.00012849
0.0001279
0.0001273
0.0001267
0.0001261
0.00012549
0.00012489
0.00012428
0.00012367
0.00012305
0.00012244
0.00012182
0.0001212
0.00012058
0.00011996
0.00011934
0.00011872
0.00011809
0.00011746
0.00011684
0.00011621
0.00011557
0.00011494
0.00011431
0.00011367
0.00011304
0.0001124
0.00011177
0.00011113
0.00011049
0.00010985
0.00010921
0.00010857
0.00010793
0.00010729
0.00010664
0.000106
0.00010536
0.00010472
0.00010407
0.00010343
0.00010279
0.00010214
0.0001015
0.00010085
0.00010021
9.9567e-05
9.8924e-05
9.8281e-05
9.7638e-05
9.6995e-05
9.6353e-05
9.5712e-05
9.5071e-05
9.443e-05
9.379e-05
9.315e-05
9.2512e-05
9.1874e-05
9.1236e-05
9.06e-05
8.9964e-05
8.9329e-05
8.8696e-05
8.8063e-05
8.7431e-05
8.68e-05
8.6171e-05
8.5542e-05
8.4915e-05
8.4289e-05
8.3664e-05
8.3041e-05
8.2419e-05
8.1798e-05
8.1179e-05
8.0561e-05
7.9945e-05
7.933e-05
7.8717e-05
7.8105e-05
7.7496e-05
7.6887e-05
7.6281e-05
7.5676e-05
7.5073e-05
7.4472e-05
7.3873e-05
7.3276e-05
7.2681e-05
7.2087e-05
7.1496e-05
7.0907e-05
7.0319e-05
6.9734e-05
6.9151e-05
6.857e-05
6.7991e-05
6.7415e-05
6.684e-05
6.6268e-05
6.5698e-05
6.5131e-05
6.4565e-05
6.4003e-05
6.3442e-05
6.2884e-05
6.2328e-05
6.1775e-05
6.1224e-05
6.0676e-05
6.013e-05
5.9587e-05
5.9046e-05
5.8508e-05
5.7973e-05
5.744e-05
5.691e-05
5.6382e-05
5.5857e-05
5.5335e-05
5.4815e-05
5.4298e-05
5.3784e-05
5.3273e-05
5.2764e-05
5.2258e-05
5.1755e-05
5.1255e-05
5.0757e-05
5.0263e-05
4.9771e-05
4.9282e-05
4.8796e-05
4.8312e-05
4.7832e-05
4.7355e-05
4.688e-05
4.6408e-05
4.594e-05
4.5474e-05
4.5011e-05
4.4551e-05
4.4094e-05
4.364e-05
4.3188e-05
4.274e-05
4.2295e-05
4.1853e-05
4.1414e-05
4.0977e-05
4.0544e-05
4.0114e-05
3.9686e-05
3.9262e-05
3.884e-05
3.8422e-05
3.8007e-05
3.7594e-05
3.7185e-05
3.6778e-05
3.6375e-05
3.5975e-05
3.5577e-05
3.5183e-05
3.4791e-05
3.4403e-05
3.4017e-05
3.3635e-05
3.3255e-05
3.2878e-05
3.2505e-05
3.2134e-05
3.1766e-05
3.1402e-05
3.104e-05
3.0681e-05
3.0325e-05
2.9972e-05
2.9622e-05
2.9275e-05
2.8931e-05
2.8589e-05
2.8251e-05
2.7915e-05
2.7583e-05
2.7253e-05
2.6926e-05
2.6602e-05
2.6281e-05
2.5963e-05
2.5647e-05
2.5334e-05
2.5025e-05
2.4718e-05
2.4413e-05
2.4112e-05
2.3813e-05
2.3517e-05
2.3224e-05
2.2933e-05
2.2646e-05
2.2361e-05
2.2078e-05
2.1799e-05
2.1522e-05
2.1248e-05
2.0976e-05
2.0707e-05
2.0441e-05
2.0177e-05
1.9916e-05
1.9658e-05
1.9402e-05
1.9148e-05
1.8897e-05
1.8649e-05
1.8403e-05
1.816e-05
1.792e-05
1.7681e-05
1.7446e-05
1.7212e-05
1.6981e-05
1.6753e-05
1.6527e-05
1.6303e-05
1.6082e-05
1.5863e-05
1.5647e-05
1.5433e-05
1.5221e-05
1.5011e-05
1.4804e-05
1.4599e-05
1.4396e-05
1.4196e-05
1.3998e-05
1.3802e-05
1.3608e-05
1.3416e-05
1.3227e-05
1.304e-05
1.2854e-05
1.2671e-05
1.249e-05
1.2312e-05
1.2135e-05
1.196e-05
1.1788e-05
1.1617e-05
1.1448e-05
1.1282e-05
1.1117e-05
1.0954e-05
1.0794e-05
1.0635e-05
1.0478e-05
1.0323e-05
1.017e-05
1.0019e-05
9.8695e-06
9.722e-06
9.5763e-06
9.4325e-06
9.2904e-06
9.1501e-06
9.0115e-06
8.8747e-06
8.7396e-06
8.6063e-06
8.4746e-06
8.3446e-06
8.2163e-06
8.0896e-06
7.9646e-06
7.8412e-06
7.7194e-06
7.5992e-06
7.4805e-06
7.3634e-06
7.2479e-06
7.1339e-06
7.0214e-06
6.9103e-06
6.8008e-06
6.6928e-06
6.5862e-06
6.481e-06
6.3773e-06
6.275e-06
6.174e-06
6.0745e-06
5.9763e-06
5.8795e-06
5.784e-06
5.6898e-06
5.597e-06
5.5054e-06
5.4151e-06
5.3261e-06
5.2384e-06
5.1519e-06
5.0666e-06
4.9825e-06
4.8996e-06
4.8179e-06
4.7374e-06
4.6581e-06
4.5798e-06
4.5028e-06
4.4268e-06
4.352e-06
4.2782e-06
4.2055e-06
4.1339e-06
4.0634e-06
3.9939e-06
3.9254e-06
3.858e-06
3.7915e-06
3.7261e-06
3.6616e-06
3.5982e-06
3.5356e-06
3.474e-06
3.4134e-06
3.3537e-06
3.2949e-06
3.237e-06
3.18e-06
3.1238e-06
3.0686e-06
3.0142e-06
2.9606e-06
2.9079e-06
2.856e-06
2.8049e-06
2.7546e-06
2.7051e-06
2.6564e-06
2.6085e-06
2.5613e-06
2.5149e-06
2.4692e-06
2.4243e-06
2.3801e-06
2.3366e-06
2.2938e-06
2.2516e-06
2.2102e-06
2.1695e-06
2.1294e-06
2.09e-06
2.0512e-06
2.0131e-06
1.9756e-06
1.9387e-06
1.9024e-06
1.8667e-06
1.8317e-06
1.7972e-06
1.7633e-06
1.7299e-06
1.6972e-06
1.665e-06
1.6333e-06
1.6021e-06
1.5715e-06
1.5415e-06
1.5119e-06
1.4828e-06
1.4543e-06
1.4262e-06
1.3987e-06
1.3716e-06
1.3449e-06
1.3188e-06
1.2931e-06
1.2678e-06
1.243e-06
1.2186e-06
1.1947e-06
1.1712e-06
1.1481e-06
1.1254e-06
1.1031e-06
1.0812e-06
1.0597e-06
1.0386e-06
1.0179e-06
9.975e-07
9.7751e-07
9.5788e-07
9.3862e-07
9.197e-07
9.0112e-07
8.8289e-07
8.6499e-07
8.4742e-07
8.3018e-07
8.1325e-07
7.9663e-07
7.8033e-07
7.6433e-07
7.4862e-07
7.3321e-07
7.1809e-07
7.0325e-07
6.8869e-07
6.7441e-07
6.6039e-07
6.4664e-07
6.3316e-07
6.1992e-07
6.0695e-07
5.9421e-07
5.8173e-07
5.6948e-07
5.5747e-07
5.4569e-07
5.3413e-07
5.2281e-07
5.117e-07
5.008e-07
4.9012e-07
4.7965e-07
4.6938e-07
4.5932e-07
4.4945e-07
4.3978e-07
4.303e-07
4.21e-07
4.1189e-07
4.0296e-07
3.9421e-07
3.8563e-07
3.7723e-07
3.6899e-07
3.6092e-07
3.5301e-07
3.4527e-07
3.3767e-07
3.3023e-07
3.2295e-07
3.1581e-07
3.0881e-07
3.0196e-07
2.9525e-07
2.8868e-07
2.8224e-07
2.7594e-07
2.6976e-07
2.6371e-07
2.5779e-07
2.5199e-07
2.4631e-07
2.4075e-07
2.3531e-07
2.2998e-07
2.2476e-07
2.1965e-07
2.1465e-07
2.0975e-07
2.0496e-07
2.0027e-07
1.9568e-07
1.9118e-07
1.8679e-07
1.8248e-07
1.7827e-07
1.7415e-07
1.7012e-07
1.6617e-07
1.6231e-07
1.5853e-07
1.5483e-07
1.5122e-07
1.4768e-07
1.4422e-07
1.4084e-07
1.3753e-07
1.3429e-07
1.3112e-07
1.2802e-07
1.2499e-07
1.2203e-07
1.1913e-07
1.163e-07
1.1353e-07
1.1082e-07
1.0817e-07
1.0558e-07
1.0305e-07
1.0058e-07
9.8157e-08
9.5792e-08
9.348e-08
9.1221e-08
8.9012e-08
8.6854e-08
8.4745e-08
8.2683e-08
8.0668e-08
7.87e-08
7.6776e-08
7.4897e-08
7.306e-08
7.1266e-08
6.9513e-08
6.78e-08
6.6127e-08
6.4493e-08
6.2896e-08
6.1337e-08
5.9814e-08
5.8326e-08
5.6873e-08
5.5455e-08
5.4069e-08
5.2716e-08
5.1395e-08
5.0104e-08
4.8845e-08
4.7615e-08
4.6414e-08
4.5241e-08
4.4097e-08
4.298e-08
4.1889e-08
4.0824e-08
3.9785e-08
3.8771e-08
3.7781e-08
3.6815e-08
3.5872e-08
3.4952e-08
3.4055e-08
3.3179e-08
3.2324e-08
3.149e-08
3.0676e-08
2.9882e-08
2.9108e-08
2.8352e-08
2.7615e-08
2.6896e-08
2.6195e-08
2.5511e-08
2.4844e-08
2.4193e-08
2.3558e-08
2.2939e-08
2.2336e-08
2.1748e-08
2.1174e-08
2.0614e-08
2.0069e-08
1.9537e-08
1.9018e-08
1.8513e-08
1.802e-08
1.754e-08
1.7072e-08
1.6615e-08
1.617e-08
1.5737e-08
1.5314e-08
1.4902e-08
1.4501e-08
1.411e-08
1.3729e-08
1.3358e-08
1.2996e-08
1.2644e-08
1.23e-08
1.1966e-08
1.164e-08
1.1322e-08
1.1013e-08
1.0712e-08
1.0418e-08
1.0132e-08
9.8541e-09
9.583e-09
9.319e-09
9.062e-09
8.8116e-09
8.5679e-09
8.3305e-09
8.0994e-09
7.8744e-09
7.6553e-09
7.4421e-09
7.2345e-09
7.0324e-09
6.8356e-09
6.6442e-09
6.4578e-09
6.2764e-09
6.0998e-09
5.928e-09
5.7608e-09
5.5981e-09
5.4398e-09
5.2857e-09
5.1358e-09
4.9899e-09
4.848e-09
4.71e-09
4.5757e-09
4.445e-09
4.3179e-09
4.1943e-09
4.074e-09
3.957e-09
3.8433e-09
3.7327e-09
3.6251e-09
3.5204e-09
3.4187e-09
3.3197e-09
3.2235e-09
3.13e-09
3.039e-09
2.9506e-09
2.8646e-09
2.7811e-09
2.6998e-09
2.6208e-09
2.5441e-09
2.4695e-09
2.3969e-09
2.3265e-09
2.258e-09
2.1914e-09
2.1267e-09
2.0638e-09
2.0027e-09
1.9434e-09
1.8857e-09
1.8297e-09
1.7752e-09
1.7223e-09
1.671e-09
1.6211e-09
1.5726e-09
1.5255e-09
1.4797e-09
1.4353e-09
1.3922e-09
1.3503e-09
1.3096e-09
1.27e-09
1.2317e-09
1.1944e-09
1.1582e-09
1.1231e-09
1.089e-09
1.0558e-09
1.0237e-09
9.9249e-10
9.6219e-10
9.3278e-10
9.0423e-10
8.7653e-10
8.4963e-10
8.2353e-10
7.982e-10
7.7362e-10
7.4976e-10
7.2662e-10
7.0415e-10
6.8236e-10
6.6121e-10
6.407e-10
6.2079e-10
6.0148e-10
5.8275e-10
5.6458e-10
5.4695e-10
5.2985e-10
5.1327e-10
4.9718e-10
4.8159e-10
4.6646e-10
4.5178e-10
4.3756e-10
4.2376e-10
4.1038e-10
3.9741e-10
3.8484e-10
3.7264e-10
3.6082e-10
3.4936e-10
3.3825e-10
3.2748e-10
3.1704e-10
3.0692e-10
2.9712e-10
2.8761e-10
2.784e-10
2.6947e-10
2.6082e-10
2.5243e-10
2.4431e-10
2.3644e-10
2.2881e-10
2.2142e-10
2.1426e-10
2.0732e-10
2.006e-10
1.9409e-10
1.8778e-10
1.8167e-10
1.7575e-10
1.7002e-10
1.6447e-10
1.591e-10
1.5389e-10
1.4885e-10
1.4396e-10
1.3924e-10
1.3466e-10
1.3023e-10
1.2593e-10
1.2178e-10
1.1776e-10
1.1386e-10
1.1009e-10
1.0644e-10
1.0291e-10
9.949e-11
9.6181e-11
9.2978e-11
8.9878e-11
8.6878e-11
8.3974e-11
8.1165e-11
7.8446e-11
7.5816e-11
7.327e-11
7.0808e-11
6.8425e-11
6.612e-11
6.389e-11
6.1733e-11
5.9646e-11
5.7627e-11
5.5675e-11
5.3786e-11
5.196e-11
5.0193e-11
4.8485e-11
4.6833e-11
4.5236e-11
4.3691e-11
4.2197e-11
4.0753e-11
3.9356e-11
3.8006e-11
3.6701e-11
3.5439e-11
3.422e-11
3.304e-11
3.1901e-11
3.0799e-11
2.9734e-11
2.8705e-11
2.771e-11
2.6749e-11
2.582e-11
2.4923e-11
2.4055e-11
2.3217e-11
2.2407e-11
2.1625e-11
2.0869e-11
2.0139e-11
1.9433e-11
1.8751e-11
1.8093e-11
1.7457e-11
1.6843e-11
1.625e-11
1.5677e-11
1.5123e-11
1.4589e-11
1.4072e-11
1.3574e-11
1.3093e-11
1.2628e-11
1.2179e-11
1.1746e-11
1.1328e-11
1.0924e-11
1.0534e-11
1.0158e-11
9.7945e-12
9.4438e-12
9.1054e-12
8.7787e-12
8.4634e-12
8.1591e-12
7.8654e-12
7.582e-12
7.3085e-12
7.0446e-12
6.7899e-12
6.5442e-12
6.3072e-12
6.0784e-12
5.8578e-12
5.6449e-12
5.4396e-12
5.2415e-12
5.0504e-12
4.8661e-12
4.6883e-12
4.5169e-12
4.3515e-12
4.192e-12
4.0383e-12
3.89e-12
3.747e-12
3.6091e-12
3.4761e-12
3.3479e-12
3.2243e-12
3.1052e-12
2.9903e-12
2.8796e-12
2.7728e-12
2.67e-12
2.5708e-12
2.4752e-12
2.3831e-12
2.2943e-12
2.2087e-12
2.1262e-12
2.0468e-12
1.9702e-12
1.8964e-12
1.8253e-12
1.7568e-12
1.6908e-12
1.6272e-12
1.566e-12
1.507e-12
1.4501e-12
1.3954e-12
1.3426e-12
1.2918e-12
1.2429e-12
1.1958e-12
1.1504e-12
1.1067e-12
1.0646e-12
1.0241e-12
9.8506e-13
9.4749e-13
9.1132e-13
8.7649e-13
8.4296e-13
8.1068e-13
7.796e-13
7.4969e-13
7.2089e-13
6.9317e-13
6.665e-13
6.4082e-13
6.1611e-13
5.9233e-13
5.6944e-13
5.4741e-13
5.2622e-13
5.0583e-13
4.862e-13
4.6733e-13
4.4916e-13
4.3169e-13
4.1487e-13
3.987e-13
3.8314e-13
3.6818e-13
3.5378e-13
3.3993e-13
3.2662e-13
3.1381e-13
3.0149e-13
2.8965e-13
2.7826e-13
2.673e-13
2.5677e-13
2.4664e-13
2.369e-13
2.2754e-13
2.1854e-13
2.0989e-13
2.0157e-13
1.9357e-13
1.8588e-13
1.785e-13
1.7139e-13
1.6457e-13
1.5801e-13
1.517e-13
1.4564e-13
1.3982e-13
1.3423e-13
1.2885e-13
1.2368e-13
1.1872e-13
1.1395e-13
1.0937e-13
1.0497e-13
1.0074e-13
9.6678e-14
9.2776e-14
8.9028e-14
8.5428e-14
8.197e-14
7.865e-14
7.546e-14
7.2397e-14
6.9456e-14
6.6632e-14
6.3919e-14
6.1315e-14
5.8815e-14
5.6414e-14
5.4109e-14
5.1896e-14
4.9772e-14
4.7733e-14
4.5775e-14
4.3896e-14
4.2093e-14
4.0362e-14
3.87e-14
3.7106e-14
3.5576e-14
3.4107e-14
3.2698e-14
3.1346e-14
3.0049e-14
2.8804e-14
2.7609e-14
2.6463e-14
2.5364e-14
2.4309e-14
2.3297e-14
2.2327e-14
2.1396e-14
2.0503e-14
1.9647e-14
1.8825e-14
1.8037e-14
1.7282e-14
1.6557e-14
1.5862e-14
1.5196e-14
1.4557e-14
1.3945e-14
1.3358e-14
1.2794e-14
1.2255e-14
1.1737e-14
1.1241e-14
1.0765e-14
1.031e-14
9.8726e-15
9.4538e-15
9.0524e-15
8.6677e-15
8.299e-15
7.9457e-15
7.6071e-15
7.2827e-15
6.9718e-15
6.6739e-15
6.3885e-15
6.1151e-15
5.8531e-15
5.6021e-15
5.3617e-15
5.1314e-15
4.9108e-15
4.6995e-15
4.4971e-15
4.3032e-15
4.1176e-15
3.9398e-15
3.7695e-15
3.6064e-15
3.4503e-15
3.3007e-15
3.1576e-15
3.0205e-15
2.8893e-15
2.7636e-15
2.6433e-15
2.5282e-15
2.4179e-15
2.3124e-15
2.2114e-15
2.1147e-15
2.0222e-15
1.9337e-15
1.8489e-15
1.7678e-15
1.6902e-15
1.6159e-15
1.5448e-15
1.4768e-15
1.4118e-15
1.3495e-15
1.2899e-15
1.233e-15
1.1785e-15
1.1263e-15
1.0764e-15
1.0287e-15
9.8308e-16
9.3943e-16
8.9768e-16
8.5776e-16
8.1957e-16
7.8306e-16
7.4814e-16
7.1475e-16
6.8283e-16
6.523e-16
6.2311e-16
5.9521e-16
5.6853e-16
5.4303e-16
5.1865e-16
4.9535e-16
4.7307e-16
4.5178e-16
4.3142e-16
4.1197e-16
3.9338e-16
3.7562e-16
3.5864e-16
3.4242e-16
3.2691e-16
3.121e-16
2.9795e-16
2.8442e-16
2.715e-16
2.5916e-16
2.4736e-16
2.361e-16
2.2534e-16
2.1506e-16
2.0524e-16
1.9586e-16
1.869e-16
1.7835e-16
1.7018e-16
1.6238e-16
1.5493e-16
1.4781e-16
1.4102e-16
1.3453e-16
1.2834e-16
1.2243e-16
1.1678e-16
1.1139e-16
1.0625e-16
1.0134e-16
9.6648e-17
9.2173e-17
8.7902e-17
8.3825e-17
7.9935e-17
7.6221e-17
7.2678e-17
6.9296e-17
6.6069e-17
6.299e-17
6.0052e-17
5.7249e-17
5.4574e-17
5.2023e-17
4.9588e-17
4.7266e-17
4.5051e-17
4.2937e-17
4.0922e-17
3.8999e-17
3.7165e-17
3.5416e-17
3.3748e-17
3.2157e-17
3.064e-17
2.9194e-17
2.7814e-17
2.6499e-17
2.5245e-17
2.4049e-17
2.2909e-17
2.1823e-17
2.0786e-17
1.9799e-17
1.8857e-17
1.796e-17
1.7104e-17
1.6289e-17
1.5512e-17
1.4771e-17
1.4066e-17
1.3393e-17
1.2752e-17
1.2141e-17
1.1559e-17
1.1005e-17
1.0477e-17
9.9733e-18
9.4937e-18
9.0369e-18
8.6016e-18
8.1871e-18
7.7922e-18
7.416e-18
7.0577e-18
6.7165e-18
6.3915e-18
6.082e-18
5.7873e-18
5.5066e-18
5.2393e-18
4.9848e-18
4.7425e-18
4.5117e-18
4.2921e-18
4.0829e-18
3.8838e-18
3.6943e-18
3.5138e-18
3.3421e-18
3.1786e-18
3.023e-18
2.8749e-18
2.7339e-18
2.5998e-18
2.4721e-18
2.3506e-18
2.235e-18
2.125e-18
2.0203e-18
1.9207e-18
1.826e-18
1.7358e-18
1.6501e-18
1.5685e-18
1.4909e-18
1.417e-18
1.3468e-18
1.28e-18
1.2165e-18
1.156e-18
1.0986e-18
1.0439e-18
9.9195e-19
9.4253e-19
8.9553e-19
8.5084e-19
8.0835e-19
7.6796e-19
7.2955e-19
6.9303e-19
6.5832e-19
6.2532e-19
5.9395e-19
5.6413e-19
5.3579e-19
5.0885e-19
4.8325e-19
4.5891e-19
4.3579e-19
4.1381e-19
3.9293e-19
3.7308e-19
3.5422e-19
3.3631e-19
3.1928e-19
3.0311e-19
2.8774e-19
2.7315e-19
2.5928e-19
2.4611e-19
2.3359e-19
2.2171e-19
2.1042e-19
1.9969e-19
1.8951e-19
1.7984e-19
1.7065e-19
1.6193e-19
1.5365e-19
1.4578e-19
1.3832e-19
1.3123e-19
1.2449e-19
1.181e-19
1.1204e-19
1.0628e-19
1.0081e-19
9.5618e-20
9.0691e-20
8.6015e-20
8.1576e-20
7.7364e-20
7.3366e-20
6.9572e-20
6.5972e-20
6.2555e-20
5.9313e-20
5.6237e-20
5.3318e-20
5.0548e-20
4.7921e-20
4.5428e-20
4.3064e-20
4.082e-20
3.8692e-20
3.6674e-20
3.4759e-20
3.2943e-20
3.1221e-20
2.9588e-20
2.8039e-20
2.657e-20
2.5177e-20
2.3856e-20
2.2603e-20
2.1415e-20
2.0289e-20
1.9222e-20
1.8209e-20
1.725e-20
1.634e-20
1.5478e-20
1.4661e-20
1.3886e-20
1.3152e-20
1.2456e-20
1.1796e-20
1.1171e-20
1.0578e-20
1.0017e-20
9.4849e-21
8.9808e-21
8.5032e-21
8.0506e-21
7.6218e-21
7.2156e-21
6.8308e-21
6.4662e-21
6.1208e-21
5.7937e-21
5.4838e-21
5.1903e-21
4.9123e-21
4.649e-21
4.3996e-21
4.1635e-21
3.9398e-21
3.7281e-21
3.5275e-21
3.3377e-21
3.1579e-21
2.9877e-21
2.8265e-21
2.674e-21
2.5295e-21
2.3928e-21
2.2634e-21
2.1409e-21
2.0249e-21
1.9151e-21
1.8113e-21
1.713e-21
1.6199e-21
1.5319e-21
1.4486e-21
1.3697e-21
1.2951e-21
1.2245e-21
1.1577e-21
1.0945e-21
1.0348e-21
9.7821e-22
9.2471e-22
8.741e-22
8.2623e-22
7.8095e-22
7.3812e-22
6.9761e-22
6.593e-22
6.2307e-22
5.888e-22
5.564e-22
5.2576e-22
4.9679e-22
4.694e-22
4.4349e-22
4.19e-22
3.9585e-22
3.7396e-22
3.5327e-22
3.3371e-22
3.1522e-22
2.9774e-22
2.8123e-22
2.6561e-22
2.5086e-22
2.3691e-22
2.2373e-22
2.1127e-22
1.995e-22
1.8838e-22
1.7788e-22
1.6795e-22
1.5857e-22
1.497e-22
1.4133e-22
1.3342e-22
1.2595e-22
1.1889e-22
1.1222e-22
1.0592e-22
9.9973e-23
9.4355e-23
8.9049e-23
8.4038e-23
7.9306e-23
7.4838e-23
7.0618e-23
6.6634e-23
6.2872e-23
5.932e-23
5.5966e-23
5.28e-23
4.9811e-23
4.6989e-23
4.4326e-23
4.1812e-23
3.9438e-23
3.7198e-23
3.5084e-23
3.3089e-23
3.1206e-23
2.9429e-23
2.7752e-23
2.6169e-23
2.4676e-23
2.3267e-23
2.1938e-23
2.0684e-23
1.95e-23
1.8384e-23
1.7331e-23
1.6337e-23
1.54e-23
1.4516e-23
1.3683e-23
1.2896e-23
1.2154e-23
1.1455e-23
1.0795e-23
1.0173e-23
9.5867e-24
9.0336e-24
8.512e-24
8.0203e-24
7.5566e-24
7.1195e-24
6.7074e-24
6.3188e-24
5.9526e-24
5.6074e-24
5.2819e-24
4.9752e-24
4.6861e-24
4.4136e-24
4.1568e-24
3.9148e-24
3.6867e-24
3.4718e-24
3.2692e-24
3.0784e-24
2.8986e-24
2.7292e-24
2.5696e-24
2.4192e-24
2.2775e-24
2.1441e-24
2.0183e-24
1.8999e-24
1.7884e-24
1.6833e-24
1.5843e-24
1.4912e-24
1.4034e-24
1.3207e-24
1.2429e-24
1.1696e-24
1.1006e-24
1.0356e-24
9.744e-25
9.1679e-25
8.6255e-25
8.1149e-25
7.6342e-25
7.1817e-25
6.7558e-25
6.3548e-25
5.9774e-25
5.6223e-25
5.288e-25
4.9733e-25
4.6772e-25
4.3986e-25
4.1364e-25
3.8897e-25
3.6575e-25
3.4391e-25
3.2336e-25
3.0402e-25
2.8583e-25
2.6872e-25
2.5262e-25
2.3747e-25
2.2323e-25
2.0983e-25
1.9723e-25
1.8538e-25
1.7423e-25
1.6375e-25
1.5389e-25
1.4462e-25
1.359e-25
1.277e-25
1.1999e-25
1.1274e-25
1.0593e-25
9.9526e-26
9.3503e-26
8.7842e-26
8.252e-26
7.7518e-26
7.2816e-26
6.8396e-26
6.4242e-26
6.0338e-26
5.6669e-26
5.3221e-26
4.9981e-26
4.6936e-26
4.4075e-26
4.1387e-26
3.8861e-26
3.6488e-26
3.4258e-26
3.2163e-26
3.0195e-26
2.8347e-26
2.661e-26
2.4979e-26
2.3447e-26
2.2008e-26
2.0657e-26
1.9388e-26
1.8196e-26
1.7076e-26
1.6025e-26
1.5038e-26
1.4111e-26
1.3241e-26
1.2424e-26
1.1657e-26
1.0937e-26
1.0261e-26
9.6261e-27
9.0303e-27
8.4711e-27
7.9461e-27
7.4534e-27
6.991e-27
6.557e-27
6.1497e-27
5.7675e-27
5.4088e-27
5.0722e-27
4.7564e-27
4.4601e-27
4.182e-27
3.9212e-27
3.6764e-27
3.4468e-27
3.2314e-27
3.0294e-27
2.8398e-27
2.6621e-27
2.4953e-27
2.3389e-27
2.1922e-27
2.0547e-27
1.9257e-27
1.8047e-27
1.6912e-27
1.5848e-27
1.4851e-27
1.3916e-27
1.3039e-27
1.2217e-27
1.1446e-27
1.0723e-27
1.0046e-27
9.4113e-28
8.8161e-28
8.2583e-28
7.7354e-28
7.2454e-28
6.7862e-28
6.3558e-28
5.9524e-28
5.5744e-28
5.2203e-28
4.8884e-28
4.5775e-28
4.2861e-28
4.0131e-28
3.7574e-28
3.5179e-28
3.2934e-28
3.0832e-28
2.8863e-28
2.7018e-28
2.529e-28
2.3672e-28
2.2157e-28
2.0737e-28
1.9408e-28
1.8164e-28
1.6998e-28
1.5907e-28
1.4885e-28
1.3928e-28
1.3032e-28
1.2193e-28
1.1408e-28
1.0673e-28
9.9851e-29
9.341e-29
8.7381e-29
8.1738e-29
7.6456e-29
7.1513e-29
6.6887e-29
6.2557e-29
5.8506e-29
5.4714e-29
5.1167e-29
4.7847e-29
4.4741e-29
4.1835e-29
3.9116e-29
3.6572e-29
3.4193e-29
3.1967e-29
2.9885e-29
2.7937e-29
2.6115e-29
2.4411e-29
2.2817e-29
2.1327e-29
1.9933e-29
1.8629e-29
1.741e-29
1.627e-29
1.5204e-29
1.4208e-29
1.3276e-29
1.2405e-29
1.159e-29
1.0829e-29
1.0117e-29
9.4514e-30
8.8295e-30
8.2481e-30
7.7046e-30
7.1967e-30
6.7221e-30
6.2784e-30
5.8638e-30
5.4764e-30
5.1144e-30
4.7761e-30
4.46e-30
4.1647e-30
3.8887e-30
3.6309e-30
3.3901e-30
3.1651e-30
2.9549e-30
2.7586e-30
2.5752e-30
2.4039e-30
2.2439e-30
2.0945e-30
1.9549e-30
1.8246e-30
1.7029e-30
1.5892e-30
1.4831e-30
1.384e-30
1.2915e-30
1.2051e-30
1.1245e-30
1.0492e-30
9.7887e-31
9.1325e-31
8.5199e-31
7.9481e-31
7.4144e-31
6.9163e-31
6.4513e-31
6.0174e-31
5.6124e-31
5.2345e-31
4.8819e-31
4.5528e-31
4.2457e-31
3.9592e-31
3.6919e-31
3.4424e-31
3.2097e-31
2.9927e-31
2.7901e-31
2.6012e-31
2.425e-31
2.2606e-31
2.1073e-31
1.9643e-31
1.831e-31
1.7066e-31
1.5906e-31
1.4824e-31
1.3816e-31
1.2875e-31
1.1998e-31
1.118e-31
1.0418e-31
9.7071e-32
9.0445e-32
8.4267e-32
7.8508e-32
7.314e-32
6.8137e-32
6.3473e-32
5.9125e-32
5.5074e-32
5.1298e-32
4.7779e-32
4.4499e-32
4.1444e-32
3.8596e-32
3.5943e-32
3.347e-32
3.1167e-32
2.9021e-32
2.7021e-32
2.5158e-32
2.3423e-32
2.1807e-32
2.0301e-32
1.8899e-32
1.7592e-32
1.6376e-32
1.5243e-32
1.4187e-32
1.3205e-32
1.229e-32
1.1437e-32
1.0644e-32
9.905e-33
9.2171e-33
8.5766e-33
7.9803e-33
7.4251e-33
6.9083e-33
6.4272e-33
5.9794e-33
5.5626e-33
5.1746e-33
4.8134e-33
4.4773e-33
4.1645e-33
3.8734e-33
3.6026e-33
3.3505e-33
3.1159e-33
2.8976e-33
2.6946e-33
2.5056e-33
2.3298e-33
2.1663e-33
2.0141e-33
1.8726e-33
1.7409e-33
1.6185e-33
1.5046e-33
1.3986e-33
1.3001e-33
1.2084e-33
1.1232e-33
1.0439e-33
9.7023e-34
9.0169e-34
8.3796e-34
7.7871e-34
7.2361e-34
6.7239e-34
6.2476e-34
5.8049e-34
5.3933e-34
5.0107e-34
4.6551e-34
4.3245e-34
4.0173e-34
3.7317e-34
3.4663e-34
3.2196e-34
2.9904e-34
2.7774e-34
2.5794e-34
2.3955e-34
2.2246e-34
2.0658e-34
1.9183e-34
1.7812e-34
1.6538e-34
1.5355e-34
1.4256e-34
1.3236e-34
1.2287e-34
1.1407e-34
1.0589e-34
9.8288e-35
9.1232e-35
8.4679e-35
7.8594e-35
7.2943e-35
6.7695e-35
6.2823e-35
5.8299e-35
5.4098e-35
5.0199e-35
4.6578e-35
4.3217e-35
4.0097e-35
3.72e-35
3.4512e-35
3.2016e-35
2.97e-35
2.755e-35
2.5555e-35
2.3703e-35
2.1985e-35
2.039e-35
1.8911e-35
1.7538e-35
1.6264e-35
1.5082e-35
1.3985e-35
1.2968e-35
1.2024e-35
1.1148e-35
1.0336e-35
9.5822e-36
8.8833e-36
8.235e-36
7.6338e-36
7.0761e-36
6.559e-36
6.0793e-36
5.6346e-36
5.2221e-36
4.8397e-36
4.4851e-36
4.1563e-36
3.8514e-36
3.5688e-36
3.3068e-36
3.0639e-36
2.8387e-36
2.63e-36
2.4365e-36
2.2572e-36
2.0909e-36
1.9369e-36
1.7941e-36
1.6618e-36
1.5392e-36
1.4255e-36
1.3202e-36
1.2227e-36
1.1323e-36
1.0485e-36
9.709e-37
8.9901e-37
8.324e-37
7.707e-37
7.1355e-37
6.606e-37
6.1157e-37
5.6614e-37
5.2408e-37
4.8511e-37
4.4903e-37
4.1561e-37
3.8467e-37
3.5601e-37
3.2948e-37
3.0491e-37
2.8216e-37
2.611e-37
2.416e-37
2.2355e-37
2.0684e-37
1.9137e-37
1.7705e-37
1.638e-37
1.5153e-37
1.4018e-37
1.2967e-37
1.1994e-37
1.1094e-37
1.0261e-37
9.4901e-38
8.7768e-38
8.1169e-38
7.5062e-38
6.9412e-38
6.4185e-38
5.9349e-38
5.4875e-38
5.0737e-38
4.6909e-38
4.3368e-38
4.0092e-38
3.7063e-38
3.4261e-38
3.1669e-38
2.9273e-38
2.7056e-38
2.5007e-38
2.3112e-38
2.1359e-38
1.9739e-38
1.8241e-38
1.6856e-38
1.5575e-38
1.4391e-38
1.3297e-38
1.2285e-38
1.135e-38
1.0486e-38
9.6868e-39
8.9484e-39
8.266e-39
7.6352e-39
7.0524e-39
6.5137e-39
6.016e-39
5.5561e-39
5.1311e-39
4.7384e-39
4.3756e-39
4.0405e-39
3.7308e-39
3.4448e-39
3.1805e-39
2.9364e-39
2.711e-39
2.5027e-39
2.3104e-39
2.1327e-39
1.9686e-39
1.8171e-39
1.6772e-39
1.548e-39
1.4287e-39
1.3185e-39
1.2168e-39
1.1228e-39
1.0361e-39
9.5608e-40
8.8217e-40
8.1395e-40
7.5097e-40
6.9284e-40
6.3918e-40
5.8965e-40
5.4394e-40
5.0176e-40
4.6282e-40
4.2689e-40
3.9374e-40
3.6314e-40
3.3491e-40
3.0886e-40
2.8483e-40
2.6265e-40
2.4219e-40
2.2332e-40
2.0591e-40
1.8985e-40
1.7503e-40
1.6137e-40
1.4876e-40
1.3714e-40
1.2642e-40
1.1653e-40
1.0741e-40
9.8998e-41
9.1243e-41
8.4093e-41
7.7499e-41
7.142e-41
6.5815e-41
6.0647e-41
5.5883e-41
5.1491e-41
4.7443e-41
4.3711e-41
4.0271e-41
3.71e-41
3.4177e-41
3.1484e-41
2.9001e-41
2.6714e-41
2.4605e-41
2.2662e-41
2.0872e-41
1.9223e-41
1.7703e-41
1.6302e-41
1.5012e-41
1.3823e-41
1.2728e-41
1.172e-41
1.079e-41
9.9344e-42
9.1459e-42
8.4197e-42
7.7509e-42
7.1349e-42
6.5676e-42
6.0451e-42
5.564e-42
5.121e-42
4.7131e-42
4.3375e-42
3.9916e-42
3.6732e-42
3.3801e-42
3.1102e-42
2.8618e-42
2.6331e-42
2.4225e-42
2.2288e-42
2.0504e-42
1.8862e-42
1.7351e-42
1.5961e-42
1.4681e-42
1.3504e-42
1.242e-42
1.1423e-42
1.0505e-42
9.6611e-43
8.8844e-43
8.1698e-43
7.5124e-43
6.9076e-43
6.3513e-43
5.8395e-43
5.3687e-43
4.9357e-43
4.5375e-43
4.1712e-43
3.8343e-43
3.5245e-43
3.2396e-43
2.9776e-43
2.7367e-43
2.5151e-43
2.3114e-43
2.1242e-43
1.952e-43
1.7937e-43
1.6482e-43
1.5144e-43
1.3914e-43
1.2784e-43
1.1745e-43
1.079e-43
9.9119e-44
9.1052e-44
8.3638e-44
7.6824e-44
7.0563e-44
6.481e-44
5.9523e-44
5.4665e-44
5.0202e-44
4.6102e-44
4.2334e-44
3.8873e-44
3.5693e-44
3.2773e-44
3.009e-44
2.7625e-44
2.5362e-44
2.3282e-44
2.1373e-44
1.9619e-44
1.8009e-44
1.653e-44
1.5172e-44
1.3925e-44
1.278e-44
1.1728e-44
1.0763e-44
9.8766e-45
9.0629e-45
8.316e-45
7.6303e-45
7.0008e-45
6.4231e-45
5.8927e-45
5.406e-45
4.9592e-45
4.5492e-45
4.173e-45
3.8276e-45
3.5108e-45
3.22e-45
2.9532e-45
2.7084e-45
2.4838e-45
2.2777e-45
2.0886e-45
1.9152e-45
1.7561e-45
1.6101e-45
1.4762e-45
1.3534e-45
1.2408e-45
1.1375e-45
1.0427e-45
9.5582e-46
8.7613e-46
8.0305e-46
7.3604e-46
6.7459e-46
6.1825e-46
5.6659e-46
5.1922e-46
4.758e-46
4.3599e-46
3.995e-46
3.6604e-46
3.3538e-46
3.0727e-46
2.815e-46
2.5789e-46
2.3624e-46
2.1641e-46
1.9823e-46
1.8157e-46
1.6631e-46
1.5232e-46
1.395e-46
1.2776e-46
1.17e-46
1.0714e-46
9.8111e-47
8.9837e-47
8.2258e-47
7.5315e-47
6.8956e-47
6.3131e-47
5.7795e-47
5.2909e-47
4.8433e-47
4.4335e-47
4.0582e-47
3.7145e-47
3.3997e-47
3.1115e-47
2.8477e-47
2.6061e-47
2.3849e-47
2.1823e-47
1.9969e-47
1.8272e-47
1.6719e-47
1.5297e-47
1.3995e-47
1.2803e-47
1.1713e-47
1.0715e-47
9.8014e-48
8.9655e-48
8.2006e-48
7.5006e-48
6.8601e-48
6.2741e-48
5.7378e-48
5.2472e-48
4.7984e-48
4.3878e-48
4.0121e-48
3.6685e-48
3.3541e-48
3.0666e-48
2.8036e-48
2.5631e-48
2.3431e-48
2.1419e-48
1.9579e-48
1.7896e-48
1.6358e-48
1.4951e-48
1.3664e-48
1.2488e-48
1.1412e-48
1.0429e-48
9.5299e-49
8.7081e-49
7.9568e-49
7.2701e-49
6.6423e-49
6.0685e-49
5.5441e-49
5.0648e-49
4.6267e-49
4.2264e-49
3.8605e-49
3.5262e-49
3.2207e-49
2.9415e-49
2.6865e-49
2.4534e-49
2.2405e-49
2.046e-49
1.8683e-49
1.7059e-49
1.5576e-49
1.4221e-49
1.2984e-49
1.1854e-49
1.0822e-49
9.879e-50
9.018e-50
8.2317e-50
7.5137e-50
6.8581e-50
6.2594e-50
5.7127e-50
5.2136e-50
4.7579e-50
4.3418e-50
3.962e-50
3.6152e-50
3.2987e-50
3.0098e-50
2.746e-50
2.5053e-50
2.2856e-50
2.085e-50
1.902e-50
1.735e-50
1.5826e-50
1.4435e-50
1.3166e-50
1.2008e-50
1.0951e-50
9.9872e-51
9.1076e-51
8.3052e-51
7.5732e-51
6.9054e-51
6.2962e-51
5.7406e-51
5.2338e-51
4.7715e-51
4.3499e-51
3.9654e-51
3.6147e-51
3.2949e-51
3.0033e-51
2.7374e-51
2.4949e-51
2.2738e-51
2.0722e-51
1.8884e-51
1.7209e-51
1.5681e-51
1.4289e-51
1.3019e-51
1.1862e-51
1.0808e-51
9.8464e-52
8.9702e-52
8.1717e-52
7.444e-52
6.7808e-52
6.1764e-52
5.6257e-52
5.1239e-52
4.6666e-52
4.25e-52
3.8704e-52
3.5246e-52
3.2096e-52
2.9226e-52
2.6611e-52
2.423e-52
2.206e-52
2.0084e-52
1.8285e-52
1.6646e-52
1.5153e-52
1.3793e-52
1.2556e-52
1.1428e-52
1.0402e-52
9.467e-53
8.6159e-53
7.8411e-53
7.1356e-53
6.4933e-53
5.9087e-53
5.3764e-53
4.8919e-53
4.4509e-53
4.0495e-53
3.6841e-53
3.3516e-53
3.0489e-53
2.7735e-53
2.5228e-53
2.2948e-53
2.0872e-53
1.8984e-53
1.7265e-53
1.5702e-53
1.4279e-53
1.2985e-53
1.1808e-53
1.0737e-53
9.7627e-54
8.8765e-54
8.0704e-54
7.3372e-54
6.6704e-54
6.0639e-54
5.5123e-54
5.0108e-54
4.5546e-54
4.1399e-54
3.7627e-54
3.4198e-54
3.108e-54
2.8245e-54
2.5668e-54
2.3324e-54
2.1194e-54
1.9258e-54
1.7498e-54
1.5898e-54
1.4444e-54
1.3122e-54
1.1921e-54
1.0829e-54
9.8372e-55
8.9356e-55
8.1163e-55
7.3719e-55
6.6954e-55
6.0808e-55
5.5224e-55
5.015e-55
4.5541e-55
4.1354e-55
3.755e-55
3.4095e-55
3.0957e-55
2.8106e-55
2.5517e-55
2.3165e-55
2.1029e-55
1.9089e-55
1.7328e-55
1.5729e-55
1.4276e-55
1.2957e-55
1.176e-55
1.0673e-55
9.6854e-56
8.7892e-56
7.9757e-56
7.2371e-56
6.5667e-56
5.9582e-56
5.4058e-56
4.9044e-56
4.4494e-56
4.0364e-56
3.6616e-56
3.3214e-56
3.0128e-56
2.7327e-56
2.4786e-56
2.248e-56
2.0387e-56
1.8489e-56
1.6767e-56
1.5204e-56
1.3787e-56
1.2501e-56
1.1335e-56
1.0277e-56
9.3176e-57
8.4473e-57
7.658e-57
6.9422e-57
6.293e-57
5.7043e-57
5.1704e-57
4.6864e-57
4.2475e-57
3.8495e-57
3.4887e-57
3.1616e-57
2.865e-57
2.5961e-57
2.3524e-57
2.1315e-57
1.9312e-57
1.7497e-57
1.5852e-57
1.4361e-57
1.301e-57
1.1785e-57
1.0675e-57
9.6697e-58
8.7584e-58
7.9327e-58
7.1845e-58
6.5067e-58
5.8925e-58
5.3361e-58
4.8321e-58
4.3755e-58
3.9618e-58
3.5872e-58
3.2478e-58
2.9404e-58
2.662e-58
2.4099e-58
2.1815e-58
1.9748e-58
1.7875e-58
1.6179e-58
1.4644e-58
1.3254e-58
1.1995e-58
1.0855e-58
9.8237e-59
8.8897e-59
8.0441e-59
7.2787e-59
6.5859e-59
5.9587e-59
5.3911e-59
4.8773e-59
4.4123e-59
3.9915e-59
3.6107e-59
3.2661e-59
2.9542e-59
2.6721e-59
2.4167e-59
2.1857e-59
1.9767e-59
1.7876e-59
1.6165e-59
1.4618e-59
1.3218e-59
1.1951e-59
1.0806e-59
9.7699e-60
8.8328e-60
7.9853e-60
7.2187e-60
6.5256e-60
5.8987e-60
5.3318e-60
4.8192e-60
4.3558e-60
3.9367e-60
3.5578e-60
3.2153e-60
2.9056e-60
2.6256e-60
2.3725e-60
2.1438e-60
1.937e-60
1.75e-60
1.5811e-60
1.4284e-60
1.2904e-60
1.1657e-60
1.053e-60
9.5115e-61
8.5913e-61
7.7597e-61
7.0083e-61
6.3295e-61
5.7162e-61
5.1621e-61
4.6615e-61
4.2093e-61
3.8008e-61
3.4318e-61
3.0985e-61
2.7975e-61
2.5256e-61
2.28e-61
2.0583e-61
1.858e-61
1.6771e-61
1.5138e-61
1.3664e-61
1.2332e-61
1.113e-61
1.0045e-61
9.0647e-62
8.1801e-62
7.3815e-62
6.6606e-62
6.0098e-62
5.4225e-62
4.8923e-62
4.4138e-62
3.9819e-62
3.5921e-62
3.2404e-62
2.923e-62
2.6366e-62
2.3781e-62
2.1449e-62
1.9345e-62
1.7446e-62
1.5734e-62
1.4188e-62
1.2795e-62
1.1537e-62
1.0403e-62
9.3796e-63
8.4567e-63
7.6243e-63
6.8736e-63
6.1966e-63
5.586e-63
5.0353e-63
4.5388e-63
4.0911e-63
3.6874e-63
3.3233e-63
2.9952e-63
2.6993e-63
2.4325e-63
2.192e-63
1.9752e-63
1.7798e-63
1.6036e-63
1.4449e-63
1.3018e-63
1.1728e-63
1.0565e-63
9.5178e-64
8.5737e-64
7.723e-64
6.9564e-64
6.2656e-64
5.6432e-64
5.0824e-64
4.5772e-64
4.122e-64
3.7119e-64
3.3425e-64
3.0098e-64
2.71e-64
2.44e-64
2.1969e-64
1.9778e-64
1.7806e-64
1.6029e-64
1.4429e-64
1.2989e-64
1.1691e-64
1.0523e-64
9.4713e-65
8.5243e-65
7.6717e-65
6.904e-65
6.2129e-65
5.5908e-65
5.0308e-65
4.5266e-65
4.0729e-65
3.6644e-65
3.2968e-65
2.966e-65
2.6682e-65
2.4003e-65
2.1591e-65
1.9422e-65
1.7469e-65
1.5712e-65
1.4131e-65
1.2709e-65
1.143e-65
1.0278e-65
9.2429e-66
8.3113e-66
7.4733e-66
6.7196e-66
6.0416e-66
5.4318e-66
4.8833e-66
4.3901e-66
3.9465e-66
3.5476e-66
3.1889e-66
2.8663e-66
2.5763e-66
2.3155e-66
2.081e-66
1.8702e-66
1.6807e-66
1.5103e-66
1.3572e-66
1.2195e-66
1.0958e-66
9.8452e-67
8.8455e-67
7.9469e-67
7.1393e-67
6.4135e-67
5.7613e-67
5.1752e-67
4.6485e-67
4.1753e-67
3.7501e-67
3.368e-67
3.0248e-67
2.7164e-67
2.4394e-67
2.1905e-67
1.9669e-67
1.7661e-67
1.5858e-67
1.4237e-67
1.2782e-67
1.1475e-67
1.0302e-67
9.2478e-68
8.3013e-68
7.4514e-68
6.6882e-68
6.003e-68
5.3877e-68
4.8353e-68
4.3394e-68
3.8941e-68
3.4945e-68
3.1357e-68
2.8136e-68
2.5245e-68
2.265e-68
2.0321e-68
1.8231e-68
1.6355e-68
1.4672e-68
1.3161e-68
1.1806e-68
1.0589e-68
9.4978e-69
8.5185e-69
7.6399e-69
6.8516e-69
6.1444e-69
5.5099e-69
4.9408e-69
4.4303e-69
3.9724e-69
3.5616e-69
3.1932e-69
2.8628e-69
2.5665e-69
2.3008e-69
2.0624e-69
1.8487e-69
1.6571e-69
1.4853e-69
1.3312e-69
1.1931e-69
1.0693e-69
9.5824e-70
8.587e-70
7.6948e-70
6.895e-70
6.1781e-70
5.5355e-70
4.9595e-70
4.4433e-70
3.9806e-70
3.566e-70
3.1944e-70
2.8615e-70
2.5631e-70
2.2958e-70
2.0562e-70
1.8416e-70
1.6493e-70
1.4771e-70
1.3227e-70
1.1845e-70
1.0606e-70
9.4969e-71
8.5032e-71
7.6132e-71
6.8161e-71
6.1022e-71
5.4628e-71
4.8903e-71
4.3776e-71
3.9184e-71
3.5073e-71
3.1392e-71
2.8096e-71
2.5145e-71
2.2503e-71
2.0138e-71
1.8021e-71
1.6126e-71
1.4429e-71
1.291e-71
1.1551e-71
1.0335e-71
9.2459e-72
8.2715e-72
7.3995e-72
6.6191e-72
5.9208e-72
5.2959e-72
4.7368e-72
4.2366e-72
3.789e-72
3.3886e-72
3.0304e-72
2.7099e-72
2.4232e-72
2.1668e-72
1.9374e-72
1.7323e-72
1.5488e-72
1.3846e-72
1.2379e-72
1.1066e-72
9.8921e-73
8.8425e-73
7.9038e-73
7.0646e-73
6.3142e-73
5.6432e-73
5.0434e-73
4.5071e-73
4.0277e-73
3.5992e-73
3.2161e-73
2.8736e-73
2.5676e-73
2.294e-73
2.0495e-73
1.831e-73
1.6357e-73
1.4612e-73
1.3052e-73
1.1659e-73
1.0414e-73
9.3012e-74
8.3071e-74
7.419e-74
6.6256e-74
5.9168e-74
5.2836e-74
4.718e-74
4.2127e-74
3.7614e-74
3.3584e-74
2.9984e-74
2.6768e-74
2.3897e-74
2.1333e-74
1.9043e-74
1.6998e-74
1.5172e-74
1.3542e-74
1.2086e-74
1.0787e-74
9.6266e-75
8.5908e-75
7.6662e-75
6.8408e-75
6.104e-75
5.4464e-75
4.8594e-75
4.3355e-75
3.8679e-75
3.4506e-75
3.0783e-75
2.7459e-75
2.4494e-75
2.1848e-75
1.9487e-75
1.738e-75
1.5501e-75
1.3824e-75
1.2328e-75
1.0994e-75
9.8034e-76
8.7415e-76
7.7944e-76
6.9496e-76
6.1961e-76
5.524e-76
4.9247e-76
4.3902e-76
3.9136e-76
3.4885e-76
3.1095e-76
2.7716e-76
2.4703e-76
2.2016e-76
1.9621e-76
1.7486e-76
1.5583e-76
1.3886e-76
1.2373e-76
1.1025e-76
9.8232e-77
8.7521e-77
7.7974e-77
6.9466e-77
6.1884e-77
5.5128e-77
4.9107e-77
4.3742e-77
3.8961e-77
3.4702e-77
3.0906e-77
2.7525e-77
2.4513e-77
2.183e-77
1.9439e-77
1.731e-77
1.5413e-77
1.3723e-77
1.2219e-77
1.0878e-77
9.6848e-78
8.6218e-78
7.6751e-78
6.8322e-78
6.0815e-78
5.4131e-78
4.818e-78
4.2882e-78
3.8164e-78
3.3964e-78
3.0225e-78
2.6897e-78
2.3934e-78
2.1297e-78
1.8949e-78
1.686e-78
1.5e-78
1.3345e-78
1.1872e-78
1.0561e-78
9.3949e-79
8.3569e-79
7.4334e-79
6.6116e-79
5.8804e-79
5.2299e-79
4.6512e-79
4.1363e-79
3.6783e-79
3.2708e-79
2.9084e-79
2.586e-79
2.2993e-79
2.0443e-79
1.8175e-79
1.6158e-79
1.4364e-79
1.2769e-79
1.135e-79
1.0089e-79
8.9672e-80
7.97e-80
7.0835e-80
6.2953e-80
5.5945e-80
4.9716e-80
4.4179e-80
3.9256e-80
3.4881e-80
3.0992e-80
2.7536e-80
2.4464e-80
2.1734e-80
1.9308e-80
1.7152e-80
1.5236e-80
1.3533e-80
1.202e-80
1.0676e-80
9.4822e-81
8.4213e-81
7.4788e-81
6.6415e-81
5.8977e-81
5.237e-81
4.6501e-81
4.1288e-81
3.6658e-81
3.2546e-81
2.8894e-81
2.5651e-81
2.2771e-81
2.0213e-81
1.7942e-81
1.5926e-81
1.4135e-81
1.2546e-81
1.1134e-81
9.8812e-82
8.7689e-82
7.7815e-82
6.905e-82
6.1269e-82
5.4363e-82
4.8234e-82
4.2794e-82
3.7966e-82
3.3681e-82
2.9879e-82
2.6505e-82
2.351e-82
2.0854e-82
1.8496e-82
1.6405e-82
1.4549e-82
1.2903e-82
1.1443e-82
1.0147e-82
8.9981e-83
7.9787e-83
7.0746e-83
6.2726e-83
5.5613e-83
4.9305e-83
4.371e-83
3.8749e-83
3.4349e-83
3.0448e-83
2.6989e-83
2.3921e-83
2.1202e-83
1.8791e-83
1.6653e-83
1.4758e-83
1.3078e-83
1.1589e-83
1.0269e-83
9.0991e-84
8.0621e-84
7.143e-84
6.3283e-84
5.6064e-84
4.9666e-84
4.3997e-84
3.8973e-84
3.4521e-84
3.0577e-84
2.7082e-84
2.3986e-84
2.1243e-84
1.8812e-84
1.6659e-84
1.4752e-84
1.3063e-84
1.1567e-84
1.0241e-84
9.0675e-85
8.0279e-85
7.1072e-85
6.2918e-85
5.5697e-85
4.9303e-85
4.3641e-85
3.8628e-85
3.419e-85
3.026e-85
2.6781e-85
2.3701e-85
2.0974e-85
1.856e-85
1.6423e-85
1.4532e-85
1.2858e-85
1.1376e-85
1.0065e-85
8.9046e-86
7.8776e-86
6.9687e-86
6.1644e-86
5.4528e-86
4.8231e-86
4.2659e-86
3.773e-86
3.3369e-86
2.9511e-86
2.6097e-86
2.3078e-86
2.0407e-86
1.8045e-86
1.5955e-86
1.4107e-86
1.2472e-86
1.1026e-86
9.748e-87
8.6174e-87
7.6176e-87
6.7335e-87
5.9518e-87
5.2607e-87
4.6496e-87
4.1093e-87
3.6316e-87
3.2094e-87
2.8361e-87
2.5062e-87
2.2145e-87
1.9567e-87
1.7288e-87
1.5275e-87
1.3495e-87
1.1922e-87
1.0532e-87
9.3035e-88
8.2181e-88
7.259e-88
6.4116e-88
5.6629e-88
5.0014e-88
4.4171e-88
3.9008e-88
3.4447e-88
3.0419e-88
2.686e-88
2.3717e-88
2.094e-88
1.8488e-88
1.6323e-88
1.441e-88
1.2721e-88
1.123e-88
9.9129e-89
8.75e-89
7.7232e-89
6.8167e-89
6.0163e-89
5.3096e-89
4.6858e-89
4.1351e-89
3.649e-89
3.2199e-89
2.8411e-89
2.5068e-89
2.2117e-89
1.9513e-89
1.7215e-89
1.5187e-89
1.3397e-89
1.1818e-89
1.0424e-89
9.1946e-90
8.1097e-90
7.1525e-90
6.3081e-90
5.5631e-90
4.9059e-90
4.3262e-90
3.8148e-90
3.3637e-90
2.9659e-90
2.6149e-90
2.3055e-90
2.0325e-90
1.7918e-90
1.5796e-90
1.3924e-90
1.2274e-90
1.0818e-90
9.5354e-91
8.4041e-91
7.4068e-91
6.5275e-91
5.7524e-91
5.0691e-91
4.4668e-91
3.936e-91
3.468e-91
3.0556e-91
2.6921e-91
2.3718e-91
2.0894e-91
1.8407e-91
1.6214e-91
1.4283e-91
1.258e-91
1.1081e-91
9.7594e-92
8.5953e-92
7.5697e-92
6.6663e-92
5.8704e-92
5.1693e-92
4.5518e-92
4.0079e-92
3.5288e-92
3.1069e-92
2.7353e-92
2.408e-92
2.1198e-92
1.8661e-92
1.6426e-92
1.4459e-92
1.2726e-92
1.1201e-92
9.858e-93
8.6758e-93
7.635e-93
6.7188e-93
5.9124e-93
5.2025e-93
4.5776e-93
4.0277e-93
3.5436e-93
3.1177e-93
2.7428e-93
2.4129e-93
2.1225e-93
1.8671e-93
1.6423e-93
1.4445e-93
1.2705e-93
1.1174e-93
9.8273e-94
8.6424e-94
7.6001e-94
6.6832e-94
5.8767e-94
5.1673e-94
4.5434e-94
3.9946e-94
3.512e-94
3.0875e-94
2.7143e-94
2.386e-94
2.0974e-94
1.8436e-94
1.6205e-94
1.4243e-94
1.2518e-94
1.1002e-94
9.6684e-95
8.4965e-95
7.4663e-95
6.5608e-95
5.7648e-95
5.0652e-95
4.4503e-95
3.9099e-95
3.435e-95
3.0177e-95
2.6509e-95
2.3286e-95
2.0455e-95
1.7966e-95
1.578e-95
1.386e-95
1.2172e-95
1.069e-95
9.3876e-96
8.2437e-96
7.2388e-96
6.3562e-96
5.581e-96
4.9001e-96
4.3021e-96
3.777e-96
3.3158e-96
2.9108e-96
2.5551e-96
2.2429e-96
1.9687e-96
1.7279e-96
1.5166e-96
1.331e-96
1.1681e-96
1.0251e-96
8.9956e-97
7.8936e-97
6.9264e-97
6.0774e-97
5.3323e-97
4.6783e-97
4.1044e-97
3.6007e-97
3.1587e-97
2.7709e-97
2.4306e-97
2.1319e-97
1.8699e-97
1.6401e-97
1.4384e-97
1.2615e-97
1.1063e-97
9.7012e-98
8.507e-98
7.4594e-98
6.5406e-98
5.7347e-98
5.0279e-98
4.408e-98
3.8644e-98
3.3877e-98
2.9697e-98
2.6032e-98
2.2818e-98
2e-98
1.7529e-98
1.5363e-98
1.3464e-98
1.1799e-98
1.034e-98
9.0607e-99
7.9395e-99
6.9567e-99
6.0953e-99
5.3404e-99
4.6787e-99
4.0989e-99
3.5908e-99
3.1456e-99
2.7554e-99
2.4135e-99
2.114e-99
1.8516e-99
1.6216e-99
1.4202e-99
1.2438e-99
1.0892e-99
9.5377e-100
8.3516e-100
7.3128e-100
6.4029e-100
5.6059e-100
4.908e-100
4.2968e-100
3.7616e-100
3.2928e-100
2.8824e-100
2.5231e-100
2.2084e-100
1.9329e-100
1.6917e-100
1.4806e-100
1.2957e-100
1.1339e-100
9.9223e-101
8.6824e-101
7.5971e-101
6.6472e-101
5.8159e-101
5.0883e-101
4.4515e-101
3.8943e-101
3.4067e-101
2.98e-101
2.6067e-101
2.28e-101
1.9942e-101
1.7442e-101
1.5254e-101
1.334e-101
1.1666e-101
1.0202e-101
8.9206e-102
7.8001e-102
6.8201e-102
5.963e-102
5.2134e-102
4.5579e-102
3.9846e-102
3.4832e-102
3.0449e-102
2.6616e-102
2.3264e-102
2.0334e-102
1.7772e-102
1.5532e-102
1.3574e-102
1.1862e-102
1.0366e-102
9.0581e-103
7.9149e-103
6.9157e-103
6.0423e-103
5.2791e-103
4.6121e-103
4.0292e-103
3.5198e-103
3.0747e-103
2.6858e-103
2.3459e-103
2.049e-103
1.7896e-103
1.563e-103
1.365e-103
1.1921e-103
1.041e-103
9.09e-104
7.9372e-104
6.9304e-104
6.051e-104
5.283e-104
4.6123e-104
4.0266e-104
3.5151e-104
3.0685e-104
2.6785e-104
2.338e-104
2.0406e-104
1.7811e-104
1.5544e-104
1.3566e-104
1.1839e-104
1.0331e-104
9.0152e-105
7.8665e-105
6.8639e-105
5.9888e-105
5.2251e-105
4.5586e-105
3.9769e-105
3.4693e-105
3.0264e-105
2.6399e-105
2.3027e-105
2.0085e-105
1.7518e-105
1.5278e-105
1.3324e-105
1.162e-105
1.0133e-105
8.8363e-106
7.705e-106
6.7183e-106
5.8577e-106
5.1072e-106
4.4526e-106
3.8818e-106
3.384e-106
2.9499e-106
2.5714e-106
2.2414e-106
1.9537e-106
1.7028e-106
1.4841e-106
1.2934e-106
1.1272e-106
9.8225e-107
8.5594e-107
7.4585e-107
6.4988e-107
5.6625e-107
4.9335e-107
4.2982e-107
3.7446e-107
3.2621e-107
2.8417e-107
2.4754e-107
2.1562e-107
1.8781e-107
1.6358e-107
1.4247e-107
1.2408e-107
1.0806e-107
9.4099e-108
8.1942e-108
7.1352e-108
6.2129e-108
5.4095e-108
4.7099e-108
4.1005e-108
3.5699e-108
3.1078e-108
2.7054e-108
2.355e-108
2.0499e-108
1.7843e-108
1.553e-108
1.3516e-108
1.1763e-108
1.0237e-108
8.9089e-109
7.7525e-109
6.746e-109
5.8699e-109
5.1073e-109
4.4437e-109
3.8661e-109
3.3635e-109
2.9261e-109
2.5454e-109
2.2142e-109
1.926e-109
1.6753e-109
1.4571e-109
1.2673e-109
1.1022e-109
9.5853e-110
8.3357e-110
7.2487e-110
6.3032e-110
5.4808e-110
4.7655e-110
4.1434e-110
3.6023e-110
3.1318e-110
2.7226e-110
2.3668e-110
2.0574e-110
1.7884e-110
1.5545e-110
1.3511e-110
1.1743e-110
1.0206e-110
8.8696e-111
7.708e-111
6.6982e-111
5.8204e-111
5.0575e-111
4.3944e-111
3.8181e-111
3.3172e-111
2.8819e-111
2.5037e-111
2.175e-111
1.8893e-111
1.6412e-111
1.4255e-111
1.2382e-111
1.0754e-111
9.3397e-112
8.1111e-112
7.0439e-112
6.1169e-112
5.3116e-112
4.6122e-112
4.0047e-112
3.4771e-112
3.0189e-112
2.6209e-112
2.2753e-112
1.9752e-112
1.7146e-112
1.4884e-112
1.2919e-112
1.1213e-112
9.7324e-113
8.4467e-113
7.3305e-113
6.3616e-113
5.5205e-113
4.7905e-113
4.1568e-113
3.6068e-113
3.1294e-113
2.7151e-113
2.3556e-113
2.0435e-113
1.7728e-113
1.5378e-113
1.334e-113
1.1571e-113
1.0036e-113
8.7046e-114
7.5495e-114
6.5473e-114
5.678e-114
4.9239e-114
4.2697e-114
3.7024e-114
3.2102e-114
2.7834e-114
2.4133e-114
2.0922e-114
1.8138e-114
1.5724e-114
1.3631e-114
1.1816e-114
1.0242e-114
8.8771e-115
7.6941e-115
6.6684e-115
5.7792e-115
5.0084e-115
4.3402e-115
3.761e-115
3.2589e-115
2.8238e-115
2.4467e-115
2.1198e-115
1.8365e-115
1.5911e-115
1.3783e-115
1.194e-115
1.0343e-115
8.9589e-116
7.7599e-116
6.721e-116
5.821e-116
5.0413e-116
4.3659e-116
3.7808e-116
3.2739e-116
2.8349e-116
2.4547e-116
2.1254e-116
1.8402e-116
1.5932e-116
1.3793e-116
1.194e-116
1.0336e-116
8.9474e-117
7.7448e-117
6.7036e-117
5.8021e-117
5.0217e-117
4.346e-117
3.7611e-117
3.2548e-117
2.8165e-117
2.4372e-117
2.1088e-117
1.8246e-117
1.5787e-117
1.3658e-117
1.1816e-117
1.0222e-117
8.8429e-118
7.6494e-118
6.6167e-118
5.7231e-118
4.9501e-118
4.2812e-118
3.7026e-118
3.2021e-118
2.7691e-118
2.3946e-118
2.0706e-118
1.7904e-118
1.5481e-118
1.3385e-118
1.1572e-118
1.0004e-118
8.6487e-119
7.4765e-119
6.4629e-119
5.5865e-119
4.8287e-119
4.1735e-119
3.6071e-119
3.1175e-119
2.6942e-119
2.3282e-119
2.0119e-119
1.7385e-119
1.5022e-119
1.298e-119
1.1215e-119
9.6891e-120
8.3707e-120
7.2314e-120
6.247e-120
5.3963e-120
4.6613e-120
4.0262e-120
3.4775e-120
3.0035e-120
2.594e-120
2.2402e-120
1.9346e-120
1.6706e-120
1.4426e-120
1.2456e-120
1.0755e-120
9.2861e-121
8.0173e-121
6.9216e-121
5.9754e-121
5.1583e-121
4.4528e-121
3.8436e-121
3.3176e-121
2.8635e-121
2.4715e-121
2.133e-121
1.8408e-121
1.5886e-121
1.3709e-121
1.1829e-121
1.0207e-121
8.8071e-122
7.5988e-122
6.556e-122
5.6561e-122
4.8795e-122
4.2094e-122
3.6311e-122
3.1322e-122
2.7017e-122
2.3302e-122
2.0098e-122
1.7334e-122
1.4949e-122
1.2892e-122
1.1117e-122
9.5862e-123
8.266e-123
7.1272e-123
6.1451e-123
5.2981e-123
4.5677e-123
3.9378e-123
3.3946e-123
2.9263e-123
2.5224e-123
2.1742e-123
1.874e-123
1.6152e-123
1.392e-123
1.1997e-123
1.0339e-123
8.9093e-124
7.6772e-124
6.6153e-124
5.7e-124
4.9111e-124
4.2313e-124
3.6454e-124
3.1405e-124
2.7054e-124
2.3305e-124
2.0075e-124
1.7292e-124
1.4894e-124
1.2828e-124
1.1048e-124
9.5147e-125
8.1939e-125
7.0561e-125
6.0761e-125
5.232e-125
4.5049e-125
3.8788e-125
3.3395e-125
2.8751e-125
2.4752e-125
2.1308e-125
1.8342e-125
1.5789e-125
1.3591e-125
1.1698e-125
1.0068e-125
8.6652e-126
7.4574e-126
6.4177e-126
5.5227e-126
4.7524e-126
4.0893e-126
3.5186e-126
3.0274e-126
2.6047e-126
2.2409e-126
1.9279e-126
1.6585e-126
1.4267e-126
1.2272e-126
1.0556e-126
9.0796e-127
7.8092e-127
6.7164e-127
5.7762e-127
4.9675e-127
4.2718e-127
3.6733e-127
3.1586e-127
2.7159e-127
2.3352e-127
2.0077e-127
1.7261e-127
1.4839e-127
1.2757e-127
1.0966e-127
9.4266e-128
8.1027e-128
6.9645e-128
5.986e-128
5.1447e-128
4.4214e-128
3.7997e-128
3.2653e-128
2.8059e-128
2.4111e-128
2.0717e-128
1.78e-128
1.5294e-128
1.3139e-128
1.1288e-128
9.6972e-129
8.3302e-129
7.1556e-129
6.1464e-129
5.2793e-129
4.5344e-129
3.8944e-129
3.3446e-129
2.8723e-129
2.4666e-129
2.1181e-129
1.8188e-129
1.5617e-129
1.3409e-129
1.1513e-129
9.884e-130
8.4855e-130
7.2846e-130
6.2533e-130
5.3679e-130
4.6076e-130
3.9549e-130
3.3944e-130
2.9133e-130
2.5003e-130
2.1457e-130
1.8414e-130
1.5801e-130
1.3559e-130
1.1634e-130
9.9821e-131
8.5645e-131
7.3478e-131
6.3038e-131
5.4078e-131
4.6391e-131
3.9794e-131
3.4134e-131
2.9278e-131
2.5112e-131
2.1537e-131
1.8471e-131
1.5841e-131
1.3584e-131
1.1649e-131
9.9887e-132
8.5649e-132
7.3437e-132
6.2963e-132
5.3981e-132
4.6279e-132
3.9674e-132
3.401e-132
2.9154e-132
2.499e-132
2.142e-132
1.8359e-132
1.5735e-132
1.3485e-132
1.1557e-132
9.9036e-133
8.4867e-133
7.2722e-133
6.2312e-133
5.339e-133
4.5744e-133
3.9191e-133
3.3576e-133
2.8764e-133
2.464e-133
2.1107e-133
1.808e-133
1.5486e-133
1.3264e-133
1.136e-133
9.7292e-134
8.3321e-134
7.1353e-134
6.1101e-134
5.2321e-134
4.48e-134
3.8359e-134
3.2843e-134
2.8118e-134
2.4073e-134
2.0608e-134
1.7642e-134
1.5101e-134
1.2927e-134
1.1064e-134
9.4701e-135
8.1052e-135
6.9367e-135
5.9365e-135
5.0803e-135
4.3473e-135
3.72e-135
3.1831e-135
2.7235e-135
2.3302e-135
1.9936e-135
1.7056e-135
1.4591e-135
1.2482e-135
1.0677e-135
9.1333e-136
7.8121e-136
6.6818e-136
5.7148e-136
4.8876e-136
4.1799e-136
3.5745e-136
3.0567e-136
2.6138e-136
2.235e-136
1.911e-136
1.6339e-136
1.3969e-136
1.1942e-136
1.0209e-136
8.7276e-137
7.4606e-137
6.3772e-137
5.4509e-137
4.659e-137
3.982e-137
3.4032e-137
2.9084e-137
2.4854e-137
2.1239e-137
1.8149e-137
1.5508e-137
1.325e-137
1.1321e-137
9.6724e-138
8.2634e-138
7.0594e-138
6.0306e-138
5.1515e-138
4.4004e-138
3.7586e-138
3.2103e-138
2.7419e-138
2.3417e-138
1.9998e-138
1.7078e-138
1.4584e-138
1.2453e-138
1.0634e-138
9.0795e-139
7.7521e-139
6.6185e-139
5.6505e-139
4.8238e-139
4.1179e-139
3.5152e-139
3.0005e-139
2.5611e-139
2.186e-139
1.8657e-139
1.5923e-139
1.3589e-139
1.1597e-139
9.8962e-140
8.4446e-140
7.2056e-140
6.1482e-140
5.2457e-140
4.4755e-140
3.8182e-140
3.2573e-140
2.7787e-140
2.3704e-140
2.0219e-140
1.7246e-140
1.471e-140
1.2546e-140
1.07e-140
9.1253e-141
7.782e-141
6.6361e-141
5.6588e-141
4.8252e-141
4.1142e-141
3.5078e-141
2.9907e-141
2.5497e-141
2.1737e-141
1.853e-141
1.5796e-141
1.3464e-141
1.1477e-141
9.7819e-142
8.3372e-142
7.1055e-142
6.0555e-142
5.1605e-142
4.3976e-142
3.7473e-142
3.193e-142
2.7207e-142
2.3181e-142
1.975e-142
1.6826e-142
1.4334e-142
1.2211e-142
1.0402e-142
8.8604e-143
7.5471e-143
6.4282e-143
5.4749e-143
4.6629e-143
3.9711e-143
3.3818e-143
2.8798e-143
2.4523e-143
2.0881e-143
1.7779e-143
1.5138e-143
1.2888e-143
1.0972e-143
9.3411e-144
7.952e-144
6.7692e-144
5.762e-144
4.9045e-144
4.1745e-144
3.553e-144
3.0239e-144
2.5734e-144
2.19e-144
1.8636e-144
1.5859e-144
1.3494e-144
1.1482e-144
9.769e-145
8.3115e-145
7.0711e-145
6.0156e-145
5.1174e-145
4.3532e-145
3.7029e-145
3.1497e-145
2.679e-145
2.2785e-145
1.9379e-145
1.648e-145
1.4015e-145
1.1918e-145
1.0135e-145
8.6176e-146
7.3274e-146
6.23e-146
5.2968e-146
4.5032e-146
3.8283e-146
3.2545e-146
2.7665e-146
2.3516e-146
1.9989e-146
1.699e-146
1.444e-146
1.2272e-146
1.043e-146
8.8635e-147
7.5321e-147
6.4004e-147
5.4385e-147
4.621e-147
3.9262e-147
3.3358e-147
2.834e-147
2.4076e-147
2.0453e-147
1.7374e-147
1.4758e-147
1.2536e-147
1.0647e-147
9.0433e-148
7.6804e-148
6.5227e-148
5.5393e-148
4.7039e-148
3.9944e-148
3.3917e-148
2.8799e-148
2.4452e-148
2.076e-148
1.7625e-148
1.4963e-148
1.2702e-148
1.0783e-148
9.1528e-149
7.769e-149
6.5941e-149
5.5967e-149
4.75e-149
4.0312e-149
3.421e-149
2.9031e-149
2.4634e-149
2.0903e-149
1.7736e-149
1.5049e-149
1.2768e-149
1.0832e-149
9.1894e-150
7.7956e-150
6.6129e-150
5.6094e-150
4.758e-150
4.0357e-150
3.4228e-150
2.903e-150
2.4619e-150
2.0878e-150
1.7705e-150
1.5013e-150
1.2731e-150
1.0794e-150
9.1521e-151
7.7595e-151
6.5785e-151
5.577e-151
4.7278e-151
4.0078e-151
3.3972e-151
2.8796e-151
2.4407e-151
2.0686e-151
1.7532e-151
1.4858e-151
1.2592e-151
1.067e-151
9.042e-152
7.6617e-152
6.4919e-152
5.5004e-152
4.6602e-152
3.9482e-152
3.3448e-152
2.8335e-152
2.4003e-152
2.0332e-152
1.7222e-152
1.4587e-152
1.2355e-152
1.0464e-152
8.8615e-153
7.5045e-153
6.355e-153
5.3814e-153
4.5567e-153
3.8583e-153
3.2667e-153
2.7658e-153
2.3416e-153
1.9823e-153
1.6781e-153
1.4206e-153
1.2025e-153
1.0178e-153
8.615e-154
7.2915e-154
6.1711e-154
5.2226e-154
4.4198e-154
3.7402e-154
3.1649e-154
2.6781e-154
2.266e-154
1.9172e-154
1.6221e-154
1.3723e-154
1.161e-154
9.8215e-155
8.3082e-155
7.0278e-155
5.9445e-155
5.028e-155
4.2526e-155
3.5966e-155
3.0417e-155
2.5723e-155
2.1752e-155
1.8394e-155
1.5554e-155
1.3151e-155
1.1119e-155
9.4011e-156
7.948e-156
6.7193e-156
5.6803e-156
4.8017e-156
4.0589e-156
3.4308e-156
2.8998e-156
2.4509e-156
2.0714e-156
1.7506e-156
1.4794e-156
1.2502e-156
1.0564e-156
8.9266e-157
7.5425e-157
6.3728e-157
5.3842e-157
4.5488e-157
3.8429e-157
3.2464e-157
2.7424e-157
2.3165e-157
1.9567e-157
1.6527e-157
1.3959e-157
1.1789e-157
9.9562e-158
8.408e-158
7.1002e-158
5.9956e-158
5.0627e-158
4.2747e-158
3.6092e-158
3.0472e-158
2.5727e-158
2.1719e-158
1.8335e-158
1.5477e-158
1.3065e-158
1.1028e-158
9.3078e-159
7.8559e-159
6.6302e-159
5.5955e-159
4.7221e-159
3.9849e-159
3.3626e-159
2.8374e-159
2.3941e-159
2.02e-159
1.7042e-159
1.4378e-159
1.213e-159
1.0233e-159
8.6319e-160
7.2812e-160
6.1417e-160
5.1802e-160
4.3691e-160
3.6849e-160
3.1076e-160
2.6207e-160
2.21e-160
1.8636e-160
1.5714e-160
1.325e-160
1.1172e-160
9.4188e-161
7.9408e-161
6.6944e-161
5.6434e-161
4.7573e-161
4.0101e-161
3.3801e-161
2.849e-161
2.4012e-161
2.0237e-161
1.7055e-161
1.4373e-161
1.2112e-161
1.0206e-161
8.6001e-162
7.2464e-162
6.1055e-162
5.144e-162
4.3338e-162
3.651e-162
3.0756e-162
2.5909e-162
2.1824e-162
1.8383e-162
1.5483e-162
1.3041e-162
1.0983e-162
9.2497e-163
7.7895e-163
6.5596e-163
5.5237e-163
4.6511e-163
3.9162e-163
3.2974e-163
2.7761e-163
2.3372e-163
1.9676e-163
1.6564e-163
1.3944e-163
1.1737e-163
9.8794e-164
8.3154e-164
6.9987e-164
5.8902e-164
4.9571e-164
4.1717e-164
3.5105e-164
2.9541e-164
2.4857e-164
2.0915e-164
1.7597e-164
1.4805e-164
1.2456e-164
1.0479e-164
8.8152e-165
7.4154e-165
6.2376e-165
5.2467e-165
4.413e-165
3.7116e-165
3.1216e-165
2.6253e-165
2.2077e-165
1.8566e-165
1.5612e-165
1.3127e-165
1.1038e-165
9.2804e-166
7.8025e-166
6.5597e-166
5.5147e-166
4.6359e-166
3.897e-166
3.2758e-166
2.7535e-166
2.3143e-166
1.9451e-166
1.6348e-166
1.3739e-166
1.1546e-166
9.7024e-167
8.153e-167
6.8507e-167
5.7562e-167
4.8364e-167
4.0634e-167
3.4138e-167
2.8679e-167
2.4092e-167
2.0238e-167
1.7e-167
1.4279e-167
1.1994e-167
1.0073e-167
8.4601e-168
7.105e-168
5.9666e-168
5.0105e-168
4.2074e-168
3.5329e-168
2.9664e-168
2.4906e-168
2.0911e-168
1.7556e-168
1.4738e-168
1.2372e-168
1.0386e-168
8.7179e-169
7.3176e-169
6.1419e-169
5.1549e-169
4.3264e-169
3.6308e-169
3.047e-169
2.5569e-169
2.1456e-169
1.8004e-169
1.5106e-169
1.2675e-169
1.0634e-169
8.9213e-170
7.4843e-170
6.2785e-170
5.2668e-170
4.4179e-170
3.7056e-170
3.1081e-170
2.6068e-170
2.1863e-170
1.8335e-170
1.5376e-170
1.2894e-170
1.0812e-170
9.0662e-171
7.6018e-171
6.3736e-171
5.3437e-171
4.48e-171
3.7557e-171
3.1484e-171
2.6392e-171
2.2123e-171
1.8543e-171
1.5542e-171
1.3027e-171
1.0918e-171
9.1495e-172
7.6676e-172
6.4253e-172
5.3842e-172
4.5115e-172
3.7801e-172
3.1672e-172
2.6535e-172
2.2231e-172
1.8624e-172
1.5602e-172
1.3069e-172
1.0947e-172
9.1696e-173
7.6803e-173
6.4326e-173
5.3873e-173
4.5117e-173
3.7783e-173
3.164e-173
2.6494e-173
2.2185e-173
1.8575e-173
1.5552e-173
1.3021e-173
1.0901e-173
9.126e-174
7.6396e-174
6.3951e-174
5.3531e-174
4.4807e-174
3.7503e-174
3.1388e-174
2.627e-174
2.1985e-174
1.8398e-174
1.5396e-174
1.2883e-174
1.078e-174
9.0196e-175
7.5465e-175
6.3138e-175
5.2822e-175
4.4189e-175
3.6966e-175
3.0923e-175
2.5866e-175
2.1635e-175
1.8096e-175
1.5135e-175
1.2658e-175
1.0586e-175
8.8526e-176
7.4028e-176
6.1902e-176
5.176e-176
4.3278e-176
3.6185e-176
3.0253e-176
2.5292e-176
2.1144e-176
1.7675e-176
1.4775e-176
1.2351e-176
1.0323e-176
8.6284e-177
7.2115e-177
6.027e-177
5.0369e-177
4.2092e-177
3.5174e-177
2.9392e-177
2.4559e-177
2.052e-177
1.7145e-177
1.4324e-177
1.1967e-177
9.9973e-178
8.3515e-178
6.9763e-178
5.8273e-178
4.8674e-178
4.0654e-178
3.3954e-178
2.8358e-178
2.3682e-178
1.9777e-178
1.6515e-178
1.3791e-178
1.1515e-178
9.6145e-179
8.0274e-179
6.702e-179
5.5952e-179
4.671e-179
3.8993e-179
3.2549e-179
2.717e-179
2.2678e-179
1.8928e-179
1.5798e-179
1.3185e-179
1.1003e-179
9.1822e-180
7.6624e-180
6.3938e-180
5.335e-180
4.4514e-180
3.714e-180
3.0986e-180
2.5851e-180
2.1566e-180
1.799e-180
1.5007e-180
1.2518e-180
1.0441e-180
8.7085e-181
7.2631e-181
6.0574e-181
5.0517e-181
4.2127e-181
3.513e-181
2.9293e-181
2.4425e-181
2.0366e-181
1.698e-181
1.4156e-181
1.1802e-181
9.8388e-182
8.2018e-182
6.8369e-182
5.6989e-182
4.7501e-182
3.9591e-182
3.2997e-182
2.75e-182
2.2918e-182
1.9099e-182
1.5915e-182
1.3262e-182
1.105e-182
9.207e-183
7.671e-183
6.391e-183
5.3244e-183
4.4356e-183
3.695e-183
3.0779e-183
2.5638e-183
2.1355e-183
1.7786e-183
1.4813e-183
1.2337e-183
1.0274e-183
8.556e-184
7.1248e-184
5.9327e-184
4.9399e-184
4.1131e-184
3.4245e-184
2.8511e-184
2.3736e-184
1.976e-184
1.6449e-184
1.3692e-184
1.1397e-184
9.4865e-185
7.8957e-185
6.5715e-185
5.4691e-185
4.5514e-185
3.7876e-185
3.1518e-185
2.6226e-185
2.1822e-185
1.8157e-185
1.5107e-185
1.2568e-185
1.0456e-185
8.6983e-186
7.2359e-186
6.019e-186
5.0066e-186
4.1643e-186
3.4636e-186
2.8806e-186
2.3957e-186
1.9923e-186
1.6568e-186
1.3777e-186
1.1456e-186
9.5258e-187
7.9202e-187
6.5851e-187
5.4747e-187
4.5514e-187
3.7837e-187
3.1453e-187
2.6145e-187
2.1732e-187
1.8064e-187
1.5014e-187
1.2478e-187
1.037e-187
8.618e-188
7.1617e-188
5.9512e-188
4.9451e-188
4.1089e-188
3.414e-188
2.8364e-188
2.3565e-188
1.9577e-188
1.6264e-188
1.351e-188
1.1222e-188
9.3217e-189
7.7426e-189
6.4307e-189
5.3409e-189
4.4356e-189
3.6836e-189
3.059e-189
2.5401e-189
2.1092e-189
1.7513e-189
1.4541e-189
1.2073e-189
1.0023e-189
8.3211e-190
6.9078e-190
5.7343e-190
4.76e-190
3.951e-190
3.2794e-190
2.7218e-190
2.259e-190
1.8748e-190
1.5558e-190
1.2911e-190
1.0714e-190
8.8899e-191
7.3763e-191
6.1202e-191
5.0778e-191
4.2127e-191
3.4949e-191
2.8992e-191
2.405e-191
1.995e-191
1.6548e-191
1.3725e-191
1.1384e-191
9.4413e-192
7.8299e-192
6.4933e-192
5.3847e-192
4.4651e-192
3.7025e-192
3.0699e-192
2.5454e-192
2.1103e-192
1.7496e-192
1.4504e-192
1.2024e-192
9.9674e-193
8.2622e-193
6.8484e-193
5.6763e-193
4.7046e-193
3.8991e-193
3.2314e-193
2.6779e-193
2.2191e-193
1.8389e-193
1.5237e-193
1.2625e-193
1.0461e-193
8.6666e-194
7.1801e-194
5.9483e-194
4.9276e-194
4.0819e-194
3.3812e-194
2.8007e-194
2.3197e-194
1.9213e-194
1.5912e-194
1.3178e-194
1.0913e-194
9.037e-195
7.4832e-195
6.1964e-195
5.1306e-195
4.2479e-195
3.517e-195
2.9117e-195
2.4105e-195
1.9954e-195
1.6518e-195
1.3673e-195
1.1318e-195
9.3674e-196
7.753e-196
6.4165e-196
5.3102e-196
4.3945e-196
3.6365e-196
3.0092e-196
2.4899e-196
2.0602e-196
1.7046e-196
1.4103e-196
1.1667e-196
9.6523e-197
7.9848e-197
6.6051e-197
5.4636e-197
4.5192e-197
3.7378e-197
3.0915e-197
2.5568e-197
2.1145e-197
1.7486e-197
1.446e-197
1.1957e-197
9.8868e-198
8.1748e-198
6.7589e-198
5.5881e-198
4.6198e-198
3.8192e-198
3.1572e-198
2.6098e-198
2.1573e-198
1.7831e-198
1.4738e-198
1.2181e-198
1.0067e-198
8.3197e-199
6.8753e-199
5.6815e-199
4.6947e-199
3.8792e-199
3.2052e-199
2.6482e-199
2.1879e-199
1.8076e-199
1.4933e-199
1.2336e-199
1.019e-199
8.4169e-200
6.9523e-200
5.7422e-200
4.7426e-200
3.9168e-200
3.2347e-200
2.6712e-200
2.2058e-200
1.8215e-200
1.504e-200
1.2418e-200
1.0253e-200
8.4649e-201
6.9884e-201
5.7692e-201
4.7625e-201
3.9313e-201
3.245e-201
2.6784e-201
2.2107e-201
1.8246e-201
1.5058e-201
1.2427e-201
1.0255e-201
8.4625e-202
6.983e-202
5.7619e-202
4.7541e-202
3.9224e-202
3.2361e-202
2.6698e-202
2.2024e-202
1.8169e-202
1.4987e-202
1.2362e-202
1.0197e-202
8.41e-203
6.9362e-203
5.7204e-203
4.7176e-203
3.8904e-203
3.2081e-203
2.6453e-203
2.1812e-203
1.7984e-203
1.4828e-203
1.2225e-203
1.0078e-203
8.3083e-204
6.8489e-204
5.6456e-204
4.6536e-204
3.8357e-204
3.1614e-204
2.6055e-204
2.1473e-204
1.7696e-204
1.4583e-204
1.2017e-204
9.9021e-205
8.1591e-205
6.7226e-205
5.5387e-205
4.5632e-205
3.7593e-205
3.0969e-205
2.5512e-205
2.1015e-205
1.731e-205
1.4257e-205
1.1743e-205
9.6714e-206
7.965e-206
6.5594e-206
5.4016e-206
4.448e-206
3.6626e-206
3.0158e-206
2.4831e-206
2.0444e-206
1.6831e-206
1.3856e-206
1.1407e-206
9.39e-207
7.7294e-207
6.3622e-207
5.2367e-207
4.31e-207
3.5472e-207
2.9193e-207
2.4025e-207
1.977e-207
1.6269e-207
1.3387e-207
1.1015e-207
9.0626e-208
7.4563e-208
6.1344e-208
5.0466e-208
4.1516e-208
3.4151e-208
2.8092e-208
2.3107e-208
1.9005e-208
1.5632e-208
1.2856e-208
1.0573e-208
8.6948e-209
7.1501e-209
5.8795e-209
4.8346e-209
3.9752e-209
3.2684e-209
2.6872e-209
2.2092e-209
1.8162e-209
1.493e-209
1.2273e-209
1.0089e-209
8.2924e-210
6.8158e-210
5.6019e-210
4.6039e-210
3.7837e-210
3.1094e-210
2.5552e-210
2.0997e-210
1.7253e-210
1.4176e-210
1.1647e-210
9.5692e-211
7.8616e-211
6.4585e-211
5.3056e-211
4.3583e-211
3.58e-211
2.9406e-211
2.4152e-211
1.9837e-211
1.6292e-211
1.338e-211
1.0988e-211
9.0228e-212
7.409e-212
6.0837e-212
4.9952e-212
4.1013e-212
3.3672e-212
2.7644e-212
2.2694e-212
1.863e-212
1.5293e-212
1.2553e-212
1.0304e-212
8.457e-213
6.941e-213
5.6965e-213
4.675e-213
3.8365e-213
3.1482e-213
2.5834e-213
2.1197e-213
1.7393e-213
1.427e-213
1.1708e-213
9.605e-214
7.8796e-214
6.4639e-214
5.3024e-214
4.3494e-214
3.5675e-214
2.926e-214
2.3998e-214
1.9682e-214
1.6141e-214
1.3237e-214
1.0854e-214
8.9005e-215
7.2981e-215
5.9839e-215
4.9062e-215
4.0224e-215
3.2976e-215
2.7034e-215
2.2161e-215
1.8166e-215
1.489e-215
1.2205e-215
1.0004e-215
8.1988e-216
6.7193e-216
5.5066e-216
4.5126e-216
3.6979e-216
3.0301e-216
2.4828e-216
2.0343e-216
1.6667e-216
1.3655e-216
1.1187e-216
9.1646e-217
7.5075e-217
6.1497e-217
5.0373e-217
4.126e-217
3.3793e-217
2.7677e-217
2.2667e-217
1.8563e-217
1.5201e-217
1.2448e-217
1.0193e-217
8.3461e-218
6.8336e-218
5.5949e-218
4.5806e-218
3.75e-218
3.0699e-218
2.5131e-218
2.0571e-218
1.6838e-218
1.3782e-218
1.128e-218
9.2322e-219
7.5556e-219
6.1833e-219
5.06e-219
4.1406e-219
3.3881e-219
2.7723e-219
2.2683e-219
1.8558e-219
1.5183e-219
1.2421e-219
1.0161e-219
8.3122e-220
6.7993e-220
5.5616e-220
4.549e-220
3.7206e-220
3.0429e-220
2.4886e-220
2.0351e-220
1.6643e-220
1.3609e-220
1.1128e-220
9.0988e-221
7.4394e-221
6.0824e-221
4.9727e-221
4.0653e-221
3.3233e-221
2.7167e-221
2.2207e-221
1.8151e-221
1.4836e-221
1.2126e-221
9.9102e-222
8.0991e-222
6.6187e-222
5.4087e-222
4.4197e-222
3.6114e-222
2.9508e-222
2.411e-222
1.9698e-222
1.6093e-222
1.3147e-222
1.074e-222
8.7732e-223
7.1664e-223
5.8536e-223
4.7811e-223
3.9049e-223
3.1892e-223
2.6045e-223
2.127e-223
1.7369e-223
1.4183e-223
1.1581e-223
9.456e-224
7.7205e-224
6.3033e-224
5.1461e-224
4.2011e-224
3.4295e-224
2.7995e-224
2.2852e-224
1.8652e-224
1.5224e-224
1.2426e-224
1.0141e-224
8.276e-225
6.7538e-225
5.5113e-225
4.4972e-225
3.6696e-225
2.9941e-225
2.4429e-225
1.9931e-225
1.626e-225
1.3265e-225
1.0821e-225
8.8271e-226
7.2002e-226
5.8729e-226
4.7901e-226
3.9068e-226
3.1862e-226
2.5985e-226
2.119e-226
1.728e-226
1.409e-226
1.1489e-226
9.3678e-227
7.6378e-227
6.227e-227
5.0766e-227
4.1386e-227
3.3737e-227
2.7501e-227
2.2417e-227
1.8272e-227
1.4892e-227
1.2138e-227
9.8919e-228
8.0615e-228
6.5694e-228
5.3533e-228
4.3622e-228
3.5544e-228
2.8961e-228
2.3596e-228
1.9224e-228
1.5661e-228
1.2758e-228
1.0393e-228
8.4661e-229
6.896e-229
5.6169e-229
4.5749e-229
3.726e-229
3.0345e-229
2.4712e-229
2.0124e-229
1.6387e-229
1.3344e-229
1.0865e-229
8.8466e-230
7.2027e-230
5.864e-230
4.774e-230
3.8864e-230
3.1637e-230
2.5752e-230
2.0962e-230
1.7062e-230
1.3887e-230
1.1302e-230
9.198e-231
7.4854e-231
6.0914e-231
4.9568e-231
4.0334e-231
3.2818e-231
2.6702e-231
2.1725e-231
1.7675e-231
1.4379e-231
1.1697e-231
9.5155e-232
7.7402e-232
6.2959e-232
5.1209e-232
4.165e-232
3.3874e-232
2.7548e-232
2.2403e-232
1.8218e-232
1.4814e-232
1.2046e-232
9.7947e-233
7.9637e-233
6.4747e-233
5.2639e-233
4.2794e-233
3.4788e-233
2.8279e-233
2.2987e-233
1.8685e-233
1.5187e-233
1.2343e-233
1.0032e-233
8.1527e-234
6.6253e-234
5.3839e-234
4.3749e-234
3.5549e-234
2.8884e-234
2.3468e-234
1.9067e-234
1.5491e-234
1.2584e-234
1.0223e-234
8.3044e-235
6.7456e-235
5.4791e-235
4.4503e-235
3.6144e-235
2.9355e-235
2.384e-235
1.936e-235
1.5721e-235
1.2766e-235
1.0366e-235
8.4166e-236
6.8336e-236
5.5481e-236
4.5042e-236
3.6566e-236
2.9684e-236
2.4096e-236
1.9559e-236
1.5876e-236
1.2886e-236
1.0458e-236
8.4876e-237
6.8881e-237
5.5898e-237
4.536e-237
3.6808e-237
2.9866e-237
2.4233e-237
1.9661e-237
1.5951e-237
1.2941e-237
1.0498e-237
8.5164e-238
6.9083e-238
5.6037e-238
4.5452e-238
3.6865e-238
2.9899e-238
2.4249e-238
1.9665e-238
1.5947e-238
1.2932e-238
1.0486e-238
8.5026e-239
6.894e-239
5.5895e-239
4.5316e-239
3.6738e-239
2.9783e-239
2.4143e-239
1.9571e-239
1.5863e-239
1.2858e-239
1.0421e-239
8.4463e-240
6.8452e-240
5.5474e-240
4.4954e-240
3.6428e-240
2.9518e-240
2.3918e-240
1.9379e-240
1.5701e-240
1.272e-240
1.0305e-240
8.3483e-241
6.7627e-241
5.478e-241
4.4372e-241
3.594e-241
2.9109e-241
2.3576e-241
1.9093e-241
1.5462e-241
1.2521e-241
1.0139e-241
8.2102e-242
6.6478e-242
5.3825e-242
4.3579e-242
3.5281e-242
2.8562e-242
2.3122e-242
1.8717e-242
1.5151e-242
1.2264e-242
9.9263e-243
8.034e-243
6.5021e-243
5.2622e-243
4.2585e-243
3.4461e-243
2.7886e-243
2.2564e-243
1.8257e-243
1.4772e-243
1.1951e-243
9.669e-244
7.8221e-244
6.3278e-244
5.1187e-244
4.1405e-244
3.3491e-244
2.7089e-244
2.1909e-244
1.7719e-244
1.433e-244
1.1589e-244
9.3712e-245
7.5778e-245
6.1273e-245
4.9543e-245
4.0057e-245
3.2386e-245
2.6182e-245
2.1167e-245
1.7111e-245
1.3832e-245
1.118e-245
9.0371e-246
7.3043e-246
5.9035e-246
4.7711e-246
3.8558e-246
3.116e-246
2.518e-246
2.0347e-246
1.6441e-246
1.3284e-246
1.0733e-246
8.6712e-247
7.0054e-247
5.6593e-247
4.5717e-247
3.693e-247
2.983e-247
2.4095e-247
1.9461e-247
1.5718e-247
1.2694e-247
1.0251e-247
8.2785e-248
6.6851e-248
5.3981e-248
4.3587e-248
3.5193e-248
2.8414e-248
2.294e-248
1.852e-248
1.4951e-248
1.2069e-248
9.7426e-249
7.864e-249
6.3475e-249
5.1231e-249
4.1348e-249
3.337e-249
2.693e-249
2.1732e-249
1.7537e-249
1.4151e-249
1.1418e-249
9.2126e-250
7.4329e-250
5.9967e-250
4.8378e-250
3.9028e-250
3.1483e-250
2.5396e-250
2.0484e-250
1.6522e-250
1.3326e-250
1.0748e-250
8.6678e-251
6.9901e-251
5.6369e-251
4.5455e-251
3.6653e-251
2.9554e-251
2.3828e-251
1.9212e-251
1.5489e-251
1.2487e-251
1.0066e-251
8.1144e-252
6.5408e-252
5.2722e-252
4.2495e-252
3.425e-252
2.7604e-252
2.2246e-252
1.7928e-252
1.4447e-252
1.1641e-252
9.3804e-253
7.5582e-253
6.0898e-253
4.9064e-253
3.9528e-253
3.1844e-253
2.5653e-253
2.0665e-253
1.6646e-253
1.3408e-253
1.0799e-253
8.6977e-254
7.0049e-254
5.6414e-254
4.5431e-254
3.6584e-254
2.9459e-254
2.3721e-254
1.9099e-254
1.5378e-254
1.2381e-254
9.9675e-255
8.0242e-255
6.4596e-255
5.1998e-255
4.1855e-255
3.369e-255
2.7116e-255
2.1824e-255
1.7564e-255
1.4135e-255
1.1375e-255
9.1538e-256
7.3658e-256
5.9268e-256
4.7688e-256
3.8368e-256
3.0869e-256
2.4834e-256
1.9979e-256
1.6072e-256
1.2928e-256
1.0399e-256
8.3644e-257
6.7275e-257
5.4108e-257
4.3516e-257
3.4996e-257
2.8142e-257
2.2631e-257
1.8197e-257
1.4632e-257
1.1765e-257
9.4589e-258
7.6047e-258
6.1137e-258
4.9149e-258
3.9509e-258
3.1759e-258
2.5528e-258
2.0519e-258
1.6492e-258
1.3255e-258
1.0652e-258
8.5607e-259
6.8794e-259
5.5281e-259
4.442e-259
3.5692e-259
2.8678e-259
2.3041e-259
1.8511e-259
1.4871e-259
1.1947e-259
9.5968e-260
7.7088e-260
6.192e-260
4.9735e-260
3.9946e-260
3.2082e-260
2.5765e-260
2.0691e-260
1.6616e-260
1.3343e-260
1.0714e-260
8.6025e-261
6.907e-261
5.5454e-261
4.4521e-261
3.5742e-261
2.8692e-261
2.3032e-261
1.8488e-261
1.484e-261
1.1911e-261
9.5599e-262
7.6725e-262
6.1575e-262
4.9414e-262
3.9654e-262
3.182e-262
2.5532e-262
2.0486e-262
1.6437e-262
1.3187e-262
1.058e-262
8.4876e-263
6.8088e-263
5.4618e-263
4.3811e-263
3.5141e-263
2.8186e-263
2.2606e-263
1.813e-263
1.454e-263
1.166e-263
9.3503e-264
7.4977e-264
6.012e-264
4.8204e-264
3.8649e-264
3.0986e-264
2.4842e-264
1.9915e-264
1.5965e-264
1.2797e-264
1.0258e-264
8.2221e-265
6.5901e-265
5.2818e-265
4.233e-265
3.3924e-265
2.7185e-265
2.1785e-265
1.7456e-265
1.3987e-265
1.1207e-265
8.9791e-266
7.1938e-266
5.7633e-266
4.617e-266
3.6985e-266
2.9627e-266
2.3731e-266
1.9008e-266
1.5224e-266
1.2193e-266
9.7652e-267
7.8203e-267
6.2626e-267
5.0149e-267
4.0156e-267
3.2153e-267
2.5744e-267
2.0612e-267
1.6502e-267
1.3211e-267
1.0576e-267
8.4661e-268
6.7769e-268
5.4245e-268
4.3418e-268
3.4751e-268
2.7812e-268
2.2258e-268
1.7813e-268
1.4254e-268
1.1406e-268
9.1272e-269
7.303e-269
5.8432e-269
4.675e-269
3.7402e-269
2.9922e-269
2.3937e-269
1.9148e-269
1.5316e-269
1.2251e-269
9.799e-270
7.8373e-270
6.2681e-270
5.0129e-270
4.0088e-270
3.2057e-270
2.5634e-270
2.0498e-270
1.6389e-270
1.3104e-270
1.0477e-270
8.3759e-271
6.696e-271
5.3528e-271
4.2789e-271
3.4203e-271
2.7339e-271
2.1851e-271
1.7465e-271
1.3958e-271
1.1155e-271
8.9142e-272
7.1234e-272
5.6922e-272
4.5483e-272
3.6341e-272
2.9036e-272
2.3198e-272
1.8533e-272
1.4806e-272
1.1827e-272
9.4478e-273
7.5467e-273
6.0279e-273
4.8145e-273
3.8453e-273
3.071e-273
2.4525e-273
1.9585e-273
1.564e-273
1.2488e-273
9.9718e-274
7.9619e-274
6.3569e-274
5.0752e-274
4.0518e-274
3.2346e-274
2.5821e-274
2.0611e-274
1.6452e-274
1.3132e-274
1.0481e-274
8.3651e-275
6.676e-275
5.3278e-275
4.2516e-275
3.3927e-275
2.7072e-275
2.1601e-275
1.7235e-275
1.3751e-275
1.0971e-275
8.7523e-276
6.9821e-276
5.5697e-276
4.4429e-276
3.5439e-276
2.8267e-276
2.2545e-276
1.7981e-276
1.4341e-276
1.1437e-276
9.1214e-277
7.2745e-277
5.8018e-277
4.6276e-277
3.6917e-277
2.9458e-277
2.3517e-277
1.8788e-277
1.5027e-277
1.2042e-277
9.6787e-278
7.8154e-278
6.3562e-278
5.2262e-278
4.3674e-278
3.7357e-278
3.2989e-278
3.0348e-278
2.9306e-278
2.9814e-278
