1.0091e-25
9.9967e-26
9.9161e-26
9.8488e-26
9.7947e-26
9.7538e-26
9.7262e-26
9.7118e-26
9.7107e-26
9.7229e-26
9.7486e-26
9.7878e-26
9.8406e-26
9.9072e-26
9.9878e-26
1.0082e-25
1.0191e-25
1.0315e-25
1.0453e-25
1.0606e-25
1.0775e-25
1.0959e-25
1.1159e-25
1.1375e-25
1.1607e-25
1.1857e-25
1.2124e-25
1.2408e-25
1.2711e-25
1.3033e-25
1.3374e-25
1.3734e-25
1.4115e-25
1.4517e-25
1.4941e-25
1.5386e-25
1.5855e-25
1.6347e-25
1.6863e-25
1.7405e-25
1.7972e-25
1.8567e-25
1.9189e-25
1.984e-25
2.052e-25
2.1231e-25
2.1974e-25
2.2749e-25
2.3559e-25
2.4403e-25
2.5284e-25
2.6203e-25
2.7161e-25
2.816e-25
2.92e-25
3.0284e-25
3.1414e-25
3.259e-25
3.3814e-25
3.5089e-25
3.6416e-25
3.7798e-25
3.9235e-25
4.0731e-25
4.2287e-25
4.3906e-25
4.559e-25
4.7341e-25
4.9163e-25
5.1057e-25
5.3027e-25
5.5075e-25
5.7205e-25
5.9419e-25
6.172e-25
6.4113e-25
6.6599e-25
6.9184e-25
7.1871e-25
7.4662e-25
7.7564e-25
8.0579e-25
8.3713e-25
8.6968e-25
9.0352e-25
9.3867e-25
9.7519e-25
1.0131e-24
1.0526e-24
1.0935e-24
1.1361e-24
1.1803e-24
1.2262e-24
1.2739e-24
1.3234e-24
1.3749e-24
1.4283e-24
1.4839e-24
1.5415e-24
1.6014e-24
1.6636e-24
1.7282e-24
1.7953e-24
1.865e-24
1.9374e-24
2.0125e-24
2.0906e-24
2.1716e-24
2.2558e-24
2.3432e-24
2.4339e-24
2.5281e-24
2.626e-24
2.7276e-24
2.833e-24
2.9426e-24
3.0563e-24
3.1743e-24
3.2969e-24
3.4241e-24
3.5563e-24
3.6934e-24
3.8358e-24
3.9836e-24
4.1371e-24
4.2964e-24
4.4618e-24
4.6335e-24
4.8117e-24
4.9966e-24
5.1887e-24
5.388e-24
5.5948e-24
5.8096e-24
6.0325e-24
6.2638e-24
6.5039e-24
6.7531e-24
7.0117e-24
7.2802e-24
7.5588e-24
7.8479e-24
8.148e-24
8.4594e-24
8.7825e-24
9.1179e-24
9.4659e-24
9.8271e-24
1.0202e-23
1.0591e-23
1.0994e-23
1.1413e-23
1.1848e-23
1.2298e-23
1.2766e-23
1.3252e-23
1.3755e-23
1.4278e-23
1.482e-23
1.5382e-23
1.5966e-23
1.6571e-23
1.72e-23
1.7851e-23
1.8527e-23
1.9229e-23
1.9956e-23
2.0711e-23
2.1494e-23
2.2306e-23
2.3149e-23
2.4023e-23
2.493e-23
2.587e-23
2.6846e-23
2.7857e-23
2.8907e-23
2.9995e-23
3.1124e-23
3.2296e-23
3.351e-23
3.477e-23
3.6076e-23
3.7431e-23
3.8836e-23
4.0294e-23
4.1805e-23
4.3372e-23
4.4998e-23
4.6683e-23
4.8431e-23
5.0244e-23
5.2123e-23
5.4072e-23
5.6093e-23
5.8189e-23
6.0362e-23
6.2615e-23
6.4951e-23
6.7373e-23
6.9884e-23
7.2488e-23
7.5188e-23
7.7987e-23
8.0889e-23
8.3897e-23
8.7016e-23
9.0249e-23
9.3602e-23
9.7077e-23
1.0068e-22
1.0441e-22
1.0828e-22
1.123e-22
1.1646e-22
1.2077e-22
1.2524e-22
1.2987e-22
1.3468e-22
1.3965e-22
1.4481e-22
1.5016e-22
1.557e-22
1.6145e-22
1.674e-22
1.7357e-22
1.7997e-22
1.8659e-22
1.9346e-22
2.0058e-22
2.0796e-22
2.156e-22
2.2353e-22
2.3173e-22
2.4024e-22
2.4906e-22
2.5819e-22
2.6766e-22
2.7747e-22
2.8763e-22
2.9816e-22
3.0907e-22
3.2038e-22
3.3209e-22
3.4423e-22
3.568e-22
3.6983e-22
3.8333e-22
3.9731e-22
4.118e-22
4.2681e-22
4.4236e-22
4.5846e-22
4.7515e-22
4.9244e-22
5.1034e-22
5.2889e-22
5.4811e-22
5.6801e-22
5.8863e-22
6.0998e-22
6.321e-22
6.5502e-22
6.7875e-22
7.0333e-22
7.2879e-22
7.5516e-22
7.8247e-22
8.1075e-22
8.4004e-22
8.7038e-22
9.018e-22
9.3434e-22
9.6804e-22
1.0029e-21
1.0391e-21
1.0765e-21
1.1152e-21
1.1554e-21
1.1969e-21
1.24e-21
1.2845e-21
1.3306e-21
1.3784e-21
1.4279e-21
1.4791e-21
1.5321e-21
1.587e-21
1.6439e-21
1.7027e-21
1.7636e-21
1.8267e-21
1.892e-21
1.9596e-21
2.0296e-21
2.1021e-21
2.1771e-21
2.2547e-21
2.3351e-21
2.4183e-21
2.5045e-21
2.5936e-21
2.6859e-21
2.7815e-21
2.8803e-21
2.9827e-21
3.0886e-21
3.1983e-21
3.3118e-21
3.4292e-21
3.5508e-21
3.6766e-21
3.8069e-21
3.9416e-21
4.0811e-21
4.2255e-21
4.3748e-21
4.5294e-21
4.6894e-21
4.855e-21
5.0263e-21
5.2035e-21
5.387e-21
5.5768e-21
5.7732e-21
5.9765e-21
6.1867e-21
6.4043e-21
6.6295e-21
6.8624e-21
7.1034e-21
7.3528e-21
7.6108e-21
7.8777e-21
8.1538e-21
8.4395e-21
8.7351e-21
9.0409e-21
9.3572e-21
9.6844e-21
1.0023e-20
1.0373e-20
1.0735e-20
1.111e-20
1.1498e-20
1.1899e-20
1.2313e-20
1.2742e-20
1.3186e-20
1.3645e-20
1.412e-20
1.4611e-20
1.5119e-20
1.5644e-20
1.6187e-20
1.6749e-20
1.733e-20
1.7931e-20
1.8552e-20
1.9195e-20
1.9859e-20
2.0547e-20
2.1258e-20
2.1992e-20
2.2753e-20
2.3538e-20
2.4351e-20
2.5191e-20
2.606e-20
2.6959e-20
2.7888e-20
2.8848e-20
2.9841e-20
3.0868e-20
3.193e-20
3.3027e-20
3.4162e-20
3.5335e-20
3.6548e-20
3.7802e-20
3.9099e-20
4.0439e-20
4.1824e-20
4.3256e-20
4.4737e-20
4.6267e-20
4.785e-20
4.9485e-20
5.1175e-20
5.2923e-20
5.4729e-20
5.6596e-20
5.8525e-20
6.052e-20
6.2581e-20
6.4712e-20
6.6914e-20
6.919e-20
7.1542e-20
7.3973e-20
7.6485e-20
7.9081e-20
8.1764e-20
8.4537e-20
8.7403e-20
9.0364e-20
9.3424e-20
9.6586e-20
9.9854e-20
1.0323e-19
1.0672e-19
1.1032e-19
1.1405e-19
1.179e-19
1.2187e-19
1.2598e-19
1.3023e-19
1.3461e-19
1.3915e-19
1.4383e-19
1.4867e-19
1.5366e-19
1.5883e-19
1.6416e-19
1.6967e-19
1.7536e-19
1.8124e-19
1.8732e-19
1.9359e-19
2.0007e-19
2.0677e-19
2.1369e-19
2.2083e-19
2.2821e-19
2.3583e-19
2.4371e-19
2.5184e-19
2.6024e-19
2.6891e-19
2.7787e-19
2.8712e-19
2.9668e-19
3.0655e-19
3.1674e-19
3.2727e-19
3.3814e-19
3.4937e-19
3.6096e-19
3.7293e-19
3.853e-19
3.9807e-19
4.1125e-19
4.2486e-19
4.3892e-19
4.5343e-19
4.6842e-19
4.839e-19
4.9988e-19
5.1637e-19
5.3341e-19
5.5099e-19
5.6915e-19
5.879e-19
6.0725e-19
6.2723e-19
6.4786e-19
6.6916e-19
6.9114e-19
7.1384e-19
7.3727e-19
7.6145e-19
7.8642e-19
8.1219e-19
8.388e-19
8.6626e-19
8.9461e-19
9.2386e-19
9.5407e-19
9.8524e-19
1.0174e-18
1.0506e-18
1.0849e-18
1.1203e-18
1.1568e-18
1.1945e-18
1.2334e-18
1.2735e-18
1.3149e-18
1.3577e-18
1.4018e-18
1.4473e-18
1.4943e-18
1.5427e-18
1.5928e-18
1.6444e-18
1.6976e-18
1.7526e-18
1.8093e-18
1.8678e-18
1.9282e-18
1.9905e-18
2.0548e-18
2.1211e-18
2.1896e-18
2.2602e-18
2.333e-18
2.4081e-18
2.4857e-18
2.5657e-18
2.6482e-18
2.7333e-18
2.8211e-18
2.9117e-18
3.0051e-18
3.1016e-18
3.201e-18
3.3036e-18
3.4094e-18
3.5185e-18
3.6311e-18
3.7472e-18
3.867e-18
3.9905e-18
4.118e-18
4.2494e-18
4.3849e-18
4.5247e-18
4.6689e-18
4.8176e-18
4.9709e-18
5.1291e-18
5.2922e-18
5.4604e-18
5.6338e-18
5.8127e-18
5.9971e-18
6.1873e-18
6.3835e-18
6.5857e-18
6.7943e-18
7.0093e-18
7.231e-18
7.4596e-18
7.6954e-18
7.9384e-18
8.189e-18
8.4474e-18
8.7138e-18
8.9884e-18
9.2715e-18
9.5634e-18
9.8644e-18
1.0175e-17
1.0494e-17
1.0824e-17
1.1164e-17
1.1514e-17
1.1876e-17
1.2248e-17
1.2632e-17
1.3027e-17
1.3435e-17
1.3856e-17
1.4289e-17
1.4735e-17
1.5196e-17
1.567e-17
1.6159e-17
1.6663e-17
1.7183e-17
1.7718e-17
1.827e-17
1.8838e-17
1.9424e-17
2.0028e-17
2.065e-17
2.1292e-17
2.1952e-17
2.2633e-17
2.3335e-17
2.4058e-17
2.4804e-17
2.5571e-17
2.6363e-17
2.7178e-17
2.8018e-17
2.8883e-17
2.9775e-17
3.0694e-17
3.1641e-17
3.2616e-17
3.3621e-17
3.4656e-17
3.5723e-17
3.6821e-17
3.7953e-17
3.9119e-17
4.0321e-17
4.1558e-17
4.2833e-17
4.4147e-17
4.5499e-17
4.6893e-17
4.8328e-17
4.9807e-17
5.133e-17
5.2899e-17
5.4514e-17
5.6179e-17
5.7893e-17
5.9658e-17
6.1476e-17
6.3349e-17
6.5278e-17
6.7264e-17
6.931e-17
7.1417e-17
7.3586e-17
7.5821e-17
7.8122e-17
8.0491e-17
8.2931e-17
8.5444e-17
8.8031e-17
9.0695e-17
9.3439e-17
9.6263e-17
9.9172e-17
1.0217e-16
1.0525e-16
1.0843e-16
1.1169e-16
1.1506e-16
1.1853e-16
1.2209e-16
1.2577e-16
1.2955e-16
1.3344e-16
1.3745e-16
1.4157e-16
1.4582e-16
1.5019e-16
1.5469e-16
1.5933e-16
1.641e-16
1.6901e-16
1.7406e-16
1.7926e-16
1.8462e-16
1.9013e-16
1.958e-16
2.0164e-16
2.0765e-16
2.1383e-16
2.202e-16
2.2675e-16
2.335e-16
2.4044e-16
2.4758e-16
2.5493e-16
2.6249e-16
2.7028e-16
2.7829e-16
2.8653e-16
2.9501e-16
3.0374e-16
3.1272e-16
3.2197e-16
3.3148e-16
3.4126e-16
3.5133e-16
3.617e-16
3.7236e-16
3.8332e-16
3.9461e-16
4.0622e-16
4.1817e-16
4.3046e-16
4.431e-16
4.5611e-16
4.695e-16
4.8326e-16
4.9743e-16
5.12e-16
5.2699e-16
5.4241e-16
5.5827e-16
5.7459e-16
5.9137e-16
6.0864e-16
6.2639e-16
6.4466e-16
6.6345e-16
6.8277e-16
7.0265e-16
7.231e-16
7.4412e-16
7.6575e-16
7.8799e-16
8.1087e-16
8.3439e-16
8.5859e-16
8.8347e-16
9.0906e-16
9.3537e-16
9.6243e-16
9.9026e-16
1.0189e-15
1.0483e-15
1.0786e-15
1.1097e-15
1.1417e-15
1.1746e-15
1.2084e-15
1.2432e-15
1.2789e-15
1.3157e-15
1.3535e-15
1.3924e-15
1.4323e-15
1.4734e-15
1.5157e-15
1.5591e-15
1.6037e-15
1.6496e-15
1.6968e-15
1.7453e-15
1.7952e-15
1.8464e-15
1.8991e-15
1.9533e-15
2.009e-15
2.0662e-15
2.125e-15
2.1855e-15
2.2476e-15
2.3115e-15
2.3772e-15
2.4447e-15
2.514e-15
2.5853e-15
2.6586e-15
2.7339e-15
2.8113e-15
2.8908e-15
2.9725e-15
3.0565e-15
3.1428e-15
3.2315e-15
3.3227e-15
3.4164e-15
3.5126e-15
3.6115e-15
3.7131e-15
3.8176e-15
3.9249e-15
4.0351e-15
4.1484e-15
4.2648e-15
4.3844e-15
4.5073e-15
4.6336e-15
4.7633e-15
4.8965e-15
5.0334e-15
5.1741e-15
5.3186e-15
5.4671e-15
5.6196e-15
5.7762e-15
5.9372e-15
6.1025e-15
6.2723e-15
6.4468e-15
6.626e-15
6.81e-15
6.9991e-15
7.1933e-15
7.3928e-15
7.5976e-15
7.8081e-15
8.0242e-15
8.2462e-15
8.4742e-15
8.7084e-15
8.9488e-15
9.1958e-15
9.4495e-15
9.71e-15
9.9775e-15
1.0252e-14
1.0534e-14
1.0824e-14
1.1121e-14
1.1427e-14
1.1741e-14
1.2063e-14
1.2393e-14
1.2733e-14
1.3082e-14
1.344e-14
1.3807e-14
1.4185e-14
1.4572e-14
1.497e-14
1.5379e-14
1.5798e-14
1.6229e-14
1.6671e-14
1.7125e-14
1.759e-14
1.8069e-14
1.856e-14
1.9064e-14
1.9581e-14
2.0112e-14
2.0657e-14
2.1217e-14
2.1791e-14
2.2381e-14
2.2986e-14
2.3607e-14
2.4245e-14
2.4899e-14
2.5571e-14
2.626e-14
2.6968e-14
2.7694e-14
2.8439e-14
2.9204e-14
2.9989e-14
3.0794e-14
3.1621e-14
3.2469e-14
3.334e-14
3.4233e-14
3.515e-14
3.609e-14
3.7056e-14
3.8046e-14
3.9062e-14
4.0105e-14
4.1175e-14
4.2273e-14
4.3399e-14
4.4555e-14
4.5741e-14
4.6957e-14
4.8206e-14
4.9486e-14
5.08e-14
5.2148e-14
5.353e-14
5.4949e-14
5.6404e-14
5.7897e-14
5.9428e-14
6.0999e-14
6.2611e-14
6.4263e-14
6.5959e-14
6.7698e-14
6.9482e-14
7.1312e-14
7.3189e-14
7.5114e-14
7.7088e-14
7.9113e-14
8.119e-14
8.332e-14
8.5505e-14
8.7745e-14
9.0043e-14
9.2399e-14
9.4816e-14
9.7294e-14
9.9836e-14
1.0244e-13
1.0511e-13
1.0786e-13
1.1067e-13
1.1355e-13
1.165e-13
1.1953e-13
1.2264e-13
1.2582e-13
1.2909e-13
1.3244e-13
1.3587e-13
1.3939e-13
1.43e-13
1.467e-13
1.5049e-13
1.5438e-13
1.5837e-13
1.6246e-13
1.6665e-13
1.7094e-13
1.7535e-13
1.7986e-13
1.8449e-13
1.8923e-13
1.941e-13
1.9908e-13
2.0419e-13
2.0943e-13
2.1479e-13
2.2029e-13
2.2593e-13
2.3171e-13
2.3764e-13
2.4371e-13
2.4993e-13
2.5631e-13
2.6284e-13
2.6954e-13
2.764e-13
2.8344e-13
2.9064e-13
2.9803e-13
3.056e-13
3.1336e-13
3.2131e-13
3.2945e-13
3.378e-13
3.4635e-13
3.5511e-13
3.6409e-13
3.7329e-13
3.8272e-13
3.9238e-13
4.0227e-13
4.1241e-13
4.228e-13
4.3344e-13
4.4434e-13
4.5551e-13
4.6696e-13
4.7868e-13
4.9069e-13
5.0299e-13
5.1559e-13
5.285e-13
5.4173e-13
5.5528e-13
5.6915e-13
5.8337e-13
5.9792e-13
6.1284e-13
6.2811e-13
6.4376e-13
6.5978e-13
6.7619e-13
6.93e-13
7.1022e-13
7.2785e-13
7.4591e-13
7.644e-13
7.8334e-13
8.0274e-13
8.226e-13
8.4294e-13
8.6377e-13
8.851e-13
9.0695e-13
9.2931e-13
9.5222e-13
9.7567e-13
9.9968e-13
1.0243e-12
1.0494e-12
1.0752e-12
1.1016e-12
1.1286e-12
1.1563e-12
1.1846e-12
1.2136e-12
1.2433e-12
1.2737e-12
1.3049e-12
1.3367e-12
1.3693e-12
1.4027e-12
1.4369e-12
1.4719e-12
1.5077e-12
1.5444e-12
1.5819e-12
1.6203e-12
1.6596e-12
1.6999e-12
1.7411e-12
1.7833e-12
1.8264e-12
1.8706e-12
1.9158e-12
1.9621e-12
2.0095e-12
2.0579e-12
2.1075e-12
2.1583e-12
2.2103e-12
2.2634e-12
2.3178e-12
2.3735e-12
2.4305e-12
2.4888e-12
2.5485e-12
2.6095e-12
2.672e-12
2.7359e-12
2.8014e-12
2.8683e-12
2.9368e-12
3.0068e-12
3.0785e-12
3.1519e-12
3.2269e-12
3.3037e-12
3.3823e-12
3.4626e-12
3.5449e-12
3.629e-12
3.715e-12
3.8031e-12
3.8931e-12
3.9852e-12
4.0795e-12
4.1759e-12
4.2745e-12
4.3754e-12
4.4785e-12
4.5841e-12
4.692e-12
4.8024e-12
4.9154e-12
5.0309e-12
5.149e-12
5.2699e-12
5.3934e-12
5.5198e-12
5.6491e-12
5.7813e-12
5.9165e-12
6.0548e-12
6.1961e-12
6.3407e-12
6.4886e-12
6.6398e-12
6.7944e-12
6.9525e-12
7.1142e-12
7.2795e-12
7.4486e-12
7.6214e-12
7.7982e-12
7.9789e-12
8.1636e-12
8.3525e-12
8.5457e-12
8.7431e-12
8.945e-12
9.1514e-12
9.3624e-12
9.5782e-12
9.7987e-12
1.0024e-11
1.0255e-11
1.049e-11
1.0731e-11
1.0977e-11
1.1229e-11
1.1486e-11
1.1749e-11
1.2018e-11
1.2293e-11
1.2574e-11
1.2861e-11
1.3154e-11
1.3454e-11
1.376e-11
1.4074e-11
1.4394e-11
1.4721e-11
1.5055e-11
1.5397e-11
1.5746e-11
1.6103e-11
1.6468e-11
1.6841e-11
1.7222e-11
1.7611e-11
1.8008e-11
1.8415e-11
1.883e-11
1.9254e-11
1.9688e-11
2.0131e-11
2.0584e-11
2.1046e-11
2.1519e-11
2.2002e-11
2.2495e-11
2.2999e-11
2.3514e-11
2.404e-11
2.4577e-11
2.5126e-11
2.5687e-11
2.626e-11
2.6845e-11
2.7443e-11
2.8054e-11
2.8678e-11
2.9315e-11
2.9966e-11
3.0631e-11
3.1311e-11
3.2004e-11
3.2713e-11
3.3437e-11
3.4176e-11
3.4931e-11
3.5703e-11
3.649e-11
3.7295e-11
3.8116e-11
3.8955e-11
3.9812e-11
4.0687e-11
4.1581e-11
4.2493e-11
4.3425e-11
4.4377e-11
4.5348e-11
4.6341e-11
4.7354e-11
4.8388e-11
4.9445e-11
5.0524e-11
5.1625e-11
5.2749e-11
5.3898e-11
5.507e-11
5.6267e-11
5.7489e-11
5.8736e-11
6.001e-11
6.131e-11
6.2638e-11
6.3993e-11
6.5377e-11
6.6789e-11
6.8231e-11
6.9703e-11
7.1205e-11
7.2739e-11
7.4304e-11
7.5902e-11
7.7533e-11
7.9198e-11
8.0897e-11
8.2632e-11
8.4402e-11
8.6209e-11
8.8053e-11
8.9935e-11
9.1856e-11
9.3816e-11
9.5817e-11
9.7859e-11
9.9943e-11
1.0207e-10
1.0424e-10
1.0645e-10
1.0871e-10
1.1102e-10
1.1337e-10
1.1577e-10
1.1822e-10
1.2072e-10
1.2327e-10
1.2588e-10
1.2853e-10
1.3124e-10
1.3401e-10
1.3683e-10
1.3971e-10
1.4264e-10
1.4564e-10
1.4869e-10
1.5181e-10
1.5499e-10
1.5824e-10
1.6155e-10
1.6492e-10
1.6837e-10
1.7188e-10
1.7546e-10
1.7912e-10
1.8285e-10
1.8665e-10
1.9053e-10
1.9449e-10
1.9853e-10
2.0264e-10
2.0684e-10
2.1113e-10
2.1549e-10
2.1995e-10
2.2449e-10
2.2913e-10
2.3385e-10
2.3867e-10
2.4359e-10
2.486e-10
2.5371e-10
2.5892e-10
2.6423e-10
2.6965e-10
2.7518e-10
2.8081e-10
2.8656e-10
2.9242e-10
2.9839e-10
3.0448e-10
3.1069e-10
3.1703e-10
3.2348e-10
3.3006e-10
3.3677e-10
3.4361e-10
3.5059e-10
3.577e-10
3.6495e-10
3.7234e-10
3.7987e-10
3.8755e-10
3.9538e-10
4.0336e-10
4.1149e-10
4.1979e-10
4.2824e-10
4.3685e-10
4.4564e-10
4.5459e-10
4.6371e-10
4.7301e-10
4.8249e-10
4.9215e-10
5.0199e-10
5.1202e-10
5.2225e-10
5.3267e-10
5.4329e-10
5.5412e-10
5.6515e-10
5.7639e-10
5.8784e-10
5.9952e-10
6.1141e-10
6.2353e-10
6.3588e-10
6.4847e-10
6.6129e-10
6.7436e-10
6.8768e-10
7.0124e-10
7.1506e-10
7.2915e-10
7.4349e-10
7.5811e-10
7.7301e-10
7.8818e-10
8.0364e-10
8.1939e-10
8.3543e-10
8.5178e-10
8.6843e-10
8.8539e-10
9.0267e-10
9.2027e-10
9.382e-10
9.5646e-10
9.7506e-10
9.9401e-10
1.0133e-09
1.033e-09
1.053e-09
1.0734e-09
1.0942e-09
1.1153e-09
1.1369e-09
1.1588e-09
1.1812e-09
1.2039e-09
1.2271e-09
1.2507e-09
1.2748e-09
1.2992e-09
1.3242e-09
1.3496e-09
1.3754e-09
1.4017e-09
1.4285e-09
1.4558e-09
1.4836e-09
1.5119e-09
1.5407e-09
1.5701e-09
1.6e-09
1.6304e-09
1.6613e-09
1.6929e-09
1.725e-09
1.7577e-09
1.7909e-09
1.8248e-09
1.8593e-09
1.8944e-09
1.9301e-09
1.9665e-09
2.0035e-09
2.0412e-09
2.0796e-09
2.1186e-09
2.1584e-09
2.1989e-09
2.2401e-09
2.282e-09
2.3247e-09
2.3681e-09
2.4123e-09
2.4573e-09
2.5031e-09
2.5497e-09
2.5971e-09
2.6454e-09
2.6945e-09
2.7445e-09
2.7954e-09
2.8472e-09
2.8999e-09
2.9535e-09
3.008e-09
3.0636e-09
3.1201e-09
3.1775e-09
3.236e-09
3.2955e-09
3.3561e-09
3.4177e-09
3.4804e-09
3.5442e-09
3.6091e-09
3.6751e-09
3.7423e-09
3.8106e-09
3.8801e-09
3.9509e-09
4.0228e-09
4.096e-09
4.1705e-09
4.2462e-09
4.3233e-09
4.4017e-09
4.4814e-09
4.5625e-09
4.645e-09
4.7289e-09
4.8143e-09
4.9011e-09
4.9894e-09
5.0792e-09
5.1706e-09
5.2635e-09
5.358e-09
5.4541e-09
5.5518e-09
5.6512e-09
5.7523e-09
5.8551e-09
5.9596e-09
6.0659e-09
6.174e-09
6.2839e-09
6.3957e-09
6.5094e-09
6.625e-09
6.7425e-09
6.862e-09
6.9835e-09
7.1071e-09
7.2327e-09
7.3604e-09
7.4903e-09
7.6223e-09
7.7566e-09
7.893e-09
8.0318e-09
8.1728e-09
8.3162e-09
8.462e-09
8.6102e-09
8.7608e-09
8.914e-09
9.0696e-09
9.2279e-09
9.3887e-09
9.5522e-09
9.7184e-09
9.8874e-09
1.0059e-08
1.0234e-08
1.0411e-08
1.0591e-08
1.0775e-08
1.0961e-08
1.115e-08
1.1342e-08
1.1538e-08
1.1737e-08
1.1938e-08
1.2144e-08
1.2352e-08
1.2564e-08
1.2779e-08
1.2998e-08
1.3221e-08
1.3447e-08
1.3676e-08
1.3909e-08
1.4146e-08
1.4387e-08
1.4632e-08
1.4881e-08
1.5133e-08
1.539e-08
1.5651e-08
1.5916e-08
1.6185e-08
1.6458e-08
1.6736e-08
1.7018e-08
1.7305e-08
1.7596e-08
1.7892e-08
1.8192e-08
1.8498e-08
1.8808e-08
1.9123e-08
1.9443e-08
1.9768e-08
2.0098e-08
2.0433e-08
2.0774e-08
2.112e-08
2.1471e-08
2.1828e-08
2.219e-08
2.2558e-08
2.2932e-08
2.3312e-08
2.3697e-08
2.4089e-08
2.4486e-08
2.489e-08
2.53e-08
2.5716e-08
2.6139e-08
2.6569e-08
2.7004e-08
2.7447e-08
2.7897e-08
2.8353e-08
2.8816e-08
2.9287e-08
2.9764e-08
3.0249e-08
3.0742e-08
3.1242e-08
3.1749e-08
3.2264e-08
3.2787e-08
3.3318e-08
3.3858e-08
3.4405e-08
3.496e-08
3.5524e-08
3.6097e-08
3.6678e-08
3.7268e-08
3.7867e-08
3.8474e-08
3.9091e-08
3.9717e-08
4.0353e-08
4.0998e-08
4.1653e-08
4.2317e-08
4.2991e-08
4.3676e-08
4.437e-08
4.5075e-08
4.5791e-08
4.6517e-08
4.7254e-08
4.8001e-08
4.876e-08
4.953e-08
5.0311e-08
5.1104e-08
5.1908e-08
5.2725e-08
5.3553e-08
5.4393e-08
5.5246e-08
5.6111e-08
5.6989e-08
5.788e-08
5.8783e-08
5.97e-08
6.063e-08
6.1574e-08
6.2531e-08
6.3502e-08
6.4487e-08
6.5487e-08
6.6501e-08
6.7529e-08
6.8572e-08
6.9631e-08
7.0704e-08
7.1793e-08
7.2898e-08
7.4018e-08
7.5154e-08
7.6307e-08
7.7476e-08
7.8661e-08
7.9864e-08
8.1083e-08
8.232e-08
8.3575e-08
8.4847e-08
8.6137e-08
8.7445e-08
8.8772e-08
9.0118e-08
9.1482e-08
9.2866e-08
9.4269e-08
9.5692e-08
9.7134e-08
9.8597e-08
1.0008e-07
1.0158e-07
1.0311e-07
1.0466e-07
1.0622e-07
1.0781e-07
1.0942e-07
1.1106e-07
1.1271e-07
1.1439e-07
1.161e-07
1.1782e-07
1.1957e-07
1.2134e-07
1.2314e-07
1.2496e-07
1.2681e-07
1.2868e-07
1.3058e-07
1.3251e-07
1.3446e-07
1.3643e-07
1.3844e-07
1.4047e-07
1.4253e-07
1.4461e-07
1.4673e-07
1.4887e-07
1.5104e-07
1.5325e-07
1.5548e-07
1.5774e-07
1.6003e-07
1.6235e-07
1.647e-07
1.6709e-07
1.695e-07
1.7195e-07
1.7443e-07
1.7695e-07
1.7949e-07
1.8207e-07
1.8469e-07
1.8734e-07
1.9002e-07
1.9274e-07
1.955e-07
1.9829e-07
2.0112e-07
2.0398e-07
2.0689e-07
2.0983e-07
2.1281e-07
2.1583e-07
2.1889e-07
2.2198e-07
2.2512e-07
2.283e-07
2.3152e-07
2.3478e-07
2.3808e-07
2.4143e-07
2.4482e-07
2.4825e-07
2.5173e-07
2.5525e-07
2.5882e-07
2.6243e-07
2.6609e-07
2.6979e-07
2.7355e-07
2.7735e-07
2.812e-07
2.8509e-07
2.8904e-07
2.9304e-07
2.9708e-07
3.0118e-07
3.0533e-07
3.0953e-07
3.1379e-07
3.181e-07
3.2246e-07
3.2688e-07
3.3135e-07
3.3588e-07
3.4046e-07
3.451e-07
3.498e-07
3.5456e-07
3.5938e-07
3.6425e-07
3.6919e-07
3.7419e-07
3.7925e-07
3.8437e-07
3.8955e-07
3.948e-07
4.0011e-07
4.0549e-07
4.1093e-07
4.1644e-07
4.2202e-07
4.2766e-07
4.3337e-07
4.3916e-07
4.4501e-07
4.5093e-07
4.5692e-07
4.6299e-07
4.6913e-07
4.7534e-07
4.8163e-07
4.88e-07
4.9443e-07
5.0095e-07
5.0755e-07
5.1422e-07
5.2097e-07
5.278e-07
5.3472e-07
5.4171e-07
5.4879e-07
5.5595e-07
5.632e-07
5.7053e-07
5.7795e-07
5.8545e-07
5.9305e-07
6.0073e-07
6.085e-07
6.1636e-07
6.2432e-07
6.3236e-07
6.405e-07
6.4874e-07
6.5707e-07
6.6549e-07
6.7401e-07
6.8264e-07
6.9136e-07
7.0018e-07
7.091e-07
7.1812e-07
7.2725e-07
7.3648e-07
7.4582e-07
7.5526e-07
7.6481e-07
7.7447e-07
7.8424e-07
7.9412e-07
8.0411e-07
8.1421e-07
8.2443e-07
8.3476e-07
8.4521e-07
8.5578e-07
8.6646e-07
8.7726e-07
8.8819e-07
8.9923e-07
9.104e-07
9.2169e-07
9.3311e-07
9.4465e-07
9.5632e-07
9.6812e-07
9.8005e-07
9.9211e-07
1.0043e-06
1.0166e-06
1.0291e-06
1.0417e-06
1.0544e-06
1.0673e-06
1.0803e-06
1.0935e-06
1.1068e-06
1.1202e-06
1.1338e-06
1.1475e-06
1.1614e-06
1.1754e-06
1.1896e-06
1.2039e-06
1.2184e-06
1.2331e-06
1.2479e-06
1.2628e-06
1.2779e-06
1.2932e-06
1.3086e-06
1.3242e-06
1.34e-06
1.3559e-06
1.372e-06
1.3883e-06
1.4047e-06
1.4213e-06
1.4381e-06
1.455e-06
1.4721e-06
1.4895e-06
1.5069e-06
1.5246e-06
1.5425e-06
1.5605e-06
1.5787e-06
1.5971e-06
1.6157e-06
1.6345e-06
1.6535e-06
1.6726e-06
1.692e-06
1.7116e-06
1.7313e-06
1.7513e-06
1.7715e-06
1.7918e-06
1.8124e-06
1.8332e-06
1.8542e-06
1.8754e-06
1.8968e-06
1.9184e-06
1.9402e-06
1.9623e-06
1.9846e-06
2.0071e-06
2.0298e-06
2.0527e-06
2.0759e-06
2.0993e-06
2.1229e-06
2.1468e-06
2.1709e-06
2.1952e-06
2.2197e-06
2.2446e-06
2.2696e-06
2.2949e-06
2.3204e-06
2.3462e-06
2.3722e-06
2.3985e-06
2.425e-06
2.4518e-06
2.4788e-06
2.5061e-06
2.5337e-06
2.5615e-06
2.5896e-06
2.618e-06
2.6466e-06
2.6755e-06
2.7046e-06
2.7341e-06
2.7638e-06
2.7938e-06
2.824e-06
2.8546e-06
2.8854e-06
2.9165e-06
2.948e-06
2.9797e-06
3.0116e-06
3.0439e-06
3.0765e-06
3.1094e-06
3.1426e-06
3.1761e-06
3.2099e-06
3.244e-06
3.2784e-06
3.3131e-06
3.3482e-06
3.3835e-06
3.4192e-06
3.4552e-06
3.4915e-06
3.5282e-06
3.5651e-06
3.6024e-06
3.6401e-06
3.678e-06
3.7163e-06
3.755e-06
3.794e-06
3.8333e-06
3.873e-06
3.913e-06
3.9534e-06
3.9941e-06
4.0352e-06
4.0766e-06
4.1184e-06
4.1606e-06
4.2031e-06
4.246e-06
4.2893e-06
4.3329e-06
4.3769e-06
4.4213e-06
4.466e-06
4.5112e-06
4.5567e-06
4.6026e-06
4.6489e-06
4.6956e-06
4.7427e-06
4.7902e-06
4.8381e-06
4.8863e-06
4.935e-06
4.9841e-06
5.0336e-06
5.0835e-06
5.1338e-06
5.1845e-06
5.2357e-06
5.2873e-06
5.3393e-06
5.3917e-06
5.4445e-06
5.4978e-06
5.5515e-06
5.6056e-06
5.6602e-06
5.7152e-06
5.7707e-06
5.8266e-06
5.883e-06
5.9398e-06
5.997e-06
6.0548e-06
6.1129e-06
6.1716e-06
6.2306e-06
6.2902e-06
6.3502e-06
6.4107e-06
6.4717e-06
6.5332e-06
6.5951e-06
6.6575e-06
6.7204e-06
6.7837e-06
6.8476e-06
6.912e-06
6.9768e-06
7.0422e-06
7.108e-06
7.1743e-06
7.2412e-06
7.3085e-06
7.3764e-06
7.4448e-06
7.5136e-06
7.583e-06
7.653e-06
7.7234e-06
7.7944e-06
7.8659e-06
7.9379e-06
8.0104e-06
8.0835e-06
8.1571e-06
8.2313e-06
8.306e-06
8.3812e-06
8.457e-06
8.5334e-06
8.6103e-06
8.6877e-06
8.7657e-06
8.8443e-06
8.9234e-06
9.0031e-06
9.0834e-06
9.1642e-06
9.2456e-06
9.3275e-06
9.4101e-06
9.4932e-06
9.5769e-06
9.6612e-06
9.7461e-06
9.8315e-06
9.9176e-06
1.0004e-05
1.0091e-05
1.0179e-05
1.0268e-05
1.0357e-05
1.0446e-05
1.0537e-05
1.0628e-05
1.0719e-05
1.0811e-05
1.0904e-05
1.0997e-05
1.1091e-05
1.1186e-05
1.1281e-05
1.1377e-05
1.1473e-05
1.157e-05
1.1668e-05
1.1766e-05
1.1865e-05
1.1965e-05
1.2065e-05
1.2166e-05
1.2268e-05
1.237e-05
1.2473e-05
1.2577e-05
1.2681e-05
1.2786e-05
1.2891e-05
1.2997e-05
1.3104e-05
1.3212e-05
1.332e-05
1.3429e-05
1.3538e-05
1.3649e-05
1.3759e-05
1.3871e-05
1.3983e-05
1.4096e-05
1.421e-05
1.4324e-05
1.4439e-05
1.4555e-05
1.4671e-05
1.4788e-05
1.4906e-05
1.5024e-05
1.5144e-05
1.5263e-05
1.5384e-05
1.5505e-05
1.5627e-05
1.575e-05
1.5873e-05
1.5997e-05
1.6122e-05
1.6248e-05
1.6374e-05
1.6501e-05
1.6629e-05
1.6757e-05
1.6886e-05
1.7016e-05
1.7147e-05
1.7278e-05
1.741e-05
1.7543e-05
1.7676e-05
1.781e-05
1.7945e-05
1.8081e-05
1.8217e-05
1.8355e-05
1.8492e-05
1.8631e-05
1.877e-05
1.8911e-05
1.9051e-05
1.9193e-05
1.9335e-05
1.9478e-05
1.9622e-05
1.9767e-05
1.9912e-05
2.0058e-05
2.0205e-05
2.0352e-05
2.0501e-05
2.065e-05
2.08e-05
2.095e-05
2.1102e-05
2.1254e-05
2.1406e-05
2.156e-05
2.1714e-05
2.1869e-05
2.2025e-05
2.2182e-05
2.2339e-05
2.2497e-05
2.2656e-05
2.2816e-05
2.2976e-05
2.3137e-05
2.3299e-05
2.3462e-05
2.3625e-05
2.379e-05
2.3954e-05
2.412e-05
2.4287e-05
2.4454e-05
2.4622e-05
2.479e-05
2.496e-05
2.513e-05
2.5301e-05
2.5473e-05
2.5645e-05
2.5819e-05
2.5993e-05
2.6167e-05
2.6343e-05
2.6519e-05
2.6696e-05
2.6874e-05
2.7053e-05
2.7232e-05
2.7412e-05
2.7593e-05
2.7774e-05
2.7957e-05
2.814e-05
2.8323e-05
2.8508e-05
2.8693e-05
2.8879e-05
2.9066e-05
2.9253e-05
2.9442e-05
2.9631e-05
2.982e-05
3.0011e-05
3.0202e-05
3.0394e-05
3.0586e-05
3.078e-05
3.0974e-05
3.1169e-05
3.1364e-05
3.156e-05
3.1757e-05
3.1955e-05
3.2154e-05
3.2353e-05
3.2553e-05
3.2753e-05
3.2954e-05
3.3156e-05
3.3359e-05
3.3562e-05
3.3766e-05
3.3971e-05
3.4177e-05
3.4383e-05
3.459e-05
3.4797e-05
3.5005e-05
3.5214e-05
3.5424e-05
3.5634e-05
3.5845e-05
3.6057e-05
3.6269e-05
3.6482e-05
3.6696e-05
3.691e-05
3.7125e-05
3.7341e-05
3.7557e-05
3.7774e-05
3.7991e-05
3.8209e-05
3.8428e-05
3.8648e-05
3.8868e-05
3.9088e-05
3.931e-05
3.9532e-05
3.9754e-05
3.9978e-05
4.0201e-05
4.0426e-05
4.0651e-05
4.0876e-05
4.1103e-05
4.1329e-05
4.1557e-05
4.1785e-05
4.2013e-05
4.2242e-05
4.2472e-05
4.2702e-05
4.2933e-05
4.3165e-05
4.3397e-05
4.3629e-05
4.3862e-05
4.4096e-05
4.433e-05
4.4564e-05
4.48e-05
4.5035e-05
4.5272e-05
4.5508e-05
4.5745e-05
4.5983e-05
4.6221e-05
4.646e-05
4.6699e-05
4.6939e-05
4.7179e-05
4.742e-05
4.7661e-05
4.7902e-05
4.8144e-05
4.8387e-05
4.863e-05
4.8873e-05
4.9117e-05
4.9361e-05
4.9606e-05
4.9851e-05
5.0096e-05
5.0342e-05
5.0588e-05
5.0835e-05
5.1082e-05
5.1329e-05
5.1577e-05
5.1825e-05
5.2074e-05
5.2323e-05
5.2572e-05
5.2822e-05
5.3071e-05
5.3322e-05
5.3572e-05
5.3823e-05
5.4074e-05
5.4326e-05
5.4578e-05
5.483e-05
5.5082e-05
5.5335e-05
5.5588e-05
5.5841e-05
5.6094e-05
5.6348e-05
5.6602e-05
5.6856e-05
5.711e-05
5.7365e-05
5.762e-05
5.7875e-05
5.813e-05
5.8385e-05
5.8641e-05
5.8897e-05
5.9153e-05
5.9409e-05
5.9665e-05
5.9922e-05
6.0178e-05
6.0435e-05
6.0692e-05
6.0949e-05
6.1206e-05
6.1463e-05
6.172e-05
6.1977e-05
6.2235e-05
6.2492e-05
6.275e-05
6.3007e-05
6.3265e-05
6.3523e-05
6.378e-05
6.4038e-05
6.4296e-05
6.4554e-05
6.4811e-05
6.5069e-05
6.5327e-05
6.5584e-05
6.5842e-05
6.61e-05
6.6357e-05
6.6615e-05
6.6872e-05
6.713e-05
6.7387e-05
6.7644e-05
6.7901e-05
6.8158e-05
6.8415e-05
6.8672e-05
6.8928e-05
6.9185e-05
6.9441e-05
6.9697e-05
6.9953e-05
7.0209e-05
7.0464e-05
7.0719e-05
7.0975e-05
7.123e-05
7.1484e-05
7.1739e-05
7.1993e-05
7.2247e-05
7.2501e-05
7.2754e-05
7.3007e-05
7.326e-05
7.3513e-05
7.3765e-05
7.4017e-05
7.4268e-05
7.452e-05
7.4771e-05
7.5021e-05
7.5271e-05
7.5521e-05
7.5771e-05
7.602e-05
7.6268e-05
7.6517e-05
7.6765e-05
7.7012e-05
7.7259e-05
7.7505e-05
7.7752e-05
7.7997e-05
7.8242e-05
7.8487e-05
7.8731e-05
7.8975e-05
7.9218e-05
7.9461e-05
7.9703e-05
7.9944e-05
8.0185e-05
8.0426e-05
8.0666e-05
8.0905e-05
8.1144e-05
8.1382e-05
8.1619e-05
8.1856e-05
8.2092e-05
8.2328e-05
8.2563e-05
8.2797e-05
8.3031e-05
8.3264e-05
8.3496e-05
8.3728e-05
8.3959e-05
8.4189e-05
8.4419e-05
8.4647e-05
8.4876e-05
8.5103e-05
8.5329e-05
8.5555e-05
8.578e-05
8.6004e-05
8.6228e-05
8.6451e-05
8.6672e-05
8.6893e-05
8.7114e-05
8.7333e-05
8.7551e-05
8.7769e-05
8.7986e-05
8.8202e-05
8.8417e-05
8.8631e-05
8.8844e-05
8.9056e-05
8.9268e-05
8.9478e-05
8.9688e-05
8.9896e-05
9.0104e-05
9.0311e-05
9.0516e-05
9.0721e-05
9.0925e-05
9.1128e-05
9.1329e-05
9.153e-05
9.173e-05
9.1928e-05
9.2126e-05
9.2323e-05
9.2518e-05
9.2713e-05
9.2906e-05
9.3098e-05
9.3289e-05
9.3479e-05
9.3668e-05
9.3856e-05
9.4043e-05
9.4229e-05
9.4413e-05
9.4596e-05
9.4778e-05
9.4959e-05
9.5139e-05
9.5318e-05
9.5495e-05
9.5671e-05
9.5846e-05
9.602e-05
9.6193e-05
9.6364e-05
9.6534e-05
9.6703e-05
9.6871e-05
9.7037e-05
9.7202e-05
9.7366e-05
9.7529e-05
9.769e-05
9.785e-05
9.8008e-05
9.8166e-05
9.8322e-05
9.8477e-05
9.863e-05
9.8782e-05
9.8933e-05
9.9082e-05
9.923e-05
9.9376e-05
9.9522e-05
9.9665e-05
9.9808e-05
9.9949e-05
0.00010009
0.00010023
0.00010036
0.0001005
0.00010063
0.00010077
0.0001009
0.00010103
0.00010115
0.00010128
0.00010141
0.00010153
0.00010165
0.00010177
0.00010189
0.00010201
0.00010213
0.00010224
0.00010236
0.00010247
0.00010258
0.00010269
0.00010279
0.0001029
0.000103
0.00010311
0.00010321
0.00010331
0.00010341
0.0001035
0.0001036
0.00010369
0.00010378
0.00010387
0.00010396
0.00010405
0.00010413
0.00010422
0.0001043
0.00010438
0.00010446
0.00010454
0.00010461
0.00010469
0.00010476
0.00010483
0.0001049
0.00010497
0.00010503
0.0001051
0.00010516
0.00010522
0.00010528
0.00010534
0.0001054
0.00010545
0.0001055
0.00010556
0.0001056
0.00010565
0.0001057
0.00010574
0.00010579
0.00010583
0.00010587
0.00010591
0.00010594
0.00010598
0.00010601
0.00010604
0.00010607
0.0001061
0.00010612
0.00010615
0.00010617
0.00010619
0.00010621
0.00010623
0.00010624
0.00010626
0.00010627
0.00010628
0.00010629
0.0001063
0.0001063
0.00010631
0.00010631
0.00010631
0.00010631
0.00010631
0.0001063
0.0001063
0.00010629
0.00010628
0.00010627
0.00010626
0.00010624
0.00010622
0.00010621
0.00010619
0.00010617
0.00010614
0.00010612
0.00010609
0.00010606
0.00010603
0.000106
0.00010597
0.00010593
0.0001059
0.00010586
0.00010582
0.00010578
0.00010573
0.00010569
0.00010564
0.00010559
0.00010554
0.00010549
0.00010544
0.00010538
0.00010533
0.00010527
0.00010521
0.00010515
0.00010508
0.00010502
0.00010495
0.00010489
0.00010482
0.00010474
0.00010467
0.0001046
0.00010452
0.00010444
0.00010436
0.00010428
0.0001042
0.00010412
0.00010403
0.00010394
0.00010385
0.00010376
0.00010367
0.00010358
0.00010348
0.00010338
0.00010329
0.00010319
0.00010308
0.00010298
0.00010288
0.00010277
0.00010266
0.00010255
0.00010244
0.00010233
0.00010222
0.0001021
0.00010199
0.00010187
0.00010175
0.00010163
0.0001015
0.00010138
0.00010125
0.00010113
0.000101
0.00010087
0.00010074
0.0001006
0.00010047
0.00010033
0.0001002
0.00010006
9.9918e-05
9.9776e-05
9.9634e-05
9.949e-05
9.9344e-05
9.9197e-05
9.9049e-05
9.8899e-05
9.8748e-05
9.8596e-05
9.8442e-05
9.8287e-05
9.8131e-05
9.7973e-05
9.7815e-05
9.7654e-05
9.7493e-05
9.733e-05
9.7166e-05
9.7e-05
9.6834e-05
9.6666e-05
9.6497e-05
9.6326e-05
9.6155e-05
9.5982e-05
9.5808e-05
9.5633e-05
9.5456e-05
9.5278e-05
9.51e-05
9.4919e-05
9.4738e-05
9.4556e-05
9.4372e-05
9.4188e-05
9.4002e-05
9.3815e-05
9.3627e-05
9.3437e-05
9.3247e-05
9.3056e-05
9.2863e-05
9.267e-05
9.2475e-05
9.2279e-05
9.2082e-05
9.1885e-05
9.1686e-05
9.1486e-05
9.1285e-05
9.1083e-05
9.088e-05
9.0676e-05
9.0471e-05
9.0265e-05
9.0058e-05
8.985e-05
8.9642e-05
8.9432e-05
8.9221e-05
8.901e-05
8.8797e-05
8.8584e-05
8.8369e-05
8.8154e-05
8.7938e-05
8.7721e-05
8.7503e-05
8.7285e-05
8.7065e-05
8.6845e-05
8.6624e-05
8.6402e-05
8.6179e-05
8.5955e-05
8.5731e-05
8.5506e-05
8.528e-05
8.5053e-05
8.4825e-05
8.4597e-05
8.4368e-05
8.4139e-05
8.3908e-05
8.3677e-05
8.3445e-05
8.3213e-05
8.298e-05
8.2746e-05
8.2511e-05
8.2276e-05
8.204e-05
8.1804e-05
8.1567e-05
8.1329e-05
8.1091e-05
8.0852e-05
8.0613e-05
8.0373e-05
8.0132e-05
7.9891e-05
7.965e-05
7.9407e-05
7.9165e-05
7.8921e-05
7.8678e-05
7.8433e-05
7.8189e-05
7.7943e-05
7.7698e-05
7.7451e-05
7.7205e-05
7.6958e-05
7.671e-05
7.6462e-05
7.6214e-05
7.5965e-05
7.5716e-05
7.5467e-05
7.5217e-05
7.4966e-05
7.4716e-05
7.4465e-05
7.4213e-05
7.3962e-05
7.371e-05
7.3457e-05
7.3205e-05
7.2952e-05
7.2699e-05
7.2445e-05
7.2191e-05
7.1937e-05
7.1683e-05
7.1429e-05
7.1174e-05
7.0919e-05
7.0664e-05
7.0408e-05
7.0153e-05
6.9897e-05
6.9641e-05
6.9385e-05
6.9129e-05
6.8872e-05
6.8616e-05
6.8359e-05
6.8102e-05
6.7845e-05
6.7588e-05
6.7331e-05
6.7074e-05
6.6816e-05
6.6559e-05
6.6301e-05
6.6044e-05
6.5786e-05
6.5528e-05
6.5271e-05
6.5013e-05
6.4755e-05
6.4498e-05
6.424e-05
6.3982e-05
6.3724e-05
6.3467e-05
6.3209e-05
6.2951e-05
6.2694e-05
6.2436e-05
6.2179e-05
6.1921e-05
6.1664e-05
6.1407e-05
6.115e-05
6.0893e-05
6.0636e-05
6.0379e-05
6.0122e-05
5.9866e-05
5.961e-05
5.9353e-05
5.9097e-05
5.8841e-05
5.8586e-05
5.833e-05
5.8075e-05
5.782e-05
5.7565e-05
5.731e-05
5.7055e-05
5.6801e-05
5.6547e-05
5.6293e-05
5.6039e-05
5.5786e-05
5.5533e-05
5.528e-05
5.5028e-05
5.4775e-05
5.4523e-05
5.4272e-05
5.402e-05
5.3769e-05
5.3518e-05
5.3268e-05
5.3018e-05
5.2768e-05
5.2518e-05
5.2269e-05
5.202e-05
5.1772e-05
5.1524e-05
5.1276e-05
5.1029e-05
5.0782e-05
5.0535e-05
5.0289e-05
5.0043e-05
4.9798e-05
4.9553e-05
4.9309e-05
4.9065e-05
4.8821e-05
4.8578e-05
4.8335e-05
4.8093e-05
4.7851e-05
4.7609e-05
4.7368e-05
4.7128e-05
4.6888e-05
4.6648e-05
4.6409e-05
4.617e-05
4.5932e-05
4.5695e-05
4.5458e-05
4.5221e-05
4.4985e-05
4.4749e-05
4.4514e-05
4.428e-05
4.4046e-05
4.3812e-05
4.3579e-05
4.3347e-05
4.3115e-05
4.2884e-05
4.2653e-05
4.2423e-05
4.2194e-05
4.1965e-05
4.1736e-05
4.1508e-05
4.1281e-05
4.1054e-05
4.0828e-05
4.0603e-05
4.0378e-05
4.0154e-05
3.993e-05
3.9707e-05
3.9485e-05
3.9263e-05
3.9042e-05
3.8821e-05
3.8601e-05
3.8382e-05
3.8163e-05
3.7945e-05
3.7728e-05
3.7511e-05
3.7295e-05
3.7079e-05
3.6865e-05
3.665e-05
3.6437e-05
3.6224e-05
3.6012e-05
3.5801e-05
3.559e-05
3.538e-05
3.517e-05
3.4961e-05
3.4753e-05
3.4546e-05
3.4339e-05
3.4133e-05
3.3928e-05
3.3723e-05
3.3519e-05
3.3316e-05
3.3114e-05
3.2912e-05
3.2711e-05
3.251e-05
3.2311e-05
3.2112e-05
3.1913e-05
3.1716e-05
3.1519e-05
3.1323e-05
3.1128e-05
3.0933e-05
3.0739e-05
3.0546e-05
3.0353e-05
3.0162e-05
2.9971e-05
2.978e-05
2.9591e-05
2.9402e-05
2.9214e-05
2.9027e-05
2.884e-05
2.8654e-05
2.8469e-05
2.8285e-05
2.8101e-05
2.7918e-05
2.7736e-05
2.7555e-05
2.7374e-05
2.7194e-05
2.7015e-05
2.6837e-05
2.6659e-05
2.6482e-05
2.6306e-05
2.6131e-05
2.5956e-05
2.5783e-05
2.5609e-05
2.5437e-05
2.5266e-05
2.5095e-05
2.4925e-05
2.4755e-05
2.4587e-05
2.4419e-05
2.4252e-05
2.4086e-05
2.392e-05
2.3755e-05
2.3591e-05
2.3428e-05
2.3266e-05
2.3104e-05
2.2943e-05
2.2783e-05
2.2623e-05
2.2465e-05
2.2307e-05
2.2149e-05
2.1993e-05
2.1837e-05
2.1682e-05
2.1528e-05
2.1375e-05
2.1222e-05
2.107e-05
2.0919e-05
2.0769e-05
2.0619e-05
2.047e-05
2.0322e-05
2.0175e-05
2.0028e-05
1.9882e-05
1.9737e-05
1.9593e-05
1.9449e-05
1.9306e-05
1.9164e-05
1.9022e-05
1.8882e-05
1.8742e-05
1.8603e-05
1.8464e-05
1.8326e-05
1.8189e-05
1.8053e-05
1.7918e-05
1.7783e-05
1.7649e-05
1.7515e-05
1.7383e-05
1.7251e-05
1.712e-05
1.6989e-05
1.686e-05
1.6731e-05
1.6603e-05
1.6475e-05
1.6348e-05
1.6222e-05
1.6097e-05
1.5972e-05
1.5848e-05
1.5725e-05
1.5602e-05
1.5481e-05
1.5359e-05
1.5239e-05
1.5119e-05
1.5e-05
1.4882e-05
1.4764e-05
1.4647e-05
1.4531e-05
1.4416e-05
1.4301e-05
1.4187e-05
1.4073e-05
1.396e-05
1.3848e-05
1.3737e-05
1.3626e-05
1.3516e-05
1.3407e-05
1.3298e-05
1.319e-05
1.3083e-05
1.2976e-05
1.287e-05
1.2765e-05
1.266e-05
1.2556e-05
1.2452e-05
1.235e-05
1.2247e-05
1.2146e-05
1.2045e-05
1.1945e-05
1.1846e-05
1.1747e-05
1.1648e-05
1.1551e-05
1.1454e-05
1.1358e-05
1.1262e-05
1.1167e-05
1.1072e-05
1.0979e-05
1.0885e-05
1.0793e-05
1.0701e-05
1.0609e-05
1.0519e-05
1.0429e-05
1.0339e-05
1.025e-05
1.0162e-05
1.0074e-05
9.987e-06
9.9005e-06
9.8145e-06
9.7292e-06
9.6444e-06
9.5603e-06
9.4767e-06
9.3937e-06
9.3113e-06
9.2294e-06
9.1482e-06
9.0674e-06
8.9873e-06
8.9077e-06
8.8287e-06
8.7503e-06
8.6724e-06
8.5951e-06
8.5183e-06
8.4421e-06
8.3664e-06
8.2913e-06
8.2167e-06
8.1426e-06
8.0691e-06
7.9961e-06
7.9237e-06
7.8518e-06
7.7804e-06
7.7096e-06
7.6392e-06
7.5694e-06
7.5001e-06
7.4313e-06
7.3631e-06
7.2953e-06
7.2281e-06
7.1613e-06
7.0951e-06
7.0294e-06
6.9641e-06
6.8994e-06
6.8351e-06
6.7714e-06
6.7081e-06
6.6453e-06
6.583e-06
6.5212e-06
6.4598e-06
6.399e-06
6.3386e-06
6.2786e-06
6.2192e-06
6.1602e-06
6.1016e-06
6.0435e-06
5.9859e-06
5.9288e-06
5.872e-06
5.8158e-06
5.76e-06
5.7046e-06
5.6497e-06
5.5952e-06
5.5411e-06
5.4875e-06
5.4343e-06
5.3816e-06
5.3292e-06
5.2773e-06
5.2258e-06
5.1748e-06
5.1241e-06
5.0739e-06
5.0241e-06
4.9747e-06
4.9257e-06
4.8771e-06
4.8289e-06
4.7811e-06
4.7337e-06
4.6867e-06
4.6401e-06
4.5938e-06
4.548e-06
4.5026e-06
4.4575e-06
4.4128e-06
4.3685e-06
4.3246e-06
4.281e-06
4.2378e-06
4.195e-06
4.1526e-06
4.1105e-06
4.0687e-06
4.0274e-06
3.9864e-06
3.9457e-06
3.9054e-06
3.8655e-06
3.8259e-06
3.7866e-06
3.7477e-06
3.7091e-06
3.6709e-06
3.633e-06
3.5954e-06
3.5582e-06
3.5212e-06
3.4847e-06
3.4484e-06
3.4125e-06
3.3769e-06
3.3416e-06
3.3066e-06
3.2719e-06
3.2376e-06
3.2035e-06
3.1698e-06
3.1364e-06
3.1032e-06
3.0704e-06
3.0379e-06
3.0057e-06
2.9737e-06
2.9421e-06
2.9107e-06
2.8797e-06
2.8489e-06
2.8184e-06
2.7882e-06
2.7582e-06
2.7286e-06
2.6992e-06
2.6701e-06
2.6413e-06
2.6127e-06
2.5844e-06
2.5564e-06
2.5286e-06
2.5011e-06
2.4738e-06
2.4469e-06
2.4201e-06
2.3936e-06
2.3674e-06
2.3414e-06
2.3157e-06
2.2902e-06
2.265e-06
2.24e-06
2.2152e-06
2.1907e-06
2.1664e-06
2.1424e-06
2.1186e-06
2.095e-06
2.0716e-06
2.0485e-06
2.0256e-06
2.0029e-06
1.9805e-06
1.9583e-06
1.9362e-06
1.9144e-06
1.8929e-06
1.8715e-06
1.8503e-06
1.8294e-06
1.8087e-06
1.7881e-06
1.7678e-06
1.7477e-06
1.7277e-06
1.708e-06
1.6885e-06
1.6692e-06
1.65e-06
1.6311e-06
1.6123e-06
1.5938e-06
1.5754e-06
1.5572e-06
1.5392e-06
1.5214e-06
1.5038e-06
1.4863e-06
1.4691e-06
1.452e-06
1.4351e-06
1.4183e-06
1.4017e-06
1.3853e-06
1.3691e-06
1.353e-06
1.3372e-06
1.3214e-06
1.3059e-06
1.2905e-06
1.2752e-06
1.2601e-06
1.2452e-06
1.2305e-06
1.2158e-06
1.2014e-06
1.1871e-06
1.1729e-06
1.1589e-06
1.1451e-06
1.1314e-06
1.1178e-06
1.1044e-06
1.0911e-06
1.078e-06
1.065e-06
1.0522e-06
1.0395e-06
1.0269e-06
1.0145e-06
1.0022e-06
9.8999e-07
9.7795e-07
9.6605e-07
9.5428e-07
9.4263e-07
9.3111e-07
9.1972e-07
9.0845e-07
8.973e-07
8.8628e-07
8.7538e-07
8.646e-07
8.5394e-07
8.4339e-07
8.3297e-07
8.2266e-07
8.1246e-07
8.0238e-07
7.9241e-07
7.8255e-07
7.728e-07
7.6316e-07
7.5363e-07
7.4421e-07
7.3489e-07
7.2568e-07
7.1657e-07
7.0756e-07
6.9866e-07
6.8986e-07
6.8116e-07
6.7255e-07
6.6405e-07
6.5564e-07
6.4733e-07
6.3911e-07
6.3099e-07
6.2296e-07
6.1502e-07
6.0717e-07
5.9942e-07
5.9175e-07
5.8418e-07
5.7669e-07
5.6928e-07
5.6197e-07
5.5474e-07
5.4759e-07
5.4053e-07
5.3355e-07
5.2665e-07
5.1983e-07
5.1309e-07
5.0643e-07
4.9985e-07
4.9335e-07
4.8692e-07
4.8057e-07
4.743e-07
4.681e-07
4.6197e-07
4.5592e-07
4.4994e-07
4.4403e-07
4.3819e-07
4.3242e-07
4.2672e-07
4.2109e-07
4.1552e-07
4.1003e-07
4.0459e-07
3.9923e-07
3.9393e-07
3.8869e-07
3.8352e-07
3.7841e-07
3.7336e-07
3.6837e-07
3.6345e-07
3.5858e-07
3.5378e-07
3.4903e-07
3.4434e-07
3.3971e-07
3.3513e-07
3.3062e-07
3.2615e-07
3.2175e-07
3.1739e-07
3.1309e-07
3.0885e-07
3.0465e-07
3.0051e-07
2.9642e-07
2.9239e-07
2.884e-07
2.8446e-07
2.8057e-07
2.7673e-07
2.7294e-07
2.6919e-07
2.655e-07
2.6185e-07
2.5824e-07
2.5468e-07
2.5117e-07
2.477e-07
2.4427e-07
2.4089e-07
2.3755e-07
2.3426e-07
2.31e-07
2.2779e-07
2.2462e-07
2.2149e-07
2.184e-07
2.1535e-07
2.1233e-07
2.0936e-07
2.0643e-07
2.0353e-07
2.0067e-07
1.9785e-07
1.9506e-07
1.9231e-07
1.896e-07
1.8692e-07
1.8428e-07
1.8167e-07
1.7909e-07
1.7655e-07
1.7404e-07
1.7157e-07
1.6912e-07
1.6671e-07
1.6433e-07
1.6199e-07
1.5967e-07
1.5738e-07
1.5513e-07
1.529e-07
1.5071e-07
1.4854e-07
1.464e-07
1.4429e-07
1.4221e-07
1.4015e-07
1.3813e-07
1.3613e-07
1.3416e-07
1.3221e-07
1.3029e-07
1.284e-07
1.2653e-07
1.2468e-07
1.2287e-07
1.2107e-07
1.193e-07
1.1756e-07
1.1583e-07
1.1414e-07
1.1246e-07
1.1081e-07
1.0918e-07
1.0757e-07
1.0598e-07
1.0442e-07
1.0288e-07
1.0136e-07
9.9856e-08
9.8376e-08
9.6916e-08
9.5477e-08
9.4057e-08
9.2657e-08
9.1277e-08
8.9915e-08
8.8573e-08
8.7249e-08
8.5944e-08
8.4656e-08
8.3387e-08
8.2135e-08
8.0901e-08
7.9684e-08
7.8485e-08
7.7302e-08
7.6135e-08
7.4985e-08
7.3852e-08
7.2734e-08
7.1632e-08
7.0545e-08
6.9474e-08
6.8418e-08
6.7377e-08
6.6351e-08
6.534e-08
6.4343e-08
6.336e-08
6.2391e-08
6.1436e-08
6.0494e-08
5.9566e-08
5.8651e-08
5.775e-08
5.6861e-08
5.5985e-08
5.5122e-08
5.4271e-08
5.3433e-08
5.2607e-08
5.1792e-08
5.099e-08
5.0199e-08
4.9419e-08
4.8651e-08
4.7894e-08
4.7148e-08
4.6413e-08
4.5688e-08
4.4975e-08
4.4271e-08
4.3578e-08
4.2895e-08
4.2222e-08
4.1559e-08
4.0906e-08
4.0263e-08
3.9629e-08
3.9004e-08
3.8388e-08
3.7782e-08
3.7185e-08
3.6596e-08
3.6016e-08
3.5445e-08
3.4882e-08
3.4328e-08
3.3782e-08
3.3244e-08
3.2714e-08
3.2192e-08
3.1678e-08
3.1172e-08
3.0673e-08
3.0182e-08
2.9698e-08
2.9222e-08
2.8752e-08
2.829e-08
2.7835e-08
2.7386e-08
2.6944e-08
2.651e-08
2.6081e-08
2.5659e-08
2.5244e-08
2.4835e-08
2.4432e-08
2.4035e-08
2.3645e-08
2.326e-08
2.2881e-08
2.2508e-08
2.2141e-08
2.178e-08
2.1424e-08
2.1073e-08
2.0728e-08
2.0388e-08
2.0054e-08
1.9724e-08
1.94e-08
1.9081e-08
1.8766e-08
1.8457e-08
1.8152e-08
1.7853e-08
1.7557e-08
1.7267e-08
1.6981e-08
1.6699e-08
1.6422e-08
1.6149e-08
1.5881e-08
1.5616e-08
1.5356e-08
1.51e-08
1.4848e-08
1.46e-08
1.4356e-08
1.4115e-08
1.3879e-08
1.3646e-08
1.3417e-08
1.3192e-08
1.297e-08
1.2752e-08
1.2537e-08
1.2325e-08
1.2117e-08
1.1912e-08
1.1711e-08
1.1513e-08
1.1318e-08
1.1126e-08
1.0937e-08
1.0751e-08
1.0568e-08
1.0388e-08
1.0211e-08
1.0037e-08
9.8659e-09
9.6974e-09
9.5316e-09
9.3684e-09
9.2079e-09
9.05e-09
8.8947e-09
8.7419e-09
8.5916e-09
8.4437e-09
8.2983e-09
8.1552e-09
8.0145e-09
7.8761e-09
7.7399e-09
7.606e-09
7.4742e-09
7.3447e-09
7.2172e-09
7.0919e-09
6.9686e-09
6.8474e-09
6.7281e-09
6.6108e-09
6.4955e-09
6.3821e-09
6.2706e-09
6.1609e-09
6.053e-09
5.9469e-09
5.8426e-09
5.7401e-09
5.6392e-09
5.54e-09
5.4425e-09
5.3466e-09
5.2523e-09
5.1596e-09
5.0685e-09
4.9789e-09
4.8908e-09
4.8041e-09
4.719e-09
4.6352e-09
4.5529e-09
4.472e-09
4.3924e-09
4.3142e-09
4.2373e-09
4.1617e-09
4.0874e-09
4.0144e-09
3.9426e-09
3.872e-09
3.8027e-09
3.7345e-09
3.6674e-09
3.6016e-09
3.5368e-09
3.4732e-09
3.4106e-09
3.3491e-09
3.2887e-09
3.2293e-09
3.171e-09
3.1136e-09
3.0572e-09
3.0018e-09
2.9474e-09
2.8939e-09
2.8413e-09
2.7897e-09
2.7389e-09
2.689e-09
2.64e-09
2.5918e-09
2.5445e-09
2.498e-09
2.4523e-09
2.4074e-09
2.3633e-09
2.3199e-09
2.2773e-09
2.2355e-09
2.1944e-09
2.154e-09
2.1144e-09
2.0754e-09
2.0371e-09
1.9995e-09
1.9625e-09
1.9262e-09
1.8906e-09
1.8555e-09
1.8211e-09
1.7873e-09
1.7541e-09
1.7215e-09
1.6895e-09
1.658e-09
1.6271e-09
1.5968e-09
1.567e-09
1.5377e-09
1.5089e-09
1.4807e-09
1.4529e-09
1.4257e-09
1.399e-09
1.3727e-09
1.3469e-09
1.3216e-09
1.2967e-09
1.2722e-09
1.2483e-09
1.2247e-09
1.2016e-09
1.1788e-09
1.1565e-09
1.1346e-09
1.1131e-09
1.092e-09
1.0713e-09
1.0509e-09
1.031e-09
1.0113e-09
9.9209e-10
9.7318e-10
9.5461e-10
9.3639e-10
9.1849e-10
9.0093e-10
8.8369e-10
8.6676e-10
8.5014e-10
8.3383e-10
8.1782e-10
8.021e-10
7.8668e-10
7.7153e-10
7.5667e-10
7.4208e-10
7.2776e-10
7.1371e-10
6.9991e-10
6.8638e-10
6.7309e-10
6.6005e-10
6.4725e-10
6.3469e-10
6.2236e-10
6.1027e-10
5.984e-10
5.8675e-10
5.7531e-10
5.641e-10
5.5309e-10
5.4229e-10
5.3169e-10
5.2128e-10
5.1108e-10
5.0107e-10
4.9124e-10
4.816e-10
4.7214e-10
4.6286e-10
4.5375e-10
4.4482e-10
4.3606e-10
4.2746e-10
4.1902e-10
4.1075e-10
4.0263e-10
3.9466e-10
3.8685e-10
3.7919e-10
3.7167e-10
3.6429e-10
3.5706e-10
3.4996e-10
3.43e-10
3.3617e-10
3.2947e-10
3.2291e-10
3.1646e-10
3.1014e-10
3.0394e-10
2.9787e-10
2.919e-10
2.8606e-10
2.8032e-10
2.747e-10
2.6918e-10
2.6377e-10
2.5847e-10
2.5327e-10
2.4817e-10
2.4316e-10
2.3826e-10
2.3345e-10
2.2873e-10
2.2411e-10
2.1957e-10
2.1512e-10
2.1076e-10
2.0649e-10
2.023e-10
1.9819e-10
1.9416e-10
1.9021e-10
1.8634e-10
1.8254e-10
1.7882e-10
1.7517e-10
1.7159e-10
1.6808e-10
1.6465e-10
1.6128e-10
1.5797e-10
1.5473e-10
1.5156e-10
1.4845e-10
1.454e-10
1.4241e-10
1.3948e-10
1.366e-10
1.3379e-10
1.3103e-10
1.2832e-10
1.2567e-10
1.2307e-10
1.2053e-10
1.1803e-10
1.1559e-10
1.1319e-10
1.1084e-10
1.0854e-10
1.0628e-10
1.0407e-10
1.0191e-10
9.9784e-11
9.7704e-11
9.5666e-11
9.3669e-11
9.1712e-11
8.9794e-11
8.7916e-11
8.6075e-11
8.4271e-11
8.2504e-11
8.0772e-11
7.9076e-11
7.7414e-11
7.5786e-11
7.419e-11
7.2628e-11
7.1097e-11
6.9597e-11
6.8128e-11
6.6688e-11
6.5278e-11
6.3897e-11
6.2544e-11
6.1219e-11
5.9921e-11
5.8649e-11
5.7404e-11
5.6184e-11
5.4989e-11
5.3818e-11
5.2672e-11
5.1549e-11
5.045e-11
4.9373e-11
4.8318e-11
4.7285e-11
4.6274e-11
4.5283e-11
4.4313e-11
4.3363e-11
4.2433e-11
4.1522e-11
4.0629e-11
3.9756e-11
3.89e-11
3.8063e-11
3.7242e-11
3.6439e-11
3.5653e-11
3.4883e-11
3.4129e-11
3.3391e-11
3.2668e-11
3.1961e-11
3.1268e-11
3.059e-11
2.9926e-11
2.9276e-11
2.8639e-11
2.8017e-11
2.7407e-11
2.681e-11
2.6225e-11
2.5653e-11
2.5093e-11
2.4545e-11
2.4008e-11
2.3483e-11
2.2969e-11
2.2466e-11
2.1973e-11
2.1491e-11
2.1019e-11
2.0557e-11
2.0105e-11
1.9663e-11
1.923e-11
1.8806e-11
1.8392e-11
1.7986e-11
1.7589e-11
1.72e-11
1.682e-11
1.6448e-11
1.6083e-11
1.5727e-11
1.5378e-11
1.5037e-11
1.4703e-11
1.4377e-11
1.4057e-11
1.3744e-11
1.3438e-11
1.3139e-11
1.2846e-11
1.2559e-11
1.2278e-11
1.2004e-11
1.1736e-11
1.1473e-11
1.1216e-11
1.0965e-11
1.0719e-11
1.0478e-11
1.0243e-11
1.0013e-11
9.7878e-12
9.5675e-12
9.3521e-12
9.1414e-12
8.9352e-12
8.7336e-12
8.5364e-12
8.3435e-12
8.1549e-12
7.9703e-12
7.7899e-12
7.6134e-12
7.4407e-12
7.2719e-12
7.1068e-12
6.9453e-12
6.7874e-12
6.633e-12
6.482e-12
6.3343e-12
6.1899e-12
6.0487e-12
5.9106e-12
5.7756e-12
5.6435e-12
5.5144e-12
5.3882e-12
5.2647e-12
5.1441e-12
5.0261e-12
4.9107e-12
4.7979e-12
4.6876e-12
4.5798e-12
4.4744e-12
4.3713e-12
4.2706e-12
4.1721e-12
4.0758e-12
3.9816e-12
3.8896e-12
3.7997e-12
3.7117e-12
3.6258e-12
3.5418e-12
3.4596e-12
3.3794e-12
3.3009e-12
3.2242e-12
3.1492e-12
3.0759e-12
3.0043e-12
2.9343e-12
2.8659e-12
2.7991e-12
2.7337e-12
2.6699e-12
2.6074e-12
2.5465e-12
2.4869e-12
2.4286e-12
2.3717e-12
2.3161e-12
2.2617e-12
2.2086e-12
2.1567e-12
2.106e-12
2.0564e-12
2.008e-12
1.9607e-12
1.9144e-12
1.8693e-12
1.8251e-12
1.782e-12
1.7399e-12
1.6987e-12
1.6585e-12
1.6192e-12
1.5808e-12
1.5433e-12
1.5067e-12
1.4709e-12
1.436e-12
1.4018e-12
1.3685e-12
1.3359e-12
1.304e-12
1.2729e-12
1.2426e-12
1.2129e-12
1.1839e-12
1.1556e-12
1.128e-12
1.101e-12
1.0746e-12
1.0489e-12
1.0237e-12
9.9913e-13
9.7514e-13
9.517e-13
9.2882e-13
9.0647e-13
8.8464e-13
8.6333e-13
8.4251e-13
8.2219e-13
8.0234e-13
7.8296e-13
7.6403e-13
7.4555e-13
7.2751e-13
7.0989e-13
6.9269e-13
6.7589e-13
6.5949e-13
6.4348e-13
6.2784e-13
6.1258e-13
5.9768e-13
5.8313e-13
5.6892e-13
5.5506e-13
5.4152e-13
5.283e-13
5.154e-13
5.0281e-13
4.9051e-13
4.7851e-13
4.668e-13
4.5536e-13
4.442e-13
4.333e-13
4.2267e-13
4.1228e-13
4.0215e-13
3.9226e-13
3.8261e-13
3.7319e-13
3.6399e-13
3.5502e-13
3.4626e-13
3.3771e-13
3.2937e-13
3.2123e-13
3.1329e-13
3.0553e-13
2.9797e-13
2.9058e-13
2.8338e-13
2.7635e-13
2.6949e-13
2.6279e-13
2.5626e-13
2.4989e-13
2.4367e-13
2.376e-13
2.3168e-13
2.259e-13
2.2027e-13
2.1477e-13
2.094e-13
2.0417e-13
1.9906e-13
1.9408e-13
1.8922e-13
1.8448e-13
1.7985e-13
1.7534e-13
1.7094e-13
1.6664e-13
1.6245e-13
1.5837e-13
1.5438e-13
1.5049e-13
1.467e-13
1.43e-13
1.3939e-13
1.3587e-13
1.3244e-13
1.2909e-13
1.2583e-13
1.2264e-13
1.1954e-13
1.1651e-13
1.1355e-13
1.1067e-13
1.0786e-13
1.0512e-13
1.0245e-13
9.9846e-14
9.7306e-14
9.4828e-14
9.2412e-14
9.0055e-14
8.7758e-14
8.5518e-14
8.3334e-14
8.1204e-14
7.9127e-14
7.7102e-14
7.5128e-14
7.3203e-14
7.1327e-14
6.9497e-14
6.7713e-14
6.5974e-14
6.4279e-14
6.2626e-14
6.1015e-14
5.9444e-14
5.7913e-14
5.642e-14
5.4965e-14
5.3547e-14
5.2164e-14
5.0816e-14
4.9502e-14
4.8222e-14
4.6974e-14
4.5757e-14
4.4571e-14
4.3415e-14
4.2289e-14
4.1191e-14
4.0121e-14
3.9078e-14
3.8062e-14
3.7071e-14
3.6106e-14
3.5165e-14
3.4248e-14
3.3355e-14
3.2484e-14
3.1636e-14
3.0809e-14
3.0003e-14
2.9218e-14
2.8453e-14
2.7708e-14
2.6982e-14
2.6274e-14
2.5585e-14
2.4913e-14
2.4258e-14
2.3621e-14
2.2999e-14
2.2394e-14
2.1804e-14
2.123e-14
2.067e-14
2.0125e-14
1.9593e-14
1.9076e-14
1.8572e-14
1.808e-14
1.7602e-14
1.7136e-14
1.6682e-14
1.624e-14
1.5809e-14
1.539e-14
1.4981e-14
1.4583e-14
1.4195e-14
1.3818e-14
1.345e-14
1.3092e-14
1.2743e-14
1.2403e-14
1.2072e-14
1.175e-14
1.1436e-14
1.1131e-14
1.0833e-14
1.0543e-14
1.0261e-14
9.986e-15
9.7183e-15
9.4577e-15
9.2039e-15
8.9568e-15
8.7162e-15
8.4819e-15
8.2538e-15
8.0317e-15
7.8154e-15
7.6049e-15
7.3998e-15
7.2002e-15
7.0059e-15
6.8167e-15
6.6325e-15
6.4532e-15
6.2787e-15
6.1087e-15
5.9433e-15
5.7822e-15
5.6255e-15
5.4729e-15
5.3243e-15
5.1797e-15
5.0389e-15
4.9019e-15
4.7686e-15
4.6388e-15
4.5124e-15
4.3894e-15
4.2697e-15
4.1533e-15
4.0399e-15
3.9295e-15
3.8221e-15
3.7176e-15
3.6159e-15
3.5169e-15
3.4206e-15
3.3268e-15
3.2356e-15
3.1468e-15
3.0604e-15
2.9763e-15
2.8945e-15
2.8149e-15
2.7375e-15
2.6621e-15
2.5888e-15
2.5174e-15
2.448e-15
2.3804e-15
2.3147e-15
2.2508e-15
2.1885e-15
2.128e-15
2.0691e-15
2.0118e-15
1.9561e-15
1.9019e-15
1.8491e-15
1.7978e-15
1.7479e-15
1.6993e-15
1.6521e-15
1.6062e-15
1.5615e-15
1.518e-15
1.4757e-15
1.4346e-15
1.3946e-15
1.3556e-15
1.3178e-15
1.281e-15
1.2452e-15
1.2103e-15
1.1765e-15
1.1435e-15
1.1115e-15
1.0804e-15
1.0501e-15
1.0206e-15
9.9193e-16
9.6407e-16
9.3697e-16
9.1062e-16
8.85e-16
8.6008e-16
8.3585e-16
8.123e-16
7.8939e-16
7.6712e-16
7.4546e-16
7.244e-16
7.0393e-16
6.8402e-16
6.6467e-16
6.4586e-16
6.2756e-16
6.0978e-16
5.9249e-16
5.7568e-16
5.5934e-16
5.4345e-16
5.2801e-16
5.1299e-16
4.984e-16
4.8421e-16
4.7042e-16
4.5702e-16
4.4399e-16
4.3132e-16
4.1901e-16
4.0705e-16
3.9542e-16
3.8411e-16
3.7313e-16
3.6245e-16
3.5207e-16
3.4198e-16
3.3218e-16
3.2265e-16
3.1339e-16
3.0439e-16
2.9565e-16
2.8715e-16
2.7889e-16
2.7087e-16
2.6307e-16
2.5549e-16
2.4813e-16
2.4097e-16
2.3402e-16
2.2727e-16
2.207e-16
2.1432e-16
2.0813e-16
2.0211e-16
1.9626e-16
1.9057e-16
1.8505e-16
1.7969e-16
1.7447e-16
1.6941e-16
1.6449e-16
1.5971e-16
1.5507e-16
1.5056e-16
1.4618e-16
1.4192e-16
1.3779e-16
1.3377e-16
1.2987e-16
1.2608e-16
1.224e-16
1.1882e-16
1.1535e-16
1.1198e-16
1.087e-16
1.0552e-16
1.0243e-16
9.943e-17
9.6515e-17
9.3684e-17
9.0934e-17
8.8264e-17
8.5671e-17
8.3153e-17
8.0707e-17
7.8332e-17
7.6026e-17
7.3787e-17
7.1612e-17
6.95e-17
6.745e-17
6.5459e-17
6.3526e-17
6.1648e-17
5.9826e-17
5.8056e-17
5.6338e-17
5.467e-17
5.305e-17
5.1477e-17
4.9951e-17
4.8468e-17
4.7029e-17
4.5632e-17
4.4276e-17
4.296e-17
4.1682e-17
4.0441e-17
3.9236e-17
3.8067e-17
3.6932e-17
3.5831e-17
3.4761e-17
3.3723e-17
3.2716e-17
3.1738e-17
3.0789e-17
2.9868e-17
2.8973e-17
2.8106e-17
2.7263e-17
2.6446e-17
2.5653e-17
2.4883e-17
2.4135e-17
2.341e-17
2.2707e-17
2.2024e-17
2.1361e-17
2.0718e-17
2.0094e-17
1.9488e-17
1.89e-17
1.833e-17
1.7777e-17
1.724e-17
1.6719e-17
1.6214e-17
1.5723e-17
1.5247e-17
1.4786e-17
1.4338e-17
1.3903e-17
1.3482e-17
1.3073e-17
1.2676e-17
1.2291e-17
1.1917e-17
1.1555e-17
1.1204e-17
1.0863e-17
1.0532e-17
1.0211e-17
9.8998e-18
9.5979e-18
9.3051e-18
9.021e-18
8.7455e-18
8.4783e-18
8.2191e-18
7.9677e-18
7.7239e-18
7.4874e-18
7.258e-18
7.0355e-18
6.8198e-18
6.6106e-18
6.4076e-18
6.2109e-18
6.02e-18
5.8349e-18
5.6555e-18
5.4814e-18
5.3127e-18
5.149e-18
4.9903e-18
4.8364e-18
4.6872e-18
4.5426e-18
4.4023e-18
4.2663e-18
4.1344e-18
4.0065e-18
3.8825e-18
3.7623e-18
3.6458e-18
3.5328e-18
3.4233e-18
3.3171e-18
3.2141e-18
3.1143e-18
3.0176e-18
2.9238e-18
2.8328e-18
2.7447e-18
2.6593e-18
2.5764e-18
2.4962e-18
2.4183e-18
2.3429e-18
2.2698e-18
2.1989e-18
2.1302e-18
2.0637e-18
1.9991e-18
1.9366e-18
1.876e-18
1.8172e-18
1.7603e-18
1.7051e-18
1.6516e-18
1.5998e-18
1.5496e-18
1.5009e-18
1.4538e-18
1.4081e-18
1.3638e-18
1.3208e-18
1.2793e-18
1.239e-18
1.1999e-18
1.1621e-18
1.1254e-18
1.0899e-18
1.0555e-18
1.0221e-18
9.8983e-19
9.5852e-19
9.282e-19
8.9881e-19
8.7035e-19
8.4277e-19
8.1605e-19
7.9017e-19
7.6509e-19
7.408e-19
7.1727e-19
6.9448e-19
6.724e-19
6.5101e-19
6.3029e-19
6.1022e-19
5.9078e-19
5.7195e-19
5.5371e-19
5.3605e-19
5.1894e-19
5.0237e-19
4.8632e-19
4.7077e-19
4.5572e-19
4.4114e-19
4.2701e-19
4.1334e-19
4.0009e-19
3.8727e-19
3.7485e-19
3.6282e-19
3.5117e-19
3.3989e-19
3.2897e-19
3.1839e-19
3.0815e-19
2.9823e-19
2.8863e-19
2.7934e-19
2.7033e-19
2.6162e-19
2.5318e-19
2.4501e-19
2.371e-19
2.2944e-19
2.2202e-19
2.1484e-19
2.0789e-19
2.0116e-19
1.9465e-19
1.8834e-19
1.8224e-19
1.7633e-19
1.7061e-19
1.6507e-19
1.5971e-19
1.5452e-19
1.495e-19
1.4463e-19
1.3993e-19
1.3537e-19
1.3096e-19
1.267e-19
1.2257e-19
1.1857e-19
1.147e-19
1.1096e-19
1.0733e-19
1.0383e-19
1.0043e-19
9.7147e-20
9.3968e-20
9.0892e-20
8.7915e-20
8.5034e-20
8.2246e-20
7.9548e-20
7.6938e-20
7.4412e-20
7.1968e-20
6.9603e-20
6.7315e-20
6.5101e-20
6.2958e-20
6.0886e-20
5.888e-20
5.694e-20
5.5063e-20
5.3246e-20
5.1489e-20
4.9789e-20
4.8145e-20
4.6554e-20
4.5014e-20
4.3526e-20
4.2085e-20
4.0692e-20
3.9344e-20
3.804e-20
3.6779e-20
3.5559e-20
3.4379e-20
3.3237e-20
3.2133e-20
3.1066e-20
3.0033e-20
2.9034e-20
2.8068e-20
2.7133e-20
2.6229e-20
2.5355e-20
2.451e-20
2.3692e-20
2.2902e-20
2.2137e-20
2.1398e-20
2.0683e-20
1.9991e-20
1.9323e-20
1.8676e-20
1.8051e-20
1.7446e-20
1.6861e-20
1.6296e-20
1.575e-20
1.5221e-20
1.471e-20
1.4216e-20
1.3738e-20
1.3276e-20
1.283e-20
1.2398e-20
1.1981e-20
1.1577e-20
1.1187e-20
1.081e-20
1.0446e-20
1.0093e-20
9.7524e-21
9.423e-21
9.1046e-21
8.7969e-21
8.4994e-21
8.2118e-21
7.9338e-21
7.6652e-21
7.4055e-21
7.1545e-21
6.9118e-21
6.6773e-21
6.4507e-21
6.2317e-21
6.02e-21
5.8153e-21
5.6176e-21
5.4265e-21
5.2418e-21
5.0633e-21
4.8908e-21
4.7242e-21
4.5631e-21
4.4074e-21
4.257e-21
4.1117e-21
3.9712e-21
3.8355e-21
3.7044e-21
3.5777e-21
3.4552e-21
3.337e-21
3.2227e-21
3.1122e-21
3.0055e-21
2.9025e-21
2.8029e-21
2.7067e-21
2.6137e-21
2.5239e-21
2.4371e-21
2.3533e-21
2.2724e-21
2.1942e-21
2.1186e-21
2.0456e-21
1.9751e-21
1.907e-21
1.8412e-21
1.7777e-21
1.7163e-21
1.657e-21
1.5997e-21
1.5444e-21
1.491e-21
1.4394e-21
1.3896e-21
1.3414e-21
1.295e-21
1.2501e-21
1.2067e-21
1.1648e-21
1.1244e-21
1.0854e-21
1.0476e-21
1.0112e-21
9.7607e-22
9.4211e-22
9.0932e-22
8.7766e-22
8.4708e-22
8.1756e-22
7.8905e-22
7.6153e-22
7.3495e-22
7.0929e-22
6.8452e-22
6.606e-22
6.375e-22
6.1521e-22
5.9368e-22
5.729e-22
5.5283e-22
5.3346e-22
5.1477e-22
4.9671e-22
4.7929e-22
4.6247e-22
4.4623e-22
4.3055e-22
4.1542e-22
4.0081e-22
3.8671e-22
3.731e-22
3.5997e-22
3.4729e-22
3.3505e-22
3.2324e-22
3.1184e-22
3.0084e-22
2.9022e-22
2.7997e-22
2.7008e-22
2.6053e-22
2.5132e-22
2.4243e-22
2.3385e-22
2.2557e-22
2.1758e-22
2.0987e-22
2.0243e-22
1.9525e-22
1.8832e-22
1.8164e-22
1.7518e-22
1.6896e-22
1.6295e-22
1.5716e-22
1.5157e-22
1.4617e-22
1.4097e-22
1.3595e-22
1.311e-22
1.2643e-22
1.2192e-22
1.1757e-22
1.1337e-22
1.0932e-22
1.0542e-22
1.0165e-22
9.8013e-23
9.4506e-23
9.1124e-23
8.7861e-23
8.4714e-23
8.1678e-23
7.8749e-23
7.5924e-23
7.32e-23
7.0572e-23
6.8038e-23
6.5593e-23
6.3235e-23
6.0961e-23
5.8768e-23
5.6653e-23
5.4613e-23
5.2646e-23
5.0748e-23
4.8919e-23
4.7154e-23
4.5453e-23
4.3812e-23
4.223e-23
4.0704e-23
3.9232e-23
3.7814e-23
3.6446e-23
3.5127e-23
3.3855e-23
3.2629e-23
3.1446e-23
3.0306e-23
2.9207e-23
2.8147e-23
2.7125e-23
2.614e-23
2.5191e-23
2.4275e-23
2.3392e-23
2.2541e-23
2.1721e-23
2.093e-23
2.0168e-23
1.9433e-23
1.8725e-23
1.8042e-23
1.7384e-23
1.6749e-23
1.6137e-23
1.5548e-23
1.498e-23
1.4432e-23
1.3904e-23
1.3395e-23
1.2905e-23
1.2432e-23
1.1977e-23
1.1538e-23
1.1115e-23
1.0707e-23
1.0314e-23
9.9354e-24
9.5704e-24
9.2188e-24
8.8799e-24
8.5533e-24
8.2386e-24
7.9354e-24
7.6431e-24
7.3616e-24
7.0903e-24
6.8289e-24
6.577e-24
6.3343e-24
6.1005e-24
5.8752e-24
5.6581e-24
5.449e-24
5.2475e-24
5.0534e-24
4.8663e-24
4.6862e-24
4.5126e-24
4.3454e-24
4.1843e-24
4.0291e-24
3.8797e-24
3.7357e-24
3.597e-24
3.4633e-24
3.3346e-24
3.2107e-24
3.0913e-24
2.9762e-24
2.8655e-24
2.7587e-24
2.656e-24
2.557e-24
2.4617e-24
2.3698e-24
2.2814e-24
2.1962e-24
2.1142e-24
2.0352e-24
1.9592e-24
1.8859e-24
1.8153e-24
1.7474e-24
1.682e-24
1.619e-24
1.5583e-24
1.4999e-24
1.4437e-24
1.3895e-24
1.3374e-24
1.2872e-24
1.2388e-24
1.1923e-24
1.1474e-24
1.1043e-24
1.0627e-24
1.0227e-24
9.8423e-25
9.4715e-25
9.1146e-25
8.771e-25
8.4402e-25
8.1217e-25
7.8152e-25
7.52e-25
7.236e-25
6.9625e-25
6.6993e-25
6.4459e-25
6.202e-25
5.9672e-25
5.7412e-25
5.5237e-25
5.3144e-25
5.1129e-25
4.919e-25
4.7323e-25
4.5527e-25
4.3798e-25
4.2134e-25
4.0532e-25
3.8991e-25
3.7508e-25
3.6081e-25
3.4707e-25
3.3386e-25
3.2114e-25
3.089e-25
2.9712e-25
2.8578e-25
2.7488e-25
2.6438e-25
2.5429e-25
2.4457e-25
2.3522e-25
2.2623e-25
2.1757e-25
2.0925e-25
2.0124e-25
1.9353e-25
1.8612e-25
1.7898e-25
1.7212e-25
1.6552e-25
1.5916e-25
1.5305e-25
1.4718e-25
1.4152e-25
1.3608e-25
1.3085e-25
1.2582e-25
1.2097e-25
1.1632e-25
1.1184e-25
1.0753e-25
1.0338e-25
9.9396e-26
9.5562e-26
9.1874e-26
8.8327e-26
8.4916e-26
8.1635e-26
7.8479e-26
7.5445e-26
7.2526e-26
6.972e-26
6.7021e-26
6.4425e-26
6.1929e-26
5.9529e-26
5.722e-26
5.5001e-26
5.2866e-26
5.0814e-26
4.8841e-26
4.6943e-26
4.5119e-26
4.3364e-26
4.1677e-26
4.0056e-26
3.8496e-26
3.6997e-26
3.5556e-26
3.417e-26
3.2838e-26
3.1557e-26
3.0325e-26
2.9142e-26
2.8004e-26
2.691e-26
2.5858e-26
2.4847e-26
2.3875e-26
2.2941e-26
2.2043e-26
2.118e-26
2.035e-26
1.9553e-26
1.8786e-26
1.8049e-26
1.7341e-26
1.666e-26
1.6006e-26
1.5377e-26
1.4773e-26
1.4192e-26
1.3634e-26
1.3098e-26
1.2582e-26
1.2087e-26
1.1611e-26
1.1153e-26
1.0714e-26
1.0291e-26
9.8851e-27
9.495e-27
9.1201e-27
8.7599e-27
8.4138e-27
8.0812e-27
7.7617e-27
7.4546e-27
7.1596e-27
6.8762e-27
6.6039e-27
6.3422e-27
6.0909e-27
5.8494e-27
5.6173e-27
5.3944e-27
5.1803e-27
4.9746e-27
4.777e-27
4.5871e-27
4.4047e-27
4.2296e-27
4.0613e-27
3.8996e-27
3.7443e-27
3.5952e-27
3.4519e-27
3.3143e-27
3.1821e-27
3.0552e-27
2.9333e-27
2.8161e-27
2.7037e-27
2.5956e-27
2.4919e-27
2.3922e-27
2.2965e-27
2.2046e-27
2.1164e-27
2.0316e-27
1.9502e-27
1.8721e-27
1.797e-27
1.7249e-27
1.6557e-27
1.5892e-27
1.5254e-27
1.4642e-27
1.4053e-27
1.3488e-27
1.2946e-27
1.2425e-27
1.1925e-27
1.1445e-27
1.0984e-27
1.0541e-27
1.0116e-27
9.7083e-28
9.3166e-28
8.9406e-28
8.5797e-28
8.2332e-28
7.9006e-28
7.5813e-28
7.2747e-28
6.9805e-28
6.698e-28
6.4269e-28
6.1667e-28
5.9169e-28
5.6771e-28
5.4469e-28
5.2261e-28
5.014e-28
4.8105e-28
4.6152e-28
4.4278e-28
4.2479e-28
4.0752e-28
3.9095e-28
3.7505e-28
3.5979e-28
3.4514e-28
3.3108e-28
3.176e-28
3.0465e-28
2.9223e-28
2.8031e-28
2.6888e-28
2.579e-28
2.4737e-28
2.3727e-28
2.2757e-28
2.1827e-28
2.0935e-28
2.0078e-28
1.9257e-28
1.8468e-28
1.7712e-28
1.6986e-28
1.629e-28
1.5622e-28
1.4982e-28
1.4367e-28
1.3777e-28
1.3211e-28
1.2669e-28
1.2148e-28
1.1649e-28
1.117e-28
1.071e-28
1.027e-28
9.8468e-29
9.4413e-29
9.0523e-29
8.6793e-29
8.3214e-29
7.9782e-29
7.649e-29
7.3333e-29
7.0305e-29
6.7401e-29
6.4616e-29
6.1945e-29
5.9384e-29
5.6927e-29
5.4572e-29
5.2312e-29
5.0146e-29
4.8069e-29
4.6077e-29
4.4166e-29
4.2335e-29
4.0578e-29
3.8894e-29
3.7279e-29
3.5731e-29
3.4246e-29
3.2823e-29
3.1458e-29
3.0149e-29
2.8895e-29
2.7692e-29
2.6539e-29
2.5433e-29
2.4373e-29
2.3357e-29
2.2383e-29
2.1449e-29
2.0554e-29
1.9696e-29
1.8874e-29
1.8085e-29
1.7329e-29
1.6605e-29
1.591e-29
1.5244e-29
1.4606e-29
1.3995e-29
1.3409e-29
1.2847e-29
1.2308e-29
1.1792e-29
1.1297e-29
1.0823e-29
1.0369e-29
9.9335e-30
9.5162e-30
9.1163e-30
8.7331e-30
8.3658e-30
8.0138e-30
7.6766e-30
7.3534e-30
7.0437e-30
6.7469e-30
6.4625e-30
6.1901e-30
5.929e-30
5.6788e-30
5.4391e-30
5.2095e-30
4.9894e-30
4.7786e-30
4.5766e-30
4.3831e-30
4.1977e-30
4.0201e-30
3.8499e-30
3.6869e-30
3.5307e-30
3.3811e-30
3.2377e-30
3.1004e-30
2.9689e-30
2.8429e-30
2.7222e-30
2.6066e-30
2.4959e-30
2.3898e-30
2.2882e-30
2.1909e-30
2.0977e-30
2.0084e-30
1.9229e-30
1.841e-30
1.7625e-30
1.6874e-30
1.6155e-30
1.5466e-30
1.4806e-30
1.4174e-30
1.3569e-30
1.2989e-30
1.2434e-30
1.1903e-30
1.1394e-30
1.0906e-30
1.044e-30
9.9928e-31
9.5649e-31
9.1552e-31
8.7629e-31
8.3873e-31
8.0276e-31
7.6833e-31
7.3536e-31
7.0379e-31
6.7357e-31
6.4463e-31
6.1693e-31
5.9041e-31
5.6502e-31
5.4071e-31
5.1744e-31
4.9517e-31
4.7384e-31
4.5343e-31
4.3389e-31
4.1518e-31
3.9728e-31
3.8014e-31
3.6373e-31
3.4803e-31
3.33e-31
3.1861e-31
3.0484e-31
2.9167e-31
2.7905e-31
2.6698e-31
2.5542e-31
2.4437e-31
2.3378e-31
2.2365e-31
2.1396e-31
2.0468e-31
1.9581e-31
1.8731e-31
1.7918e-31
1.714e-31
1.6396e-31
1.5684e-31
1.5002e-31
1.435e-31
1.3726e-31
1.3128e-31
1.2557e-31
1.201e-31
1.1487e-31
1.0987e-31
1.0508e-31
1.005e-31
9.6114e-32
9.192e-32
8.7908e-32
8.407e-32
8.0398e-32
7.6886e-32
7.3525e-32
7.031e-32
6.7235e-32
6.4294e-32
6.148e-32
5.8788e-32
5.6213e-32
5.375e-32
5.1394e-32
4.9141e-32
4.6986e-32
4.4924e-32
4.2953e-32
4.1067e-32
3.9263e-32
3.7538e-32
3.5888e-32
3.431e-32
3.2801e-32
3.1358e-32
2.9978e-32
2.8658e-32
2.7396e-32
2.6189e-32
2.5035e-32
2.3931e-32
2.2875e-32
2.1866e-32
2.0901e-32
1.9978e-32
1.9096e-32
1.8252e-32
1.7446e-32
1.6674e-32
1.5937e-32
1.5232e-32
1.4558e-32
1.3913e-32
1.3297e-32
1.2708e-32
1.2145e-32
1.1606e-32
1.1092e-32
1.06e-32
1.0129e-32
9.6796e-33
9.2497e-33
8.8388e-33
8.446e-33
8.0705e-33
7.7116e-33
7.3686e-33
7.0407e-33
6.7273e-33
6.4277e-33
6.1414e-33
5.8677e-33
5.6061e-33
5.3561e-33
5.1172e-33
4.8889e-33
4.6706e-33
4.4621e-33
4.2628e-33
4.0723e-33
3.8903e-33
3.7163e-33
3.5501e-33
3.3912e-33
3.2394e-33
3.0944e-33
2.9558e-33
2.8234e-33
2.6968e-33
2.5759e-33
2.4604e-33
2.35e-33
2.2445e-33
2.1437e-33
2.0474e-33
1.9555e-33
1.8676e-33
1.7836e-33
1.7034e-33
1.6268e-33
1.5535e-33
1.4836e-33
1.4168e-33
1.353e-33
1.292e-33
1.2338e-33
1.1781e-33
1.125e-33
1.0742e-33
1.0257e-33
9.7939e-34
9.3515e-34
8.929e-34
8.5253e-34
8.1398e-34
7.7717e-34
7.42e-34
7.0841e-34
6.7634e-34
6.457e-34
6.1645e-34
5.8851e-34
5.6182e-34
5.3634e-34
5.1201e-34
4.8877e-34
4.6658e-34
4.4539e-34
4.2516e-34
4.0583e-34
3.8738e-34
3.6977e-34
3.5295e-34
3.3688e-34
3.2155e-34
3.069e-34
2.9292e-34
2.7958e-34
2.6683e-34
2.5466e-34
2.4305e-34
2.3196e-34
2.2137e-34
2.1126e-34
2.0161e-34
1.924e-34
1.8361e-34
1.7521e-34
1.672e-34
1.5955e-34
1.5225e-34
1.4528e-34
1.3862e-34
1.3227e-34
1.2621e-34
1.2043e-34
1.149e-34
1.0963e-34
1.046e-34
9.9799e-35
9.5217e-35
9.0843e-35
8.6669e-35
8.2685e-35
7.8883e-35
7.5255e-35
7.1792e-35
6.8488e-35
6.5335e-35
6.2326e-35
5.9454e-35
5.6714e-35
5.41e-35
5.1605e-35
4.9224e-35
4.6952e-35
4.4785e-35
4.2717e-35
4.0744e-35
3.8861e-35
3.7065e-35
3.5351e-35
3.3716e-35
3.2156e-35
3.0667e-35
2.9247e-35
2.7893e-35
2.66e-35
2.5368e-35
2.4192e-35
2.307e-35
2.1999e-35
2.0978e-35
2.0005e-35
1.9076e-35
1.819e-35
1.7344e-35
1.6538e-35
1.5769e-35
1.5036e-35
1.4336e-35
1.3669e-35
1.3032e-35
1.2425e-35
1.1847e-35
1.1294e-35
1.0768e-35
1.0266e-35
9.7868e-36
9.3301e-36
8.8945e-36
8.4792e-36
8.0831e-36
7.7054e-36
7.3453e-36
7.0018e-36
6.6743e-36
6.362e-36
6.0643e-36
5.7804e-36
5.5097e-36
5.2515e-36
5.0054e-36
4.7708e-36
4.5471e-36
4.3338e-36
4.1304e-36
3.9365e-36
3.7517e-36
3.5755e-36
3.4075e-36
3.2473e-36
3.0946e-36
2.9491e-36
2.8103e-36
2.6781e-36
2.552e-36
2.4318e-36
2.3173e-36
2.2081e-36
2.104e-36
2.0048e-36
1.9102e-36
1.8201e-36
1.7342e-36
1.6523e-36
1.5743e-36
1.4999e-36
1.429e-36
1.3615e-36
1.2971e-36
1.2357e-36
1.1772e-36
1.1215e-36
1.0684e-36
1.0178e-36
9.6957e-37
9.2362e-37
8.7983e-37
8.381e-37
7.9834e-37
7.6045e-37
7.2435e-37
6.8995e-37
6.5718e-37
6.2595e-37
5.962e-37
5.6785e-37
5.4084e-37
5.1511e-37
4.9059e-37
4.6723e-37
4.4498e-37
4.2378e-37
4.0359e-37
3.8435e-37
3.6602e-37
3.4856e-37
3.3193e-37
3.1609e-37
3.0099e-37
2.8662e-37
2.7292e-37
2.5988e-37
2.4746e-37
2.3562e-37
2.2435e-37
2.1361e-37
2.0339e-37
1.9365e-37
1.8437e-37
1.7554e-37
1.6713e-37
1.5911e-37
1.5148e-37
1.4422e-37
1.3729e-37
1.307e-37
1.2443e-37
1.1845e-37
1.1276e-37
1.0734e-37
1.0218e-37
9.7264e-38
9.2584e-38
8.8128e-38
8.3886e-38
7.9846e-38
7.5999e-38
7.2337e-38
6.885e-38
6.5531e-38
6.237e-38
5.9361e-38
5.6496e-38
5.3768e-38
5.1171e-38
4.8699e-38
4.6346e-38
4.4106e-38
4.1973e-38
3.9943e-38
3.801e-38
3.617e-38
3.4419e-38
3.2752e-38
3.1165e-38
2.9655e-38
2.8217e-38
2.6849e-38
2.5547e-38
2.4307e-38
2.3127e-38
2.2004e-38
2.0936e-38
1.9919e-38
1.8951e-38
1.8029e-38
1.7153e-38
1.6318e-38
1.5524e-38
1.4769e-38
1.405e-38
1.3365e-38
1.2714e-38
1.2094e-38
1.1505e-38
1.0944e-38
1.041e-38
9.902e-39
9.4187e-39
8.9588e-39
8.5213e-39
8.1049e-39
7.7088e-39
7.332e-39
6.9734e-39
6.6323e-39
6.3078e-39
5.999e-39
5.7053e-39
5.4258e-39
5.16e-39
4.9071e-39
4.6666e-39
4.4377e-39
4.22e-39
4.013e-39
3.816e-39
3.6286e-39
3.4504e-39
3.2809e-39
3.1196e-39
2.9663e-39
2.8204e-39
2.6817e-39
2.5497e-39
2.4242e-39
2.3049e-39
2.1913e-39
2.0834e-39
1.9807e-39
1.8831e-39
1.7902e-39
1.7019e-39
1.6179e-39
1.5381e-39
1.4621e-39
1.3899e-39
1.3212e-39
1.256e-39
1.1939e-39
1.1348e-39
1.0787e-39
1.0253e-39
9.7458e-40
9.2632e-40
8.8045e-40
8.3683e-40
7.9536e-40
7.5593e-40
7.1845e-40
6.8281e-40
6.4894e-40
6.1673e-40
5.8611e-40
5.57e-40
5.2933e-40
5.0303e-40
4.7802e-40
4.5426e-40
4.3166e-40
4.1019e-40
3.8977e-40
3.7037e-40
3.5192e-40
3.3439e-40
3.1773e-40
3.0189e-40
2.8684e-40
2.7254e-40
2.5894e-40
2.4602e-40
2.3374e-40
2.2206e-40
2.1097e-40
2.0043e-40
1.9041e-40
1.8089e-40
1.7185e-40
1.6325e-40
1.5508e-40
1.4732e-40
1.3994e-40
1.3293e-40
1.2627e-40
1.1994e-40
1.1393e-40
1.0822e-40
1.0279e-40
9.7631e-41
9.2731e-41
8.8075e-41
8.3651e-41
7.9449e-41
7.5456e-41
7.1663e-41
6.806e-41
6.4636e-41
6.1384e-41
5.8295e-41
5.536e-41
5.2572e-41
4.9924e-41
4.7408e-41
4.5018e-41
4.2748e-41
4.0592e-41
3.8545e-41
3.6599e-41
3.4752e-41
3.2997e-41
3.133e-41
2.9747e-41
2.8244e-41
2.6816e-41
2.546e-41
2.4172e-41
2.2949e-41
2.1787e-41
2.0684e-41
1.9636e-41
1.8641e-41
1.7697e-41
1.68e-41
1.5948e-41
1.5139e-41
1.4371e-41
1.3641e-41
1.2949e-41
1.2291e-41
1.1667e-41
1.1074e-41
1.0511e-41
9.9765e-42
9.4691e-42
8.9873e-42
8.53e-42
8.0957e-42
7.6835e-42
7.2921e-42
6.9206e-42
6.5679e-42
6.233e-42
5.9152e-42
5.6134e-42
5.327e-42
5.0551e-42
4.797e-42
4.552e-42
4.3194e-42
4.0987e-42
3.8892e-42
3.6903e-42
3.5015e-42
3.3224e-42
3.1524e-42
2.991e-42
2.8378e-42
2.6924e-42
2.5545e-42
2.4236e-42
2.2993e-42
2.1814e-42
2.0695e-42
1.9633e-42
1.8625e-42
1.7669e-42
1.6761e-42
1.59e-42
1.5083e-42
1.4308e-42
1.3572e-42
1.2874e-42
1.2211e-42
1.1583e-42
1.0987e-42
1.0421e-42
9.884e-43
9.3747e-43
8.8915e-43
8.4331e-43
7.9982e-43
7.5856e-43
7.1941e-43
6.8228e-43
6.4705e-43
6.1363e-43
5.8193e-43
5.5185e-43
5.2333e-43
4.9626e-43
4.706e-43
4.4625e-43
4.2315e-43
4.0124e-43
3.8047e-43
3.6076e-43
3.4206e-43
3.2434e-43
3.0752e-43
2.9157e-43
2.7645e-43
2.621e-43
2.485e-43
2.3559e-43
2.2336e-43
2.1175e-43
2.0075e-43
1.9031e-43
1.8042e-43
1.7103e-43
1.6214e-43
1.537e-43
1.457e-43
1.3811e-43
1.3092e-43
1.2409e-43
1.1763e-43
1.1149e-43
1.0568e-43
1.0017e-43
9.4941e-44
8.9986e-44
8.5287e-44
8.0833e-44
7.6611e-44
7.2607e-44
6.8812e-44
6.5214e-44
6.1804e-44
5.857e-44
5.5505e-44
5.26e-44
4.9846e-44
4.7235e-44
4.476e-44
4.2415e-44
4.0191e-44
3.8084e-44
3.6086e-44
3.4193e-44
3.2398e-44
3.0697e-44
2.9085e-44
2.7558e-44
2.611e-44
2.4737e-44
2.3437e-44
2.2204e-44
2.1036e-44
1.9929e-44
1.8881e-44
1.7886e-44
1.6945e-44
1.6052e-44
1.5206e-44
1.4405e-44
1.3645e-44
1.2925e-44
1.2244e-44
1.1597e-44
1.0985e-44
1.0405e-44
9.8557e-45
9.335e-45
8.8417e-45
8.3744e-45
7.9316e-45
7.512e-45
7.1146e-45
6.7381e-45
6.3814e-45
6.0435e-45
5.7234e-45
5.4202e-45
5.1329e-45
4.8608e-45
4.6031e-45
4.3589e-45
4.1276e-45
3.9086e-45
3.7011e-45
3.5045e-45
3.3184e-45
3.1421e-45
2.9751e-45
2.8169e-45
2.6671e-45
2.5252e-45
2.3909e-45
2.2636e-45
2.1431e-45
2.029e-45
1.9209e-45
1.8185e-45
1.7216e-45
1.6298e-45
1.5429e-45
1.4606e-45
1.3827e-45
1.3089e-45
1.239e-45
1.1728e-45
1.1102e-45
1.0508e-45
9.9467e-46
9.4149e-46
8.9114e-46
8.4347e-46
7.9833e-46
7.556e-46
7.1515e-46
6.7685e-46
6.4059e-46
6.0626e-46
5.7376e-46
5.43e-46
5.1388e-46
4.8631e-46
4.6021e-46
4.3551e-46
4.1212e-46
3.8999e-46
3.6904e-46
3.4921e-46
3.3044e-46
3.1267e-46
2.9585e-46
2.7994e-46
2.6487e-46
2.5061e-46
2.3712e-46
2.2435e-46
2.1226e-46
2.0082e-46
1.9e-46
1.7975e-46
1.7006e-46
1.6088e-46
1.522e-46
1.4399e-46
1.3621e-46
1.2886e-46
1.2189e-46
1.1531e-46
1.0907e-46
1.0318e-46
9.7596e-47
9.2316e-47
8.732e-47
8.2593e-47
7.8121e-47
7.389e-47
6.9887e-47
6.6099e-47
6.2516e-47
5.9127e-47
5.592e-47
5.2886e-47
5.0016e-47
4.7301e-47
4.4733e-47
4.2303e-47
4.0005e-47
3.7831e-47
3.5775e-47
3.3829e-47
3.1989e-47
3.0249e-47
2.8603e-47
2.7046e-47
2.5573e-47
2.4181e-47
2.2863e-47
2.1617e-47
2.0439e-47
1.9325e-47
1.8271e-47
1.7274e-47
1.6331e-47
1.544e-47
1.4597e-47
1.38e-47
1.3046e-47
1.2333e-47
1.1659e-47
1.1021e-47
1.0419e-47
9.8486e-48
9.3097e-48
8.8001e-48
8.3183e-48
7.8627e-48
7.432e-48
7.0248e-48
6.6397e-48
6.2757e-48
5.9315e-48
5.6061e-48
5.2985e-48
5.0077e-48
4.7328e-48
4.4729e-48
4.2272e-48
3.9949e-48
3.7753e-48
3.5678e-48
3.3716e-48
3.1861e-48
3.0108e-48
2.8451e-48
2.6885e-48
2.5404e-48
2.4005e-48
2.2682e-48
2.1432e-48
2.0251e-48
1.9134e-48
1.8078e-48
1.7081e-48
1.6138e-48
1.5247e-48
1.4405e-48
1.361e-48
1.2858e-48
1.2147e-48
1.1476e-48
1.0841e-48
1.0242e-48
9.675e-49
9.1396e-49
8.6337e-49
8.1556e-49
7.7039e-49
7.2771e-49
6.8739e-49
6.4928e-49
6.1328e-49
5.7927e-49
5.4714e-49
5.1678e-49
4.8809e-49
4.6099e-49
4.3539e-49
4.112e-49
3.8835e-49
3.6677e-49
3.4638e-49
3.2712e-49
3.0892e-49
2.9173e-49
2.7549e-49
2.6016e-49
2.4567e-49
2.3198e-49
2.1906e-49
2.0685e-49
1.9532e-49
1.8443e-49
1.7414e-49
1.6442e-49
1.5525e-49
1.4658e-49
1.384e-49
1.3067e-49
1.2337e-49
1.1647e-49
1.0996e-49
1.0381e-49
9.8008e-50
9.2525e-50
8.7348e-50
8.2458e-50
7.7842e-50
7.3482e-50
6.9366e-50
6.5479e-50
6.1809e-50
5.8344e-50
5.5072e-50
5.1983e-50
4.9066e-50
4.6312e-50
4.3712e-50
4.1257e-50
3.894e-50
3.6752e-50
3.4687e-50
3.2737e-50
3.0896e-50
2.9158e-50
2.7518e-50
2.5969e-50
2.4507e-50
2.3127e-50
2.1825e-50
2.0595e-50
1.9435e-50
1.8339e-50
1.7305e-50
1.6329e-50
1.5408e-50
1.4539e-50
1.3718e-50
1.2944e-50
1.2213e-50
1.1523e-50
1.0872e-50
1.0257e-50
9.6775e-51
9.1303e-51
8.6139e-51
8.1265e-51
7.6666e-51
7.2326e-51
6.8231e-51
6.4367e-51
6.072e-51
5.7279e-51
5.4033e-51
5.0969e-51
4.8078e-51
4.5351e-51
4.2778e-51
4.035e-51
3.8059e-51
3.5898e-51
3.3858e-51
3.1935e-51
3.012e-51
2.8407e-51
2.6792e-51
2.5268e-51
2.3831e-51
2.2474e-51
2.1195e-51
1.9988e-51
1.885e-51
1.7776e-51
1.6763e-51
1.5808e-51
1.4906e-51
1.4056e-51
1.3254e-51
1.2498e-51
1.1785e-51
1.1112e-51
1.0477e-51
9.879e-52
9.3145e-52
8.7822e-52
8.2802e-52
7.8067e-52
7.3602e-52
6.9391e-52
6.542e-52
6.1676e-52
5.8144e-52
5.4814e-52
5.1674e-52
4.8713e-52
4.5921e-52
4.3289e-52
4.0806e-52
3.8465e-52
3.6258e-52
3.4177e-52
3.2215e-52
3.0366e-52
2.8622e-52
2.6977e-52
2.5427e-52
2.3965e-52
2.2587e-52
2.1288e-52
2.0064e-52
1.8909e-52
1.7821e-52
1.6795e-52
1.5828e-52
1.4916e-52
1.4057e-52
1.3246e-52
1.2483e-52
1.1763e-52
1.1085e-52
1.0445e-52
9.8423e-53
9.2742e-53
8.7387e-53
8.234e-53
7.7584e-53
7.3101e-53
6.8876e-53
6.4894e-53
6.1141e-53
5.7605e-53
5.4272e-53
5.1131e-53
4.8171e-53
4.5382e-53
4.2753e-53
4.0276e-53
3.7942e-53
3.5743e-53
3.3671e-53
3.1718e-53
2.9878e-53
2.8145e-53
2.6511e-53
2.4972e-53
2.3522e-53
2.2156e-53
2.0868e-53
1.9656e-53
1.8513e-53
1.7437e-53
1.6423e-53
1.5467e-53
1.4567e-53
1.3719e-53
1.2921e-53
1.2168e-53
1.1459e-53
1.0792e-53
1.0163e-53
9.5703e-54
9.0122e-54
8.4866e-54
7.9915e-54
7.5251e-54
7.0859e-54
6.6722e-54
6.2825e-54
5.9155e-54
5.5699e-54
5.2444e-54
4.9378e-54
4.649e-54
4.3771e-54
4.121e-54
3.8799e-54
3.6527e-54
3.4389e-54
3.2375e-54
3.0478e-54
2.8692e-54
2.7011e-54
2.5427e-54
2.3936e-54
2.2532e-54
2.121e-54
1.9965e-54
1.8793e-54
1.769e-54
1.6651e-54
1.5673e-54
1.4752e-54
1.3885e-54
1.3068e-54
1.23e-54
1.1576e-54
1.0895e-54
1.0254e-54
9.6504e-55
9.0822e-55
8.5473e-55
8.0437e-55
7.5697e-55
7.1236e-55
6.7036e-55
6.3083e-55
5.9362e-55
5.5859e-55
5.2562e-55
4.946e-55
4.6539e-55
4.379e-55
4.1203e-55
3.8769e-55
3.6477e-55
3.432e-55
3.2291e-55
3.0381e-55
2.8583e-55
2.6892e-55
2.53e-55
2.3802e-55
2.2392e-55
2.1065e-55
1.9817e-55
1.8642e-55
1.7537e-55
1.6497e-55
1.5519e-55
1.4598e-55
1.3731e-55
1.2916e-55
1.2149e-55
1.1428e-55
1.0749e-55
1.011e-55
9.5092e-56
8.9438e-56
8.4119e-56
7.9116e-56
7.4408e-56
6.998e-56
6.5814e-56
6.1895e-56
5.8209e-56
5.4741e-56
5.1479e-56
4.8411e-56
4.5525e-56
4.281e-56
4.0256e-56
3.7854e-56
3.5595e-56
3.3471e-56
3.1472e-56
2.9592e-56
2.7825e-56
2.6162e-56
2.4598e-56
2.3128e-56
2.1745e-56
2.0444e-56
1.9221e-56
1.8071e-56
1.6989e-56
1.5972e-56
1.5015e-56
1.4116e-56
1.327e-56
1.2475e-56
1.1727e-56
1.1024e-56
1.0362e-56
9.7406e-57
9.1561e-57
8.6065e-57
8.0898e-57
7.6039e-57
7.1472e-57
6.7177e-57
6.314e-57
5.9344e-57
5.5776e-57
5.2421e-57
4.9268e-57
4.6303e-57
4.3516e-57
4.0896e-57
3.8433e-57
3.6118e-57
3.3942e-57
3.1897e-57
2.9974e-57
2.8167e-57
2.6468e-57
2.4871e-57
2.337e-57
2.196e-57
2.0634e-57
1.9388e-57
1.8217e-57
1.7117e-57
1.6082e-57
1.511e-57
1.4197e-57
1.3338e-57
1.2531e-57
1.1773e-57
1.106e-57
1.0391e-57
9.7617e-58
9.1705e-58
8.6149e-58
8.0929e-58
7.6024e-58
7.1415e-58
6.7084e-58
6.3015e-58
5.9192e-58
5.56e-58
5.2225e-58
4.9054e-58
4.6075e-58
4.3276e-58
4.0647e-58
3.8176e-58
3.5855e-58
3.3675e-58
3.1627e-58
2.9703e-58
2.7896e-58
2.6198e-58
2.4603e-58
2.3104e-58
2.1697e-58
2.0375e-58
1.9134e-58
1.7967e-58
1.6872e-58
1.5843e-58
1.4876e-58
1.3969e-58
1.3116e-58
1.2315e-58
1.1563e-58
1.0857e-58
1.0194e-58
9.571e-59
8.986e-59
8.4366e-59
7.9207e-59
7.4362e-59
6.9813e-59
6.5541e-59
6.1529e-59
5.7762e-59
5.4224e-59
5.0903e-59
4.7784e-59
4.4855e-59
4.2105e-59
3.9524e-59
3.71e-59
3.4824e-59
3.2687e-59
3.0681e-59
2.8797e-59
2.7029e-59
2.5369e-59
2.381e-59
2.2347e-59
2.0973e-59
1.9684e-59
1.8473e-59
1.7337e-59
1.627e-59
1.5269e-59
1.4329e-59
1.3447e-59
1.2619e-59
1.1841e-59
1.1112e-59
1.0427e-59
9.7841e-60
9.1808e-60
8.6146e-60
8.0831e-60
7.5843e-60
7.1162e-60
6.6769e-60
6.2646e-60
5.8776e-60
5.5145e-60
5.1737e-60
4.8539e-60
4.5538e-60
4.2722e-60
4.0079e-60
3.76e-60
3.5273e-60
3.3089e-60
3.104e-60
2.9118e-60
2.7314e-60
2.5622e-60
2.4034e-60
2.2544e-60
2.1146e-60
1.9835e-60
1.8604e-60
1.745e-60
1.6367e-60
1.5351e-60
1.4397e-60
1.3503e-60
1.2664e-60
1.1877e-60
1.1139e-60
1.0446e-60
9.7968e-61
9.1874e-61
8.6158e-61
8.0796e-61
7.5767e-61
7.105e-61
6.6625e-61
6.2475e-61
5.8582e-61
5.4931e-61
5.1507e-61
4.8295e-61
4.5283e-61
4.2459e-61
3.9809e-61
3.7325e-61
3.4995e-61
3.2809e-61
3.076e-61
2.8839e-61
2.7037e-61
2.5347e-61
2.3762e-61
2.2276e-61
2.0883e-61
1.9577e-61
1.8351e-61
1.7203e-61
1.6126e-61
1.5116e-61
1.4169e-61
1.3281e-61
1.2449e-61
1.1669e-61
1.0937e-61
1.0251e-61
9.6083e-62
9.0054e-62
8.4403e-62
7.9105e-62
7.4138e-62
6.9482e-62
6.5117e-62
6.1026e-62
5.7191e-62
5.3596e-62
5.0226e-62
4.7067e-62
4.4106e-62
4.1331e-62
3.873e-62
3.6292e-62
3.4006e-62
3.1865e-62
2.9857e-62
2.7976e-62
2.6213e-62
2.456e-62
2.3012e-62
2.156e-62
2.02e-62
1.8925e-62
1.7731e-62
1.6612e-62
1.5563e-62
1.458e-62
1.3659e-62
1.2795e-62
1.1987e-62
1.1229e-62
1.0519e-62
9.8535e-63
9.2301e-63
8.646e-63
8.0987e-63
7.586e-63
7.1056e-63
6.6555e-63
6.2338e-63
5.8388e-63
5.4687e-63
5.122e-63
4.7972e-63
4.4929e-63
4.2078e-63
3.9408e-63
3.6906e-63
3.4563e-63
3.2368e-63
3.0312e-63
2.8386e-63
2.6582e-63
2.4893e-63
2.331e-63
2.1827e-63
2.0439e-63
1.9139e-63
1.7921e-63
1.678e-63
1.5711e-63
1.4711e-63
1.3774e-63
1.2896e-63
1.2074e-63
1.1305e-63
1.0584e-63
9.9088e-64
9.2767e-64
8.6848e-64
8.1306e-64
7.6115e-64
7.1255e-64
6.6705e-64
6.2443e-64
5.8454e-64
5.4718e-64
5.122e-64
4.7945e-64
4.4879e-64
4.2008e-64
3.932e-64
3.6803e-64
3.4447e-64
3.2242e-64
3.0177e-64
2.8244e-64
2.6434e-64
2.474e-64
2.3154e-64
2.1669e-64
2.028e-64
1.8979e-64
1.7761e-64
1.6621e-64
1.5554e-64
1.4555e-64
1.362e-64
1.2745e-64
1.1927e-64
1.116e-64
1.0443e-64
9.7711e-65
9.1427e-65
8.5546e-65
8.0041e-65
7.489e-65
7.0069e-65
6.5557e-65
6.1335e-65
5.7384e-65
5.3686e-65
5.0226e-65
4.6988e-65
4.3959e-65
4.1124e-65
3.8471e-65
3.5988e-65
3.3666e-65
3.1493e-65
2.9459e-65
2.7557e-65
2.5776e-65
2.4111e-65
2.2553e-65
2.1095e-65
1.9731e-65
1.8455e-65
1.7261e-65
1.6144e-65
1.5099e-65
1.4122e-65
1.3207e-65
1.2352e-65
1.1552e-65
1.0803e-65
1.0103e-65
9.4484e-66
8.8358e-66
8.2627e-66
7.7267e-66
7.2254e-66
6.7565e-66
6.3179e-66
5.9077e-66
5.524e-66
5.1652e-66
4.8296e-66
4.5157e-66
4.2222e-66
3.9477e-66
3.691e-66
3.4509e-66
3.2263e-66
3.0164e-66
2.82e-66
2.6364e-66
2.4647e-66
2.3042e-66
2.1541e-66
2.0137e-66
1.8824e-66
1.7597e-66
1.645e-66
1.5377e-66
1.4373e-66
1.3435e-66
1.2558e-66
1.1739e-66
1.0972e-66
1.0255e-66
9.5853e-67
8.959e-67
8.3734e-67
7.826e-67
7.3142e-67
6.8358e-67
6.3886e-67
5.9706e-67
5.5798e-67
5.2145e-67
4.873e-67
4.5539e-67
4.2555e-67
3.9767e-67
3.7161e-67
3.4724e-67
3.2448e-67
3.0319e-67
2.833e-67
2.6471e-67
2.4734e-67
2.311e-67
2.1593e-67
2.0175e-67
1.885e-67
1.7611e-67
1.6454e-67
1.5372e-67
1.4361e-67
1.3417e-67
1.2534e-67
1.171e-67
1.0939e-67
1.0219e-67
9.5461e-68
8.9174e-68
8.33e-68
7.7812e-68
7.2684e-68
6.7893e-68
6.3417e-68
5.9235e-68
5.5328e-68
5.1678e-68
4.8268e-68
4.5082e-68
4.2105e-68
3.9325e-68
3.6728e-68
3.4301e-68
3.2035e-68
2.9917e-68
2.7939e-68
2.6092e-68
2.4366e-68
2.2754e-68
2.1249e-68
1.9842e-68
1.8529e-68
1.7302e-68
1.6156e-68
1.5086e-68
1.4086e-68
1.3153e-68
1.2281e-68
1.1467e-68
1.0706e-68
9.996e-69
9.3328e-69
8.7134e-69
8.135e-69
7.5949e-69
7.0906e-69
6.6196e-69
6.1798e-69
5.7691e-69
5.3857e-69
5.0276e-69
4.6933e-69
4.3811e-69
4.0897e-69
3.8175e-69
3.5634e-69
3.3262e-69
3.1047e-69
2.898e-69
2.7049e-69
2.5247e-69
2.3564e-69
2.1993e-69
2.0527e-69
1.9158e-69
1.788e-69
1.6687e-69
1.5573e-69
1.4534e-69
1.3563e-69
1.2658e-69
1.1812e-69
1.1023e-69
1.0286e-69
9.5987e-70
8.957e-70
8.358e-70
7.799e-70
7.2772e-70
6.7903e-70
6.3358e-70
5.9116e-70
5.5158e-70
5.1464e-70
4.8016e-70
4.4799e-70
4.1796e-70
3.8995e-70
3.638e-70
3.394e-70
3.1663e-70
2.9539e-70
2.7557e-70
2.5707e-70
2.3981e-70
2.2371e-70
2.0868e-70
1.9466e-70
1.8158e-70
1.6937e-70
1.5799e-70
1.4736e-70
1.3745e-70
1.282e-70
1.1958e-70
1.1153e-70
1.0402e-70
9.7017e-71
9.0483e-71
8.4388e-71
7.8702e-71
7.3398e-71
6.845e-71
6.3835e-71
5.953e-71
5.5515e-71
5.1769e-71
4.8276e-71
4.5017e-71
4.1978e-71
3.9143e-71
3.6499e-71
3.4034e-71
3.1734e-71
2.9589e-71
2.7589e-71
2.5723e-71
2.3984e-71
2.2361e-71
2.0848e-71
1.9437e-71
1.8121e-71
1.6895e-71
1.575e-71
1.4684e-71
1.3689e-71
1.2761e-71
1.1896e-71
1.109e-71
1.0338e-71
9.6364e-72
8.9827e-72
8.3731e-72
7.8048e-72
7.275e-72
6.781e-72
6.3205e-72
5.8911e-72
5.4909e-72
5.1177e-72
4.7698e-72
4.4455e-72
4.1432e-72
3.8614e-72
3.5987e-72
3.3538e-72
3.1255e-72
2.9127e-72
2.7144e-72
2.5295e-72
2.3572e-72
2.1966e-72
2.0469e-72
1.9073e-72
1.7773e-72
1.6561e-72
1.5431e-72
1.4378e-72
1.3397e-72
1.2482e-72
1.163e-72
1.0836e-72
1.0096e-72
9.4062e-73
8.7634e-73
8.1644e-73
7.6063e-73
7.0862e-73
6.6015e-73
6.1499e-73
5.7292e-73
5.3371e-73
4.9717e-73
4.6313e-73
4.3142e-73
4.0186e-73
3.7433e-73
3.4868e-73
3.2478e-73
3.0251e-73
2.8177e-73
2.6245e-73
2.4444e-73
2.2767e-73
2.1204e-73
1.9749e-73
1.8393e-73
1.713e-73
1.5953e-73
1.4857e-73
1.3836e-73
1.2885e-73
1.1999e-73
1.1174e-73
1.0405e-73
9.6895e-74
9.0228e-74
8.4018e-74
7.8234e-74
7.2847e-74
6.783e-74
6.3158e-74
5.8806e-74
5.4753e-74
5.0979e-74
4.7465e-74
4.4191e-74
4.1143e-74
3.8305e-74
3.5662e-74
3.32e-74
3.0908e-74
2.8774e-74
2.6787e-74
2.4937e-74
2.3214e-74
2.1609e-74
2.0116e-74
1.8725e-74
1.743e-74
1.6224e-74
1.5102e-74
1.4057e-74
1.3084e-74
1.2178e-74
1.1335e-74
1.055e-74
9.8191e-75
9.1388e-75
8.5054e-75
7.9159e-75
7.367e-75
6.8562e-75
6.3806e-75
5.9379e-75
5.5259e-75
5.1424e-75
4.7854e-75
4.4531e-75
4.1438e-75
3.856e-75
3.588e-75
3.3387e-75
3.1066e-75
2.8906e-75
2.6896e-75
2.5025e-75
2.3284e-75
2.1664e-75
2.0156e-75
1.8753e-75
1.7447e-75
1.6232e-75
1.5101e-75
1.4049e-75
1.307e-75
1.2159e-75
1.1311e-75
1.0523e-75
9.7887e-76
9.1058e-76
8.4704e-76
7.8792e-76
7.3292e-76
6.8174e-76
6.3413e-76
5.8983e-76
5.4862e-76
5.1028e-76
4.7462e-76
4.4143e-76
4.1057e-76
3.8185e-76
3.5514e-76
3.3029e-76
3.0717e-76
2.8567e-76
2.6567e-76
2.4706e-76
2.2976e-76
2.1366e-76
1.9869e-76
1.8476e-76
1.7181e-76
1.5976e-76
1.4855e-76
1.3813e-76
1.2844e-76
1.1943e-76
1.1104e-76
1.0325e-76
9.5997e-77
8.9254e-77
8.2983e-77
7.7152e-77
7.1729e-77
6.6687e-77
6.1998e-77
5.7637e-77
5.3583e-77
4.9813e-77
4.6307e-77
4.3048e-77
4.0017e-77
3.7199e-77
3.4579e-77
3.2143e-77
2.9878e-77
2.7772e-77
2.5814e-77
2.3994e-77
2.2302e-77
2.0729e-77
1.9267e-77
1.7907e-77
1.6643e-77
1.5468e-77
1.4376e-77
1.336e-77
1.2417e-77
1.1539e-77
1.0724e-77
9.9658e-78
9.2612e-78
8.6063e-78
7.9976e-78
7.4318e-78
6.9059e-78
6.4171e-78
5.9628e-78
5.5406e-78
5.1482e-78
4.7836e-78
4.4446e-78
4.1297e-78
3.837e-78
3.5649e-78
3.3121e-78
3.0772e-78
2.8589e-78
2.6561e-78
2.4676e-78
2.2924e-78
2.1297e-78
1.9784e-78
1.8379e-78
1.7073e-78
1.586e-78
1.4733e-78
1.3685e-78
1.2712e-78
1.1808e-78
1.0968e-78
1.0188e-78
9.463e-79
8.7894e-79
8.1637e-79
7.5823e-79
7.0423e-79
6.5406e-79
6.0746e-79
5.6417e-79
5.2395e-79
4.866e-79
4.519e-79
4.1966e-79
3.8973e-79
3.6192e-79
3.3609e-79
3.1209e-79
2.8981e-79
2.6911e-79
2.4989e-79
2.3204e-79
2.1546e-79
2.0006e-79
1.8575e-79
1.7247e-79
1.6014e-79
1.4868e-79
1.3804e-79
1.2816e-79
1.1899e-79
1.1047e-79
1.0256e-79
9.5214e-80
8.8393e-80
8.206e-80
7.6179e-80
7.0718e-80
6.5647e-80
6.094e-80
5.6569e-80
5.251e-80
4.8742e-80
4.5244e-80
4.1996e-80
3.898e-80
3.6181e-80
3.3582e-80
3.1169e-80
2.8929e-80
2.685e-80
2.492e-80
2.3128e-80
2.1465e-80
1.992e-80
1.8487e-80
1.7157e-80
1.5922e-80
1.4775e-80
1.3711e-80
1.2724e-80
1.1807e-80
1.0956e-80
1.0167e-80
9.434e-81
8.7538e-81
8.1225e-81
7.5367e-81
6.9929e-81
6.4883e-81
6.02e-81
5.5855e-81
5.1822e-81
4.8079e-81
4.4606e-81
4.1384e-81
3.8393e-81
3.5618e-81
3.3043e-81
3.0654e-81
2.8437e-81
2.638e-81
2.4471e-81
2.27e-81
2.1057e-81
1.9533e-81
1.8118e-81
1.6806e-81
1.5589e-81
1.4459e-81
1.3411e-81
1.2439e-81
1.1537e-81
1.0701e-81
9.9246e-82
9.2046e-82
8.5367e-82
7.9171e-82
7.3424e-82
6.8093e-82
6.3148e-82
5.8562e-82
5.4307e-82
5.0361e-82
4.6701e-82
4.3306e-82
4.0157e-82
3.7237e-82
3.4528e-82
3.2016e-82
2.9687e-82
2.7526e-82
2.5522e-82
2.3664e-82
2.194e-82
2.0342e-82
1.886e-82
1.7486e-82
1.6211e-82
1.5029e-82
1.3934e-82
1.2917e-82
1.1975e-82
1.1101e-82
1.0291e-82
9.5401e-83
8.8436e-83
8.1978e-83
7.5991e-83
7.044e-83
6.5293e-83
6.0521e-83
5.6098e-83
5.1996e-83
4.8194e-83
4.4669e-83
4.1402e-83
3.8372e-83
3.5564e-83
3.2961e-83
3.0548e-83
2.8311e-83
2.6237e-83
2.4315e-83
2.2533e-83
2.0882e-83
1.9351e-83
1.7932e-83
1.6617e-83
1.5399e-83
1.4269e-83
1.3222e-83
1.2252e-83
1.1352e-83
1.0519e-83
9.7462e-84
9.0304e-84
8.3669e-84
7.7521e-84
7.1824e-84
6.6544e-84
6.1651e-84
5.7118e-84
5.2916e-84
4.9023e-84
4.5416e-84
4.2073e-84
3.8976e-84
3.6106e-84
3.3447e-84
3.0984e-84
2.8701e-84
2.6586e-84
2.4627e-84
2.2811e-84
2.1129e-84
1.9571e-84
1.8127e-84
1.679e-84
1.5551e-84
1.4403e-84
1.334e-84
1.2355e-84
1.1443e-84
1.0597e-84
9.8144e-85
9.0891e-85
8.4173e-85
7.7951e-85
7.2187e-85
6.6848e-85
6.1904e-85
5.7324e-85
5.3082e-85
4.9153e-85
4.5514e-85
4.2144e-85
3.9023e-85
3.6132e-85
3.3455e-85
3.0976e-85
2.868e-85
2.6554e-85
2.4585e-85
2.2762e-85
2.1073e-85
1.951e-85
1.8062e-85
1.6721e-85
1.548e-85
1.4331e-85
1.3266e-85
1.2281e-85
1.1369e-85
1.0524e-85
9.7415e-86
9.0173e-86
8.3468e-86
7.7261e-86
7.1514e-86
6.6193e-86
6.1267e-86
5.6707e-86
5.2485e-86
4.8577e-86
4.496e-86
4.1611e-86
3.851e-86
3.5641e-86
3.2984e-86
3.0525e-86
2.8249e-86
2.6142e-86
2.4192e-86
2.2387e-86
2.0717e-86
1.9171e-86
1.7739e-86
1.6415e-86
1.5189e-86
1.4054e-86
1.3004e-86
1.2033e-86
1.1133e-86
1.0301e-86
9.5308e-87
8.818e-87
8.1584e-87
7.548e-87
6.9832e-87
6.4606e-87
5.9769e-87
5.5294e-87
5.1153e-87
4.7321e-87
4.3776e-87
4.0496e-87
3.7461e-87
3.4652e-87
3.2054e-87
2.965e-87
2.7426e-87
2.5369e-87
2.3465e-87
2.1704e-87
2.0075e-87
1.8568e-87
1.7173e-87
1.5883e-87
1.469e-87
1.3586e-87
1.2565e-87
1.1621e-87
1.0747e-87
9.9386e-88
9.1911e-88
8.4997e-88
7.8601e-88
7.2685e-88
6.7214e-88
6.2153e-88
5.7473e-88
5.3144e-88
4.9141e-88
4.5438e-88
4.2014e-88
3.8847e-88
3.5918e-88
3.3209e-88
3.0705e-88
2.8388e-88
2.6246e-88
2.4266e-88
2.2434e-88
2.074e-88
1.9174e-88
1.7726e-88
1.6387e-88
1.5149e-88
1.4004e-88
1.2945e-88
1.1967e-88
1.1062e-88
1.0225e-88
9.4518e-89
8.7366e-89
8.0755e-89
7.4643e-89
6.8992e-89
6.3768e-89
5.8938e-89
5.4474e-89
5.0347e-89
4.6531e-89
4.3005e-89
3.9745e-89
3.6731e-89
3.3945e-89
3.1371e-89
2.8991e-89
2.6791e-89
2.4757e-89
2.2878e-89
2.1141e-89
1.9535e-89
1.8052e-89
1.668e-89
1.5413e-89
1.4241e-89
1.3159e-89
1.2158e-89
1.1234e-89
1.0379e-89
9.5897e-90
8.86e-90
8.1857e-90
7.5626e-90
6.9869e-90
6.4548e-90
5.9632e-90
5.5089e-90
5.0892e-90
4.7013e-90
4.343e-90
4.0119e-90
3.706e-90
3.4233e-90
3.1622e-90
2.9209e-90
2.698e-90
2.4921e-90
2.3018e-90
2.1261e-90
1.9637e-90
1.8137e-90
1.6751e-90
1.5471e-90
1.4289e-90
1.3197e-90
1.2188e-90
1.1256e-90
1.0395e-90
9.5994e-91
8.8648e-91
8.1864e-91
7.5597e-91
6.9809e-91
6.4463e-91
5.9526e-91
5.4966e-91
5.0754e-91
4.6864e-91
4.3272e-91
3.9955e-91
3.6891e-91
3.4061e-91
3.1449e-91
2.9036e-91
2.6807e-91
2.475e-91
2.285e-91
2.1095e-91
1.9475e-91
1.7979e-91
1.6598e-91
1.5322e-91
1.4145e-91
1.3057e-91
1.2053e-91
1.1126e-91
1.0271e-91
9.4804e-92
8.7509e-92
8.0774e-92
7.4556e-92
6.8816e-92
6.3517e-92
5.8625e-92
5.4108e-92
4.9939e-92
4.609e-92
4.2538e-92
3.9258e-92
3.6231e-92
3.3437e-92
3.0857e-92
2.8477e-92
2.6279e-92
2.4251e-92
2.2379e-92
2.0651e-92
1.9056e-92
1.7584e-92
1.6225e-92
1.4972e-92
1.3814e-92
1.2746e-92
1.1761e-92
1.0851e-92
1.0012e-92
9.2376e-93
8.5228e-93
7.8632e-93
7.2545e-93
6.6929e-93
6.1746e-93
5.6964e-93
5.2551e-93
4.8479e-93
4.4722e-93
4.1256e-93
3.8058e-93
3.5107e-93
3.2384e-93
2.9872e-93
2.7554e-93
2.5416e-93
2.3443e-93
2.1624e-93
1.9945e-93
1.8396e-93
1.6967e-93
1.5649e-93
1.4433e-93
1.3311e-93
1.2276e-93
1.1322e-93
1.0442e-93
9.6295e-94
8.8804e-94
8.1895e-94
7.5522e-94
6.9643e-94
6.4221e-94
5.9221e-94
5.4609e-94
5.0355e-94
4.6432e-94
4.2814e-94
3.9477e-94
3.64e-94
3.3561e-94
3.0944e-94
2.8531e-94
2.6305e-94
2.4252e-94
2.236e-94
2.0614e-94
1.9005e-94
1.7521e-94
1.6152e-94
1.4891e-94
1.3727e-94
1.2655e-94
1.1665e-94
1.0754e-94
9.9127e-95
9.1375e-95
8.4227e-95
7.7638e-95
7.1563e-95
6.5962e-95
6.0799e-95
5.6038e-95
5.165e-95
4.7605e-95
4.3875e-95
4.0438e-95
3.7269e-95
3.4347e-95
3.1655e-95
2.9173e-95
2.6885e-95
2.4776e-95
2.2832e-95
2.104e-95
1.9389e-95
1.7867e-95
1.6464e-95
1.5171e-95
1.398e-95
1.2881e-95
1.1869e-95
1.0936e-95
1.0077e-95
9.2845e-96
8.5545e-96
7.8817e-96
7.2617e-96
6.6903e-96
6.1639e-96
5.6787e-96
5.2317e-96
4.8197e-96
4.4402e-96
4.0904e-96
3.7682e-96
3.4713e-96
3.1977e-96
2.9456e-96
2.7134e-96
2.4994e-96
2.3023e-96
2.1207e-96
1.9534e-96
1.7992e-96
1.6572e-96
1.5264e-96
1.4059e-96
1.2948e-96
1.1926e-96
1.0983e-96
1.0116e-96
9.3161e-97
8.5797e-97
7.9014e-97
7.2766e-97
6.7011e-97
6.171e-97
5.6827e-97
5.233e-97
4.8188e-97
4.4373e-97
4.086e-97
3.7624e-97
3.4644e-97
3.1899e-97
2.9371e-97
2.7044e-97
2.49e-97
2.2926e-97
2.1108e-97
1.9434e-97
1.7892e-97
1.6472e-97
1.5165e-97
1.3962e-97
1.2853e-97
1.1833e-97
1.0893e-97
1.0028e-97
9.231e-98
8.4975e-98
7.8222e-98
7.2004e-98
6.6279e-98
6.1009e-98
5.6157e-98
5.1689e-98
4.7577e-98
4.3791e-98
4.0305e-98
3.7097e-98
3.4143e-98
3.1424e-98
2.8921e-98
2.6617e-98
2.4496e-98
2.2544e-98
2.0747e-98
1.9093e-98
1.757e-98
1.6169e-98
1.4879e-98
1.3692e-98
1.2599e-98
1.1594e-98
1.0668e-98
9.8164e-99
9.0324e-99
8.311e-99
7.647e-99
7.036e-99
6.4737e-99
5.9562e-99
5.4801e-99
5.0419e-99
4.6386e-99
4.2676e-99
3.9261e-99
3.612e-99
3.3229e-99
3.0569e-99
2.8121e-99
2.5869e-99
2.3797e-99
2.1891e-99
2.0137e-99
1.8523e-99
1.7038e-99
1.5672e-99
1.4416e-99
1.326e-99
1.2196e-99
1.1218e-99
1.0317e-99
9.4894e-100
8.7277e-100
8.027e-100
7.3824e-100
6.7895e-100
6.2441e-100
5.7424e-100
5.2809e-100
4.8565e-100
4.4661e-100
4.107e-100
3.7767e-100
3.4729e-100
3.1935e-100
2.9366e-100
2.7002e-100
2.4829e-100
2.283e-100
2.0991e-100
1.9301e-100
1.7746e-100
1.6316e-100
1.5002e-100
1.3793e-100
1.2681e-100
1.1658e-100
1.0718e-100
9.8537e-101
9.0588e-101
8.3279e-101
7.6558e-101
7.0379e-101
6.4697e-101
5.9473e-101
5.467e-101
5.0254e-101
4.6194e-101
4.2462e-101
3.903e-101
3.5875e-101
3.2975e-101
3.0308e-101
2.7857e-101
2.5604e-101
2.3532e-101
2.1628e-101
1.9877e-101
1.8268e-101
1.6789e-101
1.543e-101
1.418e-101
1.3031e-101
1.1975e-101
1.1005e-101
1.0113e-101
9.2931e-102
8.5396e-102
7.847e-102
7.2105e-102
6.6256e-102
6.088e-102
5.5939e-102
5.1398e-102
4.7225e-102
4.3391e-102
3.9867e-102
3.6628e-102
3.3652e-102
3.0918e-102
2.8405e-102
2.6096e-102
2.3974e-102
2.2025e-102
2.0233e-102
1.8587e-102
1.7075e-102
1.5685e-102
1.4409e-102
1.3236e-102
1.2158e-102
1.1168e-102
1.0258e-102
9.4226e-103
8.6549e-103
7.9495e-103
7.3016e-103
6.7063e-103
6.1595e-103
5.6571e-103
5.1957e-103
4.7718e-103
4.3824e-103
4.0248e-103
3.6962e-103
3.3945e-103
3.1173e-103
2.8627e-103
2.6288e-103
2.414e-103
2.2168e-103
2.0356e-103
1.8692e-103
1.7164e-103
1.576e-103
1.4471e-103
1.3287e-103
1.22e-103
1.1202e-103
1.0285e-103
9.4429e-104
8.6697e-104
7.9597e-104
7.3078e-104
6.7091e-104
6.1594e-104
5.6546e-104
5.1911e-104
4.7655e-104
4.3748e-104
4.016e-104
3.6866e-104
3.3841e-104
3.1064e-104
2.8515e-104
2.6174e-104
2.4025e-104
2.2052e-104
2.0241e-104
1.8579e-104
1.7052e-104
1.5651e-104
1.4365e-104
1.3184e-104
1.21e-104
1.1105e-104
1.0192e-104
9.3532e-105
8.5836e-105
7.8773e-105
7.2289e-105
6.6338e-105
6.0876e-105
5.5863e-105
5.1262e-105
4.7039e-105
4.3163e-105
3.9606e-105
3.6342e-105
3.3346e-105
3.0596e-105
2.8073e-105
2.5758e-105
2.3633e-105
2.1683e-105
1.9893e-105
1.8251e-105
1.6744e-105
1.5362e-105
1.4093e-105
1.2929e-105
1.1861e-105
1.0881e-105
9.9816e-106
9.1566e-106
8.3995e-106
7.705e-106
7.0678e-106
6.4831e-106
5.9468e-106
5.4547e-106
5.0032e-106
4.5891e-106
4.2091e-106
3.8606e-106
3.5409e-106
3.2476e-106
2.9785e-106
2.7317e-106
2.5053e-106
2.2976e-106
2.1071e-106
1.9324e-106
1.7721e-106
1.6251e-106
1.4903e-106
1.3666e-106
1.2532e-106
1.1492e-106
1.0537e-106
9.6624e-107
8.8598e-107
8.1238e-107
7.4489e-107
6.8298e-107
6.2622e-107
5.7416e-107
5.2642e-107
4.8264e-107
4.425e-107
4.0569e-107
3.7193e-107
3.4098e-107
3.126e-107
2.8658e-107
2.6272e-107
2.4084e-107
2.2078e-107
2.0239e-107
1.8552e-107
1.7006e-107
1.5589e-107
1.4289e-107
1.3098e-107
1.2006e-107
1.1004e-107
1.0086e-107
9.2446e-108
8.4732e-108
7.766e-108
7.1177e-108
6.5234e-108
5.9786e-108
5.4793e-108
5.0216e-108
4.6021e-108
4.2175e-108
3.865e-108
3.542e-108
3.2459e-108
2.9745e-108
2.7258e-108
2.4979e-108
2.289e-108
2.0975e-108
1.9221e-108
1.7613e-108
1.614e-108
1.479e-108
1.3553e-108
1.242e-108
1.1381e-108
1.043e-108
9.5587e-109
8.7605e-109
8.0293e-109
7.3596e-109
6.7464e-109
6.1849e-109
5.6709e-109
5.2003e-109
4.7698e-109
4.3759e-109
4.0156e-109
3.6863e-109
3.3853e-109
3.1104e-109
2.8594e-109
2.6306e-109
2.422e-109
2.2322e-109
2.0597e-109
1.9031e-109
1.7613e-109
1.6332e-109
1.5178e-109
1.4143e-109
1.3218e-109
1.2397e-109
1.1673e-109
1.1041e-109
1.0497e-109
1.0036e-109
9.6553e-110
9.352e-110
9.1239e-110
8.9696e-110
8.8883e-110
8.8797e-110
