1.1148e-07
1.1131e-07
1.1115e-07
1.1098e-07
1.1082e-07
1.1065e-07
1.1049e-07
1.1033e-07
1.1016e-07
1.1e-07
1.0984e-07
1.0968e-07
1.0951e-07
1.0935e-07
1.0919e-07
1.0903e-07
1.0887e-07
1.087e-07
1.0854e-07
1.0838e-07
1.0822e-07
1.0806e-07
1.079e-07
1.0774e-07
1.0758e-07
1.0742e-07
1.0726e-07
1.071e-07
1.0694e-07
1.0678e-07
1.0662e-07
1.0646e-07
1.063e-07
1.0615e-07
1.0599e-07
1.0583e-07
1.0567e-07
1.0551e-07
1.0536e-07
1.052e-07
1.0504e-07
1.0488e-07
1.0473e-07
1.0457e-07
1.0441e-07
1.0426e-07
1.041e-07
1.0395e-07
1.0379e-07
1.0363e-07
1.0348e-07
1.0332e-07
1.0317e-07
1.0301e-07
1.0286e-07
1.027e-07
1.0255e-07
1.024e-07
1.0224e-07
1.0209e-07
1.0194e-07
1.0178e-07
1.0163e-07
1.0148e-07
1.0132e-07
1.0117e-07
1.0102e-07
1.0087e-07
1.0071e-07
1.0056e-07
1.0041e-07
1.0026e-07
1.0011e-07
9.9956e-08
9.9805e-08
9.9654e-08
9.9504e-08
9.9353e-08
9.9203e-08
9.9053e-08
9.8903e-08
9.8754e-08
9.8604e-08
9.8455e-08
9.8305e-08
9.8156e-08
9.8008e-08
9.7859e-08
9.7711e-08
9.7562e-08
9.7414e-08
9.7266e-08
9.7118e-08
9.6971e-08
9.6824e-08
9.6676e-08
9.6529e-08
9.6382e-08
9.6236e-08
9.6089e-08
9.5943e-08
9.5797e-08
9.5651e-08
9.5505e-08
9.5359e-08
9.5214e-08
9.5069e-08
9.4924e-08
9.4779e-08
9.4634e-08
9.4489e-08
9.4345e-08
9.4201e-08
9.4057e-08
9.3913e-08
9.3769e-08
9.3626e-08
9.3482e-08
9.3339e-08
9.3196e-08
9.3053e-08
9.2911e-08
9.2768e-08
9.2626e-08
9.2484e-08
9.2342e-08
9.22e-08
9.2059e-08
9.1917e-08
9.1776e-08
9.1635e-08
9.1494e-08
9.1353e-08
9.1213e-08
9.1072e-08
9.0932e-08
9.0792e-08
9.0652e-08
9.0512e-08
9.0373e-08
9.0234e-08
9.0094e-08
8.9955e-08
8.9816e-08
8.9678e-08
8.9539e-08
8.9401e-08
8.9263e-08
8.9125e-08
8.8987e-08
8.8849e-08
8.8712e-08
8.8575e-08
8.8437e-08
8.83e-08
8.8164e-08
8.8027e-08
8.7891e-08
8.7754e-08
8.7618e-08
8.7482e-08
8.7346e-08
8.7211e-08
8.7075e-08
8.694e-08
8.6805e-08
8.667e-08
8.6535e-08
8.64e-08
8.6266e-08
8.6132e-08
8.5998e-08
8.5864e-08
8.573e-08
8.5596e-08
8.5463e-08
8.533e-08
8.5196e-08
8.5064e-08
8.4931e-08
8.4798e-08
8.4666e-08
8.4533e-08
8.4401e-08
8.4269e-08
8.4138e-08
8.4006e-08
8.3874e-08
8.3743e-08
8.3612e-08
8.3481e-08
8.335e-08
8.322e-08
8.3089e-08
8.2959e-08
8.2829e-08
8.2699e-08
8.2569e-08
8.2439e-08
8.231e-08
8.218e-08
8.2051e-08
8.1922e-08
8.1793e-08
8.1665e-08
8.1536e-08
8.1408e-08
8.128e-08
8.1152e-08
8.1024e-08
8.0896e-08
8.0768e-08
8.0641e-08
8.0514e-08
8.0387e-08
8.026e-08
8.0133e-08
8.0007e-08
7.988e-08
7.9754e-08
7.9628e-08
7.9502e-08
7.9376e-08
7.925e-08
7.9125e-08
7.9e-08
7.8875e-08
7.875e-08
7.8625e-08
7.85e-08
7.8376e-08
7.8251e-08
7.8127e-08
7.8003e-08
7.7879e-08
7.7756e-08
7.7632e-08
7.7509e-08
7.7385e-08
7.7262e-08
7.7139e-08
7.7017e-08
7.6894e-08
7.6772e-08
7.6649e-08
7.6527e-08
7.6405e-08
7.6283e-08
7.6162e-08
7.604e-08
7.5919e-08
7.5798e-08
7.5677e-08
7.5556e-08
7.5435e-08
7.5314e-08
7.5194e-08
7.5074e-08
7.4954e-08
7.4834e-08
7.4714e-08
7.4594e-08
7.4475e-08
7.4356e-08
7.4236e-08
7.4117e-08
7.3998e-08
7.388e-08
7.3761e-08
7.3643e-08
7.3525e-08
7.3406e-08
7.3289e-08
7.3171e-08
7.3053e-08
7.2936e-08
7.2818e-08
7.2701e-08
7.2584e-08
7.2467e-08
7.2351e-08
7.2234e-08
7.2118e-08
7.2001e-08
7.1885e-08
7.1769e-08
7.1653e-08
7.1538e-08
7.1422e-08
7.1307e-08
7.1192e-08
7.1077e-08
7.0962e-08
7.0847e-08
7.0732e-08
7.0618e-08
7.0504e-08
7.039e-08
7.0276e-08
7.0162e-08
7.0048e-08
6.9935e-08
6.9821e-08
6.9708e-08
6.9595e-08
6.9482e-08
6.9369e-08
6.9256e-08
6.9144e-08
6.9032e-08
6.8919e-08
6.8807e-08
6.8695e-08
6.8584e-08
6.8472e-08
6.8361e-08
6.8249e-08
6.8138e-08
6.8027e-08
6.7916e-08
6.7806e-08
6.7695e-08
6.7585e-08
6.7474e-08
6.7364e-08
6.7254e-08
6.7144e-08
6.7035e-08
6.6925e-08
6.6816e-08
6.6706e-08
6.6597e-08
6.6488e-08
6.638e-08
6.6271e-08
6.6162e-08
6.6054e-08
6.5946e-08
6.5838e-08
6.573e-08
6.5622e-08
6.5514e-08
6.5407e-08
6.5299e-08
6.5192e-08
6.5085e-08
6.4978e-08
6.4871e-08
6.4765e-08
6.4658e-08
6.4552e-08
6.4446e-08
6.434e-08
6.4234e-08
6.4128e-08
6.4022e-08
6.3917e-08
6.3811e-08
6.3706e-08
6.3601e-08
6.3496e-08
6.3391e-08
6.3287e-08
6.3182e-08
6.3078e-08
6.2974e-08
6.287e-08
6.2766e-08
6.2662e-08
6.2558e-08
6.2455e-08
6.2351e-08
6.2248e-08
6.2145e-08
6.2042e-08
6.1939e-08
6.1837e-08
6.1734e-08
6.1632e-08
6.153e-08
6.1427e-08
6.1325e-08
6.1224e-08
6.1122e-08
6.102e-08
6.0919e-08
6.0818e-08
6.0717e-08
6.0616e-08
6.0515e-08
6.0414e-08
6.0314e-08
6.0213e-08
6.0113e-08
6.0013e-08
5.9913e-08
5.9813e-08
5.9713e-08
5.9613e-08
5.9514e-08
5.9415e-08
5.9315e-08
5.9216e-08
5.9117e-08
5.9019e-08
5.892e-08
5.8822e-08
5.8723e-08
5.8625e-08
5.8527e-08
5.8429e-08
5.8331e-08
5.8233e-08
5.8136e-08
5.8038e-08
5.7941e-08
5.7844e-08
5.7747e-08
5.765e-08
5.7553e-08
5.7457e-08
5.736e-08
5.7264e-08
5.7168e-08
5.7072e-08
5.6976e-08
5.688e-08
5.6785e-08
5.6689e-08
5.6594e-08
5.6498e-08
5.6403e-08
5.6308e-08
5.6213e-08
5.6119e-08
5.6024e-08
5.593e-08
5.5835e-08
5.5741e-08
5.5647e-08
5.5553e-08
5.546e-08
5.5366e-08
5.5272e-08
5.5179e-08
5.5086e-08
5.4993e-08
5.49e-08
5.4807e-08
5.4714e-08
5.4621e-08
5.4529e-08
5.4437e-08
5.4345e-08
5.4252e-08
5.4161e-08
5.4069e-08
5.3977e-08
5.3886e-08
5.3794e-08
5.3703e-08
5.3612e-08
5.3521e-08
5.343e-08
5.3339e-08
5.3249e-08
5.3158e-08
5.3068e-08
5.2977e-08
5.2887e-08
5.2797e-08
5.2708e-08
5.2618e-08
5.2528e-08
5.2439e-08
5.235e-08
5.226e-08
5.2171e-08
5.2082e-08
5.1994e-08
5.1905e-08
5.1816e-08
5.1728e-08
5.164e-08
5.1551e-08
5.1463e-08
5.1376e-08
5.1288e-08
5.12e-08
5.1113e-08
5.1025e-08
5.0938e-08
5.0851e-08
5.0764e-08
5.0677e-08
5.059e-08
5.0504e-08
5.0417e-08
5.0331e-08
5.0244e-08
5.0158e-08
5.0072e-08
4.9986e-08
4.9901e-08
4.9815e-08
4.973e-08
4.9644e-08
4.9559e-08
4.9474e-08
4.9389e-08
4.9304e-08
4.9219e-08
4.9135e-08
4.905e-08
4.8966e-08
4.8882e-08
4.8798e-08
4.8714e-08
4.863e-08
4.8546e-08
4.8462e-08
4.8379e-08
4.8296e-08
4.8212e-08
4.8129e-08
4.8046e-08
4.7963e-08
4.7881e-08
4.7798e-08
4.7716e-08
4.7633e-08
4.7551e-08
4.7469e-08
4.7387e-08
4.7305e-08
4.7223e-08
4.7142e-08
4.706e-08
4.6979e-08
4.6897e-08
4.6816e-08
4.6735e-08
4.6654e-08
4.6574e-08
4.6493e-08
4.6413e-08
4.6332e-08
4.6252e-08
4.6172e-08
4.6092e-08
4.6012e-08
4.5932e-08
4.5852e-08
4.5773e-08
4.5693e-08
4.5614e-08
4.5535e-08
4.5456e-08
4.5377e-08
4.5298e-08
4.5219e-08
4.5141e-08
4.5062e-08
4.4984e-08
4.4906e-08
4.4828e-08
4.475e-08
4.4672e-08
4.4594e-08
4.4516e-08
4.4439e-08
4.4362e-08
4.4284e-08
4.4207e-08
4.413e-08
4.4053e-08
4.3977e-08
4.39e-08
4.3823e-08
4.3747e-08
4.3671e-08
4.3594e-08
4.3518e-08
4.3442e-08
4.3367e-08
4.3291e-08
4.3215e-08
4.314e-08
4.3065e-08
4.2989e-08
4.2914e-08
4.2839e-08
4.2764e-08
4.269e-08
4.2615e-08
4.254e-08
4.2466e-08
4.2392e-08
4.2318e-08
4.2243e-08
4.217e-08
4.2096e-08
4.2022e-08
4.1948e-08
4.1875e-08
4.1802e-08
4.1728e-08
4.1655e-08
4.1582e-08
4.1509e-08
4.1437e-08
4.1364e-08
4.1291e-08
4.1219e-08
4.1147e-08
4.1075e-08
4.1002e-08
4.093e-08
4.0859e-08
4.0787e-08
4.0715e-08
4.0644e-08
4.0572e-08
4.0501e-08
4.043e-08
4.0359e-08
4.0288e-08
4.0217e-08
4.0147e-08
4.0076e-08
4.0006e-08
3.9935e-08
3.9865e-08
3.9795e-08
3.9725e-08
3.9655e-08
3.9585e-08
3.9516e-08
3.9446e-08
3.9377e-08
3.9307e-08
3.9238e-08
3.9169e-08
3.91e-08
3.9031e-08
3.8963e-08
3.8894e-08
3.8825e-08
3.8757e-08
3.8689e-08
3.8621e-08
3.8552e-08
3.8485e-08
3.8417e-08
3.8349e-08
3.8281e-08
3.8214e-08
3.8146e-08
3.8079e-08
3.8012e-08
3.7945e-08
3.7878e-08
3.7811e-08
3.7745e-08
3.7678e-08
3.7611e-08
3.7545e-08
3.7479e-08
3.7413e-08
3.7347e-08
3.7281e-08
3.7215e-08
3.7149e-08
3.7084e-08
3.7018e-08
3.6953e-08
3.6888e-08
3.6822e-08
3.6757e-08
3.6692e-08
3.6628e-08
3.6563e-08
3.6498e-08
3.6434e-08
3.637e-08
3.6305e-08
3.6241e-08
3.6177e-08
3.6113e-08
3.6049e-08
3.5986e-08
3.5922e-08
3.5859e-08
3.5795e-08
3.5732e-08
3.5669e-08
3.5606e-08
3.5543e-08
3.548e-08
3.5417e-08
3.5355e-08
3.5292e-08
3.523e-08
3.5168e-08
3.5106e-08
3.5044e-08
3.4982e-08
3.492e-08
3.4858e-08
3.4796e-08
3.4735e-08
3.4674e-08
3.4612e-08
3.4551e-08
3.449e-08
3.4429e-08
3.4368e-08
3.4308e-08
3.4247e-08
3.4186e-08
3.4126e-08
3.4066e-08
3.4006e-08
3.3945e-08
3.3886e-08
3.3826e-08
3.3766e-08
3.3706e-08
3.3647e-08
3.3587e-08
3.3528e-08
3.3469e-08
3.341e-08
3.3351e-08
3.3292e-08
3.3233e-08
3.3174e-08
3.3116e-08
3.3057e-08
3.2999e-08
3.2941e-08
3.2883e-08
3.2825e-08
3.2767e-08
3.2709e-08
3.2651e-08
3.2594e-08
3.2536e-08
3.2479e-08
3.2422e-08
3.2364e-08
3.2307e-08
3.225e-08
3.2194e-08
3.2137e-08
3.208e-08
3.2024e-08
3.1967e-08
3.1911e-08
3.1855e-08
3.1799e-08
3.1743e-08
3.1687e-08
3.1631e-08
3.1575e-08
3.152e-08
3.1464e-08
3.1409e-08
3.1354e-08
3.1299e-08
3.1244e-08
3.1189e-08
3.1134e-08
3.1079e-08
3.1025e-08
3.097e-08
3.0916e-08
3.0862e-08
3.0807e-08
3.0753e-08
3.0699e-08
3.0646e-08
3.0592e-08
3.0538e-08
3.0485e-08
3.0431e-08
3.0378e-08
3.0325e-08
3.0272e-08
3.0219e-08
3.0166e-08
3.0113e-08
3.006e-08
3.0008e-08
2.9955e-08
2.9903e-08
2.9851e-08
2.9798e-08
2.9746e-08
2.9694e-08
2.9643e-08
2.9591e-08
2.9539e-08
2.9488e-08
2.9436e-08
2.9385e-08
2.9334e-08
2.9283e-08
2.9232e-08
2.9181e-08
2.913e-08
2.9079e-08
2.9029e-08
2.8978e-08
2.8928e-08
2.8878e-08
2.8828e-08
2.8778e-08
2.8728e-08
2.8678e-08
2.8628e-08
2.8578e-08
2.8529e-08
2.848e-08
2.843e-08
2.8381e-08
2.8332e-08
2.8283e-08
2.8234e-08
2.8185e-08
2.8137e-08
2.8088e-08
2.804e-08
2.7991e-08
2.7943e-08
2.7895e-08
2.7847e-08
2.7799e-08
2.7751e-08
2.7703e-08
2.7656e-08
2.7608e-08
2.7561e-08
2.7513e-08
2.7466e-08
2.7419e-08
2.7372e-08
2.7325e-08
2.7279e-08
2.7232e-08
2.7185e-08
2.7139e-08
2.7092e-08
2.7046e-08
2.7e-08
2.6954e-08
2.6908e-08
2.6862e-08
2.6816e-08
2.6771e-08
2.6725e-08
2.668e-08
2.6635e-08
2.6589e-08
2.6544e-08
2.6499e-08
2.6454e-08
2.641e-08
2.6365e-08
2.632e-08
2.6276e-08
2.6232e-08
2.6187e-08
2.6143e-08
2.6099e-08
2.6055e-08
2.6011e-08
2.5968e-08
2.5924e-08
2.588e-08
2.5837e-08
2.5794e-08
2.575e-08
2.5707e-08
2.5664e-08
2.5621e-08
2.5579e-08
2.5536e-08
2.5493e-08
2.5451e-08
2.5409e-08
2.5366e-08
2.5324e-08
2.5282e-08
2.524e-08
2.5198e-08
2.5157e-08
2.5115e-08
2.5073e-08
2.5032e-08
2.4991e-08
2.495e-08
2.4908e-08
2.4867e-08
2.4827e-08
2.4786e-08
2.4745e-08
2.4704e-08
2.4664e-08
2.4624e-08
2.4583e-08
2.4543e-08
2.4503e-08
2.4463e-08
2.4423e-08
2.4384e-08
2.4344e-08
2.4305e-08
2.4265e-08
2.4226e-08
2.4187e-08
2.4148e-08
2.4109e-08
2.407e-08
2.4031e-08
2.3992e-08
2.3954e-08
2.3915e-08
2.3877e-08
2.3839e-08
2.3801e-08
2.3763e-08
2.3725e-08
2.3687e-08
2.3649e-08
2.3611e-08
2.3574e-08
2.3537e-08
2.3499e-08
2.3462e-08
2.3425e-08
2.3388e-08
2.3351e-08
2.3314e-08
2.3278e-08
2.3241e-08
2.3205e-08
2.3169e-08
2.3132e-08
2.3096e-08
2.306e-08
2.3024e-08
2.2989e-08
2.2953e-08
2.2917e-08
2.2882e-08
2.2847e-08
2.2811e-08
2.2776e-08
2.2741e-08
2.2706e-08
2.2671e-08
2.2637e-08
2.2602e-08
2.2568e-08
2.2533e-08
2.2499e-08
2.2465e-08
2.2431e-08
2.2397e-08
2.2363e-08
2.2329e-08
2.2296e-08
2.2262e-08
2.2229e-08
2.2195e-08
2.2162e-08
2.2129e-08
2.2096e-08
2.2063e-08
2.2031e-08
2.1998e-08
2.1965e-08
2.1933e-08
2.1901e-08
2.1869e-08
2.1836e-08
2.1804e-08
2.1773e-08
2.1741e-08
2.1709e-08
2.1678e-08
2.1646e-08
2.1615e-08
2.1584e-08
2.1553e-08
2.1522e-08
2.1491e-08
2.146e-08
2.1429e-08
2.1399e-08
2.1368e-08
2.1338e-08
2.1308e-08
2.1278e-08
2.1248e-08
2.1218e-08
2.1188e-08
2.1158e-08
2.1129e-08
2.1099e-08
2.107e-08
2.1041e-08
2.1012e-08
2.0983e-08
2.0954e-08
2.0925e-08
2.0897e-08
2.0868e-08
2.084e-08
2.0811e-08
2.0783e-08
2.0755e-08
2.0727e-08
2.0699e-08
2.0672e-08
2.0644e-08
2.0616e-08
2.0589e-08
2.0562e-08
2.0535e-08
2.0507e-08
2.0481e-08
2.0454e-08
2.0427e-08
2.04e-08
2.0374e-08
2.0348e-08
2.0321e-08
2.0295e-08
2.0269e-08
2.0243e-08
2.0217e-08
2.0192e-08
2.0166e-08
2.0141e-08
2.0115e-08
2.009e-08
2.0065e-08
2.004e-08
2.0015e-08
1.9991e-08
1.9966e-08
1.9941e-08
1.9917e-08
1.9893e-08
1.9869e-08
1.9845e-08
1.9821e-08
1.9797e-08
1.9773e-08
1.975e-08
1.9726e-08
1.9703e-08
1.968e-08
1.9656e-08
1.9633e-08
1.9611e-08
1.9588e-08
1.9565e-08
1.9543e-08
1.952e-08
1.9498e-08
1.9476e-08
1.9454e-08
1.9432e-08
1.941e-08
1.9389e-08
1.9367e-08
1.9346e-08
1.9324e-08
1.9303e-08
1.9282e-08
1.9261e-08
1.924e-08
1.922e-08
1.9199e-08
1.9179e-08
1.9158e-08
1.9138e-08
1.9118e-08
1.9098e-08
1.9078e-08
1.9058e-08
1.9039e-08
1.9019e-08
1.9e-08
1.8981e-08
1.8962e-08
1.8943e-08
1.8924e-08
1.8905e-08
1.8886e-08
1.8868e-08
1.885e-08
1.8831e-08
1.8813e-08
1.8795e-08
1.8778e-08
1.876e-08
1.8742e-08
1.8725e-08
1.8707e-08
1.869e-08
1.8673e-08
1.8656e-08
1.8639e-08
1.8623e-08
1.8606e-08
1.859e-08
1.8573e-08
1.8557e-08
1.8541e-08
1.8525e-08
1.8509e-08
1.8494e-08
1.8478e-08
1.8463e-08
1.8447e-08
1.8432e-08
1.8417e-08
1.8402e-08
1.8387e-08
1.8373e-08
1.8358e-08
1.8344e-08
1.833e-08
1.8315e-08
1.8302e-08
1.8288e-08
1.8274e-08
1.826e-08
1.8247e-08
1.8234e-08
1.822e-08
1.8207e-08
1.8194e-08
1.8182e-08
1.8169e-08
1.8157e-08
1.8144e-08
1.8132e-08
1.812e-08
1.8108e-08
1.8096e-08
1.8084e-08
1.8073e-08
1.8061e-08
1.805e-08
1.8039e-08
1.8028e-08
1.8017e-08
1.8006e-08
1.7996e-08
1.7985e-08
1.7975e-08
1.7965e-08
1.7955e-08
1.7945e-08
1.7935e-08
1.7925e-08
1.7916e-08
1.7906e-08
1.7897e-08
1.7888e-08
1.7879e-08
1.787e-08
1.7862e-08
1.7853e-08
1.7845e-08
1.7837e-08
1.7829e-08
1.7821e-08
1.7813e-08
1.7805e-08
1.7798e-08
1.779e-08
1.7783e-08
1.7776e-08
1.7769e-08
1.7763e-08
1.7756e-08
1.7749e-08
1.7743e-08
1.7737e-08
1.7731e-08
1.7725e-08
1.7719e-08
1.7714e-08
1.7708e-08
1.7703e-08
1.7698e-08
1.7693e-08
1.7688e-08
1.7683e-08
1.7679e-08
1.7674e-08
1.767e-08
1.7666e-08
1.7662e-08
1.7658e-08
1.7654e-08
1.7651e-08
1.7648e-08
1.7644e-08
1.7641e-08
1.7639e-08
1.7636e-08
1.7633e-08
1.7631e-08
1.7629e-08
1.7626e-08
1.7625e-08
1.7623e-08
1.7621e-08
1.762e-08
1.7618e-08
1.7617e-08
1.7616e-08
1.7615e-08
1.7615e-08
1.7614e-08
1.7614e-08
1.7613e-08
1.7613e-08
1.7614e-08
1.7614e-08
1.7614e-08
1.7615e-08
1.7616e-08
1.7616e-08
1.7618e-08
1.7619e-08
1.762e-08
1.7622e-08
1.7623e-08
1.7625e-08
1.7627e-08
1.763e-08
1.7632e-08
1.7635e-08
1.7637e-08
1.764e-08
1.7643e-08
1.7647e-08
1.765e-08
1.7653e-08
1.7657e-08
1.7661e-08
1.7665e-08
1.7669e-08
1.7674e-08
1.7678e-08
1.7683e-08
1.7688e-08
1.7693e-08
1.7698e-08
1.7704e-08
1.771e-08
1.7715e-08
1.7721e-08
1.7727e-08
1.7734e-08
1.774e-08
1.7747e-08
1.7754e-08
1.7761e-08
1.7768e-08
1.7775e-08
1.7783e-08
1.7791e-08
1.7798e-08
1.7807e-08
1.7815e-08
1.7823e-08
1.7832e-08
1.7841e-08
1.785e-08
1.7859e-08
1.7868e-08
1.7878e-08
1.7887e-08
1.7897e-08
1.7907e-08
1.7918e-08
1.7928e-08
1.7939e-08
1.795e-08
1.7961e-08
1.7972e-08
1.7983e-08
1.7995e-08
1.8007e-08
1.8019e-08
1.8031e-08
1.8043e-08
1.8056e-08
1.8068e-08
1.8081e-08
1.8094e-08
1.8108e-08
1.8121e-08
1.8135e-08
1.8149e-08
1.8163e-08
1.8177e-08
1.8192e-08
1.8206e-08
1.8221e-08
1.8236e-08
1.8251e-08
1.8267e-08
1.8283e-08
1.8298e-08
1.8314e-08
1.8331e-08
1.8347e-08
1.8364e-08
1.8381e-08
1.8398e-08
1.8415e-08
1.8432e-08
1.845e-08
1.8468e-08
1.8486e-08
1.8504e-08
1.8523e-08
1.8542e-08
1.856e-08
1.858e-08
1.8599e-08
1.8618e-08
1.8638e-08
1.8658e-08
1.8678e-08
1.8699e-08
1.8719e-08
1.874e-08
1.8761e-08
1.8782e-08
1.8804e-08
1.8825e-08
1.8847e-08
1.8869e-08
1.8892e-08
1.8914e-08
1.8937e-08
1.896e-08
1.8983e-08
1.9007e-08
1.903e-08
1.9054e-08
1.9078e-08
1.9102e-08
1.9127e-08
1.9152e-08
1.9177e-08
1.9202e-08
1.9227e-08
1.9253e-08
1.9279e-08
1.9305e-08
1.9331e-08
1.9358e-08
1.9384e-08
1.9411e-08
1.9439e-08
1.9466e-08
1.9494e-08
1.9522e-08
1.955e-08
1.9578e-08
1.9607e-08
1.9636e-08
1.9665e-08
1.9694e-08
1.9724e-08
1.9754e-08
1.9784e-08
1.9814e-08
1.9845e-08
1.9875e-08
1.9906e-08
1.9938e-08
1.9969e-08
2.0001e-08
2.0033e-08
2.0065e-08
2.0098e-08
2.013e-08
2.0163e-08
2.0197e-08
2.023e-08
2.0264e-08
2.0298e-08
2.0332e-08
2.0366e-08
2.0401e-08
2.0436e-08
2.0471e-08
2.0507e-08
2.0543e-08
2.0579e-08
2.0615e-08
2.0651e-08
2.0688e-08
2.0725e-08
2.0763e-08
2.08e-08
2.0838e-08
2.0876e-08
2.0914e-08
2.0953e-08
2.0992e-08
2.1031e-08
2.107e-08
2.111e-08
2.115e-08
2.119e-08
2.1231e-08
2.1271e-08
2.1312e-08
2.1354e-08
2.1395e-08
2.1437e-08
2.1479e-08
2.1521e-08
2.1564e-08
2.1607e-08
2.165e-08
2.1694e-08
2.1738e-08
2.1782e-08
2.1826e-08
2.187e-08
2.1915e-08
2.1961e-08
2.2006e-08
2.2052e-08
2.2098e-08
2.2144e-08
2.2191e-08
2.2238e-08
2.2285e-08
2.2332e-08
2.238e-08
2.2428e-08
2.2476e-08
2.2525e-08
2.2574e-08
2.2623e-08
2.2673e-08
2.2722e-08
2.2773e-08
2.2823e-08
2.2874e-08
2.2925e-08
2.2976e-08
2.3028e-08
2.308e-08
2.3132e-08
2.3184e-08
2.3237e-08
2.329e-08
2.3344e-08
2.3397e-08
2.3452e-08
2.3506e-08
2.3561e-08
2.3616e-08
2.3671e-08
2.3727e-08
2.3783e-08
2.3839e-08
2.3895e-08
2.3952e-08
2.4009e-08
2.4067e-08
2.4125e-08
2.4183e-08
2.4242e-08
2.43e-08
2.436e-08
2.4419e-08
2.4479e-08
2.4539e-08
2.4599e-08
2.466e-08
2.4721e-08
2.4783e-08
2.4845e-08
2.4907e-08
2.4969e-08
2.5032e-08
2.5095e-08
2.5159e-08
2.5223e-08
2.5287e-08
2.5351e-08
2.5416e-08
2.5481e-08
2.5547e-08
2.5613e-08
2.5679e-08
2.5745e-08
2.5812e-08
2.588e-08
2.5947e-08
2.6015e-08
2.6084e-08
2.6152e-08
2.6221e-08
2.6291e-08
2.636e-08
2.6431e-08
2.6501e-08
2.6572e-08
2.6643e-08
2.6715e-08
2.6787e-08
2.6859e-08
2.6932e-08
2.7005e-08
2.7078e-08
2.7152e-08
2.7226e-08
2.73e-08
2.7375e-08
2.7451e-08
2.7526e-08
2.7602e-08
2.7679e-08
2.7755e-08
2.7832e-08
2.791e-08
2.7988e-08
2.8066e-08
2.8145e-08
2.8224e-08
2.8303e-08
2.8383e-08
2.8464e-08
2.8544e-08
2.8625e-08
2.8707e-08
2.8788e-08
2.8871e-08
2.8953e-08
2.9036e-08
2.912e-08
2.9204e-08
2.9288e-08
2.9372e-08
2.9457e-08
2.9543e-08
2.9629e-08
2.9715e-08
2.9802e-08
2.9889e-08
2.9976e-08
3.0064e-08
3.0152e-08
3.0241e-08
3.033e-08
3.042e-08
3.051e-08
3.06e-08
3.0691e-08
3.0782e-08
3.0874e-08
3.0966e-08
3.1059e-08
3.1152e-08
3.1245e-08
3.1339e-08
3.1433e-08
3.1528e-08
3.1623e-08
3.1718e-08
3.1814e-08
3.1911e-08
3.2008e-08
3.2105e-08
3.2203e-08
3.2301e-08
3.24e-08
3.2499e-08
3.2599e-08
3.2699e-08
3.2799e-08
3.29e-08
3.3002e-08
3.3103e-08
3.3206e-08
3.3308e-08
3.3412e-08
3.3515e-08
3.362e-08
3.3724e-08
3.3829e-08
3.3935e-08
3.4041e-08
3.4147e-08
3.4254e-08
3.4362e-08
3.447e-08
3.4578e-08
3.4687e-08
3.4797e-08
3.4906e-08
3.5017e-08
3.5128e-08
3.5239e-08
3.5351e-08
3.5463e-08
3.5576e-08
3.5689e-08
3.5803e-08
3.5917e-08
3.6032e-08
3.6147e-08
3.6263e-08
3.6379e-08
3.6496e-08
3.6613e-08
3.6731e-08
3.685e-08
3.6968e-08
3.7088e-08
3.7208e-08
3.7328e-08
3.7449e-08
3.757e-08
3.7692e-08
3.7815e-08
3.7938e-08
3.8061e-08
3.8185e-08
3.831e-08
3.8435e-08
3.856e-08
3.8686e-08
3.8813e-08
3.894e-08
3.9068e-08
3.9196e-08
3.9325e-08
3.9455e-08
3.9585e-08
3.9715e-08
3.9846e-08
3.9978e-08
4.011e-08
4.0242e-08
4.0376e-08
4.0509e-08
4.0644e-08
4.0779e-08
4.0914e-08
4.105e-08
4.1187e-08
4.1324e-08
4.1462e-08
4.16e-08
4.1739e-08
4.1878e-08
4.2019e-08
4.2159e-08
4.23e-08
4.2442e-08
4.2585e-08
4.2727e-08
4.2871e-08
4.3015e-08
4.316e-08
4.3305e-08
4.3451e-08
4.3598e-08
4.3745e-08
4.3892e-08
4.4041e-08
4.419e-08
4.4339e-08
4.4489e-08
4.464e-08
4.4791e-08
4.4943e-08
4.5096e-08
4.5249e-08
4.5403e-08
4.5558e-08
4.5713e-08
4.5868e-08
4.6025e-08
4.6182e-08
4.6339e-08
4.6497e-08
4.6656e-08
4.6816e-08
4.6976e-08
4.7137e-08
4.7298e-08
4.746e-08
4.7623e-08
4.7786e-08
4.795e-08
4.8115e-08
4.828e-08
4.8446e-08
4.8613e-08
4.878e-08
4.8948e-08
4.9117e-08
4.9286e-08
4.9456e-08
4.9627e-08
4.9798e-08
4.997e-08
5.0143e-08
5.0316e-08
5.049e-08
5.0665e-08
5.084e-08
5.1016e-08
5.1193e-08
5.1371e-08
5.1549e-08
5.1728e-08
5.1907e-08
5.2088e-08
5.2269e-08
5.245e-08
5.2633e-08
5.2816e-08
5.3e-08
5.3184e-08
5.3369e-08
5.3555e-08
5.3742e-08
5.3929e-08
5.4118e-08
5.4306e-08
5.4496e-08
5.4686e-08
5.4878e-08
5.5069e-08
5.5262e-08
5.5455e-08
5.5649e-08
5.5844e-08
5.604e-08
5.6236e-08
5.6433e-08
5.6631e-08
5.6829e-08
5.7029e-08
5.7229e-08
5.7429e-08
5.7631e-08
5.7833e-08
5.8037e-08
5.824e-08
5.8445e-08
5.8651e-08
5.8857e-08
5.9064e-08
5.9272e-08
5.948e-08
5.969e-08
5.99e-08
6.0111e-08
6.0323e-08
6.0535e-08
6.0749e-08
6.0963e-08
6.1178e-08
6.1394e-08
6.1611e-08
6.1828e-08
6.2046e-08
6.2265e-08
6.2485e-08
6.2706e-08
6.2928e-08
6.315e-08
6.3373e-08
6.3597e-08
6.3822e-08
6.4048e-08
6.4275e-08
6.4502e-08
6.4731e-08
6.496e-08
6.519e-08
6.5421e-08
6.5652e-08
6.5885e-08
6.6118e-08
6.6353e-08
6.6588e-08
6.6824e-08
6.7061e-08
6.7299e-08
6.7537e-08
6.7777e-08
6.8017e-08
6.8259e-08
6.8501e-08
6.8744e-08
6.8988e-08
6.9233e-08
6.9479e-08
6.9726e-08
6.9973e-08
7.0222e-08
7.0471e-08
7.0722e-08
7.0973e-08
7.1225e-08
7.1478e-08
7.1733e-08
7.1988e-08
7.2244e-08
7.25e-08
7.2758e-08
7.3017e-08
7.3277e-08
7.3537e-08
7.3799e-08
7.4062e-08
7.4325e-08
7.4589e-08
7.4855e-08
7.5121e-08
7.5389e-08
7.5657e-08
7.5926e-08
7.6197e-08
7.6468e-08
7.674e-08
7.7013e-08
7.7288e-08
7.7563e-08
7.7839e-08
7.8116e-08
7.8394e-08
7.8673e-08
7.8954e-08
7.9235e-08
7.9517e-08
7.98e-08
8.0085e-08
8.037e-08
8.0656e-08
8.0943e-08
8.1232e-08
8.1521e-08
8.1812e-08
8.2103e-08
8.2396e-08
8.2689e-08
8.2984e-08
8.3279e-08
8.3576e-08
8.3874e-08
8.4173e-08
8.4473e-08
8.4773e-08
8.5076e-08
8.5379e-08
8.5683e-08
8.5988e-08
8.6294e-08
8.6602e-08
8.691e-08
8.722e-08
8.7531e-08
8.7842e-08
8.8155e-08
8.8469e-08
8.8784e-08
8.9101e-08
8.9418e-08
8.9736e-08
9.0056e-08
9.0377e-08
9.0699e-08
9.1022e-08
9.1346e-08
9.1671e-08
9.1997e-08
9.2325e-08
9.2654e-08
9.2983e-08
9.3314e-08
9.3646e-08
9.398e-08
9.4314e-08
9.465e-08
9.4987e-08
9.5325e-08
9.5664e-08
9.6004e-08
9.6346e-08
9.6689e-08
9.7032e-08
9.7378e-08
9.7724e-08
9.8071e-08
9.842e-08
9.877e-08
9.9121e-08
9.9474e-08
9.9827e-08
1.0018e-07
1.0054e-07
1.009e-07
1.0125e-07
1.0161e-07
1.0197e-07
1.0234e-07
1.027e-07
1.0307e-07
1.0343e-07
1.038e-07
1.0417e-07
1.0454e-07
1.0491e-07
1.0528e-07
1.0565e-07
1.0603e-07
1.0641e-07
1.0678e-07
1.0716e-07
1.0754e-07
1.0792e-07
1.0831e-07
1.0869e-07
1.0908e-07
1.0946e-07
1.0985e-07
1.1024e-07
1.1063e-07
1.1102e-07
1.1142e-07
1.1181e-07
1.1221e-07
1.126e-07
1.13e-07
1.134e-07
1.138e-07
1.1421e-07
1.1461e-07
1.1502e-07
1.1542e-07
1.1583e-07
1.1624e-07
1.1665e-07
1.1706e-07
1.1748e-07
1.1789e-07
1.1831e-07
1.1873e-07
1.1915e-07
1.1957e-07
1.1999e-07
1.2041e-07
1.2084e-07
1.2127e-07
1.2169e-07
1.2212e-07
1.2255e-07
1.2299e-07
1.2342e-07
1.2386e-07
1.2429e-07
1.2473e-07
1.2517e-07
1.2561e-07
1.2605e-07
1.265e-07
1.2694e-07
1.2739e-07
1.2784e-07
1.2829e-07
1.2874e-07
1.2919e-07
1.2965e-07
1.301e-07
1.3056e-07
1.3102e-07
1.3148e-07
1.3194e-07
1.3241e-07
1.3287e-07
1.3334e-07
1.3381e-07
1.3428e-07
1.3475e-07
1.3522e-07
1.357e-07
1.3617e-07
1.3665e-07
1.3713e-07
1.3761e-07
1.3809e-07
1.3858e-07
1.3906e-07
1.3955e-07
1.4004e-07
1.4053e-07
1.4102e-07
1.4152e-07
1.4201e-07
1.4251e-07
1.4301e-07
1.4351e-07
1.4401e-07
1.4451e-07
1.4502e-07
1.4553e-07
1.4603e-07
1.4654e-07
1.4706e-07
1.4757e-07
1.4809e-07
1.486e-07
1.4912e-07
1.4964e-07
1.5016e-07
1.5069e-07
1.5121e-07
1.5174e-07
1.5227e-07
1.528e-07
1.5333e-07
1.5387e-07
1.544e-07
1.5494e-07
1.5548e-07
1.5602e-07
1.5656e-07
1.5711e-07
1.5765e-07
1.582e-07
1.5875e-07
1.593e-07
1.5986e-07
1.6041e-07
1.6097e-07
1.6153e-07
1.6209e-07
1.6265e-07
1.6321e-07
1.6378e-07
1.6435e-07
1.6492e-07
1.6549e-07
1.6606e-07
1.6664e-07
1.6722e-07
1.678e-07
1.6838e-07
1.6896e-07
1.6954e-07
1.7013e-07
1.7072e-07
1.7131e-07
1.719e-07
1.7249e-07
1.7309e-07
1.7369e-07
1.7429e-07
1.7489e-07
1.7549e-07
1.761e-07
1.7671e-07
1.7732e-07
1.7793e-07
1.7854e-07
1.7916e-07
1.7977e-07
1.8039e-07
1.8101e-07
1.8164e-07
1.8226e-07
1.8289e-07
1.8352e-07
1.8415e-07
1.8478e-07
1.8542e-07
1.8605e-07
1.8669e-07
1.8733e-07
1.8798e-07
1.8862e-07
1.8927e-07
1.8992e-07
1.9057e-07
1.9122e-07
1.9188e-07
1.9254e-07
1.932e-07
1.9386e-07
1.9452e-07
1.9519e-07
1.9586e-07
1.9653e-07
1.972e-07
1.9787e-07
1.9855e-07
1.9923e-07
1.9991e-07
2.0059e-07
2.0128e-07
2.0196e-07
2.0265e-07
2.0334e-07
2.0404e-07
2.0473e-07
2.0543e-07
2.0613e-07
2.0683e-07
2.0754e-07
2.0825e-07
2.0895e-07
2.0967e-07
2.1038e-07
2.1109e-07
2.1181e-07
2.1253e-07
2.1325e-07
2.1398e-07
2.1471e-07
2.1543e-07
2.1617e-07
2.169e-07
2.1764e-07
2.1837e-07
2.1911e-07
2.1986e-07
2.206e-07
2.2135e-07
2.221e-07
2.2285e-07
2.236e-07
2.2436e-07
2.2512e-07
2.2588e-07
2.2664e-07
2.2741e-07
2.2818e-07
2.2895e-07
2.2972e-07
2.305e-07
2.3128e-07
2.3206e-07
2.3284e-07
2.3362e-07
2.3441e-07
2.352e-07
2.3599e-07
2.3679e-07
2.3759e-07
2.3838e-07
2.3919e-07
2.3999e-07
2.408e-07
2.4161e-07
2.4242e-07
2.4323e-07
2.4405e-07
2.4487e-07
2.4569e-07
2.4652e-07
2.4734e-07
2.4817e-07
2.49e-07
2.4984e-07
2.5068e-07
2.5152e-07
2.5236e-07
2.532e-07
2.5405e-07
2.549e-07
2.5575e-07
2.5661e-07
2.5746e-07
2.5832e-07
2.5919e-07
2.6005e-07
2.6092e-07
2.6179e-07
2.6266e-07
2.6354e-07
2.6442e-07
2.653e-07
2.6618e-07
2.6707e-07
2.6796e-07
2.6885e-07
2.6974e-07
2.7064e-07
2.7154e-07
2.7244e-07
2.7335e-07
2.7426e-07
2.7517e-07
2.7608e-07
2.77e-07
2.7792e-07
2.7884e-07
2.7976e-07
2.8069e-07
2.8162e-07
2.8255e-07
2.8349e-07
2.8443e-07
2.8537e-07
2.8631e-07
2.8726e-07
2.8821e-07
2.8916e-07
2.9012e-07
2.9107e-07
2.9203e-07
2.93e-07
2.9397e-07
2.9493e-07
2.9591e-07
2.9688e-07
2.9786e-07
2.9884e-07
2.9983e-07
3.0081e-07
3.018e-07
3.028e-07
3.0379e-07
3.0479e-07
3.0579e-07
3.068e-07
3.078e-07
3.0881e-07
3.0983e-07
3.1084e-07
3.1186e-07
3.1289e-07
3.1391e-07
3.1494e-07
3.1597e-07
3.1701e-07
3.1804e-07
3.1908e-07
3.2013e-07
3.2118e-07
3.2222e-07
3.2328e-07
3.2433e-07
3.2539e-07
3.2646e-07
3.2752e-07
3.2859e-07
3.2966e-07
3.3074e-07
3.3181e-07
3.3289e-07
3.3398e-07
3.3507e-07
3.3616e-07
3.3725e-07
3.3835e-07
3.3945e-07
3.4055e-07
3.4166e-07
3.4277e-07
3.4388e-07
3.4499e-07
3.4611e-07
3.4724e-07
3.4836e-07
3.4949e-07
3.5062e-07
3.5176e-07
3.529e-07
3.5404e-07
3.5519e-07
3.5634e-07
3.5749e-07
3.5864e-07
3.598e-07
3.6096e-07
3.6213e-07
3.633e-07
3.6447e-07
3.6565e-07
3.6683e-07
3.6801e-07
3.6919e-07
3.7038e-07
3.7158e-07
3.7277e-07
3.7397e-07
3.7517e-07
3.7638e-07
3.7759e-07
3.788e-07
3.8002e-07
3.8124e-07
3.8246e-07
3.8369e-07
3.8492e-07
3.8616e-07
3.8739e-07
3.8864e-07
3.8988e-07
3.9113e-07
3.9238e-07
3.9364e-07
3.9489e-07
3.9616e-07
3.9742e-07
3.9869e-07
3.9997e-07
4.0124e-07
4.0252e-07
4.0381e-07
4.051e-07
4.0639e-07
4.0768e-07
4.0898e-07
4.1029e-07
4.1159e-07
4.129e-07
4.1422e-07
4.1553e-07
4.1685e-07
4.1818e-07
4.1951e-07
4.2084e-07
4.2218e-07
4.2352e-07
4.2486e-07
4.2621e-07
4.2756e-07
4.2891e-07
4.3027e-07
4.3163e-07
4.33e-07
4.3437e-07
4.3574e-07
4.3712e-07
4.385e-07
4.3989e-07
4.4128e-07
4.4267e-07
4.4407e-07
4.4547e-07
4.4688e-07
4.4829e-07
4.497e-07
4.5112e-07
4.5254e-07
4.5396e-07
4.5539e-07
4.5682e-07
4.5826e-07
4.597e-07
4.6114e-07
4.6259e-07
4.6405e-07
4.655e-07
4.6696e-07
4.6843e-07
4.699e-07
4.7137e-07
4.7285e-07
4.7433e-07
4.7581e-07
4.773e-07
4.788e-07
4.8029e-07
4.818e-07
4.833e-07
4.8481e-07
4.8633e-07
4.8784e-07
4.8937e-07
4.9089e-07
4.9242e-07
4.9396e-07
4.955e-07
4.9704e-07
4.9859e-07
5.0014e-07
5.017e-07
5.0326e-07
5.0482e-07
5.0639e-07
5.0797e-07
5.0954e-07
5.1113e-07
5.1271e-07
5.143e-07
5.159e-07
5.175e-07
5.191e-07
5.2071e-07
5.2232e-07
5.2394e-07
5.2556e-07
5.2718e-07
5.2881e-07
5.3045e-07
5.3209e-07
5.3373e-07
5.3538e-07
5.3703e-07
5.3869e-07
5.4035e-07
5.4201e-07
5.4368e-07
5.4536e-07
5.4704e-07
5.4872e-07
5.5041e-07
5.521e-07
5.538e-07
5.555e-07
5.5721e-07
5.5892e-07
5.6064e-07
5.6236e-07
5.6408e-07
5.6581e-07
5.6755e-07
5.6928e-07
5.7103e-07
5.7278e-07
5.7453e-07
5.7629e-07
5.7805e-07
5.7982e-07
5.8159e-07
5.8337e-07
5.8515e-07
5.8693e-07
5.8872e-07
5.9052e-07
5.9232e-07
5.9412e-07
5.9593e-07
5.9775e-07
5.9957e-07
6.0139e-07
6.0322e-07
6.0506e-07
6.069e-07
6.0874e-07
6.1059e-07
6.1244e-07
6.143e-07
6.1617e-07
6.1803e-07
6.1991e-07
6.2179e-07
6.2367e-07
6.2556e-07
6.2745e-07
6.2935e-07
6.3125e-07
6.3316e-07
6.3507e-07
6.3699e-07
6.3892e-07
6.4084e-07
6.4278e-07
6.4472e-07
6.4666e-07
6.4861e-07
6.5056e-07
6.5252e-07
6.5449e-07
6.5646e-07
6.5843e-07
6.6041e-07
6.624e-07
6.6439e-07
6.6638e-07
6.6838e-07
6.7039e-07
6.724e-07
6.7441e-07
6.7644e-07
6.7846e-07
6.8049e-07
6.8253e-07
6.8457e-07
6.8662e-07
6.8867e-07
6.9073e-07
6.928e-07
6.9487e-07
6.9694e-07
6.9902e-07
7.0111e-07
7.032e-07
7.0529e-07
7.0739e-07
7.095e-07
7.1161e-07
7.1373e-07
7.1586e-07
7.1798e-07
7.2012e-07
7.2226e-07
7.244e-07
7.2655e-07
7.2871e-07
7.3087e-07
7.3304e-07
7.3521e-07
7.3739e-07
7.3958e-07
7.4177e-07
7.4396e-07
7.4616e-07
7.4837e-07
7.5058e-07
7.528e-07
7.5502e-07
7.5725e-07
7.5949e-07
7.6173e-07
7.6397e-07
7.6623e-07
7.6848e-07
7.7075e-07
7.7302e-07
7.7529e-07
7.7757e-07
7.7986e-07
7.8215e-07
7.8445e-07
7.8675e-07
7.8906e-07
7.9138e-07
7.937e-07
7.9603e-07
7.9836e-07
8.007e-07
8.0305e-07
8.054e-07
8.0775e-07
8.1012e-07
8.1249e-07
8.1486e-07
8.1724e-07
8.1963e-07
8.2202e-07
8.2442e-07
8.2683e-07
8.2924e-07
8.3165e-07
8.3408e-07
8.3651e-07
8.3894e-07
8.4138e-07
8.4383e-07
8.4628e-07
8.4874e-07
8.5121e-07
8.5368e-07
8.5616e-07
8.5864e-07
8.6114e-07
8.6363e-07
8.6614e-07
8.6864e-07
8.7116e-07
8.7368e-07
8.7621e-07
8.7874e-07
8.8128e-07
8.8383e-07
8.8638e-07
8.8894e-07
8.9151e-07
8.9408e-07
8.9666e-07
8.9925e-07
9.0184e-07
9.0443e-07
9.0704e-07
9.0965e-07
9.1227e-07
9.1489e-07
9.1752e-07
9.2016e-07
9.228e-07
9.2545e-07
9.281e-07
9.3077e-07
9.3343e-07
9.3611e-07
9.3879e-07
9.4148e-07
9.4418e-07
9.4688e-07
9.4959e-07
9.523e-07
9.5502e-07
9.5775e-07
9.6049e-07
9.6323e-07
9.6598e-07
9.6873e-07
9.7149e-07
9.7426e-07
9.7704e-07
9.7982e-07
9.8261e-07
9.854e-07
9.882e-07
9.9101e-07
9.9383e-07
9.9665e-07
9.9948e-07
1.0023e-06
1.0052e-06
1.008e-06
1.0109e-06
1.0137e-06
1.0166e-06
1.0195e-06
1.0224e-06
1.0253e-06
1.0282e-06
1.0311e-06
1.034e-06
1.0369e-06
1.0398e-06
1.0428e-06
1.0457e-06
1.0486e-06
1.0516e-06
1.0546e-06
1.0575e-06
1.0605e-06
1.0635e-06
1.0665e-06
1.0695e-06
1.0725e-06
1.0755e-06
1.0785e-06
1.0815e-06
1.0846e-06
1.0876e-06
1.0907e-06
1.0937e-06
1.0968e-06
1.0998e-06
1.1029e-06
1.106e-06
1.1091e-06
1.1122e-06
1.1153e-06
1.1184e-06
1.1215e-06
1.1247e-06
1.1278e-06
1.1309e-06
1.1341e-06
1.1372e-06
1.1404e-06
1.1436e-06
1.1468e-06
1.1499e-06
1.1531e-06
1.1563e-06
1.1596e-06
1.1628e-06
1.166e-06
1.1692e-06
1.1725e-06
1.1757e-06
1.179e-06
1.1822e-06
1.1855e-06
1.1888e-06
1.1921e-06
1.1954e-06
1.1987e-06
1.202e-06
1.2053e-06
1.2086e-06
1.2119e-06
1.2153e-06
1.2186e-06
1.222e-06
1.2254e-06
1.2287e-06
1.2321e-06
1.2355e-06
1.2389e-06
1.2423e-06
1.2457e-06
1.2491e-06
1.2525e-06
1.256e-06
1.2594e-06
1.2629e-06
1.2663e-06
1.2698e-06
1.2733e-06
1.2767e-06
1.2802e-06
1.2837e-06
1.2872e-06
1.2907e-06
1.2943e-06
1.2978e-06
1.3013e-06
1.3049e-06
1.3084e-06
1.312e-06
1.3156e-06
1.3191e-06
1.3227e-06
1.3263e-06
1.3299e-06
1.3335e-06
1.3372e-06
1.3408e-06
1.3444e-06
1.3481e-06
1.3517e-06
1.3554e-06
1.359e-06
1.3627e-06
1.3664e-06
1.3701e-06
1.3738e-06
1.3775e-06
1.3812e-06
1.385e-06
1.3887e-06
1.3924e-06
1.3962e-06
1.4e-06
1.4037e-06
1.4075e-06
1.4113e-06
1.4151e-06
1.4189e-06
1.4227e-06
1.4265e-06
1.4304e-06
1.4342e-06
1.438e-06
1.4419e-06
1.4458e-06
1.4496e-06
1.4535e-06
1.4574e-06
1.4613e-06
1.4652e-06
1.4691e-06
1.473e-06
1.477e-06
1.4809e-06
1.4849e-06
1.4888e-06
1.4928e-06
1.4968e-06
1.5008e-06
1.5047e-06
1.5088e-06
1.5128e-06
1.5168e-06
1.5208e-06
1.5249e-06
1.5289e-06
1.533e-06
1.537e-06
1.5411e-06
1.5452e-06
1.5493e-06
1.5534e-06
1.5575e-06
1.5616e-06
1.5657e-06
1.5699e-06
1.574e-06
1.5782e-06
1.5823e-06
1.5865e-06
1.5907e-06
1.5949e-06
1.5991e-06
1.6033e-06
1.6075e-06
1.6117e-06
1.616e-06
1.6202e-06
1.6245e-06
1.6287e-06
1.633e-06
1.6373e-06
1.6416e-06
1.6459e-06
1.6502e-06
1.6545e-06
1.6589e-06
1.6632e-06
1.6676e-06
1.6719e-06
1.6763e-06
1.6807e-06
1.685e-06
1.6894e-06
1.6939e-06
1.6983e-06
1.7027e-06
1.7071e-06
1.7116e-06
1.716e-06
1.7205e-06
1.725e-06
1.7294e-06
1.7339e-06
1.7384e-06
1.7429e-06
1.7475e-06
1.752e-06
1.7565e-06
1.7611e-06
1.7656e-06
1.7702e-06
1.7748e-06
1.7794e-06
1.784e-06
1.7886e-06
1.7932e-06
1.7978e-06
1.8025e-06
1.8071e-06
1.8118e-06
1.8164e-06
1.8211e-06
1.8258e-06
1.8305e-06
1.8352e-06
1.8399e-06
1.8446e-06
1.8494e-06
1.8541e-06
1.8589e-06
1.8636e-06
1.8684e-06
1.8732e-06
1.878e-06
1.8828e-06
1.8876e-06
1.8924e-06
1.8973e-06
1.9021e-06
1.907e-06
1.9118e-06
1.9167e-06
1.9216e-06
1.9265e-06
1.9314e-06
1.9363e-06
1.9413e-06
1.9462e-06
1.9511e-06
1.9561e-06
1.9611e-06
1.966e-06
1.971e-06
1.976e-06
1.981e-06
1.9861e-06
1.9911e-06
1.9961e-06
2.0012e-06
2.0062e-06
2.0113e-06
2.0164e-06
2.0215e-06
2.0266e-06
2.0317e-06
2.0368e-06
2.042e-06
2.0471e-06
2.0523e-06
2.0574e-06
2.0626e-06
2.0678e-06
2.073e-06
2.0782e-06
2.0834e-06
2.0886e-06
2.0939e-06
2.0991e-06
2.1044e-06
2.1097e-06
2.115e-06
2.1202e-06
2.1256e-06
2.1309e-06
2.1362e-06
2.1415e-06
2.1469e-06
2.1522e-06
2.1576e-06
2.163e-06
2.1684e-06
2.1738e-06
2.1792e-06
2.1846e-06
2.19e-06
2.1955e-06
2.2009e-06
2.2064e-06
2.2119e-06
2.2174e-06
2.2229e-06
2.2284e-06
2.2339e-06
2.2394e-06
2.245e-06
2.2505e-06
2.2561e-06
2.2617e-06
2.2673e-06
2.2729e-06
2.2785e-06
2.2841e-06
2.2897e-06
2.2954e-06
2.301e-06
2.3067e-06
2.3124e-06
2.3181e-06
2.3237e-06
2.3295e-06
2.3352e-06
2.3409e-06
2.3467e-06
2.3524e-06
2.3582e-06
2.364e-06
2.3697e-06
2.3755e-06
2.3814e-06
2.3872e-06
2.393e-06
2.3989e-06
2.4047e-06
2.4106e-06
2.4165e-06
2.4224e-06
2.4283e-06
2.4342e-06
2.4401e-06
2.446e-06
2.452e-06
2.458e-06
2.4639e-06
2.4699e-06
2.4759e-06
2.4819e-06
2.4879e-06
2.494e-06
2.5e-06
2.5061e-06
2.5121e-06
2.5182e-06
2.5243e-06
2.5304e-06
2.5365e-06
2.5426e-06
2.5488e-06
2.5549e-06
2.5611e-06
2.5672e-06
2.5734e-06
2.5796e-06
2.5858e-06
2.592e-06
2.5983e-06
2.6045e-06
2.6108e-06
2.617e-06
2.6233e-06
2.6296e-06
2.6359e-06
2.6422e-06
2.6485e-06
2.6549e-06
2.6612e-06
2.6676e-06
2.674e-06
2.6804e-06
2.6868e-06
2.6932e-06
2.6996e-06
2.706e-06
2.7125e-06
2.7189e-06
2.7254e-06
2.7319e-06
2.7384e-06
2.7449e-06
2.7514e-06
2.7579e-06
2.7645e-06
2.771e-06
2.7776e-06
2.7842e-06
2.7908e-06
2.7974e-06
2.804e-06
2.8106e-06
2.8173e-06
2.8239e-06
2.8306e-06
2.8373e-06
2.8439e-06
2.8506e-06
2.8574e-06
2.8641e-06
2.8708e-06
2.8776e-06
2.8843e-06
2.8911e-06
2.8979e-06
2.9047e-06
2.9115e-06
2.9184e-06
2.9252e-06
2.9321e-06
2.9389e-06
2.9458e-06
2.9527e-06
2.9596e-06
2.9665e-06
2.9734e-06
2.9804e-06
2.9873e-06
2.9943e-06
3.0013e-06
3.0083e-06
3.0153e-06
3.0223e-06
3.0293e-06
3.0364e-06
3.0434e-06
3.0505e-06
3.0576e-06
3.0647e-06
3.0718e-06
3.0789e-06
3.086e-06
3.0932e-06
3.1003e-06
3.1075e-06
3.1147e-06
3.1219e-06
3.1291e-06
3.1363e-06
3.1435e-06
3.1508e-06
3.158e-06
3.1653e-06
3.1726e-06
3.1799e-06
3.1872e-06
3.1945e-06
3.2019e-06
3.2092e-06
3.2166e-06
3.224e-06
3.2314e-06
3.2388e-06
3.2462e-06
3.2536e-06
3.261e-06
3.2685e-06
3.276e-06
3.2835e-06
3.2909e-06
3.2985e-06
3.306e-06
3.3135e-06
3.3211e-06
3.3286e-06
3.3362e-06
3.3438e-06
3.3514e-06
3.359e-06
3.3666e-06
3.3743e-06
3.3819e-06
3.3896e-06
3.3973e-06
3.405e-06
3.4127e-06
3.4204e-06
3.4281e-06
3.4359e-06
3.4436e-06
3.4514e-06
3.4592e-06
3.467e-06
3.4748e-06
3.4827e-06
3.4905e-06
3.4983e-06
3.5062e-06
3.5141e-06
3.522e-06
3.5299e-06
3.5378e-06
3.5458e-06
3.5537e-06
3.5617e-06
3.5697e-06
3.5776e-06
3.5857e-06
3.5937e-06
3.6017e-06
3.6097e-06
3.6178e-06
3.6259e-06
3.634e-06
3.6421e-06
3.6502e-06
3.6583e-06
3.6665e-06
3.6746e-06
3.6828e-06
3.691e-06
3.6992e-06
3.7074e-06
3.7156e-06
3.7238e-06
3.7321e-06
3.7403e-06
3.7486e-06
3.7569e-06
3.7652e-06
3.7735e-06
3.7819e-06
3.7902e-06
3.7986e-06
3.807e-06
3.8154e-06
3.8238e-06
3.8322e-06
3.8406e-06
3.8491e-06
3.8575e-06
3.866e-06
3.8745e-06
3.883e-06
3.8915e-06
3.9e-06
3.9086e-06
3.9171e-06
3.9257e-06
3.9343e-06
3.9429e-06
3.9515e-06
3.9601e-06
3.9688e-06
3.9774e-06
3.9861e-06
3.9948e-06
4.0035e-06
4.0122e-06
4.0209e-06
4.0297e-06
4.0384e-06
4.0472e-06
4.056e-06
4.0648e-06
4.0736e-06
4.0824e-06
4.0913e-06
4.1001e-06
4.109e-06
4.1179e-06
4.1268e-06
4.1357e-06
4.1446e-06
4.1535e-06
4.1625e-06
4.1715e-06
4.1805e-06
4.1895e-06
4.1985e-06
4.2075e-06
4.2165e-06
4.2256e-06
4.2347e-06
4.2437e-06
4.2528e-06
4.262e-06
4.2711e-06
4.2802e-06
4.2894e-06
4.2986e-06
4.3077e-06
4.3169e-06
4.3262e-06
4.3354e-06
4.3446e-06
4.3539e-06
4.3632e-06
4.3725e-06
4.3818e-06
4.3911e-06
4.4004e-06
4.4097e-06
4.4191e-06
4.4285e-06
4.4379e-06
4.4473e-06
4.4567e-06
4.4661e-06
4.4756e-06
4.485e-06
4.4945e-06
4.504e-06
4.5135e-06
4.523e-06
4.5326e-06
4.5421e-06
4.5517e-06
4.5613e-06
4.5709e-06
4.5805e-06
4.5901e-06
4.5997e-06
4.6094e-06
4.6191e-06
4.6287e-06
4.6384e-06
4.6481e-06
4.6579e-06
4.6676e-06
4.6774e-06
4.6871e-06
4.6969e-06
4.7067e-06
4.7165e-06
4.7264e-06
4.7362e-06
4.7461e-06
4.756e-06
4.7659e-06
4.7758e-06
4.7857e-06
4.7956e-06
4.8056e-06
4.8155e-06
4.8255e-06
4.8355e-06
4.8455e-06
4.8555e-06
4.8656e-06
4.8756e-06
4.8857e-06
4.8958e-06
4.9059e-06
4.916e-06
4.9261e-06
4.9363e-06
4.9464e-06
4.9566e-06
4.9668e-06
4.977e-06
4.9872e-06
4.9975e-06
5.0077e-06
5.018e-06
5.0282e-06
5.0385e-06
5.0488e-06
5.0592e-06
5.0695e-06
5.0799e-06
5.0902e-06
5.1006e-06
5.111e-06
5.1214e-06
5.1319e-06
5.1423e-06
5.1528e-06
5.1632e-06
5.1737e-06
5.1842e-06
5.1948e-06
5.2053e-06
5.2158e-06
5.2264e-06
5.237e-06
5.2476e-06
5.2582e-06
5.2688e-06
5.2795e-06
5.2901e-06
5.3008e-06
5.3115e-06
5.3222e-06
5.3329e-06
5.3436e-06
5.3544e-06
5.3652e-06
5.3759e-06
5.3867e-06
5.3975e-06
5.4084e-06
5.4192e-06
5.4301e-06
5.4409e-06
5.4518e-06
5.4627e-06
5.4736e-06
5.4846e-06
5.4955e-06
5.5065e-06
5.5174e-06
5.5284e-06
5.5394e-06
5.5505e-06
5.5615e-06
5.5726e-06
5.5836e-06
5.5947e-06
5.6058e-06
5.6169e-06
5.6281e-06
5.6392e-06
5.6504e-06
5.6615e-06
5.6727e-06
5.6839e-06
5.6952e-06
5.7064e-06
5.7177e-06
5.7289e-06
5.7402e-06
5.7515e-06
5.7628e-06
5.7742e-06
5.7855e-06
5.7969e-06
5.8082e-06
5.8196e-06
5.831e-06
5.8425e-06
5.8539e-06
5.8653e-06
5.8768e-06
5.8883e-06
5.8998e-06
5.9113e-06
5.9228e-06
5.9344e-06
5.9459e-06
5.9575e-06
5.9691e-06
5.9807e-06
5.9923e-06
6.004e-06
6.0156e-06
6.0273e-06
6.039e-06
6.0507e-06
6.0624e-06
6.0741e-06
6.0859e-06
6.0976e-06
6.1094e-06
6.1212e-06
6.133e-06
6.1448e-06
6.1567e-06
6.1685e-06
6.1804e-06
6.1923e-06
6.2042e-06
6.2161e-06
6.228e-06
6.24e-06
6.2519e-06
6.2639e-06
6.2759e-06
6.2879e-06
6.2999e-06
6.312e-06
6.324e-06
6.3361e-06
6.3482e-06
6.3603e-06
6.3724e-06
6.3845e-06
6.3967e-06
6.4088e-06
6.421e-06
6.4332e-06
6.4454e-06
6.4577e-06
6.4699e-06
6.4821e-06
6.4944e-06
6.5067e-06
6.519e-06
6.5313e-06
6.5437e-06
6.556e-06
6.5684e-06
6.5807e-06
6.5931e-06
6.6056e-06
6.618e-06
6.6304e-06
6.6429e-06
6.6554e-06
6.6678e-06
6.6803e-06
6.6929e-06
6.7054e-06
6.7179e-06
6.7305e-06
6.7431e-06
6.7557e-06
6.7683e-06
6.7809e-06
6.7936e-06
6.8062e-06
6.8189e-06
6.8316e-06
6.8443e-06
6.857e-06
6.8697e-06
6.8825e-06
6.8953e-06
6.908e-06
6.9208e-06
6.9336e-06
6.9465e-06
6.9593e-06
6.9722e-06
6.9851e-06
6.9979e-06
7.0108e-06
7.0238e-06
7.0367e-06
7.0497e-06
7.0626e-06
7.0756e-06
7.0886e-06
7.1016e-06
7.1146e-06
7.1277e-06
7.1407e-06
7.1538e-06
7.1669e-06
7.18e-06
7.1931e-06
7.2063e-06
7.2194e-06
7.2326e-06
7.2458e-06
7.259e-06
7.2722e-06
7.2854e-06
7.2986e-06
7.3119e-06
7.3252e-06
7.3385e-06
7.3518e-06
7.3651e-06
7.3784e-06
7.3918e-06
7.4051e-06
7.4185e-06
7.4319e-06
7.4453e-06
7.4588e-06
7.4722e-06
7.4857e-06
7.4991e-06
7.5126e-06
7.5261e-06
7.5396e-06
7.5532e-06
7.5667e-06
7.5803e-06
7.5939e-06
7.6075e-06
7.6211e-06
7.6347e-06
7.6483e-06
7.662e-06
7.6757e-06
7.6894e-06
7.7031e-06
7.7168e-06
7.7305e-06
7.7442e-06
7.758e-06
7.7718e-06
7.7856e-06
7.7994e-06
7.8132e-06
7.8271e-06
7.8409e-06
7.8548e-06
7.8687e-06
7.8826e-06
7.8965e-06
7.9104e-06
7.9243e-06
7.9383e-06
7.9523e-06
7.9663e-06
7.9803e-06
7.9943e-06
8.0083e-06
8.0224e-06
8.0364e-06
8.0505e-06
8.0646e-06
8.0787e-06
8.0928e-06
8.107e-06
8.1211e-06
8.1353e-06
8.1495e-06
8.1637e-06
8.1779e-06
8.1921e-06
8.2064e-06
8.2206e-06
8.2349e-06
8.2492e-06
8.2635e-06
8.2778e-06
8.2922e-06
8.3065e-06
8.3209e-06
8.3353e-06
8.3497e-06
8.3641e-06
8.3785e-06
8.3929e-06
8.4074e-06
8.4219e-06
8.4363e-06
8.4508e-06
8.4653e-06
8.4799e-06
8.4944e-06
8.509e-06
8.5235e-06
8.5381e-06
8.5527e-06
8.5674e-06
8.582e-06
8.5966e-06
8.6113e-06
8.626e-06
8.6407e-06
8.6554e-06
8.6701e-06
8.6848e-06
8.6996e-06
8.7143e-06
8.7291e-06
8.7439e-06
8.7587e-06
8.7735e-06
8.7884e-06
8.8032e-06
8.8181e-06
8.833e-06
8.8479e-06
8.8628e-06
8.8777e-06
8.8926e-06
8.9076e-06
8.9225e-06
8.9375e-06
8.9525e-06
8.9675e-06
8.9826e-06
8.9976e-06
9.0127e-06
9.0277e-06
9.0428e-06
9.0579e-06
9.073e-06
9.0881e-06
9.1033e-06
9.1184e-06
9.1336e-06
9.1488e-06
9.164e-06
9.1792e-06
9.1944e-06
9.2097e-06
9.2249e-06
9.2402e-06
9.2555e-06
9.2708e-06
9.2861e-06
9.3014e-06
9.3167e-06
9.3321e-06
9.3475e-06
9.3629e-06
9.3782e-06
9.3937e-06
9.4091e-06
9.4245e-06
9.44e-06
9.4554e-06
9.4709e-06
9.4864e-06
9.5019e-06
9.5174e-06
9.533e-06
9.5485e-06
9.5641e-06
9.5797e-06
9.5953e-06
9.6109e-06
9.6265e-06
9.6421e-06
9.6578e-06
9.6734e-06
9.6891e-06
9.7048e-06
9.7205e-06
9.7362e-06
9.752e-06
9.7677e-06
9.7835e-06
9.7992e-06
9.815e-06
9.8308e-06
9.8466e-06
9.8625e-06
9.8783e-06
9.8942e-06
9.91e-06
9.9259e-06
9.9418e-06
9.9577e-06
9.9736e-06
9.9896e-06
1.0006e-05
1.0021e-05
1.0037e-05
1.0053e-05
1.0069e-05
1.0085e-05
1.0102e-05
1.0118e-05
1.0134e-05
1.015e-05
1.0166e-05
1.0182e-05
1.0198e-05
1.0214e-05
1.023e-05
1.0246e-05
1.0263e-05
1.0279e-05
1.0295e-05
1.0311e-05
1.0327e-05
1.0344e-05
1.036e-05
1.0376e-05
1.0392e-05
1.0409e-05
1.0425e-05
1.0441e-05
1.0458e-05
1.0474e-05
1.049e-05
1.0507e-05
1.0523e-05
1.0539e-05
1.0556e-05
1.0572e-05
1.0589e-05
1.0605e-05
1.0621e-05
1.0638e-05
1.0654e-05
1.0671e-05
1.0687e-05
1.0704e-05
1.072e-05
1.0737e-05
1.0754e-05
1.077e-05
1.0787e-05
1.0803e-05
1.082e-05
1.0836e-05
1.0853e-05
1.087e-05
1.0886e-05
1.0903e-05
1.092e-05
1.0936e-05
1.0953e-05
1.097e-05
1.0987e-05
1.1003e-05
1.102e-05
1.1037e-05
1.1054e-05
1.107e-05
1.1087e-05
1.1104e-05
1.1121e-05
1.1138e-05
1.1155e-05
1.1171e-05
1.1188e-05
1.1205e-05
1.1222e-05
1.1239e-05
1.1256e-05
1.1273e-05
1.129e-05
1.1307e-05
1.1324e-05
1.1341e-05
1.1358e-05
1.1375e-05
1.1392e-05
1.1409e-05
1.1426e-05
1.1443e-05
1.146e-05
1.1477e-05
1.1494e-05
1.1511e-05
1.1528e-05
1.1545e-05
1.1563e-05
1.158e-05
1.1597e-05
1.1614e-05
1.1631e-05
1.1648e-05
1.1666e-05
1.1683e-05
1.17e-05
1.1717e-05
1.1735e-05
1.1752e-05
1.1769e-05
1.1786e-05
1.1804e-05
1.1821e-05
1.1838e-05
1.1856e-05
1.1873e-05
1.189e-05
1.1908e-05
1.1925e-05
1.1942e-05
1.196e-05
1.1977e-05
1.1995e-05
1.2012e-05
1.203e-05
1.2047e-05
1.2064e-05
1.2082e-05
1.2099e-05
1.2117e-05
1.2134e-05
1.2152e-05
1.2169e-05
1.2187e-05
1.2205e-05
1.2222e-05
1.224e-05
1.2257e-05
1.2275e-05
1.2292e-05
1.231e-05
1.2328e-05
1.2345e-05
1.2363e-05
1.2381e-05
1.2398e-05
1.2416e-05
1.2434e-05
1.2451e-05
1.2469e-05
1.2487e-05
1.2505e-05
1.2522e-05
1.254e-05
1.2558e-05
1.2576e-05
1.2593e-05
1.2611e-05
1.2629e-05
1.2647e-05
1.2665e-05
1.2682e-05
1.27e-05
1.2718e-05
1.2736e-05
1.2754e-05
1.2772e-05
1.279e-05
1.2807e-05
1.2825e-05
1.2843e-05
1.2861e-05
1.2879e-05
1.2897e-05
1.2915e-05
1.2933e-05
1.2951e-05
1.2969e-05
1.2987e-05
1.3005e-05
1.3023e-05
1.3041e-05
1.3059e-05
1.3077e-05
1.3095e-05
1.3113e-05
1.3131e-05
1.3149e-05
1.3167e-05
1.3186e-05
1.3204e-05
1.3222e-05
1.324e-05
1.3258e-05
1.3276e-05
1.3294e-05
1.3312e-05
1.3331e-05
1.3349e-05
1.3367e-05
1.3385e-05
1.3403e-05
1.3422e-05
1.344e-05
1.3458e-05
1.3476e-05
1.3495e-05
1.3513e-05
1.3531e-05
1.3549e-05
1.3568e-05
1.3586e-05
1.3604e-05
1.3622e-05
1.3641e-05
1.3659e-05
1.3677e-05
1.3696e-05
1.3714e-05
1.3733e-05
1.3751e-05
1.3769e-05
1.3788e-05
1.3806e-05
1.3824e-05
1.3843e-05
1.3861e-05
1.388e-05
1.3898e-05
1.3917e-05
1.3935e-05
1.3953e-05
1.3972e-05
1.399e-05
1.4009e-05
1.4027e-05
1.4046e-05
1.4064e-05
1.4083e-05
1.4101e-05
1.412e-05
1.4138e-05
1.4157e-05
1.4175e-05
1.4194e-05
1.4213e-05
1.4231e-05
1.425e-05
1.4268e-05
1.4287e-05
1.4305e-05
1.4324e-05
1.4343e-05
1.4361e-05
1.438e-05
1.4398e-05
1.4417e-05
1.4436e-05
1.4454e-05
1.4473e-05
1.4492e-05
1.451e-05
1.4529e-05
1.4548e-05
1.4566e-05
1.4585e-05
1.4604e-05
1.4623e-05
1.4641e-05
1.466e-05
1.4679e-05
1.4697e-05
1.4716e-05
1.4735e-05
1.4754e-05
1.4772e-05
1.4791e-05
1.481e-05
1.4829e-05
1.4848e-05
1.4866e-05
1.4885e-05
1.4904e-05
1.4923e-05
1.4942e-05
1.496e-05
1.4979e-05
1.4998e-05
1.5017e-05
1.5036e-05
1.5055e-05
1.5073e-05
1.5092e-05
1.5111e-05
1.513e-05
1.5149e-05
1.5168e-05
1.5187e-05
1.5206e-05
1.5224e-05
1.5243e-05
1.5262e-05
1.5281e-05
1.53e-05
1.5319e-05
1.5338e-05
1.5357e-05
1.5376e-05
1.5395e-05
1.5414e-05
1.5433e-05
1.5452e-05
1.5471e-05
1.549e-05
1.5509e-05
1.5528e-05
1.5547e-05
1.5566e-05
1.5585e-05
1.5604e-05
1.5623e-05
1.5642e-05
1.5661e-05
1.568e-05
1.5699e-05
1.5718e-05
1.5737e-05
1.5756e-05
1.5775e-05
1.5794e-05
1.5813e-05
1.5832e-05
1.5851e-05
1.587e-05
1.5889e-05
1.5908e-05
1.5927e-05
1.5946e-05
1.5965e-05
1.5984e-05
1.6003e-05
1.6023e-05
1.6042e-05
1.6061e-05
1.608e-05
1.6099e-05
1.6118e-05
1.6137e-05
1.6156e-05
1.6175e-05
1.6194e-05
1.6214e-05
1.6233e-05
1.6252e-05
1.6271e-05
1.629e-05
1.6309e-05
1.6328e-05
1.6348e-05
1.6367e-05
1.6386e-05
1.6405e-05
1.6424e-05
1.6443e-05
1.6462e-05
1.6482e-05
1.6501e-05
1.652e-05
1.6539e-05
1.6558e-05
1.6577e-05
1.6597e-05
1.6616e-05
1.6635e-05
1.6654e-05
1.6673e-05
1.6693e-05
1.6712e-05
1.6731e-05
1.675e-05
1.6769e-05
1.6789e-05
1.6808e-05
1.6827e-05
1.6846e-05
1.6865e-05
1.6885e-05
1.6904e-05
1.6923e-05
1.6942e-05
1.6961e-05
1.6981e-05
1.7e-05
1.7019e-05
1.7038e-05
1.7058e-05
1.7077e-05
1.7096e-05
1.7115e-05
1.7134e-05
1.7154e-05
1.7173e-05
1.7192e-05
1.7211e-05
1.7231e-05
1.725e-05
1.7269e-05
1.7288e-05
1.7308e-05
1.7327e-05
1.7346e-05
1.7365e-05
1.7385e-05
1.7404e-05
1.7423e-05
1.7442e-05
1.7461e-05
1.7481e-05
1.75e-05
1.7519e-05
1.7538e-05
1.7558e-05
1.7577e-05
1.7596e-05
1.7615e-05
1.7635e-05
1.7654e-05
1.7673e-05
1.7692e-05
1.7712e-05
1.7731e-05
1.775e-05
1.7769e-05
1.7789e-05
1.7808e-05
1.7827e-05
1.7846e-05
1.7866e-05
1.7885e-05
1.7904e-05
1.7923e-05
1.7942e-05
1.7962e-05
1.7981e-05
1.8e-05
1.8019e-05
1.8039e-05
1.8058e-05
1.8077e-05
1.8096e-05
1.8116e-05
1.8135e-05
1.8154e-05
1.8173e-05
1.8192e-05
1.8212e-05
1.8231e-05
1.825e-05
1.8269e-05
1.8289e-05
1.8308e-05
1.8327e-05
1.8346e-05
1.8365e-05
1.8385e-05
1.8404e-05
1.8423e-05
1.8442e-05
1.8461e-05
1.8481e-05
1.85e-05
1.8519e-05
1.8538e-05
1.8557e-05
1.8577e-05
1.8596e-05
1.8615e-05
1.8634e-05
1.8653e-05
1.8672e-05
1.8692e-05
1.8711e-05
1.873e-05
1.8749e-05
1.8768e-05
1.8787e-05
1.8807e-05
1.8826e-05
1.8845e-05
1.8864e-05
1.8883e-05
1.8902e-05
1.8921e-05
1.8941e-05
1.896e-05
1.8979e-05
1.8998e-05
1.9017e-05
1.9036e-05
1.9055e-05
1.9074e-05
1.9093e-05
1.9113e-05
1.9132e-05
1.9151e-05
1.917e-05
1.9189e-05
1.9208e-05
1.9227e-05
1.9246e-05
1.9265e-05
1.9284e-05
1.9303e-05
1.9322e-05
1.9341e-05
1.9361e-05
1.938e-05
1.9399e-05
1.9418e-05
1.9437e-05
1.9456e-05
1.9475e-05
1.9494e-05
1.9513e-05
1.9532e-05
1.9551e-05
1.957e-05
1.9589e-05
1.9608e-05
1.9627e-05
1.9646e-05
1.9665e-05
1.9684e-05
1.9703e-05
1.9722e-05
1.9741e-05
1.9759e-05
1.9778e-05
1.9797e-05
1.9816e-05
1.9835e-05
1.9854e-05
1.9873e-05
1.9892e-05
1.9911e-05
1.993e-05
1.9949e-05
1.9968e-05
1.9986e-05
2.0005e-05
2.0024e-05
2.0043e-05
2.0062e-05
2.0081e-05
2.01e-05
2.0118e-05
2.0137e-05
2.0156e-05
2.0175e-05
2.0194e-05
2.0212e-05
2.0231e-05
2.025e-05
2.0269e-05
2.0288e-05
2.0306e-05
2.0325e-05
2.0344e-05
2.0363e-05
2.0381e-05
2.04e-05
2.0419e-05
2.0438e-05
2.0456e-05
2.0475e-05
2.0494e-05
2.0512e-05
2.0531e-05
2.055e-05
2.0568e-05
2.0587e-05
2.0606e-05
2.0624e-05
2.0643e-05
2.0662e-05
2.068e-05
2.0699e-05
2.0717e-05
2.0736e-05
2.0755e-05
2.0773e-05
2.0792e-05
2.081e-05
2.0829e-05
2.0847e-05
2.0866e-05
2.0884e-05
2.0903e-05
2.0922e-05
2.094e-05
2.0959e-05
2.0977e-05
2.0995e-05
2.1014e-05
2.1032e-05
2.1051e-05
2.1069e-05
2.1088e-05
2.1106e-05
2.1125e-05
2.1143e-05
2.1161e-05
2.118e-05
2.1198e-05
2.1217e-05
2.1235e-05
2.1253e-05
2.1272e-05
2.129e-05
2.1308e-05
2.1327e-05
2.1345e-05
2.1363e-05
2.1381e-05
2.14e-05
2.1418e-05
2.1436e-05
2.1454e-05
2.1473e-05
2.1491e-05
2.1509e-05
2.1527e-05
2.1546e-05
2.1564e-05
2.1582e-05
2.16e-05
2.1618e-05
2.1636e-05
2.1654e-05
2.1673e-05
2.1691e-05
2.1709e-05
2.1727e-05
2.1745e-05
2.1763e-05
2.1781e-05
2.1799e-05
2.1817e-05
2.1835e-05
2.1853e-05
2.1871e-05
2.1889e-05
2.1907e-05
2.1925e-05
2.1943e-05
2.1961e-05
2.1979e-05
2.1997e-05
2.2015e-05
2.2033e-05
2.2051e-05
2.2068e-05
2.2086e-05
2.2104e-05
2.2122e-05
2.214e-05
2.2158e-05
2.2175e-05
2.2193e-05
2.2211e-05
2.2229e-05
2.2246e-05
2.2264e-05
2.2282e-05
2.23e-05
2.2317e-05
2.2335e-05
2.2353e-05
2.237e-05
2.2388e-05
2.2406e-05
2.2423e-05
2.2441e-05
2.2458e-05
2.2476e-05
2.2494e-05
2.2511e-05
2.2529e-05
2.2546e-05
2.2564e-05
2.2581e-05
2.2599e-05
2.2616e-05
2.2634e-05
2.2651e-05
2.2669e-05
2.2686e-05
2.2703e-05
2.2721e-05
2.2738e-05
2.2756e-05
2.2773e-05
2.279e-05
2.2808e-05
2.2825e-05
2.2842e-05
2.286e-05
2.2877e-05
2.2894e-05
2.2911e-05
2.2929e-05
2.2946e-05
2.2963e-05
2.298e-05
2.2997e-05
2.3014e-05
2.3032e-05
2.3049e-05
2.3066e-05
2.3083e-05
2.31e-05
2.3117e-05
2.3134e-05
2.3151e-05
2.3168e-05
2.3185e-05
2.3202e-05
2.3219e-05
2.3236e-05
2.3253e-05
2.327e-05
2.3287e-05
2.3304e-05
2.3321e-05
2.3338e-05
2.3354e-05
2.3371e-05
2.3388e-05
2.3405e-05
2.3422e-05
2.3438e-05
2.3455e-05
2.3472e-05
2.3489e-05
2.3505e-05
2.3522e-05
2.3539e-05
2.3555e-05
2.3572e-05
2.3589e-05
2.3605e-05
2.3622e-05
2.3638e-05
2.3655e-05
2.3672e-05
2.3688e-05
2.3705e-05
2.3721e-05
2.3738e-05
2.3754e-05
2.377e-05
2.3787e-05
2.3803e-05
2.382e-05
2.3836e-05
2.3852e-05
2.3869e-05
2.3885e-05
2.3901e-05
2.3918e-05
2.3934e-05
2.395e-05
2.3966e-05
2.3983e-05
2.3999e-05
2.4015e-05
2.4031e-05
2.4047e-05
2.4063e-05
2.408e-05
2.4096e-05
2.4112e-05
2.4128e-05
2.4144e-05
2.416e-05
2.4176e-05
2.4192e-05
2.4208e-05
2.4224e-05
2.424e-05
2.4256e-05
2.4272e-05
2.4287e-05
2.4303e-05
2.4319e-05
2.4335e-05
2.4351e-05
2.4366e-05
2.4382e-05
2.4398e-05
2.4414e-05
2.4429e-05
2.4445e-05
2.4461e-05
2.4476e-05
2.4492e-05
2.4508e-05
2.4523e-05
2.4539e-05
2.4554e-05
2.457e-05
2.4585e-05
2.4601e-05
2.4616e-05
2.4632e-05
2.4647e-05
2.4663e-05
2.4678e-05
2.4693e-05
2.4709e-05
2.4724e-05
2.4739e-05
2.4755e-05
2.477e-05
2.4785e-05
2.48e-05
2.4816e-05
2.4831e-05
2.4846e-05
2.4861e-05
2.4876e-05
2.4891e-05
2.4907e-05
2.4922e-05
2.4937e-05
2.4952e-05
2.4967e-05
2.4982e-05
2.4997e-05
2.5012e-05
2.5027e-05
2.5041e-05
2.5056e-05
2.5071e-05
2.5086e-05
2.5101e-05
2.5116e-05
2.513e-05
2.5145e-05
2.516e-05
2.5175e-05
2.5189e-05
2.5204e-05
2.5219e-05
2.5233e-05
2.5248e-05
2.5262e-05
2.5277e-05
2.5292e-05
2.5306e-05
2.5321e-05
2.5335e-05
2.5349e-05
2.5364e-05
2.5378e-05
2.5393e-05
2.5407e-05
2.5421e-05
2.5436e-05
2.545e-05
2.5464e-05
2.5479e-05
2.5493e-05
2.5507e-05
2.5521e-05
2.5535e-05
2.5549e-05
2.5564e-05
2.5578e-05
2.5592e-05
2.5606e-05
2.562e-05
2.5634e-05
2.5648e-05
2.5662e-05
2.5676e-05
2.569e-05
2.5703e-05
2.5717e-05
2.5731e-05
2.5745e-05
2.5759e-05
2.5773e-05
2.5786e-05
2.58e-05
2.5814e-05
2.5827e-05
2.5841e-05
2.5855e-05
2.5868e-05
2.5882e-05
2.5895e-05
2.5909e-05
2.5923e-05
2.5936e-05
2.5949e-05
2.5963e-05
2.5976e-05
2.599e-05
2.6003e-05
2.6016e-05
2.603e-05
2.6043e-05
2.6056e-05
2.607e-05
2.6083e-05
2.6096e-05
2.6109e-05
2.6122e-05
2.6135e-05
2.6148e-05
2.6162e-05
2.6175e-05
2.6188e-05
2.6201e-05
2.6214e-05
2.6227e-05
2.6239e-05
2.6252e-05
2.6265e-05
2.6278e-05
2.6291e-05
2.6304e-05
2.6317e-05
2.6329e-05
2.6342e-05
2.6355e-05
2.6367e-05
2.638e-05
2.6393e-05
2.6405e-05
2.6418e-05
2.643e-05
2.6443e-05
2.6455e-05
2.6468e-05
2.648e-05
2.6493e-05
2.6505e-05
2.6517e-05
2.653e-05
2.6542e-05
2.6554e-05
2.6567e-05
2.6579e-05
2.6591e-05
2.6603e-05
2.6615e-05
2.6628e-05
2.664e-05
2.6652e-05
2.6664e-05
2.6676e-05
2.6688e-05
2.67e-05
2.6712e-05
2.6724e-05
2.6736e-05
2.6747e-05
2.6759e-05
2.6771e-05
2.6783e-05
2.6795e-05
2.6806e-05
2.6818e-05
2.683e-05
2.6841e-05
2.6853e-05
2.6865e-05
2.6876e-05
2.6888e-05
2.6899e-05
2.6911e-05
2.6922e-05
2.6934e-05
2.6945e-05
2.6956e-05
2.6968e-05
2.6979e-05
2.699e-05
2.7002e-05
2.7013e-05
2.7024e-05
2.7035e-05
2.7047e-05
2.7058e-05
2.7069e-05
2.708e-05
2.7091e-05
2.7102e-05
2.7113e-05
2.7124e-05
2.7135e-05
2.7146e-05
2.7157e-05
2.7167e-05
2.7178e-05
2.7189e-05
2.72e-05
2.7211e-05
2.7221e-05
2.7232e-05
2.7243e-05
2.7253e-05
2.7264e-05
2.7274e-05
2.7285e-05
2.7296e-05
2.7306e-05
2.7316e-05
2.7327e-05
2.7337e-05
2.7348e-05
2.7358e-05
2.7368e-05
2.7379e-05
2.7389e-05
2.7399e-05
2.7409e-05
2.7419e-05
2.743e-05
2.744e-05
2.745e-05
2.746e-05
2.747e-05
2.748e-05
2.749e-05
2.75e-05
2.751e-05
2.752e-05
2.7529e-05
2.7539e-05
2.7549e-05
2.7559e-05
2.7569e-05
2.7578e-05
2.7588e-05
2.7598e-05
2.7607e-05
2.7617e-05
2.7626e-05
2.7636e-05
2.7645e-05
2.7655e-05
2.7664e-05
2.7674e-05
2.7683e-05
2.7692e-05
2.7702e-05
2.7711e-05
2.772e-05
2.7729e-05
2.7739e-05
2.7748e-05
2.7757e-05
2.7766e-05
2.7775e-05
2.7784e-05
2.7793e-05
2.7802e-05
2.7811e-05
2.782e-05
2.7829e-05
2.7838e-05
2.7847e-05
2.7855e-05
2.7864e-05
2.7873e-05
2.7882e-05
2.789e-05
2.7899e-05
2.7908e-05
2.7916e-05
2.7925e-05
2.7933e-05
2.7942e-05
2.795e-05
2.7959e-05
2.7967e-05
2.7975e-05
2.7984e-05
2.7992e-05
2.8e-05
2.8009e-05
2.8017e-05
2.8025e-05
2.8033e-05
2.8041e-05
2.8049e-05
2.8058e-05
2.8066e-05
2.8074e-05
2.8082e-05
2.8089e-05
2.8097e-05
2.8105e-05
2.8113e-05
2.8121e-05
2.8129e-05
2.8136e-05
2.8144e-05
2.8152e-05
2.8159e-05
2.8167e-05
2.8175e-05
2.8182e-05
2.819e-05
2.8197e-05
2.8205e-05
2.8212e-05
2.822e-05
2.8227e-05
2.8234e-05
2.8242e-05
2.8249e-05
2.8256e-05
2.8263e-05
2.8271e-05
2.8278e-05
2.8285e-05
2.8292e-05
2.8299e-05
2.8306e-05
2.8313e-05
2.832e-05
2.8327e-05
2.8334e-05
2.8341e-05
2.8347e-05
2.8354e-05
2.8361e-05
2.8368e-05
2.8374e-05
2.8381e-05
2.8388e-05
2.8394e-05
2.8401e-05
2.8407e-05
2.8414e-05
2.842e-05
2.8427e-05
2.8433e-05
2.844e-05
2.8446e-05
2.8452e-05
2.8459e-05
2.8465e-05
2.8471e-05
2.8477e-05
2.8483e-05
2.8489e-05
2.8496e-05
2.8502e-05
2.8508e-05
2.8514e-05
2.852e-05
2.8525e-05
2.8531e-05
2.8537e-05
2.8543e-05
2.8549e-05
2.8555e-05
2.856e-05
2.8566e-05
2.8572e-05
2.8577e-05
2.8583e-05
2.8588e-05
2.8594e-05
2.8599e-05
2.8605e-05
2.861e-05
2.8616e-05
2.8621e-05
2.8626e-05
2.8632e-05
2.8637e-05
2.8642e-05
2.8647e-05
2.8652e-05
2.8658e-05
2.8663e-05
2.8668e-05
2.8673e-05
2.8678e-05
2.8683e-05
2.8688e-05
2.8693e-05
2.8697e-05
2.8702e-05
2.8707e-05
2.8712e-05
2.8717e-05
2.8721e-05
2.8726e-05
2.873e-05
2.8735e-05
2.874e-05
2.8744e-05
2.8749e-05
2.8753e-05
2.8758e-05
2.8762e-05
2.8766e-05
2.8771e-05
2.8775e-05
2.8779e-05
2.8783e-05
2.8788e-05
2.8792e-05
2.8796e-05
2.88e-05
2.8804e-05
2.8808e-05
2.8812e-05
2.8816e-05
2.882e-05
2.8824e-05
2.8828e-05
2.8831e-05
2.8835e-05
2.8839e-05
2.8843e-05
2.8846e-05
2.885e-05
2.8854e-05
2.8857e-05
2.8861e-05
2.8864e-05
2.8868e-05
2.8871e-05
2.8874e-05
2.8878e-05
2.8881e-05
2.8884e-05
2.8888e-05
2.8891e-05
2.8894e-05
2.8897e-05
2.8901e-05
2.8904e-05
2.8907e-05
2.891e-05
2.8913e-05
2.8916e-05
2.8919e-05
2.8921e-05
2.8924e-05
2.8927e-05
2.893e-05
2.8933e-05
2.8935e-05
2.8938e-05
2.8941e-05
2.8943e-05
2.8946e-05
2.8949e-05
2.8951e-05
2.8954e-05
2.8956e-05
2.8958e-05
2.8961e-05
2.8963e-05
2.8965e-05
2.8968e-05
2.897e-05
2.8972e-05
2.8974e-05
2.8976e-05
2.8979e-05
2.8981e-05
2.8983e-05
2.8985e-05
2.8987e-05
2.8989e-05
2.8991e-05
2.8992e-05
2.8994e-05
2.8996e-05
2.8998e-05
2.8999e-05
2.9001e-05
2.9003e-05
2.9004e-05
2.9006e-05
2.9008e-05
2.9009e-05
2.9011e-05
2.9012e-05
2.9013e-05
2.9015e-05
2.9016e-05
2.9018e-05
2.9019e-05
2.902e-05
2.9021e-05
2.9022e-05
2.9024e-05
2.9025e-05
2.9026e-05
2.9027e-05
2.9028e-05
2.9029e-05
2.903e-05
2.9031e-05
2.9031e-05
2.9032e-05
2.9033e-05
2.9034e-05
2.9035e-05
2.9035e-05
2.9036e-05
2.9036e-05
2.9037e-05
2.9038e-05
2.9038e-05
2.9039e-05
2.9039e-05
2.9039e-05
2.904e-05
2.904e-05
2.904e-05
2.9041e-05
2.9041e-05
2.9041e-05
2.9041e-05
2.9042e-05
2.9042e-05
2.9042e-05
2.9042e-05
2.9042e-05
2.9042e-05
2.9042e-05
2.9041e-05
2.9041e-05
2.9041e-05
2.9041e-05
2.9041e-05
2.904e-05
2.904e-05
2.904e-05
2.9039e-05
2.9039e-05
2.9038e-05
2.9038e-05
2.9037e-05
2.9037e-05
2.9036e-05
2.9036e-05
2.9035e-05
2.9034e-05
2.9034e-05
2.9033e-05
2.9032e-05
2.9031e-05
2.903e-05
2.9029e-05
2.9028e-05
2.9028e-05
2.9026e-05
2.9025e-05
2.9024e-05
2.9023e-05
2.9022e-05
2.9021e-05
2.902e-05
2.9018e-05
2.9017e-05
2.9016e-05
2.9015e-05
2.9013e-05
2.9012e-05
2.901e-05
2.9009e-05
2.9007e-05
2.9006e-05
2.9004e-05
2.9002e-05
2.9001e-05
2.8999e-05
2.8997e-05
2.8996e-05
2.8994e-05
2.8992e-05
2.899e-05
2.8988e-05
2.8986e-05
2.8984e-05
2.8982e-05
2.898e-05
2.8978e-05
2.8976e-05
2.8974e-05
2.8972e-05
2.8969e-05
2.8967e-05
2.8965e-05
2.8963e-05
2.896e-05
2.8958e-05
2.8955e-05
2.8953e-05
2.895e-05
2.8948e-05
2.8945e-05
2.8943e-05
2.894e-05
2.8937e-05
2.8935e-05
2.8932e-05
2.8929e-05
2.8926e-05
2.8924e-05
2.8921e-05
2.8918e-05
2.8915e-05
2.8912e-05
2.8909e-05
2.8906e-05
2.8903e-05
2.89e-05
2.8897e-05
2.8893e-05
2.889e-05
2.8887e-05
2.8884e-05
2.888e-05
2.8877e-05
2.8874e-05
2.887e-05
2.8867e-05
2.8863e-05
2.886e-05
2.8856e-05
2.8853e-05
2.8849e-05
2.8845e-05
2.8842e-05
2.8838e-05
2.8834e-05
2.883e-05
2.8827e-05
2.8823e-05
2.8819e-05
2.8815e-05
2.8811e-05
2.8807e-05
2.8803e-05
2.8799e-05
2.8795e-05
2.8791e-05
2.8787e-05
2.8782e-05
2.8778e-05
2.8774e-05
2.877e-05
2.8765e-05
2.8761e-05
2.8756e-05
2.8752e-05
2.8748e-05
2.8743e-05
2.8739e-05
2.8734e-05
2.8729e-05
2.8725e-05
2.872e-05
2.8715e-05
2.8711e-05
2.8706e-05
2.8701e-05
2.8696e-05
2.8691e-05
2.8686e-05
2.8682e-05
2.8677e-05
2.8672e-05
2.8667e-05
2.8661e-05
2.8656e-05
2.8651e-05
2.8646e-05
2.8641e-05
2.8636e-05
2.863e-05
2.8625e-05
2.862e-05
2.8614e-05
2.8609e-05
2.8604e-05
2.8598e-05
2.8593e-05
2.8587e-05
2.8581e-05
2.8576e-05
2.857e-05
2.8565e-05
2.8559e-05
2.8553e-05
2.8547e-05
2.8542e-05
2.8536e-05
2.853e-05
2.8524e-05
2.8518e-05
2.8512e-05
2.8506e-05
2.85e-05
2.8494e-05
2.8488e-05
2.8482e-05
2.8476e-05
2.8469e-05
2.8463e-05
2.8457e-05
2.8451e-05
2.8444e-05
2.8438e-05
2.8432e-05
2.8425e-05
2.8419e-05
2.8412e-05
2.8406e-05
2.8399e-05
2.8393e-05
2.8386e-05
2.8379e-05
2.8373e-05
2.8366e-05
2.8359e-05
2.8353e-05
2.8346e-05
2.8339e-05
2.8332e-05
2.8325e-05
2.8318e-05
2.8311e-05
2.8304e-05
2.8297e-05
2.829e-05
2.8283e-05
2.8276e-05
2.8269e-05
2.8262e-05
2.8254e-05
2.8247e-05
2.824e-05
2.8233e-05
2.8225e-05
2.8218e-05
2.821e-05
2.8203e-05
2.8195e-05
2.8188e-05
2.818e-05
2.8173e-05
2.8165e-05
2.8158e-05
2.815e-05
2.8142e-05
2.8135e-05
2.8127e-05
2.8119e-05
2.8111e-05
2.8103e-05
2.8095e-05
2.8088e-05
2.808e-05
2.8072e-05
2.8064e-05
2.8056e-05
2.8047e-05
2.8039e-05
2.8031e-05
2.8023e-05
2.8015e-05
2.8007e-05
2.7998e-05
2.799e-05
2.7982e-05
2.7973e-05
2.7965e-05
2.7957e-05
2.7948e-05
2.794e-05
2.7931e-05
2.7923e-05
2.7914e-05
2.7906e-05
2.7897e-05
2.7888e-05
2.788e-05
2.7871e-05
2.7862e-05
2.7853e-05
2.7844e-05
2.7836e-05
2.7827e-05
2.7818e-05
2.7809e-05
2.78e-05
2.7791e-05
2.7782e-05
2.7773e-05
2.7764e-05
2.7755e-05
2.7746e-05
2.7736e-05
2.7727e-05
2.7718e-05
2.7709e-05
2.7699e-05
2.769e-05
2.7681e-05
2.7671e-05
2.7662e-05
2.7652e-05
2.7643e-05
2.7633e-05
2.7624e-05
2.7614e-05
2.7605e-05
2.7595e-05
2.7586e-05
2.7576e-05
2.7566e-05
2.7556e-05
2.7547e-05
2.7537e-05
2.7527e-05
2.7517e-05
2.7507e-05
2.7497e-05
2.7487e-05
2.7477e-05
2.7467e-05
2.7457e-05
2.7447e-05
2.7437e-05
2.7427e-05
2.7417e-05
2.7407e-05
2.7397e-05
2.7386e-05
2.7376e-05
2.7366e-05
2.7355e-05
2.7345e-05
2.7335e-05
2.7324e-05
2.7314e-05
2.7303e-05
2.7293e-05
2.7282e-05
2.7272e-05
2.7261e-05
2.7251e-05
2.724e-05
2.7229e-05
2.7219e-05
2.7208e-05
2.7197e-05
2.7186e-05
2.7176e-05
2.7165e-05
2.7154e-05
2.7143e-05
2.7132e-05
2.7121e-05
2.711e-05
2.7099e-05
2.7088e-05
2.7077e-05
2.7066e-05
2.7055e-05
2.7044e-05
2.7033e-05
2.7021e-05
2.701e-05
2.6999e-05
2.6988e-05
2.6976e-05
2.6965e-05
2.6954e-05
2.6942e-05
2.6931e-05
2.6919e-05
2.6908e-05
2.6896e-05
2.6885e-05
2.6873e-05
2.6862e-05
2.685e-05
2.6839e-05
2.6827e-05
2.6815e-05
2.6804e-05
2.6792e-05
2.678e-05
2.6768e-05
2.6756e-05
2.6745e-05
2.6733e-05
2.6721e-05
2.6709e-05
2.6697e-05
2.6685e-05
2.6673e-05
2.6661e-05
2.6649e-05
2.6637e-05
2.6625e-05
2.6612e-05
2.66e-05
2.6588e-05
2.6576e-05
2.6564e-05
2.6551e-05
2.6539e-05
2.6527e-05
2.6514e-05
2.6502e-05
2.649e-05
2.6477e-05
2.6465e-05
2.6452e-05
2.644e-05
2.6427e-05
2.6415e-05
2.6402e-05
2.639e-05
2.6377e-05
2.6364e-05
2.6352e-05
2.6339e-05
2.6326e-05
2.6313e-05
2.6301e-05
2.6288e-05
2.6275e-05
2.6262e-05
2.6249e-05
2.6236e-05
2.6223e-05
2.621e-05
2.6197e-05
2.6184e-05
2.6171e-05
2.6158e-05
2.6145e-05
2.6132e-05
2.6119e-05
2.6106e-05
2.6093e-05
2.608e-05
2.6066e-05
2.6053e-05
2.604e-05
2.6026e-05
2.6013e-05
2.6e-05
2.5986e-05
2.5973e-05
2.596e-05
2.5946e-05
2.5933e-05
2.5919e-05
2.5906e-05
2.5892e-05
2.5879e-05
2.5865e-05
2.5851e-05
2.5838e-05
2.5824e-05
2.581e-05
2.5797e-05
2.5783e-05
2.5769e-05
2.5755e-05
2.5742e-05
2.5728e-05
2.5714e-05
2.57e-05
2.5686e-05
2.5672e-05
2.5658e-05
2.5644e-05
2.563e-05
2.5616e-05
2.5602e-05
2.5588e-05
2.5574e-05
2.556e-05
2.5546e-05
2.5532e-05
2.5518e-05
2.5504e-05
2.5489e-05
2.5475e-05
2.5461e-05
2.5447e-05
2.5432e-05
2.5418e-05
2.5404e-05
2.5389e-05
2.5375e-05
2.536e-05
2.5346e-05
2.5331e-05
2.5317e-05
2.5302e-05
2.5288e-05
2.5273e-05
2.5259e-05
2.5244e-05
2.523e-05
2.5215e-05
2.52e-05
2.5186e-05
2.5171e-05
2.5156e-05
2.5142e-05
2.5127e-05
2.5112e-05
2.5097e-05
2.5082e-05
2.5068e-05
2.5053e-05
2.5038e-05
2.5023e-05
2.5008e-05
2.4993e-05
2.4978e-05
2.4963e-05
2.4948e-05
2.4933e-05
2.4918e-05
2.4903e-05
2.4888e-05
2.4873e-05
2.4858e-05
2.4842e-05
2.4827e-05
2.4812e-05
2.4797e-05
2.4782e-05
2.4766e-05
2.4751e-05
2.4736e-05
2.472e-05
2.4705e-05
2.469e-05
2.4674e-05
2.4659e-05
2.4643e-05
2.4628e-05
2.4613e-05
2.4597e-05
2.4582e-05
2.4566e-05
2.4551e-05
2.4535e-05
2.4519e-05
2.4504e-05
2.4488e-05
2.4473e-05
2.4457e-05
2.4441e-05
2.4426e-05
2.441e-05
2.4394e-05
2.4378e-05
2.4363e-05
2.4347e-05
2.4331e-05
2.4315e-05
2.4299e-05
2.4284e-05
2.4268e-05
2.4252e-05
2.4236e-05
2.422e-05
2.4204e-05
2.4188e-05
2.4172e-05
2.4156e-05
2.414e-05
2.4124e-05
2.4108e-05
2.4092e-05
2.4076e-05
2.406e-05
2.4043e-05
2.4027e-05
2.4011e-05
2.3995e-05
2.3979e-05
2.3962e-05
2.3946e-05
2.393e-05
2.3914e-05
2.3897e-05
2.3881e-05
2.3865e-05
2.3848e-05
2.3832e-05
2.3816e-05
2.3799e-05
2.3783e-05
2.3766e-05
2.375e-05
2.3734e-05
2.3717e-05
2.3701e-05
2.3684e-05
2.3667e-05
2.3651e-05
2.3634e-05
2.3618e-05
2.3601e-05
2.3585e-05
2.3568e-05
2.3551e-05
2.3535e-05
2.3518e-05
2.3501e-05
2.3485e-05
2.3468e-05
2.3451e-05
2.3434e-05
2.3418e-05
2.3401e-05
2.3384e-05
2.3367e-05
2.335e-05
2.3333e-05
2.3317e-05
2.33e-05
2.3283e-05
2.3266e-05
2.3249e-05
2.3232e-05
2.3215e-05
2.3198e-05
2.3181e-05
2.3164e-05
2.3147e-05
2.313e-05
2.3113e-05
2.3096e-05
2.3079e-05
2.3062e-05
2.3045e-05
2.3027e-05
2.301e-05
2.2993e-05
2.2976e-05
2.2959e-05
2.2942e-05
2.2924e-05
2.2907e-05
2.289e-05
2.2873e-05
2.2855e-05
2.2838e-05
2.2821e-05
2.2803e-05
2.2786e-05
2.2769e-05
2.2751e-05
2.2734e-05
2.2717e-05
2.2699e-05
2.2682e-05
2.2664e-05
2.2647e-05
2.2629e-05
2.2612e-05
2.2595e-05
2.2577e-05
2.256e-05
2.2542e-05
2.2524e-05
2.2507e-05
2.2489e-05
2.2472e-05
2.2454e-05
2.2437e-05
2.2419e-05
2.2401e-05
2.2384e-05
2.2366e-05
2.2348e-05
2.2331e-05
2.2313e-05
2.2295e-05
2.2278e-05
2.226e-05
2.2242e-05
2.2224e-05
2.2207e-05
2.2189e-05
2.2171e-05
2.2153e-05
2.2135e-05
2.2118e-05
2.21e-05
2.2082e-05
2.2064e-05
2.2046e-05
2.2028e-05
2.201e-05
2.1992e-05
2.1975e-05
2.1957e-05
2.1939e-05
2.1921e-05
2.1903e-05
2.1885e-05
2.1867e-05
2.1849e-05
2.1831e-05
2.1813e-05
2.1795e-05
2.1777e-05
2.1759e-05
2.1741e-05
2.1722e-05
2.1704e-05
2.1686e-05
2.1668e-05
2.165e-05
2.1632e-05
2.1614e-05
2.1596e-05
2.1577e-05
2.1559e-05
2.1541e-05
2.1523e-05
2.1505e-05
2.1486e-05
2.1468e-05
2.145e-05
2.1432e-05
2.1414e-05
2.1395e-05
2.1377e-05
2.1359e-05
2.134e-05
2.1322e-05
2.1304e-05
2.1285e-05
2.1267e-05
2.1249e-05
2.123e-05
2.1212e-05
2.1194e-05
2.1175e-05
2.1157e-05
2.1138e-05
2.112e-05
2.1102e-05
2.1083e-05
2.1065e-05
2.1046e-05
2.1028e-05
2.1009e-05
2.0991e-05
2.0972e-05
2.0954e-05
2.0935e-05
2.0917e-05
2.0898e-05
2.088e-05
2.0861e-05
2.0843e-05
2.0824e-05
2.0806e-05
2.0787e-05
2.0769e-05
2.075e-05
2.0731e-05
2.0713e-05
2.0694e-05
2.0676e-05
2.0657e-05
2.0638e-05
2.062e-05
2.0601e-05
2.0582e-05
2.0564e-05
2.0545e-05
2.0526e-05
2.0508e-05
2.0489e-05
2.047e-05
2.0452e-05
2.0433e-05
2.0414e-05
2.0395e-05
2.0377e-05
2.0358e-05
2.0339e-05
2.0321e-05
2.0302e-05
2.0283e-05
2.0264e-05
2.0245e-05
2.0227e-05
2.0208e-05
2.0189e-05
2.017e-05
2.0151e-05
2.0133e-05
2.0114e-05
2.0095e-05
2.0076e-05
2.0057e-05
2.0038e-05
2.0019e-05
2.0001e-05
1.9982e-05
1.9963e-05
1.9944e-05
1.9925e-05
1.9906e-05
1.9887e-05
1.9868e-05
1.9849e-05
1.9831e-05
1.9812e-05
1.9793e-05
1.9774e-05
1.9755e-05
1.9736e-05
1.9717e-05
1.9698e-05
1.9679e-05
1.966e-05
1.9641e-05
1.9622e-05
1.9603e-05
1.9584e-05
1.9565e-05
1.9546e-05
1.9527e-05
1.9508e-05
1.9489e-05
1.947e-05
1.9451e-05
1.9432e-05
1.9413e-05
1.9394e-05
1.9375e-05
1.9356e-05
1.9337e-05
1.9318e-05
1.9299e-05
1.928e-05
1.9261e-05
1.9242e-05
1.9222e-05
1.9203e-05
1.9184e-05
1.9165e-05
1.9146e-05
1.9127e-05
1.9108e-05
1.9089e-05
1.907e-05
1.9051e-05
1.9031e-05
1.9012e-05
1.8993e-05
1.8974e-05
1.8955e-05
1.8936e-05
1.8917e-05
1.8898e-05
1.8878e-05
1.8859e-05
1.884e-05
1.8821e-05
1.8802e-05
1.8783e-05
1.8764e-05
1.8744e-05
1.8725e-05
1.8706e-05
1.8687e-05
1.8668e-05
1.8649e-05
1.8629e-05
1.861e-05
1.8591e-05
1.8572e-05
1.8553e-05
1.8533e-05
1.8514e-05
1.8495e-05
1.8476e-05
1.8457e-05
1.8437e-05
1.8418e-05
1.8399e-05
1.838e-05
1.8361e-05
1.8341e-05
1.8322e-05
1.8303e-05
1.8284e-05
1.8265e-05
1.8245e-05
1.8226e-05
1.8207e-05
1.8188e-05
1.8169e-05
1.8149e-05
1.813e-05
1.8111e-05
1.8092e-05
1.8072e-05
1.8053e-05
1.8034e-05
1.8015e-05
1.7995e-05
1.7976e-05
1.7957e-05
1.7938e-05
1.7919e-05
1.7899e-05
1.788e-05
1.7861e-05
1.7842e-05
1.7822e-05
1.7803e-05
1.7784e-05
1.7765e-05
1.7745e-05
1.7726e-05
1.7707e-05
1.7688e-05
1.7668e-05
1.7649e-05
1.763e-05
1.7611e-05
1.7591e-05
1.7572e-05
1.7553e-05
1.7534e-05
1.7514e-05
1.7495e-05
1.7476e-05
1.7457e-05
1.7438e-05
1.7418e-05
1.7399e-05
1.738e-05
1.7361e-05
1.7341e-05
1.7322e-05
1.7303e-05
1.7284e-05
1.7264e-05
1.7245e-05
1.7226e-05
1.7207e-05
1.7187e-05
1.7168e-05
1.7149e-05
1.713e-05
1.7111e-05
1.7091e-05
1.7072e-05
1.7053e-05
1.7034e-05
1.7014e-05
1.6995e-05
1.6976e-05
1.6957e-05
1.6938e-05
1.6918e-05
1.6899e-05
1.688e-05
1.6861e-05
1.6841e-05
1.6822e-05
1.6803e-05
1.6784e-05
1.6765e-05
1.6745e-05
1.6726e-05
1.6707e-05
1.6688e-05
1.6669e-05
1.665e-05
1.663e-05
1.6611e-05
1.6592e-05
1.6573e-05
1.6554e-05
1.6534e-05
1.6515e-05
1.6496e-05
1.6477e-05
1.6458e-05
1.6439e-05
1.6419e-05
1.64e-05
1.6381e-05
1.6362e-05
1.6343e-05
1.6324e-05
1.6305e-05
1.6285e-05
1.6266e-05
1.6247e-05
1.6228e-05
1.6209e-05
1.619e-05
1.6171e-05
1.6152e-05
1.6132e-05
1.6113e-05
1.6094e-05
1.6075e-05
1.6056e-05
1.6037e-05
1.6018e-05
1.5999e-05
1.598e-05
1.5961e-05
1.5942e-05
1.5922e-05
1.5903e-05
1.5884e-05
1.5865e-05
1.5846e-05
1.5827e-05
1.5808e-05
1.5789e-05
1.577e-05
1.5751e-05
1.5732e-05
1.5713e-05
1.5694e-05
1.5675e-05
1.5656e-05
1.5637e-05
1.5618e-05
1.5599e-05
1.558e-05
1.5561e-05
1.5542e-05
1.5523e-05
1.5504e-05
1.5485e-05
1.5466e-05
1.5447e-05
1.5428e-05
1.5409e-05
1.539e-05
1.5371e-05
1.5352e-05
1.5333e-05
1.5314e-05
1.5295e-05
1.5277e-05
1.5258e-05
1.5239e-05
1.522e-05
1.5201e-05
1.5182e-05
1.5163e-05
1.5144e-05
1.5125e-05
1.5107e-05
1.5088e-05
1.5069e-05
1.505e-05
1.5031e-05
1.5012e-05
1.4993e-05
1.4975e-05
1.4956e-05
1.4937e-05
1.4918e-05
1.4899e-05
1.4881e-05
1.4862e-05
1.4843e-05
1.4824e-05
1.4805e-05
1.4787e-05
1.4768e-05
1.4749e-05
1.473e-05
1.4712e-05
1.4693e-05
1.4674e-05
1.4655e-05
1.4637e-05
1.4618e-05
1.4599e-05
1.4581e-05
1.4562e-05
1.4543e-05
1.4524e-05
1.4506e-05
1.4487e-05
1.4468e-05
1.445e-05
1.4431e-05
1.4413e-05
1.4394e-05
1.4375e-05
1.4357e-05
1.4338e-05
1.4319e-05
1.4301e-05
1.4282e-05
1.4264e-05
1.4245e-05
1.4227e-05
1.4208e-05
1.4189e-05
1.4171e-05
1.4152e-05
1.4134e-05
1.4115e-05
1.4097e-05
1.4078e-05
1.406e-05
1.4041e-05
1.4023e-05
1.4004e-05
1.3986e-05
1.3967e-05
1.3949e-05
1.393e-05
1.3912e-05
1.3894e-05
1.3875e-05
1.3857e-05
1.3838e-05
1.382e-05
1.3801e-05
1.3783e-05
1.3765e-05
1.3746e-05
1.3728e-05
1.371e-05
1.3691e-05
1.3673e-05
1.3655e-05
1.3636e-05
1.3618e-05
1.36e-05
1.3581e-05
1.3563e-05
1.3545e-05
1.3527e-05
1.3508e-05
1.349e-05
1.3472e-05
1.3454e-05
1.3435e-05
1.3417e-05
1.3399e-05
1.3381e-05
1.3362e-05
1.3344e-05
1.3326e-05
1.3308e-05
1.329e-05
1.3272e-05
1.3254e-05
1.3235e-05
1.3217e-05
1.3199e-05
1.3181e-05
1.3163e-05
1.3145e-05
1.3127e-05
1.3109e-05
1.3091e-05
1.3073e-05
1.3055e-05
1.3037e-05
1.3019e-05
1.3001e-05
1.2983e-05
1.2965e-05
1.2947e-05
1.2929e-05
1.2911e-05
1.2893e-05
1.2875e-05
1.2857e-05
1.2839e-05
1.2821e-05
1.2803e-05
1.2785e-05
1.2767e-05
1.2749e-05
1.2732e-05
1.2714e-05
1.2696e-05
1.2678e-05
1.266e-05
1.2642e-05
1.2625e-05
1.2607e-05
1.2589e-05
1.2571e-05
1.2553e-05
1.2536e-05
1.2518e-05
1.25e-05
1.2482e-05
1.2465e-05
1.2447e-05
1.2429e-05
1.2412e-05
1.2394e-05
1.2376e-05
1.2359e-05
1.2341e-05
1.2323e-05
1.2306e-05
1.2288e-05
1.2271e-05
1.2253e-05
1.2235e-05
1.2218e-05
1.22e-05
1.2183e-05
1.2165e-05
1.2148e-05
1.213e-05
1.2113e-05
1.2095e-05
1.2078e-05
1.206e-05
1.2043e-05
1.2025e-05
1.2008e-05
1.199e-05
1.1973e-05
1.1956e-05
1.1938e-05
1.1921e-05
1.1903e-05
1.1886e-05
1.1869e-05
1.1851e-05
1.1834e-05
1.1817e-05
1.1799e-05
1.1782e-05
1.1765e-05
1.1748e-05
1.173e-05
1.1713e-05
1.1696e-05
1.1679e-05
1.1661e-05
1.1644e-05
1.1627e-05
1.161e-05
1.1593e-05
1.1575e-05
1.1558e-05
1.1541e-05
1.1524e-05
1.1507e-05
1.149e-05
1.1473e-05
1.1456e-05
1.1439e-05
1.1422e-05
1.1405e-05
1.1388e-05
1.1371e-05
1.1354e-05
1.1337e-05
1.132e-05
1.1303e-05
1.1286e-05
1.1269e-05
1.1252e-05
1.1235e-05
1.1218e-05
1.1201e-05
1.1184e-05
1.1167e-05
1.115e-05
1.1134e-05
1.1117e-05
1.11e-05
1.1083e-05
1.1066e-05
1.1049e-05
1.1033e-05
1.1016e-05
1.0999e-05
1.0982e-05
1.0966e-05
1.0949e-05
1.0932e-05
1.0916e-05
1.0899e-05
1.0882e-05
1.0866e-05
1.0849e-05
1.0832e-05
1.0816e-05
1.0799e-05
1.0783e-05
1.0766e-05
1.0749e-05
1.0733e-05
1.0716e-05
1.07e-05
1.0683e-05
1.0667e-05
1.065e-05
1.0634e-05
1.0617e-05
1.0601e-05
1.0585e-05
1.0568e-05
1.0552e-05
1.0535e-05
1.0519e-05
1.0503e-05
1.0486e-05
1.047e-05
1.0454e-05
1.0437e-05
1.0421e-05
1.0405e-05
1.0388e-05
1.0372e-05
1.0356e-05
1.034e-05
1.0323e-05
1.0307e-05
1.0291e-05
1.0275e-05
1.0259e-05
1.0242e-05
1.0226e-05
1.021e-05
1.0194e-05
1.0178e-05
1.0162e-05
1.0146e-05
1.013e-05
1.0114e-05
1.0098e-05
1.0082e-05
1.0066e-05
1.005e-05
1.0034e-05
1.0018e-05
1.0002e-05
9.9856e-06
9.9697e-06
9.9538e-06
9.9379e-06
9.922e-06
9.9061e-06
9.8903e-06
9.8744e-06
9.8586e-06
9.8427e-06
9.8269e-06
9.8111e-06
9.7954e-06
9.7796e-06
9.7638e-06
9.7481e-06
9.7324e-06
9.7166e-06
9.7009e-06
9.6853e-06
9.6696e-06
9.6539e-06
9.6383e-06
9.6226e-06
9.607e-06
9.5914e-06
9.5758e-06
9.5603e-06
9.5447e-06
9.5292e-06
9.5136e-06
9.4981e-06
9.4826e-06
9.4671e-06
9.4516e-06
9.4362e-06
9.4207e-06
9.4053e-06
9.3899e-06
9.3744e-06
9.3591e-06
9.3437e-06
9.3283e-06
9.313e-06
9.2976e-06
9.2823e-06
9.267e-06
9.2517e-06
9.2364e-06
9.2212e-06
9.2059e-06
9.1907e-06
9.1754e-06
9.1602e-06
9.145e-06
9.1299e-06
9.1147e-06
9.0995e-06
9.0844e-06
9.0693e-06
9.0542e-06
9.0391e-06
9.024e-06
9.0089e-06
8.9939e-06
8.9789e-06
8.9638e-06
8.9488e-06
8.9338e-06
8.9189e-06
8.9039e-06
8.8889e-06
8.874e-06
8.8591e-06
8.8442e-06
8.8293e-06
8.8144e-06
8.7995e-06
8.7847e-06
8.7699e-06
8.755e-06
8.7402e-06
8.7255e-06
8.7107e-06
8.6959e-06
8.6812e-06
8.6664e-06
8.6517e-06
8.637e-06
8.6223e-06
8.6077e-06
8.593e-06
8.5784e-06
8.5637e-06
8.5491e-06
8.5345e-06
8.5199e-06
8.5054e-06
8.4908e-06
8.4763e-06
8.4618e-06
8.4473e-06
8.4328e-06
8.4183e-06
8.4038e-06
8.3894e-06
8.3749e-06
8.3605e-06
8.3461e-06
8.3317e-06
8.3173e-06
8.303e-06
8.2886e-06
8.2743e-06
8.26e-06
8.2457e-06
8.2314e-06
8.2171e-06
8.2029e-06
8.1886e-06
8.1744e-06
8.1602e-06
8.146e-06
8.1318e-06
8.1176e-06
8.1035e-06
8.0894e-06
8.0752e-06
8.0611e-06
8.047e-06
8.033e-06
8.0189e-06
8.0049e-06
7.9908e-06
7.9768e-06
7.9628e-06
7.9488e-06
7.9348e-06
7.9209e-06
7.907e-06
7.893e-06
7.8791e-06
7.8652e-06
7.8513e-06
7.8375e-06
7.8236e-06
7.8098e-06
7.796e-06
7.7822e-06
7.7684e-06
7.7546e-06
7.7408e-06
7.7271e-06
7.7134e-06
7.6997e-06
7.686e-06
7.6723e-06
7.6586e-06
7.645e-06
7.6313e-06
7.6177e-06
7.6041e-06
7.5905e-06
7.5769e-06
7.5634e-06
7.5498e-06
7.5363e-06
7.5228e-06
7.5093e-06
7.4958e-06
7.4823e-06
7.4689e-06
7.4554e-06
7.442e-06
7.4286e-06
7.4152e-06
7.4018e-06
7.3885e-06
7.3751e-06
7.3618e-06
7.3485e-06
7.3352e-06
7.3219e-06
7.3086e-06
7.2954e-06
7.2821e-06
7.2689e-06
7.2557e-06
7.2425e-06
7.2293e-06
7.2162e-06
7.203e-06
7.1899e-06
7.1768e-06
7.1637e-06
7.1506e-06
7.1375e-06
7.1244e-06
7.1114e-06
7.0984e-06
7.0854e-06
7.0724e-06
7.0594e-06
7.0464e-06
7.0335e-06
7.0206e-06
7.0076e-06
6.9947e-06
6.9819e-06
6.969e-06
6.9561e-06
6.9433e-06
6.9305e-06
6.9177e-06
6.9049e-06
6.8921e-06
6.8793e-06
6.8666e-06
6.8539e-06
6.8411e-06
6.8284e-06
6.8158e-06
6.8031e-06
6.7904e-06
6.7778e-06
6.7652e-06
6.7526e-06
6.74e-06
6.7274e-06
6.7148e-06
6.7023e-06
6.6898e-06
6.6772e-06
6.6647e-06
6.6523e-06
6.6398e-06
6.6273e-06
6.6149e-06
6.6025e-06
6.5901e-06
6.5777e-06
6.5653e-06
6.5529e-06
6.5406e-06
6.5283e-06
6.516e-06
6.5037e-06
6.4914e-06
6.4791e-06
6.4669e-06
6.4546e-06
6.4424e-06
6.4302e-06
6.418e-06
6.4058e-06
6.3937e-06
6.3815e-06
6.3694e-06
6.3573e-06
6.3452e-06
6.3331e-06
6.321e-06
6.309e-06
6.2969e-06
6.2849e-06
6.2729e-06
6.2609e-06
6.249e-06
6.237e-06
6.2251e-06
6.2131e-06
6.2012e-06
6.1893e-06
6.1774e-06
6.1656e-06
6.1537e-06
6.1419e-06
6.1301e-06
6.1183e-06
6.1065e-06
6.0947e-06
6.083e-06
6.0712e-06
6.0595e-06
6.0478e-06
6.0361e-06
6.0244e-06
6.0127e-06
6.0011e-06
5.9894e-06
5.9778e-06
5.9662e-06
5.9546e-06
5.9431e-06
5.9315e-06
5.92e-06
5.9084e-06
5.8969e-06
5.8854e-06
5.874e-06
5.8625e-06
5.851e-06
5.8396e-06
5.8282e-06
5.8168e-06
5.8054e-06
5.794e-06
5.7827e-06
5.7713e-06
5.76e-06
5.7487e-06
5.7374e-06
5.7261e-06
5.7149e-06
5.7036e-06
5.6924e-06
5.6812e-06
5.67e-06
5.6588e-06
5.6476e-06
5.6364e-06
5.6253e-06
5.6142e-06
5.6031e-06
5.592e-06
5.5809e-06
5.5698e-06
5.5588e-06
5.5477e-06
5.5367e-06
5.5257e-06
5.5147e-06
5.5037e-06
5.4928e-06
5.4818e-06
5.4709e-06
5.46e-06
5.4491e-06
5.4382e-06
5.4274e-06
5.4165e-06
5.4057e-06
5.3948e-06
5.384e-06
5.3733e-06
5.3625e-06
5.3517e-06
5.341e-06
5.3302e-06
5.3195e-06
5.3088e-06
5.2981e-06
5.2875e-06
5.2768e-06
5.2662e-06
5.2556e-06
5.245e-06
5.2344e-06
5.2238e-06
5.2132e-06
5.2027e-06
5.1921e-06
5.1816e-06
5.1711e-06
5.1606e-06
5.1502e-06
5.1397e-06
5.1293e-06
5.1188e-06
5.1084e-06
5.098e-06
5.0876e-06
5.0773e-06
5.0669e-06
5.0566e-06
5.0463e-06
5.036e-06
5.0257e-06
5.0154e-06
5.0051e-06
4.9949e-06
4.9847e-06
4.9744e-06
4.9642e-06
4.9541e-06
4.9439e-06
4.9337e-06
4.9236e-06
4.9135e-06
4.9034e-06
4.8933e-06
4.8832e-06
4.8731e-06
4.8631e-06
4.853e-06
4.843e-06
4.833e-06
4.823e-06
4.813e-06
4.8031e-06
4.7931e-06
4.7832e-06
4.7733e-06
4.7634e-06
4.7535e-06
4.7436e-06
4.7338e-06
4.7239e-06
4.7141e-06
4.7043e-06
4.6945e-06
4.6847e-06
4.6749e-06
4.6652e-06
4.6554e-06
4.6457e-06
4.636e-06
4.6263e-06
4.6166e-06
4.607e-06
4.5973e-06
4.5877e-06
4.5781e-06
4.5685e-06
4.5589e-06
4.5493e-06
4.5397e-06
4.5302e-06
4.5206e-06
4.5111e-06
4.5016e-06
4.4921e-06
4.4827e-06
4.4732e-06
4.4638e-06
4.4543e-06
4.4449e-06
4.4355e-06
4.4261e-06
4.4168e-06
4.4074e-06
4.3981e-06
4.3887e-06
4.3794e-06
4.3701e-06
4.3608e-06
4.3516e-06
4.3423e-06
4.3331e-06
4.3238e-06
4.3146e-06
4.3054e-06
4.2963e-06
4.2871e-06
4.2779e-06
4.2688e-06
4.2597e-06
4.2506e-06
4.2415e-06
4.2324e-06
4.2233e-06
4.2143e-06
4.2052e-06
4.1962e-06
4.1872e-06
4.1782e-06
4.1692e-06
4.1602e-06
4.1513e-06
4.1424e-06
4.1334e-06
4.1245e-06
4.1156e-06
4.1068e-06
4.0979e-06
4.089e-06
4.0802e-06
4.0714e-06
4.0626e-06
4.0538e-06
4.045e-06
4.0362e-06
4.0275e-06
4.0187e-06
4.01e-06
4.0013e-06
3.9926e-06
3.9839e-06
3.9752e-06
3.9666e-06
3.958e-06
3.9493e-06
3.9407e-06
3.9321e-06
3.9235e-06
3.915e-06
3.9064e-06
3.8979e-06
3.8893e-06
3.8808e-06
3.8723e-06
3.8639e-06
3.8554e-06
3.8469e-06
3.8385e-06
3.8301e-06
3.8216e-06
3.8132e-06
3.8049e-06
3.7965e-06
3.7881e-06
3.7798e-06
3.7714e-06
3.7631e-06
3.7548e-06
3.7465e-06
3.7383e-06
3.73e-06
3.7217e-06
3.7135e-06
3.7053e-06
3.6971e-06
3.6889e-06
3.6807e-06
3.6725e-06
3.6644e-06
3.6563e-06
3.6481e-06
3.64e-06
3.6319e-06
3.6238e-06
3.6158e-06
3.6077e-06
3.5997e-06
3.5916e-06
3.5836e-06
3.5756e-06
3.5676e-06
3.5597e-06
3.5517e-06
3.5438e-06
3.5358e-06
3.5279e-06
3.52e-06
3.5121e-06
3.5042e-06
3.4964e-06
3.4885e-06
3.4807e-06
3.4728e-06
3.465e-06
3.4572e-06
3.4494e-06
3.4417e-06
3.4339e-06
3.4262e-06
3.4184e-06
3.4107e-06
3.403e-06
3.3953e-06
3.3876e-06
3.38e-06
3.3723e-06
3.3647e-06
3.3571e-06
3.3495e-06
3.3419e-06
3.3343e-06
3.3267e-06
3.3191e-06
3.3116e-06
3.3041e-06
3.2965e-06
3.289e-06
3.2815e-06
3.2741e-06
3.2666e-06
3.2591e-06
3.2517e-06
3.2443e-06
3.2369e-06
3.2295e-06
3.2221e-06
3.2147e-06
3.2073e-06
3.2e-06
3.1927e-06
3.1853e-06
3.178e-06
3.1707e-06
3.1634e-06
3.1562e-06
3.1489e-06
3.1417e-06
3.1344e-06
3.1272e-06
3.12e-06
3.1128e-06
3.1056e-06
3.0985e-06
3.0913e-06
3.0842e-06
3.0771e-06
3.0699e-06
3.0628e-06
3.0557e-06
3.0487e-06
3.0416e-06
3.0346e-06
3.0275e-06
3.0205e-06
3.0135e-06
3.0065e-06
2.9995e-06
2.9925e-06
2.9855e-06
2.9786e-06
2.9717e-06
2.9647e-06
2.9578e-06
2.9509e-06
2.944e-06
2.9372e-06
2.9303e-06
2.9234e-06
2.9166e-06
2.9098e-06
2.903e-06
2.8962e-06
2.8894e-06
2.8826e-06
2.8758e-06
2.8691e-06
2.8624e-06
2.8556e-06
2.8489e-06
2.8422e-06
2.8355e-06
2.8289e-06
2.8222e-06
2.8155e-06
2.8089e-06
2.8023e-06
2.7957e-06
2.7891e-06
2.7825e-06
2.7759e-06
2.7693e-06
2.7628e-06
2.7562e-06
2.7497e-06
2.7432e-06
2.7367e-06
2.7302e-06
2.7237e-06
2.7173e-06
2.7108e-06
2.7044e-06
2.6979e-06
2.6915e-06
2.6851e-06
2.6787e-06
2.6723e-06
2.6659e-06
2.6596e-06
2.6532e-06
2.6469e-06
2.6406e-06
2.6343e-06
2.628e-06
2.6217e-06
2.6154e-06
2.6092e-06
2.6029e-06
2.5967e-06
2.5904e-06
2.5842e-06
2.578e-06
2.5718e-06
2.5656e-06
2.5595e-06
2.5533e-06
2.5472e-06
2.541e-06
2.5349e-06
2.5288e-06
2.5227e-06
2.5166e-06
2.5105e-06
2.5045e-06
2.4984e-06
2.4924e-06
2.4864e-06
2.4804e-06
2.4743e-06
2.4684e-06
2.4624e-06
2.4564e-06
2.4504e-06
2.4445e-06
2.4386e-06
2.4326e-06
2.4267e-06
2.4208e-06
2.4149e-06
2.4091e-06
2.4032e-06
2.3973e-06
2.3915e-06
2.3857e-06
2.3798e-06
2.374e-06
2.3682e-06
2.3624e-06
2.3567e-06
2.3509e-06
2.3452e-06
2.3394e-06
2.3337e-06
2.328e-06
2.3223e-06
2.3166e-06
2.3109e-06
2.3052e-06
2.2995e-06
2.2939e-06
2.2882e-06
2.2826e-06
2.277e-06
2.2714e-06
2.2658e-06
2.2602e-06
2.2546e-06
2.2491e-06
2.2435e-06
2.238e-06
2.2324e-06
2.2269e-06
2.2214e-06
2.2159e-06
2.2104e-06
2.205e-06
2.1995e-06
2.194e-06
2.1886e-06
2.1832e-06
2.1778e-06
2.1723e-06
2.1669e-06
2.1616e-06
2.1562e-06
2.1508e-06
2.1455e-06
2.1401e-06
2.1348e-06
2.1295e-06
2.1241e-06
2.1188e-06
2.1135e-06
2.1083e-06
2.103e-06
2.0977e-06
2.0925e-06
2.0873e-06
2.082e-06
2.0768e-06
2.0716e-06
2.0664e-06
2.0612e-06
2.0561e-06
2.0509e-06
2.0457e-06
2.0406e-06
2.0355e-06
2.0303e-06
2.0252e-06
2.0201e-06
2.015e-06
2.01e-06
2.0049e-06
1.9998e-06
1.9948e-06
1.9897e-06
1.9847e-06
1.9797e-06
1.9747e-06
1.9697e-06
1.9647e-06
1.9597e-06
1.9548e-06
1.9498e-06
1.9449e-06
1.9399e-06
1.935e-06
1.9301e-06
1.9252e-06
1.9203e-06
1.9154e-06
1.9105e-06
1.9057e-06
1.9008e-06
1.896e-06
1.8911e-06
1.8863e-06
1.8815e-06
1.8767e-06
1.8719e-06
1.8671e-06
1.8623e-06
1.8576e-06
1.8528e-06
1.8481e-06
1.8434e-06
1.8386e-06
1.8339e-06
1.8292e-06
1.8245e-06
1.8198e-06
1.8152e-06
1.8105e-06
1.8058e-06
1.8012e-06
1.7966e-06
1.7919e-06
1.7873e-06
1.7827e-06
1.7781e-06
1.7735e-06
1.769e-06
1.7644e-06
1.7598e-06
1.7553e-06
1.7507e-06
1.7462e-06
1.7417e-06
1.7372e-06
1.7327e-06
1.7282e-06
1.7237e-06
1.7193e-06
1.7148e-06
1.7103e-06
1.7059e-06
1.7015e-06
1.697e-06
1.6926e-06
1.6882e-06
1.6838e-06
1.6794e-06
1.6751e-06
1.6707e-06
1.6663e-06
1.662e-06
1.6577e-06
1.6533e-06
1.649e-06
1.6447e-06
1.6404e-06
1.6361e-06
1.6318e-06
1.6276e-06
1.6233e-06
1.619e-06
1.6148e-06
1.6106e-06
1.6063e-06
1.6021e-06
1.5979e-06
1.5937e-06
1.5895e-06
1.5853e-06
1.5812e-06
1.577e-06
1.5728e-06
1.5687e-06
1.5646e-06
1.5604e-06
1.5563e-06
1.5522e-06
1.5481e-06
1.544e-06
1.5399e-06
1.5359e-06
1.5318e-06
1.5277e-06
1.5237e-06
1.5197e-06
1.5156e-06
1.5116e-06
1.5076e-06
1.5036e-06
1.4996e-06
1.4956e-06
1.4917e-06
1.4877e-06
1.4837e-06
1.4798e-06
1.4758e-06
1.4719e-06
1.468e-06
1.4641e-06
1.4602e-06
1.4563e-06
1.4524e-06
1.4485e-06
1.4446e-06
1.4408e-06
1.4369e-06
1.4331e-06
1.4292e-06
1.4254e-06
1.4216e-06
1.4178e-06
1.414e-06
1.4102e-06
1.4064e-06
1.4026e-06
1.3989e-06
1.3951e-06
1.3913e-06
1.3876e-06
1.3839e-06
1.3801e-06
1.3764e-06
1.3727e-06
1.369e-06
1.3653e-06
1.3616e-06
1.358e-06
1.3543e-06
1.3506e-06
1.347e-06
1.3433e-06
1.3397e-06
1.3361e-06
1.3325e-06
1.3289e-06
1.3253e-06
1.3217e-06
1.3181e-06
1.3145e-06
1.3109e-06
1.3074e-06
1.3038e-06
1.3003e-06
1.2967e-06
1.2932e-06
1.2897e-06
1.2862e-06
1.2827e-06
1.2792e-06
1.2757e-06
1.2722e-06
1.2687e-06
1.2653e-06
1.2618e-06
1.2584e-06
1.2549e-06
1.2515e-06
1.2481e-06
1.2447e-06
1.2413e-06
1.2379e-06
1.2345e-06
1.2311e-06
1.2277e-06
1.2243e-06
1.221e-06
1.2176e-06
1.2143e-06
1.2109e-06
1.2076e-06
1.2043e-06
1.201e-06
1.1976e-06
1.1943e-06
1.1911e-06
1.1878e-06
1.1845e-06
1.1812e-06
1.178e-06
1.1747e-06
1.1715e-06
1.1682e-06
1.165e-06
1.1618e-06
1.1586e-06
1.1553e-06
1.1521e-06
1.1489e-06
1.1458e-06
1.1426e-06
1.1394e-06
1.1362e-06
1.1331e-06
1.1299e-06
1.1268e-06
1.1237e-06
1.1205e-06
1.1174e-06
1.1143e-06
1.1112e-06
1.1081e-06
1.105e-06
1.1019e-06
1.0989e-06
1.0958e-06
1.0927e-06
1.0897e-06
1.0866e-06
1.0836e-06
1.0806e-06
1.0775e-06
1.0745e-06
1.0715e-06
1.0685e-06
1.0655e-06
1.0625e-06
1.0595e-06
1.0566e-06
1.0536e-06
1.0506e-06
1.0477e-06
1.0447e-06
1.0418e-06
1.0389e-06
1.0359e-06
1.033e-06
1.0301e-06
1.0272e-06
1.0243e-06
1.0214e-06
1.0185e-06
1.0157e-06
1.0128e-06
1.0099e-06
1.0071e-06
1.0042e-06
1.0014e-06
9.9854e-07
9.9571e-07
9.9289e-07
9.9007e-07
9.8727e-07
9.8446e-07
9.8167e-07
9.7888e-07
9.761e-07
9.7333e-07
9.7056e-07
9.678e-07
9.6504e-07
9.623e-07
9.5956e-07
9.5682e-07
9.541e-07
9.5137e-07
9.4866e-07
9.4595e-07
9.4325e-07
9.4056e-07
9.3787e-07
9.3519e-07
9.3251e-07
9.2985e-07
9.2719e-07
9.2453e-07
9.2188e-07
9.1924e-07
9.166e-07
9.1398e-07
9.1135e-07
9.0874e-07
9.0613e-07
9.0352e-07
9.0093e-07
8.9834e-07
8.9575e-07
8.9317e-07
8.906e-07
8.8804e-07
8.8548e-07
8.8293e-07
8.8038e-07
8.7784e-07
8.7531e-07
8.7278e-07
8.7026e-07
8.6774e-07
8.6524e-07
8.6273e-07
8.6024e-07
8.5775e-07
8.5526e-07
8.5279e-07
8.5032e-07
8.4785e-07
8.4539e-07
8.4294e-07
8.4049e-07
8.3805e-07
8.3562e-07
8.3319e-07
8.3077e-07
8.2835e-07
8.2594e-07
8.2354e-07
8.2114e-07
8.1874e-07
8.1636e-07
8.1398e-07
8.116e-07
8.0924e-07
8.0687e-07
8.0452e-07
8.0217e-07
7.9982e-07
7.9748e-07
7.9515e-07
7.9282e-07
7.905e-07
7.8819e-07
7.8588e-07
7.8357e-07
7.8128e-07
7.7898e-07
7.767e-07
7.7442e-07
7.7214e-07
7.6988e-07
7.6761e-07
7.6536e-07
7.631e-07
7.6086e-07
7.5862e-07
7.5638e-07
7.5415e-07
7.5193e-07
7.4971e-07
7.475e-07
7.453e-07
7.431e-07
7.409e-07
7.3871e-07
7.3653e-07
7.3435e-07
7.3218e-07
7.3001e-07
7.2785e-07
7.2569e-07
7.2354e-07
7.214e-07
7.1926e-07
7.1713e-07
7.15e-07
7.1288e-07
7.1076e-07
7.0865e-07
7.0654e-07
7.0444e-07
7.0234e-07
7.0025e-07
6.9817e-07
6.9609e-07
6.9401e-07
6.9195e-07
6.8988e-07
6.8782e-07
6.8577e-07
6.8372e-07
6.8168e-07
6.7965e-07
6.7761e-07
6.7559e-07
6.7357e-07
6.7155e-07
6.6954e-07
6.6754e-07
6.6554e-07
6.6354e-07
6.6155e-07
6.5957e-07
6.5759e-07
6.5561e-07
6.5365e-07
6.5168e-07
6.4972e-07
6.4777e-07
6.4582e-07
6.4388e-07
6.4194e-07
6.4001e-07
6.3808e-07
6.3616e-07
6.3424e-07
6.3232e-07
6.3042e-07
6.2851e-07
6.2662e-07
6.2472e-07
6.2284e-07
6.2095e-07
6.1907e-07
6.172e-07
6.1533e-07
6.1347e-07
6.1161e-07
6.0976e-07
6.0791e-07
6.0607e-07
6.0423e-07
6.0239e-07
6.0057e-07
5.9874e-07
5.9692e-07
5.9511e-07
5.933e-07
5.9149e-07
5.8969e-07
5.879e-07
5.8611e-07
5.8432e-07
5.8254e-07
5.8077e-07
5.79e-07
5.7723e-07
5.7547e-07
5.7371e-07
5.7196e-07
5.7021e-07
5.6847e-07
5.6673e-07
5.6499e-07
5.6326e-07
5.6154e-07
5.5982e-07
5.581e-07
5.5639e-07
5.5469e-07
5.5299e-07
5.5129e-07
5.496e-07
5.4791e-07
5.4623e-07
5.4455e-07
5.4287e-07
5.412e-07
5.3954e-07
5.3788e-07
5.3622e-07
5.3457e-07
5.3292e-07
5.3128e-07
5.2964e-07
5.2801e-07
5.2638e-07
5.2475e-07
5.2313e-07
5.2152e-07
5.1991e-07
5.183e-07
5.1669e-07
5.151e-07
5.135e-07
5.1191e-07
5.1033e-07
5.0874e-07
5.0717e-07
5.056e-07
5.0403e-07
5.0246e-07
5.009e-07
4.9935e-07
4.978e-07
4.9625e-07
4.9471e-07
4.9317e-07
4.9163e-07
4.901e-07
4.8858e-07
4.8706e-07
4.8554e-07
4.8402e-07
4.8252e-07
4.8101e-07
4.7951e-07
4.7801e-07
4.7652e-07
4.7503e-07
4.7355e-07
4.7207e-07
4.7059e-07
4.6912e-07
4.6765e-07
4.6619e-07
4.6473e-07
4.6327e-07
4.6182e-07
4.6037e-07
4.5893e-07
4.5749e-07
4.5605e-07
4.5462e-07
4.5319e-07
4.5177e-07
4.5035e-07
4.4893e-07
4.4752e-07
4.4611e-07
4.4471e-07
4.4331e-07
4.4191e-07
4.4052e-07
4.3913e-07
4.3775e-07
4.3637e-07
4.3499e-07
4.3362e-07
4.3225e-07
4.3088e-07
4.2952e-07
4.2816e-07
4.2681e-07
4.2546e-07
4.2411e-07
4.2277e-07
4.2143e-07
4.201e-07
4.1877e-07
4.1744e-07
4.1612e-07
4.148e-07
4.1348e-07
4.1217e-07
4.1086e-07
4.0956e-07
4.0826e-07
4.0696e-07
4.0566e-07
4.0437e-07
4.0309e-07
4.0181e-07
4.0053e-07
3.9925e-07
3.9798e-07
3.9671e-07
3.9545e-07
3.9419e-07
3.9293e-07
3.9168e-07
3.9043e-07
3.8918e-07
3.8794e-07
3.867e-07
3.8546e-07
3.8423e-07
3.83e-07
3.8177e-07
3.8055e-07
3.7933e-07
3.7812e-07
3.7691e-07
3.757e-07
3.745e-07
3.733e-07
3.721e-07
3.7091e-07
3.6972e-07
3.6853e-07
3.6734e-07
3.6616e-07
3.6499e-07
3.6382e-07
3.6265e-07
3.6148e-07
3.6032e-07
3.5916e-07
3.58e-07
3.5685e-07
3.557e-07
3.5455e-07
3.5341e-07
3.5227e-07
3.5113e-07
3.5e-07
3.4887e-07
3.4775e-07
3.4662e-07
3.455e-07
3.4439e-07
3.4327e-07
3.4216e-07
3.4106e-07
3.3996e-07
3.3886e-07
3.3776e-07
3.3667e-07
3.3558e-07
3.3449e-07
3.334e-07
3.3232e-07
3.3125e-07
3.3017e-07
3.291e-07
3.2803e-07
3.2697e-07
3.2591e-07
3.2485e-07
3.238e-07
3.2274e-07
3.2169e-07
3.2065e-07
3.1961e-07
3.1857e-07
3.1753e-07
3.165e-07
3.1547e-07
3.1444e-07
3.1342e-07
3.124e-07
3.1138e-07
3.1036e-07
3.0935e-07
3.0834e-07
3.0734e-07
3.0634e-07
3.0534e-07
3.0434e-07
3.0335e-07
3.0236e-07
3.0137e-07
3.0038e-07
2.994e-07
2.9842e-07
2.9745e-07
2.9648e-07
2.9551e-07
2.9454e-07
2.9358e-07
2.9262e-07
2.9166e-07
2.907e-07
2.8975e-07
2.888e-07
2.8786e-07
2.8691e-07
2.8597e-07
2.8504e-07
2.841e-07
2.8317e-07
2.8224e-07
2.8132e-07
2.8039e-07
2.7947e-07
2.7856e-07
2.7764e-07
2.7673e-07
2.7582e-07
2.7492e-07
2.7401e-07
2.7311e-07
2.7222e-07
2.7132e-07
2.7043e-07
2.6954e-07
2.6866e-07
2.6777e-07
2.6689e-07
2.6601e-07
2.6514e-07
2.6427e-07
2.634e-07
2.6253e-07
2.6167e-07
2.6081e-07
2.5995e-07
2.5909e-07
2.5824e-07
2.5739e-07
2.5654e-07
2.557e-07
2.5485e-07
2.5402e-07
2.5318e-07
2.5234e-07
2.5151e-07
2.5068e-07
2.4986e-07
2.4904e-07
2.4822e-07
2.474e-07
2.4658e-07
2.4577e-07
2.4496e-07
2.4415e-07
2.4335e-07
2.4255e-07
2.4175e-07
2.4095e-07
2.4016e-07
2.3936e-07
2.3858e-07
2.3779e-07
2.3701e-07
2.3622e-07
2.3545e-07
2.3467e-07
2.339e-07
2.3313e-07
2.3236e-07
2.3159e-07
2.3083e-07
2.3007e-07
2.2931e-07
2.2856e-07
2.278e-07
2.2705e-07
2.2631e-07
2.2556e-07
2.2482e-07
2.2408e-07
2.2334e-07
2.226e-07
2.2187e-07
2.2114e-07
2.2042e-07
2.1969e-07
2.1897e-07
2.1825e-07
2.1753e-07
2.1682e-07
2.161e-07
2.1539e-07
2.1469e-07
2.1398e-07
2.1328e-07
2.1258e-07
2.1188e-07
2.1119e-07
2.1049e-07
2.098e-07
2.0911e-07
2.0843e-07
2.0775e-07
2.0707e-07
2.0639e-07
2.0571e-07
2.0504e-07
2.0437e-07
2.037e-07
2.0304e-07
2.0237e-07
2.0171e-07
2.0105e-07
2.004e-07
1.9974e-07
1.9909e-07
1.9844e-07
1.978e-07
1.9715e-07
1.9651e-07
1.9587e-07
1.9524e-07
1.946e-07
1.9397e-07
1.9334e-07
1.9271e-07
1.9209e-07
1.9147e-07
1.9085e-07
1.9023e-07
1.8961e-07
1.89e-07
1.8839e-07
1.8778e-07
1.8718e-07
1.8657e-07
1.8597e-07
1.8537e-07
1.8478e-07
1.8418e-07
1.8359e-07
1.83e-07
1.8242e-07
1.8183e-07
1.8125e-07
1.8067e-07
1.8009e-07
1.7952e-07
1.7895e-07
1.7838e-07
1.7781e-07
1.7724e-07
1.7668e-07
1.7612e-07
1.7556e-07
1.7501e-07
1.7445e-07
1.739e-07
1.7335e-07
1.7281e-07
1.7226e-07
1.7172e-07
1.7118e-07
1.7064e-07
1.7011e-07
1.6958e-07
1.6905e-07
1.6852e-07
1.6799e-07
1.6747e-07
1.6695e-07
1.6643e-07
1.6592e-07
1.654e-07
1.6489e-07
1.6438e-07
1.6388e-07
1.6337e-07
1.6287e-07
1.6237e-07
1.6188e-07
1.6138e-07
1.6089e-07
1.604e-07
1.5991e-07
1.5943e-07
1.5895e-07
1.5847e-07
1.5799e-07
1.5751e-07
1.5704e-07
1.5657e-07
1.561e-07
1.5564e-07
1.5517e-07
1.5471e-07
1.5425e-07
1.538e-07
1.5334e-07
1.5289e-07
1.5244e-07
1.52e-07
1.5155e-07
1.5111e-07
1.5067e-07
1.5024e-07
1.498e-07
1.4937e-07
1.4894e-07
1.4851e-07
