5.7878e-09
5.7714e-09
5.7551e-09
5.7388e-09
5.7226e-09
5.7064e-09
5.6903e-09
5.6742e-09
5.6581e-09
5.6421e-09
5.6261e-09
5.6102e-09
5.5943e-09
5.5784e-09
5.5626e-09
5.5468e-09
5.5311e-09
5.5154e-09
5.4997e-09
5.4841e-09
5.4685e-09
5.453e-09
5.4375e-09
5.422e-09
5.4066e-09
5.3912e-09
5.3759e-09
5.3606e-09
5.3454e-09
5.3301e-09
5.315e-09
5.2998e-09
5.2847e-09
5.2697e-09
5.2547e-09
5.2397e-09
5.2248e-09
5.2099e-09
5.195e-09
5.1802e-09
5.1654e-09
5.1507e-09
5.136e-09
5.1213e-09
5.1067e-09
5.0921e-09
5.0775e-09
5.063e-09
5.0486e-09
5.0341e-09
5.0197e-09
5.0054e-09
4.9911e-09
4.9768e-09
4.9626e-09
4.9484e-09
4.9342e-09
4.9201e-09
4.906e-09
4.892e-09
4.8779e-09
4.864e-09
4.85e-09
4.8361e-09
4.8223e-09
4.8085e-09
4.7947e-09
4.7809e-09
4.7672e-09
4.7536e-09
4.7399e-09
4.7263e-09
4.7128e-09
4.6993e-09
4.6858e-09
4.6723e-09
4.6589e-09
4.6456e-09
4.6322e-09
4.6189e-09
4.6057e-09
4.5924e-09
4.5792e-09
4.5661e-09
4.553e-09
4.5399e-09
4.5269e-09
4.5139e-09
4.5009e-09
4.488e-09
4.4751e-09
4.4622e-09
4.4494e-09
4.4366e-09
4.4238e-09
4.4111e-09
4.3984e-09
4.3858e-09
4.3732e-09
4.3606e-09
4.3481e-09
4.3356e-09
4.3231e-09
4.3107e-09
4.2983e-09
4.2859e-09
4.2736e-09
4.2613e-09
4.2491e-09
4.2369e-09
4.2247e-09
4.2125e-09
4.2004e-09
4.1883e-09
4.1763e-09
4.1643e-09
4.1523e-09
4.1404e-09
4.1285e-09
4.1166e-09
4.1048e-09
4.093e-09
4.0812e-09
4.0695e-09
4.0578e-09
4.0462e-09
4.0345e-09
4.0229e-09
4.0114e-09
3.9999e-09
3.9884e-09
3.9769e-09
3.9655e-09
3.9541e-09
3.9428e-09
3.9315e-09
3.9202e-09
3.9089e-09
3.8977e-09
3.8865e-09
3.8754e-09
3.8643e-09
3.8532e-09
3.8421e-09
3.8311e-09
3.8202e-09
3.8092e-09
3.7983e-09
3.7874e-09
3.7766e-09
3.7658e-09
3.755e-09
3.7443e-09
3.7335e-09
3.7229e-09
3.7122e-09
3.7016e-09
3.691e-09
3.6805e-09
3.67e-09
3.6595e-09
3.6491e-09
3.6387e-09
3.6283e-09
3.6179e-09
3.6076e-09
3.5973e-09
3.5871e-09
3.5769e-09
3.5667e-09
3.5565e-09
3.5464e-09
3.5363e-09
3.5263e-09
3.5163e-09
3.5063e-09
3.4963e-09
3.4864e-09
3.4765e-09
3.4667e-09
3.4568e-09
3.447e-09
3.4373e-09
3.4276e-09
3.4179e-09
3.4082e-09
3.3986e-09
3.389e-09
3.3794e-09
3.3699e-09
3.3604e-09
3.3509e-09
3.3414e-09
3.332e-09
3.3227e-09
3.3133e-09
3.304e-09
3.2947e-09
3.2855e-09
3.2763e-09
3.2671e-09
3.2579e-09
3.2488e-09
3.2397e-09
3.2307e-09
3.2216e-09
3.2126e-09
3.2037e-09
3.1947e-09
3.1858e-09
3.177e-09
3.1681e-09
3.1593e-09
3.1506e-09
3.1418e-09
3.1331e-09
3.1244e-09
3.1158e-09
3.1071e-09
3.0986e-09
3.09e-09
3.0815e-09
3.073e-09
3.0645e-09
3.0561e-09
3.0477e-09
3.0393e-09
3.031e-09
3.0227e-09
3.0144e-09
3.0062e-09
2.9979e-09
2.9898e-09
2.9816e-09
2.9735e-09
2.9654e-09
2.9573e-09
2.9493e-09
2.9413e-09
2.9333e-09
2.9254e-09
2.9175e-09
2.9096e-09
2.9018e-09
2.894e-09
2.8862e-09
2.8784e-09
2.8707e-09
2.863e-09
2.8554e-09
2.8478e-09
2.8402e-09
2.8326e-09
2.8251e-09
2.8175e-09
2.8101e-09
2.8026e-09
2.7952e-09
2.7878e-09
2.7805e-09
2.7732e-09
2.7659e-09
2.7586e-09
2.7514e-09
2.7442e-09
2.737e-09
2.7299e-09
2.7228e-09
2.7157e-09
2.7086e-09
2.7016e-09
2.6946e-09
2.6877e-09
2.6808e-09
2.6739e-09
2.667e-09
2.6602e-09
2.6534e-09
2.6466e-09
2.6399e-09
2.6331e-09
2.6265e-09
2.6198e-09
2.6132e-09
2.6066e-09
2.6e-09
2.5935e-09
2.587e-09
2.5806e-09
2.5741e-09
2.5677e-09
2.5613e-09
2.555e-09
2.5487e-09
2.5424e-09
2.5361e-09
2.5299e-09
2.5237e-09
2.5176e-09
2.5114e-09
2.5053e-09
2.4993e-09
2.4932e-09
2.4872e-09
2.4812e-09
2.4753e-09
2.4694e-09
2.4635e-09
2.4576e-09
2.4518e-09
2.446e-09
2.4403e-09
2.4345e-09
2.4288e-09
2.4231e-09
2.4175e-09
2.4119e-09
2.4063e-09
2.4008e-09
2.3953e-09
2.3898e-09
2.3843e-09
2.3789e-09
2.3735e-09
2.3681e-09
2.3628e-09
2.3575e-09
2.3522e-09
2.347e-09
2.3418e-09
2.3366e-09
2.3315e-09
2.3263e-09
2.3212e-09
2.3162e-09
2.3112e-09
2.3062e-09
2.3012e-09
2.2963e-09
2.2914e-09
2.2865e-09
2.2817e-09
2.2769e-09
2.2721e-09
2.2674e-09
2.2627e-09
2.258e-09
2.2533e-09
2.2487e-09
2.2441e-09
2.2396e-09
2.2351e-09
2.2306e-09
2.2261e-09
2.2217e-09
2.2173e-09
2.2129e-09
2.2086e-09
2.2043e-09
2.2e-09
2.1958e-09
2.1916e-09
2.1874e-09
2.1833e-09
2.1792e-09
2.1751e-09
2.171e-09
2.167e-09
2.1631e-09
2.1591e-09
2.1552e-09
2.1513e-09
2.1475e-09
2.1436e-09
2.1399e-09
2.1361e-09
2.1324e-09
2.1287e-09
2.125e-09
2.1214e-09
2.1178e-09
2.1143e-09
2.1107e-09
2.1072e-09
2.1038e-09
2.1004e-09
2.097e-09
2.0936e-09
2.0903e-09
2.087e-09
2.0837e-09
2.0805e-09
2.0773e-09
2.0741e-09
2.071e-09
2.0679e-09
2.0648e-09
2.0618e-09
2.0588e-09
2.0559e-09
2.0529e-09
2.05e-09
2.0472e-09
2.0444e-09
2.0416e-09
2.0388e-09
2.0361e-09
2.0334e-09
2.0308e-09
2.0281e-09
2.0255e-09
2.023e-09
2.0205e-09
2.018e-09
2.0156e-09
2.0131e-09
2.0108e-09
2.0084e-09
2.0061e-09
2.0038e-09
2.0016e-09
1.9994e-09
1.9972e-09
1.9951e-09
1.993e-09
1.9909e-09
1.9889e-09
1.9869e-09
1.985e-09
1.9831e-09
1.9812e-09
1.9793e-09
1.9775e-09
1.9758e-09
1.974e-09
1.9723e-09
1.9706e-09
1.969e-09
1.9674e-09
1.9659e-09
1.9644e-09
1.9629e-09
1.9614e-09
1.96e-09
1.9587e-09
1.9573e-09
1.956e-09
1.9548e-09
1.9535e-09
1.9524e-09
1.9512e-09
1.9501e-09
1.949e-09
1.948e-09
1.947e-09
1.9461e-09
1.9451e-09
1.9443e-09
1.9434e-09
1.9426e-09
1.9419e-09
1.9411e-09
1.9404e-09
1.9398e-09
1.9392e-09
1.9386e-09
1.9381e-09
1.9376e-09
1.9372e-09
1.9367e-09
1.9364e-09
1.936e-09
1.9358e-09
1.9355e-09
1.9353e-09
1.9351e-09
1.935e-09
1.9349e-09
1.9349e-09
1.9349e-09
1.9349e-09
1.935e-09
1.9351e-09
1.9353e-09
1.9355e-09
1.9357e-09
1.936e-09
1.9363e-09
1.9367e-09
1.9371e-09
1.9375e-09
1.938e-09
1.9386e-09
1.9391e-09
1.9398e-09
1.9404e-09
1.9411e-09
1.9419e-09
1.9427e-09
1.9435e-09
1.9444e-09
1.9453e-09
1.9463e-09
1.9473e-09
1.9484e-09
1.9495e-09
1.9506e-09
1.9518e-09
1.9531e-09
1.9544e-09
1.9557e-09
1.9571e-09
1.9585e-09
1.96e-09
1.9615e-09
1.963e-09
1.9646e-09
1.9663e-09
1.968e-09
1.9697e-09
1.9715e-09
1.9733e-09
1.9752e-09
1.9772e-09
1.9791e-09
1.9812e-09
1.9832e-09
1.9854e-09
1.9875e-09
1.9897e-09
1.992e-09
1.9943e-09
1.9967e-09
1.9991e-09
2.0016e-09
2.0041e-09
2.0067e-09
2.0093e-09
2.0119e-09
2.0146e-09
2.0174e-09
2.0202e-09
2.0231e-09
2.026e-09
2.029e-09
2.032e-09
2.0351e-09
2.0382e-09
2.0414e-09
2.0446e-09
2.0479e-09
2.0512e-09
2.0546e-09
2.058e-09
2.0615e-09
2.0651e-09
2.0686e-09
2.0723e-09
2.076e-09
2.0798e-09
2.0836e-09
2.0874e-09
2.0914e-09
2.0954e-09
2.0994e-09
2.1035e-09
2.1076e-09
2.1118e-09
2.1161e-09
2.1204e-09
2.1248e-09
2.1292e-09
2.1337e-09
2.1382e-09
2.1428e-09
2.1475e-09
2.1522e-09
2.157e-09
2.1618e-09
2.1667e-09
2.1717e-09
2.1767e-09
2.1817e-09
2.1869e-09
2.1921e-09
2.1973e-09
2.2026e-09
2.208e-09
2.2134e-09
2.2189e-09
2.2245e-09
2.2301e-09
2.2358e-09
2.2415e-09
2.2473e-09
2.2532e-09
2.2591e-09
2.2651e-09
2.2712e-09
2.2773e-09
2.2835e-09
2.2898e-09
2.2961e-09
2.3025e-09
2.3089e-09
2.3154e-09
2.322e-09
2.3287e-09
2.3354e-09
2.3422e-09
2.349e-09
2.3559e-09
2.3629e-09
2.37e-09
2.3771e-09
2.3843e-09
2.3915e-09
2.3989e-09
2.4063e-09
2.4137e-09
2.4213e-09
2.4289e-09
2.4366e-09
2.4443e-09
2.4521e-09
2.46e-09
2.468e-09
2.476e-09
2.4841e-09
2.4923e-09
2.5006e-09
2.5089e-09
2.5173e-09
2.5258e-09
2.5344e-09
2.543e-09
2.5517e-09
2.5605e-09
2.5694e-09
2.5783e-09
2.5873e-09
2.5964e-09
2.6056e-09
2.6148e-09
2.6241e-09
2.6335e-09
2.643e-09
2.6526e-09
2.6622e-09
2.6719e-09
2.6817e-09
2.6916e-09
2.7016e-09
2.7116e-09
2.7218e-09
2.732e-09
2.7423e-09
2.7526e-09
2.7631e-09
2.7737e-09
2.7843e-09
2.795e-09
2.8058e-09
2.8167e-09
2.8277e-09
2.8387e-09
2.8499e-09
2.8611e-09
2.8724e-09
2.8838e-09
2.8953e-09
2.9069e-09
2.9186e-09
2.9303e-09
2.9422e-09
2.9541e-09
2.9662e-09
2.9783e-09
2.9905e-09
3.0028e-09
3.0152e-09
3.0277e-09
3.0403e-09
3.053e-09
3.0658e-09
3.0786e-09
3.0916e-09
3.1047e-09
3.1178e-09
3.1311e-09
3.1444e-09
3.1579e-09
3.1714e-09
3.1851e-09
3.1988e-09
3.2127e-09
3.2266e-09
3.2407e-09
3.2548e-09
3.2691e-09
3.2834e-09
3.2979e-09
3.3125e-09
3.3271e-09
3.3419e-09
3.3568e-09
3.3717e-09
3.3868e-09
3.402e-09
3.4173e-09
3.4327e-09
3.4482e-09
3.4638e-09
3.4795e-09
3.4954e-09
3.5113e-09
3.5274e-09
3.5435e-09
3.5598e-09
3.5762e-09
3.5927e-09
3.6093e-09
3.626e-09
3.6429e-09
3.6598e-09
3.6769e-09
3.6941e-09
3.7114e-09
3.7288e-09
3.7463e-09
3.764e-09
3.7818e-09
3.7997e-09
3.8177e-09
3.8358e-09
3.8541e-09
3.8724e-09
3.8909e-09
3.9095e-09
3.9283e-09
3.9471e-09
3.9661e-09
3.9852e-09
4.0045e-09
4.0238e-09
4.0433e-09
4.063e-09
4.0827e-09
4.1026e-09
4.1226e-09
4.1427e-09
4.163e-09
4.1834e-09
4.2039e-09
4.2246e-09
4.2454e-09
4.2663e-09
4.2874e-09
4.3086e-09
4.3299e-09
4.3514e-09
4.373e-09
4.3947e-09
4.4166e-09
4.4386e-09
4.4608e-09
4.4831e-09
4.5056e-09
4.5281e-09
4.5509e-09
4.5737e-09
4.5968e-09
4.6199e-09
4.6432e-09
4.6667e-09
4.6903e-09
4.714e-09
4.7379e-09
4.762e-09
4.7862e-09
4.8105e-09
4.835e-09
4.8597e-09
4.8845e-09
4.9094e-09
4.9345e-09
4.9598e-09
4.9852e-09
5.0108e-09
5.0365e-09
5.0624e-09
5.0885e-09
5.1147e-09
5.141e-09
5.1676e-09
5.1943e-09
5.2211e-09
5.2481e-09
5.2753e-09
5.3027e-09
5.3302e-09
5.3579e-09
5.3857e-09
5.4138e-09
5.4419e-09
5.4703e-09
5.4988e-09
5.5275e-09
5.5564e-09
5.5855e-09
5.6147e-09
5.6441e-09
5.6736e-09
5.7034e-09
5.7333e-09
5.7634e-09
5.7937e-09
5.8242e-09
5.8548e-09
5.8857e-09
5.9167e-09
5.9479e-09
5.9793e-09
6.0108e-09
6.0426e-09
6.0745e-09
6.1067e-09
6.139e-09
6.1715e-09
6.2042e-09
6.2371e-09
6.2702e-09
6.3035e-09
6.337e-09
6.3706e-09
6.4045e-09
6.4386e-09
6.4728e-09
6.5073e-09
6.542e-09
6.5769e-09
6.6119e-09
6.6472e-09
6.6827e-09
6.7184e-09
6.7543e-09
6.7904e-09
6.8267e-09
6.8632e-09
6.9e-09
6.9369e-09
6.9741e-09
7.0115e-09
7.0491e-09
7.0869e-09
7.1249e-09
7.1631e-09
7.2016e-09
7.2403e-09
7.2792e-09
7.3183e-09
7.3577e-09
7.3972e-09
7.437e-09
7.4771e-09
7.5173e-09
7.5578e-09
7.5985e-09
7.6395e-09
7.6807e-09
7.7221e-09
7.7637e-09
7.8056e-09
7.8478e-09
7.8901e-09
7.9327e-09
7.9756e-09
8.0187e-09
8.062e-09
8.1056e-09
8.1494e-09
8.1935e-09
8.2378e-09
8.2823e-09
8.3272e-09
8.3722e-09
8.4175e-09
8.4631e-09
8.5089e-09
8.555e-09
8.6014e-09
8.648e-09
8.6948e-09
8.742e-09
8.7894e-09
8.837e-09
8.8849e-09
8.9331e-09
8.9816e-09
9.0303e-09
9.0793e-09
9.1285e-09
9.1781e-09
9.2279e-09
9.278e-09
9.3283e-09
9.379e-09
9.4299e-09
9.4811e-09
9.5326e-09
9.5844e-09
9.6364e-09
9.6888e-09
9.7414e-09
9.7943e-09
9.8475e-09
9.901e-09
9.9548e-09
1.0009e-08
1.0063e-08
1.0118e-08
1.0173e-08
1.0228e-08
1.0284e-08
1.034e-08
1.0396e-08
1.0452e-08
1.0509e-08
1.0566e-08
1.0624e-08
1.0682e-08
1.074e-08
1.0798e-08
1.0857e-08
1.0916e-08
1.0975e-08
1.1035e-08
1.1095e-08
1.1155e-08
1.1216e-08
1.1277e-08
1.1338e-08
1.14e-08
1.1462e-08
1.1524e-08
1.1586e-08
1.1649e-08
1.1713e-08
1.1776e-08
1.184e-08
1.1905e-08
1.1969e-08
1.2034e-08
1.21e-08
1.2165e-08
1.2232e-08
1.2298e-08
1.2365e-08
1.2432e-08
1.2499e-08
1.2567e-08
1.2636e-08
1.2704e-08
1.2773e-08
1.2842e-08
1.2912e-08
1.2982e-08
1.3053e-08
1.3123e-08
1.3195e-08
1.3266e-08
1.3338e-08
1.341e-08
1.3483e-08
1.3556e-08
1.363e-08
1.3704e-08
1.3778e-08
1.3853e-08
1.3928e-08
1.4003e-08
1.4079e-08
1.4155e-08
1.4232e-08
1.4309e-08
1.4386e-08
1.4464e-08
1.4543e-08
1.4621e-08
1.47e-08
1.478e-08
1.486e-08
1.494e-08
1.5021e-08
1.5102e-08
1.5184e-08
1.5266e-08
1.5348e-08
1.5431e-08
1.5515e-08
1.5598e-08
1.5683e-08
1.5767e-08
1.5853e-08
1.5938e-08
1.6024e-08
1.6111e-08
1.6197e-08
1.6285e-08
1.6373e-08
1.6461e-08
1.655e-08
1.6639e-08
1.6728e-08
1.6819e-08
1.6909e-08
1.7e-08
1.7092e-08
1.7184e-08
1.7276e-08
1.7369e-08
1.7463e-08
1.7557e-08
1.7651e-08
1.7746e-08
1.7841e-08
1.7937e-08
1.8034e-08
1.813e-08
1.8228e-08
1.8326e-08
1.8424e-08
1.8523e-08
1.8622e-08
1.8722e-08
1.8823e-08
1.8924e-08
1.9025e-08
1.9127e-08
1.9229e-08
1.9332e-08
1.9436e-08
1.954e-08
1.9645e-08
1.975e-08
1.9856e-08
1.9962e-08
2.0068e-08
2.0176e-08
2.0284e-08
2.0392e-08
2.0501e-08
2.0611e-08
2.0721e-08
2.0831e-08
2.0942e-08
2.1054e-08
2.1166e-08
2.1279e-08
2.1393e-08
2.1507e-08
2.1621e-08
2.1737e-08
2.1852e-08
2.1969e-08
2.2086e-08
2.2203e-08
2.2321e-08
2.244e-08
2.256e-08
2.268e-08
2.28e-08
2.2921e-08
2.3043e-08
2.3165e-08
2.3288e-08
2.3412e-08
2.3536e-08
2.3661e-08
2.3787e-08
2.3913e-08
2.4039e-08
2.4167e-08
2.4295e-08
2.4424e-08
2.4553e-08
2.4683e-08
2.4813e-08
2.4945e-08
2.5077e-08
2.5209e-08
2.5342e-08
2.5476e-08
2.5611e-08
2.5746e-08
2.5882e-08
2.6019e-08
2.6156e-08
2.6294e-08
2.6433e-08
2.6572e-08
2.6712e-08
2.6853e-08
2.6994e-08
2.7136e-08
2.7279e-08
2.7423e-08
2.7567e-08
2.7712e-08
2.7858e-08
2.8004e-08
2.8151e-08
2.8299e-08
2.8448e-08
2.8597e-08
2.8747e-08
2.8898e-08
2.905e-08
2.9202e-08
2.9355e-08
2.9509e-08
2.9663e-08
2.9819e-08
2.9975e-08
3.0132e-08
3.0289e-08
3.0448e-08
3.0607e-08
3.0767e-08
3.0928e-08
3.1089e-08
3.1251e-08
3.1415e-08
3.1579e-08
3.1743e-08
3.1909e-08
3.2075e-08
3.2242e-08
3.241e-08
3.2579e-08
3.2749e-08
3.2919e-08
3.3091e-08
3.3263e-08
3.3436e-08
3.3609e-08
3.3784e-08
3.396e-08
3.4136e-08
3.4313e-08
3.4491e-08
3.467e-08
3.485e-08
3.5031e-08
3.5212e-08
3.5395e-08
3.5578e-08
3.5762e-08
3.5947e-08
3.6133e-08
3.632e-08
3.6508e-08
3.6697e-08
3.6886e-08
3.7077e-08
3.7268e-08
3.7461e-08
3.7654e-08
3.7848e-08
3.8043e-08
3.824e-08
3.8437e-08
3.8635e-08
3.8834e-08
3.9034e-08
3.9234e-08
3.9436e-08
3.9639e-08
3.9843e-08
4.0048e-08
4.0253e-08
4.046e-08
4.0668e-08
4.0877e-08
4.1086e-08
4.1297e-08
4.1509e-08
4.1721e-08
4.1935e-08
4.215e-08
4.2366e-08
4.2583e-08
4.28e-08
4.3019e-08
4.3239e-08
4.346e-08
4.3682e-08
4.3905e-08
4.413e-08
4.4355e-08
4.4581e-08
4.4808e-08
4.5037e-08
4.5266e-08
4.5497e-08
4.5729e-08
4.5962e-08
4.6195e-08
4.643e-08
4.6667e-08
4.6904e-08
4.7142e-08
4.7382e-08
4.7622e-08
4.7864e-08
4.8107e-08
4.8351e-08
4.8596e-08
4.8843e-08
4.909e-08
4.9339e-08
4.9589e-08
4.984e-08
5.0092e-08
5.0345e-08
5.06e-08
5.0855e-08
5.1112e-08
5.1371e-08
5.163e-08
5.1891e-08
5.2152e-08
5.2415e-08
5.268e-08
5.2945e-08
5.3212e-08
5.348e-08
5.3749e-08
5.402e-08
5.4291e-08
5.4564e-08
5.4839e-08
5.5114e-08
5.5391e-08
5.5669e-08
5.5949e-08
5.6229e-08
5.6511e-08
5.6795e-08
5.7079e-08
5.7365e-08
5.7653e-08
5.7941e-08
5.8231e-08
5.8523e-08
5.8815e-08
5.9109e-08
5.9405e-08
5.9702e-08
6e-08
6.0299e-08
6.06e-08
6.0902e-08
6.1206e-08
6.1511e-08
6.1818e-08
6.2125e-08
6.2435e-08
6.2745e-08
6.3058e-08
6.3371e-08
6.3686e-08
6.4003e-08
6.4321e-08
6.464e-08
6.4961e-08
6.5283e-08
6.5607e-08
6.5932e-08
6.6259e-08
6.6587e-08
6.6917e-08
6.7248e-08
6.7581e-08
6.7915e-08
6.8251e-08
6.8589e-08
6.8927e-08
6.9268e-08
6.961e-08
6.9953e-08
7.0299e-08
7.0645e-08
7.0994e-08
7.1343e-08
7.1695e-08
7.2048e-08
7.2402e-08
7.2759e-08
7.3117e-08
7.3476e-08
7.3837e-08
7.42e-08
7.4564e-08
7.493e-08
7.5298e-08
7.5667e-08
7.6038e-08
7.6411e-08
7.6785e-08
7.7162e-08
7.7539e-08
7.7919e-08
7.83e-08
7.8683e-08
7.9067e-08
7.9454e-08
7.9842e-08
8.0232e-08
8.0623e-08
8.1017e-08
8.1412e-08
8.1809e-08
8.2207e-08
8.2608e-08
8.301e-08
8.3414e-08
8.382e-08
8.4227e-08
8.4637e-08
8.5048e-08
8.5461e-08
8.5876e-08
8.6293e-08
8.6712e-08
8.7132e-08
8.7555e-08
8.7979e-08
8.8405e-08
8.8833e-08
8.9263e-08
8.9695e-08
9.0129e-08
9.0565e-08
9.1003e-08
9.1442e-08
9.1884e-08
9.2327e-08
9.2773e-08
9.322e-08
9.367e-08
9.4121e-08
9.4575e-08
9.503e-08
9.5488e-08
9.5947e-08
9.6408e-08
9.6872e-08
9.7338e-08
9.7805e-08
9.8275e-08
9.8747e-08
9.922e-08
9.9696e-08
1.0017e-07
1.0065e-07
1.0114e-07
1.0162e-07
1.0211e-07
1.026e-07
1.0309e-07
1.0358e-07
1.0407e-07
1.0457e-07
1.0507e-07
1.0557e-07
1.0608e-07
1.0658e-07
1.0709e-07
1.076e-07
1.0811e-07
1.0863e-07
1.0915e-07
1.0967e-07
1.1019e-07
1.1071e-07
1.1124e-07
1.1177e-07
1.123e-07
1.1283e-07
1.1336e-07
1.139e-07
1.1444e-07
1.1498e-07
1.1553e-07
1.1608e-07
1.1663e-07
1.1718e-07
1.1773e-07
1.1829e-07
1.1885e-07
1.1941e-07
1.1997e-07
1.2054e-07
1.2111e-07
1.2168e-07
1.2225e-07
1.2283e-07
1.2341e-07
1.2399e-07
1.2457e-07
1.2516e-07
1.2575e-07
1.2634e-07
1.2693e-07
1.2753e-07
1.2812e-07
1.2873e-07
1.2933e-07
1.2994e-07
1.3055e-07
1.3116e-07
1.3177e-07
1.3239e-07
1.3301e-07
1.3363e-07
1.3425e-07
1.3488e-07
1.3551e-07
1.3614e-07
1.3678e-07
1.3742e-07
1.3806e-07
1.387e-07
1.3935e-07
1.4e-07
1.4065e-07
1.413e-07
1.4196e-07
1.4262e-07
1.4329e-07
1.4395e-07
1.4462e-07
1.4529e-07
1.4597e-07
1.4664e-07
1.4732e-07
1.48e-07
1.4869e-07
1.4938e-07
1.5007e-07
1.5077e-07
1.5146e-07
1.5216e-07
1.5287e-07
1.5357e-07
1.5428e-07
1.5499e-07
1.5571e-07
1.5643e-07
1.5715e-07
1.5787e-07
1.586e-07
1.5933e-07
1.6006e-07
1.608e-07
1.6154e-07
1.6228e-07
1.6303e-07
1.6377e-07
1.6453e-07
1.6528e-07
1.6604e-07
1.668e-07
1.6756e-07
1.6833e-07
1.691e-07
1.6988e-07
1.7065e-07
1.7143e-07
1.7222e-07
1.73e-07
1.738e-07
1.7459e-07
1.7539e-07
1.7619e-07
1.7699e-07
1.778e-07
1.786e-07
1.7942e-07
1.8023e-07
1.8105e-07
1.8188e-07
1.8271e-07
1.8354e-07
1.8437e-07
1.8521e-07
1.8605e-07
1.8689e-07
1.8774e-07
1.8859e-07
1.8944e-07
1.903e-07
1.9116e-07
1.9203e-07
1.929e-07
1.9377e-07
1.9464e-07
1.9552e-07
1.9641e-07
1.9729e-07
1.9818e-07
1.9908e-07
1.9997e-07
2.0087e-07
2.0178e-07
2.0269e-07
2.036e-07
2.0451e-07
2.0543e-07
2.0636e-07
2.0728e-07
2.0821e-07
2.0915e-07
2.1009e-07
2.1103e-07
2.1197e-07
2.1292e-07
2.1388e-07
2.1483e-07
2.158e-07
2.1676e-07
2.1773e-07
2.187e-07
2.1968e-07
2.2066e-07
2.2164e-07
2.2263e-07
2.2363e-07
2.2462e-07
2.2562e-07
2.2663e-07
2.2764e-07
2.2865e-07
2.2967e-07
2.3069e-07
2.3171e-07
2.3274e-07
2.3377e-07
2.3481e-07
2.3585e-07
2.369e-07
2.3795e-07
2.39e-07
2.4006e-07
2.4112e-07
2.4219e-07
2.4326e-07
2.4434e-07
2.4542e-07
2.465e-07
2.4759e-07
2.4868e-07
2.4978e-07
2.5088e-07
2.5198e-07
2.5309e-07
2.5421e-07
2.5533e-07
2.5645e-07
2.5758e-07
2.5871e-07
2.5984e-07
2.6099e-07
2.6213e-07
2.6328e-07
2.6443e-07
2.6559e-07
2.6676e-07
2.6793e-07
2.691e-07
2.7028e-07
2.7146e-07
2.7264e-07
2.7384e-07
2.7503e-07
2.7623e-07
2.7744e-07
2.7865e-07
2.7986e-07
2.8108e-07
2.8231e-07
2.8354e-07
2.8477e-07
2.8601e-07
2.8725e-07
2.885e-07
2.8975e-07
2.9101e-07
2.9227e-07
2.9354e-07
2.9482e-07
2.9609e-07
2.9738e-07
2.9866e-07
2.9996e-07
3.0125e-07
3.0256e-07
3.0386e-07
3.0518e-07
3.065e-07
3.0782e-07
3.0915e-07
3.1048e-07
3.1182e-07
3.1316e-07
3.1451e-07
3.1587e-07
3.1722e-07
3.1859e-07
3.1996e-07
3.2133e-07
3.2271e-07
3.241e-07
3.2549e-07
3.2689e-07
3.2829e-07
3.297e-07
3.3111e-07
3.3253e-07
3.3395e-07
3.3538e-07
3.3681e-07
3.3825e-07
3.397e-07
3.4115e-07
3.426e-07
3.4407e-07
3.4553e-07
3.4701e-07
3.4848e-07
3.4997e-07
3.5146e-07
3.5295e-07
3.5445e-07
3.5596e-07
3.5747e-07
3.5899e-07
3.6052e-07
3.6204e-07
3.6358e-07
3.6512e-07
3.6667e-07
3.6822e-07
3.6978e-07
3.7135e-07
3.7292e-07
3.7449e-07
3.7607e-07
3.7766e-07
3.7926e-07
3.8086e-07
3.8246e-07
3.8408e-07
3.857e-07
3.8732e-07
3.8895e-07
3.9059e-07
3.9223e-07
3.9388e-07
3.9553e-07
3.972e-07
3.9886e-07
4.0054e-07
4.0222e-07
4.039e-07
4.056e-07
4.0729e-07
4.09e-07
4.1071e-07
4.1243e-07
4.1415e-07
4.1588e-07
4.1762e-07
4.1937e-07
4.2112e-07
4.2287e-07
4.2464e-07
4.264e-07
4.2818e-07
4.2996e-07
4.3175e-07
4.3355e-07
4.3535e-07
4.3716e-07
4.3898e-07
4.408e-07
4.4263e-07
4.4446e-07
4.4631e-07
4.4816e-07
4.5001e-07
4.5188e-07
4.5375e-07
4.5562e-07
4.5751e-07
4.594e-07
4.6129e-07
4.632e-07
4.6511e-07
4.6703e-07
4.6895e-07
4.7089e-07
4.7283e-07
4.7477e-07
4.7673e-07
4.7869e-07
4.8065e-07
4.8263e-07
4.8461e-07
4.866e-07
4.886e-07
4.906e-07
4.9261e-07
4.9463e-07
4.9666e-07
4.9869e-07
5.0073e-07
5.0278e-07
5.0483e-07
5.069e-07
5.0897e-07
5.1104e-07
5.1313e-07
5.1522e-07
5.1732e-07
5.1943e-07
5.2154e-07
5.2367e-07
5.258e-07
5.2793e-07
5.3008e-07
5.3223e-07
5.3439e-07
5.3656e-07
5.3874e-07
5.4092e-07
5.4312e-07
5.4532e-07
5.4752e-07
5.4974e-07
5.5196e-07
5.542e-07
5.5643e-07
5.5868e-07
5.6094e-07
5.632e-07
5.6547e-07
5.6775e-07
5.7004e-07
5.7234e-07
5.7464e-07
5.7695e-07
5.7927e-07
5.816e-07
5.8394e-07
5.8628e-07
5.8864e-07
5.91e-07
5.9337e-07
5.9574e-07
5.9813e-07
6.0053e-07
6.0293e-07
6.0534e-07
6.0776e-07
6.1019e-07
6.1263e-07
6.1507e-07
6.1753e-07
6.1999e-07
6.2246e-07
6.2494e-07
6.2743e-07
6.2993e-07
6.3244e-07
6.3495e-07
6.3747e-07
6.4001e-07
6.4255e-07
6.451e-07
6.4766e-07
6.5023e-07
6.528e-07
6.5539e-07
6.5798e-07
6.6059e-07
6.632e-07
6.6582e-07
6.6845e-07
6.7109e-07
6.7374e-07
6.764e-07
6.7907e-07
6.8175e-07
6.8443e-07
6.8713e-07
6.8983e-07
6.9255e-07
6.9527e-07
6.98e-07
7.0074e-07
7.035e-07
7.0626e-07
7.0903e-07
7.1181e-07
7.146e-07
7.1739e-07
7.202e-07
7.2302e-07
7.2585e-07
7.2868e-07
7.3153e-07
7.3439e-07
7.3725e-07
7.4013e-07
7.4302e-07
7.4591e-07
7.4882e-07
7.5173e-07
7.5466e-07
7.5759e-07
7.6054e-07
7.6349e-07
7.6646e-07
7.6943e-07
7.7242e-07
7.7541e-07
7.7842e-07
7.8143e-07
7.8446e-07
7.875e-07
7.9054e-07
7.936e-07
7.9667e-07
7.9974e-07
8.0283e-07
8.0593e-07
8.0903e-07
8.1215e-07
8.1528e-07
8.1842e-07
8.2157e-07
8.2473e-07
8.279e-07
8.3108e-07
8.3428e-07
8.3748e-07
8.4069e-07
8.4392e-07
8.4715e-07
8.504e-07
8.5365e-07
8.5692e-07
8.602e-07
8.6349e-07
8.6679e-07
8.701e-07
8.7342e-07
8.7675e-07
8.8009e-07
8.8345e-07
8.8681e-07
8.9019e-07
8.9358e-07
8.9698e-07
9.0039e-07
9.0381e-07
9.0724e-07
9.1069e-07
9.1414e-07
9.1761e-07
9.2109e-07
9.2457e-07
9.2808e-07
9.3159e-07
9.3511e-07
9.3865e-07
9.4219e-07
9.4575e-07
9.4932e-07
9.529e-07
9.565e-07
9.601e-07
9.6372e-07
9.6735e-07
9.7099e-07
9.7464e-07
9.783e-07
9.8198e-07
9.8567e-07
9.8937e-07
9.9308e-07
9.968e-07
1.0005e-06
1.0043e-06
1.008e-06
1.0118e-06
1.0156e-06
1.0194e-06
1.0232e-06
1.027e-06
1.0309e-06
1.0347e-06
1.0386e-06
1.0424e-06
1.0463e-06
1.0502e-06
1.0541e-06
1.058e-06
1.062e-06
1.0659e-06
1.0699e-06
1.0738e-06
1.0778e-06
1.0818e-06
1.0858e-06
1.0898e-06
1.0939e-06
1.0979e-06
1.102e-06
1.1061e-06
1.1101e-06
1.1142e-06
1.1183e-06
1.1225e-06
1.1266e-06
1.1308e-06
1.1349e-06
1.1391e-06
1.1433e-06
1.1475e-06
1.1517e-06
1.1559e-06
1.1602e-06
1.1644e-06
1.1687e-06
1.173e-06
1.1773e-06
1.1816e-06
1.1859e-06
1.1902e-06
1.1946e-06
1.199e-06
1.2033e-06
1.2077e-06
1.2121e-06
1.2165e-06
1.221e-06
1.2254e-06
1.2299e-06
1.2343e-06
1.2388e-06
1.2433e-06
1.2478e-06
1.2524e-06
1.2569e-06
1.2615e-06
1.266e-06
1.2706e-06
1.2752e-06
1.2798e-06
1.2845e-06
1.2891e-06
1.2938e-06
1.2984e-06
1.3031e-06
1.3078e-06
1.3125e-06
1.3173e-06
1.322e-06
1.3268e-06
1.3315e-06
1.3363e-06
1.3411e-06
1.3459e-06
1.3508e-06
1.3556e-06
1.3605e-06
1.3653e-06
1.3702e-06
1.3751e-06
1.38e-06
1.385e-06
1.3899e-06
1.3949e-06
1.3999e-06
1.4049e-06
1.4099e-06
1.4149e-06
1.4199e-06
1.425e-06
1.43e-06
1.4351e-06
1.4402e-06
1.4453e-06
1.4505e-06
1.4556e-06
1.4608e-06
1.466e-06
1.4712e-06
1.4764e-06
1.4816e-06
1.4868e-06
1.4921e-06
1.4973e-06
1.5026e-06
1.5079e-06
1.5132e-06
1.5186e-06
1.5239e-06
1.5293e-06
1.5347e-06
1.5401e-06
1.5455e-06
1.5509e-06
1.5564e-06
1.5618e-06
1.5673e-06
1.5728e-06
1.5783e-06
1.5838e-06
1.5894e-06
1.5949e-06
1.6005e-06
1.6061e-06
1.6117e-06
1.6173e-06
1.6229e-06
1.6286e-06
1.6343e-06
1.64e-06
1.6457e-06
1.6514e-06
1.6571e-06
1.6629e-06
1.6687e-06
1.6745e-06
1.6803e-06
1.6861e-06
1.6919e-06
1.6978e-06
1.7037e-06
1.7095e-06
1.7155e-06
1.7214e-06
1.7273e-06
1.7333e-06
1.7393e-06
1.7453e-06
1.7513e-06
1.7573e-06
1.7633e-06
1.7694e-06
1.7755e-06
1.7816e-06
1.7877e-06
1.7938e-06
1.8e-06
1.8061e-06
1.8123e-06
1.8185e-06
1.8248e-06
1.831e-06
1.8373e-06
1.8435e-06
1.8498e-06
1.8561e-06
1.8625e-06
1.8688e-06
1.8752e-06
1.8816e-06
1.888e-06
1.8944e-06
1.9008e-06
1.9073e-06
1.9137e-06
1.9202e-06
1.9267e-06
1.9333e-06
1.9398e-06
1.9464e-06
1.953e-06
1.9596e-06
1.9662e-06
1.9728e-06
1.9795e-06
1.9861e-06
1.9928e-06
1.9996e-06
2.0063e-06
2.013e-06
2.0198e-06
2.0266e-06
2.0334e-06
2.0402e-06
2.0471e-06
2.0539e-06
2.0608e-06
2.0677e-06
2.0746e-06
2.0816e-06
2.0885e-06
2.0955e-06
2.1025e-06
2.1095e-06
2.1166e-06
2.1236e-06
2.1307e-06
2.1378e-06
2.1449e-06
2.152e-06
2.1592e-06
2.1664e-06
2.1736e-06
2.1808e-06
2.188e-06
2.1953e-06
2.2025e-06
2.2098e-06
2.2171e-06
2.2245e-06
2.2318e-06
2.2392e-06
2.2466e-06
2.254e-06
2.2614e-06
2.2689e-06
2.2763e-06
2.2838e-06
2.2913e-06
2.2989e-06
2.3064e-06
2.314e-06
2.3216e-06
2.3292e-06
2.3368e-06
2.3445e-06
2.3522e-06
2.3599e-06
2.3676e-06
2.3753e-06
2.3831e-06
2.3908e-06
2.3986e-06
2.4065e-06
2.4143e-06
2.4222e-06
2.43e-06
2.4379e-06
2.4459e-06
2.4538e-06
2.4618e-06
2.4698e-06
2.4778e-06
2.4858e-06
2.4938e-06
2.5019e-06
2.51e-06
2.5181e-06
2.5263e-06
2.5344e-06
2.5426e-06
2.5508e-06
2.559e-06
2.5673e-06
2.5755e-06
2.5838e-06
2.5921e-06
2.6004e-06
2.6088e-06
2.6172e-06
2.6256e-06
2.634e-06
2.6424e-06
2.6509e-06
2.6594e-06
2.6679e-06
2.6764e-06
2.6849e-06
2.6935e-06
2.7021e-06
2.7107e-06
2.7193e-06
2.728e-06
2.7367e-06
2.7454e-06
2.7541e-06
2.7629e-06
2.7716e-06
2.7804e-06
2.7892e-06
2.7981e-06
2.8069e-06
2.8158e-06
2.8247e-06
2.8336e-06
2.8426e-06
2.8516e-06
2.8606e-06
2.8696e-06
2.8786e-06
2.8877e-06
2.8968e-06
2.9059e-06
2.915e-06
2.9242e-06
2.9334e-06
2.9426e-06
2.9518e-06
2.961e-06
2.9703e-06
2.9796e-06
2.9889e-06
2.9983e-06
3.0076e-06
3.017e-06
3.0264e-06
3.0359e-06
3.0453e-06
3.0548e-06
3.0643e-06
3.0739e-06
3.0834e-06
3.093e-06
3.1026e-06
3.1122e-06
3.1219e-06
3.1315e-06
3.1412e-06
3.151e-06
3.1607e-06
3.1705e-06
3.1803e-06
3.1901e-06
3.1999e-06
3.2098e-06
3.2197e-06
3.2296e-06
3.2395e-06
3.2495e-06
3.2595e-06
3.2695e-06
3.2795e-06
3.2896e-06
3.2997e-06
3.3098e-06
3.3199e-06
3.3301e-06
3.3402e-06
3.3504e-06
3.3607e-06
3.3709e-06
3.3812e-06
3.3915e-06
3.4019e-06
3.4122e-06
3.4226e-06
3.433e-06
3.4434e-06
3.4539e-06
3.4644e-06
3.4749e-06
3.4854e-06
3.496e-06
3.5065e-06
3.5171e-06
3.5278e-06
3.5384e-06
3.5491e-06
3.5598e-06
3.5706e-06
3.5813e-06
3.5921e-06
3.6029e-06
3.6137e-06
3.6246e-06
3.6355e-06
3.6464e-06
3.6573e-06
3.6683e-06
3.6793e-06
3.6903e-06
3.7013e-06
3.7124e-06
3.7235e-06
3.7346e-06
3.7458e-06
3.7569e-06
3.7681e-06
3.7793e-06
3.7906e-06
3.8019e-06
3.8132e-06
3.8245e-06
3.8358e-06
3.8472e-06
3.8586e-06
3.8701e-06
3.8815e-06
3.893e-06
3.9045e-06
3.916e-06
3.9276e-06
3.9392e-06
3.9508e-06
3.9625e-06
3.9741e-06
3.9858e-06
3.9975e-06
4.0093e-06
4.0211e-06
4.0329e-06
4.0447e-06
4.0566e-06
4.0684e-06
4.0804e-06
4.0923e-06
4.1043e-06
4.1163e-06
4.1283e-06
4.1403e-06
4.1524e-06
4.1645e-06
4.1766e-06
4.1888e-06
4.201e-06
4.2132e-06
4.2254e-06
4.2377e-06
4.25e-06
4.2623e-06
4.2746e-06
4.287e-06
4.2994e-06
4.3118e-06
4.3243e-06
4.3368e-06
4.3493e-06
4.3618e-06
4.3744e-06
4.387e-06
4.3996e-06
4.4122e-06
4.4249e-06
4.4376e-06
4.4504e-06
4.4631e-06
4.4759e-06
4.4887e-06
4.5016e-06
4.5144e-06
4.5273e-06
4.5403e-06
4.5532e-06
4.5662e-06
4.5792e-06
4.5923e-06
4.6053e-06
4.6184e-06
4.6316e-06
4.6447e-06
4.6579e-06
4.6711e-06
4.6843e-06
4.6976e-06
4.7109e-06
4.7242e-06
4.7376e-06
4.751e-06
4.7644e-06
4.7778e-06
4.7913e-06
4.8048e-06
4.8183e-06
4.8319e-06
4.8454e-06
4.8591e-06
4.8727e-06
4.8864e-06
4.9001e-06
4.9138e-06
4.9275e-06
4.9413e-06
4.9551e-06
4.969e-06
4.9829e-06
4.9968e-06
5.0107e-06
5.0246e-06
5.0386e-06
5.0527e-06
5.0667e-06
5.0808e-06
5.0949e-06
5.109e-06
5.1232e-06
5.1374e-06
5.1516e-06
5.1658e-06
5.1801e-06
5.1944e-06
5.2088e-06
5.2231e-06
5.2375e-06
5.252e-06
5.2664e-06
5.2809e-06
5.2954e-06
5.31e-06
5.3246e-06
5.3392e-06
5.3538e-06
5.3685e-06
5.3832e-06
5.3979e-06
5.4126e-06
5.4274e-06
5.4422e-06
5.4571e-06
5.4719e-06
5.4868e-06
5.5018e-06
5.5167e-06
5.5317e-06
5.5468e-06
5.5618e-06
5.5769e-06
5.592e-06
5.6072e-06
5.6223e-06
5.6375e-06
5.6528e-06
5.668e-06
5.6833e-06
5.6987e-06
5.714e-06
5.7294e-06
5.7448e-06
5.7603e-06
5.7757e-06
5.7912e-06
5.8068e-06
5.8223e-06
5.8379e-06
5.8536e-06
5.8692e-06
5.8849e-06
5.9006e-06
5.9164e-06
5.9322e-06
5.948e-06
5.9638e-06
5.9797e-06
5.9956e-06
6.0115e-06
6.0275e-06
6.0435e-06
6.0595e-06
6.0756e-06
6.0917e-06
6.1078e-06
6.1239e-06
6.1401e-06
6.1563e-06
6.1726e-06
6.1888e-06
6.2051e-06
6.2215e-06
6.2378e-06
6.2542e-06
6.2707e-06
6.2871e-06
6.3036e-06
6.3201e-06
6.3367e-06
6.3533e-06
6.3699e-06
6.3865e-06
6.4032e-06
6.4199e-06
6.4366e-06
6.4534e-06
6.4702e-06
6.487e-06
6.5039e-06
6.5208e-06
6.5377e-06
6.5547e-06
6.5717e-06
6.5887e-06
6.6057e-06
6.6228e-06
6.6399e-06
6.6571e-06
6.6743e-06
6.6915e-06
6.7087e-06
6.726e-06
6.7433e-06
6.7606e-06
6.778e-06
6.7954e-06
6.8128e-06
6.8302e-06
6.8477e-06
6.8653e-06
6.8828e-06
6.9004e-06
6.918e-06
6.9357e-06
6.9533e-06
6.971e-06
6.9888e-06
7.0066e-06
7.0244e-06
7.0422e-06
7.0601e-06
7.078e-06
7.0959e-06
7.1139e-06
7.1319e-06
7.1499e-06
7.1679e-06
7.186e-06
7.2041e-06
7.2223e-06
7.2405e-06
7.2587e-06
7.2769e-06
7.2952e-06
7.3135e-06
7.3319e-06
7.3503e-06
7.3687e-06
7.3871e-06
7.4056e-06
7.4241e-06
7.4426e-06
7.4612e-06
7.4798e-06
7.4984e-06
7.5171e-06
7.5358e-06
7.5545e-06
7.5732e-06
7.592e-06
7.6109e-06
7.6297e-06
7.6486e-06
7.6675e-06
7.6865e-06
7.7054e-06
7.7244e-06
7.7435e-06
7.7626e-06
7.7817e-06
7.8008e-06
7.82e-06
7.8392e-06
7.8584e-06
7.8777e-06
7.897e-06
7.9163e-06
7.9357e-06
7.9551e-06
7.9745e-06
7.994e-06
8.0135e-06
8.033e-06
8.0525e-06
8.0721e-06
8.0917e-06
8.1114e-06
8.1311e-06
8.1508e-06
8.1705e-06
8.1903e-06
8.2101e-06
8.23e-06
8.2499e-06
8.2698e-06
8.2897e-06
8.3097e-06
8.3297e-06
8.3497e-06
8.3698e-06
8.3899e-06
8.41e-06
8.4302e-06
8.4504e-06
8.4706e-06
8.4908e-06
8.5111e-06
8.5315e-06
8.5518e-06
8.5722e-06
8.5926e-06
8.6131e-06
8.6336e-06
8.6541e-06
8.6746e-06
8.6952e-06
8.7158e-06
8.7364e-06
8.7571e-06
8.7778e-06
8.7986e-06
8.8193e-06
8.8401e-06
8.861e-06
8.8818e-06
8.9027e-06
8.9237e-06
8.9446e-06
8.9656e-06
8.9866e-06
9.0077e-06
9.0288e-06
9.0499e-06
9.0711e-06
9.0923e-06
9.1135e-06
9.1347e-06
9.156e-06
9.1773e-06
9.1986e-06
9.22e-06
9.2414e-06
9.2629e-06
9.2843e-06
9.3058e-06
9.3274e-06
9.3489e-06
9.3705e-06
9.3922e-06
9.4138e-06
9.4355e-06
9.4572e-06
9.479e-06
9.5008e-06
9.5226e-06
9.5445e-06
9.5663e-06
9.5883e-06
9.6102e-06
9.6322e-06
9.6542e-06
9.6762e-06
9.6983e-06
9.7204e-06
9.7425e-06
9.7647e-06
9.7869e-06
9.8091e-06
9.8314e-06
9.8537e-06
9.876e-06
9.8984e-06
9.9207e-06
9.9432e-06
9.9656e-06
9.9881e-06
1.0011e-05
1.0033e-05
1.0056e-05
1.0078e-05
1.0101e-05
1.0124e-05
1.0146e-05
1.0169e-05
1.0192e-05
1.0215e-05
1.0237e-05
1.026e-05
1.0283e-05
1.0306e-05
1.0329e-05
1.0352e-05
1.0375e-05
1.0398e-05
1.0421e-05
1.0444e-05
1.0467e-05
1.0491e-05
1.0514e-05
1.0537e-05
1.056e-05
1.0584e-05
1.0607e-05
1.063e-05
1.0654e-05
1.0677e-05
1.07e-05
1.0724e-05
1.0747e-05
1.0771e-05
1.0795e-05
1.0818e-05
1.0842e-05
1.0865e-05
1.0889e-05
1.0913e-05
1.0937e-05
1.096e-05
1.0984e-05
1.1008e-05
1.1032e-05
1.1056e-05
1.108e-05
1.1104e-05
1.1128e-05
1.1152e-05
1.1176e-05
1.12e-05
1.1224e-05
1.1248e-05
1.1272e-05
1.1296e-05
1.1321e-05
1.1345e-05
1.1369e-05
1.1394e-05
1.1418e-05
1.1442e-05
1.1467e-05
1.1491e-05
1.1516e-05
1.154e-05
1.1565e-05
1.1589e-05
1.1614e-05
1.1638e-05
1.1663e-05
1.1688e-05
1.1712e-05
1.1737e-05
1.1762e-05
1.1787e-05
1.1812e-05
1.1836e-05
1.1861e-05
1.1886e-05
1.1911e-05
1.1936e-05
1.1961e-05
1.1986e-05
1.2011e-05
1.2036e-05
1.2061e-05
1.2087e-05
1.2112e-05
1.2137e-05
1.2162e-05
1.2187e-05
1.2213e-05
1.2238e-05
1.2263e-05
1.2289e-05
1.2314e-05
1.234e-05
1.2365e-05
1.2391e-05
1.2416e-05
1.2442e-05
1.2467e-05
1.2493e-05
1.2519e-05
1.2544e-05
1.257e-05
1.2596e-05
1.2621e-05
1.2647e-05
1.2673e-05
1.2699e-05
1.2725e-05
1.2751e-05
1.2776e-05
1.2802e-05
1.2828e-05
1.2854e-05
1.288e-05
1.2906e-05
1.2933e-05
1.2959e-05
1.2985e-05
1.3011e-05
1.3037e-05
1.3063e-05
1.309e-05
1.3116e-05
1.3142e-05
1.3169e-05
1.3195e-05
1.3221e-05
1.3248e-05
1.3274e-05
1.3301e-05
1.3327e-05
1.3354e-05
1.338e-05
1.3407e-05
1.3433e-05
1.346e-05
1.3487e-05
1.3513e-05
1.354e-05
1.3567e-05
1.3593e-05
1.362e-05
1.3647e-05
1.3674e-05
1.3701e-05
1.3728e-05
1.3755e-05
1.3782e-05
1.3808e-05
1.3835e-05
1.3863e-05
1.389e-05
1.3917e-05
1.3944e-05
1.3971e-05
1.3998e-05
1.4025e-05
1.4052e-05
1.408e-05
1.4107e-05
1.4134e-05
1.4161e-05
1.4189e-05
1.4216e-05
1.4244e-05
1.4271e-05
1.4298e-05
1.4326e-05
1.4353e-05
1.4381e-05
1.4408e-05
1.4436e-05
1.4463e-05
1.4491e-05
1.4519e-05
1.4546e-05
1.4574e-05
1.4602e-05
1.4629e-05
1.4657e-05
1.4685e-05
1.4713e-05
1.4741e-05
1.4768e-05
1.4796e-05
1.4824e-05
1.4852e-05
1.488e-05
1.4908e-05
1.4936e-05
1.4964e-05
1.4992e-05
1.502e-05
1.5048e-05
1.5076e-05
1.5104e-05
1.5133e-05
1.5161e-05
1.5189e-05
1.5217e-05
1.5245e-05
1.5274e-05
1.5302e-05
1.533e-05
1.5359e-05
1.5387e-05
1.5415e-05
1.5444e-05
1.5472e-05
1.5501e-05
1.5529e-05
1.5558e-05
1.5586e-05
1.5615e-05
1.5643e-05
1.5672e-05
1.57e-05
1.5729e-05
1.5758e-05
1.5786e-05
1.5815e-05
1.5844e-05
1.5872e-05
1.5901e-05
1.593e-05
1.5959e-05
1.5988e-05
1.6016e-05
1.6045e-05
1.6074e-05
1.6103e-05
1.6132e-05
1.6161e-05
1.619e-05
1.6219e-05
1.6248e-05
1.6277e-05
1.6306e-05
1.6335e-05
1.6364e-05
1.6393e-05
1.6422e-05
1.6451e-05
1.6481e-05
1.651e-05
1.6539e-05
1.6568e-05
1.6597e-05
1.6627e-05
1.6656e-05
1.6685e-05
1.6715e-05
1.6744e-05
1.6773e-05
1.6803e-05
1.6832e-05
1.6861e-05
1.6891e-05
1.692e-05
1.695e-05
1.6979e-05
1.7009e-05
1.7038e-05
1.7068e-05
1.7097e-05
1.7127e-05
1.7157e-05
1.7186e-05
1.7216e-05
1.7245e-05
1.7275e-05
1.7305e-05
1.7335e-05
1.7364e-05
1.7394e-05
1.7424e-05
1.7454e-05
1.7483e-05
1.7513e-05
1.7543e-05
1.7573e-05
1.7603e-05
1.7633e-05
1.7662e-05
1.7692e-05
1.7722e-05
1.7752e-05
1.7782e-05
1.7812e-05
1.7842e-05
1.7872e-05
1.7902e-05
1.7932e-05
1.7962e-05
1.7992e-05
1.8022e-05
1.8052e-05
1.8083e-05
1.8113e-05
1.8143e-05
1.8173e-05
1.8203e-05
1.8233e-05
1.8263e-05
1.8294e-05
1.8324e-05
1.8354e-05
1.8384e-05
1.8415e-05
1.8445e-05
1.8475e-05
1.8506e-05
1.8536e-05
1.8566e-05
1.8597e-05
1.8627e-05
1.8657e-05
1.8688e-05
1.8718e-05
1.8749e-05
1.8779e-05
1.8809e-05
1.884e-05
1.887e-05
1.8901e-05
1.8931e-05
1.8962e-05
1.8992e-05
1.9023e-05
1.9053e-05
1.9084e-05
1.9115e-05
1.9145e-05
1.9176e-05
1.9206e-05
1.9237e-05
1.9268e-05
1.9298e-05
1.9329e-05
1.936e-05
1.939e-05
1.9421e-05
1.9452e-05
1.9482e-05
1.9513e-05
1.9544e-05
1.9575e-05
1.9605e-05
1.9636e-05
1.9667e-05
1.9698e-05
1.9728e-05
1.9759e-05
1.979e-05
1.9821e-05
1.9852e-05
1.9883e-05
1.9913e-05
1.9944e-05
1.9975e-05
2.0006e-05
2.0037e-05
2.0068e-05
2.0099e-05
2.013e-05
2.016e-05
2.0191e-05
2.0222e-05
2.0253e-05
2.0284e-05
2.0315e-05
2.0346e-05
2.0377e-05
2.0408e-05
2.0439e-05
2.047e-05
2.0501e-05
2.0532e-05
2.0563e-05
2.0594e-05
2.0625e-05
2.0656e-05
2.0687e-05
2.0718e-05
2.0749e-05
2.078e-05
2.0812e-05
2.0843e-05
2.0874e-05
2.0905e-05
2.0936e-05
2.0967e-05
2.0998e-05
2.1029e-05
2.106e-05
2.1091e-05
2.1123e-05
2.1154e-05
2.1185e-05
2.1216e-05
2.1247e-05
2.1278e-05
2.1309e-05
2.1341e-05
2.1372e-05
2.1403e-05
2.1434e-05
2.1465e-05
2.1496e-05
2.1528e-05
2.1559e-05
2.159e-05
2.1621e-05
2.1652e-05
2.1684e-05
2.1715e-05
2.1746e-05
2.1777e-05
2.1808e-05
2.184e-05
2.1871e-05
2.1902e-05
2.1933e-05
2.1965e-05
2.1996e-05
2.2027e-05
2.2058e-05
2.2089e-05
2.2121e-05
2.2152e-05
2.2183e-05
2.2214e-05
2.2246e-05
2.2277e-05
2.2308e-05
2.2339e-05
2.2371e-05
2.2402e-05
2.2433e-05
2.2464e-05
2.2496e-05
2.2527e-05
2.2558e-05
2.2589e-05
2.262e-05
2.2652e-05
2.2683e-05
2.2714e-05
2.2745e-05
2.2777e-05
2.2808e-05
2.2839e-05
2.287e-05
2.2902e-05
2.2933e-05
2.2964e-05
2.2995e-05
2.3026e-05
2.3058e-05
2.3089e-05
2.312e-05
2.3151e-05
2.3182e-05
2.3214e-05
2.3245e-05
2.3276e-05
2.3307e-05
2.3338e-05
2.337e-05
2.3401e-05
2.3432e-05
2.3463e-05
2.3494e-05
2.3526e-05
2.3557e-05
2.3588e-05
2.3619e-05
2.365e-05
2.3681e-05
2.3712e-05
2.3744e-05
2.3775e-05
2.3806e-05
2.3837e-05
2.3868e-05
2.3899e-05
2.393e-05
2.3961e-05
2.3992e-05
2.4024e-05
2.4055e-05
2.4086e-05
2.4117e-05
2.4148e-05
2.4179e-05
2.421e-05
2.4241e-05
2.4272e-05
2.4303e-05
2.4334e-05
2.4365e-05
2.4396e-05
2.4427e-05
2.4458e-05
2.4489e-05
2.452e-05
2.4551e-05
2.4582e-05
2.4613e-05
2.4644e-05
2.4675e-05
2.4706e-05
2.4736e-05
2.4767e-05
2.4798e-05
2.4829e-05
2.486e-05
2.4891e-05
2.4922e-05
2.4952e-05
2.4983e-05
2.5014e-05
2.5045e-05
2.5076e-05
2.5107e-05
2.5137e-05
2.5168e-05
2.5199e-05
2.523e-05
2.526e-05
2.5291e-05
2.5322e-05
2.5352e-05
2.5383e-05
2.5414e-05
2.5444e-05
2.5475e-05
2.5506e-05
2.5536e-05
2.5567e-05
2.5597e-05
2.5628e-05
2.5659e-05
2.5689e-05
2.572e-05
2.575e-05
2.5781e-05
2.5811e-05
2.5842e-05
2.5872e-05
2.5903e-05
2.5933e-05
2.5964e-05
2.5994e-05
2.6024e-05
2.6055e-05
2.6085e-05
2.6116e-05
2.6146e-05
2.6176e-05
2.6206e-05
2.6237e-05
2.6267e-05
2.6297e-05
2.6328e-05
2.6358e-05
2.6388e-05
2.6418e-05
2.6448e-05
2.6479e-05
2.6509e-05
2.6539e-05
2.6569e-05
2.6599e-05
2.6629e-05
2.6659e-05
2.6689e-05
2.6719e-05
2.6749e-05
2.6779e-05
2.6809e-05
2.6839e-05
2.6869e-05
2.6899e-05
2.6929e-05
2.6959e-05
2.6989e-05
2.7018e-05
2.7048e-05
2.7078e-05
2.7108e-05
2.7138e-05
2.7167e-05
2.7197e-05
2.7227e-05
2.7256e-05
2.7286e-05
2.7316e-05
2.7345e-05
2.7375e-05
2.7404e-05
2.7434e-05
2.7464e-05
2.7493e-05
2.7523e-05
2.7552e-05
2.7581e-05
2.7611e-05
2.764e-05
2.767e-05
2.7699e-05
2.7728e-05
2.7758e-05
2.7787e-05
2.7816e-05
2.7845e-05
2.7875e-05
2.7904e-05
2.7933e-05
2.7962e-05
2.7991e-05
2.802e-05
2.805e-05
2.8079e-05
2.8108e-05
2.8137e-05
2.8166e-05
2.8195e-05
2.8223e-05
2.8252e-05
2.8281e-05
2.831e-05
2.8339e-05
2.8368e-05
2.8396e-05
2.8425e-05
2.8454e-05
2.8483e-05
2.8511e-05
2.854e-05
2.8569e-05
2.8597e-05
2.8626e-05
2.8654e-05
2.8683e-05
2.8711e-05
2.874e-05
2.8768e-05
2.8797e-05
2.8825e-05
2.8853e-05
2.8882e-05
2.891e-05
2.8938e-05
2.8966e-05
2.8995e-05
2.9023e-05
2.9051e-05
2.9079e-05
2.9107e-05
2.9135e-05
2.9163e-05
2.9191e-05
2.9219e-05
2.9247e-05
2.9275e-05
2.9303e-05
2.9331e-05
2.9359e-05
2.9386e-05
2.9414e-05
2.9442e-05
2.947e-05
2.9497e-05
2.9525e-05
2.9552e-05
2.958e-05
2.9608e-05
2.9635e-05
2.9663e-05
2.969e-05
2.9717e-05
2.9745e-05
2.9772e-05
2.9799e-05
2.9827e-05
2.9854e-05
2.9881e-05
2.9908e-05
2.9936e-05
2.9963e-05
2.999e-05
3.0017e-05
3.0044e-05
3.0071e-05
3.0098e-05
3.0125e-05
3.0152e-05
3.0178e-05
3.0205e-05
3.0232e-05
3.0259e-05
3.0285e-05
3.0312e-05
3.0339e-05
3.0365e-05
3.0392e-05
3.0418e-05
3.0445e-05
3.0471e-05
3.0498e-05
3.0524e-05
3.0551e-05
3.0577e-05
3.0603e-05
3.0629e-05
3.0656e-05
3.0682e-05
3.0708e-05
3.0734e-05
3.076e-05
3.0786e-05
3.0812e-05
3.0838e-05
3.0864e-05
3.089e-05
3.0916e-05
3.0941e-05
3.0967e-05
3.0993e-05
3.1018e-05
3.1044e-05
3.107e-05
3.1095e-05
3.1121e-05
3.1146e-05
3.1172e-05
3.1197e-05
3.1222e-05
3.1248e-05
3.1273e-05
3.1298e-05
3.1323e-05
3.1349e-05
3.1374e-05
3.1399e-05
3.1424e-05
3.1449e-05
3.1474e-05
3.1499e-05
3.1524e-05
3.1548e-05
3.1573e-05
3.1598e-05
3.1623e-05
3.1647e-05
3.1672e-05
3.1697e-05
3.1721e-05
3.1746e-05
3.177e-05
3.1794e-05
3.1819e-05
3.1843e-05
3.1867e-05
3.1892e-05
3.1916e-05
3.194e-05
3.1964e-05
3.1988e-05
3.2012e-05
3.2036e-05
3.206e-05
3.2084e-05
3.2108e-05
3.2132e-05
3.2155e-05
3.2179e-05
3.2203e-05
3.2226e-05
3.225e-05
3.2273e-05
3.2297e-05
3.232e-05
3.2344e-05
3.2367e-05
3.239e-05
3.2414e-05
3.2437e-05
3.246e-05
3.2483e-05
3.2506e-05
3.2529e-05
3.2552e-05
3.2575e-05
3.2598e-05
3.2621e-05
3.2644e-05
3.2666e-05
3.2689e-05
3.2712e-05
3.2734e-05
3.2757e-05
3.2779e-05
3.2802e-05
3.2824e-05
3.2846e-05
3.2869e-05
3.2891e-05
3.2913e-05
3.2935e-05
3.2958e-05
3.298e-05
3.3002e-05
3.3024e-05
3.3045e-05
3.3067e-05
3.3089e-05
3.3111e-05
3.3133e-05
3.3154e-05
3.3176e-05
3.3197e-05
3.3219e-05
3.324e-05
3.3262e-05
3.3283e-05
3.3305e-05
3.3326e-05
3.3347e-05
3.3368e-05
3.3389e-05
3.341e-05
3.3431e-05
3.3452e-05
3.3473e-05
3.3494e-05
3.3515e-05
3.3536e-05
3.3556e-05
3.3577e-05
3.3598e-05
3.3618e-05
3.3639e-05
3.3659e-05
3.3679e-05
3.37e-05
3.372e-05
3.374e-05
3.376e-05
3.3781e-05
3.3801e-05
3.3821e-05
3.3841e-05
3.386e-05
3.388e-05
3.39e-05
3.392e-05
3.3939e-05
3.3959e-05
3.3979e-05
3.3998e-05
3.4018e-05
3.4037e-05
3.4056e-05
3.4076e-05
3.4095e-05
3.4114e-05
3.4133e-05
3.4152e-05
3.4171e-05
3.419e-05
3.4209e-05
3.4228e-05
3.4247e-05
3.4266e-05
3.4284e-05
3.4303e-05
3.4322e-05
3.434e-05
3.4359e-05
3.4377e-05
3.4395e-05
3.4414e-05
3.4432e-05
3.445e-05
3.4468e-05
3.4486e-05
3.4504e-05
3.4522e-05
3.454e-05
3.4558e-05
3.4576e-05
3.4593e-05
3.4611e-05
3.4629e-05
3.4646e-05
3.4664e-05
3.4681e-05
3.4699e-05
3.4716e-05
3.4733e-05
3.475e-05
3.4767e-05
3.4784e-05
3.4801e-05
3.4818e-05
3.4835e-05
3.4852e-05
3.4869e-05
3.4886e-05
3.4902e-05
3.4919e-05
3.4935e-05
3.4952e-05
3.4968e-05
3.4985e-05
3.5001e-05
3.5017e-05
3.5033e-05
3.505e-05
3.5066e-05
3.5082e-05
3.5098e-05
3.5113e-05
3.5129e-05
3.5145e-05
3.5161e-05
3.5176e-05
3.5192e-05
3.5207e-05
3.5223e-05
3.5238e-05
3.5254e-05
3.5269e-05
3.5284e-05
3.5299e-05
3.5314e-05
3.5329e-05
3.5344e-05
3.5359e-05
3.5374e-05
3.5389e-05
3.5404e-05
3.5418e-05
3.5433e-05
3.5447e-05
3.5462e-05
3.5476e-05
3.549e-05
3.5505e-05
3.5519e-05
3.5533e-05
3.5547e-05
3.5561e-05
3.5575e-05
3.5589e-05
3.5603e-05
3.5617e-05
3.563e-05
3.5644e-05
3.5657e-05
3.5671e-05
3.5684e-05
3.5698e-05
3.5711e-05
3.5724e-05
3.5738e-05
3.5751e-05
3.5764e-05
3.5777e-05
3.579e-05
3.5803e-05
3.5815e-05
3.5828e-05
3.5841e-05
3.5853e-05
3.5866e-05
3.5878e-05
3.5891e-05
3.5903e-05
3.5915e-05
3.5928e-05
3.594e-05
3.5952e-05
3.5964e-05
3.5976e-05
3.5988e-05
3.6e-05
3.6011e-05
3.6023e-05
3.6035e-05
3.6046e-05
3.6058e-05
3.6069e-05
3.608e-05
3.6092e-05
3.6103e-05
3.6114e-05
3.6125e-05
3.6136e-05
3.6147e-05
3.6158e-05
3.6169e-05
3.618e-05
3.619e-05
3.6201e-05
3.6211e-05
3.6222e-05
3.6232e-05
3.6243e-05
3.6253e-05
3.6263e-05
3.6273e-05
3.6284e-05
3.6294e-05
3.6303e-05
3.6313e-05
3.6323e-05
3.6333e-05
3.6343e-05
3.6352e-05
3.6362e-05
3.6371e-05
3.6381e-05
3.639e-05
3.6399e-05
3.6408e-05
3.6418e-05
3.6427e-05
3.6436e-05
3.6445e-05
3.6453e-05
3.6462e-05
3.6471e-05
3.648e-05
3.6488e-05
3.6497e-05
3.6505e-05
3.6514e-05
3.6522e-05
3.653e-05
3.6538e-05
3.6546e-05
3.6554e-05
3.6562e-05
3.657e-05
3.6578e-05
3.6586e-05
3.6594e-05
3.6601e-05
3.6609e-05
3.6616e-05
3.6624e-05
3.6631e-05
3.6638e-05
3.6646e-05
3.6653e-05
3.666e-05
3.6667e-05
3.6674e-05
3.6681e-05
3.6687e-05
3.6694e-05
3.6701e-05
3.6707e-05
3.6714e-05
3.672e-05
3.6727e-05
3.6733e-05
3.6739e-05
3.6745e-05
3.6751e-05
3.6757e-05
3.6763e-05
3.6769e-05
3.6775e-05
3.6781e-05
3.6786e-05
3.6792e-05
3.6798e-05
3.6803e-05
3.6808e-05
3.6814e-05
3.6819e-05
3.6824e-05
3.6829e-05
3.6834e-05
3.6839e-05
3.6844e-05
3.6849e-05
3.6854e-05
3.6858e-05
3.6863e-05
3.6868e-05
3.6872e-05
3.6876e-05
3.6881e-05
3.6885e-05
3.6889e-05
3.6893e-05
3.6897e-05
3.6901e-05
3.6905e-05
3.6909e-05
3.6913e-05
3.6916e-05
3.692e-05
3.6924e-05
3.6927e-05
3.693e-05
3.6934e-05
3.6937e-05
3.694e-05
3.6943e-05
3.6946e-05
3.6949e-05
3.6952e-05
3.6955e-05
3.6958e-05
3.6961e-05
3.6963e-05
3.6966e-05
3.6968e-05
3.6971e-05
3.6973e-05
3.6975e-05
3.6977e-05
3.698e-05
3.6982e-05
3.6984e-05
3.6985e-05
3.6987e-05
3.6989e-05
3.6991e-05
3.6992e-05
3.6994e-05
3.6995e-05
3.6997e-05
3.6998e-05
3.6999e-05
3.7001e-05
3.7002e-05
3.7003e-05
3.7004e-05
3.7005e-05
3.7005e-05
3.7006e-05
3.7007e-05
3.7007e-05
3.7008e-05
3.7008e-05
3.7009e-05
3.7009e-05
3.7009e-05
3.701e-05
3.701e-05
3.701e-05
3.701e-05
3.701e-05
3.701e-05
3.7009e-05
3.7009e-05
3.7009e-05
3.7008e-05
3.7008e-05
3.7007e-05
3.7006e-05
3.7006e-05
3.7005e-05
3.7004e-05
3.7003e-05
3.7002e-05
3.7001e-05
3.7e-05
3.6998e-05
3.6997e-05
3.6996e-05
3.6994e-05
3.6993e-05
3.6991e-05
3.6989e-05
3.6988e-05
3.6986e-05
3.6984e-05
3.6982e-05
3.698e-05
3.6978e-05
3.6976e-05
3.6973e-05
3.6971e-05
3.6969e-05
3.6966e-05
3.6964e-05
3.6961e-05
3.6958e-05
3.6956e-05
3.6953e-05
3.695e-05
3.6947e-05
3.6944e-05
3.6941e-05
3.6938e-05
3.6934e-05
3.6931e-05
3.6928e-05
3.6924e-05
3.6921e-05
3.6917e-05
3.6913e-05
3.691e-05
3.6906e-05
3.6902e-05
3.6898e-05
3.6894e-05
3.689e-05
3.6886e-05
3.6881e-05
3.6877e-05
3.6873e-05
3.6868e-05
3.6864e-05
3.6859e-05
3.6854e-05
3.685e-05
3.6845e-05
3.684e-05
3.6835e-05
3.683e-05
3.6825e-05
3.682e-05
3.6814e-05
3.6809e-05
3.6804e-05
3.6798e-05
3.6793e-05
3.6787e-05
3.6782e-05
3.6776e-05
3.677e-05
3.6764e-05
3.6758e-05
3.6752e-05
3.6746e-05
3.674e-05
3.6734e-05
3.6727e-05
3.6721e-05
3.6715e-05
3.6708e-05
3.6702e-05
3.6695e-05
3.6688e-05
3.6682e-05
3.6675e-05
3.6668e-05
3.6661e-05
3.6654e-05
3.6647e-05
3.6639e-05
3.6632e-05
3.6625e-05
3.6617e-05
3.661e-05
3.6602e-05
3.6595e-05
3.6587e-05
3.6579e-05
3.6571e-05
3.6564e-05
3.6556e-05
3.6548e-05
3.6539e-05
3.6531e-05
3.6523e-05
3.6515e-05
3.6506e-05
3.6498e-05
3.6489e-05
3.6481e-05
3.6472e-05
3.6464e-05
3.6455e-05
3.6446e-05
3.6437e-05
3.6428e-05
3.6419e-05
3.641e-05
3.6401e-05
3.6391e-05
3.6382e-05
3.6373e-05
3.6363e-05
3.6354e-05
3.6344e-05
3.6334e-05
3.6325e-05
3.6315e-05
3.6305e-05
3.6295e-05
3.6285e-05
3.6275e-05
3.6265e-05
3.6255e-05
3.6244e-05
3.6234e-05
3.6223e-05
3.6213e-05
3.6202e-05
3.6192e-05
3.6181e-05
3.617e-05
3.616e-05
3.6149e-05
3.6138e-05
3.6127e-05
3.6116e-05
3.6105e-05
3.6093e-05
3.6082e-05
3.6071e-05
3.6059e-05
3.6048e-05
3.6036e-05
3.6025e-05
3.6013e-05
3.6001e-05
3.5989e-05
3.5978e-05
3.5966e-05
3.5954e-05
3.5941e-05
3.5929e-05
3.5917e-05
3.5905e-05
3.5893e-05
3.588e-05
3.5868e-05
3.5855e-05
3.5843e-05
3.583e-05
3.5817e-05
3.5804e-05
3.5792e-05
3.5779e-05
3.5766e-05
3.5753e-05
3.5739e-05
3.5726e-05
3.5713e-05
3.57e-05
3.5686e-05
3.5673e-05
3.5659e-05
3.5646e-05
3.5632e-05
3.5619e-05
3.5605e-05
3.5591e-05
3.5577e-05
3.5563e-05
3.5549e-05
3.5535e-05
3.5521e-05
3.5507e-05
3.5492e-05
3.5478e-05
3.5464e-05
3.5449e-05
3.5435e-05
3.542e-05
3.5406e-05
3.5391e-05
3.5376e-05
3.5361e-05
3.5346e-05
3.5331e-05
3.5316e-05
3.5301e-05
3.5286e-05
3.5271e-05
3.5256e-05
3.5241e-05
3.5225e-05
3.521e-05
3.5194e-05
3.5179e-05
3.5163e-05
3.5147e-05
3.5132e-05
3.5116e-05
3.51e-05
3.5084e-05
3.5068e-05
3.5052e-05
3.5036e-05
3.502e-05
3.5003e-05
3.4987e-05
3.4971e-05
3.4954e-05
3.4938e-05
3.4921e-05
3.4905e-05
3.4888e-05
3.4871e-05
3.4855e-05
3.4838e-05
3.4821e-05
3.4804e-05
3.4787e-05
3.477e-05
3.4753e-05
3.4736e-05
3.4718e-05
3.4701e-05
3.4684e-05
3.4666e-05
3.4649e-05
3.4631e-05
3.4614e-05
3.4596e-05
3.4578e-05
3.456e-05
3.4543e-05
3.4525e-05
3.4507e-05
3.4489e-05
3.4471e-05
3.4453e-05
3.4434e-05
3.4416e-05
3.4398e-05
3.438e-05
3.4361e-05
3.4343e-05
3.4324e-05
3.4306e-05
3.4287e-05
3.4268e-05
3.425e-05
3.4231e-05
3.4212e-05
3.4193e-05
3.4174e-05
3.4155e-05
3.4136e-05
3.4117e-05
3.4098e-05
3.4078e-05
3.4059e-05
3.404e-05
3.402e-05
3.4001e-05
3.3981e-05
3.3962e-05
3.3942e-05
3.3923e-05
3.3903e-05
3.3883e-05
3.3863e-05
3.3843e-05
3.3823e-05
3.3803e-05
3.3783e-05
3.3763e-05
3.3743e-05
3.3723e-05
3.3703e-05
3.3682e-05
3.3662e-05
3.3641e-05
3.3621e-05
3.36e-05
3.358e-05
3.3559e-05
3.3539e-05
3.3518e-05
3.3497e-05
3.3476e-05
3.3455e-05
3.3434e-05
3.3413e-05
3.3392e-05
3.3371e-05
3.335e-05
3.3329e-05
3.3308e-05
3.3286e-05
3.3265e-05
3.3244e-05
3.3222e-05
3.3201e-05
3.3179e-05
3.3157e-05
3.3136e-05
3.3114e-05
3.3092e-05
3.307e-05
3.3049e-05
3.3027e-05
3.3005e-05
3.2983e-05
3.2961e-05
3.2939e-05
3.2916e-05
3.2894e-05
3.2872e-05
3.285e-05
3.2827e-05
3.2805e-05
3.2782e-05
3.276e-05
3.2737e-05
3.2715e-05
3.2692e-05
3.267e-05
3.2647e-05
3.2624e-05
3.2601e-05
3.2578e-05
3.2555e-05
3.2532e-05
3.2509e-05
3.2486e-05
3.2463e-05
3.244e-05
3.2417e-05
3.2394e-05
3.237e-05
3.2347e-05
3.2324e-05
3.23e-05
3.2277e-05
3.2253e-05
3.223e-05
3.2206e-05
3.2182e-05
3.2159e-05
3.2135e-05
3.2111e-05
3.2087e-05
3.2063e-05
3.204e-05
3.2016e-05
3.1992e-05
3.1967e-05
3.1943e-05
3.1919e-05
3.1895e-05
3.1871e-05
3.1847e-05
3.1822e-05
3.1798e-05
3.1773e-05
3.1749e-05
3.1725e-05
3.17e-05
3.1675e-05
3.1651e-05
3.1626e-05
3.1601e-05
3.1577e-05
3.1552e-05
3.1527e-05
3.1502e-05
3.1477e-05
3.1452e-05
3.1427e-05
3.1402e-05
3.1377e-05
3.1352e-05
3.1327e-05
3.1302e-05
3.1277e-05
3.1251e-05
3.1226e-05
3.1201e-05
3.1175e-05
3.115e-05
3.1124e-05
3.1099e-05
3.1073e-05
3.1048e-05
3.1022e-05
3.0996e-05
3.0971e-05
3.0945e-05
3.0919e-05
3.0893e-05
3.0868e-05
3.0842e-05
3.0816e-05
3.079e-05
3.0764e-05
3.0738e-05
3.0712e-05
3.0685e-05
3.0659e-05
3.0633e-05
3.0607e-05
3.0581e-05
3.0554e-05
3.0528e-05
3.0502e-05
3.0475e-05
3.0449e-05
3.0422e-05
3.0396e-05
3.0369e-05
3.0343e-05
3.0316e-05
3.0289e-05
3.0263e-05
3.0236e-05
3.0209e-05
3.0182e-05
3.0155e-05
3.0129e-05
3.0102e-05
3.0075e-05
3.0048e-05
3.0021e-05
2.9994e-05
2.9967e-05
2.9939e-05
2.9912e-05
2.9885e-05
2.9858e-05
2.9831e-05
2.9803e-05
2.9776e-05
2.9749e-05
2.9721e-05
2.9694e-05
2.9666e-05
2.9639e-05
2.9612e-05
2.9584e-05
2.9556e-05
2.9529e-05
2.9501e-05
2.9474e-05
2.9446e-05
2.9418e-05
2.939e-05
2.9363e-05
2.9335e-05
2.9307e-05
2.9279e-05
2.9251e-05
2.9223e-05
2.9195e-05
2.9167e-05
2.9139e-05
2.9111e-05
2.9083e-05
2.9055e-05
2.9027e-05
2.8999e-05
2.897e-05
2.8942e-05
2.8914e-05
2.8886e-05
2.8857e-05
2.8829e-05
2.8801e-05
2.8772e-05
2.8744e-05
2.8715e-05
2.8687e-05
2.8658e-05
2.863e-05
2.8601e-05
2.8573e-05
2.8544e-05
2.8515e-05
2.8487e-05
2.8458e-05
2.8429e-05
2.8401e-05
2.8372e-05
2.8343e-05
2.8314e-05
2.8285e-05
2.8256e-05
2.8228e-05
2.8199e-05
2.817e-05
2.8141e-05
2.8112e-05
2.8083e-05
2.8054e-05
2.8025e-05
2.7995e-05
2.7966e-05
2.7937e-05
2.7908e-05
2.7879e-05
2.785e-05
2.782e-05
2.7791e-05
2.7762e-05
2.7733e-05
2.7703e-05
2.7674e-05
2.7644e-05
2.7615e-05
2.7586e-05
2.7556e-05
2.7527e-05
2.7497e-05
2.7468e-05
2.7438e-05
2.7409e-05
2.7379e-05
2.735e-05
2.732e-05
2.729e-05
2.7261e-05
2.7231e-05
2.7201e-05
2.7172e-05
2.7142e-05
2.7112e-05
2.7082e-05
2.7052e-05
2.7023e-05
2.6993e-05
2.6963e-05
2.6933e-05
2.6903e-05
2.6873e-05
2.6843e-05
2.6813e-05
2.6783e-05
2.6753e-05
2.6723e-05
2.6693e-05
2.6663e-05
2.6633e-05
2.6603e-05
2.6573e-05
2.6543e-05
2.6513e-05
2.6483e-05
2.6453e-05
2.6422e-05
2.6392e-05
2.6362e-05
2.6332e-05
2.6302e-05
2.6271e-05
2.6241e-05
2.6211e-05
2.618e-05
2.615e-05
2.612e-05
2.6089e-05
2.6059e-05
2.6029e-05
2.5998e-05
2.5968e-05
2.5937e-05
2.5907e-05
2.5877e-05
2.5846e-05
2.5816e-05
2.5785e-05
2.5755e-05
2.5724e-05
2.5694e-05
2.5663e-05
2.5632e-05
2.5602e-05
2.5571e-05
2.5541e-05
2.551e-05
2.5479e-05
2.5449e-05
2.5418e-05
2.5387e-05
2.5357e-05
2.5326e-05
2.5295e-05
2.5265e-05
2.5234e-05
2.5203e-05
2.5172e-05
2.5142e-05
2.5111e-05
2.508e-05
2.5049e-05
2.5019e-05
2.4988e-05
2.4957e-05
2.4926e-05
2.4895e-05
2.4864e-05
2.4833e-05
2.4803e-05
2.4772e-05
2.4741e-05
2.471e-05
2.4679e-05
2.4648e-05
2.4617e-05
2.4586e-05
2.4555e-05
2.4524e-05
2.4493e-05
2.4462e-05
2.4431e-05
2.44e-05
2.4369e-05
2.4338e-05
2.4307e-05
2.4276e-05
2.4245e-05
2.4214e-05
2.4183e-05
2.4152e-05
2.4121e-05
2.409e-05
2.4059e-05
2.4028e-05
2.3997e-05
2.3966e-05
2.3935e-05
2.3904e-05
2.3872e-05
2.3841e-05
2.381e-05
2.3779e-05
2.3748e-05
2.3717e-05
2.3686e-05
2.3655e-05
2.3623e-05
2.3592e-05
2.3561e-05
2.353e-05
2.3499e-05
2.3468e-05
2.3436e-05
2.3405e-05
2.3374e-05
2.3343e-05
2.3312e-05
2.3281e-05
2.3249e-05
2.3218e-05
2.3187e-05
2.3156e-05
2.3124e-05
2.3093e-05
2.3062e-05
2.3031e-05
2.3e-05
2.2968e-05
2.2937e-05
2.2906e-05
2.2875e-05
2.2844e-05
2.2812e-05
2.2781e-05
2.275e-05
2.2719e-05
2.2687e-05
2.2656e-05
2.2625e-05
2.2594e-05
2.2562e-05
2.2531e-05
2.25e-05
2.2469e-05
2.2437e-05
2.2406e-05
2.2375e-05
2.2344e-05
2.2313e-05
2.2281e-05
2.225e-05
2.2219e-05
2.2188e-05
2.2156e-05
2.2125e-05
2.2094e-05
2.2063e-05
2.2031e-05
2.2e-05
2.1969e-05
2.1938e-05
2.1907e-05
2.1875e-05
2.1844e-05
2.1813e-05
2.1782e-05
2.175e-05
2.1719e-05
2.1688e-05
2.1657e-05
2.1626e-05
2.1594e-05
2.1563e-05
2.1532e-05
2.1501e-05
2.147e-05
2.1439e-05
2.1407e-05
2.1376e-05
2.1345e-05
2.1314e-05
2.1283e-05
2.1252e-05
2.122e-05
2.1189e-05
2.1158e-05
2.1127e-05
2.1096e-05
2.1065e-05
2.1034e-05
2.1003e-05
2.0971e-05
2.094e-05
2.0909e-05
2.0878e-05
2.0847e-05
2.0816e-05
2.0785e-05
2.0754e-05
2.0723e-05
2.0692e-05
2.0661e-05
2.063e-05
2.0599e-05
2.0568e-05
2.0537e-05
2.0506e-05
2.0475e-05
2.0444e-05
2.0413e-05
2.0382e-05
2.0351e-05
2.032e-05
2.0289e-05
2.0258e-05
2.0227e-05
2.0196e-05
2.0165e-05
2.0134e-05
2.0103e-05
2.0072e-05
2.0041e-05
2.001e-05
1.9979e-05
1.9949e-05
1.9918e-05
1.9887e-05
1.9856e-05
1.9825e-05
1.9794e-05
1.9764e-05
1.9733e-05
1.9702e-05
1.9671e-05
1.964e-05
1.961e-05
1.9579e-05
1.9548e-05
1.9517e-05
1.9487e-05
1.9456e-05
1.9425e-05
1.9395e-05
1.9364e-05
1.9333e-05
1.9303e-05
1.9272e-05
1.9241e-05
1.9211e-05
1.918e-05
1.915e-05
1.9119e-05
1.9088e-05
1.9058e-05
1.9027e-05
1.8997e-05
1.8966e-05
1.8936e-05
1.8905e-05
1.8875e-05
1.8844e-05
1.8814e-05
1.8783e-05
1.8753e-05
1.8722e-05
1.8692e-05
1.8662e-05
1.8631e-05
1.8601e-05
1.8571e-05
1.854e-05
1.851e-05
1.848e-05
1.8449e-05
1.8419e-05
1.8389e-05
1.8358e-05
1.8328e-05
1.8298e-05
1.8268e-05
1.8238e-05
1.8207e-05
1.8177e-05
1.8147e-05
1.8117e-05
1.8087e-05
1.8057e-05
1.8027e-05
1.7996e-05
1.7966e-05
1.7936e-05
1.7906e-05
1.7876e-05
1.7846e-05
1.7816e-05
1.7786e-05
1.7756e-05
1.7726e-05
1.7697e-05
1.7667e-05
1.7637e-05
1.7607e-05
1.7577e-05
1.7547e-05
1.7517e-05
1.7488e-05
1.7458e-05
1.7428e-05
1.7398e-05
1.7368e-05
1.7339e-05
1.7309e-05
1.7279e-05
1.725e-05
1.722e-05
1.719e-05
1.7161e-05
1.7131e-05
1.7102e-05
1.7072e-05
1.7043e-05
1.7013e-05
1.6983e-05
1.6954e-05
1.6925e-05
1.6895e-05
1.6866e-05
1.6836e-05
1.6807e-05
1.6777e-05
1.6748e-05
1.6719e-05
1.6689e-05
1.666e-05
1.6631e-05
1.6602e-05
1.6572e-05
1.6543e-05
1.6514e-05
1.6485e-05
1.6456e-05
1.6426e-05
1.6397e-05
1.6368e-05
1.6339e-05
1.631e-05
1.6281e-05
1.6252e-05
1.6223e-05
1.6194e-05
1.6165e-05
1.6136e-05
1.6107e-05
1.6078e-05
1.6049e-05
1.602e-05
1.5992e-05
1.5963e-05
1.5934e-05
1.5905e-05
1.5876e-05
1.5848e-05
1.5819e-05
1.579e-05
1.5762e-05
1.5733e-05
1.5704e-05
1.5676e-05
1.5647e-05
1.5619e-05
1.559e-05
1.5562e-05
1.5533e-05
1.5505e-05
1.5476e-05
1.5448e-05
1.5419e-05
1.5391e-05
1.5363e-05
1.5334e-05
1.5306e-05
1.5278e-05
1.5249e-05
1.5221e-05
1.5193e-05
1.5165e-05
1.5137e-05
1.5108e-05
1.508e-05
1.5052e-05
1.5024e-05
1.4996e-05
1.4968e-05
1.494e-05
1.4912e-05
1.4884e-05
1.4856e-05
1.4828e-05
1.48e-05
1.4772e-05
1.4745e-05
1.4717e-05
1.4689e-05
1.4661e-05
1.4633e-05
1.4606e-05
1.4578e-05
1.455e-05
1.4523e-05
1.4495e-05
1.4467e-05
1.444e-05
1.4412e-05
1.4385e-05
1.4357e-05
1.433e-05
1.4302e-05
1.4275e-05
1.4247e-05
1.422e-05
1.4193e-05
1.4165e-05
1.4138e-05
1.4111e-05
1.4083e-05
1.4056e-05
1.4029e-05
1.4002e-05
1.3975e-05
1.3948e-05
1.392e-05
1.3893e-05
1.3866e-05
1.3839e-05
1.3812e-05
1.3785e-05
1.3758e-05
1.3731e-05
1.3705e-05
1.3678e-05
1.3651e-05
1.3624e-05
1.3597e-05
1.357e-05
1.3544e-05
1.3517e-05
1.349e-05
1.3464e-05
1.3437e-05
1.341e-05
1.3384e-05
1.3357e-05
1.3331e-05
1.3304e-05
1.3278e-05
1.3251e-05
1.3225e-05
1.3199e-05
1.3172e-05
1.3146e-05
1.312e-05
1.3093e-05
1.3067e-05
1.3041e-05
1.3015e-05
1.2988e-05
1.2962e-05
1.2936e-05
1.291e-05
1.2884e-05
1.2858e-05
1.2832e-05
1.2806e-05
1.278e-05
1.2754e-05
1.2728e-05
1.2702e-05
1.2677e-05
1.2651e-05
1.2625e-05
1.2599e-05
1.2574e-05
1.2548e-05
1.2522e-05
1.2497e-05
1.2471e-05
1.2445e-05
1.242e-05
1.2394e-05
1.2369e-05
1.2343e-05
1.2318e-05
1.2292e-05
1.2267e-05
1.2242e-05
1.2216e-05
1.2191e-05
1.2166e-05
1.2141e-05
1.2115e-05
1.209e-05
1.2065e-05
1.204e-05
1.2015e-05
1.199e-05
1.1965e-05
1.194e-05
1.1915e-05
1.189e-05
1.1865e-05
1.184e-05
1.1815e-05
1.179e-05
1.1765e-05
1.1741e-05
1.1716e-05
1.1691e-05
1.1667e-05
1.1642e-05
1.1617e-05
1.1593e-05
1.1568e-05
1.1544e-05
1.1519e-05
1.1495e-05
1.147e-05
1.1446e-05
1.1421e-05
1.1397e-05
1.1373e-05
1.1348e-05
1.1324e-05
1.13e-05
1.1276e-05
1.1251e-05
1.1227e-05
1.1203e-05
1.1179e-05
1.1155e-05
1.1131e-05
1.1107e-05
1.1083e-05
1.1059e-05
1.1035e-05
1.1011e-05
1.0988e-05
1.0964e-05
1.094e-05
1.0916e-05
1.0892e-05
1.0869e-05
1.0845e-05
1.0821e-05
1.0798e-05
1.0774e-05
1.0751e-05
1.0727e-05
1.0704e-05
1.068e-05
1.0657e-05
1.0634e-05
1.061e-05
1.0587e-05
1.0564e-05
1.054e-05
1.0517e-05
1.0494e-05
1.0471e-05
1.0448e-05
1.0424e-05
1.0401e-05
1.0378e-05
1.0355e-05
1.0332e-05
1.0309e-05
1.0286e-05
1.0264e-05
1.0241e-05
1.0218e-05
1.0195e-05
1.0172e-05
1.015e-05
1.0127e-05
1.0104e-05
1.0082e-05
1.0059e-05
1.0036e-05
1.0014e-05
9.9913e-06
9.9688e-06
9.9463e-06
9.9239e-06
9.9015e-06
9.8792e-06
9.8568e-06
9.8345e-06
9.8123e-06
9.79e-06
9.7678e-06
9.7457e-06
9.7235e-06
9.7014e-06
9.6793e-06
9.6573e-06
9.6353e-06
9.6133e-06
9.5914e-06
9.5694e-06
9.5475e-06
9.5257e-06
9.5039e-06
9.4821e-06
9.4603e-06
9.4386e-06
9.4169e-06
9.3952e-06
9.3736e-06
9.352e-06
9.3304e-06
9.3089e-06
9.2874e-06
9.2659e-06
9.2445e-06
9.223e-06
9.2017e-06
9.1803e-06
9.159e-06
9.1377e-06
9.1165e-06
9.0952e-06
9.0741e-06
9.0529e-06
9.0318e-06
9.0107e-06
8.9896e-06
8.9686e-06
8.9476e-06
8.9266e-06
8.9057e-06
8.8848e-06
8.8639e-06
8.8431e-06
8.8223e-06
8.8015e-06
8.7808e-06
8.76e-06
8.7394e-06
8.7187e-06
8.6981e-06
8.6775e-06
8.657e-06
8.6364e-06
8.616e-06
8.5955e-06
8.5751e-06
8.5547e-06
8.5343e-06
8.514e-06
8.4937e-06
8.4734e-06
8.4532e-06
8.433e-06
8.4128e-06
8.3927e-06
8.3726e-06
8.3525e-06
8.3325e-06
8.3125e-06
8.2925e-06
8.2726e-06
8.2527e-06
8.2328e-06
8.2129e-06
8.1931e-06
8.1733e-06
8.1536e-06
8.1339e-06
8.1142e-06
8.0945e-06
8.0749e-06
8.0553e-06
8.0357e-06
8.0162e-06
7.9967e-06
7.9773e-06
7.9578e-06
7.9384e-06
7.9191e-06
7.8997e-06
7.8804e-06
7.8611e-06
7.8419e-06
7.8227e-06
7.8035e-06
7.7844e-06
7.7653e-06
7.7462e-06
7.7271e-06
7.7081e-06
7.6891e-06
7.6702e-06
7.6513e-06
7.6324e-06
7.6135e-06
7.5947e-06
7.5759e-06
7.5571e-06
7.5384e-06
7.5197e-06
7.501e-06
7.4824e-06
7.4638e-06
7.4452e-06
7.4267e-06
7.4082e-06
7.3897e-06
7.3713e-06
7.3529e-06
7.3345e-06
7.3161e-06
7.2978e-06
7.2795e-06
7.2613e-06
7.243e-06
7.2249e-06
7.2067e-06
7.1886e-06
7.1705e-06
7.1524e-06
7.1344e-06
7.1164e-06
7.0984e-06
7.0805e-06
7.0626e-06
7.0447e-06
7.0269e-06
7.0091e-06
6.9913e-06
6.9735e-06
6.9558e-06
6.9381e-06
6.9205e-06
6.9029e-06
6.8853e-06
6.8677e-06
6.8502e-06
6.8327e-06
6.8152e-06
6.7978e-06
6.7804e-06
6.763e-06
6.7457e-06
6.7284e-06
6.7111e-06
6.6939e-06
6.6767e-06
6.6595e-06
6.6423e-06
6.6252e-06
6.6081e-06
6.5911e-06
6.5741e-06
6.5571e-06
6.5401e-06
6.5232e-06
6.5063e-06
6.4894e-06
6.4726e-06
6.4558e-06
6.439e-06
6.4223e-06
6.4056e-06
6.3889e-06
6.3722e-06
6.3556e-06
6.339e-06
6.3225e-06
6.3059e-06
6.2894e-06
6.273e-06
6.2566e-06
6.2402e-06
6.2238e-06
6.2074e-06
6.1911e-06
6.1749e-06
6.1586e-06
6.1424e-06
6.1262e-06
6.1101e-06
6.0939e-06
6.0778e-06
6.0618e-06
6.0458e-06
6.0298e-06
6.0138e-06
5.9978e-06
5.9819e-06
5.9661e-06
5.9502e-06
5.9344e-06
5.9186e-06
5.9029e-06
5.8871e-06
5.8714e-06
5.8558e-06
5.8401e-06
5.8245e-06
5.809e-06
5.7934e-06
5.7779e-06
5.7624e-06
5.747e-06
5.7316e-06
5.7162e-06
5.7008e-06
5.6855e-06
5.6702e-06
5.6549e-06
5.6397e-06
5.6245e-06
5.6093e-06
5.5941e-06
5.579e-06
5.5639e-06
5.5489e-06
5.5339e-06
5.5189e-06
5.5039e-06
5.4889e-06
5.474e-06
5.4592e-06
5.4443e-06
5.4295e-06
5.4147e-06
5.3999e-06
5.3852e-06
5.3705e-06
5.3559e-06
5.3412e-06
5.3266e-06
5.312e-06
5.2975e-06
5.2829e-06
5.2685e-06
5.254e-06
5.2396e-06
5.2252e-06
5.2108e-06
5.1964e-06
5.1821e-06
5.1678e-06
5.1536e-06
5.1394e-06
5.1252e-06
5.111e-06
5.0969e-06
5.0828e-06
5.0687e-06
5.0546e-06
5.0406e-06
5.0266e-06
5.0126e-06
4.9987e-06
4.9848e-06
4.9709e-06
4.9571e-06
4.9433e-06
4.9295e-06
4.9157e-06
4.902e-06
4.8883e-06
4.8746e-06
4.861e-06
4.8474e-06
4.8338e-06
4.8202e-06
4.8067e-06
4.7932e-06
4.7797e-06
4.7663e-06
4.7529e-06
4.7395e-06
4.7261e-06
4.7128e-06
4.6995e-06
4.6862e-06
4.673e-06
4.6597e-06
4.6466e-06
4.6334e-06
4.6203e-06
4.6072e-06
4.5941e-06
4.5811e-06
4.568e-06
4.555e-06
4.5421e-06
4.5292e-06
4.5162e-06
4.5034e-06
4.4905e-06
4.4777e-06
4.4649e-06
4.4521e-06
4.4394e-06
4.4267e-06
4.414e-06
4.4014e-06
4.3887e-06
4.3761e-06
4.3636e-06
4.351e-06
4.3385e-06
4.326e-06
4.3136e-06
4.3011e-06
4.2887e-06
4.2764e-06
4.264e-06
4.2517e-06
4.2394e-06
4.2271e-06
4.2149e-06
4.2027e-06
4.1905e-06
4.1783e-06
4.1662e-06
4.1541e-06
4.142e-06
4.13e-06
4.1179e-06
4.1059e-06
4.094e-06
4.082e-06
4.0701e-06
4.0582e-06
4.0464e-06
4.0345e-06
4.0227e-06
4.0109e-06
3.9992e-06
3.9875e-06
3.9758e-06
3.9641e-06
3.9524e-06
3.9408e-06
3.9292e-06
3.9177e-06
3.9061e-06
3.8946e-06
3.8831e-06
3.8717e-06
3.8602e-06
3.8488e-06
3.8374e-06
3.8261e-06
3.8148e-06
3.8034e-06
3.7922e-06
3.7809e-06
3.7697e-06
3.7585e-06
3.7473e-06
3.7362e-06
3.7251e-06
3.714e-06
3.7029e-06
3.6918e-06
3.6808e-06
3.6698e-06
3.6589e-06
3.6479e-06
3.637e-06
3.6261e-06
3.6153e-06
3.6044e-06
3.5936e-06
3.5828e-06
3.5721e-06
3.5613e-06
3.5506e-06
3.5399e-06
3.5293e-06
3.5186e-06
3.508e-06
3.4974e-06
3.4869e-06
3.4763e-06
3.4658e-06
3.4553e-06
3.4449e-06
3.4345e-06
3.424e-06
3.4137e-06
3.4033e-06
3.393e-06
3.3827e-06
3.3724e-06
3.3621e-06
3.3519e-06
3.3417e-06
3.3315e-06
3.3213e-06
3.3112e-06
3.3011e-06
3.291e-06
3.2809e-06
3.2709e-06
3.2609e-06
3.2509e-06
3.2409e-06
3.231e-06
3.2211e-06
3.2112e-06
3.2013e-06
3.1915e-06
3.1816e-06
3.1718e-06
3.1621e-06
3.1523e-06
3.1426e-06
3.1329e-06
3.1232e-06
3.1136e-06
3.1039e-06
3.0943e-06
3.0847e-06
3.0752e-06
3.0657e-06
3.0561e-06
3.0467e-06
3.0372e-06
3.0278e-06
3.0183e-06
3.0089e-06
2.9996e-06
2.9902e-06
2.9809e-06
2.9716e-06
2.9623e-06
2.9531e-06
2.9439e-06
2.9346e-06
2.9255e-06
2.9163e-06
2.9072e-06
2.8981e-06
2.889e-06
2.8799e-06
2.8708e-06
2.8618e-06
2.8528e-06
2.8438e-06
2.8349e-06
2.826e-06
2.8171e-06
2.8082e-06
2.7993e-06
2.7905e-06
2.7816e-06
2.7729e-06
2.7641e-06
2.7553e-06
2.7466e-06
2.7379e-06
2.7292e-06
2.7205e-06
2.7119e-06
2.7033e-06
2.6947e-06
2.6861e-06
2.6776e-06
2.669e-06
2.6605e-06
2.6521e-06
2.6436e-06
2.6352e-06
2.6267e-06
2.6183e-06
2.61e-06
2.6016e-06
2.5933e-06
2.585e-06
2.5767e-06
2.5684e-06
2.5602e-06
2.5519e-06
2.5437e-06
2.5356e-06
2.5274e-06
2.5193e-06
2.5111e-06
2.503e-06
2.495e-06
2.4869e-06
2.4789e-06
2.4709e-06
2.4629e-06
2.4549e-06
2.447e-06
2.439e-06
2.4311e-06
2.4233e-06
2.4154e-06
2.4076e-06
2.3997e-06
2.3919e-06
2.3841e-06
2.3764e-06
2.3686e-06
2.3609e-06
2.3532e-06
2.3456e-06
2.3379e-06
2.3303e-06
2.3226e-06
2.3151e-06
2.3075e-06
2.2999e-06
2.2924e-06
2.2849e-06
2.2774e-06
2.2699e-06
2.2625e-06
2.255e-06
2.2476e-06
2.2402e-06
2.2328e-06
2.2255e-06
2.2182e-06
2.2108e-06
2.2035e-06
2.1963e-06
2.189e-06
2.1818e-06
2.1746e-06
2.1674e-06
2.1602e-06
2.153e-06
2.1459e-06
2.1388e-06
2.1317e-06
2.1246e-06
2.1176e-06
2.1105e-06
2.1035e-06
2.0965e-06
2.0895e-06
2.0826e-06
2.0756e-06
2.0687e-06
2.0618e-06
2.0549e-06
2.048e-06
2.0412e-06
2.0344e-06
2.0275e-06
2.0208e-06
2.014e-06
2.0072e-06
2.0005e-06
1.9938e-06
1.9871e-06
1.9804e-06
1.9737e-06
1.9671e-06
1.9605e-06
1.9539e-06
1.9473e-06
1.9407e-06
1.9342e-06
1.9276e-06
1.9211e-06
1.9146e-06
1.9082e-06
1.9017e-06
1.8953e-06
1.8888e-06
1.8824e-06
1.8761e-06
1.8697e-06
1.8633e-06
1.857e-06
1.8507e-06
1.8444e-06
1.8381e-06
1.8319e-06
1.8256e-06
1.8194e-06
1.8132e-06
1.807e-06
1.8008e-06
1.7947e-06
1.7885e-06
1.7824e-06
1.7763e-06
1.7702e-06
1.7642e-06
1.7581e-06
1.7521e-06
1.7461e-06
1.7401e-06
1.7341e-06
1.7282e-06
1.7222e-06
1.7163e-06
1.7104e-06
1.7045e-06
1.6986e-06
1.6927e-06
1.6869e-06
1.6811e-06
1.6753e-06
1.6695e-06
1.6637e-06
1.6579e-06
1.6522e-06
1.6465e-06
1.6408e-06
1.6351e-06
1.6294e-06
1.6237e-06
1.6181e-06
1.6125e-06
1.6069e-06
1.6013e-06
1.5957e-06
1.5901e-06
1.5846e-06
1.5791e-06
1.5735e-06
1.5681e-06
1.5626e-06
1.5571e-06
1.5517e-06
1.5462e-06
1.5408e-06
1.5354e-06
1.53e-06
1.5247e-06
1.5193e-06
1.514e-06
1.5087e-06
1.5034e-06
1.4981e-06
1.4928e-06
1.4875e-06
1.4823e-06
1.4771e-06
1.4719e-06
1.4667e-06
1.4615e-06
1.4563e-06
1.4512e-06
1.4461e-06
1.4409e-06
1.4358e-06
1.4308e-06
1.4257e-06
1.4206e-06
1.4156e-06
1.4106e-06
1.4056e-06
1.4006e-06
1.3956e-06
1.3906e-06
1.3857e-06
1.3807e-06
1.3758e-06
1.3709e-06
1.366e-06
1.3611e-06
1.3563e-06
1.3514e-06
1.3466e-06
1.3418e-06
1.337e-06
1.3322e-06
1.3274e-06
1.3227e-06
1.3179e-06
1.3132e-06
1.3085e-06
1.3038e-06
1.2991e-06
1.2944e-06
1.2898e-06
1.2851e-06
1.2805e-06
1.2759e-06
1.2713e-06
1.2667e-06
1.2621e-06
1.2576e-06
1.253e-06
1.2485e-06
1.244e-06
1.2395e-06
1.235e-06
1.2305e-06
1.226e-06
1.2216e-06
1.2172e-06
1.2127e-06
1.2083e-06
1.2039e-06
1.1996e-06
1.1952e-06
1.1908e-06
1.1865e-06
1.1822e-06
1.1779e-06
1.1736e-06
1.1693e-06
1.165e-06
1.1608e-06
1.1565e-06
1.1523e-06
1.1481e-06
1.1439e-06
1.1397e-06
1.1355e-06
1.1313e-06
1.1272e-06
1.123e-06
1.1189e-06
1.1148e-06
1.1107e-06
1.1066e-06
1.1025e-06
1.0985e-06
1.0944e-06
1.0904e-06
1.0864e-06
1.0824e-06
1.0784e-06
1.0744e-06
1.0704e-06
1.0665e-06
1.0625e-06
1.0586e-06
1.0547e-06
1.0507e-06
1.0468e-06
1.043e-06
1.0391e-06
1.0352e-06
1.0314e-06
1.0276e-06
1.0237e-06
1.0199e-06
1.0161e-06
1.0123e-06
1.0086e-06
1.0048e-06
1.0011e-06
9.9732e-07
9.9359e-07
9.8988e-07
9.8618e-07
9.8249e-07
9.7881e-07
9.7514e-07
9.7149e-07
9.6785e-07
9.6422e-07
9.606e-07
9.5699e-07
9.534e-07
9.4982e-07
9.4624e-07
9.4268e-07
9.3914e-07
9.356e-07
9.3207e-07
9.2856e-07
9.2506e-07
9.2157e-07
9.1809e-07
9.1462e-07
9.1116e-07
9.0772e-07
9.0428e-07
9.0086e-07
8.9745e-07
8.9405e-07
8.9066e-07
8.8728e-07
8.8391e-07
8.8056e-07
8.7721e-07
8.7388e-07
8.7055e-07
8.6724e-07
8.6394e-07
8.6065e-07
8.5737e-07
8.541e-07
8.5084e-07
8.476e-07
8.4436e-07
8.4114e-07
8.3792e-07
8.3472e-07
8.3152e-07
8.2834e-07
8.2517e-07
8.2201e-07
8.1885e-07
8.1571e-07
8.1258e-07
8.0946e-07
8.0635e-07
8.0326e-07
8.0017e-07
7.9709e-07
7.9402e-07
7.9096e-07
7.8792e-07
7.8488e-07
7.8185e-07
7.7883e-07
7.7583e-07
7.7283e-07
7.6984e-07
7.6687e-07
7.639e-07
7.6094e-07
7.58e-07
7.5506e-07
7.5214e-07
7.4922e-07
7.4631e-07
7.4341e-07
7.4053e-07
7.3765e-07
7.3478e-07
7.3192e-07
7.2908e-07
7.2624e-07
7.2341e-07
7.2059e-07
7.1778e-07
7.1498e-07
7.1219e-07
7.0941e-07
7.0664e-07
7.0387e-07
7.0112e-07
6.9838e-07
6.9564e-07
6.9292e-07
6.902e-07
6.875e-07
6.848e-07
6.8211e-07
6.7944e-07
6.7677e-07
6.7411e-07
6.7146e-07
6.6882e-07
6.6618e-07
6.6356e-07
6.6095e-07
6.5834e-07
6.5574e-07
6.5316e-07
6.5058e-07
6.4801e-07
6.4545e-07
6.429e-07
6.4036e-07
6.3782e-07
6.353e-07
6.3278e-07
6.3027e-07
6.2777e-07
6.2528e-07
6.228e-07
6.2033e-07
6.1786e-07
6.1541e-07
6.1296e-07
6.1052e-07
6.0809e-07
6.0567e-07
6.0326e-07
6.0085e-07
5.9846e-07
5.9607e-07
5.9369e-07
5.9132e-07
5.8896e-07
5.866e-07
5.8426e-07
5.8192e-07
5.7959e-07
5.7727e-07
5.7495e-07
5.7265e-07
5.7035e-07
5.6806e-07
5.6578e-07
5.6351e-07
5.6125e-07
5.5899e-07
5.5674e-07
5.545e-07
5.5227e-07
5.5004e-07
5.4783e-07
5.4562e-07
5.4342e-07
5.4122e-07
5.3904e-07
5.3686e-07
5.3469e-07
5.3253e-07
5.3037e-07
5.2823e-07
5.2609e-07
5.2396e-07
5.2183e-07
5.1972e-07
5.1761e-07
5.1551e-07
5.1341e-07
5.1133e-07
5.0925e-07
5.0718e-07
5.0511e-07
5.0306e-07
5.0101e-07
4.9897e-07
4.9693e-07
4.9491e-07
4.9289e-07
4.9087e-07
4.8887e-07
4.8687e-07
4.8488e-07
4.829e-07
4.8092e-07
4.7895e-07
4.7699e-07
4.7504e-07
4.7309e-07
4.7115e-07
4.6921e-07
4.6729e-07
4.6537e-07
4.6346e-07
4.6155e-07
4.5965e-07
4.5776e-07
4.5588e-07
4.54e-07
4.5213e-07
4.5026e-07
4.4841e-07
4.4656e-07
4.4471e-07
4.4288e-07
4.4105e-07
4.3922e-07
4.3741e-07
4.3559e-07
4.3379e-07
4.3199e-07
4.302e-07
4.2842e-07
4.2664e-07
4.2487e-07
4.2311e-07
4.2135e-07
4.196e-07
4.1786e-07
4.1612e-07
4.1439e-07
4.1266e-07
4.1094e-07
4.0923e-07
4.0752e-07
4.0582e-07
4.0413e-07
4.0244e-07
4.0076e-07
3.9909e-07
3.9742e-07
3.9576e-07
3.941e-07
3.9245e-07
3.9081e-07
3.8917e-07
3.8754e-07
3.8591e-07
3.8429e-07
3.8268e-07
3.8107e-07
3.7947e-07
3.7788e-07
3.7629e-07
3.747e-07
3.7313e-07
3.7155e-07
3.6999e-07
3.6843e-07
3.6688e-07
3.6533e-07
3.6379e-07
3.6225e-07
3.6072e-07
3.5919e-07
3.5767e-07
3.5616e-07
3.5465e-07
3.5315e-07
3.5166e-07
3.5016e-07
3.4868e-07
3.472e-07
3.4573e-07
3.4426e-07
3.428e-07
3.4134e-07
3.3989e-07
3.3844e-07
3.37e-07
3.3557e-07
3.3414e-07
3.3271e-07
3.3129e-07
3.2988e-07
3.2847e-07
3.2707e-07
3.2567e-07
3.2428e-07
3.229e-07
3.2152e-07
3.2014e-07
3.1877e-07
3.174e-07
3.1604e-07
3.1469e-07
3.1334e-07
3.1199e-07
3.1066e-07
3.0932e-07
3.0799e-07
3.0667e-07
3.0535e-07
3.0404e-07
3.0273e-07
3.0142e-07
3.0013e-07
2.9883e-07
2.9754e-07
2.9626e-07
2.9498e-07
2.9371e-07
2.9244e-07
2.9118e-07
2.8992e-07
2.8866e-07
2.8741e-07
2.8617e-07
2.8493e-07
2.8369e-07
2.8246e-07
2.8124e-07
2.8002e-07
2.788e-07
2.7759e-07
2.7639e-07
2.7519e-07
2.7399e-07
2.728e-07
2.7161e-07
2.7043e-07
2.6925e-07
2.6808e-07
2.6691e-07
2.6574e-07
2.6458e-07
2.6343e-07
2.6228e-07
2.6113e-07
2.5999e-07
2.5885e-07
2.5772e-07
2.5659e-07
2.5547e-07
2.5435e-07
2.5323e-07
2.5212e-07
2.5102e-07
2.4992e-07
2.4882e-07
2.4773e-07
2.4664e-07
2.4555e-07
2.4447e-07
2.434e-07
2.4232e-07
2.4126e-07
2.4019e-07
2.3914e-07
2.3808e-07
2.3703e-07
2.3598e-07
2.3494e-07
2.339e-07
2.3287e-07
2.3184e-07
2.3082e-07
2.2979e-07
2.2878e-07
2.2776e-07
2.2675e-07
2.2575e-07
2.2475e-07
2.2375e-07
2.2276e-07
2.2177e-07
2.2078e-07
2.198e-07
2.1882e-07
2.1785e-07
2.1688e-07
2.1591e-07
2.1495e-07
2.1399e-07
2.1304e-07
2.1209e-07
2.1114e-07
2.102e-07
2.0926e-07
2.0833e-07
2.074e-07
2.0647e-07
2.0555e-07
2.0463e-07
2.0371e-07
2.028e-07
2.0189e-07
2.0098e-07
2.0008e-07
1.9918e-07
1.9829e-07
1.974e-07
1.9651e-07
1.9563e-07
1.9475e-07
1.9387e-07
1.93e-07
1.9213e-07
1.9126e-07
1.904e-07
1.8954e-07
1.8869e-07
1.8784e-07
1.8699e-07
1.8615e-07
1.853e-07
1.8447e-07
1.8363e-07
1.828e-07
1.8197e-07
1.8115e-07
1.8033e-07
1.7951e-07
1.787e-07
1.7789e-07
1.7708e-07
1.7628e-07
1.7548e-07
1.7468e-07
1.7389e-07
1.731e-07
1.7231e-07
1.7152e-07
1.7074e-07
1.6997e-07
1.6919e-07
1.6842e-07
1.6765e-07
1.6689e-07
1.6612e-07
1.6537e-07
1.6461e-07
1.6386e-07
1.6311e-07
1.6236e-07
1.6162e-07
1.6088e-07
1.6014e-07
1.5941e-07
1.5868e-07
1.5795e-07
1.5723e-07
1.5651e-07
1.5579e-07
1.5507e-07
1.5436e-07
1.5365e-07
1.5294e-07
1.5224e-07
1.5154e-07
1.5084e-07
1.5014e-07
1.4945e-07
1.4876e-07
1.4808e-07
1.4739e-07
1.4671e-07
1.4604e-07
1.4536e-07
1.4469e-07
1.4402e-07
1.4335e-07
1.4269e-07
1.4203e-07
1.4137e-07
1.4072e-07
1.4006e-07
1.3942e-07
1.3877e-07
1.3812e-07
1.3748e-07
1.3684e-07
1.3621e-07
1.3558e-07
1.3494e-07
1.3432e-07
1.3369e-07
1.3307e-07
1.3245e-07
1.3183e-07
1.3122e-07
1.306e-07
1.3e-07
1.2939e-07
1.2878e-07
1.2818e-07
1.2758e-07
1.2699e-07
1.2639e-07
1.258e-07
1.2521e-07
1.2463e-07
1.2404e-07
1.2346e-07
1.2288e-07
1.223e-07
1.2173e-07
1.2116e-07
1.2059e-07
1.2002e-07
1.1946e-07
1.189e-07
1.1834e-07
1.1778e-07
1.1723e-07
1.1667e-07
1.1612e-07
1.1558e-07
1.1503e-07
1.1449e-07
1.1395e-07
1.1341e-07
1.1287e-07
1.1234e-07
1.1181e-07
1.1128e-07
1.1075e-07
1.1023e-07
1.0971e-07
1.0919e-07
1.0867e-07
1.0815e-07
1.0764e-07
1.0713e-07
1.0662e-07
1.0612e-07
1.0561e-07
1.0511e-07
1.0461e-07
1.0411e-07
1.0362e-07
1.0312e-07
1.0263e-07
1.0214e-07
1.0166e-07
1.0117e-07
1.0069e-07
1.0021e-07
9.973e-08
9.9254e-08
9.8779e-08
9.8307e-08
9.7837e-08
9.7369e-08
9.6903e-08
9.6439e-08
9.5977e-08
9.5517e-08
9.5059e-08
9.4603e-08
9.4149e-08
9.3698e-08
9.3248e-08
9.28e-08
9.2354e-08
9.191e-08
9.1468e-08
9.1028e-08
9.059e-08
9.0153e-08
8.9719e-08
8.9287e-08
8.8856e-08
8.8428e-08
8.8001e-08
8.7576e-08
8.7154e-08
8.6733e-08
8.6313e-08
8.5896e-08
8.5481e-08
8.5067e-08
8.4656e-08
8.4246e-08
8.3838e-08
8.3431e-08
8.3027e-08
8.2624e-08
8.2223e-08
8.1824e-08
8.1427e-08
8.1031e-08
8.0638e-08
8.0246e-08
7.9855e-08
7.9467e-08
7.908e-08
7.8695e-08
7.8312e-08
7.793e-08
7.755e-08
7.7172e-08
7.6796e-08
7.6421e-08
7.6048e-08
7.5676e-08
7.5306e-08
7.4938e-08
7.4572e-08
7.4207e-08
7.3844e-08
7.3482e-08
7.3122e-08
7.2764e-08
7.2407e-08
7.2052e-08
7.1699e-08
7.1347e-08
7.0997e-08
7.0648e-08
7.0301e-08
6.9955e-08
6.9611e-08
6.9269e-08
6.8928e-08
6.8589e-08
6.8251e-08
6.7915e-08
6.758e-08
6.7247e-08
6.6915e-08
6.6585e-08
6.6256e-08
6.5929e-08
6.5603e-08
6.5279e-08
6.4956e-08
6.4635e-08
6.4315e-08
6.3997e-08
6.368e-08
6.3365e-08
6.3051e-08
6.2738e-08
6.2427e-08
6.2117e-08
6.1809e-08
6.1502e-08
6.1196e-08
6.0892e-08
6.059e-08
6.0288e-08
5.9988e-08
5.969e-08
5.9393e-08
5.9097e-08
5.8802e-08
5.8509e-08
5.8217e-08
5.7927e-08
5.7638e-08
5.735e-08
5.7064e-08
5.6779e-08
5.6495e-08
5.6212e-08
5.5931e-08
5.5651e-08
5.5373e-08
5.5096e-08
5.482e-08
5.4545e-08
5.4271e-08
5.3999e-08
5.3728e-08
5.3459e-08
5.319e-08
5.2923e-08
5.2657e-08
5.2392e-08
5.2129e-08
5.1867e-08
5.1606e-08
5.1346e-08
5.1087e-08
5.083e-08
5.0573e-08
5.0318e-08
5.0065e-08
4.9812e-08
4.9561e-08
4.931e-08
4.9061e-08
4.8813e-08
4.8566e-08
4.8321e-08
4.8076e-08
4.7833e-08
4.7591e-08
4.735e-08
4.711e-08
4.6871e-08
4.6633e-08
4.6397e-08
4.6161e-08
4.5927e-08
4.5694e-08
4.5461e-08
4.523e-08
4.5e-08
4.4771e-08
4.4544e-08
4.4317e-08
4.4091e-08
4.3867e-08
4.3643e-08
4.342e-08
4.3199e-08
4.2979e-08
4.2759e-08
4.2541e-08
4.2324e-08
4.2107e-08
4.1892e-08
4.1678e-08
4.1465e-08
4.1252e-08
4.1041e-08
4.0831e-08
4.0622e-08
4.0414e-08
4.0206e-08
4e-08
3.9795e-08
3.9591e-08
3.9387e-08
3.9185e-08
3.8984e-08
3.8783e-08
3.8584e-08
3.8385e-08
3.8188e-08
3.7991e-08
3.7796e-08
3.7601e-08
3.7407e-08
3.7214e-08
3.7022e-08
3.6831e-08
3.6641e-08
3.6452e-08
3.6264e-08
3.6076e-08
3.589e-08
3.5704e-08
3.5519e-08
3.5336e-08
3.5153e-08
3.4971e-08
3.4789e-08
3.4609e-08
3.443e-08
3.4251e-08
3.4073e-08
3.3896e-08
3.372e-08
3.3545e-08
3.3371e-08
3.3197e-08
3.3025e-08
3.2853e-08
3.2682e-08
3.2512e-08
3.2343e-08
3.2174e-08
3.2006e-08
3.1839e-08
3.1673e-08
3.1508e-08
3.1344e-08
3.118e-08
3.1017e-08
3.0855e-08
3.0694e-08
3.0533e-08
3.0374e-08
3.0215e-08
3.0056e-08
2.9899e-08
2.9742e-08
2.9587e-08
2.9431e-08
2.9277e-08
2.9123e-08
2.8971e-08
2.8818e-08
2.8667e-08
2.8516e-08
2.8367e-08
2.8217e-08
2.8069e-08
2.7921e-08
2.7774e-08
2.7628e-08
2.7483e-08
2.7338e-08
2.7194e-08
2.705e-08
2.6907e-08
2.6765e-08
2.6624e-08
2.6484e-08
2.6344e-08
2.6204e-08
2.6066e-08
2.5928e-08
2.5791e-08
2.5654e-08
2.5518e-08
2.5383e-08
2.5249e-08
2.5115e-08
2.4982e-08
2.4849e-08
2.4717e-08
2.4586e-08
2.4456e-08
2.4326e-08
2.4197e-08
2.4068e-08
2.394e-08
2.3813e-08
2.3686e-08
2.356e-08
2.3434e-08
2.3309e-08
2.3185e-08
2.3062e-08
2.2939e-08
2.2816e-08
2.2694e-08
2.2573e-08
2.2453e-08
2.2333e-08
2.2213e-08
2.2095e-08
2.1976e-08
2.1859e-08
2.1742e-08
2.1625e-08
2.151e-08
2.1394e-08
2.128e-08
2.1166e-08
2.1052e-08
2.0939e-08
2.0827e-08
2.0715e-08
2.0604e-08
2.0493e-08
2.0383e-08
2.0273e-08
2.0164e-08
2.0055e-08
1.9947e-08
1.984e-08
1.9733e-08
1.9627e-08
1.9521e-08
1.9416e-08
1.9311e-08
1.9207e-08
1.9103e-08
1.9e-08
1.8897e-08
1.8795e-08
1.8694e-08
1.8592e-08
1.8492e-08
1.8392e-08
1.8292e-08
1.8193e-08
1.8095e-08
1.7996e-08
1.7899e-08
1.7802e-08
1.7705e-08
1.7609e-08
1.7513e-08
1.7418e-08
1.7324e-08
1.723e-08
1.7136e-08
1.7043e-08
1.695e-08
1.6858e-08
1.6766e-08
1.6675e-08
1.6584e-08
1.6493e-08
1.6403e-08
1.6314e-08
1.6225e-08
1.6136e-08
1.6048e-08
1.5961e-08
1.5873e-08
1.5787e-08
1.57e-08
1.5614e-08
1.5529e-08
1.5444e-08
1.5359e-08
1.5275e-08
1.5192e-08
1.5108e-08
1.5025e-08
1.4943e-08
1.4861e-08
1.4779e-08
1.4698e-08
1.4618e-08
1.4537e-08
1.4457e-08
1.4378e-08
1.4299e-08
1.422e-08
1.4142e-08
1.4064e-08
1.3986e-08
1.3909e-08
1.3833e-08
1.3756e-08
1.368e-08
1.3605e-08
1.353e-08
1.3455e-08
1.3381e-08
1.3307e-08
1.3233e-08
1.316e-08
1.3087e-08
1.3015e-08
1.2943e-08
1.2871e-08
1.28e-08
1.2729e-08
1.2658e-08
1.2588e-08
1.2518e-08
1.2449e-08
1.238e-08
1.2311e-08
1.2243e-08
1.2175e-08
1.2107e-08
1.204e-08
1.1973e-08
1.1906e-08
1.184e-08
1.1774e-08
1.1708e-08
1.1643e-08
1.1578e-08
1.1514e-08
1.1449e-08
1.1386e-08
1.1322e-08
1.1259e-08
1.1196e-08
1.1133e-08
1.1071e-08
1.1009e-08
1.0948e-08
1.0886e-08
1.0825e-08
1.0765e-08
1.0704e-08
1.0645e-08
1.0585e-08
1.0526e-08
1.0466e-08
1.0408e-08
1.0349e-08
1.0291e-08
1.0233e-08
1.0176e-08
1.0119e-08
1.0062e-08
1.0005e-08
9.949e-09
9.893e-09
9.8373e-09
9.7819e-09
9.7268e-09
9.672e-09
9.6174e-09
9.5632e-09
9.5092e-09
9.4556e-09
9.4022e-09
9.3491e-09
9.2963e-09
9.2438e-09
9.1915e-09
9.1395e-09
9.0878e-09
9.0364e-09
8.9852e-09
8.9344e-09
8.8838e-09
8.8334e-09
8.7833e-09
8.7335e-09
8.684e-09
8.6347e-09
8.5857e-09
8.537e-09
8.4885e-09
8.4402e-09
8.3923e-09
8.3446e-09
8.2971e-09
8.2499e-09
8.2029e-09
8.1562e-09
8.1098e-09
8.0636e-09
8.0176e-09
7.9719e-09
7.9264e-09
7.8812e-09
7.8362e-09
7.7915e-09
7.747e-09
7.7028e-09
7.6587e-09
7.615e-09
7.5714e-09
7.5281e-09
7.485e-09
7.4422e-09
7.3996e-09
7.3572e-09
7.315e-09
7.2731e-09
7.2314e-09
7.1899e-09
7.1487e-09
7.1076e-09
7.0668e-09
7.0262e-09
6.9859e-09
6.9457e-09
6.9058e-09
6.8661e-09
6.8266e-09
6.7873e-09
6.7482e-09
6.7093e-09
6.6707e-09
6.6322e-09
6.594e-09
6.556e-09
6.5182e-09
6.4806e-09
6.4431e-09
6.4059e-09
6.3689e-09
6.3321e-09
6.2955e-09
6.2591e-09
6.2229e-09
6.1869e-09
6.1511e-09
6.1155e-09
6.0801e-09
6.0449e-09
6.0098e-09
5.975e-09
5.9403e-09
5.9059e-09
5.8716e-09
5.8375e-09
5.8036e-09
5.7699e-09
5.7364e-09
5.703e-09
5.6699e-09
5.6369e-09
5.6041e-09
5.5715e-09
5.539e-09
5.5068e-09
5.4747e-09
5.4428e-09
5.411e-09
5.3795e-09
5.3481e-09
5.3169e-09
5.2859e-09
5.255e-09
5.2243e-09
5.1938e-09
5.1634e-09
5.1332e-09
5.1032e-09
5.0733e-09
5.0436e-09
5.0141e-09
4.9847e-09
4.9555e-09
4.9265e-09
4.8976e-09
4.8689e-09
4.8403e-09
4.8119e-09
4.7837e-09
4.7556e-09
4.7276e-09
4.6998e-09
4.6722e-09
4.6447e-09
4.6174e-09
4.5903e-09
4.5632e-09
4.5364e-09
4.5096e-09
4.4831e-09
4.4567e-09
4.4304e-09
4.4043e-09
4.3783e-09
4.3524e-09
4.3267e-09
4.3012e-09
4.2758e-09
4.2505e-09
4.2254e-09
4.2004e-09
4.1756e-09
4.1509e-09
4.1263e-09
4.1019e-09
4.0776e-09
4.0534e-09
4.0294e-09
4.0055e-09
3.9817e-09
3.9581e-09
3.9346e-09
3.9113e-09
3.8881e-09
3.865e-09
3.842e-09
3.8192e-09
3.7964e-09
3.7739e-09
3.7514e-09
3.7291e-09
3.7069e-09
3.6848e-09
3.6629e-09
3.641e-09
3.6193e-09
3.5977e-09
3.5763e-09
3.555e-09
3.5337e-09
3.5126e-09
3.4917e-09
3.4708e-09
3.45e-09
3.4294e-09
3.4089e-09
3.3885e-09
3.3682e-09
3.3481e-09
3.328e-09
3.3081e-09
3.2883e-09
3.2686e-09
3.249e-09
3.2295e-09
3.2101e-09
3.1908e-09
3.1717e-09
3.1526e-09
3.1337e-09
3.1149e-09
3.0961e-09
3.0775e-09
3.059e-09
3.0406e-09
3.0223e-09
3.0041e-09
2.986e-09
2.968e-09
2.9501e-09
2.9324e-09
2.9147e-09
2.8971e-09
2.8796e-09
2.8622e-09
2.845e-09
2.8278e-09
2.8107e-09
2.7937e-09
2.7768e-09
2.76e-09
2.7433e-09
2.7267e-09
2.7102e-09
2.6938e-09
2.6775e-09
2.6613e-09
2.6451e-09
2.6291e-09
2.6131e-09
2.5973e-09
2.5815e-09
2.5659e-09
2.5503e-09
2.5348e-09
2.5194e-09
2.5041e-09
2.4888e-09
2.4737e-09
2.4586e-09
2.4437e-09
2.4288e-09
2.414e-09
2.3993e-09
2.3847e-09
2.3702e-09
2.3557e-09
2.3413e-09
2.327e-09
2.3128e-09
2.2987e-09
2.2847e-09
2.2707e-09
2.2568e-09
2.2431e-09
2.2293e-09
2.2157e-09
2.2021e-09
2.1887e-09
2.1753e-09
2.1619e-09
2.1487e-09
2.1355e-09
2.1224e-09
2.1094e-09
2.0965e-09
2.0836e-09
2.0708e-09
2.0581e-09
2.0455e-09
2.0329e-09
2.0204e-09
2.008e-09
1.9956e-09
1.9834e-09
1.9712e-09
1.959e-09
1.947e-09
1.935e-09
1.923e-09
1.9112e-09
1.8994e-09
1.8877e-09
1.8761e-09
1.8645e-09
1.853e-09
1.8415e-09
1.8302e-09
1.8188e-09
1.8076e-09
1.7964e-09
1.7853e-09
1.7743e-09
1.7633e-09
1.7524e-09
1.7415e-09
1.7307e-09
1.72e-09
1.7094e-09
1.6988e-09
1.6882e-09
1.6778e-09
1.6673e-09
1.657e-09
1.6467e-09
1.6365e-09
1.6263e-09
1.6162e-09
1.6061e-09
1.5962e-09
1.5862e-09
1.5764e-09
1.5665e-09
1.5568e-09
1.5471e-09
1.5375e-09
1.5279e-09
1.5184e-09
1.5089e-09
1.4995e-09
1.4901e-09
1.4808e-09
1.4716e-09
1.4624e-09
1.4532e-09
1.4442e-09
1.4351e-09
1.4262e-09
1.4172e-09
1.4084e-09
1.3995e-09
1.3908e-09
1.3821e-09
1.3734e-09
1.3648e-09
1.3562e-09
1.3477e-09
1.3393e-09
1.3309e-09
1.3225e-09
1.3142e-09
1.306e-09
1.2978e-09
1.2896e-09
1.2815e-09
1.2734e-09
1.2654e-09
1.2575e-09
1.2496e-09
1.2417e-09
1.2339e-09
1.2261e-09
1.2184e-09
1.2107e-09
1.2031e-09
1.1955e-09
1.1879e-09
1.1804e-09
1.173e-09
1.1656e-09
1.1582e-09
1.1509e-09
1.1436e-09
1.1364e-09
1.1292e-09
1.1221e-09
1.115e-09
1.1079e-09
1.1009e-09
1.0939e-09
1.087e-09
1.0801e-09
1.0732e-09
1.0664e-09
1.0597e-09
1.0529e-09
1.0463e-09
1.0396e-09
1.033e-09
1.0264e-09
1.0199e-09
1.0134e-09
1.007e-09
1.0006e-09
9.9422e-10
9.8789e-10
9.816e-10
9.7535e-10
9.6913e-10
9.6296e-10
9.5682e-10
9.5072e-10
9.4465e-10
9.3863e-10
9.3264e-10
9.2668e-10
9.2076e-10
9.1488e-10
9.0903e-10
9.0322e-10
8.9745e-10
8.9171e-10
8.86e-10
8.8033e-10
8.747e-10
8.691e-10
8.6353e-10
8.58e-10
8.525e-10
8.4703e-10
8.416e-10
8.362e-10
8.3083e-10
8.255e-10
8.202e-10
8.1493e-10
8.097e-10
8.0449e-10
7.9932e-10
7.9418e-10
7.8907e-10
7.8399e-10
7.7895e-10
7.7393e-10
7.6895e-10
7.6399e-10
7.5907e-10
7.5418e-10
7.4932e-10
7.4448e-10
7.3968e-10
7.3491e-10
7.3016e-10
7.2545e-10
7.2076e-10
7.161e-10
7.1147e-10
7.0687e-10
7.023e-10
6.9776e-10
6.9324e-10
6.8876e-10
6.843e-10
6.7987e-10
6.7546e-10
6.7108e-10
6.6673e-10
6.6241e-10
6.5811e-10
6.5384e-10
6.496e-10
6.4538e-10
6.4119e-10
6.3703e-10
6.3289e-10
6.2877e-10
6.2468e-10
6.2062e-10
6.1658e-10
6.1257e-10
6.0858e-10
6.0462e-10
6.0068e-10
5.9677e-10
5.9288e-10
5.8902e-10
5.8517e-10
5.8136e-10
5.7756e-10
5.7379e-10
5.7005e-10
5.6632e-10
5.6263e-10
5.5895e-10
5.553e-10
5.5166e-10
5.4806e-10
5.4447e-10
5.4091e-10
5.3737e-10
5.3385e-10
5.3035e-10
5.2688e-10
5.2342e-10
5.1999e-10
5.1658e-10
5.1319e-10
5.0983e-10
5.0648e-10
5.0316e-10
4.9985e-10
4.9657e-10
4.933e-10
4.9006e-10
4.8684e-10
4.8364e-10
4.8046e-10
4.7729e-10
4.7415e-10
4.7103e-10
4.6793e-10
4.6485e-10
4.6178e-10
4.5874e-10
4.5571e-10
4.5271e-10
4.4972e-10
4.4675e-10
4.438e-10
4.4087e-10
4.3796e-10
4.3506e-10
4.3219e-10
4.2933e-10
4.2649e-10
4.2367e-10
4.2087e-10
4.1808e-10
4.1531e-10
4.1256e-10
4.0983e-10
4.0711e-10
4.0442e-10
4.0173e-10
3.9907e-10
3.9642e-10
3.9379e-10
3.9118e-10
3.8858e-10
3.86e-10
3.8343e-10
3.8088e-10
3.7835e-10
3.7584e-10
3.7334e-10
3.7085e-10
3.6838e-10
3.6593e-10
3.6349e-10
3.6107e-10
3.5867e-10
3.5628e-10
3.539e-10
3.5154e-10
3.492e-10
3.4687e-10
3.4455e-10
3.4225e-10
3.3996e-10
3.3769e-10
3.3544e-10
3.3319e-10
3.3097e-10
3.2875e-10
3.2655e-10
3.2437e-10
3.222e-10
3.2004e-10
3.1789e-10
3.1576e-10
3.1365e-10
3.1155e-10
3.0946e-10
3.0738e-10
3.0532e-10
3.0327e-10
3.0123e-10
2.9921e-10
2.972e-10
2.952e-10
2.9322e-10
2.9125e-10
2.8929e-10
2.8734e-10
2.8541e-10
2.8349e-10
2.8158e-10
2.7968e-10
2.778e-10
2.7593e-10
2.7407e-10
2.7222e-10
2.7038e-10
2.6856e-10
2.6675e-10
2.6495e-10
2.6316e-10
2.6138e-10
2.5962e-10
2.5786e-10
2.5612e-10
2.5439e-10
2.5267e-10
2.5096e-10
2.4926e-10
2.4757e-10
2.4589e-10
2.4423e-10
2.4257e-10
2.4093e-10
2.393e-10
2.3767e-10
2.3606e-10
2.3446e-10
2.3287e-10
2.3129e-10
2.2972e-10
2.2816e-10
2.2661e-10
2.2507e-10
2.2354e-10
2.2202e-10
2.2051e-10
2.1901e-10
2.1752e-10
2.1604e-10
2.1456e-10
2.131e-10
2.1165e-10
2.1021e-10
2.0878e-10
2.0735e-10
2.0594e-10
2.0453e-10
2.0314e-10
2.0175e-10
2.0037e-10
1.99e-10
1.9764e-10
1.9629e-10
1.9495e-10
1.9362e-10
1.9229e-10
1.9098e-10
1.8967e-10
1.8837e-10
1.8708e-10
1.858e-10
1.8453e-10
1.8326e-10
1.8201e-10
1.8076e-10
1.7952e-10
1.7829e-10
1.7706e-10
1.7585e-10
1.7464e-10
1.7344e-10
1.7225e-10
1.7106e-10
1.6989e-10
1.6872e-10
1.6756e-10
1.6641e-10
1.6526e-10
1.6412e-10
1.6299e-10
1.6187e-10
1.6075e-10
1.5965e-10
1.5855e-10
1.5745e-10
1.5637e-10
1.5529e-10
1.5422e-10
1.5315e-10
1.5209e-10
1.5104e-10
1.5e-10
1.4896e-10
1.4793e-10
1.4691e-10
1.4589e-10
1.4488e-10
1.4388e-10
1.4289e-10
1.419e-10
1.4091e-10
1.3994e-10
1.3897e-10
1.38e-10
1.3705e-10
1.361e-10
1.3515e-10
1.3421e-10
1.3328e-10
1.3236e-10
1.3144e-10
1.3052e-10
1.2962e-10
1.2872e-10
1.2782e-10
1.2693e-10
1.2605e-10
1.2517e-10
1.243e-10
1.2343e-10
1.2257e-10
1.2172e-10
1.2087e-10
1.2003e-10
1.1919e-10
1.1836e-10
1.1753e-10
1.1671e-10
1.159e-10
1.1509e-10
1.1429e-10
1.1349e-10
1.127e-10
1.1191e-10
1.1112e-10
1.1035e-10
1.0958e-10
1.0881e-10
1.0805e-10
1.0729e-10
1.0654e-10
1.0579e-10
1.0505e-10
1.0432e-10
1.0358e-10
1.0286e-10
1.0214e-10
1.0142e-10
1.0071e-10
1e-10
9.9298e-11
9.86e-11
9.7907e-11
9.7219e-11
9.6535e-11
9.5857e-11
9.5182e-11
9.4513e-11
9.3847e-11
9.3187e-11
9.253e-11
9.1879e-11
9.1231e-11
9.0588e-11
8.9949e-11
8.9315e-11
8.8685e-11
8.8059e-11
8.7438e-11
8.6821e-11
8.6208e-11
8.5599e-11
8.4994e-11
8.4393e-11
8.3797e-11
8.3204e-11
8.2616e-11
8.2031e-11
8.1451e-11
8.0874e-11
8.0301e-11
7.9733e-11
7.9168e-11
7.8607e-11
7.8049e-11
7.7496e-11
7.6946e-11
7.6401e-11
7.5858e-11
7.532e-11
7.4785e-11
7.4254e-11
7.3727e-11
7.3203e-11
7.2682e-11
7.2166e-11
7.1653e-11
7.1143e-11
7.0637e-11
7.0134e-11
6.9635e-11
6.9139e-11
6.8646e-11
6.8157e-11
6.7671e-11
6.7189e-11
6.671e-11
6.6234e-11
6.5762e-11
6.5292e-11
6.4826e-11
6.4363e-11
6.3904e-11
6.3447e-11
6.2994e-11
6.2543e-11
6.2096e-11
6.1652e-11
6.1211e-11
6.0773e-11
6.0338e-11
5.9906e-11
5.9477e-11
5.9051e-11
5.8628e-11
5.8208e-11
5.779e-11
5.7376e-11
5.6964e-11
5.6556e-11
5.615e-11
5.5747e-11
5.5346e-11
5.4949e-11
5.4554e-11
5.4162e-11
5.3773e-11
5.3386e-11
5.3002e-11
5.2621e-11
5.2242e-11
5.1866e-11
5.1493e-11
5.1122e-11
5.0754e-11
5.0388e-11
5.0025e-11
4.9664e-11
4.9306e-11
4.895e-11
4.8597e-11
4.8247e-11
4.7898e-11
4.7552e-11
4.7209e-11
4.6868e-11
4.6529e-11
4.6193e-11
4.5859e-11
4.5527e-11
4.5198e-11
4.4871e-11
4.4546e-11
4.4223e-11
4.3903e-11
4.3585e-11
4.3269e-11
4.2956e-11
4.2644e-11
4.2335e-11
4.2028e-11
4.1723e-11
4.142e-11
4.112e-11
4.0821e-11
4.0525e-11
4.023e-11
3.9938e-11
3.9648e-11
3.9359e-11
3.9073e-11
3.8789e-11
3.8507e-11
3.8226e-11
3.7948e-11
3.7672e-11
3.7397e-11
3.7125e-11
3.6854e-11
3.6586e-11
3.6319e-11
3.6054e-11
3.5791e-11
3.553e-11
3.527e-11
3.5013e-11
3.4757e-11
3.4503e-11
3.4251e-11
3.4001e-11
3.3752e-11
3.3506e-11
3.326e-11
3.3017e-11
3.2776e-11
3.2536e-11
3.2297e-11
3.2061e-11
3.1826e-11
3.1593e-11
3.1361e-11
3.1131e-11
3.0903e-11
3.0676e-11
3.0451e-11
3.0228e-11
3.0006e-11
2.9786e-11
2.9567e-11
2.935e-11
2.9134e-11
2.892e-11
2.8707e-11
2.8496e-11
2.8286e-11
2.8078e-11
2.7872e-11
2.7666e-11
2.7463e-11
2.726e-11
2.706e-11
2.686e-11
2.6662e-11
2.6466e-11
2.627e-11
2.6077e-11
2.5884e-11
2.5693e-11
2.5504e-11
2.5315e-11
2.5128e-11
2.4943e-11
2.4758e-11
2.4575e-11
2.4394e-11
2.4213e-11
2.4034e-11
2.3856e-11
2.368e-11
2.3504e-11
2.333e-11
2.3158e-11
2.2986e-11
2.2816e-11
2.2647e-11
2.2479e-11
2.2312e-11
2.2146e-11
2.1982e-11
2.1819e-11
2.1657e-11
2.1496e-11
2.1337e-11
2.1178e-11
2.1021e-11
2.0865e-11
2.0709e-11
2.0555e-11
2.0403e-11
2.0251e-11
2.01e-11
1.995e-11
1.9802e-11
1.9654e-11
1.9508e-11
1.9363e-11
1.9218e-11
1.9075e-11
1.8933e-11
1.8792e-11
1.8652e-11
1.8512e-11
1.8374e-11
1.8237e-11
1.8101e-11
1.7966e-11
1.7832e-11
1.7698e-11
1.7566e-11
1.7435e-11
1.7304e-11
1.7175e-11
1.7047e-11
1.6919e-11
1.6792e-11
1.6667e-11
1.6542e-11
1.6418e-11
1.6295e-11
1.6173e-11
1.6052e-11
1.5931e-11
1.5812e-11
1.5693e-11
1.5576e-11
1.5459e-11
1.5343e-11
1.5228e-11
1.5113e-11
1.5e-11
1.4887e-11
1.4775e-11
1.4664e-11
1.4554e-11
1.4445e-11
1.4336e-11
1.4228e-11
1.4121e-11
1.4015e-11
1.3909e-11
1.3805e-11
1.3701e-11
1.3598e-11
1.3495e-11
1.3394e-11
1.3293e-11
1.3192e-11
1.3093e-11
1.2994e-11
1.2896e-11
1.2799e-11
1.2702e-11
1.2607e-11
1.2511e-11
1.2417e-11
1.2323e-11
1.223e-11
1.2138e-11
1.2046e-11
1.1955e-11
1.1865e-11
1.1775e-11
1.1686e-11
1.1598e-11
1.151e-11
1.1423e-11
1.1336e-11
1.1251e-11
1.1165e-11
1.1081e-11
1.0997e-11
1.0914e-11
1.0831e-11
1.0749e-11
1.0668e-11
1.0587e-11
1.0507e-11
1.0427e-11
1.0348e-11
1.0269e-11
1.0192e-11
1.0114e-11
1.0038e-11
9.9615e-12
9.8859e-12
9.8109e-12
9.7364e-12
9.6625e-12
9.5892e-12
9.5164e-12
9.4441e-12
9.3724e-12
9.3012e-12
9.2306e-12
9.1604e-12
9.0908e-12
9.0218e-12
8.9532e-12
8.8852e-12
8.8177e-12
8.7506e-12
8.6841e-12
8.6181e-12
8.5526e-12
8.4876e-12
8.423e-12
8.359e-12
8.2954e-12
8.2323e-12
8.1697e-12
8.1076e-12
8.0459e-12
7.9847e-12
7.924e-12
7.8637e-12
7.8039e-12
7.7445e-12
7.6856e-12
7.6271e-12
7.5691e-12
7.5115e-12
7.4544e-12
7.3977e-12
7.3414e-12
7.2856e-12
7.2302e-12
7.1752e-12
7.1206e-12
7.0665e-12
7.0127e-12
6.9594e-12
6.9065e-12
6.854e-12
6.8019e-12
6.7502e-12
6.6989e-12
6.648e-12
6.5974e-12
6.5473e-12
6.4976e-12
6.4482e-12
6.3993e-12
6.3507e-12
6.3025e-12
6.2546e-12
6.2072e-12
6.1601e-12
6.1133e-12
6.067e-12
6.021e-12
5.9754e-12
5.9301e-12
5.8851e-12
5.8406e-12
5.7964e-12
5.7525e-12
5.709e-12
5.6658e-12
5.6229e-12
5.5804e-12
5.5383e-12
5.4965e-12
5.455e-12
5.4138e-12
5.373e-12
5.3325e-12
5.2923e-12
5.2524e-12
5.2129e-12
5.1736e-12
5.1347e-12
5.0961e-12
5.0579e-12
5.0199e-12
4.9822e-12
4.9449e-12
4.9078e-12
4.8711e-12
4.8346e-12
4.7985e-12
4.7626e-12
4.727e-12
4.6918e-12
4.6568e-12
4.6221e-12
4.5877e-12
4.5536e-12
4.5198e-12
4.4862e-12
4.453e-12
4.42e-12
4.3873e-12
4.3549e-12
4.3227e-12
4.2908e-12
4.2592e-12
4.2279e-12
4.1968e-12
4.166e-12
4.1354e-12
4.1052e-12
4.0751e-12
4.0454e-12
4.0159e-12
3.9866e-12
3.9577e-12
3.9289e-12
3.9004e-12
3.8722e-12
3.8443e-12
3.8165e-12
3.789e-12
3.7618e-12
3.7348e-12
3.7081e-12
3.6816e-12
3.6553e-12
3.6293e-12
3.6036e-12
3.578e-12
3.5527e-12
3.5276e-12
3.5028e-12
3.4782e-12
3.4539e-12
3.4297e-12
3.4058e-12
3.3821e-12
3.3587e-12
3.3355e-12
3.3125e-12
3.2897e-12
3.2672e-12
3.2449e-12
3.2228e-12
3.2009e-12
3.1792e-12
3.1578e-12
3.1366e-12
3.1156e-12
3.0948e-12
3.0742e-12
3.0539e-12
3.0337e-12
3.0138e-12
2.9941e-12
2.9746e-12
2.9553e-12
2.9362e-12
2.9174e-12
2.8987e-12
2.8803e-12
2.862e-12
2.844e-12
2.8262e-12
2.8086e-12
2.7911e-12
2.7739e-12
2.7569e-12
2.7401e-12
2.7236e-12
2.7072e-12
2.691e-12
2.675e-12
2.6592e-12
2.6436e-12
2.6283e-12
2.6131e-12
2.5981e-12
2.5833e-12
2.5688e-12
2.5544e-12
2.5402e-12
2.5262e-12
2.5125e-12
2.4989e-12
2.4855e-12
2.4723e-12
2.4593e-12
2.4466e-12
2.434e-12
2.4216e-12
2.4094e-12
2.3974e-12
2.3856e-12
2.374e-12
2.3626e-12
2.3514e-12
2.3404e-12
2.3296e-12
2.319e-12
2.3086e-12
2.2984e-12
2.2884e-12
2.2786e-12
2.269e-12
