1.0689e-08
1.0662e-08
1.0635e-08
1.0609e-08
1.0582e-08
1.0555e-08
1.0529e-08
1.0502e-08
1.0476e-08
1.045e-08
1.0423e-08
1.0397e-08
1.0371e-08
1.0345e-08
1.0319e-08
1.0293e-08
1.0267e-08
1.0241e-08
1.0215e-08
1.0189e-08
1.0163e-08
1.0138e-08
1.0112e-08
1.0086e-08
1.0061e-08
1.0036e-08
1.001e-08
9.9848e-09
9.9595e-09
9.9343e-09
9.9091e-09
9.884e-09
9.8589e-09
9.8339e-09
9.809e-09
9.7841e-09
9.7593e-09
9.7345e-09
9.7098e-09
9.6851e-09
9.6605e-09
9.6359e-09
9.6114e-09
9.587e-09
9.5626e-09
9.5383e-09
9.514e-09
9.4898e-09
9.4656e-09
9.4415e-09
9.4174e-09
9.3934e-09
9.3695e-09
9.3456e-09
9.3217e-09
9.2979e-09
9.2742e-09
9.2505e-09
9.2269e-09
9.2033e-09
9.1798e-09
9.1563e-09
9.1329e-09
9.1096e-09
9.0863e-09
9.063e-09
9.0398e-09
9.0167e-09
8.9936e-09
8.9705e-09
8.9476e-09
8.9246e-09
8.9018e-09
8.8789e-09
8.8562e-09
8.8334e-09
8.8108e-09
8.7881e-09
8.7656e-09
8.7431e-09
8.7206e-09
8.6982e-09
8.6759e-09
8.6536e-09
8.6313e-09
8.6091e-09
8.587e-09
8.5649e-09
8.5428e-09
8.5208e-09
8.4989e-09
8.477e-09
8.4552e-09
8.4334e-09
8.4117e-09
8.39e-09
8.3684e-09
8.3468e-09
8.3252e-09
8.3038e-09
8.2823e-09
8.261e-09
8.2396e-09
8.2184e-09
8.1971e-09
8.176e-09
8.1548e-09
8.1338e-09
8.1128e-09
8.0918e-09
8.0709e-09
8.05e-09
8.0292e-09
8.0084e-09
7.9877e-09
7.967e-09
7.9464e-09
7.9258e-09
7.9053e-09
7.8848e-09
7.8644e-09
7.844e-09
7.8237e-09
7.8034e-09
7.7832e-09
7.763e-09
7.7429e-09
7.7228e-09
7.7028e-09
7.6828e-09
7.6629e-09
7.643e-09
7.6232e-09
7.6034e-09
7.5837e-09
7.564e-09
7.5443e-09
7.5247e-09
7.5052e-09
7.4857e-09
7.4663e-09
7.4469e-09
7.4275e-09
7.4082e-09
7.389e-09
7.3698e-09
7.3506e-09
7.3315e-09
7.3124e-09
7.2934e-09
7.2744e-09
7.2555e-09
7.2367e-09
7.2178e-09
7.1991e-09
7.1803e-09
7.1617e-09
7.143e-09
7.1244e-09
7.1059e-09
7.0874e-09
7.069e-09
7.0506e-09
7.0322e-09
7.0139e-09
6.9956e-09
6.9774e-09
6.9593e-09
6.9411e-09
6.9231e-09
6.905e-09
6.8871e-09
6.8691e-09
6.8513e-09
6.8334e-09
6.8156e-09
6.7979e-09
6.7802e-09
6.7625e-09
6.7449e-09
6.7273e-09
6.7098e-09
6.6924e-09
6.6749e-09
6.6575e-09
6.6402e-09
6.6229e-09
6.6057e-09
6.5885e-09
6.5713e-09
6.5542e-09
6.5372e-09
6.5201e-09
6.5032e-09
6.4862e-09
6.4694e-09
6.4525e-09
6.4357e-09
6.419e-09
6.4023e-09
6.3856e-09
6.369e-09
6.3525e-09
6.3359e-09
6.3195e-09
6.303e-09
6.2867e-09
6.2703e-09
6.254e-09
6.2378e-09
6.2215e-09
6.2054e-09
6.1893e-09
6.1732e-09
6.1572e-09
6.1412e-09
6.1252e-09
6.1093e-09
6.0935e-09
6.0777e-09
6.0619e-09
6.0462e-09
6.0305e-09
6.0149e-09
5.9993e-09
5.9837e-09
5.9682e-09
5.9528e-09
5.9373e-09
5.922e-09
5.9066e-09
5.8913e-09
5.8761e-09
5.8609e-09
5.8457e-09
5.8306e-09
5.8156e-09
5.8005e-09
5.7856e-09
5.7706e-09
5.7557e-09
5.7409e-09
5.7261e-09
5.7113e-09
5.6966e-09
5.6819e-09
5.6672e-09
5.6527e-09
5.6381e-09
5.6236e-09
5.6091e-09
5.5947e-09
5.5803e-09
5.566e-09
5.5517e-09
5.5374e-09
5.5232e-09
5.5091e-09
5.4949e-09
5.4808e-09
5.4668e-09
5.4528e-09
5.4388e-09
5.4249e-09
5.4111e-09
5.3972e-09
5.3834e-09
5.3697e-09
5.356e-09
5.3423e-09
5.3287e-09
5.3151e-09
5.3016e-09
5.2881e-09
5.2747e-09
5.2613e-09
5.2479e-09
5.2346e-09
5.2213e-09
5.208e-09
5.1948e-09
5.1817e-09
5.1686e-09
5.1555e-09
5.1425e-09
5.1295e-09
5.1165e-09
5.1036e-09
5.0908e-09
5.0779e-09
5.0652e-09
5.0524e-09
5.0397e-09
5.0271e-09
5.0145e-09
5.0019e-09
4.9893e-09
4.9769e-09
4.9644e-09
4.952e-09
4.9396e-09
4.9273e-09
4.915e-09
4.9028e-09
4.8906e-09
4.8784e-09
4.8663e-09
4.8542e-09
4.8422e-09
4.8302e-09
4.8182e-09
4.8063e-09
4.7945e-09
4.7826e-09
4.7708e-09
4.7591e-09
4.7474e-09
4.7357e-09
4.7241e-09
4.7125e-09
4.701e-09
4.6895e-09
4.678e-09
4.6666e-09
4.6552e-09
4.6439e-09
4.6326e-09
4.6213e-09
4.6101e-09
4.5989e-09
4.5878e-09
4.5767e-09
4.5657e-09
4.5547e-09
4.5437e-09
4.5328e-09
4.5219e-09
4.511e-09
4.5002e-09
4.4895e-09
4.4787e-09
4.4681e-09
4.4574e-09
4.4468e-09
4.4362e-09
4.4257e-09
4.4153e-09
4.4048e-09
4.3944e-09
4.3841e-09
4.3738e-09
4.3635e-09
4.3532e-09
4.3431e-09
4.3329e-09
4.3228e-09
4.3127e-09
4.3027e-09
4.2927e-09
4.2828e-09
4.2729e-09
4.263e-09
4.2532e-09
4.2434e-09
4.2337e-09
4.224e-09
4.2143e-09
4.2047e-09
4.1951e-09
4.1856e-09
4.1761e-09
4.1666e-09
4.1572e-09
4.1478e-09
4.1385e-09
4.1292e-09
4.12e-09
4.1107e-09
4.1016e-09
4.0925e-09
4.0834e-09
4.0743e-09
4.0653e-09
4.0564e-09
4.0474e-09
4.0386e-09
4.0297e-09
4.0209e-09
4.0122e-09
4.0034e-09
3.9948e-09
3.9861e-09
3.9776e-09
3.969e-09
3.9605e-09
3.952e-09
3.9436e-09
3.9352e-09
3.9269e-09
3.9186e-09
3.9103e-09
3.9021e-09
3.8939e-09
3.8858e-09
3.8777e-09
3.8696e-09
3.8616e-09
3.8537e-09
3.8457e-09
3.8378e-09
3.83e-09
3.8222e-09
3.8144e-09
3.8067e-09
3.799e-09
3.7914e-09
3.7838e-09
3.7763e-09
3.7688e-09
3.7613e-09
3.7539e-09
3.7465e-09
3.7391e-09
3.7318e-09
3.7246e-09
3.7174e-09
3.7102e-09
3.7031e-09
3.696e-09
3.6889e-09
3.6819e-09
3.675e-09
3.6681e-09
3.6612e-09
3.6543e-09
3.6476e-09
3.6408e-09
3.6341e-09
3.6274e-09
3.6208e-09
3.6143e-09
3.6077e-09
3.6012e-09
3.5948e-09
3.5884e-09
3.582e-09
3.5757e-09
3.5694e-09
3.5632e-09
3.557e-09
3.5509e-09
3.5448e-09
3.5387e-09
3.5327e-09
3.5267e-09
3.5208e-09
3.5149e-09
3.5091e-09
3.5033e-09
3.4975e-09
3.4918e-09
3.4862e-09
3.4805e-09
3.475e-09
3.4694e-09
3.4639e-09
3.4585e-09
3.4531e-09
3.4477e-09
3.4424e-09
3.4372e-09
3.4319e-09
3.4268e-09
3.4216e-09
3.4166e-09
3.4115e-09
3.4065e-09
3.4016e-09
3.3967e-09
3.3918e-09
3.387e-09
3.3822e-09
3.3775e-09
3.3728e-09
3.3682e-09
3.3636e-09
3.3591e-09
3.3546e-09
3.3501e-09
3.3457e-09
3.3413e-09
3.337e-09
3.3328e-09
3.3285e-09
3.3244e-09
3.3202e-09
3.3162e-09
3.3121e-09
3.3081e-09
3.3042e-09
3.3003e-09
3.2965e-09
3.2927e-09
3.2889e-09
3.2852e-09
3.2816e-09
3.2779e-09
3.2744e-09
3.2709e-09
3.2674e-09
3.264e-09
3.2606e-09
3.2573e-09
3.254e-09
3.2508e-09
3.2476e-09
3.2445e-09
3.2414e-09
3.2384e-09
3.2354e-09
3.2324e-09
3.2296e-09
3.2267e-09
3.2239e-09
3.2212e-09
3.2185e-09
3.2159e-09
3.2133e-09
3.2107e-09
3.2083e-09
3.2058e-09
3.2034e-09
3.2011e-09
3.1988e-09
3.1966e-09
3.1944e-09
3.1922e-09
3.1901e-09
3.1881e-09
3.1861e-09
3.1842e-09
3.1823e-09
3.1805e-09
3.1787e-09
3.177e-09
3.1753e-09
3.1737e-09
3.1721e-09
3.1706e-09
3.1691e-09
3.1677e-09
3.1663e-09
3.165e-09
3.1638e-09
3.1626e-09
3.1614e-09
3.1603e-09
3.1593e-09
3.1583e-09
3.1574e-09
3.1565e-09
3.1557e-09
3.1549e-09
3.1542e-09
3.1535e-09
3.1529e-09
3.1523e-09
3.1518e-09
3.1514e-09
3.151e-09
3.1507e-09
3.1504e-09
3.1502e-09
3.15e-09
3.1499e-09
3.1498e-09
3.1498e-09
3.1499e-09
3.15e-09
3.1502e-09
3.1504e-09
3.1507e-09
3.151e-09
3.1514e-09
3.1519e-09
3.1524e-09
3.153e-09
3.1536e-09
3.1543e-09
3.1551e-09
3.1559e-09
3.1567e-09
3.1577e-09
3.1587e-09
3.1597e-09
3.1608e-09
3.162e-09
3.1632e-09
3.1645e-09
3.1658e-09
3.1672e-09
3.1687e-09
3.1702e-09
3.1718e-09
3.1735e-09
3.1752e-09
3.177e-09
3.1788e-09
3.1807e-09
3.1827e-09
3.1847e-09
3.1868e-09
3.1889e-09
3.1911e-09
3.1934e-09
3.1957e-09
3.1981e-09
3.2006e-09
3.2031e-09
3.2057e-09
3.2084e-09
3.2111e-09
3.2139e-09
3.2168e-09
3.2197e-09
3.2227e-09
3.2257e-09
3.2289e-09
3.232e-09
3.2353e-09
3.2386e-09
3.242e-09
3.2455e-09
3.249e-09
3.2526e-09
3.2562e-09
3.26e-09
3.2638e-09
3.2676e-09
3.2716e-09
3.2756e-09
3.2796e-09
3.2838e-09
3.288e-09
3.2923e-09
3.2966e-09
3.301e-09
3.3055e-09
3.3101e-09
3.3147e-09
3.3194e-09
3.3242e-09
3.3291e-09
3.334e-09
3.339e-09
3.3441e-09
3.3492e-09
3.3544e-09
3.3597e-09
3.3651e-09
3.3706e-09
3.3761e-09
3.3817e-09
3.3873e-09
3.3931e-09
3.3989e-09
3.4048e-09
3.4108e-09
3.4168e-09
3.4229e-09
3.4291e-09
3.4354e-09
3.4418e-09
3.4482e-09
3.4547e-09
3.4613e-09
3.468e-09
3.4748e-09
3.4816e-09
3.4885e-09
3.4955e-09
3.5026e-09
3.5097e-09
3.517e-09
3.5243e-09
3.5317e-09
3.5392e-09
3.5467e-09
3.5544e-09
3.5621e-09
3.5699e-09
3.5778e-09
3.5858e-09
3.5939e-09
3.602e-09
3.6103e-09
3.6186e-09
3.627e-09
3.6355e-09
3.6441e-09
3.6528e-09
3.6615e-09
3.6704e-09
3.6793e-09
3.6883e-09
3.6974e-09
3.7066e-09
3.7159e-09
3.7253e-09
3.7348e-09
3.7443e-09
3.754e-09
3.7637e-09
3.7735e-09
3.7835e-09
3.7935e-09
3.8036e-09
3.8138e-09
3.8241e-09
3.8345e-09
3.845e-09
3.8555e-09
3.8662e-09
3.877e-09
3.8879e-09
3.8988e-09
3.9099e-09
3.921e-09
3.9323e-09
3.9436e-09
3.9551e-09
3.9666e-09
3.9783e-09
3.99e-09
4.0019e-09
4.0138e-09
4.0259e-09
4.038e-09
4.0503e-09
4.0626e-09
4.0751e-09
4.0876e-09
4.1003e-09
4.1131e-09
4.1259e-09
4.1389e-09
4.152e-09
4.1652e-09
4.1784e-09
4.1918e-09
4.2053e-09
4.219e-09
4.2327e-09
4.2465e-09
4.2604e-09
4.2745e-09
4.2886e-09
4.3029e-09
4.3173e-09
4.3318e-09
4.3464e-09
4.3611e-09
4.3759e-09
4.3908e-09
4.4059e-09
4.421e-09
4.4363e-09
4.4517e-09
4.4672e-09
4.4828e-09
4.4986e-09
4.5144e-09
4.5304e-09
4.5465e-09
4.5627e-09
4.579e-09
4.5955e-09
4.612e-09
4.6287e-09
4.6455e-09
4.6625e-09
4.6795e-09
4.6967e-09
4.714e-09
4.7314e-09
4.749e-09
4.7666e-09
4.7844e-09
4.8023e-09
4.8204e-09
4.8386e-09
4.8569e-09
4.8753e-09
4.8939e-09
4.9125e-09
4.9314e-09
4.9503e-09
4.9694e-09
4.9886e-09
5.0079e-09
5.0274e-09
5.047e-09
5.0668e-09
5.0866e-09
5.1067e-09
5.1268e-09
5.1471e-09
5.1675e-09
5.1881e-09
5.2088e-09
5.2296e-09
5.2506e-09
5.2717e-09
5.2929e-09
5.3143e-09
5.3359e-09
5.3575e-09
5.3794e-09
5.4013e-09
5.4234e-09
5.4457e-09
5.4681e-09
5.4906e-09
5.5133e-09
5.5362e-09
5.5592e-09
5.5823e-09
5.6056e-09
5.629e-09
5.6526e-09
5.6764e-09
5.7002e-09
5.7243e-09
5.7485e-09
5.7728e-09
5.7973e-09
5.822e-09
5.8468e-09
5.8718e-09
5.8969e-09
5.9222e-09
5.9477e-09
5.9733e-09
5.999e-09
6.025e-09
6.0511e-09
6.0773e-09
6.1037e-09
6.1303e-09
6.1571e-09
6.184e-09
6.2111e-09
6.2383e-09
6.2657e-09
6.2933e-09
6.3211e-09
6.349e-09
6.3771e-09
6.4053e-09
6.4338e-09
6.4624e-09
6.4912e-09
6.5201e-09
6.5493e-09
6.5786e-09
6.6081e-09
6.6377e-09
6.6676e-09
6.6976e-09
6.7278e-09
6.7582e-09
6.7888e-09
6.8195e-09
6.8504e-09
6.8816e-09
6.9129e-09
6.9444e-09
6.976e-09
7.0079e-09
7.0399e-09
7.0722e-09
7.1046e-09
7.1372e-09
7.1701e-09
7.2031e-09
7.2363e-09
7.2697e-09
7.3033e-09
7.337e-09
7.371e-09
7.4052e-09
7.4396e-09
7.4742e-09
7.509e-09
7.544e-09
7.5791e-09
7.6145e-09
7.6501e-09
7.6859e-09
7.7219e-09
7.7582e-09
7.7946e-09
7.8312e-09
7.8681e-09
7.9051e-09
7.9424e-09
7.9799e-09
8.0175e-09
8.0555e-09
8.0936e-09
8.1319e-09
8.1705e-09
8.2093e-09
8.2483e-09
8.2875e-09
8.3269e-09
8.3666e-09
8.4065e-09
8.4466e-09
8.4869e-09
8.5275e-09
8.5683e-09
8.6093e-09
8.6505e-09
8.692e-09
8.7337e-09
8.7757e-09
8.8179e-09
8.8603e-09
8.9029e-09
8.9458e-09
8.9889e-09
9.0323e-09
9.0759e-09
9.1198e-09
9.1639e-09
9.2082e-09
9.2528e-09
9.2976e-09
9.3427e-09
9.388e-09
9.4336e-09
9.4794e-09
9.5255e-09
9.5718e-09
9.6184e-09
9.6652e-09
9.7123e-09
9.7596e-09
9.8073e-09
9.8551e-09
9.9033e-09
9.9516e-09
1e-08
1.0049e-08
1.0098e-08
1.0148e-08
1.0198e-08
1.0248e-08
1.0298e-08
1.0348e-08
1.0399e-08
1.045e-08
1.0502e-08
1.0553e-08
1.0605e-08
1.0657e-08
1.071e-08
1.0762e-08
1.0816e-08
1.0869e-08
1.0922e-08
1.0976e-08
1.103e-08
1.1085e-08
1.114e-08
1.1195e-08
1.125e-08
1.1306e-08
1.1362e-08
1.1418e-08
1.1474e-08
1.1531e-08
1.1588e-08
1.1646e-08
1.1703e-08
1.1762e-08
1.182e-08
1.1879e-08
1.1937e-08
1.1997e-08
1.2056e-08
1.2116e-08
1.2176e-08
1.2237e-08
1.2298e-08
1.2359e-08
1.242e-08
1.2482e-08
1.2544e-08
1.2607e-08
1.267e-08
1.2733e-08
1.2796e-08
1.286e-08
1.2924e-08
1.2988e-08
1.3053e-08
1.3118e-08
1.3184e-08
1.325e-08
1.3316e-08
1.3382e-08
1.3449e-08
1.3516e-08
1.3584e-08
1.3651e-08
1.372e-08
1.3788e-08
1.3857e-08
1.3926e-08
1.3996e-08
1.4066e-08
1.4136e-08
1.4207e-08
1.4278e-08
1.435e-08
1.4421e-08
1.4494e-08
1.4566e-08
1.4639e-08
1.4712e-08
1.4786e-08
1.486e-08
1.4934e-08
1.5009e-08
1.5084e-08
1.516e-08
1.5236e-08
1.5312e-08
1.5389e-08
1.5466e-08
1.5543e-08
1.5621e-08
1.5699e-08
1.5778e-08
1.5857e-08
1.5937e-08
1.6017e-08
1.6097e-08
1.6178e-08
1.6259e-08
1.634e-08
1.6422e-08
1.6504e-08
1.6587e-08
1.667e-08
1.6754e-08
1.6838e-08
1.6922e-08
1.7007e-08
1.7092e-08
1.7178e-08
1.7264e-08
1.7351e-08
1.7438e-08
1.7525e-08
1.7613e-08
1.7701e-08
1.779e-08
1.7879e-08
1.7969e-08
1.8059e-08
1.8149e-08
1.824e-08
1.8332e-08
1.8424e-08
1.8516e-08
1.8609e-08
1.8702e-08
1.8796e-08
1.889e-08
1.8984e-08
1.908e-08
1.9175e-08
1.9271e-08
1.9368e-08
1.9465e-08
1.9562e-08
1.966e-08
1.9759e-08
1.9858e-08
1.9957e-08
2.0057e-08
2.0157e-08
2.0258e-08
2.036e-08
2.0461e-08
2.0564e-08
2.0667e-08
2.077e-08
2.0874e-08
2.0978e-08
2.1083e-08
2.1189e-08
2.1295e-08
2.1401e-08
2.1508e-08
2.1616e-08
2.1724e-08
2.1832e-08
2.1941e-08
2.2051e-08
2.2161e-08
2.2272e-08
2.2383e-08
2.2495e-08
2.2607e-08
2.272e-08
2.2833e-08
2.2947e-08
2.3062e-08
2.3177e-08
2.3292e-08
2.3409e-08
2.3525e-08
2.3643e-08
2.3761e-08
2.3879e-08
2.3998e-08
2.4118e-08
2.4238e-08
2.4358e-08
2.448e-08
2.4602e-08
2.4724e-08
2.4847e-08
2.4971e-08
2.5095e-08
2.522e-08
2.5345e-08
2.5472e-08
2.5598e-08
2.5725e-08
2.5853e-08
2.5982e-08
2.6111e-08
2.6241e-08
2.6371e-08
2.6502e-08
2.6634e-08
2.6766e-08
2.6899e-08
2.7032e-08
2.7166e-08
2.7301e-08
2.7436e-08
2.7572e-08
2.7709e-08
2.7846e-08
2.7984e-08
2.8123e-08
2.8262e-08
2.8402e-08
2.8543e-08
2.8684e-08
2.8826e-08
2.8969e-08
2.9112e-08
2.9256e-08
2.9401e-08
2.9546e-08
2.9692e-08
2.9839e-08
2.9986e-08
3.0134e-08
3.0283e-08
3.0433e-08
3.0583e-08
3.0734e-08
3.0885e-08
3.1038e-08
3.1191e-08
3.1344e-08
3.1499e-08
3.1654e-08
3.181e-08
3.1967e-08
3.2124e-08
3.2282e-08
3.2441e-08
3.2601e-08
3.2761e-08
3.2922e-08
3.3084e-08
3.3247e-08
3.341e-08
3.3574e-08
3.3739e-08
3.3905e-08
3.4071e-08
3.4238e-08
3.4406e-08
3.4575e-08
3.4745e-08
3.4915e-08
3.5086e-08
3.5258e-08
3.5431e-08
3.5604e-08
3.5779e-08
3.5954e-08
3.613e-08
3.6307e-08
3.6484e-08
3.6663e-08
3.6842e-08
3.7022e-08
3.7203e-08
3.7385e-08
3.7567e-08
3.775e-08
3.7935e-08
3.812e-08
3.8306e-08
3.8493e-08
3.868e-08
3.8869e-08
3.9058e-08
3.9248e-08
3.944e-08
3.9632e-08
3.9824e-08
4.0018e-08
4.0213e-08
4.0408e-08
4.0605e-08
4.0802e-08
4.1e-08
4.1199e-08
4.14e-08
4.1601e-08
4.1802e-08
4.2005e-08
4.2209e-08
4.2414e-08
4.2619e-08
4.2826e-08
4.3033e-08
4.3242e-08
4.3451e-08
4.3661e-08
4.3872e-08
4.4085e-08
4.4298e-08
4.4512e-08
4.4727e-08
4.4943e-08
4.516e-08
4.5378e-08
4.5597e-08
4.5817e-08
4.6038e-08
4.626e-08
4.6483e-08
4.6707e-08
4.6932e-08
4.7159e-08
4.7386e-08
4.7614e-08
4.7843e-08
4.8073e-08
4.8304e-08
4.8536e-08
4.877e-08
4.9004e-08
4.9239e-08
4.9476e-08
4.9713e-08
4.9952e-08
5.0191e-08
5.0432e-08
5.0674e-08
5.0917e-08
5.1161e-08
5.1406e-08
5.1652e-08
5.1899e-08
5.2147e-08
5.2397e-08
5.2647e-08
5.2899e-08
5.3152e-08
5.3406e-08
5.3661e-08
5.3917e-08
5.4174e-08
5.4432e-08
5.4692e-08
5.4953e-08
5.5215e-08
5.5478e-08
5.5742e-08
5.6007e-08
5.6274e-08
5.6542e-08
5.6811e-08
5.7081e-08
5.7352e-08
5.7625e-08
5.7899e-08
5.8173e-08
5.845e-08
5.8727e-08
5.9006e-08
5.9285e-08
5.9567e-08
5.9849e-08
6.0132e-08
6.0417e-08
6.0703e-08
6.099e-08
6.1279e-08
6.1569e-08
6.186e-08
6.2152e-08
6.2446e-08
6.2741e-08
6.3037e-08
6.3335e-08
6.3634e-08
6.3934e-08
6.4235e-08
6.4538e-08
6.4842e-08
6.5148e-08
6.5454e-08
6.5762e-08
6.6072e-08
6.6383e-08
6.6695e-08
6.7008e-08
6.7323e-08
6.7639e-08
6.7957e-08
6.8276e-08
6.8596e-08
6.8918e-08
6.9241e-08
6.9566e-08
6.9892e-08
7.0219e-08
7.0548e-08
7.0878e-08
7.121e-08
7.1543e-08
7.1878e-08
7.2214e-08
7.2551e-08
7.289e-08
7.323e-08
7.3572e-08
7.3915e-08
7.426e-08
7.4606e-08
7.4954e-08
7.5303e-08
7.5654e-08
7.6007e-08
7.636e-08
7.6716e-08
7.7072e-08
7.7431e-08
7.7791e-08
7.8152e-08
7.8515e-08
7.888e-08
7.9246e-08
7.9613e-08
7.9983e-08
8.0353e-08
8.0726e-08
8.11e-08
8.1475e-08
8.1853e-08
8.2231e-08
8.2612e-08
8.2994e-08
8.3378e-08
8.3763e-08
8.415e-08
8.4538e-08
8.4929e-08
8.5321e-08
8.5714e-08
8.6109e-08
8.6506e-08
8.6905e-08
8.7305e-08
8.7707e-08
8.8111e-08
8.8516e-08
8.8923e-08
8.9332e-08
8.9743e-08
9.0155e-08
9.0569e-08
9.0985e-08
9.1402e-08
9.1822e-08
9.2243e-08
9.2666e-08
9.309e-08
9.3517e-08
9.3945e-08
9.4375e-08
9.4807e-08
9.524e-08
9.5676e-08
9.6113e-08
9.6552e-08
9.6993e-08
9.7436e-08
9.7881e-08
9.8327e-08
9.8776e-08
9.9226e-08
9.9678e-08
1.0013e-07
1.0059e-07
1.0105e-07
1.0151e-07
1.0197e-07
1.0243e-07
1.029e-07
1.0336e-07
1.0383e-07
1.043e-07
1.0478e-07
1.0525e-07
1.0573e-07
1.0621e-07
1.0669e-07
1.0717e-07
1.0766e-07
1.0815e-07
1.0864e-07
1.0913e-07
1.0962e-07
1.1012e-07
1.1061e-07
1.1111e-07
1.1162e-07
1.1212e-07
1.1262e-07
1.1313e-07
1.1364e-07
1.1415e-07
1.1467e-07
1.1518e-07
1.157e-07
1.1622e-07
1.1675e-07
1.1727e-07
1.178e-07
1.1833e-07
1.1886e-07
1.1939e-07
1.1993e-07
1.2047e-07
1.2101e-07
1.2155e-07
1.2209e-07
1.2264e-07
1.2319e-07
1.2374e-07
1.2429e-07
1.2485e-07
1.2541e-07
1.2597e-07
1.2653e-07
1.2709e-07
1.2766e-07
1.2823e-07
1.288e-07
1.2938e-07
1.2995e-07
1.3053e-07
1.3111e-07
1.317e-07
1.3228e-07
1.3287e-07
1.3346e-07
1.3405e-07
1.3465e-07
1.3525e-07
1.3585e-07
1.3645e-07
1.3705e-07
1.3766e-07
1.3827e-07
1.3888e-07
1.395e-07
1.4012e-07
1.4074e-07
1.4136e-07
1.4198e-07
1.4261e-07
1.4324e-07
1.4387e-07
1.4451e-07
1.4515e-07
1.4579e-07
1.4643e-07
1.4707e-07
1.4772e-07
1.4837e-07
1.4903e-07
1.4968e-07
1.5034e-07
1.51e-07
1.5166e-07
1.5233e-07
1.53e-07
1.5367e-07
1.5435e-07
1.5502e-07
1.557e-07
1.5638e-07
1.5707e-07
1.5776e-07
1.5845e-07
1.5914e-07
1.5984e-07
1.6054e-07
1.6124e-07
1.6194e-07
1.6265e-07
1.6336e-07
1.6407e-07
1.6479e-07
1.655e-07
1.6623e-07
1.6695e-07
1.6768e-07
1.6841e-07
1.6914e-07
1.6988e-07
1.7061e-07
1.7136e-07
1.721e-07
1.7285e-07
1.736e-07
1.7435e-07
1.7511e-07
1.7587e-07
1.7663e-07
1.7739e-07
1.7816e-07
1.7893e-07
1.7971e-07
1.8048e-07
1.8126e-07
1.8205e-07
1.8283e-07
1.8362e-07
1.8441e-07
1.8521e-07
1.8601e-07
1.8681e-07
1.8762e-07
1.8842e-07
1.8923e-07
1.9005e-07
1.9087e-07
1.9169e-07
1.9251e-07
1.9334e-07
1.9417e-07
1.95e-07
1.9584e-07
1.9668e-07
1.9752e-07
1.9837e-07
1.9922e-07
2.0007e-07
2.0093e-07
2.0179e-07
2.0265e-07
2.0352e-07
2.0439e-07
2.0526e-07
2.0614e-07
2.0702e-07
2.079e-07
2.0879e-07
2.0968e-07
2.1057e-07
2.1147e-07
2.1237e-07
2.1327e-07
2.1418e-07
2.1509e-07
2.16e-07
2.1692e-07
2.1784e-07
2.1877e-07
2.197e-07
2.2063e-07
2.2156e-07
2.225e-07
2.2345e-07
2.2439e-07
2.2534e-07
2.263e-07
2.2725e-07
2.2821e-07
2.2918e-07
2.3015e-07
2.3112e-07
2.3209e-07
2.3307e-07
2.3406e-07
2.3504e-07
2.3603e-07
2.3703e-07
2.3803e-07
2.3903e-07
2.4003e-07
2.4104e-07
2.4205e-07
2.4307e-07
2.4409e-07
2.4512e-07
2.4615e-07
2.4718e-07
2.4821e-07
2.4926e-07
2.503e-07
2.5135e-07
2.524e-07
2.5346e-07
2.5452e-07
2.5558e-07
2.5665e-07
2.5772e-07
2.588e-07
2.5988e-07
2.6096e-07
2.6205e-07
2.6314e-07
2.6424e-07
2.6534e-07
2.6644e-07
2.6755e-07
2.6866e-07
2.6978e-07
2.709e-07
2.7203e-07
2.7316e-07
2.7429e-07
2.7543e-07
2.7657e-07
2.7772e-07
2.7887e-07
2.8002e-07
2.8118e-07
2.8234e-07
2.8351e-07
2.8468e-07
2.8586e-07
2.8704e-07
2.8823e-07
2.8942e-07
2.9061e-07
2.9181e-07
2.9301e-07
2.9422e-07
2.9543e-07
2.9665e-07
2.9787e-07
2.9909e-07
3.0032e-07
3.0156e-07
3.028e-07
3.0404e-07
3.0529e-07
3.0654e-07
3.078e-07
3.0906e-07
3.1032e-07
3.116e-07
3.1287e-07
3.1415e-07
3.1544e-07
3.1673e-07
3.1802e-07
3.1932e-07
3.2062e-07
3.2193e-07
3.2325e-07
3.2456e-07
3.2589e-07
3.2721e-07
3.2855e-07
3.2988e-07
3.3123e-07
3.3257e-07
3.3393e-07
3.3528e-07
3.3665e-07
3.3801e-07
3.3938e-07
3.4076e-07
3.4214e-07
3.4353e-07
3.4492e-07
3.4632e-07
3.4772e-07
3.4913e-07
3.5054e-07
3.5196e-07
3.5338e-07
3.5481e-07
3.5624e-07
3.5768e-07
3.5912e-07
3.6057e-07
3.6202e-07
3.6348e-07
3.6494e-07
3.6641e-07
3.6788e-07
3.6936e-07
3.7085e-07
3.7234e-07
3.7383e-07
3.7534e-07
3.7684e-07
3.7835e-07
3.7987e-07
3.8139e-07
3.8292e-07
3.8445e-07
3.8599e-07
3.8754e-07
3.8908e-07
3.9064e-07
3.922e-07
3.9377e-07
3.9534e-07
3.9692e-07
3.985e-07
4.0009e-07
4.0168e-07
4.0328e-07
4.0489e-07
4.065e-07
4.0811e-07
4.0974e-07
4.1136e-07
4.13e-07
4.1464e-07
4.1628e-07
4.1793e-07
4.1959e-07
4.2125e-07
4.2292e-07
4.246e-07
4.2628e-07
4.2796e-07
4.2966e-07
4.3135e-07
4.3306e-07
4.3477e-07
4.3649e-07
4.3821e-07
4.3994e-07
4.4167e-07
4.4341e-07
4.4516e-07
4.4691e-07
4.4867e-07
4.5043e-07
4.522e-07
4.5398e-07
4.5576e-07
4.5755e-07
4.5935e-07
4.6115e-07
4.6296e-07
4.6477e-07
4.6659e-07
4.6842e-07
4.7025e-07
4.7209e-07
4.7394e-07
4.7579e-07
4.7765e-07
4.7951e-07
4.8138e-07
4.8326e-07
4.8515e-07
4.8704e-07
4.8893e-07
4.9084e-07
4.9275e-07
4.9467e-07
4.9659e-07
4.9852e-07
5.0046e-07
5.024e-07
5.0435e-07
5.0631e-07
5.0827e-07
5.1024e-07
5.1222e-07
5.142e-07
5.1619e-07
5.1819e-07
5.2019e-07
5.222e-07
5.2422e-07
5.2625e-07
5.2828e-07
5.3032e-07
5.3236e-07
5.3441e-07
5.3647e-07
5.3854e-07
5.4061e-07
5.4269e-07
5.4478e-07
5.4688e-07
5.4898e-07
5.5109e-07
5.532e-07
5.5532e-07
5.5745e-07
5.5959e-07
5.6174e-07
5.6389e-07
5.6605e-07
5.6821e-07
5.7039e-07
5.7257e-07
5.7475e-07
5.7695e-07
5.7915e-07
5.8136e-07
5.8358e-07
5.8581e-07
5.8804e-07
5.9028e-07
5.9253e-07
5.9478e-07
5.9704e-07
5.9931e-07
6.0159e-07
6.0388e-07
6.0617e-07
6.0847e-07
6.1078e-07
6.1309e-07
6.1542e-07
6.1775e-07
6.2009e-07
6.2243e-07
6.2479e-07
6.2715e-07
6.2952e-07
6.319e-07
6.3428e-07
6.3668e-07
6.3908e-07
6.4149e-07
6.439e-07
6.4633e-07
6.4876e-07
6.512e-07
6.5365e-07
6.5611e-07
6.5858e-07
6.6105e-07
6.6353e-07
6.6602e-07
6.6852e-07
6.7103e-07
6.7354e-07
6.7606e-07
6.7859e-07
6.8113e-07
6.8368e-07
6.8624e-07
6.888e-07
6.9137e-07
6.9395e-07
6.9654e-07
6.9914e-07
7.0175e-07
7.0436e-07
7.0698e-07
7.0962e-07
7.1226e-07
7.149e-07
7.1756e-07
7.2023e-07
7.229e-07
7.2559e-07
7.2828e-07
7.3098e-07
7.3369e-07
7.364e-07
7.3913e-07
7.4187e-07
7.4461e-07
7.4736e-07
7.5013e-07
7.529e-07
7.5568e-07
7.5847e-07
7.6126e-07
7.6407e-07
7.6689e-07
7.6971e-07
7.7254e-07
7.7539e-07
7.7824e-07
7.811e-07
7.8397e-07
7.8685e-07
7.8974e-07
7.9264e-07
7.9554e-07
7.9846e-07
8.0138e-07
8.0432e-07
8.0726e-07
8.1022e-07
8.1318e-07
8.1615e-07
8.1913e-07
8.2212e-07
8.2513e-07
8.2814e-07
8.3115e-07
8.3418e-07
8.3722e-07
8.4027e-07
8.4333e-07
8.464e-07
8.4947e-07
8.5256e-07
8.5566e-07
8.5876e-07
8.6188e-07
8.65e-07
8.6814e-07
8.7128e-07
8.7444e-07
8.7761e-07
8.8078e-07
8.8397e-07
8.8716e-07
8.9036e-07
8.9358e-07
8.968e-07
9.0004e-07
9.0328e-07
9.0654e-07
9.098e-07
9.1308e-07
9.1637e-07
9.1966e-07
9.2297e-07
9.2628e-07
9.2961e-07
9.3295e-07
9.3629e-07
9.3965e-07
9.4302e-07
9.464e-07
9.4979e-07
9.5319e-07
9.566e-07
9.6002e-07
9.6345e-07
9.6689e-07
9.7034e-07
9.738e-07
9.7727e-07
9.8076e-07
9.8425e-07
9.8776e-07
9.9127e-07
9.948e-07
9.9834e-07
1.0019e-06
1.0054e-06
1.009e-06
1.0126e-06
1.0162e-06
1.0198e-06
1.0234e-06
1.027e-06
1.0307e-06
1.0343e-06
1.038e-06
1.0416e-06
1.0453e-06
1.049e-06
1.0527e-06
1.0564e-06
1.0601e-06
1.0639e-06
1.0676e-06
1.0714e-06
1.0752e-06
1.0789e-06
1.0827e-06
1.0865e-06
1.0904e-06
1.0942e-06
1.098e-06
1.1019e-06
1.1057e-06
1.1096e-06
1.1135e-06
1.1174e-06
1.1213e-06
1.1252e-06
1.1291e-06
1.1331e-06
1.137e-06
1.141e-06
1.145e-06
1.149e-06
1.153e-06
1.157e-06
1.161e-06
1.1651e-06
1.1691e-06
1.1732e-06
1.1772e-06
1.1813e-06
1.1854e-06
1.1895e-06
1.1937e-06
1.1978e-06
1.2019e-06
1.2061e-06
1.2103e-06
1.2144e-06
1.2186e-06
1.2229e-06
1.2271e-06
1.2313e-06
1.2356e-06
1.2398e-06
1.2441e-06
1.2484e-06
1.2527e-06
1.257e-06
1.2613e-06
1.2656e-06
1.27e-06
1.2743e-06
1.2787e-06
1.2831e-06
1.2875e-06
1.2919e-06
1.2963e-06
1.3007e-06
1.3052e-06
1.3096e-06
1.3141e-06
1.3186e-06
1.3231e-06
1.3276e-06
1.3321e-06
1.3367e-06
1.3412e-06
1.3458e-06
1.3504e-06
1.355e-06
1.3596e-06
1.3642e-06
1.3688e-06
1.3735e-06
1.3781e-06
1.3828e-06
1.3875e-06
1.3922e-06
1.3969e-06
1.4016e-06
1.4064e-06
1.4111e-06
1.4159e-06
1.4206e-06
1.4254e-06
1.4302e-06
1.4351e-06
1.4399e-06
1.4447e-06
1.4496e-06
1.4545e-06
1.4594e-06
1.4643e-06
1.4692e-06
1.4741e-06
1.4791e-06
1.484e-06
1.489e-06
1.494e-06
1.499e-06
1.504e-06
1.509e-06
1.5141e-06
1.5191e-06
1.5242e-06
1.5293e-06
1.5344e-06
1.5395e-06
1.5446e-06
1.5498e-06
1.5549e-06
1.5601e-06
1.5653e-06
1.5705e-06
1.5757e-06
1.5809e-06
1.5862e-06
1.5914e-06
1.5967e-06
1.602e-06
1.6073e-06
1.6126e-06
1.6179e-06
1.6233e-06
1.6286e-06
1.634e-06
1.6394e-06
1.6448e-06
1.6502e-06
1.6557e-06
1.6611e-06
1.6666e-06
1.6721e-06
1.6776e-06
1.6831e-06
1.6886e-06
1.6941e-06
1.6997e-06
1.7053e-06
1.7108e-06
1.7164e-06
1.7221e-06
1.7277e-06
1.7333e-06
1.739e-06
1.7447e-06
1.7504e-06
1.7561e-06
1.7618e-06
1.7676e-06
1.7733e-06
1.7791e-06
1.7849e-06
1.7907e-06
1.7965e-06
1.8023e-06
1.8082e-06
1.814e-06
1.8199e-06
1.8258e-06
1.8317e-06
1.8377e-06
1.8436e-06
1.8496e-06
1.8555e-06
1.8615e-06
1.8675e-06
1.8736e-06
1.8796e-06
1.8857e-06
1.8917e-06
1.8978e-06
1.9039e-06
1.9101e-06
1.9162e-06
1.9224e-06
1.9285e-06
1.9347e-06
1.9409e-06
1.9471e-06
1.9534e-06
1.9596e-06
1.9659e-06
1.9722e-06
1.9785e-06
1.9848e-06
1.9912e-06
1.9975e-06
2.0039e-06
2.0103e-06
2.0167e-06
2.0231e-06
2.0295e-06
2.036e-06
2.0425e-06
2.0489e-06
2.0554e-06
2.062e-06
2.0685e-06
2.0751e-06
2.0816e-06
2.0882e-06
2.0948e-06
2.1015e-06
2.1081e-06
2.1148e-06
2.1214e-06
2.1281e-06
2.1348e-06
2.1416e-06
2.1483e-06
2.1551e-06
2.1619e-06
2.1687e-06
2.1755e-06
2.1823e-06
2.1892e-06
2.196e-06
2.2029e-06
2.2098e-06
2.2168e-06
2.2237e-06
2.2306e-06
2.2376e-06
2.2446e-06
2.2516e-06
2.2587e-06
2.2657e-06
2.2728e-06
2.2799e-06
2.287e-06
2.2941e-06
2.3012e-06
2.3084e-06
2.3155e-06
2.3227e-06
2.3299e-06
2.3372e-06
2.3444e-06
2.3517e-06
2.359e-06
2.3663e-06
2.3736e-06
2.3809e-06
2.3883e-06
2.3957e-06
2.4031e-06
2.4105e-06
2.4179e-06
2.4253e-06
2.4328e-06
2.4403e-06
2.4478e-06
2.4553e-06
2.4629e-06
2.4704e-06
2.478e-06
2.4856e-06
2.4932e-06
2.5009e-06
2.5085e-06
2.5162e-06
2.5239e-06
2.5316e-06
2.5394e-06
2.5471e-06
2.5549e-06
2.5627e-06
2.5705e-06
2.5783e-06
2.5862e-06
2.594e-06
2.6019e-06
2.6098e-06
2.6177e-06
2.6257e-06
2.6337e-06
2.6416e-06
2.6496e-06
2.6577e-06
2.6657e-06
2.6738e-06
2.6819e-06
2.69e-06
2.6981e-06
2.7062e-06
2.7144e-06
2.7226e-06
2.7308e-06
2.739e-06
2.7472e-06
2.7555e-06
2.7638e-06
2.7721e-06
2.7804e-06
2.7887e-06
2.7971e-06
2.8055e-06
2.8139e-06
2.8223e-06
2.8307e-06
2.8392e-06
2.8477e-06
2.8562e-06
2.8647e-06
2.8732e-06
2.8818e-06
2.8904e-06
2.899e-06
2.9076e-06
2.9163e-06
2.9249e-06
2.9336e-06
2.9423e-06
2.951e-06
2.9598e-06
2.9686e-06
2.9773e-06
2.9862e-06
2.995e-06
3.0038e-06
3.0127e-06
3.0216e-06
3.0305e-06
3.0394e-06
3.0484e-06
3.0574e-06
3.0664e-06
3.0754e-06
3.0844e-06
3.0935e-06
3.1026e-06
3.1117e-06
3.1208e-06
3.13e-06
3.1391e-06
3.1483e-06
3.1575e-06
3.1668e-06
3.176e-06
3.1853e-06
3.1946e-06
3.2039e-06
3.2132e-06
3.2226e-06
3.232e-06
3.2414e-06
3.2508e-06
3.2602e-06
3.2697e-06
3.2792e-06
3.2887e-06
3.2982e-06
3.3078e-06
3.3174e-06
3.327e-06
3.3366e-06
3.3462e-06
3.3559e-06
3.3656e-06
3.3753e-06
3.385e-06
3.3948e-06
3.4046e-06
3.4144e-06
3.4242e-06
3.434e-06
3.4439e-06
3.4538e-06
3.4637e-06
3.4736e-06
3.4836e-06
3.4935e-06
3.5035e-06
3.5135e-06
3.5236e-06
3.5337e-06
3.5437e-06
3.5538e-06
3.564e-06
3.5741e-06
3.5843e-06
3.5945e-06
3.6047e-06
3.615e-06
3.6252e-06
3.6355e-06
3.6458e-06
3.6562e-06
3.6665e-06
3.6769e-06
3.6873e-06
3.6978e-06
3.7082e-06
3.7187e-06
3.7292e-06
3.7397e-06
3.7502e-06
3.7608e-06
3.7714e-06
3.782e-06
3.7926e-06
3.8033e-06
3.814e-06
3.8247e-06
3.8354e-06
3.8462e-06
3.8569e-06
3.8677e-06
3.8786e-06
3.8894e-06
3.9003e-06
3.9112e-06
3.9221e-06
3.933e-06
3.944e-06
3.955e-06
3.966e-06
3.977e-06
3.9881e-06
3.9991e-06
4.0103e-06
4.0214e-06
4.0325e-06
4.0437e-06
4.0549e-06
4.0661e-06
4.0774e-06
4.0886e-06
4.0999e-06
4.1113e-06
4.1226e-06
4.134e-06
4.1454e-06
4.1568e-06
4.1682e-06
4.1797e-06
4.1912e-06
4.2027e-06
4.2142e-06
4.2258e-06
4.2374e-06
4.249e-06
4.2606e-06
4.2722e-06
4.2839e-06
4.2956e-06
4.3074e-06
4.3191e-06
4.3309e-06
4.3427e-06
4.3545e-06
4.3664e-06
4.3783e-06
4.3902e-06
4.4021e-06
4.414e-06
4.426e-06
4.438e-06
4.45e-06
4.4621e-06
4.4742e-06
4.4863e-06
4.4984e-06
4.5105e-06
4.5227e-06
4.5349e-06
4.5471e-06
4.5594e-06
4.5716e-06
4.5839e-06
4.5963e-06
4.6086e-06
4.621e-06
4.6334e-06
4.6458e-06
4.6582e-06
4.6707e-06
4.6832e-06
4.6957e-06
4.7083e-06
4.7209e-06
4.7335e-06
4.7461e-06
4.7587e-06
4.7714e-06
4.7841e-06
4.7968e-06
4.8096e-06
4.8223e-06
4.8351e-06
4.848e-06
4.8608e-06
4.8737e-06
4.8866e-06
4.8995e-06
4.9125e-06
4.9255e-06
4.9385e-06
4.9515e-06
4.9646e-06
4.9776e-06
4.9907e-06
5.0039e-06
5.017e-06
5.0302e-06
5.0434e-06
5.0567e-06
5.0699e-06
5.0832e-06
5.0965e-06
5.1099e-06
5.1232e-06
5.1366e-06
5.15e-06
5.1635e-06
5.177e-06
5.1904e-06
5.204e-06
5.2175e-06
5.2311e-06
5.2447e-06
5.2583e-06
5.272e-06
5.2856e-06
5.2993e-06
5.3131e-06
5.3268e-06
5.3406e-06
5.3544e-06
5.3682e-06
5.3821e-06
5.396e-06
5.4099e-06
5.4238e-06
5.4378e-06
5.4518e-06
5.4658e-06
5.4799e-06
5.4939e-06
5.508e-06
5.5222e-06
5.5363e-06
5.5505e-06
5.5647e-06
5.5789e-06
5.5932e-06
5.6075e-06
5.6218e-06
5.6361e-06
5.6505e-06
5.6649e-06
5.6793e-06
5.6937e-06
5.7082e-06
5.7227e-06
5.7372e-06
5.7517e-06
5.7663e-06
5.7809e-06
5.7956e-06
5.8102e-06
5.8249e-06
5.8396e-06
5.8543e-06
5.8691e-06
5.8839e-06
5.8987e-06
5.9136e-06
5.9284e-06
5.9433e-06
5.9582e-06
5.9732e-06
5.9882e-06
6.0032e-06
6.0182e-06
6.0333e-06
6.0484e-06
6.0635e-06
6.0786e-06
6.0938e-06
6.109e-06
6.1242e-06
6.1394e-06
6.1547e-06
6.17e-06
6.1853e-06
6.2007e-06
6.2161e-06
6.2315e-06
6.2469e-06
6.2624e-06
6.2779e-06
6.2934e-06
6.309e-06
6.3245e-06
6.3401e-06
6.3558e-06
6.3714e-06
6.3871e-06
6.4028e-06
6.4186e-06
6.4343e-06
6.4501e-06
6.4659e-06
6.4818e-06
6.4977e-06
6.5136e-06
6.5295e-06
6.5454e-06
6.5614e-06
6.5774e-06
6.5935e-06
6.6096e-06
6.6256e-06
6.6418e-06
6.6579e-06
6.6741e-06
6.6903e-06
6.7065e-06
6.7228e-06
6.7391e-06
6.7554e-06
6.7717e-06
6.7881e-06
6.8045e-06
6.8209e-06
6.8374e-06
6.8539e-06
6.8704e-06
6.8869e-06
6.9035e-06
6.92e-06
6.9367e-06
6.9533e-06
6.97e-06
6.9867e-06
7.0034e-06
7.0202e-06
7.037e-06
7.0538e-06
7.0706e-06
7.0875e-06
7.1044e-06
7.1213e-06
7.1382e-06
7.1552e-06
7.1722e-06
7.1892e-06
7.2063e-06
7.2234e-06
7.2405e-06
7.2577e-06
7.2748e-06
7.292e-06
7.3093e-06
7.3265e-06
7.3438e-06
7.3611e-06
7.3784e-06
7.3958e-06
7.4132e-06
7.4306e-06
7.4481e-06
7.4655e-06
7.4831e-06
7.5006e-06
7.5181e-06
7.5357e-06
7.5533e-06
7.571e-06
7.5887e-06
7.6064e-06
7.6241e-06
7.6418e-06
7.6596e-06
7.6774e-06
7.6953e-06
7.7131e-06
7.731e-06
7.749e-06
7.7669e-06
7.7849e-06
7.8029e-06
7.8209e-06
7.839e-06
7.8571e-06
7.8752e-06
7.8933e-06
7.9115e-06
7.9297e-06
7.9479e-06
7.9662e-06
7.9845e-06
8.0028e-06
8.0211e-06
8.0395e-06
8.0579e-06
8.0763e-06
8.0948e-06
8.1133e-06
8.1318e-06
8.1503e-06
8.1689e-06
8.1874e-06
8.2061e-06
8.2247e-06
8.2434e-06
8.2621e-06
8.2808e-06
8.2996e-06
8.3184e-06
8.3372e-06
8.356e-06
8.3749e-06
8.3938e-06
8.4127e-06
8.4316e-06
8.4506e-06
8.4696e-06
8.4887e-06
8.5077e-06
8.5268e-06
8.5459e-06
8.5651e-06
8.5843e-06
8.6035e-06
8.6227e-06
8.6419e-06
8.6612e-06
8.6805e-06
8.6999e-06
8.7193e-06
8.7386e-06
8.7581e-06
8.7775e-06
8.797e-06
8.8165e-06
8.836e-06
8.8556e-06
8.8752e-06
8.8948e-06
8.9144e-06
8.9341e-06
8.9538e-06
8.9735e-06
8.9933e-06
9.0131e-06
9.0329e-06
9.0527e-06
9.0726e-06
9.0925e-06
9.1124e-06
9.1324e-06
9.1523e-06
9.1723e-06
9.1924e-06
9.2124e-06
9.2325e-06
9.2526e-06
9.2728e-06
9.2929e-06
9.3131e-06
9.3333e-06
9.3536e-06
9.3739e-06
9.3942e-06
9.4145e-06
9.4349e-06
9.4552e-06
9.4757e-06
9.4961e-06
9.5166e-06
9.5371e-06
9.5576e-06
9.5781e-06
9.5987e-06
9.6193e-06
9.64e-06
9.6606e-06
9.6813e-06
9.702e-06
9.7227e-06
9.7435e-06
9.7643e-06
9.7851e-06
9.806e-06
9.8269e-06
9.8478e-06
9.8687e-06
9.8896e-06
9.9106e-06
9.9316e-06
9.9527e-06
9.9737e-06
9.9948e-06
1.0016e-05
1.0037e-05
1.0058e-05
1.0079e-05
1.0101e-05
1.0122e-05
1.0143e-05
1.0165e-05
1.0186e-05
1.0207e-05
1.0229e-05
1.025e-05
1.0271e-05
1.0293e-05
1.0314e-05
1.0336e-05
1.0357e-05
1.0379e-05
1.0401e-05
1.0422e-05
1.0444e-05
1.0466e-05
1.0487e-05
1.0509e-05
1.0531e-05
1.0553e-05
1.0574e-05
1.0596e-05
1.0618e-05
1.064e-05
1.0662e-05
1.0684e-05
1.0706e-05
1.0728e-05
1.075e-05
1.0772e-05
1.0794e-05
1.0816e-05
1.0838e-05
1.086e-05
1.0883e-05
1.0905e-05
1.0927e-05
1.0949e-05
1.0972e-05
1.0994e-05
1.1016e-05
1.1039e-05
1.1061e-05
1.1083e-05
1.1106e-05
1.1128e-05
1.1151e-05
1.1173e-05
1.1196e-05
1.1218e-05
1.1241e-05
1.1264e-05
1.1286e-05
1.1309e-05
1.1332e-05
1.1354e-05
1.1377e-05
1.14e-05
1.1423e-05
1.1445e-05
1.1468e-05
1.1491e-05
1.1514e-05
1.1537e-05
1.156e-05
1.1583e-05
1.1606e-05
1.1629e-05
1.1652e-05
1.1675e-05
1.1698e-05
1.1721e-05
1.1744e-05
1.1768e-05
1.1791e-05
1.1814e-05
1.1837e-05
1.1861e-05
1.1884e-05
1.1907e-05
1.193e-05
1.1954e-05
1.1977e-05
1.2001e-05
1.2024e-05
1.2048e-05
1.2071e-05
1.2095e-05
1.2118e-05
1.2142e-05
1.2165e-05
1.2189e-05
1.2213e-05
1.2236e-05
1.226e-05
1.2284e-05
1.2307e-05
1.2331e-05
1.2355e-05
1.2379e-05
1.2403e-05
1.2426e-05
1.245e-05
1.2474e-05
1.2498e-05
1.2522e-05
1.2546e-05
1.257e-05
1.2594e-05
1.2618e-05
1.2642e-05
1.2666e-05
1.269e-05
1.2715e-05
1.2739e-05
1.2763e-05
1.2787e-05
1.2811e-05
1.2836e-05
1.286e-05
1.2884e-05
1.2909e-05
1.2933e-05
1.2957e-05
1.2982e-05
1.3006e-05
1.3031e-05
1.3055e-05
1.308e-05
1.3104e-05
1.3129e-05
1.3153e-05
1.3178e-05
1.3202e-05
1.3227e-05
1.3252e-05
1.3276e-05
1.3301e-05
1.3326e-05
1.335e-05
1.3375e-05
1.34e-05
1.3425e-05
1.345e-05
1.3474e-05
1.3499e-05
1.3524e-05
1.3549e-05
1.3574e-05
1.3599e-05
1.3624e-05
1.3649e-05
1.3674e-05
1.3699e-05
1.3724e-05
1.3749e-05
1.3774e-05
1.3799e-05
1.3825e-05
1.385e-05
1.3875e-05
1.39e-05
1.3925e-05
1.3951e-05
1.3976e-05
1.4001e-05
1.4027e-05
1.4052e-05
1.4077e-05
1.4103e-05
1.4128e-05
1.4154e-05
1.4179e-05
1.4205e-05
1.423e-05
1.4256e-05
1.4281e-05
1.4307e-05
1.4332e-05
1.4358e-05
1.4383e-05
1.4409e-05
1.4435e-05
1.446e-05
1.4486e-05
1.4512e-05
1.4537e-05
1.4563e-05
1.4589e-05
1.4615e-05
1.4641e-05
1.4666e-05
1.4692e-05
1.4718e-05
1.4744e-05
1.477e-05
1.4796e-05
1.4822e-05
1.4848e-05
1.4874e-05
1.49e-05
1.4926e-05
1.4952e-05
1.4978e-05
1.5004e-05
1.503e-05
1.5056e-05
1.5082e-05
1.5109e-05
1.5135e-05
1.5161e-05
1.5187e-05
1.5213e-05
1.524e-05
1.5266e-05
1.5292e-05
1.5319e-05
1.5345e-05
1.5371e-05
1.5398e-05
1.5424e-05
1.545e-05
1.5477e-05
1.5503e-05
1.553e-05
1.5556e-05
1.5583e-05
1.5609e-05
1.5636e-05
1.5662e-05
1.5689e-05
1.5715e-05
1.5742e-05
1.5768e-05
1.5795e-05
1.5822e-05
1.5848e-05
1.5875e-05
1.5902e-05
1.5928e-05
1.5955e-05
1.5982e-05
1.6009e-05
1.6035e-05
1.6062e-05
1.6089e-05
1.6116e-05
1.6143e-05
1.617e-05
1.6196e-05
1.6223e-05
1.625e-05
1.6277e-05
1.6304e-05
1.6331e-05
1.6358e-05
1.6385e-05
1.6412e-05
1.6439e-05
1.6466e-05
1.6493e-05
1.652e-05
1.6547e-05
1.6574e-05
1.6601e-05
1.6629e-05
1.6656e-05
1.6683e-05
1.671e-05
1.6737e-05
1.6764e-05
1.6792e-05
1.6819e-05
1.6846e-05
1.6873e-05
1.6901e-05
1.6928e-05
1.6955e-05
1.6982e-05
1.701e-05
1.7037e-05
1.7064e-05
1.7092e-05
1.7119e-05
1.7147e-05
1.7174e-05
1.7201e-05
1.7229e-05
1.7256e-05
1.7284e-05
1.7311e-05
1.7339e-05
1.7366e-05
1.7394e-05
1.7421e-05
1.7449e-05
1.7476e-05
1.7504e-05
1.7531e-05
1.7559e-05
1.7587e-05
1.7614e-05
1.7642e-05
1.767e-05
1.7697e-05
1.7725e-05
1.7752e-05
1.778e-05
1.7808e-05
1.7836e-05
1.7863e-05
1.7891e-05
1.7919e-05
1.7947e-05
1.7974e-05
1.8002e-05
1.803e-05
1.8058e-05
1.8085e-05
1.8113e-05
1.8141e-05
1.8169e-05
1.8197e-05
1.8225e-05
1.8252e-05
1.828e-05
1.8308e-05
1.8336e-05
1.8364e-05
1.8392e-05
1.842e-05
1.8448e-05
1.8476e-05
1.8504e-05
1.8532e-05
1.856e-05
1.8588e-05
1.8616e-05
1.8644e-05
1.8672e-05
1.87e-05
1.8728e-05
1.8756e-05
1.8784e-05
1.8812e-05
1.884e-05
1.8868e-05
1.8896e-05
1.8924e-05
1.8952e-05
1.8981e-05
1.9009e-05
1.9037e-05
1.9065e-05
1.9093e-05
1.9121e-05
1.9149e-05
1.9178e-05
1.9206e-05
1.9234e-05
1.9262e-05
1.929e-05
1.9318e-05
1.9347e-05
1.9375e-05
1.9403e-05
1.9431e-05
1.946e-05
1.9488e-05
1.9516e-05
1.9544e-05
1.9573e-05
1.9601e-05
1.9629e-05
1.9657e-05
1.9686e-05
1.9714e-05
1.9742e-05
1.9771e-05
1.9799e-05
1.9827e-05
1.9856e-05
1.9884e-05
1.9912e-05
1.9941e-05
1.9969e-05
1.9997e-05
2.0026e-05
2.0054e-05
2.0082e-05
2.0111e-05
2.0139e-05
2.0168e-05
2.0196e-05
2.0224e-05
2.0253e-05
2.0281e-05
2.0309e-05
2.0338e-05
2.0366e-05
2.0395e-05
2.0423e-05
2.0452e-05
2.048e-05
2.0508e-05
2.0537e-05
2.0565e-05
2.0594e-05
2.0622e-05
2.0651e-05
2.0679e-05
2.0707e-05
2.0736e-05
2.0764e-05
2.0793e-05
2.0821e-05
2.085e-05
2.0878e-05
2.0907e-05
2.0935e-05
2.0964e-05
2.0992e-05
2.102e-05
2.1049e-05
2.1077e-05
2.1106e-05
2.1134e-05
2.1163e-05
2.1191e-05
2.122e-05
2.1248e-05
2.1277e-05
2.1305e-05
2.1334e-05
2.1362e-05
2.1391e-05
2.1419e-05
2.1448e-05
2.1476e-05
2.1505e-05
2.1533e-05
2.1561e-05
2.159e-05
2.1618e-05
2.1647e-05
2.1675e-05
2.1704e-05
2.1732e-05
2.1761e-05
2.1789e-05
2.1818e-05
2.1846e-05
2.1875e-05
2.1903e-05
2.1932e-05
2.196e-05
2.1988e-05
2.2017e-05
2.2045e-05
2.2074e-05
2.2102e-05
2.2131e-05
2.2159e-05
2.2188e-05
2.2216e-05
2.2245e-05
2.2273e-05
2.2301e-05
2.233e-05
2.2358e-05
2.2387e-05
2.2415e-05
2.2443e-05
2.2472e-05
2.25e-05
2.2529e-05
2.2557e-05
2.2586e-05
2.2614e-05
2.2642e-05
2.2671e-05
2.2699e-05
2.2727e-05
2.2756e-05
2.2784e-05
2.2813e-05
2.2841e-05
2.2869e-05
2.2898e-05
2.2926e-05
2.2954e-05
2.2983e-05
2.3011e-05
2.3039e-05
2.3068e-05
2.3096e-05
2.3124e-05
2.3152e-05
2.3181e-05
2.3209e-05
2.3237e-05
2.3266e-05
2.3294e-05
2.3322e-05
2.335e-05
2.3378e-05
2.3407e-05
2.3435e-05
2.3463e-05
2.3491e-05
2.352e-05
2.3548e-05
2.3576e-05
2.3604e-05
2.3632e-05
2.366e-05
2.3689e-05
2.3717e-05
2.3745e-05
2.3773e-05
2.3801e-05
2.3829e-05
2.3857e-05
2.3885e-05
2.3914e-05
2.3942e-05
2.397e-05
2.3998e-05
2.4026e-05
2.4054e-05
2.4082e-05
2.411e-05
2.4138e-05
2.4166e-05
2.4194e-05
2.4222e-05
2.425e-05
2.4278e-05
2.4306e-05
2.4334e-05
2.4362e-05
2.4389e-05
2.4417e-05
2.4445e-05
2.4473e-05
2.4501e-05
2.4529e-05
2.4557e-05
2.4585e-05
2.4612e-05
2.464e-05
2.4668e-05
2.4696e-05
2.4723e-05
2.4751e-05
2.4779e-05
2.4807e-05
2.4834e-05
2.4862e-05
2.489e-05
2.4918e-05
2.4945e-05
2.4973e-05
2.5e-05
2.5028e-05
2.5056e-05
2.5083e-05
2.5111e-05
2.5138e-05
2.5166e-05
2.5194e-05
2.5221e-05
2.5249e-05
2.5276e-05
2.5304e-05
2.5331e-05
2.5359e-05
2.5386e-05
2.5413e-05
2.5441e-05
2.5468e-05
2.5496e-05
2.5523e-05
2.555e-05
2.5578e-05
2.5605e-05
2.5632e-05
2.5659e-05
2.5687e-05
2.5714e-05
2.5741e-05
2.5768e-05
2.5796e-05
2.5823e-05
2.585e-05
2.5877e-05
2.5904e-05
2.5931e-05
2.5959e-05
2.5986e-05
2.6013e-05
2.604e-05
2.6067e-05
2.6094e-05
2.6121e-05
2.6148e-05
2.6175e-05
2.6202e-05
2.6228e-05
2.6255e-05
2.6282e-05
2.6309e-05
2.6336e-05
2.6363e-05
2.639e-05
2.6416e-05
2.6443e-05
2.647e-05
2.6497e-05
2.6523e-05
2.655e-05
2.6577e-05
2.6603e-05
2.663e-05
2.6657e-05
2.6683e-05
2.671e-05
2.6736e-05
2.6763e-05
2.6789e-05
2.6816e-05
2.6842e-05
2.6869e-05
2.6895e-05
2.6921e-05
2.6948e-05
2.6974e-05
2.7e-05
2.7027e-05
2.7053e-05
2.7079e-05
2.7106e-05
2.7132e-05
2.7158e-05
2.7184e-05
2.721e-05
2.7236e-05
2.7263e-05
2.7289e-05
2.7315e-05
2.7341e-05
2.7367e-05
2.7393e-05
2.7419e-05
2.7445e-05
2.7471e-05
2.7496e-05
2.7522e-05
2.7548e-05
2.7574e-05
2.76e-05
2.7625e-05
2.7651e-05
2.7677e-05
2.7703e-05
2.7728e-05
2.7754e-05
2.778e-05
2.7805e-05
2.7831e-05
2.7856e-05
2.7882e-05
2.7907e-05
2.7933e-05
2.7958e-05
2.7984e-05
2.8009e-05
2.8034e-05
2.806e-05
2.8085e-05
2.811e-05
2.8135e-05
2.8161e-05
2.8186e-05
2.8211e-05
2.8236e-05
2.8261e-05
2.8286e-05
2.8311e-05
2.8337e-05
2.8362e-05
2.8386e-05
2.8411e-05
2.8436e-05
2.8461e-05
2.8486e-05
2.8511e-05
2.8536e-05
2.8561e-05
2.8585e-05
2.861e-05
2.8635e-05
2.8659e-05
2.8684e-05
2.8709e-05
2.8733e-05
2.8758e-05
2.8782e-05
2.8807e-05
2.8831e-05
2.8856e-05
2.888e-05
2.8904e-05
2.8929e-05
2.8953e-05
2.8977e-05
2.9001e-05
2.9026e-05
2.905e-05
2.9074e-05
2.9098e-05
2.9122e-05
2.9146e-05
2.917e-05
2.9194e-05
2.9218e-05
2.9242e-05
2.9266e-05
2.929e-05
2.9314e-05
2.9337e-05
2.9361e-05
2.9385e-05
2.9409e-05
2.9432e-05
2.9456e-05
2.948e-05
2.9503e-05
2.9527e-05
2.955e-05
2.9574e-05
2.9597e-05
2.962e-05
2.9644e-05
2.9667e-05
2.969e-05
2.9714e-05
2.9737e-05
2.976e-05
2.9783e-05
2.9806e-05
2.9829e-05
2.9852e-05
2.9876e-05
2.9898e-05
2.9921e-05
2.9944e-05
2.9967e-05
2.999e-05
3.0013e-05
3.0036e-05
3.0058e-05
3.0081e-05
3.0104e-05
3.0126e-05
3.0149e-05
3.0172e-05
3.0194e-05
3.0217e-05
3.0239e-05
3.0261e-05
3.0284e-05
3.0306e-05
3.0328e-05
3.0351e-05
3.0373e-05
3.0395e-05
3.0417e-05
3.0439e-05
3.0461e-05
3.0483e-05
3.0505e-05
3.0527e-05
3.0549e-05
3.0571e-05
3.0593e-05
3.0615e-05
3.0637e-05
3.0658e-05
3.068e-05
3.0702e-05
3.0723e-05
3.0745e-05
3.0766e-05
3.0788e-05
3.0809e-05
3.0831e-05
3.0852e-05
3.0873e-05
3.0895e-05
3.0916e-05
3.0937e-05
3.0958e-05
3.098e-05
3.1001e-05
3.1022e-05
3.1043e-05
3.1064e-05
3.1085e-05
3.1106e-05
3.1126e-05
3.1147e-05
3.1168e-05
3.1189e-05
3.1209e-05
3.123e-05
3.1251e-05
3.1271e-05
3.1292e-05
3.1312e-05
3.1333e-05
3.1353e-05
3.1373e-05
3.1394e-05
3.1414e-05
3.1434e-05
3.1454e-05
3.1474e-05
3.1495e-05
3.1515e-05
3.1535e-05
3.1555e-05
3.1575e-05
3.1594e-05
3.1614e-05
3.1634e-05
3.1654e-05
3.1674e-05
3.1693e-05
3.1713e-05
3.1732e-05
3.1752e-05
3.1771e-05
3.1791e-05
3.181e-05
3.183e-05
3.1849e-05
3.1868e-05
3.1887e-05
3.1907e-05
3.1926e-05
3.1945e-05
3.1964e-05
3.1983e-05
3.2002e-05
3.2021e-05
3.204e-05
3.2058e-05
3.2077e-05
3.2096e-05
3.2115e-05
3.2133e-05
3.2152e-05
3.217e-05
3.2189e-05
3.2207e-05
3.2226e-05
3.2244e-05
3.2262e-05
3.2281e-05
3.2299e-05
3.2317e-05
3.2335e-05
3.2353e-05
3.2371e-05
3.2389e-05
3.2407e-05
3.2425e-05
3.2443e-05
3.2461e-05
3.2478e-05
3.2496e-05
3.2514e-05
3.2531e-05
3.2549e-05
3.2566e-05
3.2584e-05
3.2601e-05
3.2619e-05
3.2636e-05
3.2653e-05
3.2671e-05
3.2688e-05
3.2705e-05
3.2722e-05
3.2739e-05
3.2756e-05
3.2773e-05
3.279e-05
3.2807e-05
3.2823e-05
3.284e-05
3.2857e-05
3.2873e-05
3.289e-05
3.2906e-05
3.2923e-05
3.2939e-05
3.2956e-05
3.2972e-05
3.2988e-05
3.3005e-05
3.3021e-05
3.3037e-05
3.3053e-05
3.3069e-05
3.3085e-05
3.3101e-05
3.3117e-05
3.3133e-05
3.3148e-05
3.3164e-05
3.318e-05
3.3195e-05
3.3211e-05
3.3226e-05
3.3242e-05
3.3257e-05
3.3273e-05
3.3288e-05
3.3303e-05
3.3318e-05
3.3334e-05
3.3349e-05
3.3364e-05
3.3379e-05
3.3394e-05
3.3409e-05
3.3423e-05
3.3438e-05
3.3453e-05
3.3468e-05
3.3482e-05
3.3497e-05
3.3511e-05
3.3526e-05
3.354e-05
3.3555e-05
3.3569e-05
3.3583e-05
3.3597e-05
3.3612e-05
3.3626e-05
3.364e-05
3.3654e-05
3.3668e-05
3.3682e-05
3.3695e-05
3.3709e-05
3.3723e-05
3.3737e-05
3.375e-05
3.3764e-05
3.3777e-05
3.3791e-05
3.3804e-05
3.3817e-05
3.3831e-05
3.3844e-05
3.3857e-05
3.387e-05
3.3883e-05
3.3896e-05
3.3909e-05
3.3922e-05
3.3935e-05
3.3948e-05
3.3961e-05
3.3973e-05
3.3986e-05
3.3999e-05
3.4011e-05
3.4024e-05
3.4036e-05
3.4048e-05
3.4061e-05
3.4073e-05
3.4085e-05
3.4097e-05
3.4109e-05
3.4121e-05
3.4133e-05
3.4145e-05
3.4157e-05
3.4169e-05
3.4181e-05
3.4192e-05
3.4204e-05
3.4215e-05
3.4227e-05
3.4238e-05
3.425e-05
3.4261e-05
3.4272e-05
3.4284e-05
3.4295e-05
3.4306e-05
3.4317e-05
3.4328e-05
3.4339e-05
3.435e-05
3.4361e-05
3.4371e-05
3.4382e-05
3.4393e-05
3.4403e-05
3.4414e-05
3.4424e-05
3.4435e-05
3.4445e-05
3.4456e-05
3.4466e-05
3.4476e-05
3.4486e-05
3.4496e-05
3.4506e-05
3.4516e-05
3.4526e-05
3.4536e-05
3.4546e-05
3.4556e-05
3.4565e-05
3.4575e-05
3.4584e-05
3.4594e-05
3.4603e-05
3.4613e-05
3.4622e-05
3.4631e-05
3.4641e-05
3.465e-05
3.4659e-05
3.4668e-05
3.4677e-05
3.4686e-05
3.4695e-05
3.4703e-05
3.4712e-05
3.4721e-05
3.4729e-05
3.4738e-05
3.4746e-05
3.4755e-05
3.4763e-05
3.4772e-05
3.478e-05
3.4788e-05
3.4796e-05
3.4804e-05
3.4812e-05
3.482e-05
3.4828e-05
3.4836e-05
3.4844e-05
3.4852e-05
3.4859e-05
3.4867e-05
3.4874e-05
3.4882e-05
3.4889e-05
3.4897e-05
3.4904e-05
3.4911e-05
3.4918e-05
3.4926e-05
3.4933e-05
3.494e-05
3.4947e-05
3.4953e-05
3.496e-05
3.4967e-05
3.4974e-05
3.498e-05
3.4987e-05
3.4993e-05
3.5e-05
3.5006e-05
3.5013e-05
3.5019e-05
3.5025e-05
3.5031e-05
3.5037e-05
3.5043e-05
3.5049e-05
3.5055e-05
3.5061e-05
3.5067e-05
3.5073e-05
3.5078e-05
3.5084e-05
3.509e-05
3.5095e-05
3.51e-05
3.5106e-05
3.5111e-05
3.5116e-05
3.5122e-05
3.5127e-05
3.5132e-05
3.5137e-05
3.5142e-05
3.5147e-05
3.5151e-05
3.5156e-05
3.5161e-05
3.5165e-05
3.517e-05
3.5175e-05
3.5179e-05
3.5183e-05
3.5188e-05
3.5192e-05
3.5196e-05
3.52e-05
3.5204e-05
3.5208e-05
3.5212e-05
3.5216e-05
3.522e-05
3.5224e-05
3.5228e-05
3.5231e-05
3.5235e-05
3.5238e-05
3.5242e-05
3.5245e-05
3.5248e-05
3.5252e-05
3.5255e-05
3.5258e-05
3.5261e-05
3.5264e-05
3.5267e-05
3.527e-05
3.5273e-05
3.5276e-05
3.5278e-05
3.5281e-05
3.5284e-05
3.5286e-05
3.5289e-05
3.5291e-05
3.5293e-05
3.5296e-05
3.5298e-05
3.53e-05
3.5302e-05
3.5304e-05
3.5306e-05
3.5308e-05
3.531e-05
3.5312e-05
3.5313e-05
3.5315e-05
3.5317e-05
3.5318e-05
3.532e-05
3.5321e-05
3.5322e-05
3.5324e-05
3.5325e-05
3.5326e-05
3.5327e-05
3.5328e-05
3.5329e-05
3.533e-05
3.5331e-05
3.5332e-05
3.5332e-05
3.5333e-05
3.5334e-05
3.5334e-05
3.5335e-05
3.5335e-05
3.5335e-05
3.5336e-05
3.5336e-05
3.5336e-05
3.5336e-05
3.5336e-05
3.5336e-05
3.5336e-05
3.5336e-05
3.5336e-05
3.5336e-05
3.5335e-05
3.5335e-05
3.5334e-05
3.5334e-05
3.5333e-05
3.5333e-05
3.5332e-05
3.5331e-05
3.533e-05
3.5329e-05
3.5328e-05
3.5327e-05
3.5326e-05
3.5325e-05
3.5324e-05
3.5323e-05
3.5321e-05
3.532e-05
3.5318e-05
3.5317e-05
3.5315e-05
3.5314e-05
3.5312e-05
3.531e-05
3.5308e-05
3.5306e-05
3.5305e-05
3.5302e-05
3.53e-05
3.5298e-05
3.5296e-05
3.5294e-05
3.5291e-05
3.5289e-05
3.5287e-05
3.5284e-05
3.5282e-05
3.5279e-05
3.5276e-05
3.5273e-05
3.5271e-05
3.5268e-05
3.5265e-05
3.5262e-05
3.5259e-05
3.5256e-05
3.5252e-05
3.5249e-05
3.5246e-05
3.5242e-05
3.5239e-05
3.5235e-05
3.5232e-05
3.5228e-05
3.5224e-05
3.5221e-05
3.5217e-05
3.5213e-05
3.5209e-05
3.5205e-05
3.5201e-05
3.5197e-05
3.5193e-05
3.5188e-05
3.5184e-05
3.518e-05
3.5175e-05
3.5171e-05
3.5166e-05
3.5162e-05
3.5157e-05
3.5152e-05
3.5147e-05
3.5143e-05
3.5138e-05
3.5133e-05
3.5128e-05
3.5122e-05
3.5117e-05
3.5112e-05
3.5107e-05
3.5101e-05
3.5096e-05
3.5091e-05
3.5085e-05
3.5079e-05
3.5074e-05
3.5068e-05
3.5062e-05
3.5056e-05
3.505e-05
3.5045e-05
3.5039e-05
3.5032e-05
3.5026e-05
3.502e-05
3.5014e-05
3.5007e-05
3.5001e-05
3.4995e-05
3.4988e-05
3.4982e-05
3.4975e-05
3.4968e-05
3.4961e-05
3.4955e-05
3.4948e-05
3.4941e-05
3.4934e-05
3.4927e-05
3.492e-05
3.4912e-05
3.4905e-05
3.4898e-05
3.4891e-05
3.4883e-05
3.4876e-05
3.4868e-05
3.4861e-05
3.4853e-05
3.4845e-05
3.4837e-05
3.483e-05
3.4822e-05
3.4814e-05
3.4806e-05
3.4798e-05
3.479e-05
3.4781e-05
3.4773e-05
3.4765e-05
3.4756e-05
3.4748e-05
3.4739e-05
3.4731e-05
3.4722e-05
3.4714e-05
3.4705e-05
3.4696e-05
3.4687e-05
3.4678e-05
3.4669e-05
3.466e-05
3.4651e-05
3.4642e-05
3.4633e-05
3.4624e-05
3.4614e-05
3.4605e-05
3.4596e-05
3.4586e-05
3.4577e-05
3.4567e-05
3.4557e-05
3.4548e-05
3.4538e-05
3.4528e-05
3.4518e-05
3.4508e-05
3.4498e-05
3.4488e-05
3.4478e-05
3.4468e-05
3.4457e-05
3.4447e-05
3.4437e-05
3.4426e-05
3.4416e-05
3.4405e-05
3.4395e-05
3.4384e-05
3.4373e-05
3.4363e-05
3.4352e-05
3.4341e-05
3.433e-05
3.4319e-05
3.4308e-05
3.4297e-05
3.4286e-05
3.4274e-05
3.4263e-05
3.4252e-05
3.424e-05
3.4229e-05
3.4218e-05
3.4206e-05
3.4194e-05
3.4183e-05
3.4171e-05
3.4159e-05
3.4147e-05
3.4135e-05
3.4123e-05
3.4111e-05
3.4099e-05
3.4087e-05
3.4075e-05
3.4063e-05
3.4051e-05
3.4038e-05
3.4026e-05
3.4013e-05
3.4001e-05
3.3988e-05
3.3976e-05
3.3963e-05
3.395e-05
3.3937e-05
3.3925e-05
3.3912e-05
3.3899e-05
3.3886e-05
3.3873e-05
3.386e-05
3.3846e-05
3.3833e-05
3.382e-05
3.3807e-05
3.3793e-05
3.378e-05
3.3766e-05
3.3753e-05
3.3739e-05
3.3725e-05
3.3712e-05
3.3698e-05
3.3684e-05
3.367e-05
3.3656e-05
3.3642e-05
3.3628e-05
3.3614e-05
3.36e-05
3.3586e-05
3.3572e-05
3.3557e-05
3.3543e-05
3.3528e-05
3.3514e-05
3.3499e-05
3.3485e-05
3.347e-05
3.3456e-05
3.3441e-05
3.3426e-05
3.3411e-05
3.3396e-05
3.3381e-05
3.3366e-05
3.3351e-05
3.3336e-05
3.3321e-05
3.3306e-05
3.3291e-05
3.3275e-05
3.326e-05
3.3245e-05
3.3229e-05
3.3214e-05
3.3198e-05
3.3183e-05
3.3167e-05
3.3151e-05
3.3135e-05
3.312e-05
3.3104e-05
3.3088e-05
3.3072e-05
3.3056e-05
3.304e-05
3.3024e-05
3.3007e-05
3.2991e-05
3.2975e-05
3.2959e-05
3.2942e-05
3.2926e-05
3.2909e-05
3.2893e-05
3.2876e-05
3.286e-05
3.2843e-05
3.2826e-05
3.281e-05
3.2793e-05
3.2776e-05
3.2759e-05
3.2742e-05
3.2725e-05
3.2708e-05
3.2691e-05
3.2674e-05
3.2656e-05
3.2639e-05
3.2622e-05
3.2604e-05
3.2587e-05
3.257e-05
3.2552e-05
3.2535e-05
3.2517e-05
3.2499e-05
3.2482e-05
3.2464e-05
3.2446e-05
3.2428e-05
3.241e-05
3.2393e-05
3.2375e-05
3.2357e-05
3.2338e-05
3.232e-05
3.2302e-05
3.2284e-05
3.2266e-05
3.2247e-05
3.2229e-05
3.2211e-05
3.2192e-05
3.2174e-05
3.2155e-05
3.2137e-05
3.2118e-05
3.2099e-05
3.2081e-05
3.2062e-05
3.2043e-05
3.2024e-05
3.2005e-05
3.1986e-05
3.1967e-05
3.1948e-05
3.1929e-05
3.191e-05
3.1891e-05
3.1872e-05
3.1852e-05
3.1833e-05
3.1814e-05
3.1794e-05
3.1775e-05
3.1755e-05
3.1736e-05
3.1716e-05
3.1697e-05
3.1677e-05
3.1657e-05
3.1638e-05
3.1618e-05
3.1598e-05
3.1578e-05
3.1558e-05
3.1538e-05
3.1518e-05
3.1498e-05
3.1478e-05
3.1458e-05
3.1438e-05
3.1418e-05
3.1397e-05
3.1377e-05
3.1357e-05
3.1336e-05
3.1316e-05
3.1295e-05
3.1275e-05
3.1254e-05
3.1234e-05
3.1213e-05
3.1192e-05
3.1172e-05
3.1151e-05
3.113e-05
3.1109e-05
3.1088e-05
3.1067e-05
3.1046e-05
3.1025e-05
3.1004e-05
3.0983e-05
3.0962e-05
3.0941e-05
3.092e-05
3.0899e-05
3.0877e-05
3.0856e-05
3.0835e-05
3.0813e-05
3.0792e-05
3.077e-05
3.0749e-05
3.0727e-05
3.0706e-05
3.0684e-05
3.0662e-05
3.0641e-05
3.0619e-05
3.0597e-05
3.0575e-05
3.0553e-05
3.0531e-05
3.0509e-05
3.0487e-05
3.0465e-05
3.0443e-05
3.0421e-05
3.0399e-05
3.0377e-05
3.0355e-05
3.0332e-05
3.031e-05
3.0288e-05
3.0265e-05
3.0243e-05
3.0221e-05
3.0198e-05
3.0176e-05
3.0153e-05
3.013e-05
3.0108e-05
3.0085e-05
3.0062e-05
3.004e-05
3.0017e-05
2.9994e-05
2.9971e-05
2.9948e-05
2.9926e-05
2.9903e-05
2.988e-05
2.9857e-05
2.9834e-05
2.9811e-05
2.9787e-05
2.9764e-05
2.9741e-05
2.9718e-05
2.9695e-05
2.9671e-05
2.9648e-05
2.9625e-05
2.9601e-05
2.9578e-05
2.9554e-05
2.9531e-05
2.9507e-05
2.9484e-05
2.946e-05
2.9437e-05
2.9413e-05
2.9389e-05
2.9365e-05
2.9342e-05
2.9318e-05
2.9294e-05
2.927e-05
2.9246e-05
2.9222e-05
2.9199e-05
2.9175e-05
2.9151e-05
2.9126e-05
2.9102e-05
2.9078e-05
2.9054e-05
2.903e-05
2.9006e-05
2.8982e-05
2.8957e-05
2.8933e-05
2.8909e-05
2.8884e-05
2.886e-05
2.8836e-05
2.8811e-05
2.8787e-05
2.8762e-05
2.8738e-05
2.8713e-05
2.8688e-05
2.8664e-05
2.8639e-05
2.8614e-05
2.859e-05
2.8565e-05
2.854e-05
2.8515e-05
2.8491e-05
2.8466e-05
2.8441e-05
2.8416e-05
2.8391e-05
2.8366e-05
2.8341e-05
2.8316e-05
2.8291e-05
2.8266e-05
2.8241e-05
2.8216e-05
2.819e-05
2.8165e-05
2.814e-05
2.8115e-05
2.809e-05
2.8064e-05
2.8039e-05
2.8014e-05
2.7988e-05
2.7963e-05
2.7937e-05
2.7912e-05
2.7886e-05
2.7861e-05
2.7835e-05
2.781e-05
2.7784e-05
2.7759e-05
2.7733e-05
2.7707e-05
2.7682e-05
2.7656e-05
2.763e-05
2.7604e-05
2.7579e-05
2.7553e-05
2.7527e-05
2.7501e-05
2.7475e-05
2.7449e-05
2.7423e-05
2.7397e-05
2.7371e-05
2.7345e-05
2.7319e-05
2.7293e-05
2.7267e-05
2.7241e-05
2.7215e-05
2.7189e-05
2.7163e-05
2.7137e-05
2.711e-05
2.7084e-05
2.7058e-05
2.7032e-05
2.7005e-05
2.6979e-05
2.6953e-05
2.6926e-05
2.69e-05
2.6873e-05
2.6847e-05
2.682e-05
2.6794e-05
2.6768e-05
2.6741e-05
2.6714e-05
2.6688e-05
2.6661e-05
2.6635e-05
2.6608e-05
2.6581e-05
2.6555e-05
2.6528e-05
2.6501e-05
2.6475e-05
2.6448e-05
2.6421e-05
2.6394e-05
2.6368e-05
2.6341e-05
2.6314e-05
2.6287e-05
2.626e-05
2.6233e-05
2.6206e-05
2.6179e-05
2.6153e-05
2.6126e-05
2.6099e-05
2.6072e-05
2.6045e-05
2.6018e-05
2.599e-05
2.5963e-05
2.5936e-05
2.5909e-05
2.5882e-05
2.5855e-05
2.5828e-05
2.5801e-05
2.5773e-05
2.5746e-05
2.5719e-05
2.5692e-05
2.5664e-05
2.5637e-05
2.561e-05
2.5583e-05
2.5555e-05
2.5528e-05
2.55e-05
2.5473e-05
2.5446e-05
2.5418e-05
2.5391e-05
2.5363e-05
2.5336e-05
2.5309e-05
2.5281e-05
2.5254e-05
2.5226e-05
2.5199e-05
2.5171e-05
2.5143e-05
2.5116e-05
2.5088e-05
2.5061e-05
2.5033e-05
2.5005e-05
2.4978e-05
2.495e-05
2.4922e-05
2.4895e-05
2.4867e-05
2.4839e-05
2.4812e-05
2.4784e-05
2.4756e-05
2.4728e-05
2.4701e-05
2.4673e-05
2.4645e-05
2.4617e-05
2.459e-05
2.4562e-05
2.4534e-05
2.4506e-05
2.4478e-05
2.445e-05
2.4422e-05
2.4394e-05
2.4367e-05
2.4339e-05
2.4311e-05
2.4283e-05
2.4255e-05
2.4227e-05
2.4199e-05
2.4171e-05
2.4143e-05
2.4115e-05
2.4087e-05
2.4059e-05
2.4031e-05
2.4003e-05
2.3975e-05
2.3947e-05
2.3919e-05
2.3891e-05
2.3862e-05
2.3834e-05
2.3806e-05
2.3778e-05
2.375e-05
2.3722e-05
2.3694e-05
2.3666e-05
2.3637e-05
2.3609e-05
2.3581e-05
2.3553e-05
2.3525e-05
2.3496e-05
2.3468e-05
2.344e-05
2.3412e-05
2.3384e-05
2.3355e-05
2.3327e-05
2.3299e-05
2.3271e-05
2.3242e-05
2.3214e-05
2.3186e-05
2.3157e-05
2.3129e-05
2.3101e-05
2.3073e-05
2.3044e-05
2.3016e-05
2.2988e-05
2.2959e-05
2.2931e-05
2.2903e-05
2.2874e-05
2.2846e-05
2.2818e-05
2.2789e-05
2.2761e-05
2.2733e-05
2.2704e-05
2.2676e-05
2.2647e-05
2.2619e-05
2.2591e-05
2.2562e-05
2.2534e-05
2.2505e-05
2.2477e-05
2.2449e-05
2.242e-05
2.2392e-05
2.2363e-05
2.2335e-05
2.2306e-05
2.2278e-05
2.225e-05
2.2221e-05
2.2193e-05
2.2164e-05
2.2136e-05
2.2107e-05
2.2079e-05
2.2051e-05
2.2022e-05
2.1994e-05
2.1965e-05
2.1937e-05
2.1908e-05
2.188e-05
2.1851e-05
2.1823e-05
2.1794e-05
2.1766e-05
2.1737e-05
2.1709e-05
2.168e-05
2.1652e-05
2.1624e-05
2.1595e-05
2.1567e-05
2.1538e-05
2.151e-05
2.1481e-05
2.1453e-05
2.1424e-05
2.1396e-05
2.1367e-05
2.1339e-05
2.131e-05
2.1282e-05
2.1253e-05
2.1225e-05
2.1196e-05
2.1168e-05
2.1139e-05
2.1111e-05
2.1082e-05
2.1054e-05
2.1026e-05
2.0997e-05
2.0969e-05
2.094e-05
2.0912e-05
2.0883e-05
2.0855e-05
2.0826e-05
2.0798e-05
2.0769e-05
2.0741e-05
2.0713e-05
2.0684e-05
2.0656e-05
2.0627e-05
2.0599e-05
2.057e-05
2.0542e-05
2.0513e-05
2.0485e-05
2.0457e-05
2.0428e-05
2.04e-05
2.0371e-05
2.0343e-05
2.0315e-05
2.0286e-05
2.0258e-05
2.0229e-05
2.0201e-05
2.0173e-05
2.0144e-05
2.0116e-05
2.0088e-05
2.0059e-05
2.0031e-05
2.0002e-05
1.9974e-05
1.9946e-05
1.9917e-05
1.9889e-05
1.9861e-05
1.9832e-05
1.9804e-05
1.9776e-05
1.9747e-05
1.9719e-05
1.9691e-05
1.9663e-05
1.9634e-05
1.9606e-05
1.9578e-05
1.9549e-05
1.9521e-05
1.9493e-05
1.9465e-05
1.9436e-05
1.9408e-05
1.938e-05
1.9352e-05
1.9324e-05
1.9295e-05
1.9267e-05
1.9239e-05
1.9211e-05
1.9183e-05
1.9154e-05
1.9126e-05
1.9098e-05
1.907e-05
1.9042e-05
1.9014e-05
1.8986e-05
1.8957e-05
1.8929e-05
1.8901e-05
1.8873e-05
1.8845e-05
1.8817e-05
1.8789e-05
1.8761e-05
1.8733e-05
1.8705e-05
1.8677e-05
1.8649e-05
1.8621e-05
1.8593e-05
1.8565e-05
1.8537e-05
1.8509e-05
1.8481e-05
1.8453e-05
1.8425e-05
1.8397e-05
1.8369e-05
1.8341e-05
1.8313e-05
1.8285e-05
1.8258e-05
1.823e-05
1.8202e-05
1.8174e-05
1.8146e-05
1.8118e-05
1.809e-05
1.8063e-05
1.8035e-05
1.8007e-05
1.7979e-05
1.7951e-05
1.7924e-05
1.7896e-05
1.7868e-05
1.7841e-05
1.7813e-05
1.7785e-05
1.7757e-05
1.773e-05
1.7702e-05
1.7674e-05
1.7647e-05
1.7619e-05
1.7592e-05
1.7564e-05
1.7536e-05
1.7509e-05
1.7481e-05
1.7454e-05
1.7426e-05
1.7399e-05
1.7371e-05
1.7344e-05
1.7316e-05
1.7289e-05
1.7261e-05
1.7234e-05
1.7206e-05
1.7179e-05
1.7152e-05
1.7124e-05
1.7097e-05
1.7069e-05
1.7042e-05
1.7015e-05
1.6987e-05
1.696e-05
1.6933e-05
1.6905e-05
1.6878e-05
1.6851e-05
1.6824e-05
1.6796e-05
1.6769e-05
1.6742e-05
1.6715e-05
1.6688e-05
1.6661e-05
1.6633e-05
1.6606e-05
1.6579e-05
1.6552e-05
1.6525e-05
1.6498e-05
1.6471e-05
1.6444e-05
1.6417e-05
1.639e-05
1.6363e-05
1.6336e-05
1.6309e-05
1.6282e-05
1.6255e-05
1.6228e-05
1.6201e-05
1.6174e-05
1.6148e-05
1.6121e-05
1.6094e-05
1.6067e-05
1.604e-05
1.6013e-05
1.5987e-05
1.596e-05
1.5933e-05
1.5907e-05
1.588e-05
1.5853e-05
1.5827e-05
1.58e-05
1.5773e-05
1.5747e-05
1.572e-05
1.5693e-05
1.5667e-05
1.564e-05
1.5614e-05
1.5587e-05
1.5561e-05
1.5534e-05
1.5508e-05
1.5481e-05
1.5455e-05
1.5429e-05
1.5402e-05
1.5376e-05
1.535e-05
1.5323e-05
1.5297e-05
1.5271e-05
1.5244e-05
1.5218e-05
1.5192e-05
1.5166e-05
1.5139e-05
1.5113e-05
1.5087e-05
1.5061e-05
1.5035e-05
1.5009e-05
1.4983e-05
1.4957e-05
1.4931e-05
1.4904e-05
1.4878e-05
1.4852e-05
1.4827e-05
1.4801e-05
1.4775e-05
1.4749e-05
1.4723e-05
1.4697e-05
1.4671e-05
1.4645e-05
1.4619e-05
1.4594e-05
1.4568e-05
1.4542e-05
1.4516e-05
1.4491e-05
1.4465e-05
1.4439e-05
1.4414e-05
1.4388e-05
1.4362e-05
1.4337e-05
1.4311e-05
1.4286e-05
1.426e-05
1.4235e-05
1.4209e-05
1.4184e-05
1.4158e-05
1.4133e-05
1.4107e-05
1.4082e-05
1.4057e-05
1.4031e-05
1.4006e-05
1.3981e-05
1.3955e-05
1.393e-05
1.3905e-05
1.388e-05
1.3854e-05
1.3829e-05
1.3804e-05
1.3779e-05
1.3754e-05
1.3729e-05
1.3704e-05
1.3679e-05
1.3654e-05
1.3628e-05
1.3604e-05
1.3579e-05
1.3554e-05
1.3529e-05
1.3504e-05
1.3479e-05
1.3454e-05
1.3429e-05
1.3404e-05
1.338e-05
1.3355e-05
1.333e-05
1.3305e-05
1.3281e-05
1.3256e-05
1.3231e-05
1.3207e-05
1.3182e-05
1.3158e-05
1.3133e-05
1.3108e-05
1.3084e-05
1.3059e-05
1.3035e-05
1.3011e-05
1.2986e-05
1.2962e-05
1.2937e-05
1.2913e-05
1.2889e-05
1.2864e-05
1.284e-05
1.2816e-05
1.2792e-05
1.2767e-05
1.2743e-05
1.2719e-05
1.2695e-05
1.2671e-05
1.2647e-05
1.2622e-05
1.2598e-05
1.2574e-05
1.255e-05
1.2526e-05
1.2502e-05
1.2479e-05
1.2455e-05
1.2431e-05
1.2407e-05
1.2383e-05
1.2359e-05
1.2335e-05
1.2312e-05
1.2288e-05
1.2264e-05
1.224e-05
1.2217e-05
1.2193e-05
1.217e-05
1.2146e-05
1.2122e-05
1.2099e-05
1.2075e-05
1.2052e-05
1.2028e-05
1.2005e-05
1.1981e-05
1.1958e-05
1.1935e-05
1.1911e-05
1.1888e-05
1.1865e-05
1.1841e-05
1.1818e-05
1.1795e-05
1.1772e-05
1.1749e-05
1.1725e-05
1.1702e-05
1.1679e-05
1.1656e-05
1.1633e-05
1.161e-05
1.1587e-05
1.1564e-05
1.1541e-05
1.1518e-05
1.1495e-05
1.1472e-05
1.145e-05
1.1427e-05
1.1404e-05
1.1381e-05
1.1358e-05
1.1336e-05
1.1313e-05
1.129e-05
1.1268e-05
1.1245e-05
1.1222e-05
1.12e-05
1.1177e-05
1.1155e-05
1.1132e-05
1.111e-05
1.1087e-05
1.1065e-05
1.1043e-05
1.102e-05
1.0998e-05
1.0976e-05
1.0953e-05
1.0931e-05
1.0909e-05
1.0887e-05
1.0864e-05
1.0842e-05
1.082e-05
1.0798e-05
1.0776e-05
1.0754e-05
1.0732e-05
1.071e-05
1.0688e-05
1.0666e-05
1.0644e-05
1.0622e-05
1.06e-05
1.0578e-05
1.0557e-05
1.0535e-05
1.0513e-05
1.0491e-05
1.047e-05
1.0448e-05
1.0426e-05
1.0405e-05
1.0383e-05
1.0361e-05
1.034e-05
1.0318e-05
1.0297e-05
1.0275e-05
1.0254e-05
1.0232e-05
1.0211e-05
1.019e-05
1.0168e-05
1.0147e-05
1.0126e-05
1.0104e-05
1.0083e-05
1.0062e-05
1.0041e-05
1.002e-05
9.9986e-06
9.9775e-06
9.9564e-06
9.9354e-06
9.9144e-06
9.8934e-06
9.8724e-06
9.8515e-06
9.8306e-06
9.8097e-06
9.7889e-06
9.768e-06
9.7472e-06
9.7265e-06
9.7057e-06
9.685e-06
9.6643e-06
9.6436e-06
9.623e-06
9.6024e-06
9.5818e-06
9.5613e-06
9.5407e-06
9.5202e-06
9.4998e-06
9.4793e-06
9.4589e-06
9.4385e-06
9.4181e-06
9.3978e-06
9.3775e-06
9.3572e-06
9.337e-06
9.3167e-06
9.2965e-06
9.2764e-06
9.2562e-06
9.2361e-06
9.216e-06
9.1959e-06
9.1759e-06
9.1559e-06
9.1359e-06
9.116e-06
9.096e-06
9.0761e-06
9.0563e-06
9.0364e-06
9.0166e-06
8.9968e-06
8.9771e-06
8.9573e-06
8.9376e-06
8.918e-06
8.8983e-06
8.8787e-06
8.8591e-06
8.8395e-06
8.82e-06
8.8005e-06
8.781e-06
8.7615e-06
8.7421e-06
8.7227e-06
8.7033e-06
8.684e-06
8.6647e-06
8.6454e-06
8.6261e-06
8.6069e-06
8.5877e-06
8.5685e-06
8.5494e-06
8.5302e-06
8.5111e-06
8.4921e-06
8.473e-06
8.454e-06
8.435e-06
8.4161e-06
8.3972e-06
8.3782e-06
8.3594e-06
8.3405e-06
8.3217e-06
8.3029e-06
8.2842e-06
8.2654e-06
8.2467e-06
8.228e-06
8.2094e-06
8.1908e-06
8.1722e-06
8.1536e-06
8.1351e-06
8.1166e-06
8.0981e-06
8.0796e-06
8.0612e-06
8.0428e-06
8.0244e-06
8.0061e-06
7.9878e-06
7.9695e-06
7.9512e-06
7.933e-06
7.9148e-06
7.8966e-06
7.8784e-06
7.8603e-06
7.8422e-06
7.8242e-06
7.8061e-06
7.7881e-06
7.7701e-06
7.7522e-06
7.7342e-06
7.7163e-06
7.6985e-06
7.6806e-06
7.6628e-06
7.645e-06
7.6273e-06
7.6095e-06
7.5918e-06
7.5741e-06
7.5565e-06
7.5389e-06
7.5213e-06
7.5037e-06
7.4862e-06
7.4687e-06
7.4512e-06
7.4337e-06
7.4163e-06
7.3989e-06
7.3815e-06
7.3642e-06
7.3469e-06
7.3296e-06
7.3123e-06
7.2951e-06
7.2779e-06
7.2607e-06
7.2436e-06
7.2264e-06
7.2094e-06
7.1923e-06
7.1753e-06
7.1582e-06
7.1413e-06
7.1243e-06
7.1074e-06
7.0905e-06
7.0736e-06
7.0568e-06
7.0399e-06
7.0232e-06
7.0064e-06
6.9897e-06
6.973e-06
6.9563e-06
6.9396e-06
6.923e-06
6.9064e-06
6.8898e-06
6.8733e-06
6.8568e-06
6.8403e-06
6.8239e-06
6.8074e-06
6.791e-06
6.7746e-06
6.7583e-06
6.742e-06
6.7257e-06
6.7094e-06
6.6932e-06
6.677e-06
6.6608e-06
6.6446e-06
6.6285e-06
6.6124e-06
6.5963e-06
6.5803e-06
6.5643e-06
6.5483e-06
6.5323e-06
6.5164e-06
6.5005e-06
6.4846e-06
6.4688e-06
6.4529e-06
6.4371e-06
6.4214e-06
6.4056e-06
6.3899e-06
6.3742e-06
6.3586e-06
6.3429e-06
6.3273e-06
6.3117e-06
6.2962e-06
6.2807e-06
6.2652e-06
6.2497e-06
6.2343e-06
6.2188e-06
6.2034e-06
6.1881e-06
6.1727e-06
6.1574e-06
6.1422e-06
6.1269e-06
6.1117e-06
6.0965e-06
6.0813e-06
6.0662e-06
6.051e-06
6.036e-06
6.0209e-06
6.0059e-06
5.9908e-06
5.9759e-06
5.9609e-06
5.946e-06
5.9311e-06
5.9162e-06
5.9014e-06
5.8865e-06
5.8717e-06
5.857e-06
5.8422e-06
5.8275e-06
5.8128e-06
5.7982e-06
5.7835e-06
5.7689e-06
5.7543e-06
5.7398e-06
5.7253e-06
5.7108e-06
5.6963e-06
5.6818e-06
5.6674e-06
5.653e-06
5.6387e-06
5.6243e-06
5.61e-06
5.5957e-06
5.5815e-06
5.5672e-06
5.553e-06
5.5388e-06
5.5247e-06
5.5106e-06
5.4964e-06
5.4824e-06
5.4683e-06
5.4543e-06
5.4403e-06
5.4263e-06
5.4124e-06
5.3985e-06
5.3846e-06
5.3707e-06
5.3569e-06
5.3431e-06
5.3293e-06
5.3155e-06
5.3018e-06
5.2881e-06
5.2744e-06
5.2607e-06
5.2471e-06
5.2335e-06
5.2199e-06
5.2064e-06
5.1929e-06
5.1794e-06
5.1659e-06
5.1524e-06
5.139e-06
5.1256e-06
5.1122e-06
5.0989e-06
5.0856e-06
5.0723e-06
5.059e-06
5.0458e-06
5.0326e-06
5.0194e-06
5.0062e-06
4.9931e-06
4.98e-06
4.9669e-06
4.9538e-06
4.9408e-06
4.9278e-06
4.9148e-06
4.9018e-06
4.8889e-06
4.876e-06
4.8631e-06
4.8503e-06
4.8374e-06
4.8246e-06
4.8118e-06
4.7991e-06
4.7864e-06
4.7737e-06
4.761e-06
4.7483e-06
4.7357e-06
4.7231e-06
4.7105e-06
4.698e-06
4.6854e-06
4.6729e-06
4.6605e-06
4.648e-06
4.6356e-06
4.6232e-06
4.6108e-06
4.5984e-06
4.5861e-06
4.5738e-06
4.5615e-06
4.5493e-06
4.5371e-06
4.5249e-06
4.5127e-06
4.5005e-06
4.4884e-06
4.4763e-06
4.4642e-06
4.4522e-06
4.4401e-06
4.4281e-06
4.4162e-06
4.4042e-06
4.3923e-06
4.3804e-06
4.3685e-06
4.3566e-06
4.3448e-06
4.333e-06
4.3212e-06
4.3095e-06
4.2977e-06
4.286e-06
4.2743e-06
4.2627e-06
4.251e-06
4.2394e-06
4.2278e-06
4.2163e-06
4.2047e-06
4.1932e-06
4.1817e-06
4.1702e-06
4.1588e-06
4.1474e-06
4.136e-06
4.1246e-06
4.1133e-06
4.102e-06
4.0907e-06
4.0794e-06
4.0681e-06
4.0569e-06
4.0457e-06
4.0345e-06
4.0234e-06
4.0122e-06
4.0011e-06
3.99e-06
3.979e-06
3.9679e-06
3.9569e-06
3.9459e-06
3.935e-06
3.924e-06
3.9131e-06
3.9022e-06
3.8913e-06
3.8805e-06
3.8697e-06
3.8589e-06
3.8481e-06
3.8373e-06
3.8266e-06
3.8159e-06
3.8052e-06
3.7945e-06
3.7839e-06
3.7733e-06
3.7627e-06
3.7521e-06
3.7416e-06
3.731e-06
3.7205e-06
3.7101e-06
3.6996e-06
3.6892e-06
3.6788e-06
3.6684e-06
3.658e-06
3.6477e-06
3.6374e-06
3.6271e-06
3.6168e-06
3.6066e-06
3.5963e-06
3.5861e-06
3.5759e-06
3.5658e-06
3.5556e-06
3.5455e-06
3.5354e-06
3.5254e-06
3.5153e-06
3.5053e-06
3.4953e-06
3.4853e-06
3.4754e-06
3.4654e-06
3.4555e-06
3.4456e-06
3.4358e-06
3.4259e-06
3.4161e-06
3.4063e-06
3.3965e-06
3.3868e-06
3.377e-06
3.3673e-06
3.3576e-06
3.348e-06
3.3383e-06
3.3287e-06
3.3191e-06
3.3095e-06
3.2999e-06
3.2904e-06
3.2809e-06
3.2714e-06
3.2619e-06
3.2525e-06
3.243e-06
3.2336e-06
3.2243e-06
3.2149e-06
3.2055e-06
3.1962e-06
3.1869e-06
3.1776e-06
3.1684e-06
3.1592e-06
3.1499e-06
3.1408e-06
3.1316e-06
3.1224e-06
3.1133e-06
3.1042e-06
3.0951e-06
3.086e-06
3.077e-06
3.068e-06
3.059e-06
3.05e-06
3.041e-06
3.0321e-06
3.0232e-06
3.0143e-06
3.0054e-06
2.9965e-06
2.9877e-06
2.9789e-06
2.9701e-06
2.9613e-06
2.9526e-06
2.9439e-06
2.9351e-06
2.9265e-06
2.9178e-06
2.9091e-06
2.9005e-06
2.8919e-06
2.8833e-06
2.8747e-06
2.8662e-06
2.8577e-06
2.8492e-06
2.8407e-06
2.8322e-06
2.8238e-06
2.8154e-06
2.8069e-06
2.7986e-06
2.7902e-06
2.7819e-06
2.7735e-06
2.7652e-06
2.7569e-06
2.7487e-06
2.7404e-06
2.7322e-06
2.724e-06
2.7158e-06
2.7077e-06
2.6995e-06
2.6914e-06
2.6833e-06
2.6752e-06
2.6671e-06
2.6591e-06
2.6511e-06
2.6431e-06
2.6351e-06
2.6271e-06
2.6191e-06
2.6112e-06
2.6033e-06
2.5954e-06
2.5875e-06
2.5797e-06
2.5719e-06
2.5641e-06
2.5563e-06
2.5485e-06
2.5407e-06
2.533e-06
2.5253e-06
2.5176e-06
2.5099e-06
2.5022e-06
2.4946e-06
2.487e-06
2.4794e-06
2.4718e-06
2.4642e-06
2.4567e-06
2.4491e-06
2.4416e-06
2.4341e-06
2.4267e-06
2.4192e-06
2.4118e-06
2.4044e-06
2.397e-06
2.3896e-06
2.3822e-06
2.3749e-06
2.3676e-06
2.3603e-06
2.353e-06
2.3457e-06
2.3385e-06
2.3312e-06
2.324e-06
2.3168e-06
2.3096e-06
2.3025e-06
2.2953e-06
2.2882e-06
2.2811e-06
2.274e-06
2.267e-06
2.2599e-06
2.2529e-06
2.2459e-06
2.2389e-06
2.2319e-06
2.2249e-06
2.218e-06
2.2111e-06
2.2041e-06
2.1973e-06
2.1904e-06
2.1835e-06
2.1767e-06
2.1699e-06
2.1631e-06
2.1563e-06
2.1495e-06
2.1428e-06
2.136e-06
2.1293e-06
2.1226e-06
2.1159e-06
2.1093e-06
2.1026e-06
2.096e-06
2.0894e-06
2.0828e-06
2.0762e-06
2.0697e-06
2.0631e-06
2.0566e-06
2.0501e-06
2.0436e-06
2.0371e-06
2.0307e-06
2.0242e-06
2.0178e-06
2.0114e-06
2.005e-06
1.9986e-06
1.9923e-06
1.9859e-06
1.9796e-06
1.9733e-06
1.967e-06
1.9607e-06
1.9545e-06
1.9482e-06
1.942e-06
1.9358e-06
1.9296e-06
1.9234e-06
1.9173e-06
1.9111e-06
1.905e-06
1.8989e-06
1.8928e-06
1.8867e-06
1.8807e-06
1.8746e-06
1.8686e-06
1.8626e-06
1.8566e-06
1.8506e-06
1.8447e-06
1.8387e-06
1.8328e-06
1.8269e-06
1.821e-06
1.8151e-06
1.8092e-06
1.8034e-06
1.7975e-06
1.7917e-06
1.7859e-06
1.7801e-06
1.7743e-06
1.7686e-06
1.7628e-06
1.7571e-06
1.7514e-06
1.7457e-06
1.74e-06
1.7343e-06
1.7287e-06
1.7231e-06
1.7174e-06
1.7118e-06
1.7062e-06
1.7007e-06
1.6951e-06
1.6896e-06
1.684e-06
1.6785e-06
1.673e-06
1.6675e-06
1.6621e-06
1.6566e-06
1.6512e-06
1.6458e-06
1.6404e-06
1.635e-06
1.6296e-06
1.6242e-06
1.6189e-06
1.6135e-06
1.6082e-06
1.6029e-06
1.5976e-06
1.5923e-06
1.5871e-06
1.5818e-06
1.5766e-06
1.5714e-06
1.5662e-06
1.561e-06
1.5558e-06
1.5507e-06
1.5455e-06
1.5404e-06
1.5353e-06
1.5302e-06
1.5251e-06
1.52e-06
1.515e-06
1.5099e-06
1.5049e-06
1.4999e-06
1.4949e-06
1.4899e-06
1.4849e-06
1.4799e-06
1.475e-06
1.4701e-06
1.4651e-06
1.4602e-06
1.4553e-06
1.4505e-06
1.4456e-06
1.4408e-06
1.4359e-06
1.4311e-06
1.4263e-06
1.4215e-06
1.4167e-06
1.4119e-06
1.4072e-06
1.4024e-06
1.3977e-06
1.393e-06
1.3883e-06
1.3836e-06
1.3789e-06
1.3743e-06
1.3696e-06
1.365e-06
1.3604e-06
1.3558e-06
1.3512e-06
1.3466e-06
1.342e-06
1.3375e-06
1.3329e-06
1.3284e-06
1.3239e-06
1.3194e-06
1.3149e-06
1.3104e-06
1.306e-06
1.3015e-06
1.2971e-06
1.2927e-06
1.2882e-06
1.2838e-06
1.2795e-06
1.2751e-06
1.2707e-06
1.2664e-06
1.262e-06
1.2577e-06
1.2534e-06
1.2491e-06
1.2448e-06
1.2406e-06
1.2363e-06
1.2321e-06
1.2278e-06
1.2236e-06
1.2194e-06
1.2152e-06
1.211e-06
1.2068e-06
1.2027e-06
1.1985e-06
1.1944e-06
1.1903e-06
1.1861e-06
1.182e-06
1.178e-06
1.1739e-06
1.1698e-06
1.1658e-06
1.1617e-06
1.1577e-06
1.1537e-06
1.1497e-06
1.1457e-06
1.1417e-06
1.1377e-06
1.1338e-06
1.1298e-06
1.1259e-06
1.122e-06
1.1181e-06
1.1142e-06
1.1103e-06
1.1064e-06
1.1025e-06
1.0987e-06
1.0948e-06
1.091e-06
1.0872e-06
1.0834e-06
1.0796e-06
1.0758e-06
1.072e-06
1.0683e-06
1.0645e-06
1.0608e-06
1.0571e-06
1.0534e-06
1.0497e-06
1.046e-06
1.0423e-06
1.0386e-06
1.0349e-06
1.0313e-06
1.0277e-06
1.024e-06
1.0204e-06
1.0168e-06
1.0132e-06
1.0096e-06
1.0061e-06
1.0025e-06
9.9896e-07
9.9542e-07
9.9189e-07
9.8837e-07
9.8486e-07
9.8137e-07
9.7788e-07
9.7441e-07
9.7094e-07
9.6749e-07
9.6405e-07
9.6061e-07
9.5719e-07
9.5378e-07
9.5038e-07
9.4699e-07
9.4361e-07
9.4024e-07
9.3688e-07
9.3353e-07
9.3019e-07
9.2686e-07
9.2354e-07
9.2024e-07
9.1694e-07
9.1365e-07
9.1037e-07
9.0711e-07
9.0385e-07
9.006e-07
8.9737e-07
8.9414e-07
8.9092e-07
8.8772e-07
8.8452e-07
8.8133e-07
8.7816e-07
8.7499e-07
8.7183e-07
8.6869e-07
8.6555e-07
8.6242e-07
8.593e-07
8.5619e-07
8.531e-07
8.5001e-07
8.4693e-07
8.4386e-07
8.408e-07
8.3775e-07
8.3471e-07
8.3168e-07
8.2866e-07
8.2565e-07
8.2264e-07
8.1965e-07
8.1667e-07
8.1369e-07
8.1073e-07
8.0777e-07
8.0483e-07
8.0189e-07
7.9897e-07
7.9605e-07
7.9314e-07
7.9024e-07
7.8735e-07
7.8447e-07
7.816e-07
7.7873e-07
7.7588e-07
7.7304e-07
7.702e-07
7.6737e-07
7.6456e-07
7.6175e-07
7.5895e-07
7.5616e-07
7.5338e-07
7.506e-07
7.4784e-07
7.4509e-07
7.4234e-07
7.396e-07
7.3687e-07
7.3416e-07
7.3144e-07
7.2874e-07
7.2605e-07
7.2336e-07
7.2069e-07
7.1802e-07
7.1536e-07
7.1271e-07
7.1007e-07
7.0744e-07
7.0481e-07
7.022e-07
6.9959e-07
6.9699e-07
6.944e-07
6.9182e-07
6.8924e-07
6.8668e-07
6.8412e-07
6.8157e-07
6.7903e-07
6.765e-07
6.7397e-07
6.7146e-07
6.6895e-07
6.6645e-07
6.6396e-07
6.6147e-07
6.59e-07
6.5653e-07
6.5407e-07
6.5162e-07
6.4918e-07
6.4675e-07
6.4432e-07
6.419e-07
6.3949e-07
6.3709e-07
6.3469e-07
6.323e-07
6.2992e-07
6.2755e-07
6.2519e-07
6.2283e-07
6.2049e-07
6.1815e-07
6.1581e-07
6.1349e-07
6.1117e-07
6.0886e-07
6.0656e-07
6.0427e-07
6.0198e-07
5.997e-07
5.9743e-07
5.9517e-07
5.9291e-07
5.9066e-07
5.8842e-07
5.8619e-07
5.8396e-07
5.8174e-07
5.7953e-07
5.7732e-07
5.7513e-07
5.7294e-07
5.7076e-07
5.6858e-07
5.6641e-07
5.6425e-07
5.621e-07
5.5995e-07
5.5782e-07
5.5569e-07
5.5356e-07
5.5144e-07
5.4933e-07
5.4723e-07
5.4514e-07
5.4305e-07
5.4097e-07
5.3889e-07
5.3682e-07
5.3476e-07
5.3271e-07
5.3066e-07
5.2862e-07
5.2659e-07
5.2456e-07
5.2254e-07
5.2053e-07
5.1853e-07
5.1653e-07
5.1454e-07
5.1255e-07
5.1057e-07
5.086e-07
5.0664e-07
5.0468e-07
5.0273e-07
5.0078e-07
4.9884e-07
4.9691e-07
4.9499e-07
4.9307e-07
4.9116e-07
4.8925e-07
4.8735e-07
4.8546e-07
4.8358e-07
4.817e-07
4.7983e-07
4.7796e-07
4.761e-07
4.7425e-07
4.724e-07
4.7056e-07
4.6872e-07
4.669e-07
4.6507e-07
4.6326e-07
4.6145e-07
4.5965e-07
4.5785e-07
4.5606e-07
4.5427e-07
4.525e-07
4.5072e-07
4.4896e-07
4.472e-07
4.4545e-07
4.437e-07
4.4196e-07
4.4022e-07
4.3849e-07
4.3677e-07
4.3505e-07
4.3334e-07
4.3164e-07
4.2994e-07
4.2824e-07
4.2656e-07
4.2487e-07
4.232e-07
4.2153e-07
4.1986e-07
4.1821e-07
4.1655e-07
4.1491e-07
4.1327e-07
4.1163e-07
4.1e-07
4.0838e-07
4.0676e-07
4.0515e-07
4.0354e-07
4.0194e-07
4.0035e-07
3.9876e-07
3.9717e-07
3.9559e-07
3.9402e-07
3.9245e-07
3.9089e-07
3.8934e-07
3.8779e-07
3.8624e-07
3.847e-07
3.8317e-07
3.8164e-07
3.8012e-07
3.786e-07
3.7708e-07
3.7558e-07
3.7408e-07
3.7258e-07
3.7109e-07
3.696e-07
3.6812e-07
3.6665e-07
3.6518e-07
3.6371e-07
3.6225e-07
3.608e-07
3.5935e-07
3.5791e-07
3.5647e-07
3.5503e-07
3.5361e-07
3.5218e-07
3.5076e-07
3.4935e-07
3.4794e-07
3.4654e-07
3.4514e-07
3.4375e-07
3.4236e-07
3.4098e-07
3.396e-07
3.3823e-07
3.3686e-07
3.355e-07
3.3414e-07
3.3279e-07
3.3144e-07
3.301e-07
3.2876e-07
3.2742e-07
3.2609e-07
3.2477e-07
3.2345e-07
3.2214e-07
3.2083e-07
3.1952e-07
3.1822e-07
3.1693e-07
3.1564e-07
3.1435e-07
3.1307e-07
3.1179e-07
3.1052e-07
3.0925e-07
3.0799e-07
3.0673e-07
3.0548e-07
3.0423e-07
3.0299e-07
3.0175e-07
3.0051e-07
2.9928e-07
2.9805e-07
2.9683e-07
2.9562e-07
2.944e-07
2.9319e-07
2.9199e-07
2.9079e-07
2.896e-07
2.8841e-07
2.8722e-07
2.8604e-07
2.8486e-07
2.8369e-07
2.8252e-07
2.8135e-07
2.8019e-07
2.7904e-07
2.7789e-07
2.7674e-07
2.756e-07
2.7446e-07
2.7332e-07
2.7219e-07
2.7107e-07
2.6994e-07
2.6883e-07
2.6771e-07
2.666e-07
2.655e-07
2.644e-07
2.633e-07
2.6221e-07
2.6112e-07
2.6003e-07
2.5895e-07
2.5788e-07
2.568e-07
2.5573e-07
2.5467e-07
2.5361e-07
2.5255e-07
2.515e-07
2.5045e-07
2.494e-07
2.4836e-07
2.4733e-07
2.4629e-07
2.4526e-07
2.4424e-07
2.4322e-07
2.422e-07
2.4118e-07
2.4017e-07
2.3917e-07
2.3817e-07
2.3717e-07
2.3617e-07
2.3518e-07
2.3419e-07
2.3321e-07
2.3223e-07
2.3125e-07
2.3028e-07
2.2931e-07
2.2835e-07
2.2738e-07
2.2643e-07
2.2547e-07
2.2452e-07
2.2357e-07
2.2263e-07
2.2169e-07
2.2075e-07
2.1982e-07
2.1889e-07
2.1797e-07
2.1704e-07
2.1613e-07
2.1521e-07
2.143e-07
2.1339e-07
2.1249e-07
2.1159e-07
2.1069e-07
2.0979e-07
2.089e-07
2.0801e-07
2.0713e-07
2.0625e-07
2.0537e-07
2.045e-07
2.0363e-07
2.0276e-07
2.019e-07
2.0104e-07
2.0018e-07
1.9933e-07
1.9847e-07
1.9763e-07
1.9678e-07
1.9594e-07
1.9511e-07
1.9427e-07
1.9344e-07
1.9261e-07
1.9179e-07
1.9097e-07
1.9015e-07
1.8933e-07
1.8852e-07
1.8771e-07
1.8691e-07
1.861e-07
1.853e-07
1.8451e-07
1.8371e-07
1.8292e-07
1.8214e-07
1.8135e-07
1.8057e-07
1.7979e-07
1.7902e-07
1.7825e-07
1.7748e-07
1.7671e-07
1.7595e-07
1.7519e-07
1.7443e-07
1.7368e-07
1.7293e-07
1.7218e-07
1.7144e-07
1.7069e-07
1.6995e-07
1.6922e-07
1.6848e-07
1.6775e-07
1.6703e-07
1.663e-07
1.6558e-07
1.6486e-07
1.6414e-07
1.6343e-07
1.6272e-07
1.6201e-07
1.6131e-07
1.606e-07
1.5991e-07
1.5921e-07
1.5851e-07
1.5782e-07
1.5713e-07
1.5645e-07
1.5577e-07
1.5509e-07
1.5441e-07
1.5373e-07
1.5306e-07
1.5239e-07
1.5172e-07
1.5106e-07
1.504e-07
1.4974e-07
1.4908e-07
1.4843e-07
1.4778e-07
1.4713e-07
1.4648e-07
1.4584e-07
1.452e-07
1.4456e-07
1.4393e-07
1.4329e-07
1.4266e-07
1.4203e-07
1.4141e-07
1.4078e-07
1.4016e-07
1.3955e-07
1.3893e-07
1.3832e-07
1.3771e-07
1.371e-07
1.3649e-07
1.3589e-07
1.3529e-07
1.3469e-07
1.3409e-07
1.335e-07
1.3291e-07
1.3232e-07
1.3173e-07
1.3115e-07
1.3057e-07
1.2999e-07
1.2941e-07
1.2884e-07
1.2826e-07
1.2769e-07
1.2713e-07
1.2656e-07
1.26e-07
1.2544e-07
1.2488e-07
1.2432e-07
1.2377e-07
1.2321e-07
1.2266e-07
1.2212e-07
1.2157e-07
1.2103e-07
1.2049e-07
1.1995e-07
1.1941e-07
1.1888e-07
1.1835e-07
1.1782e-07
1.1729e-07
1.1676e-07
1.1624e-07
1.1572e-07
1.152e-07
1.1468e-07
1.1417e-07
1.1366e-07
1.1315e-07
1.1264e-07
1.1213e-07
1.1163e-07
1.1112e-07
1.1062e-07
1.1013e-07
1.0963e-07
1.0914e-07
1.0864e-07
1.0815e-07
1.0767e-07
1.0718e-07
1.067e-07
1.0621e-07
1.0573e-07
1.0526e-07
1.0478e-07
1.0431e-07
1.0383e-07
1.0336e-07
1.029e-07
1.0243e-07
1.0197e-07
1.015e-07
1.0104e-07
1.0058e-07
1.0013e-07
9.9672e-08
9.9219e-08
9.8769e-08
9.8319e-08
9.7872e-08
9.7427e-08
9.6983e-08
9.6542e-08
9.6102e-08
9.5664e-08
9.5228e-08
9.4793e-08
9.4361e-08
9.393e-08
9.3501e-08
9.3074e-08
9.2649e-08
9.2225e-08
9.1803e-08
9.1383e-08
9.0965e-08
9.0549e-08
9.0134e-08
8.9721e-08
8.931e-08
8.89e-08
8.8492e-08
8.8086e-08
8.7682e-08
8.7279e-08
8.6878e-08
8.6479e-08
8.6081e-08
8.5685e-08
8.5291e-08
8.4898e-08
8.4507e-08
8.4118e-08
8.373e-08
8.3344e-08
8.296e-08
8.2577e-08
8.2196e-08
8.1817e-08
8.1439e-08
8.1062e-08
8.0688e-08
8.0315e-08
7.9943e-08
7.9573e-08
7.9205e-08
7.8838e-08
7.8473e-08
7.8109e-08
7.7747e-08
7.7386e-08
7.7027e-08
7.6669e-08
7.6313e-08
7.5959e-08
7.5606e-08
7.5254e-08
7.4904e-08
7.4556e-08
7.4209e-08
7.3863e-08
7.3519e-08
7.3177e-08
7.2836e-08
7.2496e-08
7.2158e-08
7.1821e-08
7.1486e-08
7.1152e-08
7.082e-08
7.0489e-08
7.0159e-08
6.9831e-08
6.9504e-08
6.9179e-08
6.8855e-08
6.8533e-08
6.8211e-08
6.7892e-08
6.7573e-08
6.7256e-08
6.6941e-08
6.6626e-08
6.6314e-08
6.6002e-08
6.5692e-08
6.5383e-08
6.5075e-08
6.4769e-08
6.4464e-08
6.4161e-08
6.3859e-08
6.3558e-08
6.3258e-08
6.296e-08
6.2663e-08
6.2367e-08
6.2073e-08
6.178e-08
6.1488e-08
6.1197e-08
6.0908e-08
6.062e-08
6.0333e-08
6.0047e-08
5.9763e-08
5.948e-08
5.9198e-08
5.8917e-08
5.8638e-08
5.836e-08
5.8083e-08
5.7807e-08
5.7533e-08
5.7259e-08
5.6987e-08
5.6716e-08
5.6446e-08
5.6178e-08
5.591e-08
5.5644e-08
5.5379e-08
5.5115e-08
5.4853e-08
5.4591e-08
5.4331e-08
5.4071e-08
5.3813e-08
5.3556e-08
5.33e-08
5.3046e-08
5.2792e-08
5.254e-08
5.2288e-08
5.2038e-08
5.1789e-08
5.1541e-08
5.1294e-08
5.1048e-08
5.0803e-08
5.056e-08
5.0317e-08
5.0076e-08
4.9835e-08
4.9596e-08
4.9357e-08
4.912e-08
4.8884e-08
4.8649e-08
4.8415e-08
4.8182e-08
4.795e-08
4.7719e-08
4.7489e-08
4.726e-08
4.7032e-08
4.6805e-08
4.6579e-08
4.6354e-08
4.613e-08
4.5907e-08
4.5685e-08
4.5464e-08
4.5245e-08
4.5026e-08
4.4808e-08
4.4591e-08
4.4375e-08
4.416e-08
4.3946e-08
4.3733e-08
4.352e-08
4.3309e-08
4.3099e-08
4.289e-08
4.2681e-08
4.2474e-08
4.2267e-08
4.2062e-08
4.1857e-08
4.1653e-08
4.1451e-08
4.1249e-08
4.1048e-08
4.0848e-08
4.0649e-08
4.045e-08
4.0253e-08
4.0057e-08
3.9861e-08
3.9666e-08
3.9472e-08
3.928e-08
3.9087e-08
3.8896e-08
3.8706e-08
3.8516e-08
3.8328e-08
3.814e-08
3.7953e-08
3.7767e-08
3.7582e-08
3.7398e-08
3.7214e-08
3.7031e-08
3.685e-08
3.6669e-08
3.6488e-08
3.6309e-08
3.613e-08
3.5953e-08
3.5776e-08
3.56e-08
3.5424e-08
3.525e-08
3.5076e-08
3.4903e-08
3.4731e-08
3.456e-08
3.4389e-08
3.4219e-08
3.405e-08
3.3882e-08
3.3715e-08
3.3548e-08
3.3382e-08
3.3217e-08
3.3052e-08
3.2889e-08
3.2726e-08
3.2564e-08
3.2402e-08
3.2242e-08
3.2082e-08
3.1923e-08
3.1764e-08
3.1606e-08
3.1449e-08
3.1293e-08
3.1138e-08
3.0983e-08
3.0829e-08
3.0675e-08
3.0523e-08
3.0371e-08
3.0219e-08
3.0069e-08
2.9919e-08
2.977e-08
2.9621e-08
2.9473e-08
2.9326e-08
2.918e-08
2.9034e-08
2.8889e-08
2.8745e-08
2.8601e-08
2.8458e-08
2.8316e-08
2.8174e-08
2.8033e-08
2.7892e-08
2.7753e-08
2.7613e-08
2.7475e-08
2.7337e-08
2.72e-08
2.7063e-08
2.6928e-08
2.6792e-08
2.6658e-08
2.6524e-08
2.639e-08
2.6258e-08
2.6125e-08
2.5994e-08
2.5863e-08
2.5733e-08
2.5603e-08
2.5474e-08
2.5346e-08
2.5218e-08
2.509e-08
2.4964e-08
2.4838e-08
2.4712e-08
2.4587e-08
2.4463e-08
2.4339e-08
2.4216e-08
2.4094e-08
2.3972e-08
2.385e-08
2.373e-08
2.3609e-08
2.349e-08
2.3371e-08
2.3252e-08
2.3134e-08
2.3017e-08
2.29e-08
2.2783e-08
2.2668e-08
2.2553e-08
2.2438e-08
2.2324e-08
2.221e-08
2.2097e-08
2.1985e-08
2.1873e-08
2.1761e-08
2.165e-08
2.154e-08
2.143e-08
2.1321e-08
2.1212e-08
2.1104e-08
2.0996e-08
2.0888e-08
2.0782e-08
2.0675e-08
2.057e-08
2.0464e-08
2.036e-08
2.0256e-08
2.0152e-08
2.0049e-08
1.9946e-08
1.9844e-08
1.9742e-08
1.964e-08
1.954e-08
1.9439e-08
1.934e-08
1.924e-08
1.9141e-08
1.9043e-08
1.8945e-08
1.8848e-08
1.8751e-08
1.8654e-08
1.8558e-08
1.8462e-08
1.8367e-08
1.8273e-08
1.8178e-08
1.8085e-08
1.7991e-08
1.7898e-08
1.7806e-08
1.7714e-08
1.7622e-08
1.7531e-08
1.7441e-08
1.735e-08
1.7261e-08
1.7171e-08
1.7082e-08
1.6994e-08
1.6906e-08
1.6818e-08
1.6731e-08
1.6644e-08
1.6558e-08
1.6472e-08
1.6387e-08
1.6301e-08
1.6217e-08
1.6132e-08
1.6049e-08
1.5965e-08
1.5882e-08
1.5799e-08
1.5717e-08
1.5635e-08
1.5554e-08
1.5473e-08
1.5392e-08
1.5312e-08
1.5232e-08
1.5153e-08
1.5073e-08
1.4995e-08
1.4916e-08
1.4838e-08
1.4761e-08
1.4684e-08
1.4607e-08
1.453e-08
1.4454e-08
1.4379e-08
1.4303e-08
1.4229e-08
1.4154e-08
1.408e-08
1.4006e-08
1.3932e-08
1.3859e-08
1.3787e-08
1.3714e-08
1.3642e-08
1.357e-08
1.3499e-08
1.3428e-08
1.3357e-08
1.3287e-08
1.3217e-08
1.3148e-08
1.3078e-08
1.3009e-08
1.2941e-08
1.2873e-08
1.2805e-08
1.2737e-08
1.267e-08
1.2603e-08
1.2537e-08
1.247e-08
1.2404e-08
1.2339e-08
1.2274e-08
1.2209e-08
1.2144e-08
1.208e-08
1.2016e-08
1.1952e-08
1.1889e-08
1.1826e-08
1.1763e-08
1.1701e-08
1.1639e-08
1.1577e-08
1.1515e-08
1.1454e-08
1.1393e-08
1.1333e-08
1.1273e-08
1.1213e-08
1.1153e-08
1.1094e-08
1.1035e-08
1.0976e-08
1.0917e-08
1.0859e-08
1.0801e-08
1.0744e-08
1.0686e-08
1.0629e-08
1.0573e-08
1.0516e-08
1.046e-08
1.0404e-08
1.0348e-08
1.0293e-08
1.0238e-08
1.0183e-08
1.0129e-08
1.0075e-08
1.0021e-08
9.967e-09
9.9136e-09
9.8605e-09
9.8076e-09
9.755e-09
9.7026e-09
9.6506e-09
9.5987e-09
9.5472e-09
9.4959e-09
9.4449e-09
9.3941e-09
9.3436e-09
9.2933e-09
9.2433e-09
9.1935e-09
9.144e-09
9.0948e-09
9.0458e-09
8.997e-09
8.9485e-09
8.9002e-09
8.8522e-09
8.8044e-09
8.7569e-09
8.7096e-09
8.6625e-09
8.6157e-09
8.5691e-09
8.5228e-09
8.4767e-09
8.4308e-09
8.3852e-09
8.3398e-09
8.2946e-09
8.2497e-09
8.205e-09
8.1605e-09
8.1162e-09
8.0722e-09
8.0284e-09
7.9848e-09
7.9414e-09
7.8983e-09
7.8554e-09
7.8127e-09
7.7702e-09
7.7279e-09
7.6859e-09
7.644e-09
7.6024e-09
7.561e-09
7.5198e-09
7.4788e-09
7.4381e-09
7.3975e-09
7.3572e-09
7.317e-09
7.2771e-09
7.2373e-09
7.1978e-09
7.1585e-09
7.1193e-09
7.0804e-09
7.0417e-09
7.0032e-09
6.9648e-09
6.9267e-09
6.8888e-09
6.851e-09
6.8135e-09
6.7762e-09
6.739e-09
6.702e-09
6.6653e-09
6.6287e-09
6.5923e-09
6.5561e-09
6.5201e-09
6.4842e-09
6.4486e-09
6.4131e-09
6.3779e-09
6.3428e-09
6.3078e-09
6.2731e-09
6.2386e-09
6.2042e-09
6.17e-09
6.136e-09
6.1021e-09
6.0685e-09
6.035e-09
6.0017e-09
5.9685e-09
5.9356e-09
5.9028e-09
5.8701e-09
5.8377e-09
5.8054e-09
5.7733e-09
5.7413e-09
5.7096e-09
5.6779e-09
5.6465e-09
5.6152e-09
5.5841e-09
5.5531e-09
5.5223e-09
5.4917e-09
5.4612e-09
5.4309e-09
5.4007e-09
5.3707e-09
5.3409e-09
5.3112e-09
5.2816e-09
5.2523e-09
5.223e-09
5.194e-09
5.1651e-09
5.1363e-09
5.1077e-09
5.0792e-09
5.0509e-09
5.0227e-09
4.9947e-09
4.9668e-09
4.9391e-09
4.9115e-09
4.8841e-09
4.8568e-09
4.8297e-09
4.8027e-09
4.7758e-09
4.7491e-09
4.7225e-09
4.6961e-09
4.6698e-09
4.6437e-09
4.6176e-09
4.5918e-09
4.566e-09
4.5404e-09
4.5149e-09
4.4896e-09
4.4644e-09
4.4393e-09
4.4144e-09
4.3896e-09
4.3649e-09
4.3404e-09
4.316e-09
4.2917e-09
4.2675e-09
4.2435e-09
4.2196e-09
4.1959e-09
4.1722e-09
4.1487e-09
4.1253e-09
4.1021e-09
4.0789e-09
4.0559e-09
4.033e-09
4.0102e-09
3.9876e-09
3.9651e-09
3.9426e-09
3.9204e-09
3.8982e-09
3.8761e-09
3.8542e-09
3.8324e-09
3.8107e-09
3.7891e-09
3.7676e-09
3.7463e-09
3.725e-09
3.7039e-09
3.6829e-09
3.662e-09
3.6412e-09
3.6205e-09
3.6e-09
3.5795e-09
3.5592e-09
3.5389e-09
3.5188e-09
3.4988e-09
3.4789e-09
3.4591e-09
3.4394e-09
3.4198e-09
3.4003e-09
3.3809e-09
3.3617e-09
3.3425e-09
3.3234e-09
3.3045e-09
3.2856e-09
3.2668e-09
3.2482e-09
3.2296e-09
3.2112e-09
3.1928e-09
3.1745e-09
3.1564e-09
3.1383e-09
3.1204e-09
3.1025e-09
3.0847e-09
3.0671e-09
3.0495e-09
3.032e-09
3.0146e-09
2.9973e-09
2.9801e-09
2.963e-09
2.946e-09
2.9291e-09
2.9123e-09
2.8955e-09
2.8789e-09
2.8623e-09
2.8459e-09
2.8295e-09
2.8132e-09
2.797e-09
2.7809e-09
2.7649e-09
2.7489e-09
2.7331e-09
2.7173e-09
2.7017e-09
2.6861e-09
2.6706e-09
2.6552e-09
2.6398e-09
2.6246e-09
2.6094e-09
2.5943e-09
2.5793e-09
2.5644e-09
2.5496e-09
2.5348e-09
2.5202e-09
2.5056e-09
2.4911e-09
2.4766e-09
2.4623e-09
2.448e-09
2.4338e-09
2.4197e-09
2.4056e-09
2.3917e-09
2.3778e-09
2.364e-09
2.3502e-09
2.3366e-09
2.323e-09
2.3095e-09
2.2961e-09
2.2827e-09
2.2694e-09
2.2562e-09
2.2431e-09
2.23e-09
2.217e-09
2.2041e-09
2.1912e-09
2.1784e-09
2.1657e-09
2.1531e-09
2.1405e-09
2.128e-09
2.1156e-09
2.1032e-09
2.0909e-09
2.0787e-09
2.0666e-09
2.0545e-09
2.0424e-09
2.0305e-09
2.0186e-09
2.0068e-09
1.995e-09
1.9833e-09
1.9717e-09
1.9601e-09
1.9486e-09
1.9372e-09
1.9258e-09
1.9145e-09
1.9033e-09
1.8921e-09
1.881e-09
1.8699e-09
1.8589e-09
1.848e-09
1.8371e-09
1.8263e-09
1.8156e-09
1.8049e-09
1.7942e-09
1.7837e-09
1.7732e-09
1.7627e-09
1.7523e-09
1.742e-09
1.7317e-09
1.7215e-09
1.7113e-09
1.7012e-09
1.6911e-09
1.6811e-09
1.6712e-09
1.6613e-09
1.6515e-09
1.6417e-09
1.632e-09
1.6223e-09
1.6127e-09
1.6032e-09
1.5937e-09
1.5842e-09
1.5748e-09
1.5655e-09
1.5562e-09
1.547e-09
1.5378e-09
1.5287e-09
1.5196e-09
1.5106e-09
1.5016e-09
1.4927e-09
1.4838e-09
1.475e-09
1.4662e-09
1.4575e-09
1.4488e-09
1.4401e-09
1.4316e-09
1.423e-09
1.4146e-09
1.4061e-09
1.3977e-09
1.3894e-09
1.3811e-09
1.3729e-09
1.3647e-09
1.3565e-09
1.3484e-09
1.3403e-09
1.3323e-09
1.3244e-09
1.3164e-09
1.3086e-09
1.3007e-09
1.2929e-09
1.2852e-09
1.2775e-09
1.2699e-09
1.2622e-09
1.2547e-09
1.2471e-09
1.2397e-09
1.2322e-09
1.2248e-09
1.2175e-09
1.2102e-09
1.2029e-09
1.1957e-09
1.1885e-09
1.1813e-09
1.1742e-09
1.1672e-09
1.1601e-09
1.1531e-09
1.1462e-09
1.1393e-09
1.1324e-09
1.1256e-09
1.1188e-09
1.1121e-09
1.1054e-09
1.0987e-09
1.0921e-09
1.0855e-09
1.0789e-09
1.0724e-09
1.0659e-09
1.0595e-09
1.0531e-09
1.0467e-09
1.0404e-09
1.0341e-09
1.0278e-09
1.0216e-09
1.0154e-09
1.0092e-09
1.0031e-09
9.9704e-10
9.91e-10
9.8499e-10
9.7901e-10
9.7307e-10
9.6716e-10
9.6129e-10
9.5545e-10
9.4964e-10
9.4387e-10
9.3813e-10
9.3242e-10
9.2675e-10
9.2111e-10
9.1551e-10
9.0993e-10
9.0439e-10
8.9888e-10
8.934e-10
8.8796e-10
8.8254e-10
8.7716e-10
8.7181e-10
8.6649e-10
8.612e-10
8.5594e-10
8.5071e-10
8.4551e-10
8.4035e-10
8.3521e-10
8.301e-10
8.2502e-10
8.1998e-10
8.1496e-10
8.0997e-10
8.0501e-10
8.0008e-10
7.9517e-10
7.903e-10
7.8545e-10
7.8064e-10
7.7585e-10
7.7109e-10
7.6636e-10
7.6165e-10
7.5697e-10
7.5232e-10
7.477e-10
7.431e-10
7.3854e-10
7.3399e-10
7.2948e-10
7.2499e-10
7.2053e-10
7.1609e-10
7.1168e-10
7.073e-10
7.0294e-10
6.986e-10
6.943e-10
6.9001e-10
6.8576e-10
6.8153e-10
6.7732e-10
6.7314e-10
6.6898e-10
6.6485e-10
6.6074e-10
6.5665e-10
6.5259e-10
6.4856e-10
6.4454e-10
6.4055e-10
6.3659e-10
6.3265e-10
6.2873e-10
6.2483e-10
6.2096e-10
6.1711e-10
6.1328e-10
6.0948e-10
6.057e-10
6.0194e-10
5.982e-10
5.9449e-10
5.908e-10
5.8713e-10
5.8348e-10
5.7985e-10
5.7624e-10
5.7266e-10
5.691e-10
5.6555e-10
5.6203e-10
5.5853e-10
5.5505e-10
5.516e-10
5.4816e-10
5.4474e-10
5.4134e-10
5.3797e-10
5.3461e-10
5.3127e-10
5.2796e-10
5.2466e-10
5.2138e-10
5.1813e-10
5.1489e-10
5.1167e-10
5.0847e-10
5.0529e-10
5.0213e-10
4.9898e-10
4.9586e-10
4.9276e-10
4.8967e-10
4.866e-10
4.8355e-10
4.8052e-10
4.7751e-10
4.7451e-10
4.7153e-10
4.6857e-10
4.6563e-10
4.6271e-10
4.598e-10
4.5691e-10
4.5404e-10
4.5119e-10
4.4835e-10
4.4553e-10
4.4273e-10
4.3994e-10
4.3717e-10
4.3442e-10
4.3168e-10
4.2896e-10
4.2626e-10
4.2357e-10
4.209e-10
4.1825e-10
4.1561e-10
4.1299e-10
4.1038e-10
4.0779e-10
4.0521e-10
4.0265e-10
4.0011e-10
3.9758e-10
3.9506e-10
3.9256e-10
3.9008e-10
3.8761e-10
3.8516e-10
3.8272e-10
3.803e-10
3.7789e-10
3.7549e-10
3.7311e-10
3.7075e-10
3.684e-10
3.6606e-10
3.6374e-10
3.6143e-10
3.5913e-10
3.5685e-10
3.5458e-10
3.5233e-10
3.5009e-10
3.4787e-10
3.4565e-10
3.4346e-10
3.4127e-10
3.391e-10
3.3694e-10
3.3479e-10
3.3266e-10
3.3054e-10
3.2844e-10
3.2634e-10
3.2426e-10
3.2219e-10
3.2014e-10
3.1809e-10
3.1606e-10
3.1404e-10
3.1204e-10
3.1005e-10
3.0806e-10
3.061e-10
3.0414e-10
3.0219e-10
3.0026e-10
2.9834e-10
2.9643e-10
2.9453e-10
2.9264e-10
2.9077e-10
2.8891e-10
2.8706e-10
2.8522e-10
2.8339e-10
2.8157e-10
2.7976e-10
2.7797e-10
2.7618e-10
2.7441e-10
2.7265e-10
2.709e-10
2.6915e-10
2.6742e-10
2.657e-10
2.64e-10
2.623e-10
2.6061e-10
2.5893e-10
2.5727e-10
2.5561e-10
2.5396e-10
2.5233e-10
2.507e-10
2.4908e-10
2.4748e-10
2.4588e-10
2.443e-10
2.4272e-10
2.4115e-10
2.396e-10
2.3805e-10
2.3651e-10
2.3498e-10
2.3346e-10
2.3195e-10
2.3046e-10
2.2896e-10
2.2748e-10
2.2601e-10
2.2455e-10
2.2309e-10
2.2165e-10
2.2021e-10
2.1879e-10
2.1737e-10
2.1596e-10
2.1456e-10
2.1317e-10
2.1179e-10
2.1041e-10
2.0905e-10
2.0769e-10
2.0634e-10
2.05e-10
2.0367e-10
2.0234e-10
2.0103e-10
1.9972e-10
1.9842e-10
1.9713e-10
1.9585e-10
1.9457e-10
1.9331e-10
1.9205e-10
1.908e-10
1.8956e-10
1.8832e-10
1.8709e-10
1.8587e-10
1.8466e-10
1.8346e-10
1.8226e-10
1.8107e-10
1.7989e-10
1.7871e-10
1.7755e-10
1.7639e-10
1.7524e-10
1.7409e-10
1.7295e-10
1.7182e-10
1.707e-10
1.6958e-10
1.6847e-10
1.6737e-10
1.6628e-10
1.6519e-10
1.6411e-10
1.6303e-10
1.6196e-10
1.609e-10
1.5985e-10
1.588e-10
1.5776e-10
1.5672e-10
1.557e-10
1.5467e-10
1.5366e-10
1.5265e-10
1.5165e-10
1.5065e-10
1.4966e-10
1.4868e-10
1.477e-10
1.4673e-10
1.4577e-10
1.4481e-10
1.4386e-10
1.4291e-10
1.4197e-10
1.4104e-10
1.4011e-10
1.3919e-10
1.3827e-10
1.3736e-10
1.3646e-10
1.3556e-10
1.3467e-10
1.3378e-10
1.329e-10
1.3202e-10
1.3115e-10
1.3029e-10
1.2943e-10
1.2857e-10
1.2773e-10
1.2688e-10
1.2605e-10
1.2521e-10
1.2439e-10
1.2357e-10
1.2275e-10
1.2194e-10
1.2113e-10
1.2033e-10
1.1954e-10
1.1875e-10
1.1796e-10
1.1718e-10
1.1641e-10
1.1564e-10
1.1488e-10
1.1412e-10
1.1336e-10
1.1261e-10
1.1187e-10
1.1113e-10
1.1039e-10
1.0966e-10
1.0894e-10
1.0821e-10
1.075e-10
1.0679e-10
1.0608e-10
1.0538e-10
1.0468e-10
1.0399e-10
1.033e-10
1.0261e-10
1.0193e-10
1.0126e-10
1.0059e-10
9.9922e-11
9.926e-11
9.8602e-11
9.7949e-11
9.73e-11
9.6656e-11
9.6015e-11
9.5379e-11
9.4747e-11
9.4119e-11
9.3496e-11
9.2876e-11
9.2261e-11
9.165e-11
9.1043e-11
9.0439e-11
8.984e-11
8.9245e-11
8.8654e-11
8.8067e-11
8.7483e-11
8.6904e-11
8.6328e-11
8.5757e-11
8.5189e-11
8.4625e-11
8.4065e-11
8.3508e-11
8.2955e-11
8.2406e-11
8.1861e-11
8.1319e-11
8.0781e-11
8.0247e-11
7.9716e-11
7.9189e-11
7.8666e-11
7.8146e-11
7.763e-11
7.7117e-11
7.6607e-11
7.6101e-11
7.5599e-11
7.51e-11
7.4604e-11
7.4112e-11
7.3623e-11
7.3138e-11
7.2656e-11
7.2177e-11
7.1702e-11
7.123e-11
7.0761e-11
7.0295e-11
6.9833e-11
6.9374e-11
6.8918e-11
6.8465e-11
6.8016e-11
6.7569e-11
6.7126e-11
6.6686e-11
6.6249e-11
6.5815e-11
6.5384e-11
6.4956e-11
6.4531e-11
6.4109e-11
6.3691e-11
6.3275e-11
6.2862e-11
6.2452e-11
6.2045e-11
6.1641e-11
6.124e-11
6.0842e-11
6.0447e-11
6.0055e-11
5.9665e-11
5.9278e-11
5.8894e-11
5.8513e-11
5.8135e-11
5.776e-11
5.7387e-11
5.7017e-11
5.665e-11
5.6285e-11
5.5924e-11
5.5565e-11
5.5208e-11
5.4855e-11
5.4504e-11
5.4156e-11
5.381e-11
5.3467e-11
5.3126e-11
5.2789e-11
5.2453e-11
5.2121e-11
5.1791e-11
5.1463e-11
5.1138e-11
5.0816e-11
5.0496e-11
5.0179e-11
4.9864e-11
4.9552e-11
4.9242e-11
4.8934e-11
4.863e-11
4.8327e-11
4.8027e-11
4.773e-11
4.7434e-11
4.7142e-11
4.6851e-11
4.6564e-11
4.6278e-11
4.5995e-11
4.5714e-11
4.5436e-11
4.516e-11
4.4886e-11
4.4615e-11
4.4346e-11
4.4079e-11
4.3815e-11
4.3553e-11
4.3293e-11
4.3036e-11
4.278e-11
4.2528e-11
4.2277e-11
4.2029e-11
4.1783e-11
4.1539e-11
4.1297e-11
4.1058e-11
4.0821e-11
4.0586e-11
4.0353e-11
4.0123e-11
3.9895e-11
3.9669e-11
3.9445e-11
3.9223e-11
3.9004e-11
3.8787e-11
3.8572e-11
3.8359e-11
3.8148e-11
3.794e-11
3.7733e-11
3.7529e-11
3.7327e-11
3.7127e-11
3.693e-11
3.6734e-11
3.6541e-11
3.6349e-11
3.616e-11
3.5973e-11
3.5789e-11
3.5606e-11
3.5425e-11
3.5247e-11
3.5071e-11
3.4896e-11
3.4724e-11
3.4555e-11
3.4387e-11
3.4221e-11
3.4058e-11
3.3896e-11
3.3737e-11
3.358e-11
3.3425e-11
3.3272e-11
3.3121e-11
3.2972e-11
3.2826e-11
3.2682e-11
3.2539e-11
3.2399e-11
3.2261e-11
3.2125e-11
3.1992e-11
3.186e-11
3.1731e-11
