2.3009e-10
2.2905e-10
2.2802e-10
2.2699e-10
2.2597e-10
2.2495e-10
2.2394e-10
2.2294e-10
2.2194e-10
2.2094e-10
2.1995e-10
2.1897e-10
2.1799e-10
2.1702e-10
2.1605e-10
2.1509e-10
2.1413e-10
2.1318e-10
2.1224e-10
2.1129e-10
2.1036e-10
2.0943e-10
2.0851e-10
2.0759e-10
2.0667e-10
2.0576e-10
2.0486e-10
2.0396e-10
2.0307e-10
2.0218e-10
2.013e-10
2.0042e-10
1.9955e-10
1.9869e-10
1.9782e-10
1.9697e-10
1.9612e-10
1.9527e-10
1.9443e-10
1.9359e-10
1.9276e-10
1.9194e-10
1.9112e-10
1.903e-10
1.8949e-10
1.8869e-10
1.8789e-10
1.8709e-10
1.863e-10
1.8552e-10
1.8474e-10
1.8397e-10
1.832e-10
1.8243e-10
1.8167e-10
1.8092e-10
1.8017e-10
1.7942e-10
1.7868e-10
1.7795e-10
1.7722e-10
1.7649e-10
1.7577e-10
1.7506e-10
1.7435e-10
1.7364e-10
1.7294e-10
1.7225e-10
1.7156e-10
1.7087e-10
1.7019e-10
1.6952e-10
1.6885e-10
1.6818e-10
1.6752e-10
1.6686e-10
1.6621e-10
1.6557e-10
1.6493e-10
1.6429e-10
1.6366e-10
1.6303e-10
1.6241e-10
1.6179e-10
1.6118e-10
1.6057e-10
1.5997e-10
1.5937e-10
1.5878e-10
1.5819e-10
1.5761e-10
1.5703e-10
1.5645e-10
1.5588e-10
1.5532e-10
1.5476e-10
1.5421e-10
1.5366e-10
1.5311e-10
1.5257e-10
1.5204e-10
1.5151e-10
1.5098e-10
1.5046e-10
1.4994e-10
1.4943e-10
1.4893e-10
1.4842e-10
1.4793e-10
1.4743e-10
1.4695e-10
1.4646e-10
1.4599e-10
1.4551e-10
1.4505e-10
1.4458e-10
1.4412e-10
1.4367e-10
1.4322e-10
1.4278e-10
1.4234e-10
1.419e-10
1.4147e-10
1.4105e-10
1.4063e-10
1.4021e-10
1.398e-10
1.394e-10
1.39e-10
1.386e-10
1.3821e-10
1.3782e-10
1.3744e-10
1.3706e-10
1.3669e-10
1.3633e-10
1.3596e-10
1.3561e-10
1.3525e-10
1.3491e-10
1.3456e-10
1.3423e-10
1.3389e-10
1.3357e-10
1.3324e-10
1.3293e-10
1.3261e-10
1.323e-10
1.32e-10
1.317e-10
1.3141e-10
1.3112e-10
1.3084e-10
1.3056e-10
1.3029e-10
1.3002e-10
1.2975e-10
1.295e-10
1.2924e-10
1.2899e-10
1.2875e-10
1.2851e-10
1.2828e-10
1.2805e-10
1.2783e-10
1.2761e-10
1.274e-10
1.2719e-10
1.2699e-10
1.2679e-10
1.266e-10
1.2641e-10
1.2623e-10
1.2605e-10
1.2588e-10
1.2571e-10
1.2555e-10
1.2539e-10
1.2524e-10
1.251e-10
1.2496e-10
1.2482e-10
1.2469e-10
1.2457e-10
1.2445e-10
1.2434e-10
1.2423e-10
1.2413e-10
1.2403e-10
1.2394e-10
1.2385e-10
1.2377e-10
1.2369e-10
1.2362e-10
1.2356e-10
1.235e-10
1.2344e-10
1.234e-10
1.2335e-10
1.2332e-10
1.2328e-10
1.2326e-10
1.2324e-10
1.2322e-10
1.2322e-10
1.2321e-10
1.2322e-10
1.2322e-10
1.2324e-10
1.2326e-10
1.2328e-10
1.2332e-10
1.2335e-10
1.234e-10
1.2345e-10
1.235e-10
1.2356e-10
1.2363e-10
1.237e-10
1.2378e-10
1.2387e-10
1.2396e-10
1.2405e-10
1.2416e-10
1.2427e-10
1.2438e-10
1.2451e-10
1.2463e-10
1.2477e-10
1.2491e-10
1.2506e-10
1.2521e-10
1.2537e-10
1.2554e-10
1.2571e-10
1.2589e-10
1.2607e-10
1.2627e-10
1.2646e-10
1.2667e-10
1.2688e-10
1.271e-10
1.2733e-10
1.2756e-10
1.278e-10
1.2804e-10
1.2829e-10
1.2855e-10
1.2882e-10
1.2909e-10
1.2937e-10
1.2966e-10
1.2995e-10
1.3025e-10
1.3056e-10
1.3088e-10
1.312e-10
1.3153e-10
1.3186e-10
1.3221e-10
1.3256e-10
1.3292e-10
1.3328e-10
1.3366e-10
1.3404e-10
1.3442e-10
1.3482e-10
1.3522e-10
1.3564e-10
1.3605e-10
1.3648e-10
1.3691e-10
1.3736e-10
1.3781e-10
1.3826e-10
1.3873e-10
1.392e-10
1.3969e-10
1.4018e-10
1.4067e-10
1.4118e-10
1.4169e-10
1.4222e-10
1.4275e-10
1.4329e-10
1.4383e-10
1.4439e-10
1.4495e-10
1.4553e-10
1.4611e-10
1.467e-10
1.473e-10
1.4791e-10
1.4852e-10
1.4915e-10
1.4978e-10
1.5043e-10
1.5108e-10
1.5174e-10
1.5241e-10
1.5309e-10
1.5378e-10
1.5448e-10
1.5519e-10
1.559e-10
1.5663e-10
1.5737e-10
1.5811e-10
1.5887e-10
1.5963e-10
1.6041e-10
1.6119e-10
1.6199e-10
1.6279e-10
1.6361e-10
1.6443e-10
1.6527e-10
1.6611e-10
1.6697e-10
1.6783e-10
1.6871e-10
1.696e-10
1.7049e-10
1.714e-10
1.7232e-10
1.7325e-10
1.7419e-10
1.7514e-10
1.7611e-10
1.7708e-10
1.7806e-10
1.7906e-10
1.8007e-10
1.8109e-10
1.8211e-10
1.8316e-10
1.8421e-10
1.8527e-10
1.8635e-10
1.8744e-10
1.8854e-10
1.8965e-10
1.9077e-10
1.9191e-10
1.9306e-10
1.9422e-10
1.9539e-10
1.9658e-10
1.9778e-10
1.9899e-10
2.0021e-10
2.0145e-10
2.027e-10
2.0396e-10
2.0524e-10
2.0653e-10
2.0783e-10
2.0914e-10
2.1047e-10
2.1181e-10
2.1317e-10
2.1454e-10
2.1592e-10
2.1732e-10
2.1873e-10
2.2016e-10
2.216e-10
2.2305e-10
2.2452e-10
2.26e-10
2.275e-10
2.2901e-10
2.3054e-10
2.3208e-10
2.3364e-10
2.3521e-10
2.368e-10
2.384e-10
2.4002e-10
2.4165e-10
2.433e-10
2.4497e-10
2.4665e-10
2.4835e-10
2.5006e-10
2.5179e-10
2.5354e-10
2.553e-10
2.5708e-10
2.5887e-10
2.6068e-10
2.6251e-10
2.6436e-10
2.6622e-10
2.6811e-10
2.7e-10
2.7192e-10
2.7385e-10
2.7581e-10
2.7777e-10
2.7976e-10
2.8177e-10
2.8379e-10
2.8583e-10
2.879e-10
2.8997e-10
2.9207e-10
2.9419e-10
2.9633e-10
2.9848e-10
3.0066e-10
3.0285e-10
3.0507e-10
3.073e-10
3.0956e-10
3.1183e-10
3.1413e-10
3.1644e-10
3.1878e-10
3.2113e-10
3.2351e-10
3.2591e-10
3.2833e-10
3.3077e-10
3.3323e-10
3.3571e-10
3.3822e-10
3.4075e-10
3.433e-10
3.4587e-10
3.4846e-10
3.5108e-10
3.5372e-10
3.5638e-10
3.5906e-10
3.6177e-10
3.645e-10
3.6726e-10
3.7004e-10
3.7284e-10
3.7567e-10
3.7852e-10
3.814e-10
3.843e-10
3.8722e-10
3.9017e-10
3.9315e-10
3.9615e-10
3.9917e-10
4.0223e-10
4.053e-10
4.0841e-10
4.1154e-10
4.1469e-10
4.1788e-10
4.2109e-10
4.2432e-10
4.2759e-10
4.3088e-10
4.342e-10
4.3754e-10
4.4092e-10
4.4432e-10
4.4775e-10
4.5121e-10
4.547e-10
4.5822e-10
4.6177e-10
4.6535e-10
4.6895e-10
4.7259e-10
4.7625e-10
4.7995e-10
4.8368e-10
4.8744e-10
4.9123e-10
4.9505e-10
4.989e-10
5.0278e-10
5.067e-10
5.1065e-10
5.1463e-10
5.1864e-10
5.2268e-10
5.2676e-10
5.3088e-10
5.3502e-10
5.392e-10
5.4341e-10
5.4766e-10
5.5194e-10
5.5626e-10
5.6061e-10
5.65e-10
5.6942e-10
5.7388e-10
5.7838e-10
5.8291e-10
5.8748e-10
5.9208e-10
5.9672e-10
6.014e-10
6.0612e-10
6.1088e-10
6.1567e-10
6.205e-10
6.2537e-10
6.3028e-10
6.3523e-10
6.4022e-10
6.4525e-10
6.5032e-10
6.5543e-10
6.6058e-10
6.6577e-10
6.71e-10
6.7628e-10
6.8159e-10
6.8695e-10
6.9235e-10
6.978e-10
7.0328e-10
7.0881e-10
7.1439e-10
7.2001e-10
7.2567e-10
7.3138e-10
7.3713e-10
7.4293e-10
7.4878e-10
7.5467e-10
7.606e-10
7.6659e-10
7.7262e-10
7.787e-10
7.8482e-10
7.91e-10
7.9722e-10
8.0349e-10
8.0981e-10
8.1618e-10
8.226e-10
8.2908e-10
8.356e-10
8.4217e-10
8.4879e-10
8.5547e-10
8.6219e-10
8.6897e-10
8.7581e-10
8.8269e-10
8.8963e-10
8.9663e-10
9.0367e-10
9.1078e-10
9.1793e-10
9.2515e-10
9.3241e-10
9.3974e-10
9.4712e-10
9.5456e-10
9.6206e-10
9.6961e-10
9.7723e-10
9.849e-10
9.9263e-10
1.0004e-09
1.0083e-09
1.0162e-09
1.0242e-09
1.0322e-09
1.0403e-09
1.0484e-09
1.0567e-09
1.0649e-09
1.0733e-09
1.0817e-09
1.0902e-09
1.0987e-09
1.1073e-09
1.116e-09
1.1247e-09
1.1335e-09
1.1424e-09
1.1513e-09
1.1604e-09
1.1694e-09
1.1786e-09
1.1878e-09
1.1971e-09
1.2064e-09
1.2159e-09
1.2254e-09
1.2349e-09
1.2446e-09
1.2543e-09
1.2641e-09
1.2739e-09
1.2839e-09
1.2939e-09
1.304e-09
1.3142e-09
1.3244e-09
1.3347e-09
1.3451e-09
1.3556e-09
1.3661e-09
1.3768e-09
1.3875e-09
1.3983e-09
1.4092e-09
1.4201e-09
1.4312e-09
1.4423e-09
1.4535e-09
1.4648e-09
1.4762e-09
1.4876e-09
1.4992e-09
1.5108e-09
1.5226e-09
1.5344e-09
1.5463e-09
1.5583e-09
1.5703e-09
1.5825e-09
1.5948e-09
1.6071e-09
1.6196e-09
1.6321e-09
1.6447e-09
1.6574e-09
1.6703e-09
1.6832e-09
1.6962e-09
1.7093e-09
1.7225e-09
1.7358e-09
1.7492e-09
1.7627e-09
1.7763e-09
1.79e-09
1.8038e-09
1.8177e-09
1.8317e-09
1.8458e-09
1.86e-09
1.8743e-09
1.8888e-09
1.9033e-09
1.9179e-09
1.9327e-09
1.9476e-09
1.9625e-09
1.9776e-09
1.9928e-09
2.0081e-09
2.0235e-09
2.039e-09
2.0547e-09
2.0704e-09
2.0863e-09
2.1023e-09
2.1184e-09
2.1346e-09
2.1509e-09
2.1674e-09
2.184e-09
2.2007e-09
2.2175e-09
2.2344e-09
2.2515e-09
2.2687e-09
2.286e-09
2.3035e-09
2.3211e-09
2.3388e-09
2.3566e-09
2.3745e-09
2.3926e-09
2.4109e-09
2.4292e-09
2.4477e-09
2.4663e-09
2.4851e-09
2.504e-09
2.523e-09
2.5422e-09
2.5615e-09
2.581e-09
2.6005e-09
2.6203e-09
2.6402e-09
2.6602e-09
2.6803e-09
2.7007e-09
2.7211e-09
2.7417e-09
2.7625e-09
2.7834e-09
2.8044e-09
2.8256e-09
2.847e-09
2.8685e-09
2.8902e-09
2.912e-09
2.934e-09
2.9561e-09
2.9784e-09
3.0009e-09
3.0235e-09
3.0462e-09
3.0692e-09
3.0923e-09
3.1156e-09
3.139e-09
3.1626e-09
3.1864e-09
3.2103e-09
3.2345e-09
3.2587e-09
3.2832e-09
3.3078e-09
3.3327e-09
3.3576e-09
3.3828e-09
3.4082e-09
3.4337e-09
3.4594e-09
3.4853e-09
3.5114e-09
3.5376e-09
3.5641e-09
3.5907e-09
3.6175e-09
3.6446e-09
3.6718e-09
3.6992e-09
3.7268e-09
3.7546e-09
3.7825e-09
3.8107e-09
3.8391e-09
3.8677e-09
3.8965e-09
3.9255e-09
3.9547e-09
3.9841e-09
4.0137e-09
4.0435e-09
4.0735e-09
4.1037e-09
4.1342e-09
4.1649e-09
4.1957e-09
4.2268e-09
4.2582e-09
4.2897e-09
4.3214e-09
4.3534e-09
4.3856e-09
4.4181e-09
4.4507e-09
4.4836e-09
4.5167e-09
4.5501e-09
4.5836e-09
4.6175e-09
4.6515e-09
4.6858e-09
4.7203e-09
4.7551e-09
4.7901e-09
4.8254e-09
4.8609e-09
4.8966e-09
4.9326e-09
4.9689e-09
5.0054e-09
5.0421e-09
5.0791e-09
5.1164e-09
5.1539e-09
5.1917e-09
5.2298e-09
5.2681e-09
5.3067e-09
5.3455e-09
5.3846e-09
5.424e-09
5.4637e-09
5.5036e-09
5.5438e-09
5.5843e-09
5.625e-09
5.6661e-09
5.7074e-09
5.749e-09
5.7909e-09
5.8331e-09
5.8756e-09
5.9184e-09
5.9614e-09
6.0048e-09
6.0485e-09
6.0924e-09
6.1367e-09
6.1813e-09
6.2261e-09
6.2713e-09
6.3168e-09
6.3626e-09
6.4087e-09
6.4551e-09
6.5019e-09
6.549e-09
6.5963e-09
6.6441e-09
6.6921e-09
6.7405e-09
6.7892e-09
6.8382e-09
6.8875e-09
6.9372e-09
6.9873e-09
7.0377e-09
7.0884e-09
7.1394e-09
7.1909e-09
7.2426e-09
7.2947e-09
7.3472e-09
7.4e-09
7.4532e-09
7.5067e-09
7.5606e-09
7.6149e-09
7.6695e-09
7.7246e-09
7.7799e-09
7.8357e-09
7.8918e-09
7.9483e-09
8.0052e-09
8.0625e-09
8.1201e-09
8.1782e-09
8.2366e-09
8.2954e-09
8.3547e-09
8.4143e-09
8.4743e-09
8.5348e-09
8.5956e-09
8.6568e-09
8.7185e-09
8.7806e-09
8.843e-09
8.9059e-09
8.9693e-09
9.033e-09
9.0972e-09
9.1618e-09
9.2268e-09
9.2923e-09
9.3582e-09
9.4246e-09
9.4914e-09
9.5586e-09
9.6263e-09
9.6944e-09
9.763e-09
9.8321e-09
9.9016e-09
9.9715e-09
1.0042e-08
1.0113e-08
1.0184e-08
1.0256e-08
1.0328e-08
1.0401e-08
1.0474e-08
1.0548e-08
1.0623e-08
1.0697e-08
1.0773e-08
1.0848e-08
1.0924e-08
1.1001e-08
1.1078e-08
1.1156e-08
1.1235e-08
1.1313e-08
1.1393e-08
1.1472e-08
1.1553e-08
1.1634e-08
1.1715e-08
1.1797e-08
1.188e-08
1.1963e-08
1.2046e-08
1.213e-08
1.2215e-08
1.23e-08
1.2386e-08
1.2472e-08
1.2559e-08
1.2647e-08
1.2735e-08
1.2824e-08
1.2913e-08
1.3003e-08
1.3093e-08
1.3184e-08
1.3275e-08
1.3368e-08
1.346e-08
1.3554e-08
1.3648e-08
1.3742e-08
1.3838e-08
1.3933e-08
1.403e-08
1.4127e-08
1.4225e-08
1.4323e-08
1.4422e-08
1.4522e-08
1.4622e-08
1.4723e-08
1.4824e-08
1.4926e-08
1.5029e-08
1.5133e-08
1.5237e-08
1.5342e-08
1.5448e-08
1.5554e-08
1.5661e-08
1.5768e-08
1.5877e-08
1.5986e-08
1.6095e-08
1.6206e-08
1.6317e-08
1.6429e-08
1.6541e-08
1.6655e-08
1.6769e-08
1.6883e-08
1.6999e-08
1.7115e-08
1.7232e-08
1.735e-08
1.7468e-08
1.7587e-08
1.7707e-08
1.7828e-08
1.795e-08
1.8072e-08
1.8195e-08
1.8319e-08
1.8443e-08
1.8569e-08
1.8695e-08
1.8822e-08
1.895e-08
1.9079e-08
1.9208e-08
1.9338e-08
1.947e-08
1.9601e-08
1.9734e-08
1.9868e-08
2.0002e-08
2.0138e-08
2.0274e-08
2.0411e-08
2.0549e-08
2.0688e-08
2.0827e-08
2.0968e-08
2.1109e-08
2.1252e-08
2.1395e-08
2.1539e-08
2.1684e-08
2.183e-08
2.1977e-08
2.2124e-08
2.2273e-08
2.2423e-08
2.2573e-08
2.2725e-08
2.2877e-08
2.3031e-08
2.3185e-08
2.334e-08
2.3497e-08
2.3654e-08
2.3812e-08
2.3972e-08
2.4132e-08
2.4293e-08
2.4455e-08
2.4619e-08
2.4783e-08
2.4948e-08
2.5115e-08
2.5282e-08
2.5451e-08
2.562e-08
2.5791e-08
2.5962e-08
2.6135e-08
2.6309e-08
2.6483e-08
2.6659e-08
2.6836e-08
2.7014e-08
2.7193e-08
2.7374e-08
2.7555e-08
2.7738e-08
2.7921e-08
2.8106e-08
2.8292e-08
2.8479e-08
2.8667e-08
2.8857e-08
2.9047e-08
2.9239e-08
2.9432e-08
2.9626e-08
2.9821e-08
3.0017e-08
3.0215e-08
3.0414e-08
3.0614e-08
3.0815e-08
3.1018e-08
3.1222e-08
3.1427e-08
3.1633e-08
3.1841e-08
3.205e-08
3.226e-08
3.2471e-08
3.2684e-08
3.2898e-08
3.3113e-08
3.3329e-08
3.3547e-08
3.3767e-08
3.3987e-08
3.4209e-08
3.4432e-08
3.4657e-08
3.4883e-08
3.511e-08
3.5339e-08
3.5569e-08
3.5801e-08
3.6033e-08
3.6268e-08
3.6503e-08
3.6741e-08
3.6979e-08
3.7219e-08
3.7461e-08
3.7703e-08
3.7948e-08
3.8194e-08
3.8441e-08
3.869e-08
3.894e-08
3.9192e-08
3.9445e-08
3.97e-08
3.9957e-08
4.0214e-08
4.0474e-08
4.0735e-08
4.0997e-08
4.1262e-08
4.1527e-08
4.1795e-08
4.2064e-08
4.2334e-08
4.2606e-08
4.288e-08
4.3155e-08
4.3432e-08
4.3711e-08
4.3991e-08
4.4273e-08
4.4557e-08
4.4843e-08
4.513e-08
4.5418e-08
4.5709e-08
4.6001e-08
4.6295e-08
4.6591e-08
4.6888e-08
4.7187e-08
4.7488e-08
4.7791e-08
4.8095e-08
4.8402e-08
4.871e-08
4.902e-08
4.9332e-08
4.9645e-08
4.9961e-08
5.0278e-08
5.0597e-08
5.0918e-08
5.1241e-08
5.1566e-08
5.1893e-08
5.2221e-08
5.2552e-08
5.2885e-08
5.3219e-08
5.3556e-08
5.3894e-08
5.4234e-08
5.4577e-08
5.4921e-08
5.5267e-08
5.5616e-08
5.5966e-08
5.6319e-08
5.6673e-08
5.703e-08
5.7389e-08
5.7749e-08
5.8112e-08
5.8477e-08
5.8844e-08
5.9213e-08
5.9585e-08
5.9958e-08
6.0334e-08
6.0712e-08
6.1092e-08
6.1474e-08
6.1858e-08
6.2245e-08
6.2634e-08
6.3025e-08
6.3419e-08
6.3814e-08
6.4212e-08
6.4612e-08
6.5015e-08
6.542e-08
6.5827e-08
6.6236e-08
6.6648e-08
6.7062e-08
6.7479e-08
6.7898e-08
6.8319e-08
6.8743e-08
6.917e-08
6.9598e-08
7.0029e-08
7.0463e-08
7.0899e-08
7.1338e-08
7.1779e-08
7.2222e-08
7.2668e-08
7.3117e-08
7.3568e-08
7.4022e-08
7.4478e-08
7.4937e-08
7.5399e-08
7.5863e-08
7.633e-08
7.6799e-08
7.7271e-08
7.7746e-08
7.8223e-08
7.8703e-08
7.9186e-08
7.9672e-08
8.016e-08
8.0651e-08
8.1145e-08
8.1642e-08
8.2141e-08
8.2644e-08
8.3149e-08
8.3657e-08
8.4167e-08
8.4681e-08
8.5197e-08
8.5717e-08
8.6239e-08
8.6765e-08
8.7293e-08
8.7824e-08
8.8358e-08
8.8895e-08
8.9435e-08
8.9978e-08
9.0525e-08
9.1074e-08
9.1626e-08
9.2182e-08
9.274e-08
9.3302e-08
9.3866e-08
9.4434e-08
9.5005e-08
9.5579e-08
9.6157e-08
9.6737e-08
9.7321e-08
9.7908e-08
9.8498e-08
9.9092e-08
9.9689e-08
1.0029e-07
1.0089e-07
1.015e-07
1.0211e-07
1.0272e-07
1.0334e-07
1.0396e-07
1.0458e-07
1.0521e-07
1.0584e-07
1.0647e-07
1.0711e-07
1.0775e-07
1.084e-07
1.0905e-07
1.097e-07
1.1035e-07
1.1101e-07
1.1167e-07
1.1234e-07
1.1301e-07
1.1368e-07
1.1436e-07
1.1504e-07
1.1572e-07
1.1641e-07
1.171e-07
1.178e-07
1.185e-07
1.192e-07
1.1991e-07
1.2062e-07
1.2134e-07
1.2205e-07
1.2278e-07
1.235e-07
1.2423e-07
1.2497e-07
1.2571e-07
1.2645e-07
1.2719e-07
1.2794e-07
1.287e-07
1.2946e-07
1.3022e-07
1.3099e-07
1.3176e-07
1.3253e-07
1.3331e-07
1.3409e-07
1.3488e-07
1.3567e-07
1.3647e-07
1.3727e-07
1.3807e-07
1.3888e-07
1.3969e-07
1.4051e-07
1.4133e-07
1.4216e-07
1.4299e-07
1.4383e-07
1.4466e-07
1.4551e-07
1.4636e-07
1.4721e-07
1.4807e-07
1.4893e-07
1.498e-07
1.5067e-07
1.5154e-07
1.5242e-07
1.5331e-07
1.542e-07
1.5509e-07
1.5599e-07
1.569e-07
1.578e-07
1.5872e-07
1.5964e-07
1.6056e-07
1.6149e-07
1.6242e-07
1.6336e-07
1.643e-07
1.6525e-07
1.662e-07
1.6716e-07
1.6812e-07
1.6909e-07
1.7006e-07
1.7104e-07
1.7202e-07
1.7301e-07
1.7401e-07
1.75e-07
1.7601e-07
1.7702e-07
1.7803e-07
1.7905e-07
1.8008e-07
1.8111e-07
1.8214e-07
1.8318e-07
1.8423e-07
1.8528e-07
1.8634e-07
1.874e-07
1.8847e-07
1.8954e-07
1.9062e-07
1.9171e-07
1.928e-07
1.9389e-07
1.95e-07
1.961e-07
1.9722e-07
1.9834e-07
1.9946e-07
2.0059e-07
2.0173e-07
2.0287e-07
2.0402e-07
2.0517e-07
2.0633e-07
2.075e-07
2.0867e-07
2.0985e-07
2.1103e-07
2.1222e-07
2.1342e-07
2.1462e-07
2.1583e-07
2.1704e-07
2.1826e-07
2.1949e-07
2.2072e-07
2.2196e-07
2.232e-07
2.2446e-07
2.2571e-07
2.2698e-07
2.2825e-07
2.2953e-07
2.3081e-07
2.321e-07
2.334e-07
2.347e-07
2.3601e-07
2.3733e-07
2.3865e-07
2.3998e-07
2.4132e-07
2.4266e-07
2.4401e-07
2.4537e-07
2.4673e-07
2.481e-07
2.4948e-07
2.5087e-07
2.5226e-07
2.5366e-07
2.5506e-07
2.5647e-07
2.5789e-07
2.5932e-07
2.6075e-07
2.622e-07
2.6364e-07
2.651e-07
2.6656e-07
2.6803e-07
2.6951e-07
2.7099e-07
2.7248e-07
2.7398e-07
2.7549e-07
2.77e-07
2.7853e-07
2.8006e-07
2.8159e-07
2.8314e-07
2.8469e-07
2.8625e-07
2.8782e-07
2.8939e-07
2.9097e-07
2.9256e-07
2.9416e-07
2.9577e-07
2.9738e-07
2.9901e-07
3.0064e-07
3.0227e-07
3.0392e-07
3.0557e-07
3.0724e-07
3.0891e-07
3.1059e-07
3.1227e-07
3.1397e-07
3.1567e-07
3.1738e-07
3.191e-07
3.2083e-07
3.2257e-07
3.2431e-07
3.2607e-07
3.2783e-07
3.296e-07
3.3138e-07
3.3317e-07
3.3496e-07
3.3677e-07
3.3858e-07
3.4041e-07
3.4224e-07
3.4408e-07
3.4593e-07
3.4779e-07
3.4965e-07
3.5153e-07
3.5341e-07
3.5531e-07
3.5721e-07
3.5912e-07
3.6105e-07
3.6298e-07
3.6492e-07
3.6687e-07
3.6883e-07
3.7079e-07
3.7277e-07
3.7476e-07
3.7676e-07
3.7876e-07
3.8078e-07
3.828e-07
3.8484e-07
3.8688e-07
3.8894e-07
3.91e-07
3.9307e-07
3.9516e-07
3.9725e-07
3.9936e-07
4.0147e-07
4.0359e-07
4.0573e-07
4.0787e-07
4.1002e-07
4.1219e-07
4.1436e-07
4.1654e-07
4.1874e-07
4.2094e-07
4.2316e-07
4.2539e-07
4.2762e-07
4.2987e-07
4.3212e-07
4.3439e-07
4.3667e-07
4.3896e-07
4.4126e-07
4.4357e-07
4.4589e-07
4.4822e-07
4.5057e-07
4.5292e-07
4.5528e-07
4.5766e-07
4.6005e-07
4.6245e-07
4.6485e-07
4.6727e-07
4.6971e-07
4.7215e-07
4.746e-07
4.7707e-07
4.7954e-07
4.8203e-07
4.8453e-07
4.8704e-07
4.8957e-07
4.921e-07
4.9465e-07
4.972e-07
4.9977e-07
5.0236e-07
5.0495e-07
5.0755e-07
5.1017e-07
5.128e-07
5.1544e-07
5.1809e-07
5.2076e-07
5.2344e-07
5.2613e-07
5.2883e-07
5.3154e-07
5.3427e-07
5.3701e-07
5.3976e-07
5.4252e-07
5.453e-07
5.4809e-07
5.5089e-07
5.537e-07
5.5653e-07
5.5937e-07
5.6222e-07
5.6509e-07
5.6797e-07
5.7086e-07
5.7376e-07
5.7668e-07
5.7961e-07
5.8256e-07
5.8551e-07
5.8849e-07
5.9147e-07
5.9447e-07
5.9748e-07
6.005e-07
6.0354e-07
6.0659e-07
6.0965e-07
6.1273e-07
6.1583e-07
6.1893e-07
6.2205e-07
6.2519e-07
6.2833e-07
6.3149e-07
6.3467e-07
6.3786e-07
6.4106e-07
6.4428e-07
6.4752e-07
6.5076e-07
6.5402e-07
6.573e-07
6.6059e-07
6.6389e-07
6.6721e-07
6.7055e-07
6.7389e-07
6.7726e-07
6.8064e-07
6.8403e-07
6.8744e-07
6.9086e-07
6.943e-07
6.9775e-07
7.0122e-07
7.047e-07
7.082e-07
7.1171e-07
7.1524e-07
7.1878e-07
7.2234e-07
7.2592e-07
7.2951e-07
7.3311e-07
7.3674e-07
7.4037e-07
7.4403e-07
7.477e-07
7.5138e-07
7.5508e-07
7.588e-07
7.6253e-07
7.6628e-07
7.7005e-07
7.7383e-07
7.7763e-07
7.8144e-07
7.8527e-07
7.8912e-07
7.9298e-07
7.9686e-07
8.0076e-07
8.0467e-07
8.086e-07
8.1255e-07
8.1651e-07
8.2049e-07
8.2449e-07
8.2851e-07
8.3254e-07
8.3659e-07
8.4065e-07
8.4474e-07
8.4884e-07
8.5295e-07
8.5709e-07
8.6124e-07
8.6541e-07
8.696e-07
8.7381e-07
8.7803e-07
8.8227e-07
8.8653e-07
8.9081e-07
8.9511e-07
8.9942e-07
9.0375e-07
9.081e-07
9.1247e-07
9.1686e-07
9.2126e-07
9.2569e-07
9.3013e-07
9.3459e-07
9.3907e-07
9.4356e-07
9.4808e-07
9.5262e-07
9.5717e-07
9.6174e-07
9.6634e-07
9.7095e-07
9.7558e-07
9.8023e-07
9.849e-07
9.8958e-07
9.9429e-07
9.9902e-07
1.0038e-06
1.0085e-06
1.0133e-06
1.0181e-06
1.0229e-06
1.0278e-06
1.0327e-06
1.0375e-06
1.0424e-06
1.0474e-06
1.0523e-06
1.0573e-06
1.0623e-06
1.0673e-06
1.0723e-06
1.0773e-06
1.0824e-06
1.0875e-06
1.0926e-06
1.0977e-06
1.1029e-06
1.1081e-06
1.1133e-06
1.1185e-06
1.1237e-06
1.129e-06
1.1342e-06
1.1395e-06
1.1449e-06
1.1502e-06
1.1556e-06
1.1609e-06
1.1664e-06
1.1718e-06
1.1772e-06
1.1827e-06
1.1882e-06
1.1937e-06
1.1992e-06
1.2048e-06
1.2104e-06
1.216e-06
1.2216e-06
1.2273e-06
1.2329e-06
1.2386e-06
1.2443e-06
1.2501e-06
1.2558e-06
1.2616e-06
1.2674e-06
1.2733e-06
1.2791e-06
1.285e-06
1.2909e-06
1.2968e-06
1.3028e-06
1.3087e-06
1.3147e-06
1.3208e-06
1.3268e-06
1.3329e-06
1.3389e-06
1.3451e-06
1.3512e-06
1.3574e-06
1.3635e-06
1.3698e-06
1.376e-06
1.3822e-06
1.3885e-06
1.3948e-06
1.4012e-06
1.4075e-06
1.4139e-06
1.4203e-06
1.4267e-06
1.4332e-06
1.4397e-06
1.4462e-06
1.4527e-06
1.4592e-06
1.4658e-06
1.4724e-06
1.4791e-06
1.4857e-06
1.4924e-06
1.4991e-06
1.5058e-06
1.5126e-06
1.5194e-06
1.5262e-06
1.533e-06
1.5399e-06
1.5468e-06
1.5537e-06
1.5606e-06
1.5676e-06
1.5746e-06
1.5816e-06
1.5887e-06
1.5957e-06
1.6028e-06
1.61e-06
1.6171e-06
1.6243e-06
1.6315e-06
1.6387e-06
1.646e-06
1.6533e-06
1.6606e-06
1.668e-06
1.6753e-06
1.6827e-06
1.6902e-06
1.6976e-06
1.7051e-06
1.7126e-06
1.7201e-06
1.7277e-06
1.7353e-06
1.7429e-06
1.7506e-06
1.7583e-06
1.766e-06
1.7737e-06
1.7815e-06
1.7893e-06
1.7971e-06
1.805e-06
1.8128e-06
1.8208e-06
1.8287e-06
1.8367e-06
1.8447e-06
1.8527e-06
1.8607e-06
1.8688e-06
1.877e-06
1.8851e-06
1.8933e-06
1.9015e-06
1.9097e-06
1.918e-06
1.9263e-06
1.9346e-06
1.943e-06
1.9513e-06
1.9598e-06
1.9682e-06
1.9767e-06
1.9852e-06
1.9937e-06
2.0023e-06
2.0109e-06
2.0196e-06
2.0282e-06
2.0369e-06
2.0456e-06
2.0544e-06
2.0632e-06
2.072e-06
2.0809e-06
2.0897e-06
2.0987e-06
2.1076e-06
2.1166e-06
2.1256e-06
2.1346e-06
2.1437e-06
2.1528e-06
2.162e-06
2.1711e-06
2.1803e-06
2.1896e-06
2.1989e-06
2.2082e-06
2.2175e-06
2.2269e-06
2.2363e-06
2.2457e-06
2.2552e-06
2.2647e-06
2.2742e-06
2.2838e-06
2.2934e-06
2.303e-06
2.3127e-06
2.3224e-06
2.3321e-06
2.3419e-06
2.3517e-06
2.3615e-06
2.3714e-06
2.3813e-06
2.3913e-06
2.4012e-06
2.4112e-06
2.4213e-06
2.4314e-06
2.4415e-06
2.4516e-06
2.4618e-06
2.472e-06
2.4823e-06
2.4926e-06
2.5029e-06
2.5133e-06
2.5237e-06
2.5341e-06
2.5446e-06
2.5551e-06
2.5656e-06
2.5762e-06
2.5868e-06
2.5974e-06
2.6081e-06
2.6188e-06
2.6296e-06
2.6404e-06
2.6512e-06
2.6621e-06
2.673e-06
2.6839e-06
2.6949e-06
2.7059e-06
2.717e-06
2.7281e-06
2.7392e-06
2.7503e-06
2.7615e-06
2.7728e-06
2.784e-06
2.7954e-06
2.8067e-06
2.8181e-06
2.8295e-06
2.841e-06
2.8525e-06
2.864e-06
2.8756e-06
2.8872e-06
2.8989e-06
2.9106e-06
2.9223e-06
2.9341e-06
2.9459e-06
2.9577e-06
2.9696e-06
2.9815e-06
2.9935e-06
3.0055e-06
3.0175e-06
3.0296e-06
3.0417e-06
3.0539e-06
3.0661e-06
3.0783e-06
3.0906e-06
3.1029e-06
3.1153e-06
3.1277e-06
3.1401e-06
3.1526e-06
3.1651e-06
3.1777e-06
3.1903e-06
3.2029e-06
3.2156e-06
3.2283e-06
3.2411e-06
3.2539e-06
3.2667e-06
3.2796e-06
3.2925e-06
3.3055e-06
3.3185e-06
3.3316e-06
3.3447e-06
3.3578e-06
3.371e-06
3.3842e-06
3.3975e-06
3.4108e-06
3.4241e-06
3.4375e-06
3.4509e-06
3.4644e-06
3.4779e-06
3.4914e-06
3.505e-06
3.5187e-06
3.5324e-06
3.5461e-06
3.5599e-06
3.5737e-06
3.5875e-06
3.6014e-06
3.6154e-06
3.6293e-06
3.6434e-06
3.6574e-06
3.6716e-06
3.6857e-06
3.6999e-06
3.7142e-06
3.7285e-06
3.7428e-06
3.7572e-06
3.7716e-06
3.786e-06
3.8006e-06
3.8151e-06
3.8297e-06
3.8444e-06
3.859e-06
3.8738e-06
3.8886e-06
3.9034e-06
3.9182e-06
3.9332e-06
3.9481e-06
3.9631e-06
3.9782e-06
3.9933e-06
4.0084e-06
4.0236e-06
4.0388e-06
4.0541e-06
4.0694e-06
4.0848e-06
4.1002e-06
4.1156e-06
4.1311e-06
4.1467e-06
4.1623e-06
4.1779e-06
4.1936e-06
4.2094e-06
4.2252e-06
4.241e-06
4.2569e-06
4.2728e-06
4.2888e-06
4.3048e-06
4.3208e-06
4.337e-06
4.3531e-06
4.3693e-06
4.3856e-06
4.4019e-06
4.4182e-06
4.4346e-06
4.4511e-06
4.4676e-06
4.4841e-06
4.5007e-06
4.5173e-06
4.534e-06
4.5507e-06
4.5675e-06
4.5844e-06
4.6012e-06
4.6182e-06
4.6351e-06
4.6522e-06
4.6692e-06
4.6864e-06
4.7035e-06
4.7208e-06
4.738e-06
4.7553e-06
4.7727e-06
4.7901e-06
4.8076e-06
4.8251e-06
4.8427e-06
4.8603e-06
4.878e-06
4.8957e-06
4.9134e-06
4.9312e-06
4.9491e-06
4.967e-06
4.985e-06
5.003e-06
5.0211e-06
5.0392e-06
5.0574e-06
5.0756e-06
5.0938e-06
5.1122e-06
5.1305e-06
5.1489e-06
5.1674e-06
5.1859e-06
5.2045e-06
5.2231e-06
5.2418e-06
5.2605e-06
5.2793e-06
5.2981e-06
5.317e-06
5.336e-06
5.3549e-06
5.374e-06
5.3931e-06
5.4122e-06
5.4314e-06
5.4506e-06
5.4699e-06
5.4893e-06
5.5087e-06
5.5281e-06
5.5476e-06
5.5672e-06
5.5868e-06
5.6065e-06
5.6262e-06
5.646e-06
5.6658e-06
5.6857e-06
5.7056e-06
5.7256e-06
5.7456e-06
5.7657e-06
5.7858e-06
5.806e-06
5.8263e-06
5.8466e-06
5.8669e-06
5.8873e-06
5.9078e-06
5.9283e-06
5.9489e-06
5.9695e-06
5.9901e-06
6.0109e-06
6.0317e-06
6.0525e-06
6.0734e-06
6.0943e-06
6.1153e-06
6.1364e-06
6.1575e-06
6.1786e-06
6.1999e-06
6.2211e-06
6.2425e-06
6.2638e-06
6.2853e-06
6.3068e-06
6.3283e-06
6.3499e-06
6.3716e-06
6.3933e-06
6.415e-06
6.4369e-06
6.4587e-06
6.4807e-06
6.5027e-06
6.5247e-06
6.5468e-06
6.5689e-06
6.5911e-06
6.6134e-06
6.6357e-06
6.6581e-06
6.6805e-06
6.703e-06
6.7256e-06
6.7482e-06
6.7708e-06
6.7935e-06
6.8163e-06
6.8391e-06
6.862e-06
6.8849e-06
6.9079e-06
6.931e-06
6.9541e-06
6.9772e-06
7.0005e-06
7.0237e-06
7.0471e-06
7.0704e-06
7.0939e-06
7.1174e-06
7.1409e-06
7.1646e-06
7.1882e-06
7.212e-06
7.2357e-06
7.2596e-06
7.2835e-06
7.3074e-06
7.3315e-06
7.3555e-06
7.3797e-06
7.4038e-06
7.4281e-06
7.4524e-06
7.4768e-06
7.5012e-06
7.5256e-06
7.5502e-06
7.5748e-06
7.5994e-06
7.6241e-06
7.6489e-06
7.6737e-06
7.6986e-06
7.7235e-06
7.7485e-06
7.7736e-06
7.7987e-06
7.8238e-06
7.8491e-06
7.8743e-06
7.8997e-06
7.9251e-06
7.9505e-06
7.9761e-06
8.0016e-06
8.0273e-06
8.053e-06
8.0787e-06
8.1045e-06
8.1304e-06
8.1563e-06
8.1823e-06
8.2084e-06
8.2345e-06
8.2606e-06
8.2868e-06
8.3131e-06
8.3395e-06
8.3659e-06
8.3923e-06
8.4188e-06
8.4454e-06
8.472e-06
8.4987e-06
8.5255e-06
8.5523e-06
8.5791e-06
8.6061e-06
8.6331e-06
8.6601e-06
8.6872e-06
8.7144e-06
8.7416e-06
8.7689e-06
8.7962e-06
8.8236e-06
8.8511e-06
8.8786e-06
8.9062e-06
8.9338e-06
8.9615e-06
8.9893e-06
9.0171e-06
9.045e-06
9.0729e-06
9.1009e-06
9.129e-06
9.1571e-06
9.1852e-06
9.2135e-06
9.2418e-06
9.2701e-06
9.2985e-06
9.327e-06
9.3555e-06
9.3841e-06
9.4128e-06
9.4415e-06
9.4703e-06
9.4991e-06
9.528e-06
9.5569e-06
9.5859e-06
9.615e-06
9.6441e-06
9.6733e-06
9.7026e-06
9.7319e-06
9.7613e-06
9.7907e-06
9.8202e-06
9.8497e-06
9.8793e-06
9.909e-06
9.9387e-06
9.9685e-06
9.9984e-06
1.0028e-05
1.0058e-05
1.0088e-05
1.0118e-05
1.0148e-05
1.0179e-05
1.0209e-05
1.0239e-05
1.027e-05
1.03e-05
1.0331e-05
1.0361e-05
1.0392e-05
1.0423e-05
1.0453e-05
1.0484e-05
1.0515e-05
1.0546e-05
1.0577e-05
1.0608e-05
1.0639e-05
1.067e-05
1.0701e-05
1.0733e-05
1.0764e-05
1.0795e-05
1.0827e-05
1.0858e-05
1.089e-05
1.0922e-05
1.0953e-05
1.0985e-05
1.1017e-05
1.1049e-05
1.1081e-05
1.1113e-05
1.1145e-05
1.1177e-05
1.1209e-05
1.1241e-05
1.1274e-05
1.1306e-05
1.1338e-05
1.1371e-05
1.1403e-05
1.1436e-05
1.1469e-05
1.1501e-05
1.1534e-05
1.1567e-05
1.16e-05
1.1633e-05
1.1666e-05
1.1699e-05
1.1732e-05
1.1765e-05
1.1798e-05
1.1832e-05
1.1865e-05
1.1899e-05
1.1932e-05
1.1966e-05
1.1999e-05
1.2033e-05
1.2067e-05
1.21e-05
1.2134e-05
1.2168e-05
1.2202e-05
1.2236e-05
1.227e-05
1.2304e-05
1.2338e-05
1.2373e-05
1.2407e-05
1.2441e-05
1.2476e-05
1.251e-05
1.2545e-05
1.2579e-05
1.2614e-05
1.2649e-05
1.2684e-05
1.2718e-05
1.2753e-05
1.2788e-05
1.2823e-05
1.2858e-05
1.2893e-05
1.2929e-05
1.2964e-05
1.2999e-05
1.3035e-05
1.307e-05
1.3105e-05
1.3141e-05
1.3177e-05
1.3212e-05
1.3248e-05
1.3284e-05
1.3319e-05
1.3355e-05
1.3391e-05
1.3427e-05
1.3463e-05
1.3499e-05
1.3536e-05
1.3572e-05
1.3608e-05
1.3644e-05
1.3681e-05
1.3717e-05
1.3754e-05
1.379e-05
1.3827e-05
1.3864e-05
1.39e-05
1.3937e-05
1.3974e-05
1.4011e-05
1.4048e-05
1.4085e-05
1.4122e-05
1.4159e-05
1.4196e-05
1.4233e-05
1.4271e-05
1.4308e-05
1.4345e-05
1.4383e-05
1.442e-05
1.4458e-05
1.4495e-05
1.4533e-05
1.4571e-05
1.4609e-05
1.4646e-05
1.4684e-05
1.4722e-05
1.476e-05
1.4798e-05
1.4836e-05
1.4875e-05
1.4913e-05
1.4951e-05
1.4989e-05
1.5028e-05
1.5066e-05
1.5105e-05
1.5143e-05
1.5182e-05
1.5221e-05
1.5259e-05
1.5298e-05
1.5337e-05
1.5376e-05
1.5415e-05
1.5454e-05
1.5493e-05
1.5532e-05
1.5571e-05
1.561e-05
1.5649e-05
1.5688e-05
1.5728e-05
1.5767e-05
1.5807e-05
1.5846e-05
1.5886e-05
1.5925e-05
1.5965e-05
1.6005e-05
1.6044e-05
1.6084e-05
1.6124e-05
1.6164e-05
1.6204e-05
1.6244e-05
1.6284e-05
1.6324e-05
1.6364e-05
1.6404e-05
1.6445e-05
1.6485e-05
1.6525e-05
1.6566e-05
1.6606e-05
1.6647e-05
1.6687e-05
1.6728e-05
1.6769e-05
1.6809e-05
1.685e-05
1.6891e-05
1.6932e-05
1.6973e-05
1.7014e-05
1.7055e-05
1.7096e-05
1.7137e-05
1.7178e-05
1.7219e-05
1.726e-05
1.7302e-05
1.7343e-05
1.7384e-05
1.7426e-05
1.7467e-05
1.7509e-05
1.755e-05
1.7592e-05
1.7634e-05
1.7676e-05
1.7717e-05
1.7759e-05
1.7801e-05
1.7843e-05
1.7885e-05
1.7927e-05
1.7969e-05
1.8011e-05
1.8053e-05
1.8095e-05
1.8137e-05
1.818e-05
1.8222e-05
1.8264e-05
1.8307e-05
1.8349e-05
1.8392e-05
1.8434e-05
1.8477e-05
1.852e-05
1.8562e-05
1.8605e-05
1.8648e-05
1.869e-05
1.8733e-05
1.8776e-05
1.8819e-05
1.8862e-05
1.8905e-05
1.8948e-05
1.8991e-05
1.9034e-05
1.9078e-05
1.9121e-05
1.9164e-05
1.9207e-05
1.9251e-05
1.9294e-05
1.9338e-05
1.9381e-05
1.9424e-05
1.9468e-05
1.9512e-05
1.9555e-05
1.9599e-05
1.9643e-05
1.9686e-05
1.973e-05
1.9774e-05
1.9818e-05
1.9862e-05
1.9906e-05
1.995e-05
1.9994e-05
2.0038e-05
2.0082e-05
2.0126e-05
2.017e-05
2.0214e-05
2.0259e-05
2.0303e-05
2.0347e-05
2.0392e-05
2.0436e-05
2.048e-05
2.0525e-05
2.0569e-05
2.0614e-05
2.0659e-05
2.0703e-05
2.0748e-05
2.0793e-05
2.0837e-05
2.0882e-05
2.0927e-05
2.0972e-05
2.1016e-05
2.1061e-05
2.1106e-05
2.1151e-05
2.1196e-05
2.1241e-05
2.1286e-05
2.1331e-05
2.1377e-05
2.1422e-05
2.1467e-05
2.1512e-05
2.1557e-05
2.1603e-05
2.1648e-05
2.1693e-05
2.1739e-05
2.1784e-05
2.183e-05
2.1875e-05
2.192e-05
2.1966e-05
2.2012e-05
2.2057e-05
2.2103e-05
2.2148e-05
2.2194e-05
2.224e-05
2.2286e-05
2.2331e-05
2.2377e-05
2.2423e-05
2.2469e-05
2.2515e-05
2.2561e-05
2.2606e-05
2.2652e-05
2.2698e-05
2.2744e-05
2.279e-05
2.2836e-05
2.2883e-05
2.2929e-05
2.2975e-05
2.3021e-05
2.3067e-05
2.3113e-05
2.316e-05
2.3206e-05
2.3252e-05
2.3298e-05
2.3345e-05
2.3391e-05
2.3438e-05
2.3484e-05
2.353e-05
2.3577e-05
2.3623e-05
2.367e-05
2.3716e-05
2.3763e-05
2.3809e-05
2.3856e-05
2.3903e-05
2.3949e-05
2.3996e-05
2.4042e-05
2.4089e-05
2.4136e-05
2.4183e-05
2.4229e-05
2.4276e-05
2.4323e-05
2.437e-05
2.4416e-05
2.4463e-05
2.451e-05
2.4557e-05
2.4604e-05
2.4651e-05
2.4698e-05
2.4745e-05
2.4791e-05
2.4838e-05
2.4885e-05
2.4932e-05
2.4979e-05
2.5026e-05
2.5073e-05
2.5121e-05
2.5168e-05
2.5215e-05
2.5262e-05
2.5309e-05
2.5356e-05
2.5403e-05
2.545e-05
2.5497e-05
2.5545e-05
2.5592e-05
2.5639e-05
2.5686e-05
2.5733e-05
2.5781e-05
2.5828e-05
2.5875e-05
2.5922e-05
2.597e-05
2.6017e-05
2.6064e-05
2.6112e-05
2.6159e-05
2.6206e-05
2.6253e-05
2.6301e-05
2.6348e-05
2.6396e-05
2.6443e-05
2.649e-05
2.6538e-05
2.6585e-05
2.6632e-05
2.668e-05
2.6727e-05
2.6775e-05
2.6822e-05
2.6869e-05
2.6917e-05
2.6964e-05
2.7012e-05
2.7059e-05
2.7106e-05
2.7154e-05
2.7201e-05
2.7249e-05
2.7296e-05
2.7344e-05
2.7391e-05
2.7439e-05
2.7486e-05
2.7533e-05
2.7581e-05
2.7628e-05
2.7676e-05
2.7723e-05
2.7771e-05
2.7818e-05
2.7866e-05
2.7913e-05
2.796e-05
2.8008e-05
2.8055e-05
2.8103e-05
2.815e-05
2.8198e-05
2.8245e-05
2.8293e-05
2.834e-05
2.8387e-05
2.8435e-05
2.8482e-05
2.853e-05
2.8577e-05
2.8624e-05
2.8672e-05
2.8719e-05
2.8767e-05
2.8814e-05
2.8861e-05
2.8909e-05
2.8956e-05
2.9003e-05
2.9051e-05
2.9098e-05
2.9145e-05
2.9193e-05
2.924e-05
2.9287e-05
2.9335e-05
2.9382e-05
2.9429e-05
2.9476e-05
2.9524e-05
2.9571e-05
2.9618e-05
2.9665e-05
2.9712e-05
2.976e-05
2.9807e-05
2.9854e-05
2.9901e-05
2.9948e-05
2.9995e-05
3.0042e-05
3.0089e-05
3.0136e-05
3.0184e-05
3.0231e-05
3.0278e-05
3.0325e-05
3.0372e-05
3.0419e-05
3.0466e-05
3.0512e-05
3.0559e-05
3.0606e-05
3.0653e-05
3.07e-05
3.0747e-05
3.0794e-05
3.084e-05
3.0887e-05
3.0934e-05
3.0981e-05
3.1028e-05
3.1074e-05
3.1121e-05
3.1168e-05
3.1214e-05
3.1261e-05
3.1307e-05
3.1354e-05
3.1401e-05
3.1447e-05
3.1494e-05
3.154e-05
3.1587e-05
3.1633e-05
3.1679e-05
3.1726e-05
3.1772e-05
3.1818e-05
3.1865e-05
3.1911e-05
3.1957e-05
3.2004e-05
3.205e-05
3.2096e-05
3.2142e-05
3.2188e-05
3.2234e-05
3.228e-05
3.2326e-05
3.2372e-05
3.2418e-05
3.2464e-05
3.251e-05
3.2556e-05
3.2602e-05
3.2648e-05
3.2693e-05
3.2739e-05
3.2785e-05
3.2831e-05
3.2876e-05
3.2922e-05
3.2967e-05
3.3013e-05
3.3058e-05
3.3104e-05
3.3149e-05
3.3195e-05
3.324e-05
3.3285e-05
3.3331e-05
3.3376e-05
3.3421e-05
3.3466e-05
3.3512e-05
3.3557e-05
3.3602e-05
3.3647e-05
3.3692e-05
3.3737e-05
3.3782e-05
3.3827e-05
3.3871e-05
3.3916e-05
3.3961e-05
3.4006e-05
3.405e-05
3.4095e-05
3.414e-05
3.4184e-05
3.4229e-05
3.4273e-05
3.4318e-05
3.4362e-05
3.4406e-05
3.4451e-05
3.4495e-05
3.4539e-05
3.4583e-05
3.4627e-05
3.4671e-05
3.4715e-05
3.4759e-05
3.4803e-05
3.4847e-05
3.4891e-05
3.4935e-05
3.4979e-05
3.5022e-05
3.5066e-05
3.511e-05
3.5153e-05
3.5197e-05
3.524e-05
3.5283e-05
3.5327e-05
3.537e-05
3.5413e-05
3.5456e-05
3.55e-05
3.5543e-05
3.5586e-05
3.5629e-05
3.5672e-05
3.5715e-05
3.5757e-05
3.58e-05
3.5843e-05
3.5885e-05
3.5928e-05
3.5971e-05
3.6013e-05
3.6056e-05
3.6098e-05
3.614e-05
3.6183e-05
3.6225e-05
3.6267e-05
3.6309e-05
3.6351e-05
3.6393e-05
3.6435e-05
3.6477e-05
3.6519e-05
3.656e-05
3.6602e-05
3.6644e-05
3.6685e-05
3.6727e-05
3.6768e-05
3.681e-05
3.6851e-05
3.6892e-05
3.6933e-05
3.6974e-05
3.7015e-05
3.7056e-05
3.7097e-05
3.7138e-05
3.7179e-05
3.722e-05
3.7261e-05
3.7301e-05
3.7342e-05
3.7382e-05
3.7423e-05
3.7463e-05
3.7503e-05
3.7543e-05
3.7584e-05
3.7624e-05
3.7664e-05
3.7704e-05
3.7744e-05
3.7783e-05
3.7823e-05
3.7863e-05
3.7902e-05
3.7942e-05
3.7981e-05
3.8021e-05
3.806e-05
3.8099e-05
3.8138e-05
3.8178e-05
3.8217e-05
3.8256e-05
3.8294e-05
3.8333e-05
3.8372e-05
3.8411e-05
3.8449e-05
3.8488e-05
3.8526e-05
3.8565e-05
3.8603e-05
3.8641e-05
3.8679e-05
3.8717e-05
3.8755e-05
3.8793e-05
3.8831e-05
3.8869e-05
3.8906e-05
3.8944e-05
3.8981e-05
3.9019e-05
3.9056e-05
3.9094e-05
3.9131e-05
3.9168e-05
3.9205e-05
3.9242e-05
3.9279e-05
3.9316e-05
3.9352e-05
3.9389e-05
3.9426e-05
3.9462e-05
3.9498e-05
3.9535e-05
3.9571e-05
3.9607e-05
3.9643e-05
3.9679e-05
3.9715e-05
3.9751e-05
3.9787e-05
3.9822e-05
3.9858e-05
3.9893e-05
3.9929e-05
3.9964e-05
3.9999e-05
4.0034e-05
4.0069e-05
4.0104e-05
4.0139e-05
4.0174e-05
4.0208e-05
4.0243e-05
4.0278e-05
4.0312e-05
4.0346e-05
4.0381e-05
4.0415e-05
4.0449e-05
4.0483e-05
4.0517e-05
4.055e-05
4.0584e-05
4.0618e-05
4.0651e-05
4.0685e-05
4.0718e-05
4.0751e-05
4.0784e-05
4.0817e-05
4.085e-05
4.0883e-05
4.0916e-05
4.0949e-05
4.0981e-05
4.1014e-05
4.1046e-05
4.1078e-05
4.1111e-05
4.1143e-05
4.1175e-05
4.1207e-05
4.1238e-05
4.127e-05
4.1302e-05
4.1333e-05
4.1365e-05
4.1396e-05
4.1427e-05
4.1458e-05
4.1489e-05
4.152e-05
4.1551e-05
4.1582e-05
4.1613e-05
4.1643e-05
4.1674e-05
4.1704e-05
4.1734e-05
4.1764e-05
4.1794e-05
4.1824e-05
4.1854e-05
4.1884e-05
4.1913e-05
4.1943e-05
4.1972e-05
4.2002e-05
4.2031e-05
4.206e-05
4.2089e-05
4.2118e-05
4.2147e-05
4.2175e-05
4.2204e-05
4.2232e-05
4.2261e-05
4.2289e-05
4.2317e-05
4.2345e-05
4.2373e-05
4.2401e-05
4.2429e-05
4.2456e-05
4.2484e-05
4.2511e-05
4.2539e-05
4.2566e-05
4.2593e-05
4.262e-05
4.2647e-05
4.2674e-05
4.27e-05
4.2727e-05
4.2753e-05
4.278e-05
4.2806e-05
4.2832e-05
4.2858e-05
4.2884e-05
4.291e-05
4.2935e-05
4.2961e-05
4.2986e-05
4.3012e-05
4.3037e-05
4.3062e-05
4.3087e-05
4.3112e-05
4.3137e-05
4.3162e-05
4.3186e-05
4.3211e-05
4.3235e-05
4.3259e-05
4.3283e-05
4.3307e-05
4.3331e-05
4.3355e-05
4.3378e-05
4.3402e-05
4.3425e-05
4.3449e-05
4.3472e-05
4.3495e-05
4.3518e-05
4.3541e-05
4.3563e-05
4.3586e-05
4.3609e-05
4.3631e-05
4.3653e-05
4.3675e-05
4.3697e-05
4.3719e-05
4.3741e-05
4.3763e-05
4.3784e-05
4.3806e-05
4.3827e-05
4.3848e-05
4.3869e-05
4.389e-05
4.3911e-05
4.3932e-05
4.3952e-05
4.3973e-05
4.3993e-05
4.4013e-05
4.4034e-05
4.4054e-05
4.4073e-05
4.4093e-05
4.4113e-05
4.4132e-05
4.4152e-05
4.4171e-05
4.419e-05
4.4209e-05
4.4228e-05
4.4247e-05
4.4266e-05
4.4284e-05
4.4303e-05
4.4321e-05
4.4339e-05
4.4357e-05
4.4375e-05
4.4393e-05
4.441e-05
4.4428e-05
4.4445e-05
4.4463e-05
4.448e-05
4.4497e-05
4.4514e-05
4.4531e-05
4.4547e-05
4.4564e-05
4.458e-05
4.4597e-05
4.4613e-05
4.4629e-05
4.4645e-05
4.4661e-05
4.4676e-05
4.4692e-05
4.4707e-05
4.4723e-05
4.4738e-05
4.4753e-05
4.4768e-05
4.4783e-05
4.4797e-05
4.4812e-05
4.4826e-05
4.4841e-05
4.4855e-05
4.4869e-05
4.4883e-05
4.4897e-05
4.491e-05
4.4924e-05
4.4937e-05
4.495e-05
4.4964e-05
4.4977e-05
4.4989e-05
4.5002e-05
4.5015e-05
4.5027e-05
4.504e-05
4.5052e-05
4.5064e-05
4.5076e-05
4.5088e-05
4.51e-05
4.5111e-05
4.5123e-05
4.5134e-05
4.5145e-05
4.5156e-05
4.5167e-05
4.5178e-05
4.5189e-05
4.5199e-05
4.521e-05
4.522e-05
4.523e-05
4.524e-05
4.525e-05
4.526e-05
4.5269e-05
4.5279e-05
4.5288e-05
4.5298e-05
4.5307e-05
4.5316e-05
4.5324e-05
4.5333e-05
4.5342e-05
4.535e-05
4.5359e-05
4.5367e-05
4.5375e-05
4.5383e-05
4.539e-05
4.5398e-05
4.5406e-05
4.5413e-05
4.542e-05
4.5427e-05
4.5434e-05
4.5441e-05
4.5448e-05
4.5455e-05
4.5461e-05
4.5467e-05
4.5474e-05
4.548e-05
4.5486e-05
4.5491e-05
4.5497e-05
4.5503e-05
4.5508e-05
4.5513e-05
4.5518e-05
4.5524e-05
4.5528e-05
4.5533e-05
4.5538e-05
4.5542e-05
4.5547e-05
4.5551e-05
4.5555e-05
4.5559e-05
4.5563e-05
4.5566e-05
4.557e-05
4.5573e-05
4.5576e-05
4.558e-05
4.5583e-05
4.5585e-05
4.5588e-05
4.5591e-05
4.5593e-05
4.5596e-05
4.5598e-05
4.56e-05
4.5602e-05
4.5603e-05
4.5605e-05
4.5607e-05
4.5608e-05
4.5609e-05
4.561e-05
4.5611e-05
4.5612e-05
4.5613e-05
4.5614e-05
4.5614e-05
4.5614e-05
4.5615e-05
4.5615e-05
4.5615e-05
4.5614e-05
4.5614e-05
4.5613e-05
4.5613e-05
4.5612e-05
4.5611e-05
4.561e-05
4.5609e-05
4.5608e-05
4.5606e-05
4.5605e-05
4.5603e-05
4.5601e-05
4.5599e-05
4.5597e-05
4.5595e-05
4.5593e-05
4.559e-05
4.5587e-05
4.5585e-05
4.5582e-05
4.5579e-05
4.5576e-05
4.5572e-05
4.5569e-05
4.5565e-05
4.5562e-05
4.5558e-05
4.5554e-05
4.555e-05
4.5545e-05
4.5541e-05
4.5537e-05
4.5532e-05
4.5527e-05
4.5522e-05
4.5517e-05
4.5512e-05
4.5507e-05
4.5501e-05
4.5496e-05
4.549e-05
4.5484e-05
4.5478e-05
4.5472e-05
4.5466e-05
4.5459e-05
4.5453e-05
4.5446e-05
4.544e-05
4.5433e-05
4.5426e-05
4.5418e-05
4.5411e-05
4.5404e-05
4.5396e-05
4.5388e-05
4.5381e-05
4.5373e-05
4.5365e-05
4.5356e-05
4.5348e-05
4.534e-05
4.5331e-05
4.5322e-05
4.5313e-05
4.5304e-05
4.5295e-05
4.5286e-05
4.5276e-05
4.5267e-05
4.5257e-05
4.5247e-05
4.5237e-05
4.5227e-05
4.5217e-05
4.5207e-05
4.5196e-05
4.5186e-05
4.5175e-05
4.5164e-05
4.5153e-05
4.5142e-05
4.5131e-05
4.512e-05
4.5108e-05
4.5097e-05
4.5085e-05
4.5073e-05
4.5061e-05
4.5049e-05
4.5036e-05
4.5024e-05
4.5011e-05
4.4999e-05
4.4986e-05
4.4973e-05
4.496e-05
4.4947e-05
4.4934e-05
4.492e-05
4.4907e-05
4.4893e-05
4.4879e-05
4.4865e-05
4.4851e-05
4.4837e-05
4.4823e-05
4.4808e-05
4.4794e-05
4.4779e-05
4.4764e-05
4.4749e-05
4.4734e-05
4.4719e-05
4.4703e-05
4.4688e-05
4.4672e-05
4.4657e-05
4.4641e-05
4.4625e-05
4.4609e-05
4.4593e-05
4.4576e-05
4.456e-05
4.4543e-05
4.4526e-05
4.451e-05
4.4493e-05
4.4475e-05
4.4458e-05
4.4441e-05
4.4423e-05
4.4406e-05
4.4388e-05
4.437e-05
4.4352e-05
4.4334e-05
4.4316e-05
4.4298e-05
4.4279e-05
4.4261e-05
4.4242e-05
4.4223e-05
4.4204e-05
4.4185e-05
4.4166e-05
4.4147e-05
4.4127e-05
4.4108e-05
4.4088e-05
4.4068e-05
4.4048e-05
4.4028e-05
4.4008e-05
4.3988e-05
4.3968e-05
4.3947e-05
4.3926e-05
4.3906e-05
4.3885e-05
4.3864e-05
4.3843e-05
4.3821e-05
4.38e-05
4.3779e-05
4.3757e-05
4.3735e-05
4.3714e-05
4.3692e-05
4.367e-05
4.3647e-05
4.3625e-05
4.3603e-05
4.358e-05
4.3558e-05
4.3535e-05
4.3512e-05
4.3489e-05
4.3466e-05
4.3443e-05
4.3419e-05
4.3396e-05
4.3372e-05
4.3349e-05
4.3325e-05
4.3301e-05
4.3277e-05
4.3253e-05
4.3228e-05
4.3204e-05
4.318e-05
4.3155e-05
4.313e-05
4.3106e-05
4.3081e-05
4.3056e-05
4.303e-05
4.3005e-05
4.298e-05
4.2954e-05
4.2929e-05
4.2903e-05
4.2877e-05
4.2851e-05
4.2825e-05
4.2799e-05
4.2773e-05
4.2746e-05
4.272e-05
4.2693e-05
4.2667e-05
4.264e-05
4.2613e-05
4.2586e-05
4.2559e-05
4.2532e-05
4.2504e-05
4.2477e-05
4.2449e-05
4.2422e-05
4.2394e-05
4.2366e-05
4.2338e-05
4.231e-05
4.2282e-05
4.2253e-05
4.2225e-05
4.2196e-05
4.2168e-05
4.2139e-05
4.211e-05
4.2081e-05
4.2052e-05
4.2023e-05
4.1994e-05
4.1965e-05
4.1935e-05
4.1906e-05
4.1876e-05
4.1846e-05
4.1816e-05
4.1786e-05
4.1756e-05
4.1726e-05
4.1696e-05
4.1666e-05
4.1635e-05
4.1605e-05
4.1574e-05
4.1543e-05
4.1512e-05
4.1481e-05
4.145e-05
4.1419e-05
4.1388e-05
4.1356e-05
4.1325e-05
4.1293e-05
4.1262e-05
4.123e-05
4.1198e-05
4.1166e-05
4.1134e-05
4.1102e-05
4.107e-05
4.1038e-05
4.1005e-05
4.0973e-05
4.094e-05
4.0907e-05
4.0875e-05
4.0842e-05
4.0809e-05
4.0776e-05
4.0743e-05
4.0709e-05
4.0676e-05
4.0642e-05
4.0609e-05
4.0575e-05
4.0542e-05
4.0508e-05
4.0474e-05
4.044e-05
4.0406e-05
4.0372e-05
4.0337e-05
4.0303e-05
4.0269e-05
4.0234e-05
4.0199e-05
4.0165e-05
4.013e-05
4.0095e-05
4.006e-05
4.0025e-05
3.999e-05
3.9955e-05
3.9919e-05
3.9884e-05
3.9848e-05
3.9813e-05
3.9777e-05
3.9741e-05
3.9706e-05
3.967e-05
3.9634e-05
3.9598e-05
3.9561e-05
3.9525e-05
3.9489e-05
3.9452e-05
3.9416e-05
3.9379e-05
3.9343e-05
3.9306e-05
3.9269e-05
3.9232e-05
3.9195e-05
3.9158e-05
3.9121e-05
3.9084e-05
3.9047e-05
3.9009e-05
3.8972e-05
3.8934e-05
3.8897e-05
3.8859e-05
3.8821e-05
3.8783e-05
3.8745e-05
3.8707e-05
3.8669e-05
3.8631e-05
3.8593e-05
3.8555e-05
3.8516e-05
3.8478e-05
3.8439e-05
3.8401e-05
3.8362e-05
3.8323e-05
3.8284e-05
3.8245e-05
3.8206e-05
3.8167e-05
3.8128e-05
3.8089e-05
3.805e-05
3.801e-05
3.7971e-05
3.7932e-05
3.7892e-05
3.7852e-05
3.7813e-05
3.7773e-05
3.7733e-05
3.7693e-05
3.7653e-05
3.7613e-05
3.7573e-05
3.7533e-05
3.7493e-05
3.7452e-05
3.7412e-05
3.7372e-05
3.7331e-05
3.7291e-05
3.725e-05
3.7209e-05
3.7168e-05
3.7128e-05
3.7087e-05
3.7046e-05
3.7005e-05
3.6964e-05
3.6923e-05
3.6881e-05
3.684e-05
3.6799e-05
3.6757e-05
3.6716e-05
3.6674e-05
3.6633e-05
3.6591e-05
3.6549e-05
3.6508e-05
3.6466e-05
3.6424e-05
3.6382e-05
3.634e-05
3.6298e-05
3.6256e-05
3.6214e-05
3.6171e-05
3.6129e-05
3.6087e-05
3.6044e-05
3.6002e-05
3.596e-05
3.5917e-05
3.5874e-05
3.5832e-05
3.5789e-05
3.5746e-05
3.5703e-05
3.566e-05
3.5617e-05
3.5574e-05
3.5531e-05
3.5488e-05
3.5445e-05
3.5402e-05
3.5359e-05
3.5315e-05
3.5272e-05
3.5229e-05
3.5185e-05
3.5142e-05
3.5098e-05
3.5055e-05
3.5011e-05
3.4967e-05
3.4923e-05
3.488e-05
3.4836e-05
3.4792e-05
3.4748e-05
3.4704e-05
3.466e-05
3.4616e-05
3.4572e-05
3.4528e-05
3.4483e-05
3.4439e-05
3.4395e-05
3.435e-05
3.4306e-05
3.4262e-05
3.4217e-05
3.4173e-05
3.4128e-05
3.4083e-05
3.4039e-05
3.3994e-05
3.3949e-05
3.3905e-05
3.386e-05
3.3815e-05
3.377e-05
3.3725e-05
3.368e-05
3.3635e-05
3.359e-05
3.3545e-05
3.35e-05
3.3455e-05
3.3409e-05
3.3364e-05
3.3319e-05
3.3274e-05
3.3228e-05
3.3183e-05
3.3137e-05
3.3092e-05
3.3047e-05
3.3001e-05
3.2955e-05
3.291e-05
3.2864e-05
3.2819e-05
3.2773e-05
3.2727e-05
3.2681e-05
3.2636e-05
3.259e-05
3.2544e-05
3.2498e-05
3.2452e-05
3.2406e-05
3.236e-05
3.2314e-05
3.2268e-05
3.2222e-05
3.2176e-05
3.213e-05
3.2084e-05
3.2038e-05
3.1991e-05
3.1945e-05
3.1899e-05
3.1853e-05
3.1806e-05
3.176e-05
3.1714e-05
3.1667e-05
3.1621e-05
3.1574e-05
3.1528e-05
3.1481e-05
3.1435e-05
3.1388e-05
3.1342e-05
3.1295e-05
3.1249e-05
3.1202e-05
3.1155e-05
3.1109e-05
3.1062e-05
3.1015e-05
3.0969e-05
3.0922e-05
3.0875e-05
3.0828e-05
3.0781e-05
3.0735e-05
3.0688e-05
3.0641e-05
3.0594e-05
3.0547e-05
3.05e-05
3.0453e-05
3.0406e-05
3.0359e-05
3.0312e-05
3.0265e-05
3.0218e-05
3.0171e-05
3.0124e-05
3.0077e-05
3.003e-05
2.9983e-05
2.9936e-05
2.9889e-05
2.9842e-05
2.9794e-05
2.9747e-05
2.97e-05
2.9653e-05
2.9606e-05
2.9558e-05
2.9511e-05
2.9464e-05
2.9417e-05
2.9369e-05
2.9322e-05
2.9275e-05
2.9228e-05
2.918e-05
2.9133e-05
2.9086e-05
2.9038e-05
2.8991e-05
2.8944e-05
2.8896e-05
2.8849e-05
2.8802e-05
2.8754e-05
2.8707e-05
2.8659e-05
2.8612e-05
2.8565e-05
2.8517e-05
2.847e-05
2.8422e-05
2.8375e-05
2.8328e-05
2.828e-05
2.8233e-05
2.8185e-05
2.8138e-05
2.809e-05
2.8043e-05
2.7996e-05
2.7948e-05
2.7901e-05
2.7853e-05
2.7806e-05
2.7758e-05
2.7711e-05
2.7663e-05
2.7616e-05
2.7569e-05
2.7521e-05
2.7474e-05
2.7426e-05
2.7379e-05
2.7331e-05
2.7284e-05
2.7236e-05
2.7189e-05
2.7142e-05
2.7094e-05
2.7047e-05
2.6999e-05
2.6952e-05
2.6904e-05
2.6857e-05
2.681e-05
2.6762e-05
2.6715e-05
2.6667e-05
2.662e-05
2.6573e-05
2.6525e-05
2.6478e-05
2.643e-05
2.6383e-05
2.6336e-05
2.6288e-05
2.6241e-05
2.6194e-05
2.6146e-05
2.6099e-05
2.6052e-05
2.6005e-05
2.5957e-05
2.591e-05
2.5863e-05
2.5816e-05
2.5768e-05
2.5721e-05
2.5674e-05
2.5627e-05
2.5579e-05
2.5532e-05
2.5485e-05
2.5438e-05
2.5391e-05
2.5344e-05
2.5297e-05
2.5249e-05
2.5202e-05
2.5155e-05
2.5108e-05
2.5061e-05
2.5014e-05
2.4967e-05
2.492e-05
2.4873e-05
2.4826e-05
2.4779e-05
2.4732e-05
2.4685e-05
2.4638e-05
2.4592e-05
2.4545e-05
2.4498e-05
2.4451e-05
2.4404e-05
2.4357e-05
2.4311e-05
2.4264e-05
2.4217e-05
2.417e-05
2.4124e-05
2.4077e-05
2.403e-05
2.3984e-05
2.3937e-05
2.389e-05
2.3844e-05
2.3797e-05
2.3751e-05
2.3704e-05
2.3658e-05
2.3611e-05
2.3565e-05
2.3518e-05
2.3472e-05
2.3425e-05
2.3379e-05
2.3333e-05
2.3286e-05
2.324e-05
2.3194e-05
2.3148e-05
2.3101e-05
2.3055e-05
2.3009e-05
2.2963e-05
2.2917e-05
2.2871e-05
2.2824e-05
2.2778e-05
2.2732e-05
2.2686e-05
2.264e-05
2.2594e-05
2.2549e-05
2.2503e-05
2.2457e-05
2.2411e-05
2.2365e-05
2.2319e-05
2.2274e-05
2.2228e-05
2.2182e-05
2.2136e-05
2.2091e-05
2.2045e-05
2.2e-05
2.1954e-05
2.1909e-05
2.1863e-05
2.1818e-05
2.1772e-05
2.1727e-05
2.1681e-05
2.1636e-05
2.1591e-05
2.1546e-05
2.15e-05
2.1455e-05
2.141e-05
2.1365e-05
2.132e-05
2.1275e-05
2.1229e-05
2.1184e-05
2.114e-05
2.1095e-05
2.105e-05
2.1005e-05
2.096e-05
2.0915e-05
2.087e-05
2.0826e-05
2.0781e-05
2.0736e-05
2.0692e-05
2.0647e-05
2.0602e-05
2.0558e-05
2.0513e-05
2.0469e-05
2.0424e-05
2.038e-05
2.0336e-05
2.0291e-05
2.0247e-05
2.0203e-05
2.0159e-05
2.0115e-05
2.007e-05
2.0026e-05
1.9982e-05
1.9938e-05
1.9894e-05
1.985e-05
1.9806e-05
1.9763e-05
1.9719e-05
1.9675e-05
1.9631e-05
1.9588e-05
1.9544e-05
1.95e-05
1.9457e-05
1.9413e-05
1.937e-05
1.9326e-05
1.9283e-05
1.9239e-05
1.9196e-05
1.9153e-05
1.9109e-05
1.9066e-05
1.9023e-05
1.898e-05
1.8937e-05
1.8894e-05
1.8851e-05
1.8808e-05
1.8765e-05
1.8722e-05
1.8679e-05
1.8636e-05
1.8594e-05
1.8551e-05
1.8508e-05
1.8466e-05
1.8423e-05
1.8381e-05
1.8338e-05
1.8296e-05
1.8253e-05
1.8211e-05
1.8169e-05
1.8126e-05
1.8084e-05
1.8042e-05
1.8e-05
1.7958e-05
1.7916e-05
1.7874e-05
1.7832e-05
1.779e-05
1.7748e-05
1.7706e-05
1.7665e-05
1.7623e-05
1.7581e-05
1.754e-05
1.7498e-05
1.7457e-05
1.7415e-05
1.7374e-05
1.7332e-05
1.7291e-05
1.725e-05
1.7208e-05
1.7167e-05
1.7126e-05
1.7085e-05
1.7044e-05
1.7003e-05
1.6962e-05
1.6921e-05
1.688e-05
1.6839e-05
1.6799e-05
1.6758e-05
1.6717e-05
1.6677e-05
1.6636e-05
1.6596e-05
1.6555e-05
1.6515e-05
1.6475e-05
1.6434e-05
1.6394e-05
1.6354e-05
1.6314e-05
1.6274e-05
1.6233e-05
1.6193e-05
1.6154e-05
1.6114e-05
1.6074e-05
1.6034e-05
1.5994e-05
1.5955e-05
1.5915e-05
1.5875e-05
1.5836e-05
1.5796e-05
1.5757e-05
1.5718e-05
1.5678e-05
1.5639e-05
1.56e-05
1.5561e-05
1.5521e-05
1.5482e-05
1.5443e-05
1.5404e-05
1.5366e-05
1.5327e-05
1.5288e-05
1.5249e-05
1.521e-05
1.5172e-05
1.5133e-05
1.5095e-05
1.5056e-05
1.5018e-05
1.4979e-05
1.4941e-05
1.4903e-05
1.4865e-05
1.4827e-05
1.4788e-05
1.475e-05
1.4712e-05
1.4674e-05
1.4637e-05
1.4599e-05
1.4561e-05
1.4523e-05
1.4486e-05
1.4448e-05
1.441e-05
1.4373e-05
1.4336e-05
1.4298e-05
1.4261e-05
1.4224e-05
1.4186e-05
1.4149e-05
1.4112e-05
1.4075e-05
1.4038e-05
1.4001e-05
1.3964e-05
1.3927e-05
1.3891e-05
1.3854e-05
1.3817e-05
1.3781e-05
1.3744e-05
1.3708e-05
1.3671e-05
1.3635e-05
1.3599e-05
1.3562e-05
1.3526e-05
1.349e-05
1.3454e-05
1.3418e-05
1.3382e-05
1.3346e-05
1.331e-05
1.3274e-05
1.3239e-05
1.3203e-05
1.3167e-05
1.3132e-05
1.3096e-05
1.3061e-05
1.3025e-05
1.299e-05
1.2955e-05
1.2919e-05
1.2884e-05
1.2849e-05
1.2814e-05
1.2779e-05
1.2744e-05
1.2709e-05
1.2675e-05
1.264e-05
1.2605e-05
1.257e-05
1.2536e-05
1.2501e-05
1.2467e-05
1.2432e-05
1.2398e-05
1.2364e-05
1.233e-05
1.2295e-05
1.2261e-05
1.2227e-05
1.2193e-05
1.2159e-05
1.2125e-05
1.2092e-05
1.2058e-05
1.2024e-05
1.199e-05
1.1957e-05
1.1923e-05
1.189e-05
1.1856e-05
1.1823e-05
1.179e-05
1.1757e-05
1.1723e-05
1.169e-05
1.1657e-05
1.1624e-05
1.1591e-05
1.1558e-05
1.1526e-05
1.1493e-05
1.146e-05
1.1427e-05
1.1395e-05
1.1362e-05
1.133e-05
1.1298e-05
1.1265e-05
1.1233e-05
1.1201e-05
1.1168e-05
1.1136e-05
1.1104e-05
1.1072e-05
1.104e-05
1.1009e-05
1.0977e-05
1.0945e-05
1.0913e-05
1.0882e-05
1.085e-05
1.0819e-05
1.0787e-05
1.0756e-05
1.0724e-05
1.0693e-05
1.0662e-05
1.0631e-05
1.06e-05
1.0569e-05
1.0538e-05
1.0507e-05
1.0476e-05
1.0445e-05
1.0414e-05
1.0384e-05
1.0353e-05
1.0323e-05
1.0292e-05
1.0262e-05
1.0231e-05
1.0201e-05
1.0171e-05
1.0141e-05
1.011e-05
1.008e-05
1.005e-05
1.002e-05
9.9906e-06
9.9607e-06
9.931e-06
9.9012e-06
9.8716e-06
9.842e-06
9.8125e-06
9.783e-06
9.7536e-06
9.7242e-06
9.6949e-06
9.6657e-06
9.6365e-06
9.6074e-06
9.5784e-06
9.5494e-06
9.5204e-06
9.4916e-06
9.4627e-06
9.434e-06
9.4053e-06
9.3767e-06
9.3481e-06
9.3196e-06
9.2911e-06
9.2627e-06
9.2344e-06
9.2061e-06
9.1779e-06
9.1497e-06
9.1216e-06
9.0936e-06
9.0656e-06
9.0377e-06
9.0098e-06
8.982e-06
8.9543e-06
8.9266e-06
8.899e-06
8.8714e-06
8.8439e-06
8.8165e-06
8.7891e-06
8.7617e-06
8.7345e-06
8.7073e-06
8.6801e-06
8.653e-06
8.626e-06
8.599e-06
8.5721e-06
8.5453e-06
8.5185e-06
8.4917e-06
8.4651e-06
8.4384e-06
8.4119e-06
8.3854e-06
8.3589e-06
8.3326e-06
8.3062e-06
8.28e-06
8.2538e-06
8.2276e-06
8.2015e-06
8.1755e-06
8.1495e-06
8.1236e-06
8.0978e-06
8.072e-06
8.0462e-06
8.0206e-06
7.995e-06
7.9694e-06
7.9439e-06
7.9184e-06
7.8931e-06
7.8677e-06
7.8425e-06
7.8173e-06
7.7921e-06
7.767e-06
7.742e-06
7.717e-06
7.6921e-06
7.6672e-06
7.6424e-06
7.6177e-06
7.593e-06
7.5683e-06
7.5438e-06
7.5192e-06
7.4948e-06
7.4704e-06
7.446e-06
7.4218e-06
7.3975e-06
7.3734e-06
7.3492e-06
7.3252e-06
7.3012e-06
7.2772e-06
7.2534e-06
7.2295e-06
7.2058e-06
7.182e-06
7.1584e-06
7.1348e-06
7.1112e-06
7.0878e-06
7.0643e-06
7.041e-06
7.0176e-06
6.9944e-06
6.9712e-06
6.948e-06
6.9249e-06
6.9019e-06
6.8789e-06
6.856e-06
6.8331e-06
6.8103e-06
6.7876e-06
6.7649e-06
6.7423e-06
6.7197e-06
6.6971e-06
6.6747e-06
6.6523e-06
6.6299e-06
6.6076e-06
6.5853e-06
6.5631e-06
6.541e-06
6.5189e-06
6.4969e-06
6.4749e-06
6.453e-06
6.4312e-06
6.4093e-06
6.3876e-06
6.3659e-06
6.3443e-06
6.3227e-06
6.3011e-06
6.2797e-06
6.2582e-06
6.2369e-06
6.2156e-06
6.1943e-06
6.1731e-06
6.152e-06
6.1309e-06
6.1098e-06
6.0888e-06
6.0679e-06
6.047e-06
6.0262e-06
6.0055e-06
5.9847e-06
5.9641e-06
5.9435e-06
5.9229e-06
5.9024e-06
5.882e-06
5.8616e-06
5.8412e-06
5.821e-06
5.8007e-06
5.7805e-06
5.7604e-06
5.7404e-06
5.7203e-06
5.7004e-06
5.6805e-06
5.6606e-06
5.6408e-06
5.621e-06
5.6013e-06
5.5817e-06
5.5621e-06
5.5425e-06
5.5231e-06
5.5036e-06
5.4842e-06
5.4649e-06
5.4456e-06
5.4264e-06
5.4072e-06
5.3881e-06
5.369e-06
5.35e-06
5.331e-06
5.3121e-06
5.2932e-06
5.2744e-06
5.2556e-06
5.2369e-06
5.2183e-06
5.1997e-06
5.1811e-06
5.1626e-06
5.1441e-06
5.1257e-06
5.1074e-06
5.0891e-06
5.0708e-06
5.0526e-06
5.0345e-06
5.0163e-06
4.9983e-06
4.9803e-06
4.9623e-06
4.9444e-06
4.9266e-06
4.9088e-06
4.891e-06
4.8733e-06
4.8557e-06
4.8381e-06
4.8205e-06
4.803e-06
4.7856e-06
4.7682e-06
4.7508e-06
4.7335e-06
4.7162e-06
4.699e-06
4.6819e-06
4.6648e-06
4.6477e-06
4.6307e-06
4.6137e-06
4.5968e-06
4.58e-06
4.5631e-06
4.5464e-06
4.5296e-06
4.513e-06
4.4964e-06
4.4798e-06
4.4632e-06
4.4468e-06
4.4303e-06
4.4139e-06
4.3976e-06
4.3813e-06
4.3651e-06
4.3489e-06
4.3327e-06
4.3166e-06
4.3006e-06
4.2846e-06
4.2686e-06
4.2527e-06
4.2368e-06
4.221e-06
4.2052e-06
4.1895e-06
4.1738e-06
4.1582e-06
4.1426e-06
4.1271e-06
4.1116e-06
4.0961e-06
4.0807e-06
4.0654e-06
4.0501e-06
4.0348e-06
4.0196e-06
4.0044e-06
3.9893e-06
3.9742e-06
3.9592e-06
3.9442e-06
3.9292e-06
3.9143e-06
3.8995e-06
3.8847e-06
3.8699e-06
3.8552e-06
3.8405e-06
3.8259e-06
3.8113e-06
3.7968e-06
3.7823e-06
3.7678e-06
3.7534e-06
3.739e-06
3.7247e-06
3.7104e-06
3.6962e-06
3.682e-06
3.6679e-06
3.6538e-06
3.6397e-06
3.6257e-06
3.6117e-06
3.5978e-06
3.5839e-06
3.5701e-06
3.5563e-06
3.5425e-06
3.5288e-06
3.5151e-06
3.5015e-06
3.4879e-06
3.4744e-06
3.4609e-06
3.4474e-06
3.434e-06
3.4206e-06
3.4073e-06
3.394e-06
3.3807e-06
3.3675e-06
3.3544e-06
3.3412e-06
3.3282e-06
3.3151e-06
3.3021e-06
3.2892e-06
3.2762e-06
3.2634e-06
3.2505e-06
3.2377e-06
3.225e-06
3.2123e-06
3.1996e-06
3.187e-06
3.1744e-06
3.1618e-06
3.1493e-06
3.1369e-06
3.1244e-06
3.112e-06
3.0997e-06
3.0874e-06
3.0751e-06
3.0629e-06
3.0507e-06
3.0386e-06
3.0264e-06
3.0144e-06
3.0023e-06
2.9903e-06
2.9784e-06
2.9665e-06
2.9546e-06
2.9428e-06
2.931e-06
2.9192e-06
2.9075e-06
2.8958e-06
2.8842e-06
2.8726e-06
2.861e-06
2.8495e-06
2.838e-06
2.8265e-06
2.8151e-06
2.8037e-06
2.7924e-06
2.7811e-06
2.7698e-06
2.7586e-06
2.7474e-06
2.7363e-06
2.7252e-06
2.7141e-06
2.703e-06
2.692e-06
2.6811e-06
2.6701e-06
2.6592e-06
2.6484e-06
2.6376e-06
2.6268e-06
2.616e-06
2.6053e-06
2.5947e-06
2.584e-06
2.5734e-06
2.5629e-06
2.5523e-06
2.5418e-06
2.5314e-06
2.5209e-06
2.5106e-06
2.5002e-06
2.4899e-06
2.4796e-06
2.4694e-06
2.4592e-06
2.449e-06
2.4388e-06
2.4287e-06
2.4187e-06
2.4086e-06
2.3986e-06
2.3887e-06
2.3787e-06
2.3688e-06
2.359e-06
2.3491e-06
2.3393e-06
2.3296e-06
2.3198e-06
2.3102e-06
2.3005e-06
2.2909e-06
2.2813e-06
2.2717e-06
2.2622e-06
2.2527e-06
2.2432e-06
2.2338e-06
2.2244e-06
2.215e-06
2.2057e-06
2.1964e-06
2.1872e-06
2.1779e-06
2.1687e-06
2.1596e-06
2.1504e-06
2.1413e-06
2.1323e-06
2.1232e-06
2.1142e-06
2.1053e-06
2.0963e-06
2.0874e-06
2.0785e-06
2.0697e-06
2.0609e-06
2.0521e-06
2.0434e-06
2.0346e-06
2.0259e-06
2.0173e-06
2.0087e-06
2.0001e-06
1.9915e-06
1.983e-06
1.9745e-06
1.966e-06
1.9576e-06
1.9492e-06
1.9408e-06
1.9324e-06
1.9241e-06
1.9158e-06
1.9076e-06
1.8993e-06
1.8911e-06
1.883e-06
1.8748e-06
1.8667e-06
1.8586e-06
1.8506e-06
1.8426e-06
1.8346e-06
1.8266e-06
1.8187e-06
1.8108e-06
1.8029e-06
1.7951e-06
1.7872e-06
1.7795e-06
1.7717e-06
1.764e-06
1.7563e-06
1.7486e-06
1.7409e-06
1.7333e-06
1.7257e-06
1.7182e-06
1.7106e-06
1.7031e-06
1.6957e-06
1.6882e-06
1.6808e-06
1.6734e-06
1.666e-06
1.6587e-06
1.6514e-06
1.6441e-06
1.6368e-06
1.6296e-06
1.6224e-06
1.6152e-06
1.6081e-06
1.601e-06
1.5939e-06
1.5868e-06
1.5798e-06
1.5728e-06
1.5658e-06
1.5588e-06
1.5519e-06
1.545e-06
1.5381e-06
1.5312e-06
1.5244e-06
1.5176e-06
1.5108e-06
1.5041e-06
1.4973e-06
1.4906e-06
1.484e-06
1.4773e-06
1.4707e-06
1.4641e-06
1.4575e-06
1.451e-06
1.4445e-06
1.438e-06
1.4315e-06
1.425e-06
1.4186e-06
1.4122e-06
1.4058e-06
1.3995e-06
1.3932e-06
1.3869e-06
1.3806e-06
1.3744e-06
1.3681e-06
1.3619e-06
1.3557e-06
1.3496e-06
1.3435e-06
1.3374e-06
1.3313e-06
1.3252e-06
1.3192e-06
1.3132e-06
1.3072e-06
1.3012e-06
1.2953e-06
1.2894e-06
1.2835e-06
1.2776e-06
1.2717e-06
1.2659e-06
1.2601e-06
1.2543e-06
1.2486e-06
1.2429e-06
1.2371e-06
1.2315e-06
1.2258e-06
1.2201e-06
1.2145e-06
1.2089e-06
1.2033e-06
1.1978e-06
1.1923e-06
1.1868e-06
1.1813e-06
1.1758e-06
1.1704e-06
1.1649e-06
1.1595e-06
1.1542e-06
1.1488e-06
1.1435e-06
1.1381e-06
1.1329e-06
1.1276e-06
1.1223e-06
1.1171e-06
1.1119e-06
1.1067e-06
1.1015e-06
1.0964e-06
1.0913e-06
1.0862e-06
1.0811e-06
1.076e-06
1.071e-06
1.066e-06
1.061e-06
1.056e-06
1.051e-06
1.0461e-06
1.0412e-06
1.0363e-06
1.0314e-06
1.0265e-06
1.0217e-06
1.0169e-06
1.0121e-06
1.0073e-06
1.0025e-06
9.9778e-07
9.9306e-07
9.8836e-07
9.8367e-07
9.7901e-07
9.7436e-07
9.6974e-07
9.6513e-07
9.6055e-07
9.5598e-07
9.5143e-07
9.469e-07
9.4239e-07
9.3789e-07
9.3342e-07
9.2896e-07
9.2453e-07
9.2011e-07
9.1571e-07
9.1133e-07
9.0696e-07
9.0262e-07
8.9829e-07
8.9398e-07
8.8969e-07
8.8542e-07
8.8116e-07
8.7693e-07
8.7271e-07
8.6851e-07
8.6432e-07
8.6016e-07
8.5601e-07
8.5188e-07
8.4776e-07
8.4367e-07
8.3959e-07
8.3553e-07
8.3148e-07
8.2745e-07
8.2344e-07
8.1945e-07
8.1547e-07
8.1151e-07
8.0757e-07
8.0365e-07
7.9974e-07
7.9584e-07
7.9197e-07
7.8811e-07
7.8427e-07
7.8044e-07
7.7663e-07
7.7284e-07
7.6906e-07
7.653e-07
7.6155e-07
7.5783e-07
7.5411e-07
7.5042e-07
7.4674e-07
7.4307e-07
7.3942e-07
7.3579e-07
7.3217e-07
7.2857e-07
7.2498e-07
7.2141e-07
7.1785e-07
7.1431e-07
7.1079e-07
7.0728e-07
7.0379e-07
7.0031e-07
6.9684e-07
6.934e-07
6.8996e-07
6.8654e-07
6.8314e-07
6.7975e-07
6.7638e-07
6.7302e-07
6.6967e-07
6.6634e-07
6.6303e-07
6.5973e-07
6.5644e-07
6.5317e-07
6.4991e-07
6.4667e-07
6.4344e-07
6.4023e-07
6.3702e-07
6.3384e-07
6.3067e-07
6.2751e-07
6.2436e-07
6.2123e-07
6.1812e-07
6.1502e-07
6.1193e-07
6.0885e-07
6.0579e-07
6.0274e-07
5.9971e-07
5.9669e-07
5.9368e-07
5.9069e-07
5.8771e-07
5.8474e-07
5.8179e-07
5.7885e-07
5.7592e-07
5.73e-07
5.701e-07
5.6721e-07
5.6434e-07
5.6148e-07
5.5863e-07
5.5579e-07
5.5297e-07
5.5016e-07
5.4736e-07
5.4457e-07
5.418e-07
5.3904e-07
5.3629e-07
5.3355e-07
5.3083e-07
5.2812e-07
5.2542e-07
5.2273e-07
5.2006e-07
5.174e-07
5.1475e-07
5.1211e-07
5.0949e-07
5.0687e-07
5.0427e-07
5.0168e-07
4.991e-07
4.9653e-07
4.9398e-07
4.9144e-07
4.8891e-07
4.8639e-07
4.8388e-07
4.8138e-07
4.789e-07
4.7642e-07
4.7396e-07
4.7151e-07
4.6907e-07
4.6664e-07
4.6422e-07
4.6182e-07
4.5942e-07
4.5704e-07
4.5466e-07
4.523e-07
4.4995e-07
4.4761e-07
4.4528e-07
4.4296e-07
4.4066e-07
4.3836e-07
4.3607e-07
4.338e-07
4.3153e-07
4.2928e-07
4.2704e-07
4.248e-07
4.2258e-07
4.2037e-07
4.1816e-07
4.1597e-07
4.1379e-07
4.1162e-07
4.0946e-07
4.0731e-07
4.0517e-07
4.0304e-07
4.0091e-07
3.988e-07
3.967e-07
3.9461e-07
3.9253e-07
3.9046e-07
3.884e-07
3.8635e-07
3.843e-07
3.8227e-07
3.8025e-07
3.7824e-07
3.7623e-07
3.7424e-07
3.7225e-07
3.7028e-07
3.6831e-07
3.6636e-07
3.6441e-07
3.6247e-07
3.6054e-07
3.5862e-07
3.5671e-07
3.5481e-07
3.5292e-07
3.5104e-07
3.4916e-07
3.473e-07
3.4544e-07
3.436e-07
3.4176e-07
3.3993e-07
3.3811e-07
3.363e-07
3.3449e-07
3.327e-07
3.3091e-07
3.2914e-07
3.2737e-07
3.2561e-07
3.2385e-07
3.2211e-07
3.2038e-07
3.1865e-07
3.1693e-07
3.1522e-07
3.1352e-07
3.1183e-07
3.1015e-07
3.0847e-07
3.068e-07
3.0514e-07
3.0349e-07
3.0184e-07
3.0021e-07
2.9858e-07
2.9696e-07
2.9535e-07
2.9374e-07
2.9215e-07
2.9056e-07
2.8898e-07
2.874e-07
2.8584e-07
2.8428e-07
2.8273e-07
2.8119e-07
2.7965e-07
2.7813e-07
2.7661e-07
2.751e-07
2.7359e-07
2.7209e-07
2.706e-07
2.6912e-07
2.6765e-07
2.6618e-07
2.6472e-07
2.6326e-07
2.6182e-07
2.6038e-07
2.5895e-07
2.5752e-07
2.561e-07
2.5469e-07
2.5329e-07
2.5189e-07
2.505e-07
2.4912e-07
2.4775e-07
2.4638e-07
2.4501e-07
2.4366e-07
2.4231e-07
2.4097e-07
2.3963e-07
2.3831e-07
2.3698e-07
2.3567e-07
2.3436e-07
2.3306e-07
2.3176e-07
2.3048e-07
2.2919e-07
2.2792e-07
2.2665e-07
2.2538e-07
2.2413e-07
2.2288e-07
2.2163e-07
2.204e-07
2.1917e-07
2.1794e-07
2.1672e-07
2.1551e-07
2.143e-07
2.131e-07
2.1191e-07
2.1072e-07
2.0954e-07
2.0836e-07
2.0719e-07
2.0603e-07
2.0487e-07
2.0372e-07
2.0257e-07
2.0143e-07
2.0029e-07
1.9916e-07
1.9804e-07
1.9692e-07
1.9581e-07
1.9471e-07
1.9361e-07
1.9251e-07
1.9142e-07
1.9034e-07
1.8926e-07
1.8819e-07
1.8712e-07
1.8606e-07
1.85e-07
1.8395e-07
1.8291e-07
1.8187e-07
1.8084e-07
1.7981e-07
1.7878e-07
1.7777e-07
1.7675e-07
1.7574e-07
1.7474e-07
1.7375e-07
1.7275e-07
1.7177e-07
1.7078e-07
1.6981e-07
1.6884e-07
1.6787e-07
1.6691e-07
1.6595e-07
1.65e-07
1.6405e-07
1.6311e-07
1.6218e-07
1.6124e-07
1.6032e-07
1.594e-07
1.5848e-07
1.5757e-07
1.5666e-07
1.5576e-07
1.5486e-07
1.5396e-07
1.5308e-07
1.5219e-07
1.5131e-07
1.5044e-07
1.4957e-07
1.487e-07
1.4784e-07
1.4699e-07
1.4613e-07
1.4529e-07
1.4444e-07
1.4361e-07
1.4277e-07
1.4194e-07
1.4112e-07
1.403e-07
1.3948e-07
1.3867e-07
1.3786e-07
1.3706e-07
1.3626e-07
1.3546e-07
1.3467e-07
1.3389e-07
1.3311e-07
1.3233e-07
1.3155e-07
1.3078e-07
1.3002e-07
1.2926e-07
1.285e-07
1.2775e-07
1.27e-07
1.2625e-07
1.2551e-07
1.2477e-07
1.2404e-07
1.2331e-07
1.2259e-07
1.2187e-07
1.2115e-07
1.2043e-07
1.1972e-07
1.1902e-07
1.1832e-07
1.1762e-07
1.1692e-07
1.1623e-07
1.1555e-07
1.1486e-07
1.1418e-07
1.1351e-07
1.1283e-07
1.1217e-07
1.115e-07
1.1084e-07
1.1018e-07
1.0953e-07
1.0888e-07
1.0823e-07
1.0759e-07
1.0695e-07
1.0631e-07
1.0568e-07
1.0505e-07
1.0442e-07
1.038e-07
1.0318e-07
1.0256e-07
1.0195e-07
1.0134e-07
1.0073e-07
1.0013e-07
9.9532e-08
9.8936e-08
9.8343e-08
9.7754e-08
9.7168e-08
9.6585e-08
9.6005e-08
9.5429e-08
9.4855e-08
9.4285e-08
9.3718e-08
9.3154e-08
9.2593e-08
9.2036e-08
9.1481e-08
9.093e-08
9.0381e-08
8.9836e-08
8.9294e-08
8.8754e-08
8.8218e-08
8.7685e-08
8.7154e-08
8.6627e-08
8.6102e-08
8.5581e-08
8.5062e-08
8.4546e-08
8.4033e-08
8.3523e-08
8.3016e-08
8.2512e-08
8.201e-08
8.1511e-08
8.1016e-08
8.0522e-08
8.0032e-08
7.9544e-08
7.906e-08
7.8577e-08
7.8098e-08
7.7621e-08
7.7147e-08
7.6676e-08
7.6207e-08
7.5741e-08
7.5277e-08
7.4817e-08
7.4358e-08
7.3903e-08
7.345e-08
7.2999e-08
7.2551e-08
7.2106e-08
7.1663e-08
7.1222e-08
7.0784e-08
7.0349e-08
6.9916e-08
6.9486e-08
6.9058e-08
6.8632e-08
6.8209e-08
6.7788e-08
6.737e-08
6.6954e-08
6.654e-08
6.6129e-08
6.572e-08
6.5313e-08
6.4909e-08
6.4507e-08
6.4108e-08
6.371e-08
6.3315e-08
6.2922e-08
6.2532e-08
6.2144e-08
6.1757e-08
6.1374e-08
6.0992e-08
6.0612e-08
6.0235e-08
5.986e-08
5.9487e-08
5.9116e-08
5.8748e-08
5.8381e-08
5.8017e-08
5.7654e-08
5.7294e-08
5.6936e-08
5.658e-08
5.6226e-08
5.5874e-08
5.5524e-08
5.5176e-08
5.4831e-08
5.4487e-08
5.4145e-08
5.3805e-08
5.3467e-08
5.3131e-08
5.2797e-08
5.2465e-08
5.2135e-08
5.1807e-08
5.1481e-08
5.1156e-08
5.0834e-08
5.0513e-08
5.0195e-08
4.9878e-08
4.9563e-08
4.925e-08
4.8938e-08
4.8629e-08
4.8321e-08
4.8015e-08
4.7711e-08
4.7409e-08
4.7109e-08
4.681e-08
4.6513e-08
4.6218e-08
4.5924e-08
4.5632e-08
4.5342e-08
4.5054e-08
4.4767e-08
4.4483e-08
4.4199e-08
4.3918e-08
4.3638e-08
4.336e-08
4.3083e-08
4.2808e-08
4.2535e-08
4.2263e-08
4.1993e-08
4.1724e-08
4.1457e-08
4.1192e-08
4.0928e-08
4.0666e-08
4.0406e-08
4.0147e-08
3.9889e-08
3.9633e-08
3.9379e-08
3.9126e-08
3.8874e-08
3.8624e-08
3.8376e-08
3.8129e-08
3.7883e-08
3.7639e-08
3.7397e-08
3.7156e-08
3.6916e-08
3.6678e-08
3.6441e-08
3.6206e-08
3.5972e-08
3.5739e-08
3.5508e-08
3.5279e-08
3.505e-08
3.4823e-08
3.4598e-08
3.4373e-08
3.4151e-08
3.3929e-08
3.3709e-08
3.349e-08
3.3272e-08
3.3056e-08
3.2841e-08
3.2628e-08
3.2415e-08
3.2204e-08
3.1994e-08
3.1786e-08
3.1579e-08
3.1373e-08
3.1168e-08
3.0965e-08
3.0762e-08
3.0561e-08
3.0361e-08
3.0163e-08
2.9966e-08
2.9769e-08
2.9574e-08
2.9381e-08
2.9188e-08
2.8997e-08
2.8806e-08
2.8617e-08
2.843e-08
2.8243e-08
2.8057e-08
2.7873e-08
2.7689e-08
2.7507e-08
2.7326e-08
2.7146e-08
2.6967e-08
2.6789e-08
2.6613e-08
2.6437e-08
2.6263e-08
2.6089e-08
2.5917e-08
2.5745e-08
2.5575e-08
2.5406e-08
2.5238e-08
2.5071e-08
2.4905e-08
2.474e-08
2.4575e-08
2.4412e-08
2.425e-08
2.4089e-08
2.3929e-08
2.377e-08
2.3612e-08
2.3455e-08
2.3299e-08
2.3144e-08
2.299e-08
2.2837e-08
2.2685e-08
2.2533e-08
2.2383e-08
2.2234e-08
2.2085e-08
2.1938e-08
2.1791e-08
2.1645e-08
2.1501e-08
2.1357e-08
2.1214e-08
2.1072e-08
2.093e-08
2.079e-08
2.0651e-08
2.0512e-08
2.0374e-08
2.0238e-08
2.0102e-08
1.9967e-08
1.9832e-08
1.9699e-08
1.9566e-08
1.9435e-08
1.9304e-08
1.9174e-08
1.9044e-08
1.8916e-08
1.8788e-08
1.8661e-08
1.8535e-08
1.841e-08
1.8286e-08
1.8162e-08
1.8039e-08
1.7917e-08
1.7796e-08
1.7675e-08
1.7555e-08
1.7436e-08
1.7318e-08
1.7201e-08
1.7084e-08
1.6968e-08
1.6853e-08
1.6738e-08
1.6624e-08
1.6511e-08
1.6399e-08
1.6287e-08
1.6176e-08
1.6066e-08
1.5956e-08
1.5848e-08
1.5739e-08
1.5632e-08
1.5525e-08
1.5419e-08
1.5314e-08
1.5209e-08
1.5105e-08
1.5002e-08
1.4899e-08
1.4797e-08
1.4695e-08
1.4595e-08
1.4495e-08
1.4395e-08
1.4296e-08
1.4198e-08
1.4101e-08
1.4004e-08
1.3907e-08
1.3812e-08
1.3717e-08
1.3622e-08
1.3528e-08
1.3435e-08
1.3343e-08
1.3251e-08
1.3159e-08
1.3068e-08
1.2978e-08
1.2888e-08
1.2799e-08
1.2711e-08
1.2623e-08
1.2536e-08
1.2449e-08
1.2363e-08
1.2277e-08
1.2192e-08
1.2107e-08
1.2023e-08
1.194e-08
1.1857e-08
1.1775e-08
1.1693e-08
1.1612e-08
1.1531e-08
1.1451e-08
1.1371e-08
1.1292e-08
1.1213e-08
1.1135e-08
1.1057e-08
1.098e-08
1.0903e-08
1.0827e-08
1.0752e-08
1.0677e-08
1.0602e-08
1.0528e-08
1.0454e-08
1.0381e-08
1.0308e-08
1.0236e-08
1.0164e-08
1.0093e-08
1.0022e-08
9.952e-09
9.8822e-09
9.8128e-09
9.7438e-09
9.6754e-09
9.6073e-09
9.5398e-09
9.4726e-09
9.4059e-09
9.3397e-09
9.2739e-09
9.2085e-09
9.1436e-09
9.0791e-09
9.015e-09
8.9514e-09
8.8882e-09
8.8254e-09
8.763e-09
8.701e-09
8.6394e-09
8.5783e-09
8.5176e-09
8.4572e-09
8.3973e-09
8.3378e-09
8.2786e-09
8.2199e-09
8.1615e-09
8.1036e-09
8.046e-09
7.9888e-09
7.932e-09
7.8756e-09
7.8196e-09
7.7639e-09
7.7086e-09
7.6537e-09
7.5992e-09
7.545e-09
7.4912e-09
7.4377e-09
7.3846e-09
7.3319e-09
7.2795e-09
7.2275e-09
7.1758e-09
7.1244e-09
7.0735e-09
7.0228e-09
6.9725e-09
6.9226e-09
6.8729e-09
6.8237e-09
6.7747e-09
6.7261e-09
6.6778e-09
6.6298e-09
6.5822e-09
6.5349e-09
6.4879e-09
6.4412e-09
6.3948e-09
6.3488e-09
6.3031e-09
6.2576e-09
6.2125e-09
6.1677e-09
6.1232e-09
6.079e-09
6.0351e-09
5.9915e-09
5.9482e-09
5.9052e-09
5.8625e-09
5.8201e-09
5.778e-09
5.7361e-09
5.6946e-09
5.6533e-09
5.6123e-09
5.5716e-09
5.5312e-09
5.4911e-09
5.4512e-09
5.4116e-09
5.3723e-09
5.3332e-09
5.2944e-09
5.2559e-09
5.2176e-09
5.1796e-09
5.1419e-09
5.1044e-09
5.0672e-09
5.0303e-09
4.9935e-09
4.9571e-09
4.9209e-09
4.885e-09
4.8492e-09
4.8138e-09
4.7786e-09
4.7436e-09
4.7089e-09
4.6744e-09
4.6402e-09
4.6062e-09
4.5724e-09
4.5389e-09
4.5056e-09
4.4725e-09
4.4396e-09
4.407e-09
4.3746e-09
4.3425e-09
4.3105e-09
4.2788e-09
4.2473e-09
4.216e-09
4.185e-09
4.1541e-09
4.1235e-09
4.0931e-09
4.0629e-09
4.0329e-09
4.0031e-09
3.9736e-09
3.9442e-09
3.915e-09
3.8861e-09
3.8573e-09
3.8288e-09
3.8004e-09
3.7723e-09
3.7443e-09
3.7166e-09
3.689e-09
3.6616e-09
3.6345e-09
3.6075e-09
3.5807e-09
3.5541e-09
3.5276e-09
3.5014e-09
3.4754e-09
3.4495e-09
3.4238e-09
3.3983e-09
3.373e-09
3.3478e-09
3.3229e-09
3.2981e-09
3.2735e-09
3.249e-09
3.2248e-09
3.2007e-09
3.1768e-09
3.153e-09
3.1294e-09
3.106e-09
3.0827e-09
3.0597e-09
3.0367e-09
3.014e-09
2.9914e-09
2.9689e-09
2.9467e-09
2.9245e-09
2.9026e-09
2.8808e-09
2.8591e-09
2.8376e-09
2.8163e-09
2.7951e-09
2.774e-09
2.7532e-09
2.7324e-09
2.7118e-09
2.6914e-09
2.6711e-09
2.6509e-09
2.6309e-09
2.6111e-09
2.5913e-09
2.5718e-09
2.5523e-09
2.533e-09
2.5138e-09
2.4948e-09
2.4759e-09
2.4572e-09
2.4386e-09
2.4201e-09
2.4017e-09
2.3835e-09
2.3654e-09
2.3475e-09
2.3296e-09
2.3119e-09
2.2944e-09
2.2769e-09
2.2596e-09
2.2424e-09
2.2253e-09
2.2084e-09
2.1916e-09
2.1749e-09
2.1583e-09
2.1418e-09
2.1255e-09
2.1093e-09
2.0932e-09
2.0772e-09
2.0613e-09
2.0455e-09
2.0299e-09
2.0144e-09
1.999e-09
1.9837e-09
1.9685e-09
1.9534e-09
1.9384e-09
1.9235e-09
1.9088e-09
1.8941e-09
1.8796e-09
1.8652e-09
1.8508e-09
1.8366e-09
1.8225e-09
1.8085e-09
1.7946e-09
1.7808e-09
1.767e-09
1.7534e-09
1.7399e-09
1.7265e-09
1.7132e-09
1.7e-09
1.6869e-09
1.6738e-09
1.6609e-09
1.6481e-09
1.6353e-09
1.6227e-09
1.6102e-09
1.5977e-09
1.5853e-09
1.5731e-09
1.5609e-09
1.5488e-09
1.5368e-09
1.5248e-09
1.513e-09
1.5013e-09
1.4896e-09
1.4781e-09
1.4666e-09
1.4552e-09
1.4439e-09
1.4326e-09
1.4215e-09
1.4104e-09
1.3994e-09
1.3885e-09
1.3777e-09
1.367e-09
1.3563e-09
1.3457e-09
1.3352e-09
1.3248e-09
1.3144e-09
1.3042e-09
1.294e-09
1.2839e-09
1.2738e-09
1.2639e-09
1.254e-09
1.2441e-09
1.2344e-09
1.2247e-09
1.2151e-09
1.2056e-09
1.1961e-09
1.1867e-09
1.1774e-09
1.1682e-09
1.159e-09
1.1499e-09
1.1409e-09
1.1319e-09
1.123e-09
1.1141e-09
1.1054e-09
1.0967e-09
1.088e-09
1.0794e-09
1.0709e-09
1.0625e-09
1.0541e-09
1.0458e-09
1.0375e-09
1.0293e-09
1.0212e-09
1.0131e-09
1.0051e-09
9.9713e-10
9.8924e-10
9.8141e-10
9.7363e-10
9.6592e-10
9.5826e-10
9.5066e-10
9.4312e-10
9.3563e-10
9.2821e-10
9.2083e-10
9.1352e-10
9.0626e-10
8.9905e-10
8.919e-10
8.8481e-10
8.7776e-10
8.7078e-10
8.6384e-10
8.5696e-10
8.5013e-10
8.4335e-10
8.3662e-10
8.2994e-10
8.2332e-10
8.1674e-10
8.1022e-10
8.0374e-10
7.9732e-10
7.9094e-10
7.8462e-10
7.7834e-10
7.721e-10
7.6592e-10
7.5978e-10
7.537e-10
7.4765e-10
7.4166e-10
7.3571e-10
7.298e-10
7.2394e-10
7.1813e-10
7.1236e-10
7.0663e-10
7.0095e-10
6.9531e-10
6.8971e-10
6.8416e-10
6.7865e-10
6.7319e-10
6.6776e-10
6.6238e-10
6.5704e-10
6.5174e-10
6.4648e-10
6.4126e-10
6.3608e-10
6.3094e-10
6.2584e-10
6.2078e-10
6.1576e-10
6.1078e-10
6.0583e-10
6.0093e-10
5.9606e-10
5.9123e-10
5.8644e-10
5.8169e-10
5.7697e-10
5.7229e-10
5.6764e-10
5.6303e-10
5.5846e-10
5.5392e-10
5.4942e-10
5.4495e-10
5.4052e-10
5.3612e-10
5.3176e-10
5.2743e-10
5.2313e-10
5.1887e-10
5.1464e-10
5.1044e-10
5.0628e-10
5.0214e-10
4.9805e-10
4.9398e-10
4.8994e-10
4.8594e-10
4.8197e-10
4.7802e-10
4.7411e-10
4.7023e-10
4.6638e-10
4.6256e-10
4.5877e-10
4.5501e-10
4.5128e-10
4.4758e-10
4.4391e-10
4.4027e-10
4.3665e-10
4.3307e-10
4.2951e-10
4.2598e-10
4.2248e-10
4.19e-10
4.1555e-10
4.1213e-10
4.0874e-10
4.0537e-10
4.0203e-10
3.9872e-10
3.9543e-10
3.9217e-10
3.8894e-10
3.8572e-10
3.8254e-10
3.7938e-10
3.7625e-10
3.7314e-10
3.7005e-10
3.6699e-10
3.6395e-10
3.6094e-10
3.5795e-10
3.5499e-10
3.5205e-10
3.4913e-10
3.4623e-10
3.4336e-10
3.4051e-10
3.3768e-10
3.3488e-10
3.321e-10
3.2934e-10
3.266e-10
3.2389e-10
3.2119e-10
3.1852e-10
3.1587e-10
3.1324e-10
3.1063e-10
3.0804e-10
3.0547e-10
3.0293e-10
3.004e-10
2.9789e-10
2.9541e-10
2.9294e-10
2.9049e-10
2.8806e-10
2.8566e-10
2.8327e-10
2.809e-10
2.7855e-10
2.7622e-10
2.739e-10
2.7161e-10
2.6933e-10
2.6708e-10
2.6484e-10
2.6261e-10
2.6041e-10
2.5823e-10
2.5606e-10
2.5391e-10
2.5177e-10
2.4966e-10
2.4756e-10
2.4547e-10
2.4341e-10
2.4136e-10
2.3933e-10
2.3731e-10
2.3531e-10
2.3333e-10
2.3136e-10
2.2941e-10
2.2747e-10
2.2555e-10
2.2365e-10
2.2176e-10
2.1989e-10
2.1803e-10
2.1619e-10
2.1436e-10
2.1254e-10
2.1074e-10
2.0896e-10
2.0719e-10
2.0543e-10
2.0369e-10
2.0197e-10
2.0025e-10
1.9855e-10
1.9687e-10
1.952e-10
1.9354e-10
1.919e-10
1.9026e-10
1.8865e-10
1.8704e-10
1.8545e-10
1.8387e-10
1.8231e-10
1.8075e-10
1.7921e-10
1.7769e-10
1.7617e-10
1.7467e-10
1.7318e-10
1.717e-10
1.7024e-10
1.6878e-10
1.6734e-10
1.6591e-10
1.6449e-10
1.6309e-10
1.6169e-10
1.6031e-10
1.5893e-10
1.5757e-10
1.5622e-10
1.5489e-10
1.5356e-10
1.5224e-10
1.5093e-10
1.4964e-10
1.4836e-10
1.4708e-10
1.4582e-10
1.4457e-10
1.4332e-10
1.4209e-10
1.4087e-10
1.3966e-10
1.3845e-10
1.3726e-10
1.3608e-10
1.3491e-10
1.3374e-10
1.3259e-10
1.3145e-10
1.3031e-10
1.2919e-10
1.2807e-10
1.2697e-10
1.2587e-10
1.2478e-10
1.237e-10
1.2264e-10
1.2157e-10
1.2052e-10
1.1948e-10
1.1844e-10
1.1742e-10
1.164e-10
1.1539e-10
1.1439e-10
1.134e-10
1.1242e-10
1.1144e-10
1.1047e-10
1.0951e-10
1.0856e-10
1.0762e-10
1.0668e-10
1.0575e-10
1.0483e-10
1.0392e-10
1.0302e-10
1.0212e-10
1.0123e-10
1.0035e-10
9.9473e-11
9.8605e-11
9.7745e-11
9.6892e-11
9.6046e-11
9.5208e-11
9.4376e-11
9.3551e-11
9.2733e-11
9.1923e-11
9.1119e-11
9.0321e-11
8.9531e-11
8.8747e-11
8.797e-11
8.7199e-11
8.6435e-11
8.5677e-11
8.4925e-11
8.418e-11
8.3442e-11
8.2709e-11
8.1983e-11
8.1263e-11
8.0548e-11
7.984e-11
7.9138e-11
7.8442e-11
7.7752e-11
7.7067e-11
7.6389e-11
7.5716e-11
7.5049e-11
7.4387e-11
7.3732e-11
7.3081e-11
7.2437e-11
7.1797e-11
7.1163e-11
7.0535e-11
6.9912e-11
6.9294e-11
6.8681e-11
6.8074e-11
6.7472e-11
6.6875e-11
6.6283e-11
6.5696e-11
6.5114e-11
6.4537e-11
6.3965e-11
6.3398e-11
6.2836e-11
6.2278e-11
6.1725e-11
6.1177e-11
6.0634e-11
6.0095e-11
5.9561e-11
5.9032e-11
5.8507e-11
5.7986e-11
5.747e-11
5.6959e-11
5.6452e-11
5.5949e-11
5.545e-11
5.4956e-11
5.4466e-11
5.398e-11
5.3499e-11
5.3021e-11
5.2548e-11
5.2079e-11
5.1613e-11
5.1152e-11
5.0695e-11
5.0242e-11
4.9792e-11
4.9347e-11
4.8905e-11
4.8467e-11
4.8033e-11
4.7603e-11
4.7176e-11
4.6753e-11
4.6334e-11
4.5918e-11
4.5506e-11
4.5097e-11
4.4692e-11
4.4291e-11
4.3893e-11
4.3498e-11
4.3107e-11
4.272e-11
4.2335e-11
4.1954e-11
4.1576e-11
4.1202e-11
4.0831e-11
4.0463e-11
4.0098e-11
3.9736e-11
3.9378e-11
3.9023e-11
3.867e-11
3.8321e-11
3.7975e-11
3.7632e-11
3.7292e-11
3.6955e-11
3.662e-11
3.6289e-11
3.5961e-11
3.5635e-11
3.5312e-11
3.4992e-11
3.4675e-11
3.4361e-11
3.405e-11
3.3741e-11
3.3435e-11
3.3131e-11
3.283e-11
3.2532e-11
3.2237e-11
3.1944e-11
3.1653e-11
3.1365e-11
3.108e-11
3.0797e-11
3.0517e-11
3.0239e-11
2.9964e-11
2.9691e-11
2.942e-11
2.9152e-11
2.8886e-11
2.8622e-11
2.8361e-11
2.8102e-11
2.7846e-11
2.7591e-11
2.7339e-11
2.7089e-11
2.6842e-11
2.6596e-11
2.6353e-11
2.6112e-11
2.5872e-11
2.5636e-11
2.5401e-11
2.5168e-11
2.4937e-11
2.4709e-11
2.4482e-11
2.4257e-11
2.4035e-11
2.3814e-11
2.3595e-11
2.3379e-11
2.3164e-11
2.2951e-11
2.274e-11
2.253e-11
2.2323e-11
2.2118e-11
2.1914e-11
2.1712e-11
2.1512e-11
2.1314e-11
2.1117e-11
2.0923e-11
2.073e-11
2.0538e-11
2.0349e-11
2.0161e-11
1.9975e-11
1.979e-11
1.9607e-11
1.9426e-11
1.9246e-11
1.9068e-11
1.8892e-11
1.8717e-11
1.8544e-11
1.8372e-11
1.8202e-11
1.8033e-11
1.7866e-11
1.77e-11
1.7536e-11
1.7373e-11
1.7212e-11
1.7052e-11
1.6894e-11
1.6737e-11
1.6581e-11
1.6427e-11
1.6274e-11
1.6123e-11
1.5973e-11
1.5824e-11
1.5677e-11
1.553e-11
1.5386e-11
1.5242e-11
1.51e-11
1.4959e-11
1.482e-11
1.4682e-11
1.4544e-11
1.4409e-11
1.4274e-11
1.4141e-11
1.4008e-11
1.3877e-11
1.3748e-11
1.3619e-11
1.3492e-11
1.3365e-11
1.324e-11
1.3116e-11
1.2993e-11
1.2871e-11
1.2751e-11
1.2631e-11
1.2513e-11
1.2395e-11
1.2279e-11
1.2164e-11
1.2049e-11
1.1936e-11
1.1824e-11
1.1713e-11
1.1602e-11
1.1493e-11
1.1385e-11
1.1278e-11
1.1172e-11
1.1067e-11
1.0962e-11
1.0859e-11
1.0757e-11
1.0655e-11
1.0555e-11
1.0455e-11
1.0356e-11
1.0258e-11
1.0162e-11
1.0065e-11
9.9704e-12
9.8761e-12
9.7827e-12
9.6901e-12
9.5984e-12
9.5075e-12
9.4175e-12
9.3283e-12
9.2399e-12
9.1523e-12
9.0656e-12
8.9796e-12
8.8944e-12
8.81e-12
8.7263e-12
8.6435e-12
8.5614e-12
8.48e-12
8.3994e-12
8.3196e-12
8.2404e-12
8.162e-12
8.0844e-12
8.0074e-12
7.9312e-12
7.8556e-12
7.7808e-12
7.7066e-12
7.6331e-12
7.5603e-12
7.4882e-12
7.4168e-12
7.346e-12
7.2758e-12
7.2063e-12
7.1375e-12
7.0693e-12
7.0017e-12
6.9347e-12
6.8684e-12
6.8027e-12
6.7376e-12
6.673e-12
6.6091e-12
6.5458e-12
6.4831e-12
6.4209e-12
6.3594e-12
6.2984e-12
6.2379e-12
6.1781e-12
6.1187e-12
6.06e-12
6.0018e-12
5.9441e-12
5.887e-12
5.8304e-12
5.7743e-12
5.7187e-12
5.6637e-12
5.6092e-12
5.5551e-12
5.5016e-12
5.4486e-12
5.3961e-12
5.3441e-12
5.2925e-12
5.2415e-12
5.1909e-12
5.1408e-12
5.0911e-12
5.042e-12
4.9932e-12
4.945e-12
4.8972e-12
4.8498e-12
4.8029e-12
4.7564e-12
4.7104e-12
4.6648e-12
4.6196e-12
4.5748e-12
4.5305e-12
4.4866e-12
4.4431e-12
4.4e-12
4.3573e-12
4.315e-12
4.2731e-12
4.2316e-12
4.1905e-12
4.1498e-12
4.1094e-12
4.0695e-12
4.0299e-12
3.9907e-12
3.9519e-12
3.9134e-12
3.8753e-12
3.8375e-12
3.8001e-12
3.7631e-12
3.7264e-12
3.6901e-12
3.6541e-12
3.6184e-12
3.5831e-12
3.5481e-12
3.5135e-12
3.4791e-12
3.4451e-12
3.4115e-12
3.3781e-12
3.3451e-12
3.3123e-12
3.2799e-12
3.2478e-12
3.216e-12
3.1845e-12
3.1533e-12
3.1224e-12
3.0918e-12
3.0614e-12
3.0314e-12
3.0017e-12
2.9722e-12
2.943e-12
2.9141e-12
2.8855e-12
2.8571e-12
2.829e-12
2.8012e-12
2.7736e-12
2.7464e-12
2.7193e-12
2.6925e-12
2.666e-12
2.6398e-12
2.6138e-12
2.588e-12
2.5625e-12
2.5372e-12
2.5122e-12
2.4874e-12
2.4628e-12
2.4385e-12
2.4144e-12
2.3906e-12
2.3669e-12
2.3435e-12
2.3204e-12
2.2974e-12
2.2747e-12
2.2522e-12
2.2299e-12
2.2078e-12
2.1859e-12
2.1642e-12
2.1428e-12
2.1215e-12
2.1005e-12
2.0797e-12
2.059e-12
2.0386e-12
2.0183e-12
1.9983e-12
1.9784e-12
1.9588e-12
1.9393e-12
1.92e-12
1.9009e-12
1.882e-12
1.8633e-12
1.8447e-12
1.8263e-12
1.8081e-12
1.7901e-12
1.7723e-12
1.7546e-12
1.7371e-12
1.7198e-12
1.7026e-12
1.6856e-12
1.6688e-12
1.6521e-12
1.6356e-12
1.6193e-12
1.6031e-12
1.5871e-12
1.5712e-12
1.5555e-12
1.5399e-12
1.5245e-12
1.5092e-12
1.4941e-12
1.4791e-12
1.4643e-12
1.4496e-12
1.4351e-12
1.4207e-12
1.4064e-12
1.3923e-12
1.3783e-12
1.3645e-12
1.3508e-12
1.3372e-12
1.3238e-12
1.3104e-12
1.2973e-12
1.2842e-12
1.2713e-12
1.2585e-12
1.2458e-12
1.2333e-12
1.2208e-12
1.2085e-12
1.1964e-12
1.1843e-12
1.1723e-12
1.1605e-12
1.1488e-12
1.1372e-12
1.1257e-12
1.1143e-12
1.1031e-12
1.0919e-12
1.0809e-12
1.07e-12
1.0591e-12
1.0484e-12
1.0378e-12
1.0273e-12
1.0169e-12
1.0066e-12
9.9639e-13
9.8629e-13
9.7629e-13
9.6639e-13
9.5658e-13
9.4688e-13
9.3726e-13
9.2775e-13
9.1832e-13
9.0899e-13
8.9976e-13
8.9061e-13
8.8155e-13
8.7259e-13
8.6371e-13
8.5492e-13
8.4621e-13
8.376e-13
8.2906e-13
8.2062e-13
8.1225e-13
8.0397e-13
7.9577e-13
7.8766e-13
7.7962e-13
7.7166e-13
7.6378e-13
7.5598e-13
7.4826e-13
7.4061e-13
7.3304e-13
7.2555e-13
7.1813e-13
7.1078e-13
7.0351e-13
6.9631e-13
6.8918e-13
6.8212e-13
6.7513e-13
6.6821e-13
6.6137e-13
6.5458e-13
6.4787e-13
6.4122e-13
6.3464e-13
6.2813e-13
6.2168e-13
6.1529e-13
6.0897e-13
6.0272e-13
5.9652e-13
5.9039e-13
5.8431e-13
5.783e-13
5.7235e-13
5.6646e-13
5.6063e-13
5.5485e-13
5.4914e-13
5.4348e-13
5.3787e-13
5.3233e-13
5.2684e-13
5.214e-13
5.1602e-13
5.1069e-13
5.0542e-13
5.002e-13
4.9503e-13
4.8992e-13
4.8485e-13
4.7984e-13
4.7487e-13
4.6996e-13
4.651e-13
4.6028e-13
4.5552e-13
4.508e-13
4.4613e-13
4.415e-13
4.3693e-13
4.324e-13
4.2791e-13
4.2347e-13
4.1908e-13
4.1473e-13
4.1042e-13
4.0616e-13
4.0194e-13
3.9776e-13
3.9362e-13
3.8953e-13
3.8548e-13
3.8147e-13
3.775e-13
3.7357e-13
3.6968e-13
3.6583e-13
3.6201e-13
3.5824e-13
3.5451e-13
3.5081e-13
3.4715e-13
3.4353e-13
3.3994e-13
3.3639e-13
3.3288e-13
3.294e-13
3.2596e-13
3.2256e-13
3.1918e-13
3.1585e-13
3.1254e-13
3.0927e-13
3.0604e-13
3.0283e-13
2.9966e-13
2.9652e-13
2.9342e-13
2.9034e-13
2.873e-13
2.8428e-13
2.813e-13
2.7835e-13
2.7543e-13
2.7254e-13
2.6968e-13
2.6684e-13
2.6404e-13
2.6127e-13
2.5852e-13
2.558e-13
2.5311e-13
2.5045e-13
2.4781e-13
2.452e-13
2.4262e-13
2.4007e-13
2.3754e-13
2.3503e-13
2.3255e-13
2.301e-13
2.2768e-13
2.2527e-13
2.229e-13
2.2054e-13
2.1821e-13
2.1591e-13
2.1363e-13
2.1137e-13
2.0914e-13
2.0693e-13
2.0474e-13
2.0257e-13
2.0043e-13
1.9831e-13
1.9621e-13
1.9413e-13
1.9207e-13
1.9004e-13
1.8802e-13
1.8603e-13
1.8406e-13
1.821e-13
1.8017e-13
1.7826e-13
1.7637e-13
1.7449e-13
1.7264e-13
1.708e-13
1.6899e-13
1.6719e-13
1.6541e-13
1.6366e-13
1.6191e-13
1.6019e-13
1.5849e-13
1.568e-13
1.5513e-13
1.5347e-13
1.5184e-13
1.5022e-13
1.4862e-13
1.4703e-13
1.4546e-13
1.4391e-13
1.4238e-13
1.4085e-13
1.3935e-13
1.3786e-13
1.3639e-13
1.3493e-13
1.3349e-13
1.3206e-13
1.3065e-13
1.2925e-13
1.2787e-13
1.265e-13
1.2514e-13
1.238e-13
1.2247e-13
1.2116e-13
1.1986e-13
1.1858e-13
1.173e-13
1.1605e-13
1.148e-13
1.1357e-13
1.1235e-13
1.1114e-13
1.0995e-13
1.0877e-13
1.076e-13
1.0644e-13
1.0529e-13
1.0416e-13
1.0304e-13
1.0193e-13
1.0083e-13
9.9747e-14
9.8672e-14
9.7609e-14
9.6557e-14
9.5515e-14
9.4485e-14
9.3466e-14
9.2457e-14
9.1459e-14
9.0472e-14
8.9494e-14
8.8528e-14
8.7571e-14
8.6624e-14
8.5688e-14
8.4761e-14
8.3844e-14
8.2937e-14
8.2039e-14
8.1151e-14
8.0272e-14
7.9403e-14
7.8542e-14
7.7691e-14
7.6849e-14
7.6015e-14
7.5191e-14
7.4375e-14
7.3568e-14
7.2769e-14
7.1979e-14
7.1197e-14
7.0424e-14
6.9658e-14
6.8901e-14
6.8152e-14
6.7411e-14
6.6677e-14
6.5952e-14
6.5234e-14
6.4524e-14
6.3821e-14
6.3126e-14
6.2438e-14
6.1757e-14
6.1084e-14
6.0418e-14
5.9759e-14
5.9107e-14
5.8462e-14
5.7823e-14
5.7192e-14
5.6567e-14
5.5949e-14
5.5338e-14
5.4733e-14
5.4135e-14
5.3542e-14
5.2957e-14
5.2377e-14
5.1804e-14
5.1237e-14
5.0676e-14
5.012e-14
4.9571e-14
4.9028e-14
4.849e-14
4.7959e-14
4.7433e-14
4.6912e-14
4.6397e-14
4.5888e-14
4.5384e-14
4.4885e-14
4.4392e-14
4.3904e-14
4.3422e-14
4.2944e-14
4.2472e-14
4.2005e-14
4.1543e-14
4.1085e-14
4.0633e-14
4.0186e-14
3.9743e-14
3.9305e-14
3.8872e-14
3.8443e-14
3.8019e-14
3.76e-14
3.7185e-14
3.6775e-14
3.6369e-14
3.5967e-14
3.557e-14
3.5177e-14
3.4788e-14
3.4404e-14
3.4023e-14
3.3647e-14
3.3275e-14
3.2907e-14
3.2542e-14
3.2182e-14
3.1826e-14
3.1473e-14
3.1124e-14
3.078e-14
3.0438e-14
3.0101e-14
2.9767e-14
2.9437e-14
2.911e-14
2.8787e-14
2.8467e-14
2.8151e-14
2.7838e-14
2.7529e-14
2.7223e-14
2.692e-14
2.6621e-14
2.6325e-14
2.6032e-14
2.5742e-14
2.5456e-14
2.5172e-14
2.4892e-14
2.4615e-14
2.434e-14
2.4069e-14
2.3801e-14
2.3535e-14
2.3273e-14
2.3013e-14
2.2756e-14
2.2502e-14
2.2251e-14
2.2002e-14
2.1756e-14
2.1513e-14
2.1273e-14
2.1035e-14
2.08e-14
2.0567e-14
2.0337e-14
2.0109e-14
1.9884e-14
1.9661e-14
1.9441e-14
1.9223e-14
1.9008e-14
1.8795e-14
1.8584e-14
1.8376e-14
1.8169e-14
1.7965e-14
1.7764e-14
1.7564e-14
1.7367e-14
1.7172e-14
1.6979e-14
1.6788e-14
1.6599e-14
1.6413e-14
1.6228e-14
1.6046e-14
1.5865e-14
1.5686e-14
1.551e-14
1.5335e-14
1.5162e-14
1.4991e-14
1.4822e-14
1.4655e-14
1.449e-14
1.4327e-14
1.4165e-14
1.4005e-14
1.3847e-14
1.3691e-14
1.3536e-14
1.3383e-14
1.3232e-14
1.3082e-14
1.2934e-14
1.2788e-14
1.2643e-14
1.25e-14
1.2359e-14
1.2219e-14
1.2081e-14
1.1944e-14
1.1808e-14
1.1675e-14
1.1542e-14
1.1411e-14
1.1282e-14
1.1154e-14
1.1027e-14
1.0902e-14
1.0778e-14
1.0656e-14
1.0535e-14
1.0415e-14
1.0297e-14
1.018e-14
1.0064e-14
9.9496e-15
9.8365e-15
9.7245e-15
9.6138e-15
9.5044e-15
9.3961e-15
9.2891e-15
9.1833e-15
9.0786e-15
8.9751e-15
8.8728e-15
8.7716e-15
8.6715e-15
8.5726e-15
8.4747e-15
8.3779e-15
8.2823e-15
8.1877e-15
8.0941e-15
8.0016e-15
7.9101e-15
7.8197e-15
7.7302e-15
7.6418e-15
7.5544e-15
7.4679e-15
7.3824e-15
7.2978e-15
7.2142e-15
7.1316e-15
7.0499e-15
6.969e-15
6.8891e-15
6.8101e-15
6.732e-15
6.6547e-15
6.5783e-15
6.5028e-15
6.4281e-15
6.3543e-15
6.2813e-15
6.2091e-15
6.1377e-15
6.0671e-15
5.9974e-15
5.9284e-15
5.8602e-15
5.7927e-15
5.726e-15
5.6601e-15
5.5949e-15
5.5304e-15
5.4667e-15
5.4036e-15
5.3413e-15
5.2797e-15
5.2188e-15
5.1586e-15
5.0991e-15
5.0402e-15
4.982e-15
4.9244e-15
4.8675e-15
4.8113e-15
4.7557e-15
4.7007e-15
4.6463e-15
4.5926e-15
4.5394e-15
4.4869e-15
4.4349e-15
4.3836e-15
4.3328e-15
4.2826e-15
4.233e-15
4.1839e-15
4.1354e-15
4.0874e-15
4.04e-15
3.9932e-15
3.9468e-15
3.901e-15
3.8557e-15
3.8109e-15
3.7666e-15
3.7229e-15
3.6796e-15
3.6368e-15
3.5945e-15
3.5527e-15
3.5114e-15
3.4705e-15
3.4301e-15
3.3902e-15
3.3507e-15
3.3116e-15
3.273e-15
3.2349e-15
3.1972e-15
3.1599e-15
3.123e-15
3.0866e-15
3.0506e-15
3.015e-15
2.9798e-15
2.945e-15
2.9106e-15
2.8766e-15
2.8429e-15
2.8097e-15
2.7768e-15
2.7444e-15
2.7123e-15
2.6805e-15
2.6491e-15
2.6181e-15
2.5875e-15
2.5572e-15
2.5272e-15
2.4976e-15
2.4683e-15
2.4394e-15
2.4108e-15
2.3825e-15
2.3545e-15
2.3269e-15
2.2996e-15
2.2726e-15
2.2459e-15
2.2195e-15
2.1934e-15
2.1676e-15
2.1421e-15
2.1169e-15
2.092e-15
2.0674e-15
2.0431e-15
2.019e-15
1.9953e-15
1.9718e-15
1.9485e-15
1.9256e-15
1.9029e-15
1.8804e-15
1.8583e-15
1.8364e-15
1.8147e-15
1.7933e-15
1.7721e-15
1.7512e-15
1.7305e-15
1.7101e-15
1.6899e-15
1.6699e-15
1.6501e-15
1.6306e-15
1.6113e-15
1.5923e-15
1.5734e-15
1.5548e-15
1.5364e-15
1.5182e-15
1.5002e-15
1.4825e-15
1.4649e-15
1.4475e-15
1.4304e-15
1.4134e-15
1.3966e-15
1.3801e-15
1.3637e-15
1.3475e-15
1.3315e-15
1.3157e-15
1.3001e-15
1.2846e-15
1.2693e-15
1.2543e-15
1.2393e-15
1.2246e-15
1.21e-15
1.1956e-15
1.1814e-15
1.1673e-15
1.1534e-15
1.1397e-15
1.1261e-15
1.1127e-15
1.0994e-15
1.0863e-15
1.0734e-15
1.0606e-15
1.0479e-15
1.0354e-15
1.023e-15
1.0108e-15
9.9875e-16
9.8682e-16
9.7503e-16
9.6338e-16
9.5186e-16
9.4048e-16
9.2923e-16
9.1811e-16
9.0712e-16
8.9627e-16
8.8553e-16
8.7493e-16
8.6445e-16
8.5409e-16
8.4386e-16
8.3374e-16
8.2375e-16
8.1387e-16
8.041e-16
7.9446e-16
7.8492e-16
7.755e-16
7.6619e-16
7.5698e-16
7.4789e-16
7.389e-16
7.3002e-16
7.2125e-16
7.1257e-16
7.04e-16
6.9553e-16
6.8716e-16
6.7889e-16
6.7072e-16
6.6264e-16
6.5466e-16
6.4677e-16
6.3898e-16
6.3128e-16
6.2367e-16
6.1614e-16
6.0871e-16
6.0137e-16
5.9411e-16
5.8694e-16
5.7985e-16
5.7285e-16
5.6593e-16
5.5909e-16
5.5233e-16
5.4566e-16
5.3906e-16
5.3254e-16
5.261e-16
5.1973e-16
5.1344e-16
5.0722e-16
5.0108e-16
4.9501e-16
4.8902e-16
4.8309e-16
4.7724e-16
4.7145e-16
4.6573e-16
4.6008e-16
4.545e-16
4.4899e-16
4.4354e-16
4.3815e-16
4.3283e-16
4.2757e-16
4.2238e-16
4.1724e-16
4.1217e-16
4.0716e-16
4.0221e-16
3.9732e-16
3.9248e-16
3.8771e-16
3.8299e-16
3.7832e-16
3.7372e-16
3.6916e-16
3.6467e-16
3.6022e-16
3.5583e-16
3.5149e-16
3.472e-16
3.4297e-16
3.3878e-16
3.3465e-16
3.3056e-16
3.2653e-16
3.2254e-16
3.186e-16
3.1471e-16
3.1086e-16
3.0706e-16
3.033e-16
2.9959e-16
2.9593e-16
2.9231e-16
2.8873e-16
2.8519e-16
2.817e-16
2.7825e-16
2.7484e-16
2.7147e-16
2.6815e-16
2.6486e-16
2.6161e-16
2.584e-16
2.5523e-16
2.521e-16
2.4901e-16
2.4595e-16
2.4293e-16
2.3994e-16
2.37e-16
2.3408e-16
2.3121e-16
2.2836e-16
2.2556e-16
2.2278e-16
2.2004e-16
2.1733e-16
2.1466e-16
2.1201e-16
2.094e-16
2.0682e-16
2.0427e-16
2.0176e-16
1.9927e-16
1.9681e-16
1.9439e-16
1.9199e-16
1.8962e-16
1.8728e-16
1.8497e-16
1.8268e-16
1.8043e-16
1.782e-16
1.76e-16
1.7382e-16
1.7167e-16
1.6955e-16
1.6745e-16
1.6538e-16
1.6334e-16
1.6131e-16
1.5932e-16
1.5734e-16
1.554e-16
1.5347e-16
1.5157e-16
1.4969e-16
1.4783e-16
1.46e-16
1.4419e-16
1.424e-16
1.4063e-16
1.3889e-16
1.3717e-16
1.3546e-16
1.3378e-16
1.3212e-16
1.3048e-16
1.2885e-16
1.2725e-16
1.2567e-16
1.2411e-16
1.2256e-16
1.2104e-16
1.1953e-16
1.1804e-16
1.1657e-16
1.1512e-16
1.1369e-16
1.1227e-16
1.1087e-16
1.0949e-16
1.0812e-16
1.0678e-16
1.0544e-16
1.0413e-16
1.0283e-16
1.0154e-16
1.0028e-16
9.9024e-17
9.7787e-17
9.6565e-17
9.5358e-17
9.4166e-17
9.2989e-17
9.1826e-17
9.0677e-17
8.9542e-17
8.8422e-17
8.7315e-17
8.6221e-17
8.5141e-17
8.4075e-17
8.3021e-17
8.1981e-17
8.0953e-17
7.9938e-17
7.8935e-17
7.7945e-17
7.6967e-17
7.6001e-17
7.5047e-17
7.4105e-17
7.3174e-17
7.2255e-17
7.1347e-17
7.045e-17
6.9565e-17
6.869e-17
6.7826e-17
6.6973e-17
6.613e-17
6.5298e-17
6.4476e-17
6.3664e-17
6.2862e-17
6.207e-17
6.1288e-17
6.0516e-17
5.9753e-17
5.8999e-17
5.8255e-17
5.752e-17
5.6795e-17
5.6078e-17
5.537e-17
5.4671e-17
5.398e-17
5.3299e-17
5.2625e-17
5.196e-17
5.1303e-17
5.0655e-17
5.0014e-17
4.9381e-17
4.8757e-17
4.814e-17
4.753e-17
4.6928e-17
4.6334e-17
4.5747e-17
4.5168e-17
4.4595e-17
4.403e-17
4.3472e-17
4.292e-17
4.2376e-17
4.1838e-17
4.1307e-17
4.0783e-17
4.0265e-17
3.9754e-17
3.9249e-17
3.875e-17
3.8258e-17
3.7772e-17
3.7292e-17
3.6817e-17
3.6349e-17
3.5887e-17
3.543e-17
3.4979e-17
3.4534e-17
3.4094e-17
3.366e-17
3.3231e-17
3.2807e-17
3.2389e-17
3.1976e-17
3.1569e-17
3.1166e-17
3.0768e-17
3.0376e-17
2.9988e-17
2.9605e-17
2.9227e-17
2.8854e-17
2.8485e-17
2.8122e-17
2.7762e-17
2.7407e-17
2.7057e-17
2.6711e-17
2.6369e-17
2.6032e-17
2.5699e-17
2.537e-17
2.5045e-17
2.4724e-17
2.4407e-17
2.4095e-17
2.3786e-17
2.3481e-17
2.318e-17
2.2883e-17
2.2589e-17
2.2299e-17
2.2013e-17
2.1731e-17
2.1452e-17
2.1176e-17
2.0904e-17
2.0636e-17
2.0371e-17
2.0109e-17
1.985e-17
1.9595e-17
1.9343e-17
1.9094e-17
1.8848e-17
1.8606e-17
1.8366e-17
1.813e-17
1.7896e-17
1.7666e-17
1.7438e-17
1.7214e-17
1.6992e-17
1.6773e-17
1.6556e-17
1.6343e-17
1.6132e-17
1.5924e-17
1.5718e-17
1.5515e-17
1.5315e-17
1.5117e-17
1.4922e-17
1.4729e-17
1.4539e-17
1.4351e-17
1.4165e-17
1.3982e-17
1.3801e-17
1.3622e-17
1.3446e-17
1.3272e-17
1.31e-17
1.293e-17
1.2763e-17
1.2598e-17
1.2434e-17
1.2273e-17
1.2114e-17
1.1957e-17
1.1802e-17
1.1649e-17
1.1498e-17
1.1348e-17
1.1201e-17
1.1056e-17
1.0912e-17
1.077e-17
1.063e-17
1.0492e-17
1.0356e-17
1.0221e-17
1.0088e-17
9.9569e-18
9.8273e-18
9.6994e-18
9.5732e-18
9.4485e-18
9.3255e-18
9.204e-18
9.0841e-18
8.9657e-18
8.8489e-18
8.7335e-18
8.6196e-18
8.5072e-18
8.3962e-18
8.2866e-18
8.1785e-18
8.0717e-18
7.9663e-18
7.8623e-18
7.7596e-18
7.6582e-18
7.5581e-18
7.4593e-18
7.3618e-18
7.2655e-18
7.1705e-18
7.0767e-18
6.9841e-18
6.8927e-18
6.8024e-18
6.7134e-18
6.6255e-18
6.5387e-18
6.453e-18
6.3684e-18
6.2849e-18
6.2025e-18
6.1212e-18
6.0409e-18
5.9617e-18
5.8834e-18
5.8062e-18
5.73e-18
5.6548e-18
5.5805e-18
5.5072e-18
5.4349e-18
5.3634e-18
5.2929e-18
5.2234e-18
5.1547e-18
5.0869e-18
5.02e-18
4.9539e-18
4.8887e-18
4.8244e-18
4.7609e-18
4.6982e-18
4.6363e-18
4.5752e-18
4.5149e-18
4.4554e-18
4.3967e-18
4.3387e-18
4.2815e-18
4.225e-18
4.1693e-18
4.1143e-18
4.06e-18
4.0064e-18
3.9535e-18
3.9013e-18
3.8498e-18
3.7989e-18
3.7487e-18
3.6992e-18
3.6503e-18
3.6021e-18
3.5544e-18
3.5074e-18
3.461e-18
3.4153e-18
3.3701e-18
3.3255e-18
3.2814e-18
3.238e-18
3.1951e-18
3.1528e-18
3.1111e-18
3.0698e-18
3.0292e-18
2.989e-18
2.9494e-18
2.9103e-18
2.8717e-18
2.8336e-18
2.7961e-18
2.759e-18
2.7224e-18
2.6863e-18
2.6506e-18
2.6154e-18
2.5807e-18
2.5465e-18
2.5126e-18
2.4793e-18
2.4464e-18
2.4139e-18
2.3818e-18
2.3501e-18
2.3189e-18
2.2881e-18
2.2577e-18
2.2277e-18
2.1981e-18
2.1689e-18
2.14e-18
2.1116e-18
2.0835e-18
2.0558e-18
2.0284e-18
2.0015e-18
1.9748e-18
1.9486e-18
1.9226e-18
1.8971e-18
1.8718e-18
1.8469e-18
1.8223e-18
1.7981e-18
1.7742e-18
1.7506e-18
1.7273e-18
1.7043e-18
1.6816e-18
1.6592e-18
1.6372e-18
1.6154e-18
1.5939e-18
1.5727e-18
1.5518e-18
1.5311e-18
1.5108e-18
1.4907e-18
1.4709e-18
1.4513e-18
1.432e-18
1.413e-18
1.3942e-18
1.3757e-18
1.3574e-18
1.3394e-18
1.3216e-18
1.304e-18
1.2867e-18
1.2697e-18
1.2528e-18
1.2362e-18
1.2198e-18
1.2036e-18
1.1877e-18
1.172e-18
1.1564e-18
1.1411e-18
1.126e-18
1.1111e-18
1.0965e-18
1.082e-18
1.0677e-18
1.0536e-18
1.0397e-18
1.026e-18
1.0125e-18
9.9914e-19
9.8599e-19
9.7303e-19
9.6024e-19
9.4764e-19
9.3521e-19
9.2295e-19
9.1086e-19
8.9894e-19
8.8719e-19
8.7561e-19
8.6418e-19
8.5292e-19
8.4182e-19
8.3088e-19
8.2009e-19
8.0945e-19
7.9896e-19
7.8863e-19
7.7844e-19
7.684e-19
7.5851e-19
7.4875e-19
7.3914e-19
7.2967e-19
7.2034e-19
7.1114e-19
7.0208e-19
6.9315e-19
6.8435e-19
6.7568e-19
6.6714e-19
6.5873e-19
6.5045e-19
6.4229e-19
6.3425e-19
6.2633e-19
6.1854e-19
6.1086e-19
6.033e-19
5.9586e-19
5.8854e-19
5.8133e-19
5.7423e-19
5.6724e-19
5.6037e-19
5.536e-19
5.4694e-19
5.4039e-19
5.3395e-19
5.2761e-19
5.2138e-19
5.1525e-19
5.0922e-19
5.0329e-19
4.9746e-19
4.9174e-19
4.8611e-19
4.8058e-19
4.7514e-19
4.698e-19
4.6456e-19
4.5941e-19
4.5436e-19
4.4939e-19
4.4452e-19
4.3975e-19
4.3506e-19
4.3046e-19
4.2595e-19
4.2153e-19
4.172e-19
4.1295e-19
4.088e-19
4.0472e-19
4.0074e-19
3.9684e-19
3.9302e-19
3.8929e-19
3.8564e-19
3.8208e-19
3.7859e-19
3.7519e-19
3.7187e-19
3.6864e-19
3.6548e-19
3.6241e-19
3.5941e-19
3.565e-19
3.5367e-19
3.5091e-19
3.4824e-19
3.4564e-19
3.4313e-19
3.4069e-19
3.3833e-19
3.3605e-19
3.3385e-19
3.3172e-19
3.2968e-19
3.2771e-19
3.2582e-19
3.2401e-19
3.2227e-19
3.2062e-19
3.1904e-19
3.1754e-19
3.1611e-19
