5.2364e-17
5.1948e-17
5.155e-17
5.117e-17
5.0807e-17
5.0463e-17
5.0136e-17
4.9827e-17
4.9536e-17
4.9262e-17
4.9007e-17
4.8769e-17
4.8548e-17
4.8346e-17
4.8161e-17
4.7993e-17
4.7844e-17
4.7712e-17
4.7598e-17
4.7502e-17
4.7424e-17
4.7364e-17
4.7322e-17
4.7297e-17
4.7291e-17
4.7304e-17
4.7334e-17
4.7383e-17
4.7451e-17
4.7537e-17
4.7642e-17
4.7765e-17
4.7908e-17
4.807e-17
4.8251e-17
4.8451e-17
4.8672e-17
4.8911e-17
4.9171e-17
4.9451e-17
4.9751e-17
5.0072e-17
5.0413e-17
5.0775e-17
5.1158e-17
5.1563e-17
5.1989e-17
5.2437e-17
5.2907e-17
5.34e-17
5.3915e-17
5.4453e-17
5.5015e-17
5.5599e-17
5.6208e-17
5.6841e-17
5.7498e-17
5.818e-17
5.8887e-17
5.962e-17
6.0379e-17
6.1164e-17
6.1976e-17
6.2814e-17
6.3681e-17
6.4575e-17
6.5497e-17
6.6449e-17
6.7429e-17
6.844e-17
6.948e-17
7.0551e-17
7.1654e-17
7.2788e-17
7.3955e-17
7.5155e-17
7.6387e-17
7.7654e-17
7.8956e-17
8.0293e-17
8.1665e-17
8.3074e-17
8.452e-17
8.6004e-17
8.7526e-17
8.9088e-17
9.0689e-17
9.2331e-17
9.4014e-17
9.574e-17
9.7508e-17
9.932e-17
1.0118e-16
1.0308e-16
1.0503e-16
1.0702e-16
1.0907e-16
1.1116e-16
1.133e-16
1.1549e-16
1.1774e-16
1.2003e-16
1.2239e-16
1.2479e-16
1.2725e-16
1.2977e-16
1.3235e-16
1.3499e-16
1.3768e-16
1.4044e-16
1.4326e-16
1.4615e-16
1.491e-16
1.5212e-16
1.552e-16
1.5836e-16
1.6158e-16
1.6488e-16
1.6825e-16
1.7169e-16
1.7522e-16
1.7882e-16
1.825e-16
1.8626e-16
1.901e-16
1.9403e-16
1.9804e-16
2.0215e-16
2.0634e-16
2.1062e-16
2.15e-16
2.1947e-16
2.2404e-16
2.2871e-16
2.3348e-16
2.3835e-16
2.4333e-16
2.4841e-16
2.536e-16
2.5891e-16
2.6433e-16
2.6986e-16
2.7552e-16
2.8129e-16
2.8719e-16
2.9322e-16
2.9937e-16
3.0566e-16
3.1207e-16
3.1863e-16
3.2532e-16
3.3216e-16
3.3914e-16
3.4627e-16
3.5355e-16
3.6098e-16
3.6857e-16
3.7632e-16
3.8423e-16
3.9231e-16
4.0056e-16
4.0899e-16
4.1759e-16
4.2637e-16
4.3534e-16
4.4449e-16
4.5384e-16
4.6338e-16
4.7312e-16
4.8307e-16
4.9322e-16
5.0358e-16
5.1416e-16
5.2497e-16
5.3599e-16
5.4725e-16
5.5874e-16
5.7047e-16
5.8244e-16
5.9467e-16
6.0714e-16
6.1988e-16
6.3288e-16
6.4615e-16
6.5969e-16
6.7352e-16
6.8763e-16
7.0203e-16
7.1673e-16
7.3173e-16
7.4704e-16
7.6267e-16
7.7862e-16
7.949e-16
8.1152e-16
8.2848e-16
8.4578e-16
8.6345e-16
8.8147e-16
8.9987e-16
9.1864e-16
9.378e-16
9.5735e-16
9.7731e-16
9.9767e-16
1.0184e-15
1.0397e-15
1.0613e-15
1.0834e-15
1.1059e-15
1.1289e-15
1.1524e-15
1.1763e-15
1.2007e-15
1.2257e-15
1.2511e-15
1.277e-15
1.3035e-15
1.3306e-15
1.3581e-15
1.3863e-15
1.415e-15
1.4443e-15
1.4741e-15
1.5046e-15
1.5357e-15
1.5675e-15
1.5999e-15
1.6329e-15
1.6666e-15
1.701e-15
1.7361e-15
1.7719e-15
1.8084e-15
1.8456e-15
1.8836e-15
1.9224e-15
1.962e-15
2.0023e-15
2.0435e-15
2.0855e-15
2.1283e-15
2.172e-15
2.2166e-15
2.2621e-15
2.3085e-15
2.3558e-15
2.4041e-15
2.4534e-15
2.5036e-15
2.5549e-15
2.6071e-15
2.6604e-15
2.7148e-15
2.7703e-15
2.8269e-15
2.8846e-15
2.9435e-15
3.0035e-15
3.0648e-15
3.1273e-15
3.191e-15
3.256e-15
3.3222e-15
3.3899e-15
3.4588e-15
3.5291e-15
3.6009e-15
3.674e-15
3.7486e-15
3.8247e-15
3.9023e-15
3.9814e-15
4.0622e-15
4.1445e-15
4.2284e-15
4.314e-15
4.4013e-15
4.4904e-15
4.5812e-15
4.6738e-15
4.7682e-15
4.8645e-15
4.9627e-15
5.0628e-15
5.1649e-15
5.2691e-15
5.3752e-15
5.4835e-15
5.5939e-15
5.7065e-15
5.8213e-15
5.9384e-15
6.0577e-15
6.1794e-15
6.3036e-15
6.4301e-15
6.5591e-15
6.6907e-15
6.8248e-15
6.9616e-15
7.101e-15
7.2432e-15
7.3882e-15
7.536e-15
7.6867e-15
7.8403e-15
7.9969e-15
8.1566e-15
8.3195e-15
8.4855e-15
8.6547e-15
8.8272e-15
9.0031e-15
9.1825e-15
9.3653e-15
9.5517e-15
9.7417e-15
9.9354e-15
1.0133e-14
1.0334e-14
1.0539e-14
1.0749e-14
1.0962e-14
1.1179e-14
1.1401e-14
1.1627e-14
1.1857e-14
1.2092e-14
1.2331e-14
1.2575e-14
1.2824e-14
1.3077e-14
1.3335e-14
1.3599e-14
1.3867e-14
1.4141e-14
1.4419e-14
1.4704e-14
1.4993e-14
1.5289e-14
1.559e-14
1.5896e-14
1.6209e-14
1.6528e-14
1.6852e-14
1.7183e-14
1.7521e-14
1.7865e-14
1.8215e-14
1.8572e-14
1.8936e-14
1.9307e-14
1.9685e-14
2.007e-14
2.0463e-14
2.0863e-14
2.1271e-14
2.1686e-14
2.211e-14
2.2542e-14
2.2981e-14
2.343e-14
2.3886e-14
2.4352e-14
2.4826e-14
2.5309e-14
2.5802e-14
2.6304e-14
2.6815e-14
2.7336e-14
2.7867e-14
2.8408e-14
2.896e-14
2.9521e-14
3.0094e-14
3.0677e-14
3.1271e-14
3.1877e-14
3.2494e-14
3.3123e-14
3.3763e-14
3.4416e-14
3.5081e-14
3.5758e-14
3.6448e-14
3.7152e-14
3.7868e-14
3.8598e-14
3.9342e-14
4.0099e-14
4.0871e-14
4.1658e-14
4.2459e-14
4.3275e-14
4.4107e-14
4.4954e-14
4.5817e-14
4.6697e-14
4.7592e-14
4.8505e-14
4.9434e-14
5.0381e-14
5.1346e-14
5.2329e-14
5.333e-14
5.4349e-14
5.5388e-14
5.6446e-14
5.7524e-14
5.8622e-14
5.974e-14
6.088e-14
6.204e-14
6.3222e-14
6.4426e-14
6.5652e-14
6.6901e-14
6.8174e-14
6.947e-14
7.0789e-14
7.2134e-14
7.3503e-14
7.4898e-14
7.6318e-14
7.7765e-14
7.9238e-14
8.0739e-14
8.2267e-14
8.3824e-14
8.5409e-14
8.7024e-14
8.8668e-14
9.0343e-14
9.2049e-14
9.3786e-14
9.5555e-14
9.7356e-14
9.9191e-14
1.0106e-13
1.0296e-13
1.049e-13
1.0687e-13
1.0888e-13
1.1093e-13
1.1301e-13
1.1513e-13
1.1729e-13
1.1949e-13
1.2173e-13
1.2401e-13
1.2634e-13
1.287e-13
1.3111e-13
1.3356e-13
1.3606e-13
1.386e-13
1.4119e-13
1.4383e-13
1.4651e-13
1.4925e-13
1.5203e-13
1.5486e-13
1.5775e-13
1.6068e-13
1.6367e-13
1.6672e-13
1.6982e-13
1.7297e-13
1.7619e-13
1.7946e-13
1.8279e-13
1.8618e-13
1.8963e-13
1.9314e-13
1.9672e-13
2.0036e-13
2.0407e-13
2.0785e-13
2.1169e-13
2.156e-13
2.1958e-13
2.2364e-13
2.2777e-13
2.3197e-13
2.3624e-13
2.406e-13
2.4503e-13
2.4954e-13
2.5413e-13
2.5881e-13
2.6356e-13
2.6841e-13
2.7334e-13
2.7835e-13
2.8346e-13
2.8866e-13
2.9395e-13
2.9934e-13
3.0482e-13
3.104e-13
3.1608e-13
3.2186e-13
3.2775e-13
3.3374e-13
3.3983e-13
3.4603e-13
3.5235e-13
3.5877e-13
3.6531e-13
3.7197e-13
3.7874e-13
3.8564e-13
3.9265e-13
3.9979e-13
4.0706e-13
4.1446e-13
4.2198e-13
4.2964e-13
4.3744e-13
4.4537e-13
4.5344e-13
4.6166e-13
4.7001e-13
4.7852e-13
4.8718e-13
4.9599e-13
5.0495e-13
5.1407e-13
5.2335e-13
5.328e-13
5.4241e-13
5.5219e-13
5.6214e-13
5.7226e-13
5.8257e-13
5.9305e-13
6.0372e-13
6.1457e-13
6.2561e-13
6.3685e-13
6.4828e-13
6.5991e-13
6.7175e-13
6.8379e-13
6.9604e-13
7.0851e-13
7.2119e-13
7.3409e-13
7.4722e-13
7.6057e-13
7.7416e-13
7.8798e-13
8.0205e-13
8.1636e-13
8.3091e-13
8.4572e-13
8.6078e-13
8.7611e-13
8.917e-13
9.0756e-13
9.237e-13
9.4011e-13
9.5681e-13
9.7379e-13
9.9107e-13
1.0086e-12
1.0265e-12
1.0447e-12
1.0632e-12
1.082e-12
1.1012e-12
1.1207e-12
1.1405e-12
1.1606e-12
1.1811e-12
1.2019e-12
1.2231e-12
1.2447e-12
1.2666e-12
1.289e-12
1.3116e-12
1.3347e-12
1.3582e-12
1.3821e-12
1.4064e-12
1.4311e-12
1.4562e-12
1.4817e-12
1.5077e-12
1.5341e-12
1.561e-12
1.5883e-12
1.6161e-12
1.6444e-12
1.6732e-12
1.7024e-12
1.7321e-12
1.7624e-12
1.7931e-12
1.8244e-12
1.8562e-12
1.8885e-12
1.9214e-12
1.9549e-12
1.9889e-12
2.0235e-12
2.0586e-12
2.0944e-12
2.1308e-12
2.1677e-12
2.2053e-12
2.2436e-12
2.2825e-12
2.322e-12
2.3622e-12
2.4031e-12
2.4446e-12
2.4869e-12
2.5298e-12
2.5735e-12
2.6179e-12
2.6631e-12
2.709e-12
2.7557e-12
2.8032e-12
2.8514e-12
2.9005e-12
2.9504e-12
3.0011e-12
3.0526e-12
3.1051e-12
3.1584e-12
3.2125e-12
3.2676e-12
3.3236e-12
3.3806e-12
3.4384e-12
3.4973e-12
3.5571e-12
3.6179e-12
3.6797e-12
3.7425e-12
3.8064e-12
3.8714e-12
3.9374e-12
4.0045e-12
4.0727e-12
4.142e-12
4.2125e-12
4.2842e-12
4.357e-12
4.431e-12
4.5063e-12
4.5827e-12
4.6605e-12
4.7395e-12
4.8198e-12
4.9015e-12
4.9845e-12
5.0688e-12
5.1545e-12
5.2417e-12
5.3302e-12
5.4202e-12
5.5117e-12
5.6047e-12
5.6992e-12
5.7952e-12
5.8929e-12
5.9921e-12
6.0929e-12
6.1954e-12
6.2995e-12
6.4053e-12
6.5129e-12
6.6222e-12
6.7333e-12
6.8462e-12
6.9609e-12
7.0775e-12
7.1959e-12
7.3163e-12
7.4387e-12
7.563e-12
7.6894e-12
7.8177e-12
7.9482e-12
8.0808e-12
8.2155e-12
8.3524e-12
8.4915e-12
8.6328e-12
8.7764e-12
8.9224e-12
9.0706e-12
9.2213e-12
9.3744e-12
9.5299e-12
9.688e-12
9.8486e-12
1.0012e-11
1.0178e-11
1.0346e-11
1.0517e-11
1.0691e-11
1.0868e-11
1.1047e-11
1.1229e-11
1.1415e-11
1.1603e-11
1.1794e-11
1.1988e-11
1.2186e-11
1.2386e-11
1.259e-11
1.2797e-11
1.3007e-11
1.3221e-11
1.3438e-11
1.3658e-11
1.3882e-11
1.4109e-11
1.4341e-11
1.4575e-11
1.4814e-11
1.5056e-11
1.5302e-11
1.5552e-11
1.5806e-11
1.6064e-11
1.6326e-11
1.6592e-11
1.6862e-11
1.7137e-11
1.7415e-11
1.7699e-11
1.7986e-11
1.8279e-11
1.8575e-11
1.8877e-11
1.9183e-11
1.9494e-11
1.981e-11
2.0131e-11
2.0457e-11
2.0788e-11
2.1124e-11
2.1465e-11
2.1812e-11
2.2164e-11
2.2521e-11
2.2885e-11
2.3253e-11
2.3628e-11
2.4008e-11
2.4395e-11
2.4787e-11
2.5186e-11
2.559e-11
2.6001e-11
2.6418e-11
2.6842e-11
2.7272e-11
2.7709e-11
2.8153e-11
2.8604e-11
2.9061e-11
2.9526e-11
2.9998e-11
3.0477e-11
3.0963e-11
3.1457e-11
3.1959e-11
3.2468e-11
3.2985e-11
3.351e-11
3.4043e-11
3.4585e-11
3.5134e-11
3.5692e-11
3.6259e-11
3.6834e-11
3.7418e-11
3.8012e-11
3.8614e-11
3.9225e-11
3.9846e-11
4.0476e-11
4.1116e-11
4.1765e-11
4.2425e-11
4.3094e-11
4.3774e-11
4.4464e-11
4.5164e-11
4.5875e-11
4.6597e-11
4.733e-11
4.8074e-11
4.8829e-11
4.9596e-11
5.0375e-11
5.1165e-11
5.1967e-11
5.2781e-11
5.3608e-11
5.4447e-11
5.5298e-11
5.6163e-11
5.704e-11
5.7931e-11
5.8835e-11
5.9753e-11
6.0684e-11
6.163e-11
6.259e-11
6.3564e-11
6.4553e-11
6.5556e-11
6.6575e-11
6.7609e-11
6.8658e-11
6.9723e-11
7.0804e-11
7.1901e-11
7.3015e-11
7.4145e-11
7.5292e-11
7.6456e-11
7.7637e-11
7.8836e-11
8.0053e-11
8.1288e-11
8.2541e-11
8.3813e-11
8.5104e-11
8.6414e-11
8.7743e-11
8.9092e-11
9.0461e-11
9.185e-11
9.326e-11
9.4691e-11
9.6142e-11
9.7615e-11
9.911e-11
1.0063e-10
1.0217e-10
1.0373e-10
1.0531e-10
1.0692e-10
1.0855e-10
1.1021e-10
1.1189e-10
1.1359e-10
1.1532e-10
1.1708e-10
1.1886e-10
1.2067e-10
1.225e-10
1.2436e-10
1.2625e-10
1.2816e-10
1.301e-10
1.3208e-10
1.3408e-10
1.361e-10
1.3816e-10
1.4025e-10
1.4237e-10
1.4452e-10
1.467e-10
1.4891e-10
1.5116e-10
1.5343e-10
1.5574e-10
1.5809e-10
1.6046e-10
1.6288e-10
1.6532e-10
1.678e-10
1.7032e-10
1.7288e-10
1.7547e-10
1.7809e-10
1.8076e-10
1.8346e-10
1.8621e-10
1.8899e-10
1.9181e-10
1.9467e-10
1.9758e-10
2.0052e-10
2.0351e-10
2.0654e-10
2.0962e-10
2.1273e-10
2.159e-10
2.191e-10
2.2236e-10
2.2566e-10
2.29e-10
2.324e-10
2.3584e-10
2.3933e-10
2.4287e-10
2.4646e-10
2.501e-10
2.538e-10
2.5755e-10
2.6134e-10
2.652e-10
2.6911e-10
2.7307e-10
2.7709e-10
2.8116e-10
2.853e-10
2.8949e-10
2.9374e-10
2.9805e-10
3.0242e-10
3.0685e-10
3.1135e-10
3.1591e-10
3.2053e-10
3.2522e-10
3.2997e-10
3.3479e-10
3.3968e-10
3.4463e-10
3.4966e-10
3.5475e-10
3.5992e-10
3.6516e-10
3.7047e-10
3.7585e-10
3.8131e-10
3.8685e-10
3.9246e-10
3.9815e-10
4.0393e-10
4.0978e-10
4.1571e-10
4.2172e-10
4.2782e-10
4.34e-10
4.4027e-10
4.4663e-10
4.5307e-10
4.596e-10
4.6622e-10
4.7293e-10
4.7974e-10
4.8664e-10
4.9363e-10
5.0072e-10
5.0791e-10
5.152e-10
5.2259e-10
5.3007e-10
5.3767e-10
5.4536e-10
5.5316e-10
5.6107e-10
5.6909e-10
5.7721e-10
5.8545e-10
5.938e-10
6.0226e-10
6.1084e-10
6.1953e-10
6.2835e-10
6.3728e-10
6.4633e-10
6.5551e-10
6.6482e-10
6.7424e-10
6.838e-10
6.9349e-10
7.0331e-10
7.1326e-10
7.2334e-10
7.3356e-10
7.4392e-10
7.5442e-10
7.6507e-10
7.7585e-10
7.8678e-10
7.9786e-10
8.0908e-10
8.2046e-10
8.3199e-10
8.4368e-10
8.5552e-10
8.6752e-10
8.7968e-10
8.9201e-10
9.045e-10
9.1715e-10
9.2998e-10
9.4298e-10
9.5615e-10
9.695e-10
9.8302e-10
9.9673e-10
1.0106e-09
1.0247e-09
1.0389e-09
1.0534e-09
1.068e-09
1.0829e-09
1.0979e-09
1.1131e-09
1.1286e-09
1.1442e-09
1.16e-09
1.1761e-09
1.1924e-09
1.2088e-09
1.2255e-09
1.2425e-09
1.2596e-09
1.277e-09
1.2946e-09
1.3124e-09
1.3304e-09
1.3487e-09
1.3673e-09
1.386e-09
1.4051e-09
1.4243e-09
1.4439e-09
1.4637e-09
1.4837e-09
1.504e-09
1.5246e-09
1.5454e-09
1.5665e-09
1.5879e-09
1.6095e-09
1.6315e-09
1.6537e-09
1.6762e-09
1.699e-09
1.7221e-09
1.7455e-09
1.7692e-09
1.7932e-09
1.8176e-09
1.8422e-09
1.8671e-09
1.8924e-09
1.918e-09
1.9439e-09
1.9702e-09
1.9968e-09
2.0238e-09
2.051e-09
2.0787e-09
2.1067e-09
2.135e-09
2.1637e-09
2.1928e-09
2.2223e-09
2.2521e-09
2.2823e-09
2.3129e-09
2.3439e-09
2.3753e-09
2.4071e-09
2.4393e-09
2.4719e-09
2.5049e-09
2.5383e-09
2.5722e-09
2.6065e-09
2.6412e-09
2.6763e-09
2.7119e-09
2.748e-09
2.7845e-09
2.8215e-09
2.8589e-09
2.8968e-09
2.9352e-09
2.9741e-09
3.0135e-09
3.0533e-09
3.0937e-09
3.1345e-09
3.1759e-09
3.2178e-09
3.2602e-09
3.3032e-09
3.3467e-09
3.3907e-09
3.4353e-09
3.4804e-09
3.5261e-09
3.5724e-09
3.6192e-09
3.6667e-09
3.7147e-09
3.7633e-09
3.8125e-09
3.8624e-09
3.9128e-09
3.9639e-09
4.0156e-09
4.0679e-09
4.1209e-09
4.1746e-09
4.2289e-09
4.2839e-09
4.3396e-09
4.3959e-09
4.4529e-09
4.5107e-09
4.5691e-09
4.6283e-09
4.6882e-09
4.7488e-09
4.8102e-09
4.8723e-09
4.9352e-09
4.9989e-09
5.0633e-09
5.1285e-09
5.1946e-09
5.2614e-09
5.329e-09
5.3975e-09
5.4668e-09
5.5369e-09
5.6079e-09
5.6798e-09
5.7525e-09
5.8261e-09
5.9006e-09
5.976e-09
6.0523e-09
6.1295e-09
6.2077e-09
6.2868e-09
6.3669e-09
6.4479e-09
6.5299e-09
6.6129e-09
6.6969e-09
6.7818e-09
6.8679e-09
6.9549e-09
7.043e-09
7.1321e-09
7.2224e-09
7.3137e-09
7.406e-09
7.4995e-09
7.5941e-09
7.6899e-09
7.7867e-09
7.8847e-09
7.9839e-09
8.0843e-09
8.1859e-09
8.2886e-09
8.3926e-09
8.4978e-09
8.6043e-09
8.712e-09
8.821e-09
8.9313e-09
9.0429e-09
9.1558e-09
9.27e-09
9.3856e-09
9.5025e-09
9.6208e-09
9.7405e-09
9.8616e-09
9.9842e-09
1.0108e-08
1.0234e-08
1.036e-08
1.0489e-08
1.0619e-08
1.075e-08
1.0883e-08
1.1017e-08
1.1153e-08
1.1291e-08
1.143e-08
1.1571e-08
1.1714e-08
1.1858e-08
1.2004e-08
1.2151e-08
1.23e-08
1.2451e-08
1.2604e-08
1.2758e-08
1.2914e-08
1.3072e-08
1.3232e-08
1.3394e-08
1.3558e-08
1.3723e-08
1.389e-08
1.406e-08
1.4231e-08
1.4404e-08
1.4579e-08
1.4756e-08
1.4935e-08
1.5116e-08
1.53e-08
1.5485e-08
1.5672e-08
1.5862e-08
1.6054e-08
1.6248e-08
1.6444e-08
1.6642e-08
1.6843e-08
1.7046e-08
1.7251e-08
1.7458e-08
1.7668e-08
1.7881e-08
1.8095e-08
1.8312e-08
1.8532e-08
1.8754e-08
1.8978e-08
1.9205e-08
1.9435e-08
1.9667e-08
1.9901e-08
2.0139e-08
2.0379e-08
2.0621e-08
2.0867e-08
2.1115e-08
2.1366e-08
2.162e-08
2.1876e-08
2.2135e-08
2.2398e-08
2.2663e-08
2.2931e-08
2.3202e-08
2.3476e-08
2.3753e-08
2.4034e-08
2.4317e-08
2.4603e-08
2.4893e-08
2.5186e-08
2.5482e-08
2.5781e-08
2.6083e-08
2.6389e-08
2.6699e-08
2.7011e-08
2.7327e-08
2.7647e-08
2.797e-08
2.8297e-08
2.8627e-08
2.896e-08
2.9298e-08
2.9639e-08
2.9984e-08
3.0332e-08
3.0685e-08
3.1041e-08
3.1401e-08
3.1765e-08
3.2133e-08
3.2504e-08
3.288e-08
3.326e-08
3.3644e-08
3.4032e-08
3.4425e-08
3.4821e-08
3.5222e-08
3.5628e-08
3.6037e-08
3.6451e-08
3.6869e-08
3.7292e-08
3.772e-08
3.8152e-08
3.8588e-08
3.9029e-08
3.9475e-08
3.9926e-08
4.0382e-08
4.0842e-08
4.1307e-08
4.1778e-08
4.2253e-08
4.2733e-08
4.3218e-08
4.3709e-08
4.4205e-08
4.4705e-08
4.5212e-08
4.5723e-08
4.624e-08
4.6763e-08
4.729e-08
4.7824e-08
4.8363e-08
4.8908e-08
4.9458e-08
5.0014e-08
5.0576e-08
5.1144e-08
5.1718e-08
5.2298e-08
5.2884e-08
5.3476e-08
5.4074e-08
5.4678e-08
5.5289e-08
5.5906e-08
5.6529e-08
5.7159e-08
5.7796e-08
5.8439e-08
5.9088e-08
5.9745e-08
6.0408e-08
6.1078e-08
6.1755e-08
6.2438e-08
6.3129e-08
6.3827e-08
6.4532e-08
6.5245e-08
6.5965e-08
6.6692e-08
6.7426e-08
6.8168e-08
6.8918e-08
6.9675e-08
7.044e-08
7.1213e-08
7.1993e-08
7.2782e-08
7.3579e-08
7.4383e-08
7.5196e-08
7.6017e-08
7.6846e-08
7.7684e-08
7.853e-08
7.9385e-08
8.0249e-08
8.1121e-08
8.2002e-08
8.2891e-08
8.379e-08
8.4698e-08
8.5614e-08
8.654e-08
8.7476e-08
8.842e-08
8.9374e-08
9.0338e-08
9.1311e-08
9.2294e-08
9.3287e-08
9.4289e-08
9.5302e-08
9.6324e-08
9.7357e-08
9.84e-08
9.9453e-08
1.0052e-07
1.0159e-07
1.0268e-07
1.0377e-07
1.0488e-07
1.06e-07
1.0712e-07
1.0826e-07
1.0941e-07
1.1057e-07
1.1175e-07
1.1293e-07
1.1413e-07
1.1534e-07
1.1656e-07
1.1779e-07
1.1903e-07
1.2029e-07
1.2156e-07
1.2284e-07
1.2413e-07
1.2543e-07
1.2675e-07
1.2808e-07
1.2943e-07
1.3078e-07
1.3215e-07
1.3353e-07
1.3493e-07
1.3634e-07
1.3776e-07
1.392e-07
1.4065e-07
1.4211e-07
1.4359e-07
1.4509e-07
1.4659e-07
1.4811e-07
1.4965e-07
1.512e-07
1.5276e-07
1.5434e-07
1.5594e-07
1.5755e-07
1.5918e-07
1.6082e-07
1.6247e-07
1.6414e-07
1.6583e-07
1.6754e-07
1.6926e-07
1.7099e-07
1.7274e-07
1.7451e-07
1.763e-07
1.781e-07
1.7992e-07
1.8176e-07
1.8361e-07
1.8548e-07
1.8737e-07
1.8927e-07
1.912e-07
1.9314e-07
1.951e-07
1.9708e-07
1.9907e-07
2.0109e-07
2.0312e-07
2.0517e-07
2.0724e-07
2.0933e-07
2.1144e-07
2.1357e-07
2.1572e-07
2.1789e-07
2.2008e-07
2.2229e-07
2.2451e-07
2.2676e-07
2.2903e-07
2.3132e-07
2.3363e-07
2.3597e-07
2.3832e-07
2.4069e-07
2.4309e-07
2.4551e-07
2.4795e-07
2.5041e-07
2.529e-07
2.554e-07
2.5793e-07
2.6048e-07
2.6306e-07
2.6566e-07
2.6828e-07
2.7093e-07
2.736e-07
2.7629e-07
2.7901e-07
2.8175e-07
2.8452e-07
2.8731e-07
2.9012e-07
2.9296e-07
2.9583e-07
2.9872e-07
3.0164e-07
3.0458e-07
3.0755e-07
3.1055e-07
3.1357e-07
3.1662e-07
3.197e-07
3.228e-07
3.2593e-07
3.2909e-07
3.3228e-07
3.3549e-07
3.3873e-07
3.42e-07
3.453e-07
3.4863e-07
3.5199e-07
3.5538e-07
3.5879e-07
3.6224e-07
3.6571e-07
3.6922e-07
3.7276e-07
3.7632e-07
3.7992e-07
3.8355e-07
3.8721e-07
3.909e-07
3.9463e-07
3.9839e-07
4.0217e-07
4.06e-07
4.0985e-07
4.1374e-07
4.1766e-07
4.2161e-07
4.256e-07
4.2962e-07
4.3368e-07
4.3777e-07
4.4189e-07
4.4605e-07
4.5025e-07
4.5448e-07
4.5875e-07
4.6305e-07
4.6739e-07
4.7177e-07
4.7618e-07
4.8063e-07
4.8512e-07
4.8965e-07
4.9421e-07
4.9881e-07
5.0345e-07
5.0813e-07
5.1285e-07
5.1761e-07
5.2241e-07
5.2725e-07
5.3212e-07
5.3704e-07
5.42e-07
5.47e-07
5.5205e-07
5.5713e-07
5.6226e-07
5.6742e-07
5.7263e-07
5.7789e-07
5.8319e-07
5.8853e-07
5.9391e-07
5.9934e-07
6.0481e-07
6.1033e-07
6.1589e-07
6.215e-07
6.2716e-07
6.3286e-07
6.386e-07
6.444e-07
6.5024e-07
6.5613e-07
6.6206e-07
6.6805e-07
6.7408e-07
6.8016e-07
6.8629e-07
6.9247e-07
6.9869e-07
7.0497e-07
7.113e-07
7.1768e-07
7.2411e-07
7.306e-07
7.3713e-07
7.4372e-07
7.5035e-07
7.5705e-07
7.6379e-07
7.7059e-07
7.7744e-07
7.8435e-07
7.9131e-07
7.9832e-07
8.0539e-07
8.1252e-07
8.197e-07
8.2694e-07
8.3424e-07
8.4159e-07
8.49e-07
8.5647e-07
8.64e-07
8.7159e-07
8.7923e-07
8.8694e-07
8.947e-07
9.0253e-07
9.1041e-07
9.1836e-07
9.2637e-07
9.3444e-07
9.4257e-07
9.5076e-07
9.5902e-07
9.6734e-07
9.7573e-07
9.8418e-07
9.927e-07
1.0013e-06
1.0099e-06
1.0186e-06
1.0274e-06
1.0363e-06
1.0452e-06
1.0541e-06
1.0632e-06
1.0723e-06
1.0815e-06
1.0907e-06
1.1001e-06
1.1095e-06
1.1189e-06
1.1285e-06
1.1381e-06
1.1478e-06
1.1575e-06
1.1673e-06
1.1772e-06
1.1872e-06
1.1973e-06
1.2074e-06
1.2176e-06
1.2278e-06
1.2382e-06
1.2486e-06
1.2591e-06
1.2697e-06
1.2804e-06
1.2911e-06
1.3019e-06
1.3128e-06
1.3238e-06
1.3348e-06
1.346e-06
1.3572e-06
1.3685e-06
1.3799e-06
1.3913e-06
1.4029e-06
1.4145e-06
1.4262e-06
1.438e-06
1.4499e-06
1.4619e-06
1.474e-06
1.4861e-06
1.4983e-06
1.5107e-06
1.5231e-06
1.5356e-06
1.5481e-06
1.5608e-06
1.5736e-06
1.5865e-06
1.5994e-06
1.6124e-06
1.6256e-06
1.6388e-06
1.6521e-06
1.6655e-06
1.6791e-06
1.6927e-06
1.7064e-06
1.7202e-06
1.734e-06
1.748e-06
1.7621e-06
1.7763e-06
1.7906e-06
1.805e-06
1.8195e-06
1.8341e-06
1.8487e-06
1.8635e-06
1.8784e-06
1.8934e-06
1.9085e-06
1.9237e-06
1.939e-06
1.9544e-06
1.97e-06
1.9856e-06
2.0013e-06
2.0172e-06
2.0331e-06
2.0492e-06
2.0653e-06
2.0816e-06
2.098e-06
2.1145e-06
2.1311e-06
2.1478e-06
2.1646e-06
2.1816e-06
2.1986e-06
2.2158e-06
2.2331e-06
2.2505e-06
2.268e-06
2.2857e-06
2.3034e-06
2.3213e-06
2.3393e-06
2.3574e-06
2.3756e-06
2.394e-06
2.4125e-06
2.4311e-06
2.4498e-06
2.4686e-06
2.4876e-06
2.5067e-06
2.5259e-06
2.5452e-06
2.5647e-06
2.5843e-06
2.604e-06
2.6239e-06
2.6438e-06
2.664e-06
2.6842e-06
2.7046e-06
2.7251e-06
2.7457e-06
2.7665e-06
2.7874e-06
2.8084e-06
2.8296e-06
2.8509e-06
2.8723e-06
2.8939e-06
2.9156e-06
2.9374e-06
2.9594e-06
2.9815e-06
3.0038e-06
3.0262e-06
3.0488e-06
3.0715e-06
3.0943e-06
3.1173e-06
3.1404e-06
3.1637e-06
3.1871e-06
3.2106e-06
3.2343e-06
3.2582e-06
3.2822e-06
3.3063e-06
3.3306e-06
3.3551e-06
3.3797e-06
3.4044e-06
3.4293e-06
3.4544e-06
3.4796e-06
3.5049e-06
3.5304e-06
3.5561e-06
3.5819e-06
3.6079e-06
3.6341e-06
3.6604e-06
3.6868e-06
3.7135e-06
3.7402e-06
3.7672e-06
3.7943e-06
3.8215e-06
3.849e-06
3.8766e-06
3.9043e-06
3.9322e-06
3.9603e-06
3.9886e-06
4.017e-06
4.0456e-06
4.0743e-06
4.1033e-06
4.1324e-06
4.1616e-06
4.1911e-06
4.2207e-06
4.2505e-06
4.2804e-06
4.3106e-06
4.3409e-06
4.3714e-06
4.402e-06
4.4329e-06
4.4639e-06
4.4951e-06
4.5265e-06
4.558e-06
4.5898e-06
4.6217e-06
4.6538e-06
4.6861e-06
4.7185e-06
4.7512e-06
4.784e-06
4.8171e-06
4.8503e-06
4.8837e-06
4.9173e-06
4.951e-06
4.985e-06
5.0192e-06
5.0535e-06
5.088e-06
5.1228e-06
5.1577e-06
5.1928e-06
5.2281e-06
5.2636e-06
5.2993e-06
5.3352e-06
5.3713e-06
5.4076e-06
5.4441e-06
5.4808e-06
5.5177e-06
5.5548e-06
5.5921e-06
5.6296e-06
5.6673e-06
5.7052e-06
5.7433e-06
5.7817e-06
5.8202e-06
5.8589e-06
5.8979e-06
5.937e-06
5.9764e-06
6.0159e-06
6.0557e-06
6.0957e-06
6.1359e-06
6.1763e-06
6.2169e-06
6.2578e-06
6.2988e-06
6.3401e-06
6.3816e-06
6.4233e-06
6.4652e-06
6.5073e-06
6.5497e-06
6.5923e-06
6.6351e-06
6.6781e-06
6.7213e-06
6.7648e-06
6.8085e-06
6.8524e-06
6.8965e-06
6.9409e-06
6.9855e-06
7.0303e-06
7.0753e-06
7.1206e-06
7.1661e-06
7.2118e-06
7.2578e-06
7.304e-06
7.3504e-06
7.397e-06
7.4439e-06
7.491e-06
7.5384e-06
7.586e-06
7.6338e-06
7.6818e-06
7.7301e-06
7.7787e-06
7.8274e-06
7.8764e-06
7.9257e-06
7.9752e-06
8.0249e-06
8.0749e-06
8.1251e-06
8.1755e-06
8.2262e-06
8.2772e-06
8.3284e-06
8.3798e-06
8.4315e-06
8.4834e-06
8.5356e-06
8.588e-06
8.6407e-06
8.6936e-06
8.7467e-06
8.8002e-06
8.8538e-06
8.9077e-06
8.9619e-06
9.0163e-06
9.071e-06
9.1259e-06
9.1811e-06
9.2366e-06
9.2923e-06
9.3482e-06
9.4044e-06
9.4609e-06
9.5176e-06
9.5746e-06
9.6318e-06
9.6893e-06
9.7471e-06
9.8051e-06
9.8634e-06
9.922e-06
9.9808e-06
1.004e-05
1.0099e-05
1.0159e-05
1.0219e-05
1.0279e-05
1.0339e-05
1.04e-05
1.0461e-05
1.0522e-05
1.0583e-05
1.0645e-05
1.0707e-05
1.0769e-05
1.0832e-05
1.0895e-05
1.0958e-05
1.1021e-05
1.1085e-05
1.1149e-05
1.1213e-05
1.1277e-05
1.1342e-05
1.1407e-05
1.1472e-05
1.1538e-05
1.1604e-05
1.167e-05
1.1736e-05
1.1803e-05
1.187e-05
1.1937e-05
1.2005e-05
1.2072e-05
1.214e-05
1.2209e-05
1.2277e-05
1.2346e-05
1.2415e-05
1.2485e-05
1.2555e-05
1.2625e-05
1.2695e-05
1.2765e-05
1.2836e-05
1.2907e-05
1.2979e-05
1.3051e-05
1.3123e-05
1.3195e-05
1.3267e-05
1.334e-05
1.3413e-05
1.3487e-05
1.3561e-05
1.3635e-05
1.3709e-05
1.3783e-05
1.3858e-05
1.3933e-05
1.4009e-05
1.4085e-05
1.4161e-05
1.4237e-05
1.4313e-05
1.439e-05
1.4468e-05
1.4545e-05
1.4623e-05
1.4701e-05
1.4779e-05
1.4858e-05
1.4937e-05
1.5016e-05
1.5095e-05
1.5175e-05
1.5255e-05
1.5336e-05
1.5416e-05
1.5497e-05
1.5578e-05
1.566e-05
1.5742e-05
1.5824e-05
1.5906e-05
1.5989e-05
1.6072e-05
1.6155e-05
1.6239e-05
1.6323e-05
1.6407e-05
1.6492e-05
1.6576e-05
1.6661e-05
1.6747e-05
1.6833e-05
1.6918e-05
1.7005e-05
1.7091e-05
1.7178e-05
1.7265e-05
1.7353e-05
1.744e-05
1.7528e-05
1.7617e-05
1.7705e-05
1.7794e-05
1.7883e-05
1.7973e-05
1.8063e-05
1.8153e-05
1.8243e-05
1.8334e-05
1.8425e-05
1.8516e-05
1.8607e-05
1.8699e-05
1.8791e-05
1.8884e-05
1.8977e-05
1.907e-05
1.9163e-05
1.9256e-05
1.935e-05
1.9445e-05
1.9539e-05
1.9634e-05
1.9729e-05
1.9824e-05
1.992e-05
2.0016e-05
2.0112e-05
2.0208e-05
2.0305e-05
2.0402e-05
2.05e-05
2.0597e-05
2.0695e-05
2.0794e-05
2.0892e-05
2.0991e-05
2.109e-05
2.119e-05
2.1289e-05
2.1389e-05
2.1489e-05
2.159e-05
2.1691e-05
2.1792e-05
2.1893e-05
2.1995e-05
2.2097e-05
2.2199e-05
2.2302e-05
2.2405e-05
2.2508e-05
2.2611e-05
2.2715e-05
2.2819e-05
2.2923e-05
2.3028e-05
2.3132e-05
2.3237e-05
2.3343e-05
2.3448e-05
2.3554e-05
2.366e-05
2.3767e-05
2.3874e-05
2.3981e-05
2.4088e-05
2.4196e-05
2.4303e-05
2.4411e-05
2.452e-05
2.4629e-05
2.4737e-05
2.4847e-05
2.4956e-05
2.5066e-05
2.5176e-05
2.5286e-05
2.5397e-05
2.5507e-05
2.5619e-05
2.573e-05
2.5841e-05
2.5953e-05
2.6065e-05
2.6178e-05
2.629e-05
2.6403e-05
2.6517e-05
2.663e-05
2.6744e-05
2.6858e-05
2.6972e-05
2.7086e-05
2.7201e-05
2.7316e-05
2.7431e-05
2.7547e-05
2.7662e-05
2.7778e-05
2.7894e-05
2.8011e-05
2.8128e-05
2.8245e-05
2.8362e-05
2.8479e-05
2.8597e-05
2.8715e-05
2.8833e-05
2.8951e-05
2.907e-05
2.9189e-05
2.9308e-05
2.9427e-05
2.9547e-05
2.9667e-05
2.9787e-05
2.9907e-05
3.0028e-05
3.0149e-05
3.0269e-05
3.0391e-05
3.0512e-05
3.0634e-05
3.0756e-05
3.0878e-05
3.1e-05
3.1123e-05
3.1245e-05
3.1368e-05
3.1492e-05
3.1615e-05
3.1739e-05
3.1862e-05
3.1986e-05
3.2111e-05
3.2235e-05
3.236e-05
3.2485e-05
3.261e-05
3.2735e-05
3.2861e-05
3.2986e-05
3.3112e-05
3.3238e-05
3.3365e-05
3.3491e-05
3.3618e-05
3.3745e-05
3.3872e-05
3.3999e-05
3.4126e-05
3.4254e-05
3.4382e-05
3.451e-05
3.4638e-05
3.4766e-05
3.4895e-05
3.5023e-05
3.5152e-05
3.5281e-05
3.5411e-05
3.554e-05
3.567e-05
3.5799e-05
3.5929e-05
3.6059e-05
3.619e-05
3.632e-05
3.6451e-05
3.6581e-05
3.6712e-05
3.6843e-05
3.6974e-05
3.7106e-05
3.7237e-05
3.7369e-05
3.75e-05
3.7632e-05
3.7764e-05
3.7897e-05
3.8029e-05
3.8161e-05
3.8294e-05
3.8427e-05
3.856e-05
3.8693e-05
3.8826e-05
3.8959e-05
3.9092e-05
3.9226e-05
3.936e-05
3.9493e-05
3.9627e-05
3.9761e-05
3.9895e-05
4.003e-05
4.0164e-05
4.0298e-05
4.0433e-05
4.0567e-05
4.0702e-05
4.0837e-05
4.0972e-05
4.1107e-05
4.1242e-05
4.1377e-05
4.1513e-05
4.1648e-05
4.1784e-05
4.1919e-05
4.2055e-05
4.2191e-05
4.2326e-05
4.2462e-05
4.2598e-05
4.2734e-05
4.287e-05
4.3006e-05
4.3143e-05
4.3279e-05
4.3415e-05
4.3552e-05
4.3688e-05
4.3825e-05
4.3961e-05
4.4098e-05
4.4235e-05
4.4371e-05
4.4508e-05
4.4645e-05
4.4782e-05
4.4919e-05
4.5056e-05
4.5193e-05
4.533e-05
4.5467e-05
4.5604e-05
4.5741e-05
4.5878e-05
4.6015e-05
4.6152e-05
4.6289e-05
4.6426e-05
4.6564e-05
4.6701e-05
4.6838e-05
4.6975e-05
4.7112e-05
4.725e-05
4.7387e-05
4.7524e-05
4.7661e-05
4.7798e-05
4.7935e-05
4.8073e-05
4.821e-05
4.8347e-05
4.8484e-05
4.8621e-05
4.8758e-05
4.8895e-05
4.9032e-05
4.9169e-05
4.9306e-05
4.9442e-05
4.9579e-05
4.9716e-05
4.9853e-05
4.9989e-05
5.0126e-05
5.0263e-05
5.0399e-05
5.0535e-05
5.0672e-05
5.0808e-05
5.0944e-05
5.1081e-05
5.1217e-05
5.1353e-05
5.1489e-05
5.1625e-05
5.176e-05
5.1896e-05
5.2032e-05
5.2167e-05
5.2303e-05
5.2438e-05
5.2573e-05
5.2708e-05
5.2844e-05
5.2978e-05
5.3113e-05
5.3248e-05
5.3383e-05
5.3517e-05
5.3652e-05
5.3786e-05
5.392e-05
5.4054e-05
5.4188e-05
5.4322e-05
5.4455e-05
5.4589e-05
5.4722e-05
5.4855e-05
5.4988e-05
5.5121e-05
5.5254e-05
5.5387e-05
5.5519e-05
5.5652e-05
5.5784e-05
5.5916e-05
5.6047e-05
5.6179e-05
5.6311e-05
5.6442e-05
5.6573e-05
5.6704e-05
5.6835e-05
5.6965e-05
5.7096e-05
5.7226e-05
5.7356e-05
5.7486e-05
5.7616e-05
5.7745e-05
5.7874e-05
5.8003e-05
5.8132e-05
5.8261e-05
5.8389e-05
5.8518e-05
5.8646e-05
5.8773e-05
5.8901e-05
5.9028e-05
5.9155e-05
5.9282e-05
5.9409e-05
5.9535e-05
5.9661e-05
5.9787e-05
5.9913e-05
6.0038e-05
6.0163e-05
6.0288e-05
6.0413e-05
6.0537e-05
6.0662e-05
6.0785e-05
6.0909e-05
6.1032e-05
6.1156e-05
6.1278e-05
6.1401e-05
6.1523e-05
6.1645e-05
6.1767e-05
6.1888e-05
6.2009e-05
6.213e-05
6.2251e-05
6.2371e-05
6.2491e-05
6.2611e-05
6.273e-05
6.2849e-05
6.2968e-05
6.3086e-05
6.3204e-05
6.3322e-05
6.3439e-05
6.3556e-05
6.3673e-05
6.379e-05
6.3906e-05
6.4022e-05
6.4137e-05
6.4252e-05
6.4367e-05
6.4482e-05
6.4596e-05
6.4709e-05
6.4823e-05
6.4936e-05
6.5049e-05
6.5161e-05
6.5273e-05
6.5385e-05
6.5496e-05
6.5607e-05
6.5717e-05
6.5827e-05
6.5937e-05
6.6046e-05
6.6155e-05
6.6264e-05
6.6372e-05
6.648e-05
6.6588e-05
6.6695e-05
6.6801e-05
6.6908e-05
6.7013e-05
6.7119e-05
6.7224e-05
6.7329e-05
6.7433e-05
6.7537e-05
6.764e-05
6.7743e-05
6.7846e-05
6.7948e-05
6.805e-05
6.8151e-05
6.8252e-05
6.8352e-05
6.8452e-05
6.8552e-05
6.8651e-05
6.8749e-05
6.8848e-05
6.8945e-05
6.9043e-05
6.914e-05
6.9236e-05
6.9332e-05
6.9428e-05
6.9523e-05
6.9617e-05
6.9711e-05
6.9805e-05
6.9898e-05
6.9991e-05
7.0083e-05
7.0175e-05
7.0266e-05
7.0357e-05
7.0448e-05
7.0537e-05
7.0627e-05
7.0716e-05
7.0804e-05
7.0892e-05
7.0979e-05
7.1066e-05
7.1153e-05
7.1239e-05
7.1324e-05
7.1409e-05
7.1493e-05
7.1577e-05
7.1661e-05
7.1744e-05
7.1826e-05
7.1908e-05
7.1989e-05
7.207e-05
7.215e-05
7.223e-05
7.2309e-05
7.2388e-05
7.2466e-05
7.2544e-05
7.2621e-05
7.2697e-05
7.2773e-05
7.2849e-05
7.2924e-05
7.2998e-05
7.3072e-05
7.3145e-05
7.3218e-05
7.329e-05
7.3362e-05
7.3433e-05
7.3504e-05
7.3574e-05
7.3643e-05
7.3712e-05
7.378e-05
7.3848e-05
7.3915e-05
7.3982e-05
7.4048e-05
7.4113e-05
7.4178e-05
7.4242e-05
7.4306e-05
7.4369e-05
7.4432e-05
7.4494e-05
7.4555e-05
7.4616e-05
7.4676e-05
7.4736e-05
7.4795e-05
7.4853e-05
7.4911e-05
7.4969e-05
7.5025e-05
7.5081e-05
7.5137e-05
7.5192e-05
7.5246e-05
7.53e-05
7.5353e-05
7.5406e-05
7.5457e-05
7.5509e-05
7.5559e-05
7.5609e-05
7.5659e-05
7.5708e-05
7.5756e-05
7.5804e-05
7.5851e-05
7.5897e-05
7.5943e-05
7.5988e-05
7.6033e-05
7.6076e-05
7.612e-05
7.6162e-05
7.6204e-05
7.6246e-05
7.6287e-05
7.6327e-05
7.6366e-05
7.6405e-05
7.6444e-05
7.6481e-05
7.6518e-05
7.6555e-05
7.659e-05
7.6625e-05
7.666e-05
7.6694e-05
7.6727e-05
7.676e-05
7.6792e-05
7.6823e-05
7.6853e-05
7.6883e-05
7.6913e-05
7.6942e-05
7.697e-05
7.6997e-05
7.7024e-05
7.705e-05
7.7075e-05
7.71e-05
7.7125e-05
7.7148e-05
7.7171e-05
7.7193e-05
7.7215e-05
7.7236e-05
7.7256e-05
7.7276e-05
7.7295e-05
7.7313e-05
7.7331e-05
7.7348e-05
7.7364e-05
7.738e-05
7.7395e-05
7.7409e-05
7.7423e-05
7.7436e-05
7.7449e-05
7.746e-05
7.7472e-05
7.7482e-05
7.7492e-05
7.7501e-05
7.751e-05
7.7517e-05
7.7525e-05
7.7531e-05
7.7537e-05
7.7542e-05
7.7547e-05
7.7551e-05
7.7554e-05
7.7556e-05
7.7558e-05
7.756e-05
7.756e-05
7.756e-05
7.7559e-05
7.7558e-05
7.7556e-05
7.7553e-05
7.755e-05
7.7546e-05
7.7541e-05
7.7536e-05
7.753e-05
7.7523e-05
7.7516e-05
7.7508e-05
7.7499e-05
7.749e-05
7.748e-05
7.7469e-05
7.7458e-05
7.7446e-05
7.7434e-05
7.742e-05
7.7407e-05
7.7392e-05
7.7377e-05
7.7361e-05
7.7344e-05
7.7327e-05
7.7309e-05
7.7291e-05
7.7272e-05
7.7252e-05
7.7232e-05
7.7211e-05
7.7189e-05
7.7166e-05
7.7143e-05
7.712e-05
7.7095e-05
7.707e-05
7.7045e-05
7.7019e-05
7.6992e-05
7.6964e-05
7.6936e-05
7.6907e-05
7.6878e-05
7.6847e-05
7.6817e-05
7.6785e-05
7.6753e-05
7.672e-05
7.6687e-05
7.6653e-05
7.6619e-05
7.6583e-05
7.6547e-05
7.6511e-05
7.6474e-05
7.6436e-05
7.6398e-05
7.6359e-05
7.6319e-05
7.6279e-05
7.6238e-05
7.6196e-05
7.6154e-05
7.6111e-05
7.6068e-05
7.6024e-05
7.5979e-05
7.5934e-05
7.5888e-05
7.5841e-05
7.5794e-05
7.5746e-05
7.5698e-05
7.5649e-05
7.56e-05
7.5549e-05
7.5499e-05
7.5447e-05
7.5395e-05
7.5343e-05
7.5289e-05
7.5235e-05
7.5181e-05
7.5126e-05
7.507e-05
7.5014e-05
7.4957e-05
7.49e-05
7.4842e-05
7.4783e-05
7.4724e-05
7.4664e-05
7.4604e-05
7.4543e-05
7.4482e-05
7.4419e-05
7.4357e-05
7.4293e-05
7.423e-05
7.4165e-05
7.41e-05
7.4035e-05
7.3968e-05
7.3902e-05
7.3834e-05
7.3767e-05
7.3698e-05
7.3629e-05
7.356e-05
7.349e-05
7.3419e-05
7.3348e-05
7.3276e-05
7.3204e-05
7.3131e-05
7.3057e-05
7.2983e-05
7.2909e-05
7.2834e-05
7.2758e-05
7.2682e-05
7.2606e-05
7.2528e-05
7.2451e-05
7.2372e-05
7.2294e-05
7.2214e-05
7.2134e-05
7.2054e-05
7.1973e-05
7.1892e-05
7.181e-05
7.1727e-05
7.1644e-05
7.1561e-05
7.1477e-05
7.1392e-05
7.1307e-05
7.1222e-05
7.1136e-05
7.1049e-05
7.0962e-05
7.0875e-05
7.0787e-05
7.0698e-05
7.0609e-05
7.052e-05
7.043e-05
7.0339e-05
7.0248e-05
7.0157e-05
7.0065e-05
6.9973e-05
6.988e-05
6.9787e-05
6.9693e-05
6.9599e-05
6.9504e-05
6.9409e-05
6.9313e-05
6.9217e-05
6.9121e-05
6.9024e-05
6.8926e-05
6.8828e-05
6.873e-05
6.8631e-05
6.8532e-05
6.8432e-05
6.8332e-05
6.8232e-05
6.8131e-05
6.8029e-05
6.7928e-05
6.7825e-05
6.7723e-05
6.762e-05
6.7516e-05
6.7412e-05
6.7308e-05
6.7203e-05
6.7098e-05
6.6993e-05
6.6887e-05
6.678e-05
6.6674e-05
6.6566e-05
6.6459e-05
6.6351e-05
6.6243e-05
6.6134e-05
6.6025e-05
6.5915e-05
6.5806e-05
6.5695e-05
6.5585e-05
6.5474e-05
6.5362e-05
6.5251e-05
6.5139e-05
6.5026e-05
6.4914e-05
6.48e-05
6.4687e-05
6.4573e-05
6.4459e-05
6.4344e-05
6.423e-05
6.4114e-05
6.3999e-05
6.3883e-05
6.3767e-05
6.365e-05
6.3533e-05
6.3416e-05
6.3299e-05
6.3181e-05
6.3063e-05
6.2944e-05
6.2825e-05
6.2706e-05
6.2587e-05
6.2467e-05
6.2347e-05
6.2227e-05
6.2106e-05
6.1985e-05
6.1864e-05
6.1743e-05
6.1621e-05
6.1499e-05
6.1377e-05
6.1254e-05
6.1131e-05
6.1008e-05
6.0885e-05
6.0761e-05
6.0637e-05
6.0513e-05
6.0388e-05
6.0264e-05
6.0139e-05
6.0014e-05
5.9888e-05
5.9762e-05
5.9636e-05
5.951e-05
5.9384e-05
5.9257e-05
5.913e-05
5.9003e-05
5.8876e-05
5.8748e-05
5.862e-05
5.8492e-05
5.8364e-05
5.8236e-05
5.8107e-05
5.7978e-05
5.7849e-05
5.772e-05
5.759e-05
5.746e-05
5.7331e-05
5.72e-05
5.707e-05
5.694e-05
5.6809e-05
5.6678e-05
5.6547e-05
5.6416e-05
5.6285e-05
5.6153e-05
5.6022e-05
5.589e-05
5.5758e-05
5.5625e-05
5.5493e-05
5.5361e-05
5.5228e-05
5.5095e-05
5.4962e-05
5.4829e-05
5.4696e-05
5.4562e-05
5.4429e-05
5.4295e-05
5.4162e-05
5.4028e-05
5.3894e-05
5.3759e-05
5.3625e-05
5.3491e-05
5.3356e-05
5.3222e-05
5.3087e-05
5.2952e-05
5.2817e-05
5.2682e-05
5.2547e-05
5.2411e-05
5.2276e-05
5.2141e-05
5.2005e-05
5.1869e-05
5.1734e-05
5.1598e-05
5.1462e-05
5.1326e-05
5.119e-05
5.1054e-05
5.0918e-05
5.0781e-05
5.0645e-05
5.0509e-05
5.0372e-05
5.0236e-05
5.0099e-05
4.9962e-05
4.9826e-05
4.9689e-05
4.9552e-05
4.9416e-05
4.9279e-05
4.9142e-05
4.9005e-05
4.8868e-05
4.8731e-05
4.8594e-05
4.8457e-05
4.832e-05
4.8183e-05
4.8046e-05
4.7908e-05
4.7771e-05
4.7634e-05
4.7497e-05
4.736e-05
4.7223e-05
4.7085e-05
4.6948e-05
4.6811e-05
4.6674e-05
4.6537e-05
4.64e-05
4.6262e-05
4.6125e-05
4.5988e-05
4.5851e-05
4.5714e-05
4.5577e-05
4.544e-05
4.5303e-05
4.5166e-05
4.5029e-05
4.4892e-05
4.4755e-05
4.4618e-05
4.4481e-05
4.4345e-05
4.4208e-05
4.4071e-05
4.3935e-05
4.3798e-05
4.3662e-05
4.3525e-05
4.3389e-05
4.3252e-05
4.3116e-05
4.298e-05
4.2844e-05
4.2708e-05
4.2572e-05
4.2436e-05
4.23e-05
4.2164e-05
4.2028e-05
4.1893e-05
4.1757e-05
4.1622e-05
4.1486e-05
4.1351e-05
4.1216e-05
4.1081e-05
4.0946e-05
4.0811e-05
4.0676e-05
4.0541e-05
4.0406e-05
4.0272e-05
4.0138e-05
4.0003e-05
3.9869e-05
3.9735e-05
3.9601e-05
3.9467e-05
3.9333e-05
3.92e-05
3.9066e-05
3.8933e-05
3.88e-05
3.8667e-05
3.8534e-05
3.8401e-05
3.8268e-05
3.8136e-05
3.8003e-05
3.7871e-05
3.7739e-05
3.7607e-05
3.7475e-05
3.7343e-05
3.7211e-05
3.708e-05
3.6949e-05
3.6817e-05
3.6686e-05
3.6556e-05
3.6425e-05
3.6294e-05
3.6164e-05
3.6034e-05
3.5904e-05
3.5774e-05
3.5644e-05
3.5515e-05
3.5385e-05
3.5256e-05
3.5127e-05
3.4998e-05
3.487e-05
3.4741e-05
3.4613e-05
3.4485e-05
3.4357e-05
3.4229e-05
3.4101e-05
3.3974e-05
3.3847e-05
3.372e-05
3.3593e-05
3.3466e-05
3.334e-05
3.3214e-05
3.3088e-05
3.2962e-05
3.2836e-05
3.2711e-05
3.2585e-05
3.246e-05
3.2336e-05
3.2211e-05
3.2087e-05
3.1962e-05
3.1838e-05
3.1715e-05
3.1591e-05
3.1468e-05
3.1344e-05
3.1221e-05
3.1099e-05
3.0976e-05
3.0854e-05
3.0732e-05
3.061e-05
3.0488e-05
3.0367e-05
3.0246e-05
3.0125e-05
3.0004e-05
2.9884e-05
2.9764e-05
2.9644e-05
2.9524e-05
2.9404e-05
2.9285e-05
2.9166e-05
2.9047e-05
2.8928e-05
2.881e-05
2.8692e-05
2.8574e-05
2.8456e-05
2.8339e-05
2.8222e-05
2.8105e-05
2.7988e-05
2.7872e-05
2.7756e-05
2.764e-05
2.7524e-05
2.7409e-05
2.7294e-05
2.7179e-05
2.7064e-05
2.695e-05
2.6835e-05
2.6722e-05
2.6608e-05
2.6495e-05
2.6381e-05
2.6269e-05
2.6156e-05
2.6044e-05
2.5932e-05
2.582e-05
2.5708e-05
2.5597e-05
2.5486e-05
2.5375e-05
2.5265e-05
2.5155e-05
2.5045e-05
2.4935e-05
2.4825e-05
2.4716e-05
2.4607e-05
2.4499e-05
2.4391e-05
2.4282e-05
2.4175e-05
2.4067e-05
2.396e-05
2.3853e-05
2.3746e-05
2.364e-05
2.3534e-05
2.3428e-05
2.3322e-05
2.3217e-05
2.3112e-05
2.3007e-05
2.2903e-05
2.2799e-05
2.2695e-05
2.2591e-05
2.2488e-05
2.2385e-05
2.2282e-05
2.2179e-05
2.2077e-05
2.1975e-05
2.1874e-05
2.1772e-05
2.1671e-05
2.1571e-05
2.147e-05
2.137e-05
2.127e-05
2.117e-05
2.1071e-05
2.0972e-05
2.0873e-05
2.0775e-05
2.0676e-05
2.0579e-05
2.0481e-05
2.0384e-05
2.0287e-05
2.019e-05
2.0093e-05
1.9997e-05
1.9901e-05
1.9806e-05
1.971e-05
1.9615e-05
1.9521e-05
1.9426e-05
1.9332e-05
1.9238e-05
1.9145e-05
1.9052e-05
1.8959e-05
1.8866e-05
1.8774e-05
1.8682e-05
1.859e-05
1.8498e-05
1.8407e-05
1.8316e-05
1.8226e-05
1.8135e-05
1.8045e-05
1.7956e-05
1.7866e-05
1.7777e-05
1.7688e-05
1.76e-05
1.7511e-05
1.7423e-05
1.7336e-05
1.7248e-05
1.7161e-05
1.7075e-05
1.6988e-05
1.6902e-05
1.6816e-05
1.673e-05
1.6645e-05
1.656e-05
1.6475e-05
1.6391e-05
1.6307e-05
1.6223e-05
1.6139e-05
1.6056e-05
1.5973e-05
1.5891e-05
1.5808e-05
1.5726e-05
1.5644e-05
1.5563e-05
1.5482e-05
1.5401e-05
1.532e-05
1.524e-05
1.516e-05
1.508e-05
1.5001e-05
1.4922e-05
1.4843e-05
1.4764e-05
1.4686e-05
1.4608e-05
1.453e-05
1.4453e-05
1.4376e-05
1.4299e-05
1.4222e-05
1.4146e-05
1.407e-05
1.3994e-05
1.3919e-05
1.3844e-05
1.3769e-05
1.3695e-05
1.362e-05
1.3546e-05
1.3473e-05
1.3399e-05
1.3326e-05
1.3254e-05
1.3181e-05
1.3109e-05
1.3037e-05
1.2965e-05
1.2894e-05
1.2823e-05
1.2752e-05
1.2681e-05
1.2611e-05
1.2541e-05
1.2472e-05
1.2402e-05
1.2333e-05
1.2264e-05
1.2196e-05
1.2127e-05
1.2059e-05
1.1992e-05
1.1924e-05
1.1857e-05
1.179e-05
1.1724e-05
1.1657e-05
1.1591e-05
1.1525e-05
1.146e-05
1.1395e-05
1.133e-05
1.1265e-05
1.1201e-05
1.1137e-05
1.1073e-05
1.1009e-05
1.0946e-05
1.0883e-05
1.082e-05
1.0758e-05
1.0695e-05
1.0633e-05
1.0572e-05
1.051e-05
1.0449e-05
1.0388e-05
1.0328e-05
1.0267e-05
1.0207e-05
1.0147e-05
1.0088e-05
1.0029e-05
9.9696e-06
9.9108e-06
9.8523e-06
9.7941e-06
9.7361e-06
9.6784e-06
9.621e-06
9.5638e-06
9.5069e-06
9.4502e-06
9.3938e-06
9.3376e-06
9.2817e-06
9.2261e-06
9.1707e-06
9.1155e-06
9.0606e-06
9.006e-06
8.9516e-06
8.8975e-06
8.8436e-06
8.79e-06
8.7367e-06
8.6835e-06
8.6307e-06
8.5781e-06
8.5257e-06
8.4736e-06
8.4217e-06
8.3701e-06
8.3187e-06
8.2675e-06
8.2166e-06
8.166e-06
8.1156e-06
8.0654e-06
8.0155e-06
7.9658e-06
7.9164e-06
7.8672e-06
7.8182e-06
7.7695e-06
7.721e-06
7.6728e-06
7.6248e-06
7.577e-06
7.5294e-06
7.4821e-06
7.4351e-06
7.3882e-06
7.3416e-06
7.2952e-06
7.2491e-06
7.2032e-06
7.1575e-06
7.1121e-06
7.0668e-06
7.0218e-06
6.9771e-06
6.9325e-06
6.8882e-06
6.8441e-06
6.8003e-06
6.7566e-06
6.7132e-06
6.67e-06
6.627e-06
6.5843e-06
6.5417e-06
6.4994e-06
6.4573e-06
6.4154e-06
6.3738e-06
6.3323e-06
6.2911e-06
6.2501e-06
6.2093e-06
6.1687e-06
6.1283e-06
6.0882e-06
6.0482e-06
6.0085e-06
5.969e-06
5.9297e-06
5.8905e-06
5.8516e-06
5.813e-06
5.7745e-06
5.7362e-06
5.6981e-06
5.6602e-06
5.6226e-06
5.5851e-06
5.5479e-06
5.5108e-06
5.4739e-06
5.4373e-06
5.4008e-06
5.3646e-06
5.3285e-06
5.2926e-06
5.257e-06
5.2215e-06
5.1862e-06
5.1512e-06
5.1163e-06
5.0816e-06
5.0471e-06
5.0128e-06
4.9786e-06
4.9447e-06
4.911e-06
4.8774e-06
4.8441e-06
4.8109e-06
4.7779e-06
4.7451e-06
4.7125e-06
4.68e-06
4.6478e-06
4.6157e-06
4.5838e-06
4.5521e-06
4.5206e-06
4.4893e-06
4.4581e-06
4.4271e-06
4.3963e-06
4.3657e-06
4.3352e-06
4.305e-06
4.2749e-06
4.2449e-06
4.2152e-06
4.1856e-06
4.1562e-06
4.127e-06
4.0979e-06
4.069e-06
4.0403e-06
4.0117e-06
3.9833e-06
3.9551e-06
3.927e-06
3.8992e-06
3.8714e-06
3.8439e-06
3.8165e-06
3.7892e-06
3.7622e-06
3.7353e-06
3.7085e-06
3.6819e-06
3.6555e-06
3.6292e-06
3.6031e-06
3.5772e-06
3.5514e-06
3.5257e-06
3.5002e-06
3.4749e-06
3.4497e-06
3.4247e-06
3.3998e-06
3.3751e-06
3.3505e-06
3.3261e-06
3.3018e-06
3.2777e-06
3.2538e-06
3.2299e-06
3.2063e-06
3.1827e-06
3.1593e-06
3.1361e-06
3.113e-06
3.0901e-06
3.0673e-06
3.0446e-06
3.0221e-06
2.9997e-06
2.9775e-06
2.9554e-06
2.9334e-06
2.9116e-06
2.8899e-06
2.8683e-06
2.8469e-06
2.8256e-06
2.8045e-06
2.7835e-06
2.7626e-06
2.7419e-06
2.7213e-06
2.7008e-06
2.6805e-06
2.6602e-06
2.6402e-06
2.6202e-06
2.6004e-06
2.5807e-06
2.5611e-06
2.5417e-06
2.5224e-06
2.5032e-06
2.4841e-06
2.4652e-06
2.4463e-06
2.4276e-06
2.4091e-06
2.3906e-06
2.3723e-06
2.3541e-06
2.336e-06
2.318e-06
2.3002e-06
2.2824e-06
2.2648e-06
2.2473e-06
2.2299e-06
2.2127e-06
2.1955e-06
2.1785e-06
2.1615e-06
2.1447e-06
2.128e-06
2.1115e-06
2.095e-06
2.0786e-06
2.0624e-06
2.0462e-06
2.0302e-06
2.0143e-06
1.9984e-06
1.9827e-06
1.9671e-06
1.9516e-06
1.9362e-06
1.9209e-06
1.9058e-06
1.8907e-06
1.8757e-06
1.8608e-06
1.8461e-06
1.8314e-06
1.8168e-06
1.8024e-06
1.788e-06
1.7737e-06
1.7596e-06
1.7455e-06
1.7315e-06
1.7176e-06
1.7039e-06
1.6902e-06
1.6766e-06
1.6631e-06
1.6497e-06
1.6364e-06
1.6232e-06
1.6101e-06
1.597e-06
1.5841e-06
1.5713e-06
1.5585e-06
1.5459e-06
1.5333e-06
1.5208e-06
1.5084e-06
1.4961e-06
1.4839e-06
1.4718e-06
1.4597e-06
1.4478e-06
1.4359e-06
1.4241e-06
1.4124e-06
1.4008e-06
1.3893e-06
1.3778e-06
1.3664e-06
1.3552e-06
1.344e-06
1.3328e-06
1.3218e-06
1.3108e-06
1.3e-06
1.2892e-06
1.2784e-06
1.2678e-06
1.2572e-06
1.2467e-06
1.2363e-06
1.226e-06
1.2157e-06
1.2055e-06
1.1954e-06
1.1854e-06
1.1754e-06
1.1656e-06
1.1557e-06
1.146e-06
1.1363e-06
1.1267e-06
1.1172e-06
1.1078e-06
1.0984e-06
1.0891e-06
1.0798e-06
1.0707e-06
1.0616e-06
1.0525e-06
1.0436e-06
1.0347e-06
1.0258e-06
1.0171e-06
1.0084e-06
9.9973e-07
9.9116e-07
9.8266e-07
9.7422e-07
9.6585e-07
9.5754e-07
9.4929e-07
9.4111e-07
9.3299e-07
9.2493e-07
9.1693e-07
9.0899e-07
9.0112e-07
8.9331e-07
8.8555e-07
8.7786e-07
8.7022e-07
8.6265e-07
8.5513e-07
8.4767e-07
8.4027e-07
8.3293e-07
8.2564e-07
8.1842e-07
8.1124e-07
8.0413e-07
7.9707e-07
7.9006e-07
7.8311e-07
7.7621e-07
7.6937e-07
7.6258e-07
7.5585e-07
7.4917e-07
7.4254e-07
7.3596e-07
7.2944e-07
7.2296e-07
7.1654e-07
7.1017e-07
7.0385e-07
6.9758e-07
6.9136e-07
6.8519e-07
6.7907e-07
6.73e-07
6.6698e-07
6.61e-07
6.5508e-07
6.492e-07
6.4337e-07
6.3758e-07
6.3184e-07
6.2615e-07
6.205e-07
6.149e-07
6.0935e-07
6.0384e-07
5.9837e-07
5.9295e-07
5.8758e-07
5.8224e-07
5.7696e-07
5.7171e-07
5.6651e-07
5.6135e-07
5.5623e-07
5.5115e-07
5.4612e-07
5.4112e-07
5.3617e-07
5.3126e-07
5.2639e-07
5.2156e-07
5.1677e-07
5.1202e-07
5.073e-07
5.0263e-07
4.98e-07
4.934e-07
4.8884e-07
4.8433e-07
4.7984e-07
4.754e-07
4.7099e-07
4.6662e-07
4.6229e-07
4.5799e-07
4.5373e-07
4.4951e-07
4.4532e-07
4.4116e-07
4.3704e-07
4.3296e-07
4.2891e-07
4.2489e-07
4.2091e-07
4.1697e-07
4.1305e-07
4.0917e-07
4.0532e-07
4.0151e-07
3.9772e-07
3.9397e-07
3.9025e-07
3.8657e-07
3.8291e-07
3.7929e-07
3.757e-07
3.7214e-07
3.686e-07
3.651e-07
3.6163e-07
3.5819e-07
3.5478e-07
3.514e-07
3.4805e-07
3.4473e-07
3.4143e-07
3.3817e-07
3.3493e-07
3.3172e-07
3.2854e-07
3.2538e-07
3.2226e-07
3.1916e-07
3.1609e-07
3.1304e-07
3.1003e-07
3.0703e-07
3.0407e-07
3.0113e-07
2.9822e-07
2.9533e-07
2.9247e-07
2.8963e-07
2.8682e-07
2.8403e-07
2.8127e-07
2.7853e-07
2.7582e-07
2.7313e-07
2.7047e-07
2.6782e-07
2.6521e-07
2.6261e-07
2.6004e-07
2.5749e-07
2.5497e-07
2.5246e-07
2.4998e-07
2.4752e-07
2.4509e-07
2.4267e-07
2.4028e-07
2.3791e-07
2.3556e-07
2.3323e-07
2.3092e-07
2.2864e-07
2.2637e-07
2.2413e-07
2.219e-07
2.197e-07
2.1751e-07
2.1535e-07
2.132e-07
2.1108e-07
2.0897e-07
2.0689e-07
2.0482e-07
2.0277e-07
2.0074e-07
1.9873e-07
1.9673e-07
1.9476e-07
1.928e-07
1.9087e-07
1.8895e-07
1.8704e-07
1.8516e-07
1.8329e-07
1.8144e-07
1.7961e-07
1.7779e-07
1.7599e-07
1.7421e-07
1.7244e-07
1.7069e-07
1.6896e-07
1.6724e-07
1.6554e-07
1.6386e-07
1.6219e-07
1.6053e-07
1.589e-07
1.5727e-07
1.5567e-07
1.5407e-07
1.525e-07
1.5093e-07
1.4939e-07
1.4785e-07
1.4633e-07
1.4483e-07
1.4334e-07
1.4186e-07
1.404e-07
1.3895e-07
1.3752e-07
1.361e-07
1.3469e-07
1.333e-07
1.3192e-07
1.3055e-07
1.292e-07
1.2785e-07
1.2653e-07
1.2521e-07
1.2391e-07
1.2262e-07
1.2134e-07
1.2007e-07
1.1882e-07
1.1758e-07
1.1635e-07
1.1513e-07
1.1392e-07
1.1273e-07
1.1155e-07
1.1038e-07
1.0922e-07
1.0807e-07
1.0693e-07
1.058e-07
1.0469e-07
1.0359e-07
1.0249e-07
1.0141e-07
1.0034e-07
9.9274e-08
9.8223e-08
9.7182e-08
9.6151e-08
9.513e-08
9.4119e-08
9.3118e-08
9.2127e-08
9.1146e-08
9.0175e-08
8.9213e-08
8.826e-08
8.7317e-08
8.6384e-08
8.5459e-08
8.4544e-08
8.3638e-08
8.2741e-08
8.1853e-08
8.0973e-08
8.0103e-08
7.9241e-08
7.8388e-08
7.7543e-08
7.6706e-08
7.5879e-08
7.5059e-08
7.4247e-08
7.3444e-08
7.2649e-08
7.1862e-08
7.1083e-08
7.0311e-08
6.9548e-08
6.8792e-08
6.8043e-08
6.7303e-08
6.6569e-08
6.5844e-08
6.5125e-08
6.4414e-08
6.371e-08
6.3013e-08
6.2324e-08
6.1641e-08
6.0965e-08
6.0296e-08
5.9635e-08
5.8979e-08
5.8331e-08
5.7689e-08
5.7054e-08
5.6425e-08
5.5803e-08
5.5187e-08
5.4577e-08
5.3974e-08
5.3377e-08
5.2786e-08
5.2201e-08
5.1622e-08
5.1049e-08
5.0482e-08
4.9921e-08
4.9366e-08
4.8817e-08
4.8273e-08
4.7735e-08
4.7202e-08
4.6675e-08
4.6154e-08
4.5638e-08
4.5127e-08
4.4622e-08
4.4122e-08
4.3627e-08
4.3138e-08
4.2653e-08
4.2174e-08
4.1699e-08
4.123e-08
4.0766e-08
4.0306e-08
3.9851e-08
3.9401e-08
3.8956e-08
3.8516e-08
3.808e-08
3.7649e-08
3.7222e-08
3.68e-08
3.6382e-08
3.5969e-08
3.556e-08
3.5156e-08
3.4756e-08
3.436e-08
3.3968e-08
3.3581e-08
3.3197e-08
3.2818e-08
3.2443e-08
3.2072e-08
3.1705e-08
3.1341e-08
3.0982e-08
3.0626e-08
3.0275e-08
2.9927e-08
2.9583e-08
2.9242e-08
2.8906e-08
2.8572e-08
2.8243e-08
2.7917e-08
2.7594e-08
2.7275e-08
2.696e-08
2.6648e-08
2.6339e-08
2.6034e-08
2.5732e-08
2.5433e-08
2.5138e-08
2.4845e-08
2.4556e-08
2.427e-08
2.3988e-08
2.3708e-08
2.3431e-08
2.3158e-08
2.2887e-08
2.262e-08
2.2355e-08
2.2093e-08
2.1834e-08
2.1578e-08
2.1325e-08
2.1074e-08
2.0827e-08
2.0582e-08
2.034e-08
2.01e-08
1.9863e-08
1.9629e-08
1.9397e-08
1.9168e-08
1.8942e-08
1.8718e-08
1.8496e-08
1.8277e-08
1.806e-08
1.7846e-08
1.7634e-08
1.7425e-08
1.7218e-08
1.7013e-08
1.681e-08
1.661e-08
1.6412e-08
1.6216e-08
1.6023e-08
1.5831e-08
1.5642e-08
1.5455e-08
1.527e-08
1.5087e-08
1.4906e-08
1.4727e-08
1.4551e-08
1.4376e-08
1.4203e-08
1.4032e-08
1.3863e-08
1.3696e-08
1.3531e-08
1.3368e-08
1.3207e-08
1.3047e-08
1.2889e-08
1.2733e-08
1.2579e-08
1.2427e-08
1.2276e-08
1.2127e-08
1.198e-08
1.1835e-08
1.1691e-08
1.1549e-08
1.1408e-08
1.1269e-08
1.1132e-08
1.0996e-08
1.0862e-08
1.0729e-08
1.0598e-08
1.0468e-08
1.034e-08
1.0214e-08
1.0088e-08
9.9646e-09
9.8423e-09
9.7214e-09
9.602e-09
9.4839e-09
9.3672e-09
9.2518e-09
9.1378e-09
9.0251e-09
8.9137e-09
8.8037e-09
8.6949e-09
8.5874e-09
8.4811e-09
8.3761e-09
8.2723e-09
8.1697e-09
8.0684e-09
7.9682e-09
7.8692e-09
7.7714e-09
7.6747e-09
7.5791e-09
7.4847e-09
7.3914e-09
7.2992e-09
7.2081e-09
7.1181e-09
7.0291e-09
6.9412e-09
6.8543e-09
6.7684e-09
6.6836e-09
6.5998e-09
6.5169e-09
6.4351e-09
6.3542e-09
6.2743e-09
6.1954e-09
6.1174e-09
6.0403e-09
5.9641e-09
5.8889e-09
5.8145e-09
5.7411e-09
5.6685e-09
5.5968e-09
5.5259e-09
5.4559e-09
5.3868e-09
5.3184e-09
5.2509e-09
5.1842e-09
5.1183e-09
5.0532e-09
4.9889e-09
4.9254e-09
4.8626e-09
4.8006e-09
4.7394e-09
4.6789e-09
4.6191e-09
4.56e-09
4.5017e-09
4.444e-09
4.3871e-09
4.3309e-09
4.2753e-09
4.2204e-09
4.1662e-09
4.1127e-09
4.0598e-09
4.0076e-09
3.9559e-09
3.905e-09
3.8546e-09
3.8049e-09
3.7558e-09
3.7072e-09
3.6593e-09
3.612e-09
3.5652e-09
3.519e-09
3.4734e-09
3.4284e-09
3.3839e-09
3.3399e-09
3.2965e-09
3.2537e-09
3.2113e-09
3.1695e-09
3.1282e-09
3.0874e-09
3.0472e-09
3.0074e-09
2.9681e-09
2.9293e-09
2.891e-09
2.8532e-09
2.8158e-09
2.7789e-09
2.7425e-09
2.7065e-09
2.6709e-09
2.6358e-09
2.6012e-09
2.567e-09
2.5332e-09
2.4998e-09
2.4669e-09
2.4343e-09
2.4022e-09
2.3705e-09
2.3392e-09
2.3082e-09
2.2777e-09
2.2476e-09
2.2178e-09
2.1884e-09
2.1594e-09
2.1307e-09
2.1024e-09
2.0745e-09
2.0469e-09
2.0196e-09
1.9928e-09
1.9662e-09
1.94e-09
1.9141e-09
1.8886e-09
1.8633e-09
1.8384e-09
1.8139e-09
1.7896e-09
1.7656e-09
1.742e-09
1.7186e-09
1.6956e-09
1.6728e-09
1.6503e-09
1.6282e-09
1.6063e-09
1.5846e-09
1.5633e-09
1.5422e-09
1.5215e-09
1.5009e-09
1.4807e-09
1.4607e-09
1.4409e-09
1.4214e-09
1.4022e-09
1.3832e-09
1.3645e-09
1.346e-09
1.3277e-09
1.3097e-09
1.2919e-09
1.2743e-09
1.257e-09
1.2399e-09
1.223e-09
1.2064e-09
1.1899e-09
1.1737e-09
1.1577e-09
1.1419e-09
1.1263e-09
1.1109e-09
1.0957e-09
1.0807e-09
1.0658e-09
1.0512e-09
1.0368e-09
1.0226e-09
1.0085e-09
9.9468e-10
9.8101e-10
9.6751e-10
9.5419e-10
9.4104e-10
9.2807e-10
9.1527e-10
9.0264e-10
8.9018e-10
8.7788e-10
8.6574e-10
8.5376e-10
8.4194e-10
8.3028e-10
8.1878e-10
8.0742e-10
7.9622e-10
7.8516e-10
7.7425e-10
7.6349e-10
7.5287e-10
7.4239e-10
7.3205e-10
7.2185e-10
7.1179e-10
7.0186e-10
6.9206e-10
6.8239e-10
6.7286e-10
6.6345e-10
6.5416e-10
6.45e-10
6.3597e-10
6.2705e-10
6.1825e-10
6.0958e-10
6.0102e-10
5.9257e-10
5.8424e-10
5.7602e-10
5.6791e-10
5.5991e-10
5.5202e-10
5.4424e-10
5.3656e-10
5.2898e-10
5.2151e-10
5.1413e-10
5.0686e-10
4.9969e-10
4.9261e-10
4.8563e-10
4.7875e-10
4.7196e-10
4.6526e-10
4.5865e-10
4.5213e-10
4.457e-10
4.3936e-10
4.331e-10
4.2694e-10
4.2085e-10
4.1485e-10
4.0893e-10
4.0309e-10
3.9733e-10
3.9165e-10
3.8605e-10
3.8052e-10
3.7507e-10
3.697e-10
3.644e-10
3.5917e-10
3.5402e-10
3.4893e-10
3.4392e-10
3.3897e-10
3.341e-10
3.2929e-10
3.2454e-10
3.1986e-10
3.1525e-10
3.107e-10
3.0622e-10
3.0179e-10
2.9743e-10
2.9313e-10
2.8889e-10
2.847e-10
2.8058e-10
2.7651e-10
2.725e-10
2.6855e-10
2.6465e-10
2.608e-10
2.5701e-10
2.5327e-10
2.4959e-10
2.4595e-10
2.4237e-10
2.3883e-10
2.3535e-10
2.3191e-10
2.2853e-10
2.2519e-10
2.2189e-10
2.1865e-10
2.1545e-10
2.1229e-10
2.0918e-10
2.0611e-10
2.0309e-10
2.0011e-10
1.9717e-10
1.9427e-10
1.9141e-10
1.886e-10
1.8582e-10
1.8308e-10
1.8038e-10
1.7772e-10
1.751e-10
1.7252e-10
1.6997e-10
1.6745e-10
1.6498e-10
1.6254e-10
1.6013e-10
1.5776e-10
1.5542e-10
1.5311e-10
1.5084e-10
1.486e-10
1.4639e-10
1.4422e-10
1.4207e-10
1.3996e-10
1.3787e-10
1.3582e-10
1.338e-10
1.318e-10
1.2983e-10
1.2789e-10
1.2598e-10
1.241e-10
1.2224e-10
1.2041e-10
1.1861e-10
1.1683e-10
1.1508e-10
1.1336e-10
1.1166e-10
1.0998e-10
1.0833e-10
1.067e-10
1.0509e-10
1.0351e-10
1.0195e-10
1.0042e-10
9.8903e-11
9.7412e-11
9.5942e-11
9.4493e-11
9.3065e-11
9.1659e-11
9.0272e-11
8.8906e-11
8.756e-11
8.6233e-11
8.4926e-11
8.3638e-11
8.2369e-11
8.1118e-11
7.9886e-11
7.8672e-11
7.7475e-11
7.6296e-11
7.5135e-11
7.399e-11
7.2862e-11
7.1751e-11
7.0656e-11
6.9578e-11
6.8515e-11
6.7468e-11
6.6436e-11
6.5419e-11
6.4418e-11
6.3431e-11
6.2459e-11
6.1501e-11
6.0558e-11
5.9628e-11
5.8712e-11
5.781e-11
5.6921e-11
5.6045e-11
5.5183e-11
5.4333e-11
5.3496e-11
5.2671e-11
5.1858e-11
5.1058e-11
5.0269e-11
4.9493e-11
4.8727e-11
4.7974e-11
4.7231e-11
4.65e-11
4.5779e-11
4.507e-11
4.4371e-11
4.3682e-11
4.3004e-11
4.2336e-11
4.1678e-11
4.103e-11
4.0391e-11
3.9762e-11
3.9143e-11
3.8533e-11
3.7932e-11
3.734e-11
3.6757e-11
3.6183e-11
3.5618e-11
3.5061e-11
3.4512e-11
3.3972e-11
3.344e-11
3.2916e-11
3.24e-11
3.1892e-11
3.1391e-11
3.0899e-11
3.0413e-11
2.9935e-11
2.9464e-11
2.9001e-11
2.8544e-11
2.8094e-11
2.7652e-11
2.7215e-11
2.6786e-11
2.6363e-11
2.5947e-11
2.5537e-11
2.5133e-11
2.4735e-11
2.4344e-11
2.3958e-11
2.3579e-11
2.3205e-11
2.2837e-11
2.2474e-11
2.2118e-11
2.1766e-11
2.142e-11
2.108e-11
2.0744e-11
2.0414e-11
2.0089e-11
1.9769e-11
1.9453e-11
1.9143e-11
1.8837e-11
1.8537e-11
1.824e-11
1.7949e-11
1.7662e-11
1.7379e-11
1.7101e-11
1.6827e-11
1.6557e-11
1.6292e-11
1.603e-11
1.5773e-11
1.5519e-11
1.527e-11
1.5025e-11
1.4783e-11
1.4545e-11
1.4311e-11
1.408e-11
1.3853e-11
1.363e-11
1.341e-11
1.3193e-11
1.298e-11
1.277e-11
1.2564e-11
1.236e-11
1.216e-11
1.1963e-11
1.177e-11
1.1579e-11
1.1391e-11
1.1206e-11
1.1024e-11
1.0845e-11
1.0669e-11
1.0495e-11
1.0324e-11
1.0156e-11
9.9909e-12
9.8281e-12
9.6678e-12
9.5101e-12
9.3549e-12
9.2021e-12
9.0518e-12
8.9038e-12
8.7582e-12
8.6149e-12
8.4738e-12
8.335e-12
8.1984e-12
8.064e-12
7.9317e-12
7.8015e-12
7.6734e-12
7.5473e-12
7.4233e-12
7.3012e-12
7.181e-12
7.0628e-12
6.9465e-12
6.832e-12
6.7193e-12
6.6085e-12
6.4994e-12
6.3921e-12
6.2864e-12
6.1825e-12
6.0803e-12
5.9797e-12
5.8807e-12
5.7832e-12
5.6874e-12
5.5931e-12
5.5003e-12
5.409e-12
5.3192e-12
5.2308e-12
5.1439e-12
5.0583e-12
4.9741e-12
4.8913e-12
4.8099e-12
4.7297e-12
4.6509e-12
4.5733e-12
4.4969e-12
4.4219e-12
4.348e-12
4.2753e-12
4.2038e-12
4.1335e-12
4.0643e-12
3.9962e-12
3.9292e-12
3.8634e-12
3.7986e-12
3.7348e-12
3.6721e-12
3.6104e-12
3.5497e-12
3.4901e-12
3.4313e-12
3.3736e-12
3.3168e-12
3.2609e-12
3.2059e-12
3.1519e-12
3.0987e-12
3.0464e-12
2.9949e-12
2.9443e-12
2.8945e-12
2.8455e-12
2.7974e-12
2.75e-12
2.7034e-12
2.6576e-12
2.6126e-12
2.5682e-12
2.5246e-12
2.4818e-12
2.4396e-12
2.3981e-12
2.3573e-12
2.3172e-12
2.2778e-12
2.239e-12
2.2008e-12
2.1633e-12
2.1264e-12
2.0901e-12
2.0544e-12
2.0193e-12
1.9848e-12
1.9509e-12
1.9175e-12
1.8847e-12
1.8524e-12
1.8207e-12
1.7895e-12
1.7588e-12
1.7286e-12
1.6989e-12
1.6697e-12
1.6411e-12
1.6128e-12
1.5851e-12
1.5578e-12
1.531e-12
1.5046e-12
1.4787e-12
1.4532e-12
1.4281e-12
1.4035e-12
1.3793e-12
1.3554e-12
1.332e-12
1.309e-12
1.2863e-12
1.2641e-12
1.2422e-12
1.2207e-12
1.1995e-12
1.1787e-12
1.1582e-12
1.1381e-12
1.1184e-12
1.0989e-12
1.0798e-12
1.0611e-12
1.0426e-12
1.0244e-12
1.0066e-12
9.8906e-13
9.7182e-13
9.5486e-13
9.382e-13
9.2182e-13
9.0572e-13
8.8989e-13
8.7433e-13
8.5904e-13
8.4401e-13
8.2923e-13
8.147e-13
8.0042e-13
7.8639e-13
7.7259e-13
7.5903e-13
7.4571e-13
7.3261e-13
7.1973e-13
7.0707e-13
6.9464e-13
6.8241e-13
6.7039e-13
6.5858e-13
6.4697e-13
6.3556e-13
6.2435e-13
6.1333e-13
6.025e-13
5.9186e-13
5.8139e-13
5.7111e-13
5.6101e-13
5.5108e-13
5.4132e-13
5.3173e-13
5.223e-13
5.1304e-13
5.0394e-13
4.9499e-13
4.862e-13
4.7756e-13
4.6907e-13
4.6073e-13
4.5253e-13
4.4448e-13
4.3656e-13
4.2878e-13
4.2114e-13
4.1363e-13
4.0625e-13
3.9899e-13
3.9187e-13
3.8487e-13
3.7799e-13
3.7123e-13
3.6458e-13
3.5806e-13
3.5164e-13
3.4534e-13
3.3915e-13
3.3307e-13
3.2709e-13
3.2122e-13
3.1545e-13
3.0978e-13
3.0421e-13
2.9874e-13
2.9337e-13
2.8809e-13
2.829e-13
2.778e-13
2.7279e-13
2.6787e-13
2.6304e-13
2.5829e-13
2.5363e-13
2.4904e-13
2.4454e-13
2.4012e-13
2.3577e-13
2.3151e-13
2.2731e-13
2.232e-13
2.1915e-13
2.1518e-13
2.1127e-13
2.0744e-13
2.0367e-13
1.9997e-13
1.9633e-13
1.9276e-13
1.8926e-13
1.8581e-13
1.8243e-13
1.791e-13
1.7584e-13
1.7263e-13
1.6948e-13
1.6639e-13
1.6335e-13
1.6037e-13
1.5744e-13
1.5456e-13
1.5173e-13
1.4895e-13
1.4623e-13
1.4355e-13
1.4092e-13
1.3833e-13
1.3579e-13
1.333e-13
1.3085e-13
1.2845e-13
1.2609e-13
1.2377e-13
1.215e-13
1.1926e-13
1.1706e-13
1.1491e-13
1.1279e-13
1.1071e-13
1.0867e-13
1.0666e-13
1.0469e-13
1.0276e-13
1.0086e-13
9.8997e-14
9.7166e-14
9.5369e-14
9.3603e-14
9.187e-14
9.0168e-14
8.8496e-14
8.6855e-14
8.5244e-14
8.3661e-14
8.2108e-14
8.0583e-14
7.9085e-14
7.7614e-14
7.617e-14
7.4753e-14
7.3361e-14
7.1994e-14
7.0653e-14
6.9335e-14
6.8042e-14
6.6772e-14
6.5526e-14
6.4302e-14
6.31e-14
6.1921e-14
6.0762e-14
5.9625e-14
5.8509e-14
5.7414e-14
5.6338e-14
5.5282e-14
5.4245e-14
5.3227e-14
5.2228e-14
5.1248e-14
5.0285e-14
4.934e-14
4.8412e-14
4.7501e-14
4.6607e-14
4.573e-14
4.4868e-14
4.4023e-14
4.3193e-14
4.2378e-14
4.1578e-14
4.0793e-14
4.0023e-14
3.9267e-14
3.8525e-14
3.7796e-14
3.7081e-14
3.6379e-14
3.569e-14
3.5014e-14
3.435e-14
3.3699e-14
3.306e-14
3.2432e-14
3.1816e-14
3.1212e-14
3.0619e-14
3.0037e-14
2.9466e-14
2.8905e-14
2.8355e-14
2.7815e-14
2.7285e-14
2.6765e-14
2.6254e-14
2.5753e-14
2.5262e-14
2.4779e-14
2.4306e-14
2.3841e-14
2.3386e-14
2.2938e-14
2.2499e-14
2.2068e-14
2.1646e-14
2.1231e-14
2.0824e-14
2.0425e-14
2.0033e-14
1.9648e-14
1.9271e-14
1.8901e-14
1.8537e-14
1.8181e-14
1.7831e-14
1.7488e-14
1.7151e-14
1.6821e-14
1.6497e-14
1.6179e-14
1.5867e-14
1.5561e-14
1.526e-14
1.4965e-14
1.4676e-14
1.4393e-14
1.4114e-14
1.3841e-14
1.3573e-14
1.3311e-14
1.3053e-14
1.28e-14
1.2552e-14
1.2308e-14
1.2069e-14
1.1835e-14
1.1605e-14
1.138e-14
1.1159e-14
1.0942e-14
1.0729e-14
1.052e-14
1.0315e-14
1.0114e-14
9.9171e-15
9.7238e-15
9.5341e-15
9.3481e-15
9.1656e-15
8.9866e-15
8.811e-15
8.6388e-15
8.4699e-15
8.3042e-15
8.1417e-15
7.9823e-15
7.8259e-15
7.6726e-15
7.5221e-15
7.3746e-15
7.2299e-15
7.088e-15
6.9488e-15
6.8123e-15
6.6784e-15
6.5471e-15
6.4183e-15
6.292e-15
6.1681e-15
6.0467e-15
5.9275e-15
5.8107e-15
5.6961e-15
5.5837e-15
5.4735e-15
5.3654e-15
5.2594e-15
5.1555e-15
5.0536e-15
4.9536e-15
4.8556e-15
4.7595e-15
4.6652e-15
4.5728e-15
4.4821e-15
4.3933e-15
4.3061e-15
4.2207e-15
4.1369e-15
4.0547e-15
3.9741e-15
3.8951e-15
3.8177e-15
3.7417e-15
3.6672e-15
3.5942e-15
3.5226e-15
3.4524e-15
3.3836e-15
3.3161e-15
3.2499e-15
3.185e-15
3.1214e-15
3.0591e-15
2.9979e-15
2.938e-15
2.8792e-15
2.8216e-15
2.7651e-15
2.7097e-15
2.6554e-15
2.6022e-15
2.55e-15
2.4988e-15
2.4487e-15
2.3995e-15
2.3513e-15
2.3041e-15
2.2577e-15
2.2123e-15
2.1678e-15
2.1242e-15
2.0814e-15
2.0395e-15
1.9984e-15
1.9581e-15
1.9186e-15
1.8799e-15
1.8419e-15
1.8047e-15
1.7683e-15
1.7325e-15
1.6975e-15
1.6631e-15
1.6295e-15
1.5965e-15
1.5642e-15
1.5325e-15
1.5014e-15
1.471e-15
1.4411e-15
1.4119e-15
1.3832e-15
1.3551e-15
1.3276e-15
1.3006e-15
1.2741e-15
1.2482e-15
1.2228e-15
1.1979e-15
1.1735e-15
1.1496e-15
1.1261e-15
1.1032e-15
1.0807e-15
1.0586e-15
1.037e-15
1.0158e-15
9.9505e-16
9.747e-16
9.5477e-16
9.3523e-16
9.1608e-16
8.9732e-16
8.7894e-16
8.6093e-16
8.4327e-16
8.2598e-16
8.0903e-16
7.9242e-16
7.7614e-16
7.602e-16
7.4457e-16
7.2926e-16
7.1426e-16
6.9956e-16
6.8516e-16
6.7105e-16
6.5722e-16
6.4367e-16
6.304e-16
6.174e-16
6.0466e-16
5.9217e-16
5.7994e-16
5.6796e-16
5.5622e-16
5.4472e-16
5.3345e-16
5.2241e-16
5.1159e-16
5.01e-16
4.9061e-16
4.8044e-16
4.7048e-16
4.6072e-16
4.5116e-16
4.4179e-16
4.3262e-16
4.2363e-16
4.1482e-16
4.0619e-16
3.9774e-16
3.8947e-16
3.8136e-16
3.7341e-16
3.6563e-16
3.5801e-16
3.5054e-16
3.4323e-16
3.3607e-16
3.2905e-16
3.2218e-16
3.1545e-16
3.0885e-16
3.0239e-16
2.9607e-16
2.8987e-16
2.838e-16
2.7786e-16
2.7204e-16
2.6633e-16
2.6075e-16
2.5528e-16
2.4992e-16
2.4467e-16
2.3953e-16
2.345e-16
2.2957e-16
2.2474e-16
2.2002e-16
2.1539e-16
2.1085e-16
2.0641e-16
2.0206e-16
1.978e-16
1.9363e-16
1.8955e-16
1.8555e-16
1.8163e-16
1.7779e-16
1.7404e-16
1.7036e-16
1.6676e-16
1.6323e-16
1.5977e-16
1.5639e-16
1.5308e-16
1.4984e-16
1.4666e-16
1.4355e-16
1.4051e-16
1.3752e-16
1.346e-16
1.3175e-16
1.2895e-16
1.2621e-16
1.2352e-16
1.209e-16
1.1832e-16
1.158e-16
1.1334e-16
1.1092e-16
1.0856e-16
1.0625e-16
1.0398e-16
1.0176e-16
9.9589e-17
9.7462e-17
9.538e-17
9.3342e-17
9.1346e-17
8.9393e-17
8.748e-17
8.5608e-17
8.3775e-17
8.198e-17
8.0224e-17
7.8504e-17
7.682e-17
7.5172e-17
7.3559e-17
7.198e-17
7.0434e-17
6.892e-17
6.7439e-17
6.5989e-17
6.4569e-17
6.318e-17
6.182e-17
6.0488e-17
5.9185e-17
5.7909e-17
5.6661e-17
5.5439e-17
5.4242e-17
5.3071e-17
5.1925e-17
5.0804e-17
4.9706e-17
4.8631e-17
4.7579e-17
4.655e-17
4.5542e-17
4.4556e-17
4.3591e-17
4.2646e-17
4.1722e-17
4.0817e-17
3.9932e-17
3.9065e-17
3.8217e-17
3.7387e-17
3.6574e-17
3.5779e-17
3.5001e-17
3.424e-17
3.3495e-17
3.2766e-17
3.2052e-17
3.1354e-17
3.0671e-17
3.0002e-17
2.9348e-17
2.8707e-17
2.8081e-17
2.7467e-17
2.6867e-17
2.628e-17
2.5706e-17
2.5144e-17
2.4594e-17
2.4055e-17
2.3529e-17
2.3013e-17
2.2509e-17
2.2016e-17
2.1533e-17
2.1061e-17
2.0598e-17
2.0146e-17
1.9704e-17
1.9271e-17
1.8847e-17
1.8433e-17
1.8028e-17
1.7631e-17
1.7243e-17
1.6863e-17
1.6492e-17
1.6128e-17
1.5773e-17
1.5425e-17
1.5085e-17
1.4752e-17
1.4426e-17
1.4108e-17
1.3796e-17
1.3491e-17
1.3193e-17
1.2901e-17
1.2615e-17
1.2336e-17
1.2063e-17
1.1796e-17
1.1534e-17
1.1279e-17
1.1029e-17
1.0784e-17
1.0545e-17
1.031e-17
1.0081e-17
9.8574e-18
9.6383e-18
9.424e-18
9.2144e-18
9.0093e-18
8.8088e-18
8.6126e-18
8.4208e-18
8.2331e-18
8.0496e-18
7.87e-18
7.6945e-18
7.5227e-18
7.3548e-18
7.1905e-18
7.0298e-18
6.8727e-18
6.719e-18
6.5688e-18
6.4218e-18
6.278e-18
6.1374e-18
5.9999e-18
5.8655e-18
5.734e-18
5.6054e-18
5.4796e-18
5.3567e-18
5.2364e-18
5.1188e-18
5.0038e-18
4.8913e-18
4.7813e-18
4.6738e-18
4.5686e-18
4.4658e-18
4.3652e-18
4.2669e-18
4.1707e-18
4.0767e-18
3.9848e-18
3.8949e-18
3.807e-18
3.721e-18
3.637e-18
3.5548e-18
3.4745e-18
3.3959e-18
3.3191e-18
3.244e-18
3.1706e-18
3.0988e-18
3.0286e-18
2.96e-18
2.8929e-18
2.8273e-18
2.7632e-18
2.7005e-18
2.6392e-18
2.5792e-18
2.5206e-18
2.4634e-18
2.4073e-18
2.3526e-18
2.2991e-18
2.2468e-18
2.1956e-18
2.1456e-18
2.0967e-18
2.0489e-18
2.0022e-18
1.9565e-18
1.9119e-18
1.8683e-18
1.8256e-18
1.7839e-18
1.7431e-18
1.7033e-18
1.6643e-18
1.6263e-18
1.589e-18
1.5527e-18
1.5171e-18
1.4824e-18
1.4484e-18
1.4152e-18
1.3827e-18
1.351e-18
1.32e-18
1.2897e-18
1.2601e-18
1.2311e-18
1.2028e-18
1.1752e-18
1.1481e-18
1.1217e-18
1.0959e-18
1.0707e-18
1.046e-18
1.0219e-18
9.9836e-19
9.7534e-19
9.5284e-19
9.3086e-19
9.0937e-19
8.8837e-19
8.6785e-19
8.478e-19
8.282e-19
8.0905e-19
7.9033e-19
7.7204e-19
7.5417e-19
7.367e-19
7.1964e-19
7.0296e-19
6.8666e-19
6.7074e-19
6.5518e-19
6.3997e-19
6.2512e-19
6.106e-19
5.9641e-19
5.8255e-19
5.6901e-19
5.5577e-19
5.4284e-19
5.3021e-19
5.1786e-19
5.058e-19
4.9402e-19
4.825e-19
4.7125e-19
4.6026e-19
4.4952e-19
4.3903e-19
4.2878e-19
4.1876e-19
4.0898e-19
3.9942e-19
3.9008e-19
3.8096e-19
3.7204e-19
3.6333e-19
3.5483e-19
3.4652e-19
3.384e-19
3.3046e-19
3.2272e-19
3.1515e-19
3.0775e-19
3.0053e-19
2.9347e-19
2.8658e-19
2.7984e-19
2.7326e-19
2.6684e-19
2.6056e-19
2.5443e-19
2.4844e-19
2.4259e-19
2.3688e-19
2.3129e-19
2.2584e-19
2.2052e-19
2.1531e-19
2.1023e-19
2.0527e-19
2.0042e-19
1.9569e-19
1.9106e-19
1.8655e-19
1.8214e-19
1.7783e-19
1.7362e-19
1.6951e-19
1.6549e-19
1.6157e-19
1.5775e-19
1.5401e-19
1.5035e-19
1.4679e-19
1.433e-19
1.399e-19
1.3658e-19
1.3333e-19
1.3017e-19
1.2707e-19
1.2405e-19
1.211e-19
1.1822e-19
1.154e-19
1.1265e-19
1.0997e-19
1.0735e-19
1.0479e-19
1.0229e-19
9.9852e-20
9.7469e-20
9.5142e-20
9.287e-20
9.0652e-20
8.8485e-20
8.637e-20
8.4305e-20
8.2288e-20
8.0319e-20
7.8396e-20
7.6519e-20
7.4686e-20
7.2896e-20
7.1149e-20
6.9442e-20
6.7777e-20
6.615e-20
6.4562e-20
6.3012e-20
6.1498e-20
6.0021e-20
5.8578e-20
5.7169e-20
5.5794e-20
5.4451e-20
5.3141e-20
5.1861e-20
5.0612e-20
4.9392e-20
4.8202e-20
4.7039e-20
4.5905e-20
4.4797e-20
4.3716e-20
4.266e-20
4.163e-20
4.0624e-20
3.9642e-20
3.8684e-20
3.7748e-20
3.6835e-20
3.5943e-20
3.5073e-20
3.4223e-20
3.3394e-20
3.2585e-20
3.1795e-20
3.1024e-20
3.0271e-20
2.9536e-20
2.8819e-20
2.8119e-20
2.7436e-20
2.6769e-20
2.6118e-20
2.5483e-20
2.4863e-20
2.4258e-20
2.3668e-20
2.3091e-20
2.2529e-20
2.198e-20
2.1444e-20
2.0921e-20
2.041e-20
1.9912e-20
1.9426e-20
1.8952e-20
1.8489e-20
1.8037e-20
1.7596e-20
1.7166e-20
1.6746e-20
1.6336e-20
1.5936e-20
1.5546e-20
1.5165e-20
1.4794e-20
1.4431e-20
1.4077e-20
1.3732e-20
1.3395e-20
1.3066e-20
1.2746e-20
1.2432e-20
1.2127e-20
1.1829e-20
1.1538e-20
1.1254e-20
1.0977e-20
1.0707e-20
1.0444e-20
1.0187e-20
9.9356e-21
9.6907e-21
9.4518e-21
9.2187e-21
8.9913e-21
8.7694e-21
8.553e-21
8.3418e-21
8.1357e-21
7.9347e-21
7.7385e-21
7.5472e-21
7.3605e-21
7.1784e-21
7.0007e-21
6.8274e-21
6.6583e-21
6.4933e-21
6.3324e-21
6.1754e-21
6.0222e-21
5.8728e-21
5.727e-21
5.5849e-21
5.4462e-21
5.3109e-21
5.1789e-21
5.0501e-21
4.9246e-21
4.8021e-21
4.6826e-21
4.566e-21
4.4523e-21
4.3414e-21
4.2332e-21
4.1277e-21
4.0248e-21
3.9244e-21
3.8265e-21
3.731e-21
3.6378e-21
3.547e-21
3.4583e-21
3.3719e-21
3.2876e-21
3.2054e-21
3.1252e-21
3.047e-21
2.9707e-21
2.8963e-21
2.8238e-21
2.753e-21
2.684e-21
2.6167e-21
2.5511e-21
2.4871e-21
2.4246e-21
2.3638e-21
2.3044e-21
2.2465e-21
2.19e-21
2.135e-21
2.0813e-21
2.0289e-21
1.9779e-21
1.9281e-21
1.8795e-21
1.8322e-21
1.786e-21
1.741e-21
1.6971e-21
1.6543e-21
1.6125e-21
1.5718e-21
1.5321e-21
1.4934e-21
1.4557e-21
1.4189e-21
1.383e-21
1.3481e-21
1.314e-21
1.2807e-21
1.2483e-21
1.2167e-21
1.1858e-21
1.1558e-21
1.1265e-21
1.0979e-21
1.0701e-21
1.0429e-21
1.0165e-21
9.9065e-22
9.6549e-22
9.4096e-22
9.1705e-22
8.9373e-22
8.7101e-22
8.4885e-22
8.2725e-22
8.0619e-22
7.8566e-22
7.6564e-22
7.4613e-22
7.2712e-22
7.0858e-22
6.905e-22
6.7289e-22
6.5571e-22
6.3897e-22
6.2265e-22
6.0674e-22
5.9124e-22
5.7612e-22
5.6139e-22
5.4703e-22
5.3303e-22
5.1939e-22
5.0609e-22
4.9313e-22
4.8049e-22
4.6818e-22
4.5617e-22
4.4447e-22
4.3307e-22
4.2196e-22
4.1112e-22
4.0057e-22
3.9028e-22
3.8025e-22
3.7047e-22
3.6095e-22
3.5166e-22
3.4261e-22
3.338e-22
3.252e-22
3.1683e-22
3.0866e-22
3.0071e-22
2.9296e-22
2.854e-22
2.7804e-22
2.7087e-22
2.6387e-22
2.5706e-22
2.5042e-22
2.4395e-22
2.3764e-22
2.315e-22
2.2551e-22
2.1968e-22
2.1399e-22
2.0845e-22
2.0306e-22
1.978e-22
1.9267e-22
1.8768e-22
1.8281e-22
1.7807e-22
1.7345e-22
1.6895e-22
1.6456e-22
1.6029e-22
1.5612e-22
1.5207e-22
1.4811e-22
1.4426e-22
1.4051e-22
1.3685e-22
1.3329e-22
1.2982e-22
1.2644e-22
1.2315e-22
1.1994e-22
1.1681e-22
1.1376e-22
1.108e-22
1.079e-22
1.0509e-22
1.0234e-22
9.9671e-23
9.7067e-23
9.453e-23
9.2058e-23
8.9651e-23
8.7306e-23
8.5021e-23
8.2795e-23
8.0627e-23
7.8515e-23
7.6458e-23
7.4454e-23
7.2502e-23
7.06e-23
6.8748e-23
6.6944e-23
6.5187e-23
6.3475e-23
6.1807e-23
6.0183e-23
5.8601e-23
5.7061e-23
5.556e-23
5.4098e-23
5.2674e-23
5.1288e-23
4.9937e-23
4.8621e-23
4.734e-23
4.6092e-23
4.4877e-23
4.3693e-23
4.2541e-23
4.1418e-23
4.0324e-23
3.9259e-23
3.8222e-23
3.7212e-23
3.6229e-23
3.5271e-23
3.4338e-23
3.3429e-23
3.2544e-23
3.1683e-23
3.0844e-23
3.0027e-23
2.9231e-23
2.8456e-23
2.7701e-23
2.6967e-23
2.6251e-23
2.5554e-23
2.4876e-23
2.4215e-23
2.3572e-23
2.2945e-23
2.2336e-23
2.1742e-23
2.1163e-23
2.06e-23
2.0052e-23
1.9518e-23
1.8998e-23
1.8492e-23
1.7999e-23
1.7519e-23
1.7052e-23
1.6597e-23
1.6155e-23
1.5723e-23
1.5304e-23
1.4895e-23
1.4497e-23
1.411e-23
1.3732e-23
1.3365e-23
1.3008e-23
1.266e-23
1.2321e-23
1.1991e-23
1.167e-23
1.1357e-23
1.1053e-23
1.0756e-23
1.0468e-23
1.0187e-23
9.9139e-24
9.6478e-24
9.3888e-24
9.1367e-24
8.8912e-24
8.6523e-24
8.4197e-24
8.1933e-24
7.9729e-24
7.7584e-24
7.5496e-24
7.3463e-24
7.1485e-24
6.9559e-24
6.7685e-24
6.586e-24
6.4085e-24
6.2356e-24
6.0674e-24
5.9036e-24
5.7442e-24
5.5891e-24
5.4381e-24
5.2912e-24
5.1482e-24
5.009e-24
4.8735e-24
4.7416e-24
4.6133e-24
4.4884e-24
4.3669e-24
4.2486e-24
4.1335e-24
4.0214e-24
3.9124e-24
3.8063e-24
3.703e-24
3.6025e-24
3.5047e-24
3.4096e-24
3.317e-24
3.2268e-24
3.1391e-24
3.0538e-24
2.9707e-24
2.8899e-24
2.8113e-24
2.7348e-24
2.6603e-24
2.5878e-24
2.5173e-24
2.4487e-24
2.382e-24
2.317e-24
2.2538e-24
2.1923e-24
2.1325e-24
2.0743e-24
2.0176e-24
1.9625e-24
1.9089e-24
1.8567e-24
1.8059e-24
1.7565e-24
1.7084e-24
1.6617e-24
1.6162e-24
1.5719e-24
1.5289e-24
1.487e-24
1.4462e-24
1.4066e-24
1.368e-24
1.3305e-24
1.2939e-24
1.2584e-24
1.2239e-24
1.1902e-24
1.1575e-24
1.1257e-24
1.0948e-24
1.0647e-24
1.0354e-24
1.0069e-24
9.7917e-25
9.5221e-25
9.2599e-25
9.0047e-25
8.7566e-25
8.5152e-25
8.2804e-25
8.0519e-25
7.8298e-25
7.6137e-25
7.4035e-25
7.199e-25
7.0001e-25
6.8067e-25
6.6185e-25
6.4355e-25
6.2575e-25
6.0844e-25
5.916e-25
5.7522e-25
5.5929e-25
5.438e-25
5.2873e-25
5.1408e-25
4.9983e-25
4.8596e-25
4.7248e-25
4.5937e-25
4.4662e-25
4.3422e-25
4.2216e-25
4.1043e-25
3.9902e-25
3.8793e-25
3.7714e-25
3.6665e-25
3.5645e-25
3.4653e-25
3.3688e-25
3.275e-25
3.1838e-25
3.0951e-25
3.0088e-25
2.9249e-25
2.8433e-25
2.764e-25
2.6869e-25
2.6119e-25
2.5389e-25
2.468e-25
2.3991e-25
2.332e-25
2.2668e-25
2.2034e-25
2.1418e-25
2.0819e-25
2.0236e-25
1.9669e-25
1.9118e-25
1.8583e-25
1.8062e-25
1.7556e-25
1.7064e-25
1.6585e-25
1.612e-25
1.5667e-25
1.5227e-25
1.48e-25
1.4384e-25
1.398e-25
1.3587e-25
1.3205e-25
1.2834e-25
1.2473e-25
1.2122e-25
1.1781e-25
1.1449e-25
1.1127e-25
1.0813e-25
1.0508e-25
1.0212e-25
9.9242e-26
9.6443e-26
9.3722e-26
9.1077e-26
8.8506e-26
8.6007e-26
8.3578e-26
8.1216e-26
7.8921e-26
7.669e-26
7.4521e-26
7.2413e-26
7.0364e-26
6.8373e-26
6.6437e-26
6.4555e-26
6.2727e-26
6.0949e-26
5.9221e-26
5.7542e-26
5.591e-26
5.4324e-26
5.2783e-26
5.1284e-26
4.9828e-26
4.8413e-26
4.7037e-26
4.5701e-26
4.4401e-26
4.3139e-26
4.1912e-26
4.0719e-26
3.956e-26
3.8434e-26
3.734e-26
3.6276e-26
3.5242e-26
3.4238e-26
3.3262e-26
3.2313e-26
3.1391e-26
3.0496e-26
2.9625e-26
2.8779e-26
2.7957e-26
2.7159e-26
2.6383e-26
2.5629e-26
2.4896e-26
2.4184e-26
2.3492e-26
2.282e-26
2.2166e-26
2.1532e-26
2.0915e-26
2.0316e-26
1.9733e-26
1.9168e-26
1.8618e-26
1.8084e-26
1.7565e-26
1.7061e-26
1.6571e-26
1.6095e-26
1.5633e-26
1.5184e-26
1.4747e-26
1.4323e-26
1.3912e-26
1.3511e-26
1.3123e-26
1.2745e-26
1.2378e-26
1.2021e-26
1.1675e-26
1.1339e-26
1.1012e-26
1.0694e-26
1.0386e-26
1.0086e-26
9.7953e-27
9.5125e-27
9.2379e-27
8.9711e-27
8.7119e-27
8.4601e-27
8.2156e-27
7.978e-27
7.7473e-27
7.5231e-27
7.3054e-27
7.0939e-27
6.8885e-27
6.689e-27
6.4952e-27
6.307e-27
6.1241e-27
5.9465e-27
5.7741e-27
5.6065e-27
5.4438e-27
5.2858e-27
5.1323e-27
4.9832e-27
4.8384e-27
4.6978e-27
4.5612e-27
4.4286e-27
4.2998e-27
4.1747e-27
4.0532e-27
3.9352e-27
3.8206e-27
3.7093e-27
3.6012e-27
3.4962e-27
3.3943e-27
3.2953e-27
3.1992e-27
3.1058e-27
3.0152e-27
2.9271e-27
2.8417e-27
2.7587e-27
2.678e-27
2.5998e-27
2.5238e-27
2.4499e-27
2.3783e-27
2.3087e-27
2.2411e-27
2.1755e-27
2.1118e-27
2.0499e-27
1.9898e-27
1.9315e-27
1.8749e-27
1.8199e-27
1.7665e-27
1.7147e-27
1.6643e-27
1.6155e-27
1.568e-27
1.522e-27
1.4772e-27
1.4338e-27
1.3917e-27
1.3507e-27
1.311e-27
1.2724e-27
1.235e-27
1.1986e-27
1.1633e-27
1.129e-27
1.0958e-27
1.0635e-27
1.0321e-27
1.0017e-27
9.7212e-28
9.4343e-28
9.1558e-28
8.8855e-28
8.6231e-28
8.3683e-28
8.121e-28
7.881e-28
7.648e-28
7.4218e-28
7.2022e-28
6.9891e-28
6.7822e-28
6.5814e-28
6.3865e-28
6.1973e-28
6.0136e-28
5.8354e-28
5.6624e-28
5.4944e-28
5.3314e-28
5.1732e-28
5.0197e-28
4.8706e-28
4.726e-28
4.5856e-28
4.4493e-28
4.3171e-28
4.1887e-28
4.0641e-28
3.9432e-28
3.8259e-28
3.712e-28
3.6015e-28
3.4942e-28
3.3901e-28
3.2891e-28
3.1911e-28
3.0959e-28
3.0036e-28
2.914e-28
2.827e-28
2.7427e-28
2.6608e-28
2.5813e-28
2.5042e-28
2.4294e-28
2.3568e-28
2.2863e-28
2.2179e-28
2.1516e-28
2.0872e-28
2.0247e-28
1.9641e-28
1.9053e-28
1.8482e-28
1.7928e-28
1.7391e-28
1.687e-28
1.6364e-28
1.5873e-28
1.5397e-28
1.4935e-28
1.4486e-28
1.4051e-28
1.3629e-28
1.322e-28
1.2822e-28
1.2437e-28
1.2063e-28
1.17e-28
1.1348e-28
1.1007e-28
1.0675e-28
1.0354e-28
1.0042e-28
9.7393e-29
9.4458e-29
9.1611e-29
8.8848e-29
8.6169e-29
8.3569e-29
8.1047e-29
7.8601e-29
7.6227e-29
7.3925e-29
7.1692e-29
6.9525e-29
6.7424e-29
6.5385e-29
6.3408e-29
6.1489e-29
5.9629e-29
5.7824e-29
5.6073e-29
5.4375e-29
5.2728e-29
5.113e-29
4.958e-29
4.8077e-29
4.6619e-29
4.5205e-29
4.3833e-29
4.2503e-29
4.1212e-29
3.9961e-29
3.8747e-29
3.757e-29
3.6428e-29
3.5321e-29
3.4246e-29
3.3205e-29
3.2195e-29
3.1215e-29
3.0265e-29
2.9343e-29
2.8449e-29
2.7582e-29
2.6742e-29
2.5927e-29
2.5136e-29
2.437e-29
2.3626e-29
2.2905e-29
2.2206e-29
2.1528e-29
2.087e-29
2.0233e-29
1.9615e-29
1.9015e-29
1.8434e-29
1.787e-29
1.7323e-29
1.6793e-29
1.6279e-29
1.5781e-29
1.5298e-29
1.4829e-29
1.4375e-29
1.3934e-29
1.3507e-29
1.3093e-29
1.2691e-29
1.2302e-29
1.1924e-29
1.1558e-29
1.1203e-29
1.0859e-29
1.0526e-29
1.0202e-29
9.8886e-30
9.5845e-30
9.2897e-30
9.004e-30
8.7269e-30
8.4583e-30
8.1979e-30
7.9454e-30
7.7006e-30
7.4634e-30
7.2333e-30
7.0103e-30
6.7942e-30
6.5846e-30
6.3814e-30
6.1845e-30
5.9936e-30
5.8085e-30
5.6291e-30
5.4552e-30
5.2866e-30
5.1232e-30
4.9648e-30
4.8112e-30
4.6624e-30
4.5181e-30
4.3782e-30
4.2427e-30
4.1113e-30
3.9839e-30
3.8605e-30
3.7408e-30
3.6249e-30
3.5124e-30
3.4035e-30
3.2979e-30
3.1955e-30
3.0963e-30
3.0002e-30
2.907e-30
2.8167e-30
2.7292e-30
2.6443e-30
2.5621e-30
2.4824e-30
2.4052e-30
2.3303e-30
2.2578e-30
2.1875e-30
2.1194e-30
2.0534e-30
1.9894e-30
1.9274e-30
1.8673e-30
1.8091e-30
1.7526e-30
1.698e-30
1.645e-30
1.5936e-30
1.5439e-30
1.4956e-30
1.4489e-30
1.4036e-30
1.3598e-30
1.3172e-30
1.276e-30
1.2361e-30
1.1975e-30
1.16e-30
1.1237e-30
1.0885e-30
1.0544e-30
1.0213e-30
9.8933e-31
9.5831e-31
9.2826e-31
8.9915e-31
8.7094e-31
8.4361e-31
8.1713e-31
7.9147e-31
7.6661e-31
7.4253e-31
7.192e-31
6.9659e-31
6.7469e-31
6.5348e-31
6.3292e-31
6.1301e-31
5.9371e-31
5.7502e-31
5.5692e-31
5.3938e-31
5.2238e-31
5.0592e-31
4.8997e-31
4.7452e-31
4.5956e-31
4.4506e-31
4.3102e-31
4.1741e-31
4.0424e-31
3.9147e-31
3.791e-31
3.6713e-31
3.5552e-31
3.4429e-31
3.334e-31
3.2285e-31
3.1264e-31
3.0275e-31
2.9316e-31
2.8388e-31
2.7489e-31
2.6618e-31
2.5775e-31
2.4958e-31
2.4167e-31
2.34e-31
2.2658e-31
2.1939e-31
2.1243e-31
2.0569e-31
1.9916e-31
1.9283e-31
1.867e-31
1.8077e-31
1.7503e-31
1.6946e-31
1.6407e-31
1.5885e-31
1.538e-31
1.489e-31
1.4416e-31
1.3957e-31
1.3513e-31
1.3082e-31
1.2665e-31
1.2262e-31
1.1871e-31
1.1492e-31
1.1125e-31
1.077e-31
1.0427e-31
1.0094e-31
9.7715e-32
9.4594e-32
9.1571e-32
8.8645e-32
8.5811e-32
8.3068e-32
8.0411e-32
7.7838e-32
7.5348e-32
7.2936e-32
7.0601e-32
6.834e-32
6.6151e-32
6.4031e-32
6.1979e-32
5.9992e-32
5.8069e-32
5.6206e-32
5.4403e-32
5.2657e-32
5.0967e-32
4.9331e-32
4.7747e-32
4.6213e-32
4.4728e-32
4.329e-32
4.1899e-32
4.0551e-32
3.9247e-32
3.7984e-32
3.6762e-32
3.5579e-32
3.4433e-32
3.3324e-32
3.2251e-32
3.1212e-32
3.0206e-32
2.9232e-32
2.8289e-32
2.7377e-32
2.6494e-32
2.5639e-32
2.4811e-32
2.401e-32
2.3235e-32
2.2484e-32
2.1758e-32
2.1054e-32
2.0374e-32
1.9715e-32
1.9077e-32
1.846e-32
1.7863e-32
1.7284e-32
1.6725e-32
1.6183e-32
1.5659e-32
1.5151e-32
1.466e-32
1.4185e-32
1.3725e-32
1.328e-32
1.2849e-32
1.2432e-32
1.2029e-32
1.1638e-32
1.126e-32
1.0894e-32
1.054e-32
1.0198e-32
9.8662e-33
9.5453e-33
9.2349e-33
8.9344e-33
8.6437e-33
8.3623e-33
8.09e-33
7.8266e-33
7.5716e-33
7.3249e-33
7.0862e-33
6.8552e-33
6.6316e-33
6.4153e-33
6.206e-33
6.0035e-33
5.8075e-33
5.6179e-33
5.4345e-33
5.2569e-33
5.0852e-33
4.919e-33
4.7582e-33
4.6026e-33
4.4521e-33
4.3064e-33
4.1655e-33
4.0291e-33
3.8972e-33
3.7696e-33
3.6461e-33
3.5267e-33
3.4111e-33
3.2993e-33
3.1911e-33
3.0864e-33
2.9852e-33
2.8872e-33
2.7924e-33
2.7008e-33
2.6121e-33
2.5263e-33
2.4433e-33
2.363e-33
2.2853e-33
2.2102e-33
2.1375e-33
2.0672e-33
1.9991e-33
1.9333e-33
1.8697e-33
1.8081e-33
1.7486e-33
1.691e-33
1.6352e-33
1.5813e-33
1.5292e-33
1.4788e-33
1.43e-33
1.3828e-33
1.3372e-33
1.293e-33
1.2503e-33
1.209e-33
1.1691e-33
1.1305e-33
1.0931e-33
1.057e-33
1.022e-33
9.8821e-34
9.5551e-34
9.2389e-34
8.9331e-34
8.6373e-34
8.3512e-34
8.0746e-34
7.807e-34
7.5483e-34
7.298e-34
7.056e-34
6.822e-34
6.5957e-34
6.3768e-34
6.1652e-34
5.9605e-34
5.7625e-34
5.5711e-34
5.386e-34
5.207e-34
5.0339e-34
4.8665e-34
4.7047e-34
4.5482e-34
4.3968e-34
4.2505e-34
4.109e-34
3.9722e-34
3.8399e-34
3.7119e-34
3.5882e-34
3.4686e-34
3.353e-34
3.2412e-34
3.1331e-34
3.0285e-34
2.9275e-34
2.8297e-34
2.7352e-34
2.6439e-34
2.5556e-34
2.4702e-34
2.3876e-34
2.3078e-34
2.2306e-34
2.156e-34
2.0839e-34
2.0142e-34
1.9467e-34
1.8816e-34
1.8186e-34
1.7576e-34
1.6987e-34
1.6418e-34
1.5868e-34
1.5336e-34
1.4821e-34
1.4324e-34
1.3844e-34
1.3379e-34
1.293e-34
1.2496e-34
1.2076e-34
1.167e-34
1.1278e-34
1.0899e-34
1.0533e-34
1.0178e-34
9.836e-35
9.5051e-35
9.1852e-35
8.8761e-35
8.5772e-35
8.2883e-35
8.0092e-35
7.7393e-35
7.4785e-35
7.2264e-35
6.9827e-35
6.7472e-35
6.5196e-35
6.2996e-35
6.087e-35
5.8815e-35
5.6829e-35
5.4909e-35
5.3054e-35
5.1261e-35
4.9529e-35
4.7854e-35
4.6236e-35
4.4672e-35
4.316e-35
4.17e-35
4.0288e-35
3.8924e-35
3.7606e-35
3.6332e-35
3.5101e-35
3.3911e-35
3.2762e-35
3.1651e-35
3.0577e-35
2.954e-35
2.8538e-35
2.7569e-35
2.6633e-35
2.5729e-35
2.4855e-35
2.4011e-35
2.3195e-35
2.2406e-35
2.1645e-35
2.0908e-35
2.0197e-35
1.951e-35
1.8846e-35
1.8205e-35
1.7585e-35
1.6986e-35
1.6407e-35
1.5848e-35
1.5308e-35
1.4786e-35
1.4282e-35
1.3795e-35
1.3325e-35
1.287e-35
1.2431e-35
1.2006e-35
1.1596e-35
1.12e-35
1.0818e-35
1.0448e-35
1.0091e-35
9.7459e-36
9.4127e-36
9.0907e-36
8.7797e-36
8.4793e-36
8.189e-36
7.9087e-36
7.6378e-36
7.3762e-36
7.1235e-36
6.8794e-36
6.6436e-36
6.4158e-36
6.1958e-36
5.9833e-36
5.778e-36
5.5797e-36
5.3881e-36
5.2031e-36
5.0245e-36
4.8519e-36
4.6851e-36
4.5241e-36
4.3686e-36
4.2184e-36
4.0733e-36
3.9332e-36
3.7979e-36
3.6671e-36
3.5409e-36
3.419e-36
3.3012e-36
3.1875e-36
3.0777e-36
2.9716e-36
2.8691e-36
2.7702e-36
2.6747e-36
2.5824e-36
2.4933e-36
2.4072e-36
2.3241e-36
2.2439e-36
2.1664e-36
2.0915e-36
2.0192e-36
1.9494e-36
1.882e-36
1.817e-36
1.7541e-36
1.6934e-36
1.6348e-36
1.5782e-36
1.5236e-36
1.4708e-36
1.4199e-36
1.3707e-36
1.3232e-36
1.2773e-36
1.233e-36
1.1903e-36
1.149e-36
1.1091e-36
1.0706e-36
1.0335e-36
9.9758e-37
9.6293e-37
9.2948e-37
8.9719e-37
8.6601e-37
8.359e-37
8.0684e-37
7.7878e-37
7.5169e-37
7.2553e-37
7.0028e-37
6.759e-37
6.5237e-37
6.2965e-37
6.0771e-37
5.8654e-37
5.661e-37
5.4636e-37
5.2731e-37
5.0892e-37
4.9117e-37
4.7403e-37
4.5748e-37
4.4151e-37
4.261e-37
4.1121e-37
3.9685e-37
3.8298e-37
3.696e-37
3.5668e-37
3.442e-37
3.3217e-37
3.2055e-37
3.0933e-37
2.985e-37
2.8805e-37
2.7797e-37
2.6823e-37
2.5883e-37
2.4976e-37
2.4101e-37
2.3256e-37
2.2441e-37
2.1653e-37
2.0894e-37
2.0161e-37
1.9453e-37
1.877e-37
1.8111e-37
1.7475e-37
1.6861e-37
1.6268e-37
1.5697e-37
1.5145e-37
1.4612e-37
1.4098e-37
1.3602e-37
1.3124e-37
1.2662e-37
1.2216e-37
1.1786e-37
1.1371e-37
1.097e-37
1.0584e-37
1.0211e-37
9.8506e-38
9.5032e-38
9.168e-38
8.8446e-38
8.5325e-38
8.2313e-38
7.9407e-38
7.6603e-38
7.3898e-38
7.1287e-38
6.8768e-38
6.6337e-38
6.3992e-38
6.1729e-38
5.9546e-38
5.7439e-38
5.5407e-38
5.3446e-38
5.1554e-38
4.9728e-38
4.7967e-38
4.6268e-38
4.4628e-38
4.3046e-38
4.152e-38
4.0048e-38
3.8628e-38
3.7257e-38
3.5935e-38
3.466e-38
3.3429e-38
3.2242e-38
3.1097e-38
2.9992e-38
2.8927e-38
2.7899e-38
2.6907e-38
2.595e-38
2.5027e-38
2.4137e-38
2.3278e-38
2.2449e-38
2.165e-38
2.0879e-38
2.0136e-38
1.9418e-38
1.8726e-38
1.8059e-38
1.7415e-38
1.6794e-38
1.6195e-38
1.5618e-38
1.506e-38
1.4523e-38
1.4004e-38
1.3504e-38
1.3022e-38
1.2557e-38
1.2108e-38
1.1676e-38
1.1258e-38
1.0856e-38
1.0467e-38
1.0093e-38
9.7319e-39
9.3836e-39
9.0477e-39
8.7237e-39
8.4113e-39
8.11e-39
7.8194e-39
7.5392e-39
7.269e-39
7.0084e-39
6.757e-39
6.5147e-39
6.2809e-39
6.0555e-39
5.8382e-39
5.6286e-39
5.4264e-39
5.2315e-39
5.0436e-39
4.8623e-39
4.6876e-39
4.519e-39
4.3565e-39
4.1998e-39
4.0487e-39
3.903e-39
3.7626e-39
3.6271e-39
3.4965e-39
3.3706e-39
3.2491e-39
3.1321e-39
3.0192e-39
2.9103e-39
2.8054e-39
2.7042e-39
2.6067e-39
2.5126e-39
2.4219e-39
2.3345e-39
2.2502e-39
2.1689e-39
2.0906e-39
2.015e-39
1.9422e-39
1.872e-39
1.8043e-39
1.7391e-39
1.6762e-39
1.6155e-39
1.557e-39
1.5007e-39
1.4464e-39
1.394e-39
1.3435e-39
1.2948e-39
1.2479e-39
1.2027e-39
1.159e-39
1.117e-39
1.0765e-39
1.0374e-39
9.998e-40
9.6351e-40
9.2853e-40
8.9481e-40
8.6231e-40
8.3099e-40
8.0079e-40
7.7169e-40
7.4363e-40
7.1659e-40
6.9053e-40
6.6541e-40
6.412e-40
6.1786e-40
5.9537e-40
5.7369e-40
5.528e-40
5.3266e-40
5.1325e-40
4.9455e-40
4.7652e-40
4.5915e-40
4.424e-40
4.2627e-40
4.1071e-40
3.9573e-40
3.8128e-40
3.6736e-40
3.5395e-40
3.4102e-40
3.2856e-40
3.1655e-40
3.0498e-40
2.9383e-40
2.8309e-40
2.7274e-40
2.6276e-40
2.5314e-40
2.4388e-40
2.3495e-40
2.2635e-40
2.1806e-40
2.1007e-40
2.0237e-40
1.9496e-40
1.8781e-40
1.8092e-40
1.7429e-40
1.679e-40
1.6174e-40
1.558e-40
1.5008e-40
1.4457e-40
1.3926e-40
1.3415e-40
1.2922e-40
1.2447e-40
1.199e-40
1.1549e-40
1.1124e-40
1.0715e-40
1.0321e-40
9.941e-41
9.5751e-41
9.2226e-41
8.8831e-41
8.5559e-41
8.2407e-41
7.9371e-41
7.6446e-41
7.3628e-41
7.0913e-41
6.8298e-41
6.5779e-41
6.3352e-41
6.1014e-41
5.8762e-41
5.6593e-41
5.4503e-41
5.249e-41
5.0551e-41
4.8683e-41
4.6883e-41
4.515e-41
4.3481e-41
4.1873e-41
4.0324e-41
3.8832e-41
3.7394e-41
3.601e-41
3.4677e-41
3.3393e-41
3.2156e-41
3.0964e-41
2.9817e-41
2.8712e-41
2.7647e-41
2.6622e-41
2.5635e-41
2.4684e-41
2.3768e-41
2.2885e-41
2.2036e-41
2.1218e-41
2.043e-41
1.9671e-41
1.894e-41
1.8236e-41
1.7558e-41
1.6905e-41
1.6276e-41
1.5671e-41
1.5088e-41
1.4526e-41
1.3986e-41
1.3465e-41
1.2964e-41
1.2481e-41
1.2016e-41
1.1568e-41
1.1137e-41
1.0722e-41
1.0322e-41
9.937e-42
9.5663e-42
9.2094e-42
8.8657e-42
8.5347e-42
8.2161e-42
7.9092e-42
7.6138e-42
7.3293e-42
7.0555e-42
6.7917e-42
6.5378e-42
6.2933e-42
6.058e-42
5.8313e-42
5.6131e-42
5.403e-42
5.2008e-42
5.006e-42
4.8186e-42
4.6381e-42
4.4643e-42
4.297e-42
4.1359e-42
3.9808e-42
3.8316e-42
3.6878e-42
3.5495e-42
3.4163e-42
3.2881e-42
3.1646e-42
3.0458e-42
2.9314e-42
2.8213e-42
2.7153e-42
2.6132e-42
2.515e-42
2.4204e-42
2.3294e-42
2.2418e-42
2.1574e-42
2.0763e-42
1.9981e-42
1.9229e-42
1.8505e-42
1.7808e-42
1.7137e-42
1.6491e-42
1.587e-42
1.5271e-42
1.4696e-42
1.4141e-42
1.3608e-42
1.3095e-42
1.26e-42
1.2125e-42
1.1667e-42
1.1226e-42
1.0802e-42
1.0394e-42
1.0002e-42
9.6235e-43
9.2597e-43
8.9096e-43
8.5726e-43
8.2483e-43
7.9363e-43
7.6359e-43
7.3469e-43
7.0687e-43
6.801e-43
6.5434e-43
6.2955e-43
6.057e-43
5.8274e-43
5.6065e-43
5.3939e-43
5.1893e-43
4.9925e-43
4.803e-43
4.6208e-43
4.4454e-43
4.2766e-43
4.1142e-43
3.9579e-43
3.8075e-43
3.6629e-43
3.5236e-43
3.3897e-43
3.2608e-43
3.1368e-43
3.0174e-43
2.9026e-43
2.7922e-43
2.6859e-43
2.5836e-43
2.4852e-43
2.3906e-43
2.2995e-43
2.2119e-43
2.1276e-43
2.0465e-43
1.9684e-43
1.8934e-43
1.8211e-43
1.7516e-43
1.6848e-43
1.6205e-43
1.5586e-43
1.4991e-43
1.4418e-43
1.3867e-43
1.3338e-43
1.2828e-43
1.2337e-43
1.1866e-43
1.1412e-43
1.0975e-43
1.0555e-43
1.0151e-43
9.7628e-44
9.389e-44
9.0295e-44
8.6836e-44
8.351e-44
8.031e-44
7.7232e-44
7.4271e-44
7.1423e-44
6.8684e-44
6.6049e-44
6.3515e-44
6.1078e-44
5.8733e-44
5.6478e-44
5.4309e-44
5.2223e-44
5.0217e-44
4.8288e-44
4.6432e-44
4.4647e-44
4.293e-44
4.1279e-44
3.9691e-44
3.8164e-44
3.6695e-44
3.5283e-44
3.3925e-44
3.2618e-44
3.1362e-44
3.0154e-44
2.8992e-44
2.7875e-44
2.68e-44
2.5767e-44
2.4773e-44
2.3818e-44
2.2899e-44
2.2015e-44
2.1165e-44
2.0348e-44
1.9562e-44
1.8807e-44
1.808e-44
1.7382e-44
1.671e-44
1.6064e-44
1.5443e-44
1.4846e-44
1.4272e-44
1.372e-44
1.3189e-44
1.2678e-44
1.2187e-44
1.1716e-44
1.1262e-44
1.0826e-44
1.0406e-44
1.0003e-44
9.6152e-45
9.2424e-45
8.884e-45
8.5394e-45
8.2082e-45
7.8897e-45
7.5835e-45
7.2891e-45
7.0061e-45
6.734e-45
6.4725e-45
6.221e-45
5.9793e-45
5.7469e-45
5.5234e-45
5.3087e-45
5.1022e-45
4.9037e-45
4.7129e-45
4.5295e-45
4.3532e-45
4.1837e-45
4.0208e-45
3.8642e-45
3.7137e-45
3.569e-45
3.4299e-45
3.2962e-45
3.1677e-45
3.0441e-45
2.9254e-45
2.8113e-45
2.7016e-45
2.5961e-45
2.4948e-45
2.3974e-45
2.3037e-45
2.2137e-45
2.1272e-45
2.0441e-45
1.9642e-45
1.8874e-45
1.8136e-45
1.7427e-45
1.6745e-45
1.609e-45
1.546e-45
1.4855e-45
1.4273e-45
1.3714e-45
1.3177e-45
1.2661e-45
1.2165e-45
1.1688e-45
1.123e-45
1.0789e-45
1.0366e-45
9.9597e-46
9.5689e-46
9.1934e-46
8.8326e-46
8.4858e-46
8.1526e-46
7.8324e-46
7.5247e-46
7.229e-46
6.9449e-46
6.6719e-46
6.4096e-46
6.1576e-46
5.9154e-46
5.6826e-46
5.459e-46
5.2442e-46
5.0377e-46
4.8394e-46
4.6488e-46
4.4657e-46
4.2897e-46
4.1207e-46
3.9583e-46
3.8022e-46
3.6523e-46
3.5083e-46
3.3699e-46
3.2369e-46
3.1092e-46
2.9865e-46
2.8685e-46
2.7553e-46
2.6464e-46
2.5419e-46
2.4415e-46
2.345e-46
2.2523e-46
2.1632e-46
2.0777e-46
1.9955e-46
1.9166e-46
1.8407e-46
1.7679e-46
1.6979e-46
1.6307e-46
1.5661e-46
1.504e-46
1.4445e-46
1.3872e-46
1.3322e-46
1.2794e-46
1.2287e-46
1.18e-46
1.1332e-46
1.0882e-46
1.045e-46
1.0035e-46
9.6369e-47
9.2542e-47
8.8867e-47
8.5337e-47
8.1946e-47
7.8689e-47
7.5561e-47
7.2557e-47
6.9672e-47
6.6901e-47
6.4239e-47
6.1683e-47
5.9228e-47
5.687e-47
5.4606e-47
5.2432e-47
5.0343e-47
4.8338e-47
4.6411e-47
4.4562e-47
4.2785e-47
4.1079e-47
3.9441e-47
3.7868e-47
3.6357e-47
3.4906e-47
3.3513e-47
3.2175e-47
3.089e-47
2.9657e-47
2.8472e-47
2.7334e-47
2.6242e-47
2.5193e-47
2.4186e-47
2.3219e-47
2.229e-47
2.1399e-47
2.0542e-47
1.972e-47
1.8931e-47
1.8173e-47
1.7445e-47
1.6747e-47
1.6076e-47
1.5432e-47
1.4813e-47
1.4219e-47
1.3649e-47
1.3102e-47
1.2576e-47
1.2072e-47
1.1587e-47
1.1122e-47
1.0676e-47
1.0247e-47
9.8358e-48
9.4408e-48
9.0615e-48
8.6974e-48
8.3478e-48
8.0122e-48
7.6901e-48
7.3808e-48
7.0839e-48
6.7989e-48
6.5254e-48
6.2627e-48
6.0106e-48
5.7686e-48
5.5363e-48
5.3133e-48
5.0992e-48
4.8937e-48
4.6965e-48
4.5072e-48
4.3254e-48
4.151e-48
3.9835e-48
3.8228e-48
3.6686e-48
3.5205e-48
3.3784e-48
3.2419e-48
3.111e-48
2.9853e-48
2.8647e-48
2.749e-48
2.6379e-48
2.5312e-48
2.4289e-48
2.3306e-48
2.2363e-48
2.1459e-48
2.059e-48
1.9757e-48
1.8957e-48
1.8189e-48
1.7453e-48
1.6746e-48
1.6067e-48
1.5416e-48
1.4791e-48
1.4192e-48
1.3616e-48
1.3064e-48
1.2534e-48
1.2025e-48
1.1537e-48
1.1069e-48
1.062e-48
1.0188e-48
9.7746e-49
9.3775e-49
8.9965e-49
8.6308e-49
8.28e-49
7.9434e-49
7.6204e-49
7.3104e-49
7.013e-49
6.7277e-49
6.4539e-49
6.1912e-49
5.9391e-49
5.6973e-49
5.4652e-49
5.2426e-49
5.029e-49
4.824e-49
4.6274e-49
4.4387e-49
4.2577e-49
4.0841e-49
3.9175e-49
3.7576e-49
3.6043e-49
3.4571e-49
3.316e-49
3.1806e-49
3.0507e-49
2.926e-49
2.8065e-49
2.6918e-49
2.5818e-49
2.4762e-49
2.3749e-49
2.2778e-49
2.1846e-49
2.0952e-49
2.0095e-49
1.9272e-49
1.8483e-49
1.7726e-49
1.7e-49
1.6304e-49
1.5636e-49
1.4995e-49
1.438e-49
1.3791e-49
1.3225e-49
1.2683e-49
1.2163e-49
1.1664e-49
1.1185e-49
1.0726e-49
1.0285e-49
9.863e-50
9.4579e-50
9.0694e-50
8.6967e-50
8.3393e-50
7.9965e-50
7.6678e-50
7.3525e-50
7.0501e-50
6.76e-50
6.4819e-50
6.2151e-50
5.9593e-50
5.714e-50
5.4787e-50
5.253e-50
5.0366e-50
4.8291e-50
4.6301e-50
4.4393e-50
4.2562e-50
4.0807e-50
3.9124e-50
3.751e-50
3.5963e-50
3.4478e-50
3.3055e-50
3.1691e-50
3.0382e-50
2.9127e-50
2.7924e-50
2.677e-50
2.5664e-50
2.4603e-50
2.3586e-50
2.2611e-50
2.1676e-50
2.0779e-50
1.9919e-50
1.9095e-50
1.8305e-50
1.7547e-50
1.682e-50
1.6124e-50
1.5456e-50
1.4815e-50
1.4202e-50
1.3613e-50
1.3049e-50
1.2508e-50
1.1989e-50
1.1492e-50
1.1015e-50
1.0558e-50
1.012e-50
9.6994e-51
9.2967e-51
8.9106e-51
8.5405e-51
8.1857e-51
7.8455e-51
7.5194e-51
7.2069e-51
6.9072e-51
6.62e-51
6.3446e-51
6.0807e-51
5.8277e-51
5.5851e-51
5.3526e-51
5.1298e-51
4.9161e-51
4.7114e-51
4.5151e-51
4.327e-51
4.1466e-51
3.9738e-51
3.8081e-51
3.6493e-51
3.4971e-51
3.3512e-51
3.2114e-51
3.0774e-51
2.9489e-51
2.8258e-51
2.7078e-51
2.5947e-51
2.4863e-51
2.3824e-51
2.2829e-51
2.1875e-51
2.096e-51
2.0084e-51
1.9244e-51
1.8439e-51
1.7667e-51
1.6928e-51
1.6219e-51
1.554e-51
1.489e-51
1.4266e-51
1.3669e-51
1.3096e-51
1.2547e-51
1.2021e-51
1.1517e-51
1.1034e-51
1.0572e-51
1.0128e-51
9.7033e-52
9.2962e-52
8.906e-52
8.5322e-52
8.1739e-52
7.8307e-52
7.5018e-52
7.1866e-52
6.8847e-52
6.5953e-52
6.3181e-52
6.0525e-52
5.7979e-52
5.5541e-52
5.3204e-52
5.0966e-52
4.8821e-52
4.6766e-52
4.4797e-52
4.2911e-52
4.1104e-52
3.9372e-52
3.7713e-52
3.6124e-52
3.4602e-52
3.3143e-52
3.1745e-52
3.0407e-52
2.9124e-52
2.7895e-52
2.6718e-52
2.559e-52
2.451e-52
2.3475e-52
2.2484e-52
2.1534e-52
2.0625e-52
1.9753e-52
1.8918e-52
1.8119e-52
1.7353e-52
1.6619e-52
1.5916e-52
1.5243e-52
1.4598e-52
1.398e-52
1.3388e-52
1.2821e-52
1.2278e-52
1.1758e-52
1.126e-52
1.0783e-52
1.0326e-52
9.8886e-53
9.4694e-53
9.0678e-53
8.6833e-53
8.315e-53
7.9622e-53
7.6243e-53
7.3007e-53
6.9908e-53
6.694e-53
6.4097e-53
6.1375e-53
5.8767e-53
5.627e-53
5.3879e-53
5.1589e-53
4.9395e-53
4.7295e-53
4.5283e-53
4.3357e-53
4.1512e-53
3.9746e-53
3.8054e-53
3.6434e-53
3.4883e-53
3.3397e-53
3.1974e-53
3.0612e-53
2.9308e-53
2.8058e-53
2.6862e-53
2.5717e-53
2.462e-53
2.357e-53
2.2565e-53
2.1602e-53
2.068e-53
1.9797e-53
1.8952e-53
1.8143e-53
1.7368e-53
1.6626e-53
1.5915e-53
1.5235e-53
1.4584e-53
1.3961e-53
1.3364e-53
1.2792e-53
1.2245e-53
1.1721e-53
1.1219e-53
1.0739e-53
1.0279e-53
9.8393e-54
9.418e-54
9.0146e-54
8.6284e-54
8.2587e-54
7.9047e-54
7.5659e-54
7.2415e-54
6.931e-54
6.6337e-54
6.3491e-54
6.0767e-54
5.8159e-54
5.5663e-54
5.3273e-54
5.0986e-54
4.8796e-54
4.67e-54
4.4694e-54
4.2773e-54
4.0935e-54
3.9175e-54
3.7491e-54
3.5878e-54
3.4335e-54
3.2858e-54
3.1444e-54
3.0091e-54
2.8796e-54
2.7556e-54
2.6369e-54
2.5234e-54
2.4147e-54
2.3106e-54
2.2111e-54
2.1158e-54
2.0246e-54
1.9373e-54
1.8537e-54
1.7738e-54
1.6972e-54
1.624e-54
1.5539e-54
1.4868e-54
1.4226e-54
1.3612e-54
1.3024e-54
1.2461e-54
1.1923e-54
1.1408e-54
1.0915e-54
1.0443e-54
9.9912e-55
9.5591e-55
9.1456e-55
8.75e-55
8.3713e-55
8.009e-55
7.6623e-55
7.3306e-55
7.0131e-55
6.7093e-55
6.4187e-55
6.1406e-55
5.8744e-55
5.6198e-55
5.3762e-55
5.143e-55
4.92e-55
4.7066e-55
4.5024e-55
4.307e-55
4.1201e-55
3.9412e-55
3.7701e-55
3.6064e-55
3.4497e-55
3.2998e-55
3.1565e-55
3.0193e-55
2.888e-55
2.7625e-55
2.6424e-55
2.5274e-55
2.4175e-55
2.3123e-55
2.2117e-55
2.1154e-55
2.0233e-55
1.9352e-55
1.851e-55
1.7703e-55
1.6932e-55
1.6194e-55
1.5488e-55
1.4813e-55
1.4167e-55
1.355e-55
1.2959e-55
1.2393e-55
1.1853e-55
1.1335e-55
1.0841e-55
1.0367e-55
9.9148e-56
9.4818e-56
9.0677e-56
8.6715e-56
8.2926e-56
7.9302e-56
7.5836e-56
7.2521e-56
6.9349e-56
6.6316e-56
6.3416e-56
6.0641e-56
5.7988e-56
5.545e-56
5.3022e-56
5.0701e-56
4.8481e-56
4.6357e-56
4.4327e-56
4.2385e-56
4.0527e-56
3.8751e-56
3.7052e-56
3.5428e-56
3.3874e-56
3.2389e-56
3.0968e-56
2.9609e-56
2.831e-56
2.7068e-56
2.588e-56
2.4744e-56
2.3657e-56
2.2618e-56
2.1625e-56
2.0675e-56
1.9767e-56
1.8898e-56
1.8068e-56
1.7274e-56
1.6515e-56
1.5789e-56
1.5095e-56
1.4431e-56
1.3797e-56
1.319e-56
1.261e-56
1.2056e-56
1.1526e-56
1.1019e-56
1.0534e-56
1.0071e-56
9.6284e-57
9.2051e-57
8.8005e-57
8.4138e-57
8.0441e-57
7.6907e-57
7.3529e-57
7.0301e-57
6.7216e-57
6.4267e-57
6.1449e-57
5.8756e-57
5.6183e-57
5.3724e-57
5.1375e-57
4.913e-57
4.6986e-57
4.4937e-57
4.2981e-57
4.1112e-57
3.9327e-57
3.7623e-57
3.5995e-57
3.4442e-57
3.2959e-57
3.1543e-57
3.0193e-57
2.8904e-57
2.7675e-57
2.6503e-57
2.5386e-57
2.432e-57
2.3305e-57
2.2339e-57
2.1418e-57
2.0542e-57
1.9708e-57
1.8915e-57
1.8162e-57
1.7447e-57
1.6767e-57
1.6123e-57
1.5513e-57
1.4935e-57
1.4389e-57
1.3873e-57
1.3386e-57
1.2928e-57
1.2497e-57
1.2092e-57
1.1714e-57
1.136e-57
1.1031e-57
1.0726e-57
1.0444e-57
1.0185e-57
9.9476e-58
9.7323e-58
9.5385e-58
9.3658e-58
9.2139e-58
9.0825e-58
8.9716e-58
8.8808e-58
8.8103e-58
8.7598e-58
8.7293e-58
