1.4344e-09
1.4293e-09
1.4242e-09
1.4191e-09
1.4141e-09
1.409e-09
1.404e-09
1.399e-09
1.394e-09
1.389e-09
1.384e-09
1.3791e-09
1.3742e-09
1.3693e-09
1.3644e-09
1.3595e-09
1.3547e-09
1.3498e-09
1.345e-09
1.3402e-09
1.3355e-09
1.3307e-09
1.326e-09
1.3212e-09
1.3165e-09
1.3118e-09
1.3072e-09
1.3025e-09
1.2979e-09
1.2932e-09
1.2886e-09
1.284e-09
1.2795e-09
1.2749e-09
1.2704e-09
1.2659e-09
1.2614e-09
1.2569e-09
1.2524e-09
1.248e-09
1.2435e-09
1.2391e-09
1.2347e-09
1.2303e-09
1.226e-09
1.2216e-09
1.2173e-09
1.213e-09
1.2087e-09
1.2044e-09
1.2001e-09
1.1959e-09
1.1916e-09
1.1874e-09
1.1832e-09
1.179e-09
1.1749e-09
1.1707e-09
1.1666e-09
1.1625e-09
1.1584e-09
1.1543e-09
1.1502e-09
1.1462e-09
1.1421e-09
1.1381e-09
1.1341e-09
1.1301e-09
1.1262e-09
1.1222e-09
1.1183e-09
1.1144e-09
1.1104e-09
1.1066e-09
1.1027e-09
1.0988e-09
1.095e-09
1.0912e-09
1.0873e-09
1.0836e-09
1.0798e-09
1.076e-09
1.0723e-09
1.0685e-09
1.0648e-09
1.0611e-09
1.0574e-09
1.0538e-09
1.0501e-09
1.0465e-09
1.0429e-09
1.0393e-09
1.0357e-09
1.0321e-09
1.0285e-09
1.025e-09
1.0215e-09
1.018e-09
1.0145e-09
1.011e-09
1.0075e-09
1.0041e-09
1.0006e-09
9.972e-10
9.938e-10
9.9041e-10
9.8703e-10
9.8368e-10
9.8033e-10
9.7701e-10
9.7369e-10
9.704e-10
9.6711e-10
9.6385e-10
9.6059e-10
9.5736e-10
9.5414e-10
9.5093e-10
9.4774e-10
9.4456e-10
9.414e-10
9.3825e-10
9.3512e-10
9.3201e-10
9.289e-10
9.2582e-10
9.2275e-10
9.1969e-10
9.1665e-10
9.1362e-10
9.1061e-10
9.0761e-10
9.0463e-10
9.0167e-10
8.9871e-10
8.9578e-10
8.9285e-10
8.8995e-10
8.8705e-10
8.8418e-10
8.8131e-10
8.7846e-10
8.7563e-10
8.7281e-10
8.7001e-10
8.6722e-10
8.6444e-10
8.6169e-10
8.5894e-10
8.5621e-10
8.5349e-10
8.5079e-10
8.4811e-10
8.4544e-10
8.4278e-10
8.4014e-10
8.3751e-10
8.349e-10
8.323e-10
8.2971e-10
8.2714e-10
8.2459e-10
8.2205e-10
8.1953e-10
8.1701e-10
8.1452e-10
8.1204e-10
8.0957e-10
8.0712e-10
8.0468e-10
8.0226e-10
7.9985e-10
7.9746e-10
7.9508e-10
7.9271e-10
7.9036e-10
7.8803e-10
7.8571e-10
7.834e-10
7.8111e-10
7.7883e-10
7.7657e-10
7.7432e-10
7.7209e-10
7.6987e-10
7.6766e-10
7.6547e-10
7.633e-10
7.6114e-10
7.5899e-10
7.5686e-10
7.5474e-10
7.5264e-10
7.5055e-10
7.4848e-10
7.4642e-10
7.4438e-10
7.4235e-10
7.4034e-10
7.3834e-10
7.3635e-10
7.3438e-10
7.3242e-10
7.3048e-10
7.2856e-10
7.2664e-10
7.2475e-10
7.2287e-10
7.21e-10
7.1914e-10
7.1731e-10
7.1548e-10
7.1367e-10
7.1188e-10
7.101e-10
7.0833e-10
7.0658e-10
7.0485e-10
7.0313e-10
7.0142e-10
6.9973e-10
6.9806e-10
6.964e-10
6.9475e-10
6.9312e-10
6.915e-10
6.899e-10
6.8831e-10
6.8674e-10
6.8519e-10
6.8365e-10
6.8212e-10
6.8061e-10
6.7911e-10
6.7763e-10
6.7616e-10
6.7471e-10
6.7327e-10
6.7185e-10
6.7045e-10
6.6906e-10
6.6768e-10
6.6632e-10
6.6498e-10
6.6365e-10
6.6233e-10
6.6103e-10
6.5975e-10
6.5848e-10
6.5722e-10
6.5599e-10
6.5476e-10
6.5356e-10
6.5236e-10
6.5119e-10
6.5003e-10
6.4888e-10
6.4775e-10
6.4664e-10
6.4554e-10
6.4446e-10
6.4339e-10
6.4234e-10
6.413e-10
6.4028e-10
6.3928e-10
6.3829e-10
6.3732e-10
6.3636e-10
6.3542e-10
6.345e-10
6.3359e-10
6.3269e-10
6.3182e-10
6.3096e-10
6.3011e-10
6.2929e-10
6.2847e-10
6.2768e-10
6.269e-10
6.2613e-10
6.2539e-10
6.2466e-10
6.2394e-10
6.2325e-10
6.2256e-10
6.219e-10
6.2125e-10
6.2062e-10
6.2001e-10
6.1941e-10
6.1883e-10
6.1826e-10
6.1772e-10
6.1718e-10
6.1667e-10
6.1617e-10
6.1569e-10
6.1523e-10
6.1479e-10
6.1436e-10
6.1395e-10
6.1355e-10
6.1318e-10
6.1282e-10
6.1247e-10
6.1215e-10
6.1184e-10
6.1155e-10
6.1128e-10
6.1103e-10
6.1079e-10
6.1057e-10
6.1037e-10
6.1019e-10
6.1003e-10
6.0988e-10
6.0975e-10
6.0964e-10
6.0955e-10
6.0947e-10
6.0942e-10
6.0938e-10
6.0936e-10
6.0936e-10
6.0938e-10
6.0941e-10
6.0947e-10
6.0954e-10
6.0963e-10
6.0974e-10
6.0987e-10
6.1002e-10
6.1019e-10
6.1038e-10
6.1059e-10
6.1081e-10
6.1106e-10
6.1132e-10
6.1161e-10
6.1191e-10
6.1223e-10
6.1257e-10
6.1294e-10
6.1332e-10
6.1372e-10
6.1414e-10
6.1459e-10
6.1505e-10
6.1553e-10
6.1603e-10
6.1656e-10
6.171e-10
6.1766e-10
6.1825e-10
6.1885e-10
6.1948e-10
6.2013e-10
6.208e-10
6.2148e-10
6.2219e-10
6.2293e-10
6.2368e-10
6.2445e-10
6.2525e-10
6.2606e-10
6.269e-10
6.2776e-10
6.2864e-10
6.2955e-10
6.3047e-10
6.3142e-10
6.3239e-10
6.3338e-10
6.344e-10
6.3544e-10
6.365e-10
6.3758e-10
6.3868e-10
6.3981e-10
6.4096e-10
6.4214e-10
6.4333e-10
6.4455e-10
6.458e-10
6.4706e-10
6.4835e-10
6.4967e-10
6.5101e-10
6.5237e-10
6.5375e-10
6.5516e-10
6.566e-10
6.5806e-10
6.5954e-10
6.6105e-10
6.6258e-10
6.6414e-10
6.6572e-10
6.6733e-10
6.6896e-10
6.7062e-10
6.723e-10
6.7401e-10
6.7574e-10
6.775e-10
6.7929e-10
6.811e-10
6.8293e-10
6.848e-10
6.8669e-10
6.886e-10
6.9055e-10
6.9252e-10
6.9451e-10
6.9654e-10
6.9859e-10
7.0067e-10
7.0277e-10
7.0491e-10
7.0707e-10
7.0926e-10
7.1147e-10
7.1372e-10
7.1599e-10
7.1829e-10
7.2062e-10
7.2298e-10
7.2537e-10
7.2778e-10
7.3023e-10
7.327e-10
7.3521e-10
7.3774e-10
7.403e-10
7.429e-10
7.4552e-10
7.4817e-10
7.5086e-10
7.5357e-10
7.5631e-10
7.5909e-10
7.619e-10
7.6473e-10
7.676e-10
7.705e-10
7.7343e-10
7.764e-10
7.7939e-10
7.8242e-10
7.8548e-10
7.8857e-10
7.917e-10
7.9485e-10
7.9804e-10
8.0127e-10
8.0452e-10
8.0782e-10
8.1114e-10
8.145e-10
8.1789e-10
8.2132e-10
8.2478e-10
8.2827e-10
8.318e-10
8.3537e-10
8.3897e-10
8.426e-10
8.4627e-10
8.4998e-10
8.5372e-10
8.575e-10
8.6131e-10
8.6517e-10
8.6905e-10
8.7298e-10
8.7694e-10
8.8094e-10
8.8498e-10
8.8905e-10
8.9316e-10
8.9731e-10
9.015e-10
9.0573e-10
9.1e-10
9.143e-10
9.1865e-10
9.2303e-10
9.2746e-10
9.3192e-10
9.3642e-10
9.4097e-10
9.4555e-10
9.5018e-10
9.5484e-10
9.5955e-10
9.643e-10
9.6909e-10
9.7392e-10
9.788e-10
9.8371e-10
9.8867e-10
9.9368e-10
9.9872e-10
1.0038e-09
1.0089e-09
1.0141e-09
1.0193e-09
1.0246e-09
1.0299e-09
1.0353e-09
1.0407e-09
1.0461e-09
1.0516e-09
1.0571e-09
1.0627e-09
1.0684e-09
1.074e-09
1.0797e-09
1.0855e-09
1.0913e-09
1.0972e-09
1.1031e-09
1.1091e-09
1.1151e-09
1.1211e-09
1.1273e-09
1.1334e-09
1.1396e-09
1.1459e-09
1.1522e-09
1.1585e-09
1.1649e-09
1.1714e-09
1.1779e-09
1.1845e-09
1.1911e-09
1.1978e-09
1.2045e-09
1.2113e-09
1.2181e-09
1.225e-09
1.2319e-09
1.2389e-09
1.2459e-09
1.253e-09
1.2602e-09
1.2674e-09
1.2746e-09
1.282e-09
1.2893e-09
1.2968e-09
1.3043e-09
1.3118e-09
1.3194e-09
1.3271e-09
1.3348e-09
1.3426e-09
1.3504e-09
1.3583e-09
1.3663e-09
1.3743e-09
1.3824e-09
1.3905e-09
1.3987e-09
1.407e-09
1.4153e-09
1.4237e-09
1.4322e-09
1.4407e-09
1.4492e-09
1.4579e-09
1.4666e-09
1.4754e-09
1.4842e-09
1.4931e-09
1.5021e-09
1.5111e-09
1.5202e-09
1.5294e-09
1.5386e-09
1.5479e-09
1.5573e-09
1.5667e-09
1.5762e-09
1.5858e-09
1.5954e-09
1.6051e-09
1.6149e-09
1.6248e-09
1.6347e-09
1.6447e-09
1.6548e-09
1.6649e-09
1.6751e-09
1.6854e-09
1.6958e-09
1.7062e-09
1.7167e-09
1.7273e-09
1.738e-09
1.7487e-09
1.7595e-09
1.7704e-09
1.7814e-09
1.7924e-09
1.8036e-09
1.8148e-09
1.8261e-09
1.8374e-09
1.8489e-09
1.8604e-09
1.872e-09
1.8837e-09
1.8954e-09
1.9073e-09
1.9192e-09
1.9313e-09
1.9434e-09
1.9555e-09
1.9678e-09
1.9802e-09
1.9926e-09
2.0051e-09
2.0178e-09
2.0305e-09
2.0433e-09
2.0561e-09
2.0691e-09
2.0822e-09
2.0953e-09
2.1086e-09
2.1219e-09
2.1353e-09
2.1488e-09
2.1625e-09
2.1762e-09
2.19e-09
2.2038e-09
2.2178e-09
2.2319e-09
2.2461e-09
2.2604e-09
2.2747e-09
2.2892e-09
2.3038e-09
2.3184e-09
2.3332e-09
2.3481e-09
2.3631e-09
2.3781e-09
2.3933e-09
2.4086e-09
2.4239e-09
2.4394e-09
2.455e-09
2.4707e-09
2.4865e-09
2.5024e-09
2.5184e-09
2.5345e-09
2.5508e-09
2.5671e-09
2.5835e-09
2.6001e-09
2.6168e-09
2.6335e-09
2.6504e-09
2.6674e-09
2.6845e-09
2.7018e-09
2.7191e-09
2.7366e-09
2.7541e-09
2.7718e-09
2.7896e-09
2.8076e-09
2.8256e-09
2.8438e-09
2.8621e-09
2.8805e-09
2.899e-09
2.9177e-09
2.9364e-09
2.9553e-09
2.9743e-09
2.9935e-09
3.0128e-09
3.0322e-09
3.0517e-09
3.0713e-09
3.0911e-09
3.111e-09
3.1311e-09
3.1513e-09
3.1716e-09
3.192e-09
3.2126e-09
3.2333e-09
3.2541e-09
3.2751e-09
3.2962e-09
3.3175e-09
3.3389e-09
3.3604e-09
3.3821e-09
3.4039e-09
3.4258e-09
3.4479e-09
3.4702e-09
3.4925e-09
3.5151e-09
3.5377e-09
3.5606e-09
3.5835e-09
3.6066e-09
3.6299e-09
3.6533e-09
3.6769e-09
3.7006e-09
3.7244e-09
3.7485e-09
3.7726e-09
3.797e-09
3.8215e-09
3.8461e-09
3.8709e-09
3.8959e-09
3.921e-09
3.9463e-09
3.9717e-09
3.9973e-09
4.0231e-09
4.049e-09
4.0751e-09
4.1014e-09
4.1278e-09
4.1544e-09
4.1811e-09
4.2081e-09
4.2352e-09
4.2625e-09
4.2899e-09
4.3176e-09
4.3454e-09
4.3733e-09
4.4015e-09
4.4298e-09
4.4583e-09
4.487e-09
4.5159e-09
4.545e-09
4.5742e-09
4.6036e-09
4.6332e-09
4.663e-09
4.693e-09
4.7232e-09
4.7536e-09
4.7841e-09
4.8149e-09
4.8458e-09
4.8769e-09
4.9083e-09
4.9398e-09
4.9715e-09
5.0034e-09
5.0355e-09
5.0679e-09
5.1004e-09
5.1331e-09
5.166e-09
5.1992e-09
5.2325e-09
5.2661e-09
5.2998e-09
5.3338e-09
5.368e-09
5.4024e-09
5.437e-09
5.4718e-09
5.5068e-09
5.5421e-09
5.5776e-09
5.6132e-09
5.6492e-09
5.6853e-09
5.7217e-09
5.7582e-09
5.7951e-09
5.8321e-09
5.8694e-09
5.9069e-09
5.9446e-09
5.9825e-09
6.0207e-09
6.0592e-09
6.0978e-09
6.1367e-09
6.1759e-09
6.2153e-09
6.2549e-09
6.2948e-09
6.3349e-09
6.3753e-09
6.4159e-09
6.4567e-09
6.4978e-09
6.5392e-09
6.5808e-09
6.6227e-09
6.6648e-09
6.7072e-09
6.7498e-09
6.7927e-09
6.8359e-09
6.8793e-09
6.923e-09
6.9669e-09
7.0112e-09
7.0556e-09
7.1004e-09
7.1454e-09
7.1908e-09
7.2363e-09
7.2822e-09
7.3283e-09
7.3748e-09
7.4215e-09
7.4684e-09
7.5157e-09
7.5633e-09
7.6111e-09
7.6592e-09
7.7076e-09
7.7564e-09
7.8054e-09
7.8547e-09
7.9043e-09
7.9542e-09
8.0044e-09
8.0549e-09
8.1057e-09
8.1568e-09
8.2082e-09
8.2599e-09
8.312e-09
8.3643e-09
8.417e-09
8.47e-09
8.5233e-09
8.5769e-09
8.6308e-09
8.6851e-09
8.7397e-09
8.7946e-09
8.8498e-09
8.9054e-09
8.9613e-09
9.0176e-09
9.0741e-09
9.1311e-09
9.1883e-09
9.2459e-09
9.3038e-09
9.3621e-09
9.4207e-09
9.4797e-09
9.539e-09
9.5987e-09
9.6588e-09
9.7192e-09
9.7799e-09
9.841e-09
9.9025e-09
9.9643e-09
1.0027e-08
1.0089e-08
1.0152e-08
1.0215e-08
1.0279e-08
1.0343e-08
1.0408e-08
1.0472e-08
1.0538e-08
1.0603e-08
1.0669e-08
1.0736e-08
1.0802e-08
1.0869e-08
1.0937e-08
1.1005e-08
1.1073e-08
1.1142e-08
1.1211e-08
1.1281e-08
1.1351e-08
1.1421e-08
1.1492e-08
1.1563e-08
1.1635e-08
1.1707e-08
1.1779e-08
1.1852e-08
1.1925e-08
1.1999e-08
1.2073e-08
1.2148e-08
1.2223e-08
1.2298e-08
1.2374e-08
1.2451e-08
1.2527e-08
1.2605e-08
1.2682e-08
1.276e-08
1.2839e-08
1.2918e-08
1.2998e-08
1.3078e-08
1.3158e-08
1.3239e-08
1.332e-08
1.3402e-08
1.3484e-08
1.3567e-08
1.3651e-08
1.3734e-08
1.3819e-08
1.3903e-08
1.3989e-08
1.4074e-08
1.416e-08
1.4247e-08
1.4334e-08
1.4422e-08
1.451e-08
1.4599e-08
1.4688e-08
1.4778e-08
1.4868e-08
1.4959e-08
1.505e-08
1.5142e-08
1.5234e-08
1.5327e-08
1.5421e-08
1.5515e-08
1.5609e-08
1.5704e-08
1.58e-08
1.5896e-08
1.5993e-08
1.609e-08
1.6188e-08
1.6286e-08
1.6385e-08
1.6484e-08
1.6584e-08
1.6685e-08
1.6786e-08
1.6888e-08
1.699e-08
1.7093e-08
1.7197e-08
1.7301e-08
1.7405e-08
1.7511e-08
1.7616e-08
1.7723e-08
1.783e-08
1.7938e-08
1.8046e-08
1.8155e-08
1.8264e-08
1.8375e-08
1.8485e-08
1.8597e-08
1.8709e-08
1.8821e-08
1.8935e-08
1.9049e-08
1.9163e-08
1.9278e-08
1.9394e-08
1.9511e-08
1.9628e-08
1.9746e-08
1.9864e-08
1.9983e-08
2.0103e-08
2.0224e-08
2.0345e-08
2.0467e-08
2.0589e-08
2.0712e-08
2.0836e-08
2.0961e-08
2.1086e-08
2.1212e-08
2.1339e-08
2.1466e-08
2.1594e-08
2.1723e-08
2.1853e-08
2.1983e-08
2.2114e-08
2.2246e-08
2.2378e-08
2.2512e-08
2.2646e-08
2.278e-08
2.2916e-08
2.3052e-08
2.3189e-08
2.3327e-08
2.3465e-08
2.3604e-08
2.3744e-08
2.3885e-08
2.4027e-08
2.4169e-08
2.4312e-08
2.4456e-08
2.4601e-08
2.4747e-08
2.4893e-08
2.504e-08
2.5188e-08
2.5337e-08
2.5486e-08
2.5637e-08
2.5788e-08
2.594e-08
2.6093e-08
2.6247e-08
2.6402e-08
2.6557e-08
2.6713e-08
2.687e-08
2.7029e-08
2.7187e-08
2.7347e-08
2.7508e-08
2.7669e-08
2.7832e-08
2.7995e-08
2.8159e-08
2.8324e-08
2.849e-08
2.8657e-08
2.8825e-08
2.8994e-08
2.9164e-08
2.9334e-08
2.9506e-08
2.9678e-08
2.9852e-08
3.0026e-08
3.0201e-08
3.0377e-08
3.0555e-08
3.0733e-08
3.0912e-08
3.1092e-08
3.1273e-08
3.1455e-08
3.1638e-08
3.1822e-08
3.2007e-08
3.2193e-08
3.238e-08
3.2568e-08
3.2757e-08
3.2947e-08
3.3138e-08
3.3331e-08
3.3524e-08
3.3718e-08
3.3913e-08
3.411e-08
3.4307e-08
3.4505e-08
3.4705e-08
3.4905e-08
3.5107e-08
3.531e-08
3.5514e-08
3.5719e-08
3.5925e-08
3.6132e-08
3.634e-08
3.6549e-08
3.676e-08
3.6971e-08
3.7184e-08
3.7398e-08
3.7613e-08
3.7829e-08
3.8046e-08
3.8265e-08
3.8485e-08
3.8705e-08
3.8927e-08
3.915e-08
3.9375e-08
3.96e-08
3.9827e-08
4.0055e-08
4.0284e-08
4.0515e-08
4.0746e-08
4.0979e-08
4.1213e-08
4.1448e-08
4.1685e-08
4.1923e-08
4.2162e-08
4.2402e-08
4.2644e-08
4.2886e-08
4.3131e-08
4.3376e-08
4.3623e-08
4.3871e-08
4.412e-08
4.4371e-08
4.4623e-08
4.4876e-08
4.5131e-08
4.5387e-08
4.5644e-08
4.5903e-08
4.6163e-08
4.6424e-08
4.6687e-08
4.6951e-08
4.7217e-08
4.7483e-08
4.7752e-08
4.8022e-08
4.8293e-08
4.8565e-08
4.8839e-08
4.9115e-08
4.9391e-08
4.967e-08
4.9949e-08
5.0231e-08
5.0513e-08
5.0797e-08
5.1083e-08
5.137e-08
5.1659e-08
5.1949e-08
5.224e-08
5.2533e-08
5.2828e-08
5.3124e-08
5.3422e-08
5.3721e-08
5.4022e-08
5.4324e-08
5.4628e-08
5.4934e-08
5.5241e-08
5.5549e-08
5.586e-08
5.6171e-08
5.6485e-08
5.68e-08
5.7117e-08
5.7435e-08
5.7755e-08
5.8077e-08
5.84e-08
5.8725e-08
5.9051e-08
5.938e-08
5.9709e-08
6.0041e-08
6.0374e-08
6.071e-08
6.1046e-08
6.1385e-08
6.1725e-08
6.2067e-08
6.2411e-08
6.2756e-08
6.3103e-08
6.3452e-08
6.3803e-08
6.4156e-08
6.451e-08
6.4866e-08
6.5224e-08
6.5584e-08
6.5946e-08
6.6309e-08
6.6675e-08
6.7042e-08
6.7411e-08
6.7782e-08
6.8155e-08
6.8529e-08
6.8906e-08
6.9284e-08
6.9665e-08
7.0047e-08
7.0431e-08
7.0818e-08
7.1206e-08
7.1596e-08
7.1988e-08
7.2382e-08
7.2778e-08
7.3176e-08
7.3576e-08
7.3978e-08
7.4382e-08
7.4789e-08
7.5197e-08
7.5607e-08
7.6019e-08
7.6434e-08
7.685e-08
7.7269e-08
7.7689e-08
7.8112e-08
7.8537e-08
7.8964e-08
7.9393e-08
7.9824e-08
8.0257e-08
8.0693e-08
8.1131e-08
8.1571e-08
8.2013e-08
8.2457e-08
8.2903e-08
8.3352e-08
8.3803e-08
8.4256e-08
8.4712e-08
8.517e-08
8.563e-08
8.6092e-08
8.6557e-08
8.7023e-08
8.7493e-08
8.7964e-08
8.8438e-08
8.8914e-08
8.9393e-08
8.9874e-08
9.0357e-08
9.0843e-08
9.1331e-08
9.1821e-08
9.2314e-08
9.2809e-08
9.3307e-08
9.3807e-08
9.431e-08
9.4815e-08
9.5323e-08
9.5833e-08
9.6346e-08
9.6861e-08
9.7378e-08
9.7899e-08
9.8421e-08
9.8947e-08
9.9474e-08
1e-07
1.0054e-07
1.0107e-07
1.0161e-07
1.0215e-07
1.027e-07
1.0324e-07
1.0379e-07
1.0434e-07
1.049e-07
1.0545e-07
1.0601e-07
1.0658e-07
1.0714e-07
1.0771e-07
1.0828e-07
1.0885e-07
1.0943e-07
1.1001e-07
1.1059e-07
1.1117e-07
1.1176e-07
1.1235e-07
1.1294e-07
1.1354e-07
1.1414e-07
1.1474e-07
1.1535e-07
1.1595e-07
1.1656e-07
1.1718e-07
1.1779e-07
1.1841e-07
1.1903e-07
1.1966e-07
1.2029e-07
1.2092e-07
1.2155e-07
1.2219e-07
1.2283e-07
1.2347e-07
1.2412e-07
1.2477e-07
1.2542e-07
1.2608e-07
1.2674e-07
1.274e-07
1.2806e-07
1.2873e-07
1.294e-07
1.3008e-07
1.3076e-07
1.3144e-07
1.3212e-07
1.3281e-07
1.335e-07
1.342e-07
1.3489e-07
1.3559e-07
1.363e-07
1.3701e-07
1.3772e-07
1.3843e-07
1.3915e-07
1.3987e-07
1.4059e-07
1.4132e-07
1.4205e-07
1.4279e-07
1.4353e-07
1.4427e-07
1.4501e-07
1.4576e-07
1.4651e-07
1.4727e-07
1.4803e-07
1.4879e-07
1.4956e-07
1.5033e-07
1.511e-07
1.5188e-07
1.5266e-07
1.5344e-07
1.5423e-07
1.5502e-07
1.5582e-07
1.5662e-07
1.5742e-07
1.5823e-07
1.5904e-07
1.5985e-07
1.6067e-07
1.6149e-07
1.6232e-07
1.6315e-07
1.6398e-07
1.6482e-07
1.6566e-07
1.6651e-07
1.6735e-07
1.6821e-07
1.6906e-07
1.6992e-07
1.7079e-07
1.7166e-07
1.7253e-07
1.7341e-07
1.7429e-07
1.7517e-07
1.7606e-07
1.7696e-07
1.7785e-07
1.7875e-07
1.7966e-07
1.8057e-07
1.8148e-07
1.824e-07
1.8332e-07
1.8425e-07
1.8518e-07
1.8612e-07
1.8706e-07
1.88e-07
1.8895e-07
1.899e-07
1.9086e-07
1.9182e-07
1.9278e-07
1.9375e-07
1.9473e-07
1.957e-07
1.9669e-07
1.9768e-07
1.9867e-07
1.9966e-07
2.0066e-07
2.0167e-07
2.0268e-07
2.037e-07
2.0471e-07
2.0574e-07
2.0677e-07
2.078e-07
2.0884e-07
2.0988e-07
2.1093e-07
2.1198e-07
2.1304e-07
2.141e-07
2.1516e-07
2.1624e-07
2.1731e-07
2.1839e-07
2.1948e-07
2.2057e-07
2.2166e-07
2.2276e-07
2.2387e-07
2.2498e-07
2.261e-07
2.2722e-07
2.2834e-07
2.2947e-07
2.3061e-07
2.3175e-07
2.3289e-07
2.3404e-07
2.352e-07
2.3636e-07
2.3753e-07
2.387e-07
2.3987e-07
2.4106e-07
2.4224e-07
2.4343e-07
2.4463e-07
2.4583e-07
2.4704e-07
2.4826e-07
2.4947e-07
2.507e-07
2.5193e-07
2.5316e-07
2.544e-07
2.5565e-07
2.569e-07
2.5816e-07
2.5942e-07
2.6069e-07
2.6196e-07
2.6324e-07
2.6453e-07
2.6582e-07
2.6711e-07
2.6842e-07
2.6972e-07
2.7104e-07
2.7236e-07
2.7368e-07
2.7501e-07
2.7635e-07
2.7769e-07
2.7904e-07
2.8039e-07
2.8175e-07
2.8312e-07
2.8449e-07
2.8587e-07
2.8725e-07
2.8864e-07
2.9004e-07
2.9144e-07
2.9285e-07
2.9426e-07
2.9569e-07
2.9711e-07
2.9854e-07
2.9998e-07
3.0143e-07
3.0288e-07
3.0434e-07
3.058e-07
3.0727e-07
3.0875e-07
3.1023e-07
3.1172e-07
3.1322e-07
3.1472e-07
3.1623e-07
3.1774e-07
3.1927e-07
3.2079e-07
3.2233e-07
3.2387e-07
3.2542e-07
3.2697e-07
3.2853e-07
3.301e-07
3.3168e-07
3.3326e-07
3.3485e-07
3.3644e-07
3.3804e-07
3.3965e-07
3.4127e-07
3.4289e-07
3.4452e-07
3.4615e-07
3.478e-07
3.4945e-07
3.511e-07
3.5277e-07
3.5444e-07
3.5612e-07
3.578e-07
3.595e-07
3.6119e-07
3.629e-07
3.6462e-07
3.6634e-07
3.6807e-07
3.698e-07
3.7154e-07
3.7329e-07
3.7505e-07
3.7682e-07
3.7859e-07
3.8037e-07
3.8216e-07
3.8395e-07
3.8576e-07
3.8757e-07
3.8938e-07
3.9121e-07
3.9304e-07
3.9488e-07
3.9673e-07
3.9859e-07
4.0045e-07
4.0232e-07
4.042e-07
4.0609e-07
4.0798e-07
4.0989e-07
4.118e-07
4.1371e-07
4.1564e-07
4.1758e-07
4.1952e-07
4.2147e-07
4.2343e-07
4.2539e-07
4.2737e-07
4.2935e-07
4.3134e-07
4.3334e-07
4.3535e-07
4.3737e-07
4.3939e-07
4.4142e-07
4.4347e-07
4.4551e-07
4.4757e-07
4.4964e-07
4.5171e-07
4.538e-07
4.5589e-07
4.5799e-07
4.601e-07
4.6222e-07
4.6434e-07
4.6648e-07
4.6862e-07
4.7077e-07
4.7293e-07
4.751e-07
4.7728e-07
4.7947e-07
4.8167e-07
4.8387e-07
4.8609e-07
4.8831e-07
4.9054e-07
4.9278e-07
4.9504e-07
4.9729e-07
4.9956e-07
5.0184e-07
5.0413e-07
5.0643e-07
5.0873e-07
5.1105e-07
5.1337e-07
5.157e-07
5.1805e-07
5.204e-07
5.2276e-07
5.2513e-07
5.2751e-07
5.299e-07
5.323e-07
5.3471e-07
5.3713e-07
5.3956e-07
5.42e-07
5.4445e-07
5.4691e-07
5.4938e-07
5.5185e-07
5.5434e-07
5.5684e-07
5.5935e-07
5.6186e-07
5.6439e-07
5.6693e-07
5.6948e-07
5.7203e-07
5.746e-07
5.7718e-07
5.7977e-07
5.8237e-07
5.8498e-07
5.876e-07
5.9022e-07
5.9286e-07
5.9551e-07
5.9818e-07
6.0085e-07
6.0353e-07
6.0622e-07
6.0892e-07
6.1164e-07
6.1436e-07
6.171e-07
6.1984e-07
6.226e-07
6.2536e-07
6.2814e-07
6.3093e-07
6.3373e-07
6.3654e-07
6.3936e-07
6.4219e-07
6.4504e-07
6.4789e-07
6.5076e-07
6.5363e-07
6.5652e-07
6.5942e-07
6.6233e-07
6.6525e-07
6.6819e-07
6.7113e-07
6.7409e-07
6.7705e-07
6.8003e-07
6.8302e-07
6.8602e-07
6.8904e-07
6.9206e-07
6.951e-07
6.9815e-07
7.0121e-07
7.0428e-07
7.0736e-07
7.1046e-07
7.1356e-07
7.1668e-07
7.1981e-07
7.2296e-07
7.2611e-07
7.2928e-07
7.3246e-07
7.3565e-07
7.3885e-07
7.4207e-07
7.4529e-07
7.4853e-07
7.5179e-07
7.5505e-07
7.5833e-07
7.6162e-07
7.6492e-07
7.6823e-07
7.7156e-07
7.749e-07
7.7825e-07
7.8162e-07
7.85e-07
7.8839e-07
7.9179e-07
7.9521e-07
7.9863e-07
8.0208e-07
8.0553e-07
8.09e-07
8.1248e-07
8.1597e-07
8.1948e-07
8.23e-07
8.2653e-07
8.3008e-07
8.3364e-07
8.3721e-07
8.408e-07
8.444e-07
8.4801e-07
8.5164e-07
8.5528e-07
8.5893e-07
8.626e-07
8.6628e-07
8.6997e-07
8.7368e-07
8.774e-07
8.8114e-07
8.8489e-07
8.8865e-07
8.9243e-07
8.9622e-07
9.0003e-07
9.0384e-07
9.0768e-07
9.1153e-07
9.1539e-07
9.1926e-07
9.2315e-07
9.2706e-07
9.3098e-07
9.3491e-07
9.3886e-07
9.4282e-07
9.4679e-07
9.5078e-07
9.5479e-07
9.5881e-07
9.6284e-07
9.6689e-07
9.7096e-07
9.7504e-07
9.7913e-07
9.8324e-07
9.8736e-07
9.915e-07
9.9565e-07
9.9982e-07
1.004e-06
1.0082e-06
1.0124e-06
1.0166e-06
1.0209e-06
1.0252e-06
1.0294e-06
1.0337e-06
1.038e-06
1.0423e-06
1.0467e-06
1.051e-06
1.0554e-06
1.0598e-06
1.0642e-06
1.0686e-06
1.073e-06
1.0775e-06
1.0819e-06
1.0864e-06
1.0909e-06
1.0954e-06
1.1e-06
1.1045e-06
1.1091e-06
1.1136e-06
1.1182e-06
1.1228e-06
1.1275e-06
1.1321e-06
1.1368e-06
1.1414e-06
1.1461e-06
1.1508e-06
1.1555e-06
1.1603e-06
1.165e-06
1.1698e-06
1.1746e-06
1.1794e-06
1.1842e-06
1.1891e-06
1.1939e-06
1.1988e-06
1.2037e-06
1.2086e-06
1.2135e-06
1.2185e-06
1.2234e-06
1.2284e-06
1.2334e-06
1.2384e-06
1.2435e-06
1.2485e-06
1.2536e-06
1.2586e-06
1.2637e-06
1.2689e-06
1.274e-06
1.2792e-06
1.2843e-06
1.2895e-06
1.2947e-06
1.2999e-06
1.3052e-06
1.3104e-06
1.3157e-06
1.321e-06
1.3263e-06
1.3317e-06
1.337e-06
1.3424e-06
1.3478e-06
1.3532e-06
1.3586e-06
1.3641e-06
1.3695e-06
1.375e-06
1.3805e-06
1.386e-06
1.3916e-06
1.3971e-06
1.4027e-06
1.4083e-06
1.4139e-06
1.4195e-06
1.4252e-06
1.4309e-06
1.4365e-06
1.4423e-06
1.448e-06
1.4537e-06
1.4595e-06
1.4653e-06
1.4711e-06
1.4769e-06
1.4828e-06
1.4886e-06
1.4945e-06
1.5004e-06
1.5063e-06
1.5123e-06
1.5182e-06
1.5242e-06
1.5302e-06
1.5363e-06
1.5423e-06
1.5484e-06
1.5545e-06
1.5606e-06
1.5667e-06
1.5728e-06
1.579e-06
1.5852e-06
1.5914e-06
1.5976e-06
1.6039e-06
1.6101e-06
1.6164e-06
1.6227e-06
1.6291e-06
1.6354e-06
1.6418e-06
1.6482e-06
1.6546e-06
1.661e-06
1.6675e-06
1.6739e-06
1.6804e-06
1.687e-06
1.6935e-06
1.7001e-06
1.7067e-06
1.7133e-06
1.7199e-06
1.7265e-06
1.7332e-06
1.7399e-06
1.7466e-06
1.7533e-06
1.7601e-06
1.7669e-06
1.7737e-06
1.7805e-06
1.7873e-06
1.7942e-06
1.8011e-06
1.808e-06
1.815e-06
1.8219e-06
1.8289e-06
1.8359e-06
1.8429e-06
1.85e-06
1.857e-06
1.8641e-06
1.8712e-06
1.8784e-06
1.8855e-06
1.8927e-06
1.8999e-06
1.9071e-06
1.9144e-06
1.9217e-06
1.929e-06
1.9363e-06
1.9436e-06
1.951e-06
1.9584e-06
1.9658e-06
1.9732e-06
1.9807e-06
1.9882e-06
1.9957e-06
2.0032e-06
2.0108e-06
2.0183e-06
2.0259e-06
2.0336e-06
2.0412e-06
2.0489e-06
2.0566e-06
2.0643e-06
2.0721e-06
2.0798e-06
2.0876e-06
2.0954e-06
2.1033e-06
2.1111e-06
2.119e-06
2.127e-06
2.1349e-06
2.1429e-06
2.1508e-06
2.1589e-06
2.1669e-06
2.175e-06
2.1831e-06
2.1912e-06
2.1993e-06
2.2075e-06
2.2157e-06
2.2239e-06
2.2321e-06
2.2404e-06
2.2487e-06
2.257e-06
2.2653e-06
2.2737e-06
2.2821e-06
2.2905e-06
2.2989e-06
2.3074e-06
2.3159e-06
2.3244e-06
2.333e-06
2.3415e-06
2.3501e-06
2.3588e-06
2.3674e-06
2.3761e-06
2.3848e-06
2.3935e-06
2.4023e-06
2.4111e-06
2.4199e-06
2.4287e-06
2.4376e-06
2.4465e-06
2.4554e-06
2.4643e-06
2.4733e-06
2.4823e-06
2.4913e-06
2.5003e-06
2.5094e-06
2.5185e-06
2.5276e-06
2.5368e-06
2.546e-06
2.5552e-06
2.5644e-06
2.5737e-06
2.583e-06
2.5923e-06
2.6017e-06
2.611e-06
2.6204e-06
2.6299e-06
2.6393e-06
2.6488e-06
2.6583e-06
2.6679e-06
2.6774e-06
2.687e-06
2.6967e-06
2.7063e-06
2.716e-06
2.7257e-06
2.7354e-06
2.7452e-06
2.755e-06
2.7648e-06
2.7747e-06
2.7846e-06
2.7945e-06
2.8044e-06
2.8144e-06
2.8244e-06
2.8344e-06
2.8444e-06
2.8545e-06
2.8646e-06
2.8748e-06
2.8849e-06
2.8951e-06
2.9054e-06
2.9156e-06
2.9259e-06
2.9362e-06
2.9466e-06
2.957e-06
2.9674e-06
2.9778e-06
2.9883e-06
2.9987e-06
3.0093e-06
3.0198e-06
3.0304e-06
3.041e-06
3.0517e-06
3.0623e-06
3.073e-06
3.0838e-06
3.0945e-06
3.1053e-06
3.1161e-06
3.127e-06
3.1379e-06
3.1488e-06
3.1597e-06
3.1707e-06
3.1817e-06
3.1928e-06
3.2038e-06
3.2149e-06
3.2261e-06
3.2372e-06
3.2484e-06
3.2596e-06
3.2709e-06
3.2822e-06
3.2935e-06
3.3048e-06
3.3162e-06
3.3276e-06
3.3391e-06
3.3505e-06
3.362e-06
3.3736e-06
3.3851e-06
3.3967e-06
3.4084e-06
3.42e-06
3.4317e-06
3.4435e-06
3.4552e-06
3.467e-06
3.4788e-06
3.4907e-06
3.5026e-06
3.5145e-06
3.5264e-06
3.5384e-06
3.5504e-06
3.5625e-06
3.5746e-06
3.5867e-06
3.5988e-06
3.611e-06
3.6232e-06
3.6355e-06
3.6477e-06
3.6601e-06
3.6724e-06
3.6848e-06
3.6972e-06
3.7096e-06
3.7221e-06
3.7346e-06
3.7471e-06
3.7597e-06
3.7723e-06
3.785e-06
3.7976e-06
3.8103e-06
3.8231e-06
3.8359e-06
3.8487e-06
3.8615e-06
3.8744e-06
3.8873e-06
3.9002e-06
3.9132e-06
3.9262e-06
3.9393e-06
3.9524e-06
3.9655e-06
3.9786e-06
3.9918e-06
4.005e-06
4.0183e-06
4.0316e-06
4.0449e-06
4.0582e-06
4.0716e-06
4.085e-06
4.0985e-06
4.112e-06
4.1255e-06
4.1391e-06
4.1527e-06
4.1663e-06
4.18e-06
4.1937e-06
4.2074e-06
4.2212e-06
4.235e-06
4.2488e-06
4.2627e-06
4.2766e-06
4.2906e-06
4.3045e-06
4.3186e-06
4.3326e-06
4.3467e-06
4.3608e-06
4.375e-06
4.3892e-06
4.4034e-06
4.4177e-06
4.432e-06
4.4463e-06
4.4607e-06
4.4751e-06
4.4896e-06
4.504e-06
4.5186e-06
4.5331e-06
4.5477e-06
4.5623e-06
4.577e-06
4.5917e-06
4.6064e-06
4.6212e-06
4.636e-06
4.6509e-06
4.6657e-06
4.6807e-06
4.6956e-06
4.7106e-06
4.7256e-06
4.7407e-06
4.7558e-06
4.7709e-06
4.7861e-06
4.8013e-06
4.8166e-06
4.8319e-06
4.8472e-06
4.8626e-06
4.878e-06
4.8934e-06
4.9089e-06
4.9244e-06
4.9399e-06
4.9555e-06
4.9711e-06
4.9868e-06
5.0025e-06
5.0182e-06
5.034e-06
5.0498e-06
5.0657e-06
5.0816e-06
5.0975e-06
5.1134e-06
5.1294e-06
5.1455e-06
5.1616e-06
5.1777e-06
5.1938e-06
5.21e-06
5.2262e-06
5.2425e-06
5.2588e-06
5.2752e-06
5.2915e-06
5.308e-06
5.3244e-06
5.3409e-06
5.3575e-06
5.374e-06
5.3906e-06
5.4073e-06
5.424e-06
5.4407e-06
5.4575e-06
5.4743e-06
5.4911e-06
5.508e-06
5.5249e-06
5.5419e-06
5.5589e-06
5.576e-06
5.593e-06
5.6101e-06
5.6273e-06
5.6445e-06
5.6617e-06
5.679e-06
5.6963e-06
5.7137e-06
5.7311e-06
5.7485e-06
5.766e-06
5.7835e-06
5.801e-06
5.8186e-06
5.8363e-06
5.8539e-06
5.8717e-06
5.8894e-06
5.9072e-06
5.925e-06
5.9429e-06
5.9608e-06
5.9787e-06
5.9967e-06
6.0148e-06
6.0328e-06
6.0509e-06
6.0691e-06
6.0873e-06
6.1055e-06
6.1238e-06
6.1421e-06
6.1604e-06
6.1788e-06
6.1973e-06
6.2157e-06
6.2342e-06
6.2528e-06
6.2714e-06
6.29e-06
6.3087e-06
6.3274e-06
6.3462e-06
6.365e-06
6.3838e-06
6.4027e-06
6.4216e-06
6.4405e-06
6.4595e-06
6.4786e-06
6.4977e-06
6.5168e-06
6.5359e-06
6.5551e-06
6.5744e-06
6.5937e-06
6.613e-06
6.6324e-06
6.6518e-06
6.6712e-06
6.6907e-06
6.7102e-06
6.7298e-06
6.7494e-06
6.7691e-06
6.7888e-06
6.8085e-06
6.8283e-06
6.8481e-06
6.868e-06
6.8879e-06
6.9078e-06
6.9278e-06
6.9478e-06
6.9679e-06
6.988e-06
7.0082e-06
7.0284e-06
7.0486e-06
7.0689e-06
7.0892e-06
7.1096e-06
7.13e-06
7.1504e-06
7.1709e-06
7.1914e-06
7.212e-06
7.2326e-06
7.2532e-06
7.2739e-06
7.2947e-06
7.3155e-06
7.3363e-06
7.3571e-06
7.378e-06
7.399e-06
7.42e-06
7.441e-06
7.4621e-06
7.4832e-06
7.5044e-06
7.5255e-06
7.5468e-06
7.5681e-06
7.5894e-06
7.6108e-06
7.6322e-06
7.6536e-06
7.6751e-06
7.6967e-06
7.7182e-06
7.7399e-06
7.7615e-06
7.7832e-06
7.805e-06
7.8268e-06
7.8486e-06
7.8705e-06
7.8924e-06
7.9143e-06
7.9363e-06
7.9584e-06
7.9805e-06
8.0026e-06
8.0248e-06
8.047e-06
8.0692e-06
8.0915e-06
8.1139e-06
8.1363e-06
8.1587e-06
8.1812e-06
8.2037e-06
8.2262e-06
8.2488e-06
8.2715e-06
8.2942e-06
8.3169e-06
8.3396e-06
8.3625e-06
8.3853e-06
8.4082e-06
8.4311e-06
8.4541e-06
8.4772e-06
8.5002e-06
8.5233e-06
8.5465e-06
8.5697e-06
8.5929e-06
8.6162e-06
8.6395e-06
8.6629e-06
8.6863e-06
8.7097e-06
8.7332e-06
8.7568e-06
8.7804e-06
8.804e-06
8.8276e-06
8.8513e-06
8.8751e-06
8.8989e-06
8.9227e-06
8.9466e-06
8.9705e-06
8.9945e-06
9.0185e-06
9.0426e-06
9.0666e-06
9.0908e-06
9.115e-06
9.1392e-06
9.1635e-06
9.1878e-06
9.2121e-06
9.2365e-06
9.2609e-06
9.2854e-06
9.3099e-06
9.3345e-06
9.3591e-06
9.3838e-06
9.4085e-06
9.4332e-06
9.458e-06
9.4828e-06
9.5076e-06
9.5326e-06
9.5575e-06
9.5825e-06
9.6075e-06
9.6326e-06
9.6577e-06
9.6829e-06
9.7081e-06
9.7333e-06
9.7586e-06
9.784e-06
9.8093e-06
9.8348e-06
9.8602e-06
9.8857e-06
9.9113e-06
9.9369e-06
9.9625e-06
9.9882e-06
1.0014e-05
1.004e-05
1.0065e-05
1.0091e-05
1.0117e-05
1.0143e-05
1.0169e-05
1.0195e-05
1.0221e-05
1.0247e-05
1.0273e-05
1.03e-05
1.0326e-05
1.0352e-05
1.0378e-05
1.0405e-05
1.0431e-05
1.0458e-05
1.0484e-05
1.0511e-05
1.0537e-05
1.0564e-05
1.059e-05
1.0617e-05
1.0644e-05
1.0671e-05
1.0697e-05
1.0724e-05
1.0751e-05
1.0778e-05
1.0805e-05
1.0832e-05
1.0859e-05
1.0886e-05
1.0914e-05
1.0941e-05
1.0968e-05
1.0995e-05
1.1023e-05
1.105e-05
1.1077e-05
1.1105e-05
1.1132e-05
1.116e-05
1.1187e-05
1.1215e-05
1.1243e-05
1.127e-05
1.1298e-05
1.1326e-05
1.1354e-05
1.1382e-05
1.141e-05
1.1438e-05
1.1466e-05
1.1494e-05
1.1522e-05
1.155e-05
1.1578e-05
1.1606e-05
1.1634e-05
1.1663e-05
1.1691e-05
1.1719e-05
1.1748e-05
1.1776e-05
1.1805e-05
1.1833e-05
1.1862e-05
1.189e-05
1.1919e-05
1.1948e-05
1.1976e-05
1.2005e-05
1.2034e-05
1.2063e-05
1.2092e-05
1.2121e-05
1.215e-05
1.2179e-05
1.2208e-05
1.2237e-05
1.2266e-05
1.2295e-05
1.2324e-05
1.2354e-05
1.2383e-05
1.2412e-05
1.2442e-05
1.2471e-05
1.2501e-05
1.253e-05
1.256e-05
1.2589e-05
1.2619e-05
1.2649e-05
1.2678e-05
1.2708e-05
1.2738e-05
1.2768e-05
1.2797e-05
1.2827e-05
1.2857e-05
1.2887e-05
1.2917e-05
1.2947e-05
1.2977e-05
1.3008e-05
1.3038e-05
1.3068e-05
1.3098e-05
1.3129e-05
1.3159e-05
1.3189e-05
1.322e-05
1.325e-05
1.3281e-05
1.3311e-05
1.3342e-05
1.3372e-05
1.3403e-05
1.3434e-05
1.3464e-05
1.3495e-05
1.3526e-05
1.3557e-05
1.3588e-05
1.3619e-05
1.365e-05
1.3681e-05
1.3712e-05
1.3743e-05
1.3774e-05
1.3805e-05
1.3836e-05
1.3867e-05
1.3899e-05
1.393e-05
1.3961e-05
1.3993e-05
1.4024e-05
1.4055e-05
1.4087e-05
1.4118e-05
1.415e-05
1.4182e-05
1.4213e-05
1.4245e-05
1.4277e-05
1.4308e-05
1.434e-05
1.4372e-05
1.4404e-05
1.4436e-05
1.4468e-05
1.45e-05
1.4532e-05
1.4564e-05
1.4596e-05
1.4628e-05
1.466e-05
1.4692e-05
1.4724e-05
1.4757e-05
1.4789e-05
1.4821e-05
1.4854e-05
1.4886e-05
1.4918e-05
1.4951e-05
1.4983e-05
1.5016e-05
1.5049e-05
1.5081e-05
1.5114e-05
1.5146e-05
1.5179e-05
1.5212e-05
1.5245e-05
1.5278e-05
1.531e-05
1.5343e-05
1.5376e-05
1.5409e-05
1.5442e-05
1.5475e-05
1.5508e-05
1.5541e-05
1.5574e-05
1.5608e-05
1.5641e-05
1.5674e-05
1.5707e-05
1.5741e-05
1.5774e-05
1.5807e-05
1.5841e-05
1.5874e-05
1.5908e-05
1.5941e-05
1.5975e-05
1.6008e-05
1.6042e-05
1.6075e-05
1.6109e-05
1.6143e-05
1.6176e-05
1.621e-05
1.6244e-05
1.6278e-05
1.6312e-05
1.6346e-05
1.6379e-05
1.6413e-05
1.6447e-05
1.6481e-05
1.6515e-05
1.655e-05
1.6584e-05
1.6618e-05
1.6652e-05
1.6686e-05
1.672e-05
1.6755e-05
1.6789e-05
1.6823e-05
1.6858e-05
1.6892e-05
1.6926e-05
1.6961e-05
1.6995e-05
1.703e-05
1.7064e-05
1.7099e-05
1.7134e-05
1.7168e-05
1.7203e-05
1.7238e-05
1.7272e-05
1.7307e-05
1.7342e-05
1.7377e-05
1.7411e-05
1.7446e-05
1.7481e-05
1.7516e-05
1.7551e-05
1.7586e-05
1.7621e-05
1.7656e-05
1.7691e-05
1.7726e-05
1.7761e-05
1.7796e-05
1.7832e-05
1.7867e-05
1.7902e-05
1.7937e-05
1.7972e-05
1.8008e-05
1.8043e-05
1.8078e-05
1.8114e-05
1.8149e-05
1.8185e-05
1.822e-05
1.8256e-05
1.8291e-05
1.8327e-05
1.8362e-05
1.8398e-05
1.8433e-05
1.8469e-05
1.8505e-05
1.854e-05
1.8576e-05
1.8612e-05
1.8648e-05
1.8683e-05
1.8719e-05
1.8755e-05
1.8791e-05
1.8827e-05
1.8863e-05
1.8899e-05
1.8935e-05
1.8971e-05
1.9007e-05
1.9043e-05
1.9079e-05
1.9115e-05
1.9151e-05
1.9187e-05
1.9223e-05
1.9259e-05
1.9296e-05
1.9332e-05
1.9368e-05
1.9404e-05
1.9441e-05
1.9477e-05
1.9513e-05
1.955e-05
1.9586e-05
1.9622e-05
1.9659e-05
1.9695e-05
1.9732e-05
1.9768e-05
1.9805e-05
1.9841e-05
1.9878e-05
1.9914e-05
1.9951e-05
1.9988e-05
2.0024e-05
2.0061e-05
2.0097e-05
2.0134e-05
2.0171e-05
2.0208e-05
2.0244e-05
2.0281e-05
2.0318e-05
2.0355e-05
2.0391e-05
2.0428e-05
2.0465e-05
2.0502e-05
2.0539e-05
2.0576e-05
2.0613e-05
2.065e-05
2.0687e-05
2.0724e-05
2.0761e-05
2.0798e-05
2.0835e-05
2.0872e-05
2.0909e-05
2.0946e-05
2.0983e-05
2.102e-05
2.1057e-05
2.1094e-05
2.1131e-05
2.1169e-05
2.1206e-05
2.1243e-05
2.128e-05
2.1318e-05
2.1355e-05
2.1392e-05
2.1429e-05
2.1467e-05
2.1504e-05
2.1541e-05
2.1579e-05
2.1616e-05
2.1653e-05
2.1691e-05
2.1728e-05
2.1765e-05
2.1803e-05
2.184e-05
2.1878e-05
2.1915e-05
2.1953e-05
2.199e-05
2.2028e-05
2.2065e-05
2.2103e-05
2.214e-05
2.2178e-05
2.2215e-05
2.2253e-05
2.229e-05
2.2328e-05
2.2366e-05
2.2403e-05
2.2441e-05
2.2479e-05
2.2516e-05
2.2554e-05
2.2591e-05
2.2629e-05
2.2667e-05
2.2704e-05
2.2742e-05
2.278e-05
2.2818e-05
2.2855e-05
2.2893e-05
2.2931e-05
2.2969e-05
2.3006e-05
2.3044e-05
2.3082e-05
2.312e-05
2.3157e-05
2.3195e-05
2.3233e-05
2.3271e-05
2.3309e-05
2.3346e-05
2.3384e-05
2.3422e-05
2.346e-05
2.3498e-05
2.3536e-05
2.3573e-05
2.3611e-05
2.3649e-05
2.3687e-05
2.3725e-05
2.3763e-05
2.3801e-05
2.3839e-05
2.3877e-05
2.3914e-05
2.3952e-05
2.399e-05
2.4028e-05
2.4066e-05
2.4104e-05
2.4142e-05
2.418e-05
2.4218e-05
2.4256e-05
2.4294e-05
2.4331e-05
2.4369e-05
2.4407e-05
2.4445e-05
2.4483e-05
2.4521e-05
2.4559e-05
2.4597e-05
2.4635e-05
2.4673e-05
2.4711e-05
2.4749e-05
2.4787e-05
2.4825e-05
2.4863e-05
2.4901e-05
2.4939e-05
2.4976e-05
2.5014e-05
2.5052e-05
2.509e-05
2.5128e-05
2.5166e-05
2.5204e-05
2.5242e-05
2.528e-05
2.5318e-05
2.5356e-05
2.5394e-05
2.5432e-05
2.547e-05
2.5507e-05
2.5545e-05
2.5583e-05
2.5621e-05
2.5659e-05
2.5697e-05
2.5735e-05
2.5773e-05
2.5811e-05
2.5848e-05
2.5886e-05
2.5924e-05
2.5962e-05
2.6e-05
2.6038e-05
2.6075e-05
2.6113e-05
2.6151e-05
2.6189e-05
2.6227e-05
2.6265e-05
2.6302e-05
2.634e-05
2.6378e-05
2.6416e-05
2.6453e-05
2.6491e-05
2.6529e-05
2.6567e-05
2.6604e-05
2.6642e-05
2.668e-05
2.6717e-05
2.6755e-05
2.6793e-05
2.6831e-05
2.6868e-05
2.6906e-05
2.6943e-05
2.6981e-05
2.7019e-05
2.7056e-05
2.7094e-05
2.7131e-05
2.7169e-05
2.7207e-05
2.7244e-05
2.7282e-05
2.7319e-05
2.7357e-05
2.7394e-05
2.7432e-05
2.7469e-05
2.7507e-05
2.7544e-05
2.7581e-05
2.7619e-05
2.7656e-05
2.7694e-05
2.7731e-05
2.7768e-05
2.7806e-05
2.7843e-05
2.788e-05
2.7918e-05
2.7955e-05
2.7992e-05
2.8029e-05
2.8067e-05
2.8104e-05
2.8141e-05
2.8178e-05
2.8215e-05
2.8253e-05
2.829e-05
2.8327e-05
2.8364e-05
2.8401e-05
2.8438e-05
2.8475e-05
2.8512e-05
2.8549e-05
2.8586e-05
2.8623e-05
2.866e-05
2.8697e-05
2.8734e-05
2.8771e-05
2.8807e-05
2.8844e-05
2.8881e-05
2.8918e-05
2.8955e-05
2.8991e-05
2.9028e-05
2.9065e-05
2.9102e-05
2.9138e-05
2.9175e-05
2.9211e-05
2.9248e-05
2.9285e-05
2.9321e-05
2.9358e-05
2.9394e-05
2.9431e-05
2.9467e-05
2.9504e-05
2.954e-05
2.9576e-05
2.9613e-05
2.9649e-05
2.9685e-05
2.9722e-05
2.9758e-05
2.9794e-05
2.983e-05
2.9866e-05
2.9903e-05
2.9939e-05
2.9975e-05
3.0011e-05
3.0047e-05
3.0083e-05
3.0119e-05
3.0155e-05
3.0191e-05
3.0227e-05
3.0263e-05
3.0298e-05
3.0334e-05
3.037e-05
3.0406e-05
3.0442e-05
3.0477e-05
3.0513e-05
3.0549e-05
3.0584e-05
3.062e-05
3.0655e-05
3.0691e-05
3.0726e-05
3.0762e-05
3.0797e-05
3.0833e-05
3.0868e-05
3.0903e-05
3.0939e-05
3.0974e-05
3.1009e-05
3.1044e-05
3.1079e-05
3.1115e-05
3.115e-05
3.1185e-05
3.122e-05
3.1255e-05
3.129e-05
3.1325e-05
3.136e-05
3.1394e-05
3.1429e-05
3.1464e-05
3.1499e-05
3.1533e-05
3.1568e-05
3.1603e-05
3.1637e-05
3.1672e-05
3.1706e-05
3.1741e-05
3.1775e-05
3.181e-05
3.1844e-05
3.1879e-05
3.1913e-05
3.1947e-05
3.1981e-05
3.2016e-05
3.205e-05
3.2084e-05
3.2118e-05
3.2152e-05
3.2186e-05
3.222e-05
3.2254e-05
3.2288e-05
3.2322e-05
3.2355e-05
3.2389e-05
3.2423e-05
3.2456e-05
3.249e-05
3.2524e-05
3.2557e-05
3.2591e-05
3.2624e-05
3.2658e-05
3.2691e-05
3.2724e-05
3.2758e-05
3.2791e-05
3.2824e-05
3.2857e-05
3.289e-05
3.2923e-05
3.2956e-05
3.2989e-05
3.3022e-05
3.3055e-05
3.3088e-05
3.3121e-05
3.3154e-05
3.3186e-05
3.3219e-05
3.3252e-05
3.3284e-05
3.3317e-05
3.3349e-05
3.3382e-05
3.3414e-05
3.3446e-05
3.3479e-05
3.3511e-05
3.3543e-05
3.3575e-05
3.3607e-05
3.3639e-05
3.3671e-05
3.3703e-05
3.3735e-05
3.3767e-05
3.3799e-05
3.3831e-05
3.3862e-05
3.3894e-05
3.3926e-05
3.3957e-05
3.3989e-05
3.402e-05
3.4052e-05
3.4083e-05
3.4114e-05
3.4146e-05
3.4177e-05
3.4208e-05
3.4239e-05
3.427e-05
3.4301e-05
3.4332e-05
3.4363e-05
3.4394e-05
3.4424e-05
3.4455e-05
3.4486e-05
3.4516e-05
3.4547e-05
3.4578e-05
3.4608e-05
3.4638e-05
3.4669e-05
3.4699e-05
3.4729e-05
3.4759e-05
3.479e-05
3.482e-05
3.485e-05
3.488e-05
3.491e-05
3.4939e-05
3.4969e-05
3.4999e-05
3.5029e-05
3.5058e-05
3.5088e-05
3.5117e-05
3.5147e-05
3.5176e-05
3.5205e-05
3.5235e-05
3.5264e-05
3.5293e-05
3.5322e-05
3.5351e-05
3.538e-05
3.5409e-05
3.5438e-05
3.5467e-05
3.5495e-05
3.5524e-05
3.5553e-05
3.5581e-05
3.561e-05
3.5638e-05
3.5667e-05
3.5695e-05
3.5723e-05
3.5751e-05
3.5779e-05
3.5807e-05
3.5835e-05
3.5863e-05
3.5891e-05
3.5919e-05
3.5947e-05
3.5974e-05
3.6002e-05
3.603e-05
3.6057e-05
3.6085e-05
3.6112e-05
3.6139e-05
3.6166e-05
3.6194e-05
3.6221e-05
3.6248e-05
3.6275e-05
3.6302e-05
3.6329e-05
3.6355e-05
3.6382e-05
3.6409e-05
3.6435e-05
3.6462e-05
3.6488e-05
3.6515e-05
3.6541e-05
3.6567e-05
3.6593e-05
3.6619e-05
3.6646e-05
3.6672e-05
3.6697e-05
3.6723e-05
3.6749e-05
3.6775e-05
3.68e-05
3.6826e-05
3.6851e-05
3.6877e-05
3.6902e-05
3.6928e-05
3.6953e-05
3.6978e-05
3.7003e-05
3.7028e-05
3.7053e-05
3.7078e-05
3.7103e-05
3.7127e-05
3.7152e-05
3.7177e-05
3.7201e-05
3.7226e-05
3.725e-05
3.7274e-05
3.7298e-05
3.7323e-05
3.7347e-05
3.7371e-05
3.7395e-05
3.7419e-05
3.7442e-05
3.7466e-05
3.749e-05
3.7513e-05
3.7537e-05
3.756e-05
3.7584e-05
3.7607e-05
3.763e-05
3.7653e-05
3.7676e-05
3.7699e-05
3.7722e-05
3.7745e-05
3.7768e-05
3.779e-05
3.7813e-05
3.7836e-05
3.7858e-05
3.788e-05
3.7903e-05
3.7925e-05
3.7947e-05
3.7969e-05
3.7991e-05
3.8013e-05
3.8035e-05
3.8057e-05
3.8078e-05
3.81e-05
3.8122e-05
3.8143e-05
3.8164e-05
3.8186e-05
3.8207e-05
3.8228e-05
3.8249e-05
3.827e-05
3.8291e-05
3.8312e-05
3.8333e-05
3.8353e-05
3.8374e-05
3.8395e-05
3.8415e-05
3.8435e-05
3.8456e-05
3.8476e-05
3.8496e-05
3.8516e-05
3.8536e-05
3.8556e-05
3.8576e-05
3.8595e-05
3.8615e-05
3.8635e-05
3.8654e-05
3.8673e-05
3.8693e-05
3.8712e-05
3.8731e-05
3.875e-05
3.8769e-05
3.8788e-05
3.8807e-05
3.8826e-05
3.8844e-05
3.8863e-05
3.8881e-05
3.89e-05
3.8918e-05
3.8936e-05
3.8955e-05
3.8973e-05
3.8991e-05
3.9009e-05
3.9026e-05
3.9044e-05
3.9062e-05
3.9079e-05
3.9097e-05
3.9114e-05
3.9132e-05
3.9149e-05
3.9166e-05
3.9183e-05
3.92e-05
3.9217e-05
3.9234e-05
3.9251e-05
3.9267e-05
3.9284e-05
3.93e-05
3.9317e-05
3.9333e-05
3.9349e-05
3.9365e-05
3.9381e-05
3.9397e-05
3.9413e-05
3.9429e-05
3.9445e-05
3.946e-05
3.9476e-05
3.9491e-05
3.9507e-05
3.9522e-05
3.9537e-05
3.9552e-05
3.9567e-05
3.9582e-05
3.9597e-05
3.9612e-05
3.9626e-05
3.9641e-05
3.9655e-05
3.967e-05
3.9684e-05
3.9698e-05
3.9712e-05
3.9726e-05
3.974e-05
3.9754e-05
3.9768e-05
3.9782e-05
3.9795e-05
3.9809e-05
3.9822e-05
3.9836e-05
3.9849e-05
3.9862e-05
3.9875e-05
3.9888e-05
3.9901e-05
3.9914e-05
3.9926e-05
3.9939e-05
3.9952e-05
3.9964e-05
3.9976e-05
3.9989e-05
4.0001e-05
4.0013e-05
4.0025e-05
4.0037e-05
4.0049e-05
4.006e-05
4.0072e-05
4.0083e-05
4.0095e-05
4.0106e-05
4.0117e-05
4.0129e-05
4.014e-05
4.0151e-05
4.0162e-05
4.0172e-05
4.0183e-05
4.0194e-05
4.0204e-05
4.0215e-05
4.0225e-05
4.0235e-05
4.0245e-05
4.0255e-05
4.0265e-05
4.0275e-05
4.0285e-05
4.0295e-05
4.0304e-05
4.0314e-05
4.0323e-05
4.0333e-05
4.0342e-05
4.0351e-05
4.036e-05
4.0369e-05
4.0378e-05
4.0387e-05
4.0395e-05
4.0404e-05
4.0412e-05
4.0421e-05
4.0429e-05
4.0437e-05
4.0445e-05
4.0453e-05
4.0461e-05
4.0469e-05
4.0477e-05
4.0485e-05
4.0492e-05
4.05e-05
4.0507e-05
4.0514e-05
4.0521e-05
4.0528e-05
4.0535e-05
4.0542e-05
4.0549e-05
4.0556e-05
4.0562e-05
4.0569e-05
4.0575e-05
4.0582e-05
4.0588e-05
4.0594e-05
4.06e-05
4.0606e-05
4.0612e-05
4.0618e-05
4.0623e-05
4.0629e-05
4.0634e-05
4.064e-05
4.0645e-05
4.065e-05
4.0655e-05
4.066e-05
4.0665e-05
4.067e-05
4.0675e-05
4.0679e-05
4.0684e-05
4.0688e-05
4.0693e-05
4.0697e-05
4.0701e-05
4.0705e-05
4.0709e-05
4.0713e-05
4.0717e-05
4.072e-05
4.0724e-05
4.0727e-05
4.0731e-05
4.0734e-05
4.0737e-05
4.074e-05
4.0743e-05
4.0746e-05
4.0749e-05
4.0752e-05
4.0754e-05
4.0757e-05
4.0759e-05
4.0762e-05
4.0764e-05
4.0766e-05
4.0768e-05
4.077e-05
4.0772e-05
4.0774e-05
4.0775e-05
4.0777e-05
4.0778e-05
4.078e-05
4.0781e-05
4.0782e-05
4.0783e-05
4.0784e-05
4.0785e-05
4.0786e-05
4.0787e-05
4.0787e-05
4.0788e-05
4.0788e-05
4.0788e-05
4.0789e-05
4.0789e-05
4.0789e-05
4.0789e-05
4.0789e-05
4.0788e-05
4.0788e-05
4.0788e-05
4.0787e-05
4.0786e-05
4.0786e-05
4.0785e-05
4.0784e-05
4.0783e-05
4.0782e-05
4.0781e-05
4.0779e-05
4.0778e-05
4.0776e-05
4.0775e-05
4.0773e-05
4.0771e-05
4.0769e-05
4.0767e-05
4.0765e-05
4.0763e-05
4.0761e-05
4.0758e-05
4.0756e-05
4.0753e-05
4.0751e-05
4.0748e-05
4.0745e-05
4.0742e-05
4.0739e-05
4.0736e-05
4.0733e-05
4.0729e-05
4.0726e-05
4.0723e-05
4.0719e-05
4.0715e-05
4.0711e-05
4.0708e-05
4.0704e-05
4.0699e-05
4.0695e-05
4.0691e-05
4.0687e-05
4.0682e-05
4.0678e-05
4.0673e-05
4.0668e-05
4.0663e-05
4.0658e-05
4.0653e-05
4.0648e-05
4.0643e-05
4.0638e-05
4.0632e-05
4.0627e-05
4.0621e-05
4.0615e-05
4.061e-05
4.0604e-05
4.0598e-05
4.0592e-05
4.0585e-05
4.0579e-05
4.0573e-05
4.0566e-05
4.056e-05
4.0553e-05
4.0546e-05
4.054e-05
4.0533e-05
4.0526e-05
4.0518e-05
4.0511e-05
4.0504e-05
4.0497e-05
4.0489e-05
4.0481e-05
4.0474e-05
4.0466e-05
4.0458e-05
4.045e-05
4.0442e-05
4.0434e-05
4.0426e-05
4.0417e-05
4.0409e-05
4.04e-05
4.0392e-05
4.0383e-05
4.0374e-05
4.0365e-05
4.0356e-05
4.0347e-05
4.0338e-05
4.0329e-05
4.032e-05
4.031e-05
4.0301e-05
4.0291e-05
4.0281e-05
4.0271e-05
4.0261e-05
4.0251e-05
4.0241e-05
4.0231e-05
4.0221e-05
4.021e-05
4.02e-05
4.0189e-05
4.0179e-05
4.0168e-05
4.0157e-05
4.0146e-05
4.0135e-05
4.0124e-05
4.0113e-05
4.0102e-05
4.009e-05
4.0079e-05
4.0067e-05
4.0056e-05
4.0044e-05
4.0032e-05
4.002e-05
4.0008e-05
3.9996e-05
3.9984e-05
3.9971e-05
3.9959e-05
3.9947e-05
3.9934e-05
3.9921e-05
3.9909e-05
3.9896e-05
3.9883e-05
3.987e-05
3.9857e-05
3.9844e-05
3.983e-05
3.9817e-05
3.9804e-05
3.979e-05
3.9776e-05
3.9763e-05
3.9749e-05
3.9735e-05
3.9721e-05
3.9707e-05
3.9693e-05
3.9678e-05
3.9664e-05
3.965e-05
3.9635e-05
3.9621e-05
3.9606e-05
3.9591e-05
3.9576e-05
3.9561e-05
3.9546e-05
3.9531e-05
3.9516e-05
3.9501e-05
3.9485e-05
3.947e-05
3.9454e-05
3.9438e-05
3.9423e-05
3.9407e-05
3.9391e-05
3.9375e-05
3.9359e-05
3.9343e-05
3.9326e-05
3.931e-05
3.9294e-05
3.9277e-05
3.9261e-05
3.9244e-05
3.9227e-05
3.921e-05
3.9193e-05
3.9176e-05
3.9159e-05
3.9142e-05
3.9125e-05
3.9107e-05
3.909e-05
3.9072e-05
3.9055e-05
3.9037e-05
3.9019e-05
3.9001e-05
3.8984e-05
3.8965e-05
3.8947e-05
3.8929e-05
3.8911e-05
3.8893e-05
3.8874e-05
3.8856e-05
3.8837e-05
3.8818e-05
3.8799e-05
3.8781e-05
3.8762e-05
3.8743e-05
3.8724e-05
3.8704e-05
3.8685e-05
3.8666e-05
3.8646e-05
3.8627e-05
3.8607e-05
3.8588e-05
3.8568e-05
3.8548e-05
3.8528e-05
3.8508e-05
3.8488e-05
3.8468e-05
3.8448e-05
3.8427e-05
3.8407e-05
3.8386e-05
3.8366e-05
3.8345e-05
3.8324e-05
3.8304e-05
3.8283e-05
3.8262e-05
3.8241e-05
3.822e-05
3.8199e-05
3.8177e-05
3.8156e-05
3.8135e-05
3.8113e-05
3.8091e-05
3.807e-05
3.8048e-05
3.8026e-05
3.8004e-05
3.7982e-05
3.796e-05
3.7938e-05
3.7916e-05
3.7894e-05
3.7872e-05
3.7849e-05
3.7827e-05
3.7804e-05
3.7781e-05
3.7759e-05
3.7736e-05
3.7713e-05
3.769e-05
3.7667e-05
3.7644e-05
3.7621e-05
3.7598e-05
3.7574e-05
3.7551e-05
3.7527e-05
3.7504e-05
3.748e-05
3.7457e-05
3.7433e-05
3.7409e-05
3.7385e-05
3.7361e-05
3.7337e-05
3.7313e-05
3.7289e-05
3.7265e-05
3.724e-05
3.7216e-05
3.7191e-05
3.7167e-05
3.7142e-05
3.7118e-05
3.7093e-05
3.7068e-05
3.7043e-05
3.7018e-05
3.6993e-05
3.6968e-05
3.6943e-05
3.6917e-05
3.6892e-05
3.6867e-05
3.6841e-05
3.6816e-05
3.679e-05
3.6765e-05
3.6739e-05
3.6713e-05
3.6687e-05
3.6661e-05
3.6635e-05
3.6609e-05
3.6583e-05
3.6557e-05
3.653e-05
3.6504e-05
3.6478e-05
3.6451e-05
3.6425e-05
3.6398e-05
3.6371e-05
3.6345e-05
3.6318e-05
3.6291e-05
3.6264e-05
3.6237e-05
3.621e-05
3.6183e-05
3.6156e-05
3.6128e-05
3.6101e-05
3.6074e-05
3.6046e-05
3.6019e-05
3.5991e-05
3.5963e-05
3.5936e-05
3.5908e-05
3.588e-05
3.5852e-05
3.5824e-05
3.5796e-05
3.5768e-05
3.574e-05
3.5712e-05
3.5684e-05
3.5655e-05
3.5627e-05
3.5598e-05
3.557e-05
3.5541e-05
3.5513e-05
3.5484e-05
3.5455e-05
3.5426e-05
3.5398e-05
3.5369e-05
3.534e-05
3.5311e-05
3.5281e-05
3.5252e-05
3.5223e-05
3.5194e-05
3.5164e-05
3.5135e-05
3.5105e-05
3.5076e-05
3.5046e-05
3.5017e-05
3.4987e-05
3.4957e-05
3.4927e-05
3.4898e-05
3.4868e-05
3.4838e-05
3.4808e-05
3.4778e-05
3.4747e-05
3.4717e-05
3.4687e-05
3.4657e-05
3.4626e-05
3.4596e-05
3.4565e-05
3.4535e-05
3.4504e-05
3.4474e-05
3.4443e-05
3.4412e-05
3.4381e-05
3.4351e-05
3.432e-05
3.4289e-05
3.4258e-05
3.4227e-05
3.4196e-05
3.4164e-05
3.4133e-05
3.4102e-05
3.4071e-05
3.4039e-05
3.4008e-05
3.3976e-05
3.3945e-05
3.3913e-05
3.3882e-05
3.385e-05
3.3818e-05
3.3786e-05
3.3754e-05
3.3723e-05
3.3691e-05
3.3659e-05
3.3627e-05
3.3595e-05
3.3563e-05
3.353e-05
3.3498e-05
3.3466e-05
3.3434e-05
3.3401e-05
3.3369e-05
3.3336e-05
3.3304e-05
3.3271e-05
3.3239e-05
3.3206e-05
3.3173e-05
3.3141e-05
3.3108e-05
3.3075e-05
3.3042e-05
3.3009e-05
3.2976e-05
3.2943e-05
3.291e-05
3.2877e-05
3.2844e-05
3.2811e-05
3.2778e-05
3.2744e-05
3.2711e-05
3.2678e-05
3.2644e-05
3.2611e-05
3.2577e-05
3.2544e-05
3.251e-05
3.2477e-05
3.2443e-05
3.2409e-05
3.2376e-05
3.2342e-05
3.2308e-05
3.2274e-05
3.224e-05
3.2206e-05
3.2172e-05
3.2138e-05
3.2104e-05
3.207e-05
3.2036e-05
3.2002e-05
3.1968e-05
3.1933e-05
3.1899e-05
3.1865e-05
3.1831e-05
3.1796e-05
3.1762e-05
3.1727e-05
3.1693e-05
3.1658e-05
3.1624e-05
3.1589e-05
3.1554e-05
3.152e-05
3.1485e-05
3.145e-05
3.1415e-05
3.138e-05
3.1346e-05
3.1311e-05
3.1276e-05
3.1241e-05
3.1206e-05
3.1171e-05
3.1136e-05
3.1101e-05
3.1065e-05
3.103e-05
3.0995e-05
3.096e-05
3.0925e-05
3.0889e-05
3.0854e-05
3.0818e-05
3.0783e-05
3.0748e-05
3.0712e-05
3.0677e-05
3.0641e-05
3.0606e-05
3.057e-05
3.0534e-05
3.0499e-05
3.0463e-05
3.0427e-05
3.0392e-05
3.0356e-05
3.032e-05
3.0284e-05
3.0248e-05
3.0212e-05
3.0177e-05
3.0141e-05
3.0105e-05
3.0069e-05
3.0033e-05
2.9997e-05
2.996e-05
2.9924e-05
2.9888e-05
2.9852e-05
2.9816e-05
2.978e-05
2.9743e-05
2.9707e-05
2.9671e-05
2.9635e-05
2.9598e-05
2.9562e-05
2.9525e-05
2.9489e-05
2.9453e-05
2.9416e-05
2.938e-05
2.9343e-05
2.9307e-05
2.927e-05
2.9233e-05
2.9197e-05
2.916e-05
2.9124e-05
2.9087e-05
2.905e-05
2.9013e-05
2.8977e-05
2.894e-05
2.8903e-05
2.8866e-05
2.883e-05
2.8793e-05
2.8756e-05
2.8719e-05
2.8682e-05
2.8645e-05
2.8608e-05
2.8571e-05
2.8534e-05
2.8497e-05
2.846e-05
2.8423e-05
2.8386e-05
2.8349e-05
2.8312e-05
2.8275e-05
2.8238e-05
2.8201e-05
2.8163e-05
2.8126e-05
2.8089e-05
2.8052e-05
2.8015e-05
2.7977e-05
2.794e-05
2.7903e-05
2.7865e-05
2.7828e-05
2.7791e-05
2.7753e-05
2.7716e-05
2.7679e-05
2.7641e-05
2.7604e-05
2.7567e-05
2.7529e-05
2.7492e-05
2.7454e-05
2.7417e-05
2.7379e-05
2.7342e-05
2.7304e-05
2.7267e-05
2.7229e-05
2.7192e-05
2.7154e-05
2.7116e-05
2.7079e-05
2.7041e-05
2.7004e-05
2.6966e-05
2.6928e-05
2.6891e-05
2.6853e-05
2.6816e-05
2.6778e-05
2.674e-05
2.6702e-05
2.6665e-05
2.6627e-05
2.6589e-05
2.6552e-05
2.6514e-05
2.6476e-05
2.6438e-05
2.6401e-05
2.6363e-05
2.6325e-05
2.6287e-05
2.6249e-05
2.6212e-05
2.6174e-05
2.6136e-05
2.6098e-05
2.606e-05
2.6023e-05
2.5985e-05
2.5947e-05
2.5909e-05
2.5871e-05
2.5833e-05
2.5795e-05
2.5758e-05
2.572e-05
2.5682e-05
2.5644e-05
2.5606e-05
2.5568e-05
2.553e-05
2.5492e-05
2.5454e-05
2.5416e-05
2.5379e-05
2.5341e-05
2.5303e-05
2.5265e-05
2.5227e-05
2.5189e-05
2.5151e-05
2.5113e-05
2.5075e-05
2.5037e-05
2.4999e-05
2.4961e-05
2.4923e-05
2.4885e-05
2.4848e-05
2.481e-05
2.4772e-05
2.4734e-05
2.4696e-05
2.4658e-05
2.462e-05
2.4582e-05
2.4544e-05
2.4506e-05
2.4468e-05
2.443e-05
2.4392e-05
2.4354e-05
2.4316e-05
2.4278e-05
2.4241e-05
2.4203e-05
2.4165e-05
2.4127e-05
2.4089e-05
2.4051e-05
2.4013e-05
2.3975e-05
2.3937e-05
2.3899e-05
2.3861e-05
2.3824e-05
2.3786e-05
2.3748e-05
2.371e-05
2.3672e-05
2.3634e-05
2.3596e-05
2.3558e-05
2.3521e-05
2.3483e-05
2.3445e-05
2.3407e-05
2.3369e-05
2.3331e-05
2.3294e-05
2.3256e-05
2.3218e-05
2.318e-05
2.3142e-05
2.3105e-05
2.3067e-05
2.3029e-05
2.2991e-05
2.2953e-05
2.2916e-05
2.2878e-05
2.284e-05
2.2803e-05
2.2765e-05
2.2727e-05
2.2689e-05
2.2652e-05
2.2614e-05
2.2576e-05
2.2539e-05
2.2501e-05
2.2464e-05
2.2426e-05
2.2388e-05
2.2351e-05
2.2313e-05
2.2275e-05
2.2238e-05
2.22e-05
2.2163e-05
2.2125e-05
2.2088e-05
2.205e-05
2.2013e-05
2.1975e-05
2.1938e-05
2.19e-05
2.1863e-05
2.1825e-05
2.1788e-05
2.1751e-05
2.1713e-05
2.1676e-05
2.1638e-05
2.1601e-05
2.1564e-05
2.1526e-05
2.1489e-05
2.1452e-05
2.1414e-05
2.1377e-05
2.134e-05
2.1303e-05
2.1265e-05
2.1228e-05
2.1191e-05
2.1154e-05
2.1117e-05
2.108e-05
2.1042e-05
2.1005e-05
2.0968e-05
2.0931e-05
2.0894e-05
2.0857e-05
2.082e-05
2.0783e-05
2.0746e-05
2.0709e-05
2.0672e-05
2.0635e-05
2.0598e-05
2.0561e-05
2.0524e-05
2.0487e-05
2.045e-05
2.0414e-05
2.0377e-05
2.034e-05
2.0303e-05
2.0266e-05
2.023e-05
2.0193e-05
2.0156e-05
2.012e-05
2.0083e-05
2.0046e-05
2.001e-05
1.9973e-05
1.9936e-05
1.99e-05
1.9863e-05
1.9827e-05
1.979e-05
1.9754e-05
1.9717e-05
1.9681e-05
1.9644e-05
1.9608e-05
1.9572e-05
1.9535e-05
1.9499e-05
1.9462e-05
1.9426e-05
1.939e-05
1.9354e-05
1.9317e-05
1.9281e-05
1.9245e-05
1.9209e-05
1.9173e-05
1.9137e-05
1.9101e-05
1.9064e-05
1.9028e-05
1.8992e-05
1.8956e-05
1.892e-05
1.8884e-05
1.8849e-05
1.8813e-05
1.8777e-05
1.8741e-05
1.8705e-05
1.8669e-05
1.8633e-05
1.8598e-05
1.8562e-05
1.8526e-05
1.8491e-05
1.8455e-05
1.8419e-05
1.8384e-05
1.8348e-05
1.8313e-05
1.8277e-05
1.8241e-05
1.8206e-05
1.8171e-05
1.8135e-05
1.81e-05
1.8064e-05
1.8029e-05
1.7994e-05
1.7958e-05
1.7923e-05
1.7888e-05
1.7853e-05
1.7817e-05
1.7782e-05
1.7747e-05
1.7712e-05
1.7677e-05
1.7642e-05
1.7607e-05
1.7572e-05
1.7537e-05
1.7502e-05
1.7467e-05
1.7432e-05
1.7397e-05
1.7363e-05
1.7328e-05
1.7293e-05
1.7258e-05
1.7224e-05
1.7189e-05
1.7154e-05
1.712e-05
1.7085e-05
1.7051e-05
1.7016e-05
1.6982e-05
1.6947e-05
1.6913e-05
1.6878e-05
1.6844e-05
1.681e-05
1.6775e-05
1.6741e-05
1.6707e-05
1.6673e-05
1.6638e-05
1.6604e-05
1.657e-05
1.6536e-05
1.6502e-05
1.6468e-05
1.6434e-05
1.64e-05
1.6366e-05
1.6332e-05
1.6298e-05
1.6264e-05
1.6231e-05
1.6197e-05
1.6163e-05
1.6129e-05
1.6096e-05
1.6062e-05
1.6028e-05
1.5995e-05
1.5961e-05
1.5928e-05
1.5894e-05
1.5861e-05
1.5827e-05
1.5794e-05
1.5761e-05
1.5727e-05
1.5694e-05
1.5661e-05
1.5628e-05
1.5594e-05
1.5561e-05
1.5528e-05
1.5495e-05
1.5462e-05
1.5429e-05
1.5396e-05
1.5363e-05
1.533e-05
1.5297e-05
1.5264e-05
1.5232e-05
1.5199e-05
1.5166e-05
1.5133e-05
1.5101e-05
1.5068e-05
1.5036e-05
1.5003e-05
1.497e-05
1.4938e-05
1.4906e-05
1.4873e-05
1.4841e-05
1.4808e-05
1.4776e-05
1.4744e-05
1.4712e-05
1.4679e-05
1.4647e-05
1.4615e-05
1.4583e-05
1.4551e-05
1.4519e-05
1.4487e-05
1.4455e-05
1.4423e-05
1.4391e-05
1.4359e-05
1.4327e-05
1.4296e-05
1.4264e-05
1.4232e-05
1.4201e-05
1.4169e-05
1.4137e-05
1.4106e-05
1.4074e-05
1.4043e-05
1.4011e-05
1.398e-05
1.3949e-05
1.3917e-05
1.3886e-05
1.3855e-05
1.3824e-05
1.3793e-05
1.3761e-05
1.373e-05
1.3699e-05
1.3668e-05
1.3637e-05
1.3606e-05
1.3575e-05
1.3545e-05
1.3514e-05
1.3483e-05
1.3452e-05
1.3421e-05
1.3391e-05
1.336e-05
1.333e-05
1.3299e-05
1.3268e-05
1.3238e-05
1.3208e-05
1.3177e-05
1.3147e-05
1.3116e-05
1.3086e-05
1.3056e-05
1.3026e-05
1.2996e-05
1.2965e-05
1.2935e-05
1.2905e-05
1.2875e-05
1.2845e-05
1.2815e-05
1.2786e-05
1.2756e-05
1.2726e-05
1.2696e-05
1.2666e-05
1.2637e-05
1.2607e-05
1.2577e-05
1.2548e-05
1.2518e-05
1.2489e-05
1.2459e-05
1.243e-05
1.2401e-05
1.2371e-05
1.2342e-05
1.2313e-05
1.2284e-05
1.2254e-05
1.2225e-05
1.2196e-05
1.2167e-05
1.2138e-05
1.2109e-05
1.208e-05
1.2051e-05
1.2023e-05
1.1994e-05
1.1965e-05
1.1936e-05
1.1908e-05
1.1879e-05
1.185e-05
1.1822e-05
1.1793e-05
1.1765e-05
1.1736e-05
1.1708e-05
1.168e-05
1.1651e-05
1.1623e-05
1.1595e-05
1.1567e-05
1.1539e-05
1.151e-05
1.1482e-05
1.1454e-05
1.1426e-05
1.1398e-05
1.1371e-05
1.1343e-05
1.1315e-05
1.1287e-05
1.1259e-05
1.1232e-05
1.1204e-05
1.1176e-05
1.1149e-05
1.1121e-05
1.1094e-05
1.1066e-05
1.1039e-05
1.1012e-05
1.0984e-05
1.0957e-05
1.093e-05
1.0903e-05
1.0876e-05
1.0848e-05
1.0821e-05
1.0794e-05
1.0767e-05
1.0741e-05
1.0714e-05
1.0687e-05
1.066e-05
1.0633e-05
1.0606e-05
1.058e-05
1.0553e-05
1.0527e-05
1.05e-05
1.0474e-05
1.0447e-05
1.0421e-05
1.0394e-05
1.0368e-05
1.0342e-05
1.0315e-05
1.0289e-05
1.0263e-05
1.0237e-05
1.0211e-05
1.0185e-05
1.0159e-05
1.0133e-05
1.0107e-05
1.0081e-05
1.0055e-05
1.0029e-05
1.0004e-05
9.9779e-06
9.9523e-06
9.9267e-06
9.9011e-06
9.8756e-06
9.8501e-06
9.8246e-06
9.7992e-06
9.7739e-06
9.7485e-06
9.7233e-06
9.698e-06
9.6728e-06
9.6477e-06
9.6226e-06
9.5975e-06
9.5725e-06
9.5475e-06
9.5226e-06
9.4977e-06
9.4729e-06
9.4481e-06
9.4233e-06
9.3986e-06
9.3739e-06
9.3493e-06
9.3247e-06
9.3001e-06
9.2756e-06
9.2512e-06
9.2268e-06
9.2024e-06
9.1781e-06
9.1538e-06
9.1295e-06
9.1053e-06
9.0811e-06
9.057e-06
9.033e-06
9.0089e-06
8.9849e-06
8.961e-06
8.9371e-06
8.9132e-06
8.8894e-06
8.8656e-06
8.8419e-06
8.8182e-06
8.7945e-06
8.7709e-06
8.7474e-06
8.7239e-06
8.7004e-06
8.6769e-06
8.6536e-06
8.6302e-06
8.6069e-06
8.5836e-06
8.5604e-06
8.5372e-06
8.5141e-06
8.491e-06
8.468e-06
8.445e-06
8.422e-06
8.3991e-06
8.3762e-06
8.3534e-06
8.3306e-06
8.3078e-06
8.2851e-06
8.2624e-06
8.2398e-06
8.2172e-06
8.1947e-06
8.1722e-06
8.1497e-06
8.1273e-06
8.105e-06
8.0826e-06
8.0604e-06
8.0381e-06
8.0159e-06
7.9938e-06
7.9717e-06
7.9496e-06
7.9276e-06
7.9056e-06
7.8836e-06
7.8617e-06
7.8399e-06
7.8181e-06
7.7963e-06
7.7746e-06
7.7529e-06
7.7312e-06
7.7096e-06
7.6881e-06
7.6665e-06
7.6451e-06
7.6236e-06
7.6022e-06
7.5809e-06
7.5596e-06
7.5383e-06
7.5171e-06
7.4959e-06
7.4748e-06
7.4537e-06
7.4326e-06
7.4116e-06
7.3906e-06
7.3697e-06
7.3488e-06
7.328e-06
7.3072e-06
7.2864e-06
7.2657e-06
7.245e-06
7.2244e-06
7.2038e-06
7.1832e-06
7.1627e-06
7.1422e-06
7.1218e-06
7.1014e-06
7.0811e-06
7.0608e-06
7.0405e-06
7.0203e-06
7.0001e-06
6.98e-06
6.9599e-06
6.9398e-06
6.9198e-06
6.8999e-06
6.8799e-06
6.86e-06
6.8402e-06
6.8204e-06
6.8006e-06
6.7809e-06
6.7612e-06
6.7416e-06
6.722e-06
6.7024e-06
6.6829e-06
6.6635e-06
6.644e-06
6.6246e-06
6.6053e-06
6.586e-06
6.5667e-06
6.5475e-06
6.5283e-06
6.5091e-06
6.49e-06
6.471e-06
6.452e-06
6.433e-06
6.414e-06
6.3951e-06
6.3763e-06
6.3574e-06
6.3387e-06
6.3199e-06
6.3012e-06
6.2826e-06
6.264e-06
6.2454e-06
6.2268e-06
6.2084e-06
6.1899e-06
6.1715e-06
6.1531e-06
6.1348e-06
6.1165e-06
6.0982e-06
6.08e-06
6.0618e-06
6.0437e-06
6.0256e-06
6.0076e-06
5.9895e-06
5.9716e-06
5.9536e-06
5.9357e-06
5.9179e-06
5.9001e-06
5.8823e-06
5.8646e-06
5.8469e-06
5.8292e-06
5.8116e-06
5.794e-06
5.7765e-06
5.759e-06
5.7415e-06
5.7241e-06
5.7067e-06
5.6894e-06
5.6721e-06
5.6549e-06
5.6376e-06
5.6205e-06
5.6033e-06
5.5862e-06
5.5691e-06
5.5521e-06
5.5351e-06
5.5182e-06
5.5013e-06
5.4844e-06
5.4676e-06
5.4508e-06
5.434e-06
5.4173e-06
5.4006e-06
5.384e-06
5.3674e-06
5.3508e-06
5.3343e-06
5.3178e-06
5.3014e-06
5.285e-06
5.2686e-06
5.2523e-06
5.236e-06
5.2198e-06
5.2035e-06
5.1874e-06
5.1712e-06
5.1551e-06
5.1391e-06
5.123e-06
5.1071e-06
5.0911e-06
5.0752e-06
5.0593e-06
5.0435e-06
5.0277e-06
5.0119e-06
4.9962e-06
4.9805e-06
4.9649e-06
4.9493e-06
4.9337e-06
4.9182e-06
4.9027e-06
4.8872e-06
4.8718e-06
4.8564e-06
4.8411e-06
4.8258e-06
4.8105e-06
4.7953e-06
4.7801e-06
4.7649e-06
4.7498e-06
4.7347e-06
4.7196e-06
4.7046e-06
4.6896e-06
4.6747e-06
4.6598e-06
4.6449e-06
4.6301e-06
4.6153e-06
4.6005e-06
4.5858e-06
4.5711e-06
4.5565e-06
4.5419e-06
4.5273e-06
4.5128e-06
4.4982e-06
4.4838e-06
4.4693e-06
4.4549e-06
4.4406e-06
4.4263e-06
4.412e-06
4.3977e-06
4.3835e-06
4.3693e-06
4.3552e-06
4.3411e-06
4.327e-06
4.313e-06
4.2989e-06
4.285e-06
4.271e-06
4.2572e-06
4.2433e-06
4.2295e-06
4.2157e-06
4.2019e-06
4.1882e-06
4.1745e-06
4.1608e-06
4.1472e-06
4.1336e-06
4.1201e-06
4.1066e-06
4.0931e-06
4.0797e-06
4.0663e-06
4.0529e-06
4.0395e-06
4.0262e-06
4.013e-06
3.9997e-06
3.9865e-06
3.9734e-06
3.9602e-06
3.9471e-06
3.9341e-06
3.921e-06
3.908e-06
3.8951e-06
3.8821e-06
3.8692e-06
3.8564e-06
3.8435e-06
3.8308e-06
3.818e-06
3.8053e-06
3.7926e-06
3.7799e-06
3.7673e-06
3.7547e-06
3.7421e-06
3.7296e-06
3.7171e-06
3.7046e-06
3.6922e-06
3.6798e-06
3.6675e-06
3.6551e-06
3.6428e-06
3.6306e-06
3.6183e-06
3.6061e-06
3.594e-06
3.5818e-06
3.5697e-06
3.5577e-06
3.5456e-06
3.5336e-06
3.5217e-06
3.5097e-06
3.4978e-06
3.4859e-06
3.4741e-06
3.4623e-06
3.4505e-06
3.4388e-06
3.4271e-06
3.4154e-06
3.4037e-06
3.3921e-06
3.3805e-06
3.369e-06
3.3574e-06
3.346e-06
3.3345e-06
3.3231e-06
3.3117e-06
3.3003e-06
3.289e-06
3.2777e-06
3.2664e-06
3.2551e-06
3.2439e-06
3.2328e-06
3.2216e-06
3.2105e-06
3.1994e-06
3.1884e-06
3.1773e-06
3.1663e-06
3.1554e-06
3.1444e-06
3.1335e-06
3.1227e-06
3.1118e-06
3.101e-06
3.0902e-06
3.0795e-06
3.0688e-06
3.0581e-06
3.0474e-06
3.0368e-06
3.0262e-06
3.0156e-06
3.0051e-06
2.9945e-06
2.9841e-06
2.9736e-06
2.9632e-06
2.9528e-06
2.9424e-06
2.9321e-06
2.9218e-06
2.9115e-06
2.9013e-06
2.8911e-06
2.8809e-06
2.8707e-06
2.8606e-06
2.8505e-06
2.8404e-06
2.8304e-06
2.8204e-06
2.8104e-06
2.8004e-06
2.7905e-06
2.7806e-06
2.7707e-06
2.7609e-06
2.7511e-06
2.7413e-06
2.7315e-06
2.7218e-06
2.7121e-06
2.7024e-06
2.6928e-06
2.6832e-06
2.6736e-06
2.664e-06
2.6545e-06
2.645e-06
2.6355e-06
2.6261e-06
2.6167e-06
2.6073e-06
2.5979e-06
2.5886e-06
2.5793e-06
2.57e-06
2.5607e-06
2.5515e-06
2.5423e-06
2.5331e-06
2.524e-06
2.5149e-06
2.5058e-06
2.4967e-06
2.4877e-06
2.4787e-06
2.4697e-06
2.4607e-06
2.4518e-06
2.4429e-06
2.434e-06
2.4252e-06
2.4163e-06
2.4075e-06
2.3988e-06
2.39e-06
2.3813e-06
2.3726e-06
2.364e-06
2.3553e-06
2.3467e-06
2.3381e-06
2.3296e-06
2.321e-06
2.3125e-06
2.304e-06
2.2956e-06
2.2871e-06
2.2787e-06
2.2703e-06
2.262e-06
2.2537e-06
2.2454e-06
2.2371e-06
2.2288e-06
2.2206e-06
2.2124e-06
2.2042e-06
2.196e-06
2.1879e-06
2.1798e-06
2.1717e-06
2.1637e-06
2.1557e-06
2.1476e-06
2.1397e-06
2.1317e-06
2.1238e-06
2.1159e-06
2.108e-06
2.1001e-06
2.0923e-06
2.0845e-06
2.0767e-06
2.069e-06
2.0612e-06
2.0535e-06
2.0458e-06
2.0382e-06
2.0305e-06
2.0229e-06
2.0153e-06
2.0077e-06
2.0002e-06
1.9927e-06
1.9852e-06
1.9777e-06
1.9702e-06
1.9628e-06
1.9554e-06
1.948e-06
1.9407e-06
1.9333e-06
1.926e-06
1.9187e-06
1.9115e-06
1.9042e-06
1.897e-06
1.8898e-06
1.8827e-06
1.8755e-06
1.8684e-06
1.8613e-06
1.8542e-06
1.8471e-06
1.8401e-06
1.8331e-06
1.8261e-06
1.8191e-06
1.8122e-06
1.8052e-06
1.7983e-06
1.7915e-06
1.7846e-06
1.7778e-06
1.771e-06
1.7642e-06
1.7574e-06
1.7506e-06
1.7439e-06
1.7372e-06
1.7305e-06
1.7239e-06
1.7172e-06
1.7106e-06
1.704e-06
1.6974e-06
1.6909e-06
1.6844e-06
1.6778e-06
1.6714e-06
1.6649e-06
1.6584e-06
1.652e-06
1.6456e-06
1.6392e-06
1.6329e-06
1.6265e-06
1.6202e-06
1.6139e-06
1.6076e-06
1.6014e-06
1.5951e-06
1.5889e-06
1.5827e-06
1.5765e-06
1.5704e-06
1.5642e-06
1.5581e-06
1.552e-06
1.5459e-06
1.5399e-06
1.5338e-06
1.5278e-06
1.5218e-06
1.5159e-06
1.5099e-06
1.504e-06
1.4981e-06
1.4922e-06
1.4863e-06
1.4804e-06
1.4746e-06
1.4688e-06
1.463e-06
1.4572e-06
1.4514e-06
1.4457e-06
1.44e-06
1.4343e-06
1.4286e-06
1.4229e-06
1.4173e-06
1.4117e-06
1.406e-06
1.4005e-06
1.3949e-06
1.3893e-06
1.3838e-06
1.3783e-06
1.3728e-06
1.3673e-06
1.3619e-06
1.3564e-06
1.351e-06
1.3456e-06
1.3402e-06
1.3349e-06
1.3295e-06
1.3242e-06
1.3189e-06
1.3136e-06
1.3083e-06
1.3031e-06
1.2979e-06
1.2926e-06
1.2874e-06
1.2823e-06
1.2771e-06
1.2719e-06
1.2668e-06
1.2617e-06
1.2566e-06
1.2515e-06
1.2465e-06
1.2414e-06
1.2364e-06
1.2314e-06
1.2264e-06
1.2214e-06
1.2165e-06
1.2116e-06
1.2066e-06
1.2017e-06
1.1969e-06
1.192e-06
1.1871e-06
1.1823e-06
1.1775e-06
1.1727e-06
1.1679e-06
1.1631e-06
1.1584e-06
1.1537e-06
1.1489e-06
1.1442e-06
1.1396e-06
1.1349e-06
1.1302e-06
1.1256e-06
1.121e-06
1.1164e-06
1.1118e-06
1.1072e-06
1.1027e-06
1.0981e-06
1.0936e-06
1.0891e-06
1.0846e-06
1.0802e-06
1.0757e-06
1.0713e-06
1.0668e-06
1.0624e-06
1.058e-06
1.0537e-06
1.0493e-06
1.0449e-06
1.0406e-06
1.0363e-06
1.032e-06
1.0277e-06
1.0234e-06
1.0192e-06
1.015e-06
1.0107e-06
1.0065e-06
1.0023e-06
9.9815e-07
9.9399e-07
9.8984e-07
9.8571e-07
9.8159e-07
9.7749e-07
9.734e-07
9.6933e-07
9.6527e-07
9.6123e-07
9.572e-07
9.5318e-07
9.4918e-07
9.452e-07
9.4123e-07
9.3727e-07
9.3333e-07
9.294e-07
9.2549e-07
9.2159e-07
9.1771e-07
9.1384e-07
9.0998e-07
9.0614e-07
9.0231e-07
8.985e-07
8.947e-07
8.9091e-07
8.8714e-07
8.8339e-07
8.7964e-07
8.7591e-07
8.7219e-07
8.6849e-07
8.648e-07
8.6113e-07
8.5747e-07
8.5382e-07
8.5018e-07
8.4656e-07
8.4295e-07
8.3936e-07
8.3578e-07
8.3221e-07
8.2866e-07
8.2512e-07
8.2159e-07
8.1807e-07
8.1457e-07
8.1108e-07
8.0761e-07
8.0415e-07
8.007e-07
7.9726e-07
7.9384e-07
7.9043e-07
7.8703e-07
7.8364e-07
7.8027e-07
7.7691e-07
7.7356e-07
7.7023e-07
7.6691e-07
7.636e-07
7.603e-07
7.5701e-07
7.5374e-07
7.5048e-07
7.4723e-07
7.44e-07
7.4078e-07
7.3757e-07
7.3437e-07
7.3118e-07
7.2801e-07
7.2485e-07
7.2169e-07
7.1856e-07
7.1543e-07
7.1232e-07
7.0921e-07
7.0612e-07
7.0305e-07
6.9998e-07
6.9692e-07
6.9388e-07
6.9085e-07
6.8783e-07
6.8482e-07
6.8182e-07
6.7884e-07
6.7586e-07
6.729e-07
6.6995e-07
6.6701e-07
6.6408e-07
6.6116e-07
6.5826e-07
6.5536e-07
6.5248e-07
6.4961e-07
6.4675e-07
6.439e-07
6.4106e-07
6.3823e-07
6.3541e-07
6.3261e-07
6.2981e-07
6.2703e-07
6.2425e-07
6.2149e-07
6.1874e-07
6.16e-07
6.1327e-07
6.1055e-07
6.0784e-07
6.0514e-07
6.0245e-07
5.9977e-07
5.9711e-07
5.9445e-07
5.9181e-07
5.8917e-07
5.8654e-07
5.8393e-07
5.8132e-07
5.7873e-07
5.7615e-07
5.7357e-07
5.7101e-07
5.6845e-07
5.6591e-07
5.6338e-07
5.6085e-07
5.5834e-07
5.5584e-07
5.5334e-07
5.5086e-07
5.4838e-07
5.4592e-07
5.4347e-07
5.4102e-07
5.3859e-07
5.3616e-07
5.3375e-07
5.3134e-07
5.2894e-07
5.2656e-07
5.2418e-07
5.2181e-07
5.1945e-07
5.1711e-07
5.1477e-07
5.1244e-07
5.1012e-07
5.0781e-07
5.055e-07
5.0321e-07
5.0093e-07
4.9865e-07
4.9639e-07
4.9413e-07
4.9188e-07
4.8965e-07
4.8742e-07
4.852e-07
4.8299e-07
4.8079e-07
4.7859e-07
4.7641e-07
4.7423e-07
4.7207e-07
4.6991e-07
4.6776e-07
4.6562e-07
4.6349e-07
4.6137e-07
4.5925e-07
4.5715e-07
4.5505e-07
4.5296e-07
4.5088e-07
4.4881e-07
4.4675e-07
4.4469e-07
4.4265e-07
4.4061e-07
4.3858e-07
4.3656e-07
4.3454e-07
4.3254e-07
4.3054e-07
4.2856e-07
4.2658e-07
4.246e-07
4.2264e-07
4.2069e-07
4.1874e-07
4.168e-07
4.1487e-07
4.1294e-07
4.1103e-07
4.0912e-07
4.0722e-07
4.0533e-07
4.0345e-07
4.0157e-07
3.997e-07
3.9784e-07
3.9599e-07
3.9414e-07
3.923e-07
3.9047e-07
3.8865e-07
3.8684e-07
3.8503e-07
3.8323e-07
3.8144e-07
3.7965e-07
3.7788e-07
3.7611e-07
3.7435e-07
3.7259e-07
3.7084e-07
3.691e-07
3.6737e-07
3.6565e-07
3.6393e-07
3.6222e-07
3.6051e-07
3.5882e-07
3.5713e-07
3.5544e-07
3.5377e-07
3.521e-07
3.5044e-07
3.4878e-07
3.4714e-07
3.455e-07
3.4386e-07
3.4224e-07
3.4062e-07
3.39e-07
3.374e-07
3.358e-07
3.3421e-07
3.3262e-07
3.3104e-07
3.2947e-07
3.2791e-07
3.2635e-07
3.248e-07
3.2325e-07
3.2171e-07
3.2018e-07
3.1865e-07
3.1713e-07
3.1562e-07
3.1412e-07
3.1262e-07
3.1112e-07
3.0964e-07
3.0816e-07
3.0668e-07
3.0521e-07
3.0375e-07
3.023e-07
3.0085e-07
2.994e-07
2.9797e-07
2.9654e-07
2.9511e-07
2.937e-07
2.9228e-07
2.9088e-07
2.8948e-07
2.8809e-07
2.867e-07
2.8532e-07
2.8394e-07
2.8257e-07
2.8121e-07
2.7985e-07
2.785e-07
2.7715e-07
2.7581e-07
2.7448e-07
2.7315e-07
2.7183e-07
2.7051e-07
2.692e-07
2.6789e-07
2.6659e-07
2.653e-07
2.6401e-07
2.6273e-07
2.6145e-07
2.6018e-07
2.5891e-07
2.5765e-07
2.564e-07
2.5515e-07
2.5391e-07
2.5267e-07
2.5143e-07
2.5021e-07
2.4898e-07
2.4777e-07
2.4656e-07
2.4535e-07
2.4415e-07
2.4295e-07
2.4176e-07
2.4058e-07
2.394e-07
2.3823e-07
2.3706e-07
2.3589e-07
2.3473e-07
2.3358e-07
2.3243e-07
2.3129e-07
2.3015e-07
2.2902e-07
2.2789e-07
2.2676e-07
2.2565e-07
2.2453e-07
2.2342e-07
2.2232e-07
2.2122e-07
2.2013e-07
2.1904e-07
2.1796e-07
2.1688e-07
2.158e-07
2.1474e-07
2.1367e-07
2.1261e-07
2.1156e-07
2.1051e-07
2.0946e-07
2.0842e-07
2.0738e-07
2.0635e-07
2.0533e-07
2.043e-07
2.0329e-07
2.0227e-07
2.0126e-07
2.0026e-07
1.9926e-07
1.9827e-07
1.9728e-07
1.9629e-07
1.9531e-07
1.9433e-07
1.9336e-07
1.9239e-07
1.9143e-07
1.9047e-07
1.8952e-07
1.8856e-07
1.8762e-07
1.8668e-07
1.8574e-07
1.8481e-07
1.8388e-07
1.8295e-07
1.8203e-07
1.8112e-07
1.802e-07
1.7929e-07
1.7839e-07
1.7749e-07
1.766e-07
1.757e-07
1.7482e-07
1.7393e-07
1.7305e-07
1.7218e-07
1.7131e-07
1.7044e-07
1.6958e-07
1.6872e-07
1.6786e-07
1.6701e-07
1.6616e-07
1.6532e-07
1.6448e-07
1.6365e-07
1.6281e-07
1.6199e-07
1.6116e-07
1.6034e-07
1.5952e-07
1.5871e-07
1.579e-07
1.571e-07
1.563e-07
1.555e-07
1.547e-07
1.5391e-07
1.5313e-07
1.5234e-07
1.5156e-07
1.5079e-07
1.5002e-07
1.4925e-07
1.4848e-07
1.4772e-07
1.4696e-07
1.4621e-07
1.4546e-07
1.4471e-07
1.4397e-07
1.4323e-07
1.4249e-07
1.4176e-07
1.4103e-07
1.403e-07
1.3958e-07
1.3886e-07
1.3814e-07
1.3743e-07
1.3672e-07
1.3601e-07
1.3531e-07
1.3461e-07
1.3391e-07
1.3322e-07
1.3253e-07
1.3185e-07
1.3116e-07
1.3048e-07
1.2981e-07
1.2913e-07
1.2846e-07
1.2779e-07
1.2713e-07
1.2647e-07
1.2581e-07
1.2516e-07
1.2451e-07
1.2386e-07
1.2321e-07
1.2257e-07
1.2193e-07
1.213e-07
1.2066e-07
1.2003e-07
1.1941e-07
1.1878e-07
1.1816e-07
1.1754e-07
1.1693e-07
1.1632e-07
1.1571e-07
1.151e-07
1.145e-07
1.139e-07
1.133e-07
1.127e-07
1.1211e-07
1.1152e-07
1.1094e-07
1.1035e-07
1.0977e-07
1.0919e-07
1.0862e-07
1.0805e-07
1.0748e-07
1.0691e-07
1.0635e-07
1.0579e-07
1.0523e-07
1.0467e-07
1.0412e-07
1.0357e-07
1.0302e-07
1.0247e-07
1.0193e-07
1.0139e-07
1.0086e-07
1.0032e-07
9.9789e-08
9.9259e-08
9.8732e-08
9.8208e-08
9.7686e-08
9.7167e-08
9.665e-08
9.6136e-08
9.5625e-08
9.5116e-08
9.4609e-08
9.4105e-08
9.3603e-08
9.3104e-08
9.2607e-08
9.2113e-08
9.1621e-08
9.1131e-08
9.0644e-08
9.0159e-08
8.9677e-08
8.9197e-08
8.8719e-08
8.8244e-08
8.7771e-08
8.73e-08
8.6832e-08
8.6366e-08
8.5903e-08
8.5441e-08
8.4982e-08
8.4525e-08
8.4071e-08
8.3618e-08
8.3168e-08
8.272e-08
8.2275e-08
8.1831e-08
8.139e-08
8.0951e-08
8.0514e-08
8.0079e-08
7.9647e-08
7.9216e-08
7.8788e-08
7.8362e-08
7.7938e-08
7.7516e-08
7.7096e-08
7.6679e-08
7.6263e-08
7.5849e-08
7.5438e-08
7.5029e-08
7.4621e-08
7.4216e-08
7.3813e-08
7.3411e-08
7.3012e-08
7.2615e-08
7.2219e-08
7.1826e-08
7.1435e-08
7.1045e-08
7.0658e-08
7.0273e-08
6.9889e-08
6.9507e-08
6.9128e-08
6.875e-08
6.8374e-08
6.8e-08
6.7628e-08
6.7258e-08
6.689e-08
6.6523e-08
6.6158e-08
6.5796e-08
6.5435e-08
6.5076e-08
6.4718e-08
6.4363e-08
6.4009e-08
6.3657e-08
6.3307e-08
6.2959e-08
6.2612e-08
6.2268e-08
6.1924e-08
6.1583e-08
6.1244e-08
6.0906e-08
6.057e-08
6.0235e-08
5.9903e-08
5.9572e-08
5.9242e-08
5.8915e-08
5.8589e-08
5.8264e-08
5.7942e-08
5.7621e-08
5.7302e-08
5.6984e-08
5.6668e-08
5.6353e-08
5.6041e-08
5.5729e-08
5.542e-08
5.5112e-08
5.4805e-08
5.45e-08
5.4197e-08
5.3895e-08
5.3595e-08
5.3296e-08
5.2999e-08
5.2704e-08
5.241e-08
5.2117e-08
5.1826e-08
5.1537e-08
5.1249e-08
5.0962e-08
5.0677e-08
5.0393e-08
5.0111e-08
4.9831e-08
4.9552e-08
4.9274e-08
4.8998e-08
4.8723e-08
4.8449e-08
4.8177e-08
4.7907e-08
4.7637e-08
4.737e-08
4.7103e-08
4.6838e-08
4.6575e-08
4.6312e-08
4.6051e-08
4.5792e-08
4.5534e-08
4.5277e-08
4.5022e-08
4.4767e-08
4.4515e-08
4.4263e-08
4.4013e-08
4.3764e-08
4.3517e-08
4.327e-08
4.3025e-08
4.2782e-08
4.2539e-08
4.2298e-08
4.2058e-08
4.182e-08
4.1582e-08
4.1346e-08
4.1111e-08
4.0878e-08
4.0645e-08
4.0414e-08
4.0184e-08
3.9956e-08
3.9728e-08
3.9502e-08
3.9277e-08
3.9053e-08
3.883e-08
3.8609e-08
3.8388e-08
3.8169e-08
3.7951e-08
3.7734e-08
3.7518e-08
3.7304e-08
3.709e-08
3.6878e-08
3.6667e-08
3.6457e-08
3.6248e-08
3.604e-08
3.5833e-08
3.5628e-08
3.5423e-08
3.522e-08
3.5017e-08
3.4816e-08
3.4616e-08
3.4417e-08
3.4219e-08
3.4022e-08
3.3826e-08
3.3631e-08
3.3437e-08
3.3244e-08
3.3052e-08
3.2862e-08
3.2672e-08
3.2483e-08
3.2295e-08
3.2109e-08
3.1923e-08
3.1738e-08
3.1555e-08
3.1372e-08
3.119e-08
3.101e-08
3.083e-08
3.0651e-08
3.0473e-08
3.0296e-08
3.0121e-08
2.9946e-08
2.9772e-08
2.9598e-08
2.9426e-08
2.9255e-08
2.9085e-08
2.8916e-08
2.8747e-08
2.858e-08
2.8413e-08
2.8247e-08
2.8082e-08
2.7919e-08
2.7756e-08
2.7593e-08
2.7432e-08
2.7272e-08
2.7112e-08
2.6954e-08
2.6796e-08
2.6639e-08
2.6483e-08
2.6328e-08
2.6173e-08
2.602e-08
2.5867e-08
2.5716e-08
2.5565e-08
2.5414e-08
2.5265e-08
2.5116e-08
2.4969e-08
2.4822e-08
2.4676e-08
2.453e-08
2.4386e-08
2.4242e-08
2.4099e-08
2.3957e-08
2.3816e-08
2.3675e-08
2.3536e-08
2.3397e-08
2.3258e-08
2.3121e-08
2.2984e-08
2.2848e-08
2.2713e-08
2.2578e-08
2.2445e-08
2.2312e-08
2.2179e-08
2.2048e-08
2.1917e-08
2.1787e-08
2.1658e-08
2.1529e-08
2.1401e-08
2.1274e-08
2.1147e-08
2.1022e-08
2.0897e-08
2.0772e-08
2.0648e-08
2.0525e-08
2.0403e-08
2.0281e-08
2.016e-08
2.004e-08
1.992e-08
1.9801e-08
1.9683e-08
1.9566e-08
1.9449e-08
1.9332e-08
1.9217e-08
1.9101e-08
1.8987e-08
1.8873e-08
1.876e-08
1.8648e-08
1.8536e-08
1.8425e-08
1.8314e-08
1.8204e-08
1.8095e-08
1.7986e-08
1.7878e-08
1.777e-08
1.7663e-08
1.7557e-08
1.7451e-08
1.7346e-08
1.7242e-08
1.7138e-08
1.7034e-08
1.6932e-08
1.683e-08
1.6728e-08
1.6627e-08
1.6526e-08
1.6427e-08
1.6327e-08
1.6228e-08
1.613e-08
1.6033e-08
1.5935e-08
1.5839e-08
1.5743e-08
1.5647e-08
1.5553e-08
1.5458e-08
1.5364e-08
1.5271e-08
1.5178e-08
1.5086e-08
1.4994e-08
1.4903e-08
1.4812e-08
1.4722e-08
1.4633e-08
1.4544e-08
1.4455e-08
1.4367e-08
1.4279e-08
1.4192e-08
1.4105e-08
1.4019e-08
1.3934e-08
1.3849e-08
1.3764e-08
1.368e-08
1.3596e-08
1.3513e-08
1.343e-08
1.3348e-08
1.3266e-08
1.3185e-08
1.3104e-08
1.3024e-08
1.2944e-08
1.2864e-08
1.2785e-08
1.2707e-08
1.2629e-08
1.2551e-08
1.2474e-08
1.2397e-08
1.2321e-08
1.2245e-08
1.2169e-08
1.2094e-08
1.202e-08
1.1946e-08
1.1872e-08
1.1799e-08
1.1726e-08
1.1654e-08
1.1582e-08
1.151e-08
1.1439e-08
1.1368e-08
1.1298e-08
1.1228e-08
1.1158e-08
1.1089e-08
1.1021e-08
1.0952e-08
1.0884e-08
1.0817e-08
1.075e-08
1.0683e-08
1.0617e-08
1.0551e-08
1.0485e-08
1.042e-08
1.0355e-08
1.0291e-08
1.0227e-08
1.0163e-08
1.01e-08
1.0037e-08
9.974e-09
9.9118e-09
9.85e-09
9.7885e-09
9.7274e-09
9.6667e-09
9.6063e-09
9.5462e-09
9.4865e-09
9.4272e-09
9.3682e-09
9.3096e-09
9.2513e-09
9.1933e-09
9.1357e-09
9.0784e-09
9.0215e-09
8.9649e-09
8.9086e-09
8.8527e-09
8.7971e-09
8.7418e-09
8.6869e-09
8.6323e-09
8.578e-09
8.524e-09
8.4703e-09
8.417e-09
8.364e-09
8.3113e-09
8.2589e-09
8.2068e-09
8.155e-09
8.1035e-09
8.0524e-09
8.0015e-09
7.951e-09
7.9007e-09
7.8507e-09
7.8011e-09
7.7517e-09
7.7027e-09
7.6539e-09
7.6054e-09
7.5572e-09
7.5093e-09
7.4617e-09
7.4143e-09
7.3673e-09
7.3205e-09
7.274e-09
7.2278e-09
7.1819e-09
7.1362e-09
7.0908e-09
7.0457e-09
7.0009e-09
6.9563e-09
6.912e-09
6.8679e-09
6.8242e-09
6.7807e-09
6.7374e-09
6.6944e-09
6.6517e-09
6.6092e-09
6.567e-09
6.525e-09
6.4833e-09
6.4418e-09
6.4006e-09
6.3597e-09
6.3189e-09
6.2785e-09
6.2382e-09
6.1983e-09
6.1585e-09
6.119e-09
6.0798e-09
6.0407e-09
6.0019e-09
5.9634e-09
5.9251e-09
5.887e-09
5.8491e-09
5.8115e-09
5.7741e-09
5.7369e-09
5.7e-09
5.6633e-09
5.6268e-09
5.5905e-09
5.5545e-09
5.5186e-09
5.483e-09
5.4476e-09
5.4124e-09
5.3775e-09
5.3427e-09
5.3082e-09
5.2738e-09
5.2397e-09
5.2058e-09
5.1721e-09
5.1386e-09
5.1053e-09
5.0722e-09
5.0393e-09
5.0066e-09
4.9741e-09
4.9419e-09
4.9098e-09
4.8779e-09
4.8462e-09
4.8147e-09
4.7834e-09
4.7522e-09
4.7213e-09
4.6906e-09
4.66e-09
4.6297e-09
4.5995e-09
4.5695e-09
4.5397e-09
4.5101e-09
4.4807e-09
4.4514e-09
4.4224e-09
4.3935e-09
4.3647e-09
4.3362e-09
4.3079e-09
4.2797e-09
4.2517e-09
4.2238e-09
4.1962e-09
4.1687e-09
4.1413e-09
4.1142e-09
4.0872e-09
4.0604e-09
4.0337e-09
4.0073e-09
3.9809e-09
3.9548e-09
3.9288e-09
3.903e-09
3.8773e-09
3.8518e-09
3.8264e-09
3.8012e-09
3.7762e-09
3.7513e-09
3.7266e-09
3.702e-09
3.6776e-09
3.6533e-09
3.6292e-09
3.6052e-09
3.5814e-09
3.5578e-09
3.5342e-09
3.5109e-09
3.4876e-09
3.4646e-09
3.4416e-09
3.4188e-09
3.3962e-09
3.3737e-09
3.3513e-09
3.3291e-09
3.307e-09
3.2851e-09
3.2633e-09
3.2416e-09
3.2201e-09
3.1987e-09
3.1774e-09
3.1563e-09
3.1353e-09
3.1144e-09
3.0937e-09
3.0731e-09
3.0526e-09
3.0323e-09
3.012e-09
2.992e-09
2.972e-09
2.9522e-09
2.9325e-09
2.9129e-09
2.8934e-09
2.8741e-09
2.8549e-09
2.8358e-09
2.8168e-09
2.798e-09
2.7792e-09
2.7606e-09
2.7421e-09
2.7237e-09
2.7055e-09
2.6873e-09
2.6693e-09
2.6514e-09
2.6336e-09
2.6159e-09
2.5983e-09
2.5809e-09
2.5635e-09
2.5463e-09
2.5292e-09
2.5121e-09
2.4952e-09
2.4784e-09
2.4617e-09
2.4451e-09
2.4287e-09
2.4123e-09
2.396e-09
2.3798e-09
2.3638e-09
2.3478e-09
2.332e-09
2.3162e-09
2.3005e-09
2.285e-09
2.2695e-09
2.2542e-09
2.2389e-09
2.2237e-09
2.2087e-09
2.1937e-09
2.1788e-09
2.1641e-09
2.1494e-09
2.1348e-09
2.1203e-09
2.1059e-09
2.0916e-09
2.0774e-09
2.0633e-09
2.0493e-09
2.0353e-09
2.0215e-09
2.0077e-09
1.994e-09
1.9805e-09
1.967e-09
1.9536e-09
1.9402e-09
1.927e-09
1.9139e-09
1.9008e-09
1.8878e-09
1.8749e-09
1.8621e-09
1.8494e-09
1.8367e-09
1.8242e-09
1.8117e-09
1.7993e-09
1.787e-09
1.7747e-09
1.7626e-09
1.7505e-09
1.7385e-09
1.7266e-09
1.7147e-09
1.703e-09
1.6913e-09
1.6797e-09
1.6681e-09
1.6567e-09
1.6453e-09
1.634e-09
1.6227e-09
1.6116e-09
1.6005e-09
1.5894e-09
1.5785e-09
1.5676e-09
1.5568e-09
1.5461e-09
1.5354e-09
1.5248e-09
1.5143e-09
1.5038e-09
1.4935e-09
1.4831e-09
1.4729e-09
1.4627e-09
1.4526e-09
1.4425e-09
1.4325e-09
1.4226e-09
1.4128e-09
1.403e-09
1.3933e-09
1.3836e-09
1.374e-09
1.3645e-09
1.355e-09
1.3456e-09
1.3363e-09
1.327e-09
1.3178e-09
1.3086e-09
1.2995e-09
1.2905e-09
1.2815e-09
1.2726e-09
1.2637e-09
1.2549e-09
1.2462e-09
1.2375e-09
1.2288e-09
1.2203e-09
1.2118e-09
1.2033e-09
1.1949e-09
1.1865e-09
1.1783e-09
1.17e-09
1.1618e-09
1.1537e-09
1.1456e-09
1.1376e-09
1.1297e-09
1.1218e-09
1.1139e-09
1.1061e-09
1.0983e-09
1.0906e-09
1.083e-09
1.0754e-09
1.0678e-09
1.0603e-09
1.0529e-09
1.0455e-09
1.0382e-09
1.0309e-09
1.0236e-09
1.0164e-09
1.0092e-09
1.0021e-09
9.9508e-10
9.8807e-10
9.8111e-10
9.7419e-10
9.6732e-10
9.605e-10
9.5372e-10
9.4699e-10
9.403e-10
9.3366e-10
9.2707e-10
9.2051e-10
9.14e-10
9.0754e-10
9.0112e-10
8.9474e-10
8.8841e-10
8.8211e-10
8.7587e-10
8.6966e-10
8.6349e-10
8.5737e-10
8.5129e-10
8.4525e-10
8.3925e-10
8.3329e-10
8.2737e-10
8.2149e-10
8.1565e-10
8.0985e-10
8.0409e-10
7.9837e-10
7.9269e-10
7.8704e-10
7.8144e-10
7.7587e-10
7.7034e-10
7.6485e-10
7.594e-10
7.5398e-10
7.486e-10
7.4326e-10
7.3795e-10
7.3268e-10
7.2744e-10
7.2224e-10
7.1708e-10
7.1195e-10
7.0686e-10
7.018e-10
6.9677e-10
6.9178e-10
6.8683e-10
6.8191e-10
6.7702e-10
6.7216e-10
6.6734e-10
6.6255e-10
6.578e-10
6.5307e-10
6.4838e-10
6.4372e-10
6.391e-10
6.345e-10
6.2994e-10
6.2541e-10
6.2091e-10
6.1644e-10
6.12e-10
6.0759e-10
6.0321e-10
5.9886e-10
5.9455e-10
5.9026e-10
5.86e-10
5.8177e-10
5.7757e-10
5.734e-10
5.6925e-10
5.6514e-10
5.6105e-10
5.57e-10
5.5297e-10
5.4897e-10
5.4499e-10
5.4105e-10
5.3713e-10
5.3324e-10
5.2937e-10
5.2553e-10
5.2172e-10
5.1794e-10
5.1418e-10
5.1044e-10
5.0674e-10
5.0306e-10
4.994e-10
4.9577e-10
4.9217e-10
4.8859e-10
4.8503e-10
4.815e-10
4.78e-10
4.7451e-10
4.7106e-10
4.6762e-10
4.6422e-10
4.6083e-10
4.5747e-10
4.5413e-10
4.5082e-10
4.4752e-10
4.4426e-10
4.4101e-10
4.3779e-10
4.3459e-10
4.3141e-10
4.2825e-10
4.2512e-10
4.2201e-10
4.1892e-10
4.1585e-10
4.128e-10
4.0977e-10
4.0677e-10
4.0379e-10
4.0082e-10
3.9788e-10
3.9496e-10
3.9206e-10
3.8918e-10
3.8632e-10
3.8348e-10
3.8066e-10
3.7786e-10
3.7508e-10
3.7232e-10
3.6958e-10
3.6686e-10
3.6416e-10
3.6147e-10
3.5881e-10
3.5616e-10
3.5353e-10
3.5093e-10
3.4833e-10
3.4576e-10
3.4321e-10
3.4067e-10
3.3816e-10
3.3566e-10
3.3317e-10
3.3071e-10
3.2826e-10
3.2583e-10
3.2342e-10
3.2102e-10
3.1865e-10
3.1628e-10
3.1394e-10
3.1161e-10
3.093e-10
3.07e-10
3.0473e-10
3.0246e-10
3.0022e-10
2.9799e-10
2.9577e-10
2.9357e-10
2.9139e-10
2.8922e-10
2.8707e-10
2.8493e-10
2.8281e-10
2.807e-10
2.7861e-10
2.7653e-10
2.7447e-10
2.7243e-10
2.7039e-10
2.6838e-10
2.6637e-10
2.6438e-10
2.6241e-10
2.6045e-10
2.585e-10
2.5657e-10
2.5465e-10
2.5274e-10
2.5085e-10
2.4897e-10
2.4711e-10
2.4526e-10
2.4342e-10
2.416e-10
2.3979e-10
2.3799e-10
2.362e-10
2.3443e-10
2.3267e-10
2.3092e-10
2.2919e-10
2.2747e-10
2.2576e-10
2.2406e-10
2.2237e-10
2.207e-10
2.1904e-10
2.1739e-10
2.1575e-10
2.1413e-10
2.1251e-10
2.1091e-10
2.0932e-10
2.0774e-10
2.0618e-10
2.0462e-10
2.0308e-10
2.0154e-10
2.0002e-10
1.9851e-10
1.9701e-10
1.9552e-10
1.9404e-10
1.9257e-10
1.9111e-10
1.8967e-10
1.8823e-10
1.8681e-10
1.8539e-10
1.8398e-10
1.8259e-10
1.8121e-10
1.7983e-10
1.7847e-10
1.7711e-10
1.7577e-10
1.7443e-10
1.7311e-10
1.7179e-10
1.7048e-10
1.6919e-10
1.679e-10
1.6662e-10
1.6535e-10
1.6409e-10
1.6285e-10
1.616e-10
1.6037e-10
1.5915e-10
1.5794e-10
1.5673e-10
1.5554e-10
1.5435e-10
1.5317e-10
1.52e-10
1.5084e-10
1.4969e-10
1.4854e-10
1.4741e-10
1.4628e-10
1.4516e-10
1.4405e-10
1.4294e-10
1.4185e-10
1.4076e-10
1.3968e-10
1.3861e-10
1.3755e-10
1.365e-10
1.3545e-10
1.3441e-10
1.3338e-10
1.3235e-10
1.3134e-10
1.3033e-10
1.2932e-10
1.2833e-10
1.2734e-10
1.2636e-10
1.2539e-10
1.2443e-10
1.2347e-10
1.2252e-10
1.2157e-10
1.2064e-10
1.1971e-10
1.1878e-10
1.1787e-10
1.1696e-10
1.1605e-10
1.1516e-10
1.1427e-10
1.1338e-10
1.1251e-10
1.1164e-10
1.1078e-10
1.0992e-10
1.0907e-10
1.0822e-10
1.0739e-10
1.0655e-10
1.0573e-10
1.0491e-10
1.041e-10
1.0329e-10
1.0249e-10
1.0169e-10
1.009e-10
1.0012e-10
9.9342e-11
9.857e-11
9.7804e-11
9.7044e-11
9.6289e-11
9.554e-11
9.4797e-11
9.4059e-11
9.3327e-11
9.26e-11
9.1879e-11
9.1163e-11
9.0452e-11
8.9747e-11
8.9047e-11
8.8353e-11
8.7663e-11
8.6979e-11
8.63e-11
8.5626e-11
8.4957e-11
8.4293e-11
8.3634e-11
8.298e-11
8.2331e-11
8.1686e-11
8.1047e-11
8.0412e-11
7.9783e-11
7.9158e-11
7.8537e-11
7.7922e-11
7.7311e-11
7.6704e-11
7.6103e-11
7.5505e-11
7.4913e-11
7.4324e-11
7.3741e-11
7.3161e-11
7.2586e-11
7.2016e-11
7.1449e-11
7.0887e-11
7.0329e-11
6.9776e-11
6.9226e-11
6.8681e-11
6.814e-11
6.7603e-11
6.707e-11
6.6541e-11
6.6016e-11
6.5496e-11
6.4979e-11
6.4466e-11
6.3957e-11
6.3451e-11
6.295e-11
6.2453e-11
6.1959e-11
6.1469e-11
6.0982e-11
6.05e-11
6.0021e-11
5.9546e-11
5.9074e-11
5.8606e-11
5.8142e-11
5.7681e-11
5.7223e-11
5.677e-11
5.6319e-11
5.5872e-11
5.5429e-11
5.4988e-11
5.4552e-11
5.4118e-11
5.3688e-11
5.3261e-11
5.2838e-11
5.2417e-11
5.2e-11
5.1586e-11
5.1175e-11
5.0768e-11
5.0363e-11
4.9962e-11
4.9564e-11
4.9169e-11
4.8776e-11
4.8387e-11
4.8001e-11
4.7618e-11
4.7238e-11
4.686e-11
4.6486e-11
4.6114e-11
4.5746e-11
4.538e-11
4.5017e-11
4.4657e-11
4.4299e-11
4.3944e-11
4.3592e-11
4.3243e-11
4.2897e-11
4.2553e-11
4.2212e-11
4.1873e-11
4.1537e-11
4.1204e-11
4.0873e-11
4.0545e-11
4.0219e-11
3.9896e-11
3.9575e-11
3.9257e-11
3.8942e-11
3.8628e-11
3.8317e-11
3.8009e-11
3.7703e-11
3.7399e-11
3.7098e-11
3.6799e-11
3.6503e-11
3.6208e-11
3.5916e-11
3.5627e-11
3.5339e-11
3.5054e-11
3.4771e-11
3.449e-11
3.4211e-11
3.3935e-11
3.3661e-11
3.3388e-11
3.3118e-11
3.285e-11
3.2585e-11
3.2321e-11
3.2059e-11
3.1799e-11
3.1542e-11
3.1286e-11
3.1032e-11
3.0781e-11
3.0531e-11
3.0283e-11
3.0038e-11
2.9794e-11
2.9552e-11
2.9312e-11
2.9074e-11
2.8837e-11
2.8603e-11
2.837e-11
2.8139e-11
2.791e-11
2.7683e-11
2.7458e-11
2.7234e-11
2.7012e-11
2.6792e-11
2.6574e-11
2.6357e-11
2.6142e-11
2.5929e-11
2.5717e-11
2.5507e-11
2.5299e-11
2.5092e-11
2.4887e-11
2.4684e-11
2.4482e-11
2.4282e-11
2.4084e-11
2.3886e-11
2.3691e-11
2.3497e-11
2.3305e-11
2.3114e-11
2.2924e-11
2.2737e-11
2.255e-11
2.2365e-11
2.2182e-11
2.2e-11
2.1819e-11
2.164e-11
2.1462e-11
2.1286e-11
2.1111e-11
2.0938e-11
2.0766e-11
2.0595e-11
2.0425e-11
2.0257e-11
2.0091e-11
1.9925e-11
1.9761e-11
1.9598e-11
1.9437e-11
1.9277e-11
1.9118e-11
1.896e-11
1.8804e-11
1.8648e-11
1.8495e-11
1.8342e-11
1.819e-11
1.804e-11
1.7891e-11
1.7743e-11
1.7596e-11
1.7451e-11
1.7307e-11
1.7163e-11
1.7021e-11
1.688e-11
1.6741e-11
1.6602e-11
1.6464e-11
1.6328e-11
1.6192e-11
1.6058e-11
1.5925e-11
1.5793e-11
1.5662e-11
1.5532e-11
1.5403e-11
1.5275e-11
1.5148e-11
1.5022e-11
1.4897e-11
1.4773e-11
1.465e-11
1.4528e-11
1.4407e-11
1.4287e-11
1.4168e-11
1.405e-11
1.3933e-11
1.3817e-11
1.3702e-11
1.3588e-11
1.3474e-11
1.3362e-11
1.325e-11
1.314e-11
1.303e-11
1.2921e-11
1.2813e-11
1.2706e-11
1.26e-11
1.2494e-11
1.239e-11
1.2286e-11
1.2183e-11
1.2081e-11
1.198e-11
1.188e-11
1.178e-11
1.1681e-11
1.1584e-11
1.1486e-11
1.139e-11
1.1294e-11
1.12e-11
1.1106e-11
1.1012e-11
1.092e-11
1.0828e-11
1.0737e-11
1.0647e-11
1.0557e-11
1.0468e-11
1.038e-11
1.0293e-11
1.0206e-11
1.012e-11
1.0035e-11
9.9505e-12
9.8667e-12
9.7835e-12
9.701e-12
9.6191e-12
9.538e-12
9.4575e-12
9.3776e-12
9.2984e-12
9.2199e-12
9.142e-12
9.0647e-12
8.9881e-12
8.9121e-12
8.8367e-12
8.7619e-12
8.6877e-12
8.6142e-12
8.5412e-12
8.4689e-12
8.3971e-12
8.326e-12
8.2554e-12
8.1854e-12
8.1159e-12
8.0471e-12
7.9788e-12
7.911e-12
7.8439e-12
7.7772e-12
7.7112e-12
7.6456e-12
7.5806e-12
7.5162e-12
7.4522e-12
7.3888e-12
7.3259e-12
7.2636e-12
7.2017e-12
7.1404e-12
7.0796e-12
7.0192e-12
6.9594e-12
6.9e-12
6.8412e-12
6.7828e-12
6.7249e-12
6.6675e-12
6.6106e-12
6.5542e-12
6.4982e-12
6.4426e-12
6.3876e-12
6.3329e-12
6.2788e-12
6.2251e-12
6.1718e-12
6.119e-12
6.0666e-12
6.0146e-12
5.9631e-12
5.912e-12
5.8613e-12
5.8111e-12
5.7613e-12
5.7118e-12
5.6628e-12
5.6142e-12
5.566e-12
5.5182e-12
5.4708e-12
5.4238e-12
5.3772e-12
5.331e-12
5.2851e-12
5.2397e-12
5.1946e-12
5.1499e-12
5.1056e-12
5.0616e-12
5.018e-12
4.9748e-12
4.9319e-12
4.8894e-12
4.8472e-12
4.8054e-12
4.764e-12
4.7229e-12
4.6821e-12
4.6417e-12
4.6016e-12
4.5618e-12
4.5224e-12
4.4833e-12
4.4446e-12
4.4061e-12
4.368e-12
4.3302e-12
4.2927e-12
4.2556e-12
4.2187e-12
4.1822e-12
4.1459e-12
4.11e-12
4.0744e-12
4.039e-12
4.004e-12
3.9693e-12
3.9348e-12
3.9007e-12
3.8668e-12
3.8332e-12
3.7999e-12
3.7669e-12
3.7341e-12
3.7017e-12
3.6695e-12
3.6376e-12
3.6059e-12
3.5745e-12
3.5434e-12
3.5125e-12
3.482e-12
3.4516e-12
3.4215e-12
3.3917e-12
3.3621e-12
3.3328e-12
3.3037e-12
3.2749e-12
3.2463e-12
3.2179e-12
3.1898e-12
3.162e-12
3.1343e-12
3.1069e-12
3.0798e-12
3.0528e-12
3.0261e-12
2.9997e-12
2.9734e-12
2.9474e-12
2.9216e-12
2.896e-12
2.8706e-12
2.8454e-12
2.8205e-12
2.7957e-12
2.7712e-12
2.7469e-12
2.7228e-12
2.6989e-12
2.6752e-12
2.6517e-12
2.6284e-12
2.6053e-12
2.5824e-12
2.5597e-12
2.5372e-12
2.5149e-12
2.4927e-12
2.4708e-12
2.449e-12
2.4275e-12
2.4061e-12
2.3849e-12
2.3639e-12
2.343e-12
2.3224e-12
2.3019e-12
2.2816e-12
2.2614e-12
2.2415e-12
2.2217e-12
2.2021e-12
2.1826e-12
2.1633e-12
2.1442e-12
2.1252e-12
2.1064e-12
2.0878e-12
2.0693e-12
2.051e-12
2.0329e-12
2.0149e-12
1.997e-12
1.9793e-12
1.9618e-12
1.9444e-12
1.9271e-12
1.9101e-12
1.8931e-12
1.8763e-12
1.8597e-12
1.8431e-12
1.8268e-12
1.8105e-12
1.7945e-12
1.7785e-12
1.7627e-12
1.747e-12
1.7315e-12
1.7161e-12
1.7008e-12
1.6857e-12
1.6707e-12
1.6558e-12
1.641e-12
1.6264e-12
1.6119e-12
1.5975e-12
1.5833e-12
1.5692e-12
1.5552e-12
1.5413e-12
1.5275e-12
1.5139e-12
1.5003e-12
1.4869e-12
1.4737e-12
1.4605e-12
1.4474e-12
1.4345e-12
1.4216e-12
1.4089e-12
1.3963e-12
1.3838e-12
1.3714e-12
1.3591e-12
1.347e-12
1.3349e-12
1.3229e-12
1.311e-12
1.2993e-12
1.2876e-12
1.2761e-12
1.2646e-12
1.2533e-12
1.242e-12
1.2309e-12
1.2198e-12
1.2088e-12
1.198e-12
1.1872e-12
1.1765e-12
1.1659e-12
1.1554e-12
1.145e-12
1.1347e-12
1.1245e-12
1.1144e-12
1.1043e-12
1.0944e-12
1.0845e-12
1.0747e-12
1.065e-12
1.0554e-12
1.0459e-12
1.0364e-12
1.0271e-12
1.0178e-12
1.0086e-12
9.995e-13
9.9046e-13
9.8151e-13
9.7263e-13
9.6383e-13
9.5511e-13
9.4646e-13
9.3789e-13
9.294e-13
9.2098e-13
9.1264e-13
9.0437e-13
8.9617e-13
8.8804e-13
8.7999e-13
8.72e-13
8.6409e-13
8.5625e-13
8.4847e-13
8.4077e-13
8.3313e-13
8.2556e-13
8.1806e-13
8.1062e-13
8.0325e-13
7.9594e-13
7.887e-13
7.8152e-13
7.7441e-13
7.6736e-13
7.6037e-13
7.5344e-13
7.4658e-13
7.3977e-13
7.3303e-13
7.2634e-13
7.1972e-13
7.1315e-13
7.0664e-13
7.0019e-13
6.938e-13
6.8746e-13
6.8118e-13
6.7496e-13
6.6879e-13
6.6268e-13
6.5662e-13
6.5061e-13
6.4466e-13
6.3876e-13
6.3291e-13
6.2712e-13
6.2137e-13
6.1568e-13
6.1004e-13
6.0445e-13
5.9891e-13
5.9341e-13
5.8797e-13
5.8258e-13
5.7723e-13
5.7193e-13
5.6668e-13
5.6147e-13
5.5632e-13
5.512e-13
5.4614e-13
5.4112e-13
5.3614e-13
5.3121e-13
5.2632e-13
5.2148e-13
5.1668e-13
5.1192e-13
5.0721e-13
5.0253e-13
4.979e-13
4.9331e-13
4.8877e-13
4.8426e-13
4.7979e-13
4.7537e-13
4.7098e-13
4.6663e-13
4.6232e-13
4.5805e-13
4.5382e-13
4.4963e-13
4.4547e-13
4.4135e-13
4.3727e-13
4.3323e-13
4.2922e-13
4.2525e-13
4.2131e-13
4.1741e-13
4.1355e-13
4.0972e-13
4.0592e-13
4.0216e-13
3.9843e-13
3.9473e-13
3.9107e-13
3.8744e-13
3.8385e-13
3.8029e-13
3.7676e-13
3.7326e-13
3.6979e-13
3.6635e-13
3.6295e-13
3.5957e-13
3.5623e-13
3.5292e-13
3.4963e-13
3.4638e-13
3.4316e-13
3.3996e-13
3.368e-13
3.3366e-13
3.3055e-13
3.2747e-13
3.2442e-13
3.2139e-13
3.184e-13
3.1543e-13
3.1248e-13
3.0957e-13
3.0668e-13
3.0381e-13
3.0097e-13
2.9816e-13
2.9538e-13
2.9261e-13
2.8988e-13
2.8717e-13
2.8448e-13
2.8182e-13
2.7918e-13
2.7657e-13
2.7398e-13
2.7141e-13
2.6887e-13
2.6635e-13
2.6385e-13
2.6138e-13
2.5893e-13
2.565e-13
2.5409e-13
2.5171e-13
2.4935e-13
2.4701e-13
2.4469e-13
2.4239e-13
2.4011e-13
2.3785e-13
2.3562e-13
2.334e-13
2.3121e-13
2.2903e-13
2.2688e-13
2.2474e-13
2.2262e-13
2.2053e-13
2.1845e-13
2.1639e-13
2.1435e-13
2.1233e-13
2.1033e-13
2.0835e-13
2.0638e-13
2.0443e-13
2.025e-13
2.0059e-13
1.987e-13
1.9682e-13
1.9496e-13
1.9312e-13
1.9129e-13
1.8949e-13
1.8769e-13
1.8592e-13
1.8416e-13
1.8242e-13
1.8069e-13
1.7898e-13
1.7728e-13
1.7561e-13
1.7394e-13
1.7229e-13
1.7066e-13
1.6904e-13
1.6744e-13
1.6585e-13
1.6428e-13
1.6272e-13
1.6117e-13
1.5964e-13
1.5812e-13
1.5662e-13
1.5513e-13
1.5366e-13
1.522e-13
1.5075e-13
1.4932e-13
1.479e-13
1.4649e-13
1.4509e-13
1.4371e-13
1.4234e-13
1.4099e-13
1.3964e-13
1.3831e-13
1.3699e-13
1.3569e-13
1.3439e-13
1.3311e-13
1.3184e-13
1.3058e-13
1.2934e-13
1.281e-13
1.2688e-13
1.2567e-13
1.2446e-13
1.2327e-13
1.221e-13
1.2093e-13
1.1977e-13
1.1863e-13
1.1749e-13
1.1637e-13
1.1525e-13
1.1415e-13
1.1305e-13
1.1197e-13
1.109e-13
1.0983e-13
1.0878e-13
1.0774e-13
1.067e-13
1.0568e-13
1.0467e-13
1.0366e-13
1.0266e-13
1.0168e-13
1.007e-13
9.9734e-14
9.8775e-14
9.7826e-14
9.6885e-14
9.5953e-14
9.503e-14
9.4115e-14
9.3209e-14
9.2312e-14
9.1423e-14
9.0542e-14
8.9669e-14
8.8805e-14
8.7949e-14
8.7101e-14
8.6261e-14
8.5429e-14
8.4604e-14
8.3788e-14
8.2979e-14
8.2178e-14
8.1384e-14
8.0598e-14
7.9819e-14
7.9047e-14
7.8283e-14
7.7526e-14
7.6776e-14
7.6033e-14
7.5298e-14
7.4569e-14
7.3847e-14
7.3132e-14
7.2423e-14
7.1722e-14
7.1027e-14
7.0338e-14
6.9656e-14
6.8981e-14
6.8311e-14
6.7649e-14
6.6992e-14
6.6342e-14
6.5698e-14
6.506e-14
6.4428e-14
6.3802e-14
6.3182e-14
6.2568e-14
6.1959e-14
6.1357e-14
6.076e-14
6.0169e-14
5.9583e-14
5.9003e-14
5.8428e-14
5.7859e-14
5.7296e-14
5.6738e-14
5.6185e-14
5.5637e-14
5.5094e-14
5.4557e-14
5.4025e-14
5.3498e-14
5.2976e-14
5.2459e-14
5.1946e-14
5.1439e-14
5.0937e-14
5.0439e-14
4.9946e-14
4.9458e-14
4.8974e-14
4.8495e-14
4.8021e-14
4.7551e-14
4.7086e-14
4.6625e-14
4.6168e-14
4.5716e-14
4.5268e-14
4.4825e-14
4.4386e-14
4.3951e-14
4.352e-14
4.3093e-14
4.267e-14
4.2252e-14
4.1837e-14
4.1426e-14
4.102e-14
4.0617e-14
4.0218e-14
3.9823e-14
3.9432e-14
3.9044e-14
3.866e-14
3.828e-14
3.7904e-14
3.7531e-14
3.7162e-14
3.6796e-14
3.6434e-14
3.6075e-14
3.572e-14
3.5368e-14
3.5019e-14
3.4674e-14
3.4333e-14
3.3994e-14
3.3659e-14
3.3327e-14
3.2998e-14
3.2673e-14
3.235e-14
3.2031e-14
3.1715e-14
3.1402e-14
3.1092e-14
3.0784e-14
3.048e-14
3.0179e-14
2.9881e-14
2.9585e-14
2.9293e-14
2.9003e-14
2.8716e-14
2.8432e-14
2.8151e-14
2.7872e-14
2.7596e-14
2.7323e-14
2.7052e-14
2.6784e-14
2.6519e-14
2.6256e-14
2.5996e-14
2.5738e-14
2.5483e-14
2.523e-14
2.498e-14
2.4732e-14
2.4487e-14
2.4244e-14
2.4003e-14
2.3765e-14
2.3529e-14
2.3295e-14
2.3064e-14
2.2835e-14
2.2608e-14
2.2383e-14
2.2161e-14
2.1941e-14
2.1723e-14
2.1507e-14
2.1293e-14
2.1081e-14
2.0871e-14
2.0664e-14
2.0458e-14
2.0254e-14
2.0053e-14
1.9853e-14
1.9656e-14
1.946e-14
1.9266e-14
1.9074e-14
1.8884e-14
1.8696e-14
1.851e-14
1.8326e-14
1.8143e-14
1.7962e-14
1.7783e-14
1.7606e-14
1.743e-14
1.7257e-14
1.7085e-14
1.6914e-14
1.6746e-14
1.6579e-14
1.6413e-14
1.625e-14
1.6088e-14
1.5927e-14
1.5768e-14
1.5611e-14
1.5455e-14
1.5301e-14
1.5149e-14
1.4998e-14
1.4848e-14
1.47e-14
1.4553e-14
1.4408e-14
1.4264e-14
1.4122e-14
1.3981e-14
1.3842e-14
1.3704e-14
1.3567e-14
1.3432e-14
1.3298e-14
1.3165e-14
1.3034e-14
1.2904e-14
1.2775e-14
1.2648e-14
1.2522e-14
1.2397e-14
1.2274e-14
1.2152e-14
1.2031e-14
1.1911e-14
1.1792e-14
1.1675e-14
1.1559e-14
1.1444e-14
1.133e-14
1.1217e-14
1.1106e-14
1.0995e-14
1.0886e-14
1.0778e-14
1.0671e-14
1.0565e-14
1.046e-14
1.0356e-14
1.0254e-14
1.0152e-14
1.0052e-14
9.9521e-15
9.8536e-15
9.7561e-15
9.6596e-15
9.5642e-15
9.4697e-15
9.3762e-15
9.2837e-15
9.1921e-15
9.1016e-15
9.0119e-15
8.9232e-15
8.8355e-15
8.7486e-15
8.6627e-15
8.5777e-15
8.4936e-15
8.4104e-15
8.3281e-15
8.2466e-15
8.1661e-15
8.0863e-15
8.0075e-15
7.9295e-15
7.8523e-15
7.776e-15
7.7005e-15
7.6258e-15
7.5519e-15
7.4789e-15
7.4066e-15
7.3351e-15
7.2644e-15
7.1945e-15
7.1254e-15
7.057e-15
6.9894e-15
6.9225e-15
6.8564e-15
6.7911e-15
6.7265e-15
6.6626e-15
6.5994e-15
6.5369e-15
6.4752e-15
6.4142e-15
6.3539e-15
6.2942e-15
6.2353e-15
6.177e-15
6.1195e-15
6.0626e-15
6.0064e-15
5.9508e-15
5.8959e-15
5.8417e-15
5.7881e-15
5.7352e-15
5.6829e-15
5.6312e-15
5.5802e-15
5.5298e-15
5.48e-15
5.4309e-15
5.3824e-15
5.3345e-15
5.2871e-15
5.2405e-15
5.1944e-15
5.1489e-15
5.1039e-15
5.0596e-15
5.0159e-15
4.9728e-15
4.9302e-15
4.8882e-15
4.8468e-15
4.8059e-15
4.7657e-15
4.7259e-15
4.6868e-15
4.6482e-15
4.6102e-15
4.5727e-15
4.5357e-15
4.4993e-15
4.4635e-15
4.4282e-15
4.3934e-15
4.3592e-15
4.3255e-15
4.2923e-15
4.2597e-15
4.2276e-15
4.196e-15
4.165e-15
4.1345e-15
4.1044e-15
4.075e-15
4.046e-15
4.0175e-15
3.9896e-15
3.9622e-15
3.9353e-15
3.9089e-15
3.883e-15
3.8576e-15
3.8327e-15
3.8083e-15
3.7845e-15
3.7611e-15
3.7383e-15
3.7159e-15
3.6941e-15
3.6727e-15
3.6519e-15
3.6315e-15
3.6117e-15
3.5924e-15
3.5735e-15
3.5552e-15
3.5374e-15
3.52e-15
3.5032e-15
3.4869e-15
3.4711e-15
3.4557e-15
