4.5312e-13
4.5008e-13
4.4709e-13
4.4415e-13
4.4126e-13
4.3842e-13
4.3562e-13
4.3287e-13
4.3017e-13
4.2752e-13
4.2491e-13
4.2235e-13
4.1984e-13
4.1738e-13
4.1496e-13
4.1259e-13
4.1026e-13
4.0798e-13
4.0575e-13
4.0356e-13
4.0143e-13
3.9933e-13
3.9729e-13
3.9529e-13
3.9333e-13
3.9142e-13
3.8956e-13
3.8775e-13
3.8598e-13
3.8425e-13
3.8257e-13
3.8094e-13
3.7936e-13
3.7782e-13
3.7632e-13
3.7488e-13
3.7348e-13
3.7212e-13
3.7081e-13
3.6955e-13
3.6833e-13
3.6716e-13
3.6604e-13
3.6496e-13
3.6393e-13
3.6294e-13
3.6201e-13
3.6111e-13
3.6027e-13
3.5947e-13
3.5872e-13
3.5802e-13
3.5736e-13
3.5675e-13
3.5619e-13
3.5568e-13
3.5521e-13
3.5479e-13
3.5442e-13
3.541e-13
3.5383e-13
3.536e-13
3.5342e-13
3.533e-13
3.5322e-13
3.5319e-13
3.5321e-13
3.5328e-13
3.534e-13
3.5357e-13
3.5379e-13
3.5406e-13
3.5438e-13
3.5475e-13
3.5518e-13
3.5565e-13
3.5618e-13
3.5676e-13
3.574e-13
3.5808e-13
3.5882e-13
3.5961e-13
3.6046e-13
3.6136e-13
3.6231e-13
3.6332e-13
3.6438e-13
3.655e-13
3.6668e-13
3.6791e-13
3.692e-13
3.7054e-13
3.7195e-13
3.7341e-13
3.7493e-13
3.765e-13
3.7814e-13
3.7984e-13
3.8159e-13
3.8341e-13
3.8528e-13
3.8722e-13
3.8922e-13
3.9129e-13
3.9341e-13
3.956e-13
3.9785e-13
4.0017e-13
4.0255e-13
4.05e-13
4.0752e-13
4.101e-13
4.1275e-13
4.1546e-13
4.1825e-13
4.211e-13
4.2403e-13
4.2702e-13
4.3009e-13
4.3322e-13
4.3643e-13
4.3972e-13
4.4307e-13
4.465e-13
4.5001e-13
4.5359e-13
4.5725e-13
4.6099e-13
4.648e-13
4.687e-13
4.7267e-13
4.7672e-13
4.8086e-13
4.8508e-13
4.8938e-13
4.9376e-13
4.9823e-13
5.0279e-13
5.0743e-13
5.1216e-13
5.1698e-13
5.2189e-13
5.2689e-13
5.3198e-13
5.3716e-13
5.4243e-13
5.478e-13
5.5327e-13
5.5883e-13
5.6449e-13
5.7024e-13
5.761e-13
5.8206e-13
5.8812e-13
5.9428e-13
6.0054e-13
6.0692e-13
6.1339e-13
6.1998e-13
6.2667e-13
6.3348e-13
6.404e-13
6.4742e-13
6.5457e-13
6.6182e-13
6.692e-13
6.7669e-13
6.843e-13
6.9204e-13
6.9989e-13
7.0787e-13
7.1597e-13
7.242e-13
7.3256e-13
7.4104e-13
7.4966e-13
7.5841e-13
7.673e-13
7.7631e-13
7.8547e-13
7.9477e-13
8.042e-13
8.1378e-13
8.235e-13
8.3337e-13
8.4338e-13
8.5355e-13
8.6386e-13
8.7433e-13
8.8495e-13
8.9573e-13
9.0667e-13
9.1776e-13
9.2902e-13
9.4044e-13
9.5203e-13
9.6379e-13
9.7571e-13
9.8781e-13
1.0001e-12
1.0125e-12
1.0252e-12
1.038e-12
1.051e-12
1.0641e-12
1.0775e-12
1.0911e-12
1.1048e-12
1.1187e-12
1.1329e-12
1.1472e-12
1.1617e-12
1.1765e-12
1.1914e-12
1.2066e-12
1.222e-12
1.2375e-12
1.2533e-12
1.2694e-12
1.2856e-12
1.3021e-12
1.3188e-12
1.3357e-12
1.3528e-12
1.3702e-12
1.3879e-12
1.4057e-12
1.4239e-12
1.4422e-12
1.4608e-12
1.4797e-12
1.4988e-12
1.5182e-12
1.5379e-12
1.5578e-12
1.578e-12
1.5985e-12
1.6192e-12
1.6402e-12
1.6615e-12
1.6831e-12
1.705e-12
1.7272e-12
1.7497e-12
1.7725e-12
1.7955e-12
1.8189e-12
1.8426e-12
1.8667e-12
1.891e-12
1.9157e-12
1.9407e-12
1.966e-12
1.9917e-12
2.0177e-12
2.0441e-12
2.0708e-12
2.0979e-12
2.1253e-12
2.1531e-12
2.1812e-12
2.2097e-12
2.2387e-12
2.2679e-12
2.2976e-12
2.3277e-12
2.3581e-12
2.389e-12
2.4203e-12
2.4519e-12
2.484e-12
2.5165e-12
2.5495e-12
2.5828e-12
2.6166e-12
2.6509e-12
2.6856e-12
2.7207e-12
2.7564e-12
2.7924e-12
2.829e-12
2.866e-12
2.9035e-12
2.9415e-12
2.98e-12
3.0189e-12
3.0584e-12
3.0984e-12
3.1389e-12
3.18e-12
3.2216e-12
3.2637e-12
3.3063e-12
3.3495e-12
3.3933e-12
3.4376e-12
3.4825e-12
3.528e-12
3.5741e-12
3.6208e-12
3.668e-12
3.7159e-12
3.7644e-12
3.8135e-12
3.8632e-12
3.9136e-12
3.9646e-12
4.0163e-12
4.0686e-12
4.1216e-12
4.1753e-12
4.2297e-12
4.2848e-12
4.3405e-12
4.397e-12
4.4542e-12
4.5121e-12
4.5708e-12
4.6302e-12
4.6904e-12
4.7513e-12
4.8131e-12
4.8756e-12
4.9388e-12
5.0029e-12
5.0678e-12
5.1336e-12
5.2001e-12
5.2676e-12
5.3358e-12
5.4049e-12
5.4749e-12
5.5458e-12
5.6176e-12
5.6903e-12
5.7639e-12
5.8384e-12
5.9139e-12
5.9903e-12
6.0677e-12
6.1461e-12
6.2254e-12
6.3058e-12
6.3871e-12
6.4695e-12
6.5529e-12
6.6374e-12
6.7229e-12
6.8095e-12
6.8972e-12
6.986e-12
7.0759e-12
7.1669e-12
7.2591e-12
7.3524e-12
7.4468e-12
7.5425e-12
7.6394e-12
7.7374e-12
7.8367e-12
7.9372e-12
8.039e-12
8.142e-12
8.2464e-12
8.352e-12
8.4589e-12
8.5672e-12
8.6768e-12
8.7878e-12
8.9001e-12
9.0139e-12
9.1291e-12
9.2456e-12
9.3637e-12
9.4832e-12
9.6042e-12
9.7266e-12
9.8506e-12
9.9761e-12
1.0103e-11
1.0232e-11
1.0362e-11
1.0494e-11
1.0627e-11
1.0763e-11
1.0899e-11
1.1038e-11
1.1178e-11
1.132e-11
1.1463e-11
1.1609e-11
1.1756e-11
1.1905e-11
1.2056e-11
1.2209e-11
1.2363e-11
1.252e-11
1.2678e-11
1.2838e-11
1.3001e-11
1.3165e-11
1.3331e-11
1.3499e-11
1.367e-11
1.3842e-11
1.4017e-11
1.4193e-11
1.4372e-11
1.4553e-11
1.4737e-11
1.4922e-11
1.511e-11
1.53e-11
1.5492e-11
1.5687e-11
1.5884e-11
1.6083e-11
1.6285e-11
1.6489e-11
1.6696e-11
1.6905e-11
1.7117e-11
1.7332e-11
1.7549e-11
1.7768e-11
1.799e-11
1.8215e-11
1.8443e-11
1.8673e-11
1.8907e-11
1.9143e-11
1.9382e-11
1.9623e-11
1.9868e-11
2.0116e-11
2.0366e-11
2.062e-11
2.0877e-11
2.1136e-11
2.1399e-11
2.1665e-11
2.1934e-11
2.2207e-11
2.2483e-11
2.2762e-11
2.3044e-11
2.333e-11
2.3619e-11
2.3912e-11
2.4208e-11
2.4508e-11
2.4811e-11
2.5118e-11
2.5429e-11
2.5743e-11
2.6061e-11
2.6383e-11
2.6709e-11
2.7038e-11
2.7372e-11
2.7709e-11
2.8051e-11
2.8396e-11
2.8746e-11
2.91e-11
2.9458e-11
2.982e-11
3.0187e-11
3.0558e-11
3.0933e-11
3.1313e-11
3.1697e-11
3.2086e-11
3.248e-11
3.2878e-11
3.3281e-11
3.3688e-11
3.4101e-11
3.4518e-11
3.494e-11
3.5367e-11
3.58e-11
3.6237e-11
3.668e-11
3.7127e-11
3.758e-11
3.8039e-11
3.8502e-11
3.8971e-11
3.9446e-11
3.9926e-11
4.0412e-11
4.0904e-11
4.1401e-11
4.1904e-11
4.2414e-11
4.2929e-11
4.345e-11
4.3977e-11
4.451e-11
4.505e-11
4.5596e-11
4.6148e-11
4.6707e-11
4.7272e-11
4.7844e-11
4.8423e-11
4.9008e-11
4.96e-11
5.0199e-11
5.0805e-11
5.1418e-11
5.2038e-11
5.2665e-11
5.33e-11
5.3942e-11
5.4592e-11
5.5249e-11
5.5913e-11
5.6586e-11
5.7266e-11
5.7954e-11
5.865e-11
5.9354e-11
6.0066e-11
6.0786e-11
6.1515e-11
6.2252e-11
6.2998e-11
6.3752e-11
6.4515e-11
6.5287e-11
6.6067e-11
6.6857e-11
6.7656e-11
6.8464e-11
6.9281e-11
7.0107e-11
7.0943e-11
7.1789e-11
7.2645e-11
7.351e-11
7.4385e-11
7.527e-11
7.6165e-11
7.7071e-11
7.7987e-11
7.8913e-11
7.985e-11
8.0798e-11
8.1757e-11
8.2726e-11
8.3707e-11
8.4698e-11
8.5701e-11
8.6716e-11
8.7742e-11
8.878e-11
8.9829e-11
9.0891e-11
9.1964e-11
9.305e-11
9.4148e-11
9.5259e-11
9.6382e-11
9.7518e-11
9.8666e-11
9.9828e-11
1.01e-10
1.0219e-10
1.0339e-10
1.0461e-10
1.0584e-10
1.0708e-10
1.0834e-10
1.0961e-10
1.1089e-10
1.1219e-10
1.1351e-10
1.1484e-10
1.1618e-10
1.1754e-10
1.1892e-10
1.2031e-10
1.2171e-10
1.2314e-10
1.2457e-10
1.2603e-10
1.275e-10
1.2898e-10
1.3049e-10
1.3201e-10
1.3354e-10
1.351e-10
1.3667e-10
1.3826e-10
1.3987e-10
1.4149e-10
1.4314e-10
1.448e-10
1.4648e-10
1.4818e-10
1.4989e-10
1.5163e-10
1.5339e-10
1.5516e-10
1.5696e-10
1.5877e-10
1.6061e-10
1.6247e-10
1.6434e-10
1.6624e-10
1.6816e-10
1.701e-10
1.7206e-10
1.7404e-10
1.7605e-10
1.7808e-10
1.8013e-10
1.822e-10
1.8429e-10
1.8641e-10
1.8855e-10
1.9072e-10
1.9291e-10
1.9512e-10
1.9736e-10
1.9962e-10
2.0191e-10
2.0422e-10
2.0656e-10
2.0892e-10
2.1131e-10
2.1373e-10
2.1617e-10
2.1864e-10
2.2113e-10
2.2366e-10
2.2621e-10
2.2879e-10
2.3139e-10
2.3403e-10
2.3669e-10
2.3939e-10
2.4211e-10
2.4486e-10
2.4764e-10
2.5046e-10
2.533e-10
2.5618e-10
2.5908e-10
2.6202e-10
2.6499e-10
2.6799e-10
2.7102e-10
2.7409e-10
2.7719e-10
2.8033e-10
2.8349e-10
2.867e-10
2.8993e-10
2.9321e-10
2.9651e-10
2.9986e-10
3.0324e-10
3.0665e-10
3.1011e-10
3.136e-10
3.1712e-10
3.2069e-10
3.2429e-10
3.2794e-10
3.3162e-10
3.3534e-10
3.391e-10
3.4291e-10
3.4675e-10
3.5063e-10
3.5456e-10
3.5853e-10
3.6254e-10
3.6659e-10
3.7069e-10
3.7483e-10
3.7902e-10
3.8325e-10
3.8752e-10
3.9184e-10
3.9621e-10
4.0062e-10
4.0509e-10
4.0959e-10
4.1415e-10
4.1876e-10
4.2341e-10
4.2811e-10
4.3287e-10
4.3767e-10
4.4253e-10
4.4743e-10
4.5239e-10
4.574e-10
4.6247e-10
4.6759e-10
4.7276e-10
4.7799e-10
4.8327e-10
4.8861e-10
4.94e-10
4.9946e-10
5.0497e-10
5.1053e-10
5.1616e-10
5.2185e-10
5.2759e-10
5.334e-10
5.3926e-10
5.4519e-10
5.5118e-10
5.5724e-10
5.6336e-10
5.6954e-10
5.7579e-10
5.821e-10
5.8848e-10
5.9492e-10
6.0144e-10
6.0802e-10
6.1467e-10
6.2139e-10
6.2818e-10
6.3504e-10
6.4197e-10
6.4898e-10
6.5605e-10
6.632e-10
6.7043e-10
6.7773e-10
6.8511e-10
6.9256e-10
7.001e-10
7.0771e-10
7.1539e-10
7.2316e-10
7.3101e-10
7.3894e-10
7.4696e-10
7.5505e-10
7.6323e-10
7.715e-10
7.7985e-10
7.8828e-10
7.9681e-10
8.0542e-10
8.1412e-10
8.2291e-10
8.3179e-10
8.4076e-10
8.4983e-10
8.5898e-10
8.6824e-10
8.7758e-10
8.8703e-10
8.9657e-10
9.062e-10
9.1594e-10
9.2578e-10
9.3572e-10
9.4576e-10
9.559e-10
9.6614e-10
9.765e-10
9.8695e-10
9.9752e-10
1.0082e-09
1.019e-09
1.0299e-09
1.0409e-09
1.052e-09
1.0632e-09
1.0745e-09
1.086e-09
1.0976e-09
1.1093e-09
1.1211e-09
1.133e-09
1.1451e-09
1.1572e-09
1.1695e-09
1.1819e-09
1.1945e-09
1.2072e-09
1.22e-09
1.2329e-09
1.246e-09
1.2591e-09
1.2725e-09
1.2859e-09
1.2995e-09
1.3133e-09
1.3271e-09
1.3411e-09
1.3553e-09
1.3696e-09
1.384e-09
1.3986e-09
1.4133e-09
1.4282e-09
1.4433e-09
1.4584e-09
1.4738e-09
1.4892e-09
1.5049e-09
1.5207e-09
1.5366e-09
1.5527e-09
1.569e-09
1.5854e-09
1.602e-09
1.6188e-09
1.6357e-09
1.6528e-09
1.6701e-09
1.6876e-09
1.7052e-09
1.723e-09
1.7409e-09
1.7591e-09
1.7774e-09
1.7959e-09
1.8146e-09
1.8335e-09
1.8525e-09
1.8718e-09
1.8912e-09
1.9109e-09
1.9307e-09
1.9507e-09
1.9709e-09
1.9913e-09
2.012e-09
2.0328e-09
2.0538e-09
2.075e-09
2.0965e-09
2.1181e-09
2.14e-09
2.1621e-09
2.1844e-09
2.2069e-09
2.2296e-09
2.2526e-09
2.2758e-09
2.2992e-09
2.3228e-09
2.3467e-09
2.3708e-09
2.3952e-09
2.4197e-09
2.4446e-09
2.4696e-09
2.4949e-09
2.5205e-09
2.5463e-09
2.5723e-09
2.5986e-09
2.6252e-09
2.652e-09
2.6791e-09
2.7064e-09
2.734e-09
2.7619e-09
2.79e-09
2.8184e-09
2.8471e-09
2.8761e-09
2.9053e-09
2.9349e-09
2.9647e-09
2.9948e-09
3.0252e-09
3.0558e-09
3.0868e-09
3.1181e-09
3.1497e-09
3.1815e-09
3.2137e-09
3.2462e-09
3.279e-09
3.3121e-09
3.3456e-09
3.3793e-09
3.4134e-09
3.4478e-09
3.4825e-09
3.5176e-09
3.553e-09
3.5888e-09
3.6248e-09
3.6613e-09
3.698e-09
3.7351e-09
3.7726e-09
3.8105e-09
3.8486e-09
3.8872e-09
3.9261e-09
3.9654e-09
4.0051e-09
4.0451e-09
4.0855e-09
4.1263e-09
4.1675e-09
4.2091e-09
4.251e-09
4.2934e-09
4.3362e-09
4.3793e-09
4.4229e-09
4.4669e-09
4.5113e-09
4.5561e-09
4.6013e-09
4.647e-09
4.6931e-09
4.7396e-09
4.7866e-09
4.834e-09
4.8818e-09
4.9301e-09
4.9789e-09
5.0281e-09
5.0777e-09
5.1278e-09
5.1784e-09
5.2295e-09
5.281e-09
5.3331e-09
5.3856e-09
5.4386e-09
5.4921e-09
5.546e-09
5.6005e-09
5.6555e-09
5.711e-09
5.7671e-09
5.8236e-09
5.8807e-09
5.9383e-09
5.9964e-09
6.0551e-09
6.1143e-09
6.174e-09
6.2343e-09
6.2952e-09
6.3566e-09
6.4186e-09
6.4812e-09
6.5443e-09
6.608e-09
6.6723e-09
6.7372e-09
6.8027e-09
6.8688e-09
6.9355e-09
7.0028e-09
7.0708e-09
7.1393e-09
7.2085e-09
7.2783e-09
7.3487e-09
7.4198e-09
7.4916e-09
7.564e-09
7.637e-09
7.7108e-09
7.7852e-09
7.8602e-09
7.936e-09
8.0124e-09
8.0896e-09
8.1674e-09
8.246e-09
8.3252e-09
8.4052e-09
8.4859e-09
8.5673e-09
8.6495e-09
8.7324e-09
8.8161e-09
8.9005e-09
8.9857e-09
9.0716e-09
9.1583e-09
9.2459e-09
9.3341e-09
9.4232e-09
9.5131e-09
9.6038e-09
9.6953e-09
9.7877e-09
9.8808e-09
9.9748e-09
1.007e-08
1.0165e-08
1.0262e-08
1.0359e-08
1.0458e-08
1.0557e-08
1.0657e-08
1.0758e-08
1.086e-08
1.0962e-08
1.1066e-08
1.1171e-08
1.1276e-08
1.1383e-08
1.149e-08
1.1598e-08
1.1708e-08
1.1818e-08
1.1929e-08
1.2041e-08
1.2155e-08
1.2269e-08
1.2384e-08
1.25e-08
1.2618e-08
1.2736e-08
1.2855e-08
1.2976e-08
1.3097e-08
1.322e-08
1.3344e-08
1.3468e-08
1.3594e-08
1.3721e-08
1.3849e-08
1.3978e-08
1.4108e-08
1.424e-08
1.4372e-08
1.4506e-08
1.4641e-08
1.4777e-08
1.4914e-08
1.5053e-08
1.5193e-08
1.5334e-08
1.5476e-08
1.5619e-08
1.5764e-08
1.591e-08
1.6057e-08
1.6205e-08
1.6355e-08
1.6506e-08
1.6658e-08
1.6812e-08
1.6967e-08
1.7123e-08
1.7281e-08
1.744e-08
1.76e-08
1.7762e-08
1.7925e-08
1.809e-08
1.8255e-08
1.8423e-08
1.8592e-08
1.8762e-08
1.8934e-08
1.9107e-08
1.9282e-08
1.9458e-08
1.9636e-08
1.9815e-08
1.9996e-08
2.0178e-08
2.0362e-08
2.0547e-08
2.0735e-08
2.0923e-08
2.1113e-08
2.1305e-08
2.1499e-08
2.1694e-08
2.1891e-08
2.2089e-08
2.2289e-08
2.2491e-08
2.2695e-08
2.29e-08
2.3107e-08
2.3316e-08
2.3526e-08
2.3739e-08
2.3953e-08
2.4169e-08
2.4387e-08
2.4606e-08
2.4828e-08
2.5051e-08
2.5276e-08
2.5503e-08
2.5732e-08
2.5963e-08
2.6196e-08
2.6431e-08
2.6667e-08
2.6906e-08
2.7147e-08
2.739e-08
2.7634e-08
2.7881e-08
2.813e-08
2.8381e-08
2.8634e-08
2.8889e-08
2.9147e-08
2.9406e-08
2.9668e-08
2.9931e-08
3.0197e-08
3.0465e-08
3.0736e-08
3.1008e-08
3.1283e-08
3.156e-08
3.184e-08
3.2121e-08
3.2406e-08
3.2692e-08
3.2981e-08
3.3272e-08
3.3565e-08
3.3861e-08
3.416e-08
3.4461e-08
3.4764e-08
3.507e-08
3.5378e-08
3.5689e-08
3.6002e-08
3.6318e-08
3.6637e-08
3.6958e-08
3.7282e-08
3.7608e-08
3.7937e-08
3.8269e-08
3.8603e-08
3.8941e-08
3.928e-08
3.9623e-08
3.9969e-08
4.0317e-08
4.0668e-08
4.1022e-08
4.1379e-08
4.1738e-08
4.2101e-08
4.2467e-08
4.2835e-08
4.3207e-08
4.3581e-08
4.3959e-08
4.4339e-08
4.4723e-08
4.5109e-08
4.5499e-08
4.5892e-08
4.6288e-08
4.6687e-08
4.709e-08
4.7496e-08
4.7904e-08
4.8317e-08
4.8732e-08
4.9151e-08
4.9573e-08
4.9999e-08
5.0428e-08
5.086e-08
5.1296e-08
5.1735e-08
5.2178e-08
5.2624e-08
5.3074e-08
5.3527e-08
5.3984e-08
5.4445e-08
5.4909e-08
5.5377e-08
5.5849e-08
5.6324e-08
5.6803e-08
5.7286e-08
5.7773e-08
5.8263e-08
5.8757e-08
5.9256e-08
5.9758e-08
6.0264e-08
6.0774e-08
6.1288e-08
6.1806e-08
6.2329e-08
6.2855e-08
6.3385e-08
6.392e-08
6.4459e-08
6.5002e-08
6.5549e-08
6.61e-08
6.6656e-08
6.7216e-08
6.778e-08
6.8349e-08
6.8922e-08
6.95e-08
7.0082e-08
7.0669e-08
7.126e-08
7.1856e-08
7.2456e-08
7.3061e-08
7.3671e-08
7.4285e-08
7.4905e-08
7.5529e-08
7.6157e-08
7.6791e-08
7.7429e-08
7.8073e-08
7.8721e-08
7.9374e-08
8.0033e-08
8.0696e-08
8.1364e-08
8.2038e-08
8.2716e-08
8.34e-08
8.4089e-08
8.4784e-08
8.5483e-08
8.6188e-08
8.6899e-08
8.7614e-08
8.8335e-08
8.9062e-08
8.9794e-08
9.0532e-08
9.1275e-08
9.2024e-08
9.2779e-08
9.3539e-08
9.4305e-08
9.5077e-08
9.5855e-08
9.6638e-08
9.7428e-08
9.8223e-08
9.9024e-08
9.9832e-08
1.0065e-07
1.0146e-07
1.0229e-07
1.0312e-07
1.0396e-07
1.048e-07
1.0566e-07
1.0651e-07
1.0738e-07
1.0825e-07
1.0912e-07
1.1001e-07
1.1089e-07
1.1179e-07
1.1269e-07
1.136e-07
1.1452e-07
1.1544e-07
1.1637e-07
1.1731e-07
1.1825e-07
1.192e-07
1.2016e-07
1.2113e-07
1.221e-07
1.2308e-07
1.2406e-07
1.2506e-07
1.2606e-07
1.2707e-07
1.2808e-07
1.291e-07
1.3013e-07
1.3117e-07
1.3222e-07
1.3327e-07
1.3433e-07
1.354e-07
1.3648e-07
1.3756e-07
1.3865e-07
1.3975e-07
1.4086e-07
1.4198e-07
1.431e-07
1.4424e-07
1.4538e-07
1.4653e-07
1.4768e-07
1.4885e-07
1.5002e-07
1.5121e-07
1.524e-07
1.536e-07
1.5481e-07
1.5602e-07
1.5725e-07
1.5848e-07
1.5973e-07
1.6098e-07
1.6224e-07
1.6351e-07
1.6479e-07
1.6608e-07
1.6738e-07
1.6869e-07
1.7e-07
1.7133e-07
1.7267e-07
1.7401e-07
1.7537e-07
1.7673e-07
1.781e-07
1.7949e-07
1.8088e-07
1.8228e-07
1.837e-07
1.8512e-07
1.8656e-07
1.88e-07
1.8945e-07
1.9092e-07
1.9239e-07
1.9388e-07
1.9537e-07
1.9688e-07
1.9839e-07
1.9992e-07
2.0146e-07
2.0301e-07
2.0457e-07
2.0614e-07
2.0772e-07
2.0931e-07
2.1091e-07
2.1253e-07
2.1415e-07
2.1579e-07
2.1744e-07
2.191e-07
2.2077e-07
2.2245e-07
2.2415e-07
2.2586e-07
2.2757e-07
2.2931e-07
2.3105e-07
2.328e-07
2.3457e-07
2.3635e-07
2.3814e-07
2.3994e-07
2.4176e-07
2.4359e-07
2.4543e-07
2.4728e-07
2.4915e-07
2.5102e-07
2.5292e-07
2.5482e-07
2.5674e-07
2.5867e-07
2.6061e-07
2.6257e-07
2.6454e-07
2.6653e-07
2.6852e-07
2.7053e-07
2.7256e-07
2.746e-07
2.7665e-07
2.7872e-07
2.808e-07
2.8289e-07
2.85e-07
2.8712e-07
2.8926e-07
2.9141e-07
2.9358e-07
2.9576e-07
2.9795e-07
3.0016e-07
3.0239e-07
3.0463e-07
3.0688e-07
3.0915e-07
3.1144e-07
3.1374e-07
3.1605e-07
3.1838e-07
3.2073e-07
3.2309e-07
3.2547e-07
3.2786e-07
3.3027e-07
3.327e-07
3.3514e-07
3.376e-07
3.4007e-07
3.4256e-07
3.4507e-07
3.4759e-07
3.5013e-07
3.5269e-07
3.5527e-07
3.5786e-07
3.6046e-07
3.6309e-07
3.6573e-07
3.6839e-07
3.7107e-07
3.7376e-07
3.7647e-07
3.792e-07
3.8195e-07
3.8472e-07
3.875e-07
3.903e-07
3.9312e-07
3.9596e-07
3.9882e-07
4.0169e-07
4.0459e-07
4.075e-07
4.1043e-07
4.1338e-07
4.1635e-07
4.1934e-07
4.2235e-07
4.2538e-07
4.2842e-07
4.3149e-07
4.3458e-07
4.3768e-07
4.4081e-07
4.4396e-07
4.4712e-07
4.5031e-07
4.5351e-07
4.5674e-07
4.5999e-07
4.6326e-07
4.6655e-07
4.6986e-07
4.7319e-07
4.7654e-07
4.7992e-07
4.8331e-07
4.8673e-07
4.9017e-07
4.9363e-07
4.9711e-07
5.0061e-07
5.0414e-07
5.0769e-07
5.1126e-07
5.1485e-07
5.1847e-07
5.2211e-07
5.2577e-07
5.2945e-07
5.3316e-07
5.3689e-07
5.4065e-07
5.4442e-07
5.4822e-07
5.5205e-07
5.559e-07
5.5977e-07
5.6367e-07
5.6759e-07
5.7153e-07
5.755e-07
5.795e-07
5.8352e-07
5.8756e-07
5.9163e-07
5.9572e-07
5.9984e-07
6.0399e-07
6.0816e-07
6.1235e-07
6.1657e-07
6.2082e-07
6.2509e-07
6.2939e-07
6.3372e-07
6.3807e-07
6.4245e-07
6.4685e-07
6.5129e-07
6.5575e-07
6.6023e-07
6.6475e-07
6.6929e-07
6.7386e-07
6.7845e-07
6.8308e-07
6.8773e-07
6.9241e-07
6.9712e-07
7.0186e-07
7.0662e-07
7.1142e-07
7.1624e-07
7.2109e-07
7.2597e-07
7.3088e-07
7.3582e-07
7.4079e-07
7.4579e-07
7.5082e-07
7.5588e-07
7.6097e-07
7.6609e-07
7.7124e-07
7.7642e-07
7.8163e-07
7.8687e-07
7.9215e-07
7.9745e-07
8.0279e-07
8.0816e-07
8.1356e-07
8.1899e-07
8.2445e-07
8.2995e-07
8.3548e-07
8.4104e-07
8.4663e-07
8.5225e-07
8.5791e-07
8.6361e-07
8.6933e-07
8.7509e-07
8.8088e-07
8.8671e-07
8.9257e-07
8.9846e-07
9.0439e-07
9.1035e-07
9.1635e-07
9.2238e-07
9.2845e-07
9.3455e-07
9.4069e-07
9.4686e-07
9.5307e-07
9.5932e-07
9.656e-07
9.7191e-07
9.7826e-07
9.8465e-07
9.9108e-07
9.9754e-07
1.004e-06
1.0106e-06
1.0172e-06
1.0238e-06
1.0304e-06
1.0371e-06
1.0438e-06
1.0506e-06
1.0574e-06
1.0642e-06
1.0711e-06
1.078e-06
1.085e-06
1.092e-06
1.099e-06
1.1061e-06
1.1132e-06
1.1204e-06
1.1276e-06
1.1348e-06
1.1421e-06
1.1494e-06
1.1567e-06
1.1641e-06
1.1716e-06
1.1791e-06
1.1866e-06
1.1942e-06
1.2018e-06
1.2094e-06
1.2171e-06
1.2248e-06
1.2326e-06
1.2404e-06
1.2483e-06
1.2562e-06
1.2642e-06
1.2722e-06
1.2802e-06
1.2883e-06
1.2964e-06
1.3046e-06
1.3128e-06
1.321e-06
1.3294e-06
1.3377e-06
1.3461e-06
1.3545e-06
1.363e-06
1.3716e-06
1.3802e-06
1.3888e-06
1.3975e-06
1.4062e-06
1.4149e-06
1.4238e-06
1.4326e-06
1.4415e-06
1.4505e-06
1.4595e-06
1.4686e-06
1.4777e-06
1.4868e-06
1.496e-06
1.5053e-06
1.5146e-06
1.5239e-06
1.5333e-06
1.5428e-06
1.5523e-06
1.5618e-06
1.5714e-06
1.5811e-06
1.5908e-06
1.6005e-06
1.6104e-06
1.6202e-06
1.6301e-06
1.6401e-06
1.6501e-06
1.6602e-06
1.6703e-06
1.6805e-06
1.6907e-06
1.701e-06
1.7113e-06
1.7217e-06
1.7321e-06
1.7426e-06
1.7532e-06
1.7638e-06
1.7744e-06
1.7852e-06
1.7959e-06
1.8068e-06
1.8176e-06
1.8286e-06
1.8396e-06
1.8506e-06
1.8617e-06
1.8729e-06
1.8841e-06
1.8954e-06
1.9068e-06
1.9182e-06
1.9296e-06
1.9411e-06
1.9527e-06
1.9643e-06
1.976e-06
1.9878e-06
1.9996e-06
2.0114e-06
2.0234e-06
2.0354e-06
2.0474e-06
2.0595e-06
2.0717e-06
2.0839e-06
2.0962e-06
2.1086e-06
2.121e-06
2.1335e-06
2.146e-06
2.1586e-06
2.1713e-06
2.184e-06
2.1968e-06
2.2097e-06
2.2226e-06
2.2356e-06
2.2486e-06
2.2617e-06
2.2749e-06
2.2882e-06
2.3015e-06
2.3148e-06
2.3283e-06
2.3418e-06
2.3554e-06
2.369e-06
2.3827e-06
2.3965e-06
2.4103e-06
2.4242e-06
2.4382e-06
2.4523e-06
2.4664e-06
2.4805e-06
2.4948e-06
2.5091e-06
2.5235e-06
2.538e-06
2.5525e-06
2.5671e-06
2.5817e-06
2.5965e-06
2.6113e-06
2.6262e-06
2.6411e-06
2.6561e-06
2.6712e-06
2.6864e-06
2.7016e-06
2.7169e-06
2.7323e-06
2.7478e-06
2.7633e-06
2.7789e-06
2.7946e-06
2.8103e-06
2.8262e-06
2.8421e-06
2.858e-06
2.8741e-06
2.8902e-06
2.9064e-06
2.9227e-06
2.939e-06
2.9554e-06
2.9719e-06
2.9885e-06
3.0052e-06
3.0219e-06
3.0387e-06
3.0556e-06
3.0726e-06
3.0896e-06
3.1068e-06
3.124e-06
3.1412e-06
3.1586e-06
3.176e-06
3.1936e-06
3.2112e-06
3.2288e-06
3.2466e-06
3.2645e-06
3.2824e-06
3.3004e-06
3.3185e-06
3.3366e-06
3.3549e-06
3.3732e-06
3.3916e-06
3.4101e-06
3.4287e-06
3.4474e-06
3.4661e-06
3.485e-06
3.5039e-06
3.5229e-06
3.542e-06
3.5612e-06
3.5804e-06
3.5998e-06
3.6192e-06
3.6387e-06
3.6583e-06
3.678e-06
3.6978e-06
3.7176e-06
3.7376e-06
3.7576e-06
3.7778e-06
3.798e-06
3.8183e-06
3.8387e-06
3.8592e-06
3.8797e-06
3.9004e-06
3.9211e-06
3.942e-06
3.9629e-06
3.9839e-06
4.005e-06
4.0262e-06
4.0475e-06
4.0689e-06
4.0904e-06
4.112e-06
4.1336e-06
4.1554e-06
4.1772e-06
4.1992e-06
4.2212e-06
4.2433e-06
4.2656e-06
4.2879e-06
4.3103e-06
4.3328e-06
4.3554e-06
4.3781e-06
4.4009e-06
4.4238e-06
4.4468e-06
4.4699e-06
4.493e-06
4.5163e-06
4.5397e-06
4.5632e-06
4.5867e-06
4.6104e-06
4.6342e-06
4.658e-06
4.682e-06
4.706e-06
4.7302e-06
4.7545e-06
4.7788e-06
4.8033e-06
4.8278e-06
4.8525e-06
4.8773e-06
4.9021e-06
4.9271e-06
4.9522e-06
4.9773e-06
5.0026e-06
5.028e-06
5.0534e-06
5.079e-06
5.1047e-06
5.1305e-06
5.1564e-06
5.1824e-06
5.2085e-06
5.2347e-06
5.261e-06
5.2874e-06
5.3139e-06
5.3405e-06
5.3672e-06
5.3941e-06
5.421e-06
5.4481e-06
5.4752e-06
5.5025e-06
5.5298e-06
5.5573e-06
5.5849e-06
5.6126e-06
5.6404e-06
5.6683e-06
5.6963e-06
5.7244e-06
5.7527e-06
5.781e-06
5.8095e-06
5.838e-06
5.8667e-06
5.8955e-06
5.9244e-06
5.9534e-06
5.9825e-06
6.0117e-06
6.0411e-06
6.0705e-06
6.1001e-06
6.1298e-06
6.1595e-06
6.1895e-06
6.2195e-06
6.2496e-06
6.2798e-06
6.3102e-06
6.3407e-06
6.3712e-06
6.4019e-06
6.4328e-06
6.4637e-06
6.4947e-06
6.5259e-06
6.5572e-06
6.5886e-06
6.6201e-06
6.6517e-06
6.6834e-06
6.7153e-06
6.7473e-06
6.7794e-06
6.8116e-06
6.8439e-06
6.8764e-06
6.9089e-06
6.9416e-06
6.9744e-06
7.0073e-06
7.0404e-06
7.0735e-06
7.1068e-06
7.1402e-06
7.1737e-06
7.2074e-06
7.2411e-06
7.275e-06
7.309e-06
7.3431e-06
7.3774e-06
7.4117e-06
7.4462e-06
7.4808e-06
7.5156e-06
7.5504e-06
7.5854e-06
7.6205e-06
7.6557e-06
7.6911e-06
7.7265e-06
7.7621e-06
7.7978e-06
7.8337e-06
7.8696e-06
7.9057e-06
7.9419e-06
7.9783e-06
8.0147e-06
8.0513e-06
8.088e-06
8.1249e-06
8.1618e-06
8.1989e-06
8.2362e-06
8.2735e-06
8.311e-06
8.3486e-06
8.3863e-06
8.4241e-06
8.4621e-06
8.5002e-06
8.5385e-06
8.5768e-06
8.6153e-06
8.6539e-06
8.6927e-06
8.7316e-06
8.7706e-06
8.8097e-06
8.849e-06
8.8883e-06
8.9279e-06
8.9675e-06
9.0073e-06
9.0472e-06
9.0872e-06
9.1274e-06
9.1677e-06
9.2081e-06
9.2487e-06
9.2894e-06
9.3302e-06
9.3712e-06
9.4123e-06
9.4535e-06
9.4948e-06
9.5363e-06
9.5779e-06
9.6197e-06
9.6615e-06
9.7036e-06
9.7457e-06
9.788e-06
9.8304e-06
9.8729e-06
9.9156e-06
9.9584e-06
1.0001e-05
1.0044e-05
1.0088e-05
1.0131e-05
1.0174e-05
1.0218e-05
1.0262e-05
1.0306e-05
1.035e-05
1.0394e-05
1.0438e-05
1.0483e-05
1.0527e-05
1.0572e-05
1.0617e-05
1.0662e-05
1.0707e-05
1.0752e-05
1.0797e-05
1.0843e-05
1.0888e-05
1.0934e-05
1.098e-05
1.1026e-05
1.1072e-05
1.1119e-05
1.1165e-05
1.1212e-05
1.1258e-05
1.1305e-05
1.1352e-05
1.1399e-05
1.1447e-05
1.1494e-05
1.1541e-05
1.1589e-05
1.1637e-05
1.1685e-05
1.1733e-05
1.1781e-05
1.183e-05
1.1878e-05
1.1927e-05
1.1976e-05
1.2024e-05
1.2074e-05
1.2123e-05
1.2172e-05
1.2222e-05
1.2271e-05
1.2321e-05
1.2371e-05
1.2421e-05
1.2471e-05
1.2521e-05
1.2572e-05
1.2622e-05
1.2673e-05
1.2724e-05
1.2775e-05
1.2826e-05
1.2877e-05
1.2929e-05
1.298e-05
1.3032e-05
1.3084e-05
1.3136e-05
1.3188e-05
1.324e-05
1.3292e-05
1.3345e-05
1.3397e-05
1.345e-05
1.3503e-05
1.3556e-05
1.3609e-05
1.3663e-05
1.3716e-05
1.377e-05
1.3824e-05
1.3877e-05
1.3931e-05
1.3986e-05
1.404e-05
1.4094e-05
1.4149e-05
1.4204e-05
1.4259e-05
1.4314e-05
1.4369e-05
1.4424e-05
1.4479e-05
1.4535e-05
1.4591e-05
1.4646e-05
1.4702e-05
1.4759e-05
1.4815e-05
1.4871e-05
1.4928e-05
1.4984e-05
1.5041e-05
1.5098e-05
1.5155e-05
1.5212e-05
1.527e-05
1.5327e-05
1.5385e-05
1.5443e-05
1.55e-05
1.5558e-05
1.5617e-05
1.5675e-05
1.5733e-05
1.5792e-05
1.5851e-05
1.591e-05
1.5968e-05
1.6028e-05
1.6087e-05
1.6146e-05
1.6206e-05
1.6265e-05
1.6325e-05
1.6385e-05
1.6445e-05
1.6505e-05
1.6566e-05
1.6626e-05
1.6687e-05
1.6748e-05
1.6809e-05
1.687e-05
1.6931e-05
1.6992e-05
1.7053e-05
1.7115e-05
1.7177e-05
1.7238e-05
1.73e-05
1.7363e-05
1.7425e-05
1.7487e-05
1.755e-05
1.7612e-05
1.7675e-05
1.7738e-05
1.7801e-05
1.7864e-05
1.7927e-05
1.7991e-05
1.8054e-05
1.8118e-05
1.8182e-05
1.8246e-05
1.831e-05
1.8374e-05
1.8438e-05
1.8503e-05
1.8567e-05
1.8632e-05
1.8697e-05
1.8762e-05
1.8827e-05
1.8892e-05
1.8958e-05
1.9023e-05
1.9089e-05
1.9154e-05
1.922e-05
1.9286e-05
1.9352e-05
1.9419e-05
1.9485e-05
1.9552e-05
1.9618e-05
1.9685e-05
1.9752e-05
1.9819e-05
1.9886e-05
1.9953e-05
2.0021e-05
2.0088e-05
2.0156e-05
2.0224e-05
2.0291e-05
2.0359e-05
2.0428e-05
2.0496e-05
2.0564e-05
2.0633e-05
2.0701e-05
2.077e-05
2.0839e-05
2.0908e-05
2.0977e-05
2.1046e-05
2.1115e-05
2.1185e-05
2.1255e-05
2.1324e-05
2.1394e-05
2.1464e-05
2.1534e-05
2.1604e-05
2.1674e-05
2.1745e-05
2.1815e-05
2.1886e-05
2.1957e-05
2.2028e-05
2.2099e-05
2.217e-05
2.2241e-05
2.2312e-05
2.2384e-05
2.2455e-05
2.2527e-05
2.2599e-05
2.2671e-05
2.2743e-05
2.2815e-05
2.2887e-05
2.2959e-05
2.3032e-05
2.3104e-05
2.3177e-05
2.325e-05
2.3322e-05
2.3395e-05
2.3469e-05
2.3542e-05
2.3615e-05
2.3688e-05
2.3762e-05
2.3836e-05
2.3909e-05
2.3983e-05
2.4057e-05
2.4131e-05
2.4205e-05
2.428e-05
2.4354e-05
2.4428e-05
2.4503e-05
2.4578e-05
2.4652e-05
2.4727e-05
2.4802e-05
2.4877e-05
2.4952e-05
2.5028e-05
2.5103e-05
2.5178e-05
2.5254e-05
2.533e-05
2.5405e-05
2.5481e-05
2.5557e-05
2.5633e-05
2.5709e-05
2.5785e-05
2.5862e-05
2.5938e-05
2.6015e-05
2.6091e-05
2.6168e-05
2.6245e-05
2.6321e-05
2.6398e-05
2.6475e-05
2.6553e-05
2.663e-05
2.6707e-05
2.6784e-05
2.6862e-05
2.6939e-05
2.7017e-05
2.7095e-05
2.7173e-05
2.725e-05
2.7328e-05
2.7406e-05
2.7485e-05
2.7563e-05
2.7641e-05
2.7719e-05
2.7798e-05
2.7876e-05
2.7955e-05
2.8034e-05
2.8113e-05
2.8191e-05
2.827e-05
2.8349e-05
2.8428e-05
2.8507e-05
2.8587e-05
2.8666e-05
2.8745e-05
2.8825e-05
2.8904e-05
2.8984e-05
2.9063e-05
2.9143e-05
2.9223e-05
2.9303e-05
2.9383e-05
2.9463e-05
2.9543e-05
2.9623e-05
2.9703e-05
2.9783e-05
2.9863e-05
2.9944e-05
3.0024e-05
3.0105e-05
3.0185e-05
3.0266e-05
3.0346e-05
3.0427e-05
3.0508e-05
3.0589e-05
3.067e-05
3.0751e-05
3.0832e-05
3.0913e-05
3.0994e-05
3.1075e-05
3.1156e-05
3.1237e-05
3.1319e-05
3.14e-05
3.1482e-05
3.1563e-05
3.1645e-05
3.1726e-05
3.1808e-05
3.1889e-05
3.1971e-05
3.2053e-05
3.2135e-05
3.2216e-05
3.2298e-05
3.238e-05
3.2462e-05
3.2544e-05
3.2626e-05
3.2708e-05
3.279e-05
3.2872e-05
3.2955e-05
3.3037e-05
3.3119e-05
3.3201e-05
3.3284e-05
3.3366e-05
3.3448e-05
3.3531e-05
3.3613e-05
3.3696e-05
3.3778e-05
3.3861e-05
3.3943e-05
3.4026e-05
3.4109e-05
3.4191e-05
3.4274e-05
3.4356e-05
3.4439e-05
3.4522e-05
3.4605e-05
3.4687e-05
3.477e-05
3.4853e-05
3.4936e-05
3.5019e-05
3.5101e-05
3.5184e-05
3.5267e-05
3.535e-05
3.5433e-05
3.5516e-05
3.5599e-05
3.5682e-05
3.5765e-05
3.5848e-05
3.5931e-05
3.6014e-05
3.6097e-05
3.618e-05
3.6263e-05
3.6346e-05
3.6429e-05
3.6512e-05
3.6595e-05
3.6678e-05
3.6761e-05
3.6844e-05
3.6926e-05
3.7009e-05
3.7092e-05
3.7175e-05
3.7258e-05
3.7341e-05
3.7424e-05
3.7507e-05
3.759e-05
3.7673e-05
3.7756e-05
3.7839e-05
3.7922e-05
3.8005e-05
3.8088e-05
3.817e-05
3.8253e-05
3.8336e-05
3.8419e-05
3.8502e-05
3.8584e-05
3.8667e-05
3.875e-05
3.8832e-05
3.8915e-05
3.8998e-05
3.908e-05
3.9163e-05
3.9246e-05
3.9328e-05
3.9411e-05
3.9493e-05
3.9575e-05
3.9658e-05
3.974e-05
3.9823e-05
3.9905e-05
3.9987e-05
4.0069e-05
4.0152e-05
4.0234e-05
4.0316e-05
4.0398e-05
4.048e-05
4.0562e-05
4.0644e-05
4.0726e-05
4.0808e-05
4.089e-05
4.0971e-05
4.1053e-05
4.1135e-05
4.1216e-05
4.1298e-05
4.1379e-05
4.1461e-05
4.1542e-05
4.1624e-05
4.1705e-05
4.1786e-05
4.1867e-05
4.1949e-05
4.203e-05
4.2111e-05
4.2192e-05
4.2272e-05
4.2353e-05
4.2434e-05
4.2515e-05
4.2595e-05
4.2676e-05
4.2756e-05
4.2837e-05
4.2917e-05
4.2998e-05
4.3078e-05
4.3158e-05
4.3238e-05
4.3318e-05
4.3398e-05
4.3478e-05
4.3558e-05
4.3637e-05
4.3717e-05
4.3796e-05
4.3876e-05
4.3955e-05
4.4035e-05
4.4114e-05
4.4193e-05
4.4272e-05
4.4351e-05
4.443e-05
4.4509e-05
4.4587e-05
4.4666e-05
4.4744e-05
4.4823e-05
4.4901e-05
4.4979e-05
4.5057e-05
4.5135e-05
4.5213e-05
4.5291e-05
4.5369e-05
4.5447e-05
4.5524e-05
4.5602e-05
4.5679e-05
4.5756e-05
4.5833e-05
4.591e-05
4.5987e-05
4.6064e-05
4.6141e-05
4.6217e-05
4.6294e-05
4.637e-05
4.6446e-05
4.6522e-05
4.6598e-05
4.6674e-05
4.675e-05
4.6826e-05
4.6901e-05
4.6977e-05
4.7052e-05
4.7127e-05
4.7202e-05
4.7277e-05
4.7352e-05
4.7427e-05
4.7501e-05
4.7576e-05
4.765e-05
4.7724e-05
4.7798e-05
4.7872e-05
4.7946e-05
4.8019e-05
4.8093e-05
4.8166e-05
4.8239e-05
4.8313e-05
4.8386e-05
4.8458e-05
4.8531e-05
4.8604e-05
4.8676e-05
4.8748e-05
4.882e-05
4.8892e-05
4.8964e-05
4.9036e-05
4.9107e-05
4.9179e-05
4.925e-05
4.9321e-05
4.9392e-05
4.9463e-05
4.9533e-05
4.9604e-05
4.9674e-05
4.9744e-05
4.9814e-05
4.9884e-05
4.9954e-05
5.0023e-05
5.0093e-05
5.0162e-05
5.0231e-05
5.03e-05
5.0368e-05
5.0437e-05
5.0505e-05
5.0574e-05
5.0642e-05
5.071e-05
5.0777e-05
5.0845e-05
5.0912e-05
5.0979e-05
5.1046e-05
5.1113e-05
5.118e-05
5.1246e-05
5.1313e-05
5.1379e-05
5.1445e-05
5.151e-05
5.1576e-05
5.1641e-05
5.1707e-05
5.1772e-05
5.1836e-05
5.1901e-05
5.1966e-05
5.203e-05
5.2094e-05
5.2158e-05
5.2222e-05
5.2285e-05
5.2348e-05
5.2412e-05
5.2475e-05
5.2537e-05
5.26e-05
5.2662e-05
5.2724e-05
5.2786e-05
5.2848e-05
5.291e-05
5.2971e-05
5.3032e-05
5.3093e-05
5.3154e-05
5.3215e-05
5.3275e-05
5.3335e-05
5.3395e-05
5.3455e-05
5.3514e-05
5.3574e-05
5.3633e-05
5.3692e-05
5.375e-05
5.3809e-05
5.3867e-05
5.3925e-05
5.3983e-05
5.404e-05
5.4098e-05
5.4155e-05
5.4212e-05
5.4269e-05
5.4325e-05
5.4381e-05
5.4438e-05
5.4493e-05
5.4549e-05
5.4604e-05
5.466e-05
5.4715e-05
5.4769e-05
5.4824e-05
5.4878e-05
5.4932e-05
5.4986e-05
5.5039e-05
5.5093e-05
5.5146e-05
5.5199e-05
5.5251e-05
5.5304e-05
5.5356e-05
5.5408e-05
5.546e-05
5.5511e-05
5.5562e-05
5.5613e-05
5.5664e-05
5.5715e-05
5.5765e-05
5.5815e-05
5.5865e-05
5.5914e-05
5.5964e-05
5.6013e-05
5.6062e-05
5.611e-05
5.6158e-05
5.6206e-05
5.6254e-05
5.6302e-05
5.6349e-05
5.6396e-05
5.6443e-05
5.649e-05
5.6536e-05
5.6582e-05
5.6628e-05
5.6673e-05
5.6719e-05
5.6764e-05
5.6809e-05
5.6853e-05
5.6897e-05
5.6941e-05
5.6985e-05
5.7029e-05
5.7072e-05
5.7115e-05
5.7158e-05
5.72e-05
5.7242e-05
5.7284e-05
5.7326e-05
5.7367e-05
5.7408e-05
5.7449e-05
5.749e-05
5.753e-05
5.757e-05
5.761e-05
5.765e-05
5.7689e-05
5.7728e-05
5.7766e-05
5.7805e-05
5.7843e-05
5.7881e-05
5.7919e-05
5.7956e-05
5.7993e-05
5.803e-05
5.8066e-05
5.8103e-05
5.8139e-05
5.8174e-05
5.821e-05
5.8245e-05
5.828e-05
5.8314e-05
5.8349e-05
5.8383e-05
5.8416e-05
5.845e-05
5.8483e-05
5.8516e-05
5.8549e-05
5.8581e-05
5.8613e-05
5.8645e-05
5.8676e-05
5.8707e-05
5.8738e-05
5.8769e-05
5.8799e-05
5.8829e-05
5.8859e-05
5.8889e-05
5.8918e-05
5.8947e-05
5.8975e-05
5.9004e-05
5.9032e-05
5.9059e-05
5.9087e-05
5.9114e-05
5.9141e-05
5.9167e-05
5.9194e-05
5.922e-05
5.9245e-05
5.9271e-05
5.9296e-05
5.9321e-05
5.9345e-05
5.9369e-05
5.9393e-05
5.9417e-05
5.944e-05
5.9463e-05
5.9486e-05
5.9509e-05
5.9531e-05
5.9553e-05
5.9574e-05
5.9595e-05
5.9616e-05
5.9637e-05
5.9657e-05
5.9677e-05
5.9697e-05
5.9716e-05
5.9736e-05
5.9754e-05
5.9773e-05
5.9791e-05
5.9809e-05
5.9827e-05
5.9844e-05
5.9861e-05
5.9878e-05
5.9894e-05
5.9911e-05
5.9926e-05
5.9942e-05
5.9957e-05
5.9972e-05
5.9987e-05
6.0001e-05
6.0015e-05
6.0029e-05
6.0042e-05
6.0055e-05
6.0068e-05
6.008e-05
6.0092e-05
6.0104e-05
6.0116e-05
6.0127e-05
6.0138e-05
6.0149e-05
6.0159e-05
6.0169e-05
6.0179e-05
6.0188e-05
6.0197e-05
6.0206e-05
6.0214e-05
6.0222e-05
6.023e-05
6.0238e-05
6.0245e-05
6.0252e-05
6.0258e-05
6.0265e-05
6.0271e-05
6.0276e-05
6.0282e-05
6.0287e-05
6.0292e-05
6.0296e-05
6.03e-05
6.0304e-05
6.0308e-05
6.0311e-05
6.0314e-05
6.0316e-05
6.0318e-05
6.032e-05
6.0322e-05
6.0323e-05
6.0324e-05
6.0325e-05
6.0326e-05
6.0326e-05
6.0325e-05
6.0325e-05
6.0324e-05
6.0323e-05
6.0321e-05
6.032e-05
6.0318e-05
6.0315e-05
6.0313e-05
6.031e-05
6.0306e-05
6.0303e-05
6.0299e-05
6.0294e-05
6.029e-05
6.0285e-05
6.028e-05
6.0274e-05
6.0269e-05
6.0262e-05
6.0256e-05
6.0249e-05
6.0242e-05
6.0235e-05
6.0227e-05
6.0219e-05
6.0211e-05
6.0203e-05
6.0194e-05
6.0184e-05
6.0175e-05
6.0165e-05
6.0155e-05
6.0145e-05
6.0134e-05
6.0123e-05
6.0111e-05
6.01e-05
6.0088e-05
6.0076e-05
6.0063e-05
6.005e-05
6.0037e-05
6.0023e-05
6.001e-05
5.9996e-05
5.9981e-05
5.9966e-05
5.9951e-05
5.9936e-05
5.992e-05
5.9905e-05
5.9888e-05
5.9872e-05
5.9855e-05
5.9838e-05
5.982e-05
5.9803e-05
5.9785e-05
5.9766e-05
5.9748e-05
5.9729e-05
5.9709e-05
5.969e-05
5.967e-05
5.965e-05
5.9629e-05
5.9608e-05
5.9587e-05
5.9566e-05
5.9544e-05
5.9522e-05
5.95e-05
5.9478e-05
5.9455e-05
5.9432e-05
5.9408e-05
5.9384e-05
5.936e-05
5.9336e-05
5.9311e-05
5.9287e-05
5.9261e-05
5.9236e-05
5.921e-05
5.9184e-05
5.9158e-05
5.9131e-05
5.9104e-05
5.9077e-05
5.9049e-05
5.9021e-05
5.8993e-05
5.8965e-05
5.8936e-05
5.8907e-05
5.8878e-05
5.8848e-05
5.8818e-05
5.8788e-05
5.8758e-05
5.8727e-05
5.8696e-05
5.8665e-05
5.8633e-05
5.8601e-05
5.8569e-05
5.8536e-05
5.8504e-05
5.8471e-05
5.8437e-05
5.8404e-05
5.837e-05
5.8336e-05
5.8301e-05
5.8267e-05
5.8232e-05
5.8197e-05
5.8161e-05
5.8125e-05
5.8089e-05
5.8053e-05
5.8016e-05
5.7979e-05
5.7942e-05
5.7905e-05
5.7867e-05
5.7829e-05
5.7791e-05
5.7752e-05
5.7713e-05
5.7674e-05
5.7635e-05
5.7595e-05
5.7555e-05
5.7515e-05
5.7475e-05
5.7434e-05
5.7393e-05
5.7352e-05
5.731e-05
5.7269e-05
5.7227e-05
5.7184e-05
5.7142e-05
5.7099e-05
5.7056e-05
5.7012e-05
5.6969e-05
5.6925e-05
5.6881e-05
5.6837e-05
5.6792e-05
5.6747e-05
5.6702e-05
5.6656e-05
5.6611e-05
5.6565e-05
5.6519e-05
5.6472e-05
5.6426e-05
5.6379e-05
5.6332e-05
5.6284e-05
5.6237e-05
5.6189e-05
5.614e-05
5.6092e-05
5.6043e-05
5.5994e-05
5.5945e-05
5.5896e-05
5.5846e-05
5.5796e-05
5.5746e-05
5.5696e-05
5.5645e-05
5.5594e-05
5.5543e-05
5.5492e-05
5.544e-05
5.5389e-05
5.5337e-05
5.5284e-05
5.5232e-05
5.5179e-05
5.5126e-05
5.5073e-05
5.502e-05
5.4966e-05
5.4912e-05
5.4858e-05
5.4803e-05
5.4749e-05
5.4694e-05
5.4639e-05
5.4584e-05
5.4528e-05
5.4473e-05
5.4417e-05
5.4361e-05
5.4304e-05
5.4248e-05
5.4191e-05
5.4134e-05
5.4076e-05
5.4019e-05
5.3961e-05
5.3903e-05
5.3845e-05
5.3787e-05
5.3728e-05
5.367e-05
5.3611e-05
5.3551e-05
5.3492e-05
5.3432e-05
5.3373e-05
5.3313e-05
5.3252e-05
5.3192e-05
5.3131e-05
5.3071e-05
5.3009e-05
5.2948e-05
5.2887e-05
5.2825e-05
5.2763e-05
5.2701e-05
5.2639e-05
5.2577e-05
5.2514e-05
5.2451e-05
5.2388e-05
5.2325e-05
5.2262e-05
5.2198e-05
5.2134e-05
5.207e-05
5.2006e-05
5.1942e-05
5.1877e-05
5.1812e-05
5.1747e-05
5.1682e-05
5.1617e-05
5.1552e-05
5.1486e-05
5.142e-05
5.1354e-05
5.1288e-05
5.1222e-05
5.1155e-05
5.1088e-05
5.1021e-05
5.0954e-05
5.0887e-05
5.082e-05
5.0752e-05
5.0684e-05
5.0616e-05
5.0548e-05
5.048e-05
5.0412e-05
5.0343e-05
5.0274e-05
5.0205e-05
5.0136e-05
5.0067e-05
4.9997e-05
4.9928e-05
4.9858e-05
4.9788e-05
4.9718e-05
4.9648e-05
4.9578e-05
4.9507e-05
4.9436e-05
4.9366e-05
4.9295e-05
4.9223e-05
4.9152e-05
4.9081e-05
4.9009e-05
4.8937e-05
4.8866e-05
4.8794e-05
4.8721e-05
4.8649e-05
4.8577e-05
4.8504e-05
4.8431e-05
4.8358e-05
4.8285e-05
4.8212e-05
4.8139e-05
4.8066e-05
4.7992e-05
4.7918e-05
4.7844e-05
4.7771e-05
4.7696e-05
4.7622e-05
4.7548e-05
4.7473e-05
4.7399e-05
4.7324e-05
4.7249e-05
4.7174e-05
4.7099e-05
4.7024e-05
4.6949e-05
4.6873e-05
4.6798e-05
4.6722e-05
4.6646e-05
4.657e-05
4.6494e-05
4.6418e-05
4.6342e-05
4.6265e-05
4.6189e-05
4.6112e-05
4.6035e-05
4.5958e-05
4.5882e-05
4.5804e-05
4.5727e-05
4.565e-05
4.5573e-05
4.5495e-05
4.5418e-05
4.534e-05
4.5262e-05
4.5184e-05
4.5106e-05
4.5028e-05
4.495e-05
4.4872e-05
4.4794e-05
4.4715e-05
4.4637e-05
4.4558e-05
4.4479e-05
4.44e-05
4.4322e-05
4.4243e-05
4.4163e-05
4.4084e-05
4.4005e-05
4.3926e-05
4.3846e-05
4.3767e-05
4.3687e-05
4.3608e-05
4.3528e-05
4.3448e-05
4.3368e-05
4.3288e-05
4.3208e-05
4.3128e-05
4.3048e-05
4.2968e-05
4.2887e-05
4.2807e-05
4.2727e-05
4.2646e-05
4.2565e-05
4.2485e-05
4.2404e-05
4.2323e-05
4.2242e-05
4.2161e-05
4.2081e-05
4.1999e-05
4.1918e-05
4.1837e-05
4.1756e-05
4.1675e-05
4.1593e-05
4.1512e-05
4.1431e-05
4.1349e-05
4.1268e-05
4.1186e-05
4.1104e-05
4.1023e-05
4.0941e-05
4.0859e-05
4.0777e-05
4.0695e-05
4.0613e-05
4.0531e-05
4.0449e-05
4.0367e-05
4.0285e-05
4.0203e-05
4.0121e-05
4.0039e-05
3.9957e-05
3.9874e-05
3.9792e-05
3.971e-05
3.9627e-05
3.9545e-05
3.9462e-05
3.938e-05
3.9297e-05
3.9215e-05
3.9132e-05
3.905e-05
3.8967e-05
3.8884e-05
3.8802e-05
3.8719e-05
3.8636e-05
3.8554e-05
3.8471e-05
3.8388e-05
3.8305e-05
3.8222e-05
3.814e-05
3.8057e-05
3.7974e-05
3.7891e-05
3.7808e-05
3.7725e-05
3.7642e-05
3.7559e-05
3.7476e-05
3.7393e-05
3.7311e-05
3.7228e-05
3.7145e-05
3.7062e-05
3.6979e-05
3.6896e-05
3.6813e-05
3.673e-05
3.6647e-05
3.6564e-05
3.6481e-05
3.6398e-05
3.6315e-05
3.6232e-05
3.6149e-05
3.6066e-05
3.5983e-05
3.59e-05
3.5817e-05
3.5734e-05
3.5651e-05
3.5568e-05
3.5485e-05
3.5402e-05
3.5319e-05
3.5236e-05
3.5154e-05
3.5071e-05
3.4988e-05
3.4905e-05
3.4822e-05
3.4739e-05
3.4657e-05
3.4574e-05
3.4491e-05
3.4408e-05
3.4326e-05
3.4243e-05
3.416e-05
3.4078e-05
3.3995e-05
3.3913e-05
3.383e-05
3.3748e-05
3.3665e-05
3.3583e-05
3.35e-05
3.3418e-05
3.3335e-05
3.3253e-05
3.3171e-05
3.3089e-05
3.3006e-05
3.2924e-05
3.2842e-05
3.276e-05
3.2678e-05
3.2596e-05
3.2514e-05
3.2432e-05
3.235e-05
3.2268e-05
3.2186e-05
3.2104e-05
3.2022e-05
3.1941e-05
3.1859e-05
3.1777e-05
3.1696e-05
3.1614e-05
3.1533e-05
3.1451e-05
3.137e-05
3.1289e-05
3.1207e-05
3.1126e-05
3.1045e-05
3.0964e-05
3.0883e-05
3.0802e-05
3.0721e-05
3.064e-05
3.0559e-05
3.0478e-05
3.0397e-05
3.0317e-05
3.0236e-05
3.0155e-05
3.0075e-05
2.9994e-05
2.9914e-05
2.9834e-05
2.9753e-05
2.9673e-05
2.9593e-05
2.9513e-05
2.9433e-05
2.9353e-05
2.9273e-05
2.9193e-05
2.9114e-05
2.9034e-05
2.8954e-05
2.8875e-05
2.8795e-05
2.8716e-05
2.8636e-05
2.8557e-05
2.8478e-05
2.8399e-05
2.832e-05
2.8241e-05
2.8162e-05
2.8083e-05
2.8005e-05
2.7926e-05
2.7847e-05
2.7769e-05
2.769e-05
2.7612e-05
2.7534e-05
2.7456e-05
2.7378e-05
2.7299e-05
2.7222e-05
2.7144e-05
2.7066e-05
2.6988e-05
2.6911e-05
2.6833e-05
2.6756e-05
2.6678e-05
2.6601e-05
2.6524e-05
2.6447e-05
2.637e-05
2.6293e-05
2.6216e-05
2.6139e-05
2.6063e-05
2.5986e-05
2.591e-05
2.5833e-05
2.5757e-05
2.5681e-05
2.5605e-05
2.5529e-05
2.5453e-05
2.5377e-05
2.5302e-05
2.5226e-05
2.515e-05
2.5075e-05
2.5e-05
2.4924e-05
2.4849e-05
2.4774e-05
2.4699e-05
2.4625e-05
2.455e-05
2.4475e-05
2.4401e-05
2.4326e-05
2.4252e-05
2.4178e-05
2.4104e-05
2.403e-05
2.3956e-05
2.3882e-05
2.3808e-05
2.3735e-05
2.3661e-05
2.3588e-05
2.3515e-05
2.3441e-05
2.3368e-05
2.3295e-05
2.3223e-05
2.315e-05
2.3077e-05
2.3005e-05
2.2932e-05
2.286e-05
2.2788e-05
2.2716e-05
2.2644e-05
2.2572e-05
2.25e-05
2.2429e-05
2.2357e-05
2.2286e-05
2.2214e-05
2.2143e-05
2.2072e-05
2.2001e-05
2.1931e-05
2.186e-05
2.1789e-05
2.1719e-05
2.1648e-05
2.1578e-05
2.1508e-05
2.1438e-05
2.1368e-05
2.1298e-05
2.1229e-05
2.1159e-05
2.109e-05
2.102e-05
2.0951e-05
2.0882e-05
2.0813e-05
2.0745e-05
2.0676e-05
2.0607e-05
2.0539e-05
2.047e-05
2.0402e-05
2.0334e-05
2.0266e-05
2.0198e-05
2.0131e-05
2.0063e-05
1.9996e-05
1.9928e-05
1.9861e-05
1.9794e-05
1.9727e-05
1.966e-05
1.9593e-05
1.9527e-05
1.946e-05
1.9394e-05
1.9328e-05
1.9262e-05
1.9196e-05
1.913e-05
1.9064e-05
1.8999e-05
1.8933e-05
1.8868e-05
1.8803e-05
1.8738e-05
1.8673e-05
1.8608e-05
1.8543e-05
1.8479e-05
1.8414e-05
1.835e-05
1.8286e-05
1.8222e-05
1.8158e-05
1.8094e-05
1.8031e-05
1.7967e-05
1.7904e-05
1.7841e-05
1.7778e-05
1.7715e-05
1.7652e-05
1.7589e-05
1.7526e-05
1.7464e-05
1.7402e-05
1.734e-05
1.7277e-05
1.7216e-05
1.7154e-05
1.7092e-05
1.7031e-05
1.6969e-05
1.6908e-05
1.6847e-05
1.6786e-05
1.6725e-05
1.6664e-05
1.6604e-05
1.6543e-05
1.6483e-05
1.6423e-05
1.6363e-05
1.6303e-05
1.6243e-05
1.6184e-05
1.6124e-05
1.6065e-05
1.6006e-05
1.5947e-05
1.5888e-05
1.5829e-05
1.577e-05
1.5712e-05
1.5653e-05
1.5595e-05
1.5537e-05
1.5479e-05
1.5421e-05
1.5363e-05
1.5306e-05
1.5248e-05
1.5191e-05
1.5134e-05
1.5077e-05
1.502e-05
1.4963e-05
1.4907e-05
1.485e-05
1.4794e-05
1.4738e-05
1.4682e-05
1.4626e-05
1.457e-05
1.4514e-05
1.4459e-05
1.4404e-05
1.4348e-05
1.4293e-05
1.4238e-05
1.4183e-05
1.4129e-05
1.4074e-05
1.402e-05
1.3966e-05
1.3911e-05
1.3857e-05
1.3804e-05
1.375e-05
1.3696e-05
1.3643e-05
1.359e-05
1.3537e-05
1.3483e-05
1.3431e-05
1.3378e-05
1.3325e-05
1.3273e-05
1.3221e-05
1.3168e-05
1.3116e-05
1.3064e-05
1.3013e-05
1.2961e-05
1.291e-05
1.2858e-05
1.2807e-05
1.2756e-05
1.2705e-05
1.2654e-05
1.2603e-05
1.2553e-05
1.2503e-05
1.2452e-05
1.2402e-05
1.2352e-05
1.2302e-05
1.2253e-05
1.2203e-05
1.2154e-05
1.2105e-05
1.2055e-05
1.2006e-05
1.1957e-05
1.1909e-05
1.186e-05
1.1812e-05
1.1763e-05
1.1715e-05
1.1667e-05
1.1619e-05
1.1572e-05
1.1524e-05
1.1476e-05
1.1429e-05
1.1382e-05
1.1335e-05
1.1288e-05
1.1241e-05
1.1194e-05
1.1148e-05
1.1101e-05
1.1055e-05
1.1009e-05
1.0963e-05
1.0917e-05
1.0871e-05
1.0826e-05
1.078e-05
1.0735e-05
1.069e-05
1.0645e-05
1.06e-05
1.0555e-05
1.0511e-05
1.0466e-05
1.0422e-05
1.0377e-05
1.0333e-05
1.0289e-05
1.0246e-05
1.0202e-05
1.0158e-05
1.0115e-05
1.0072e-05
1.0028e-05
9.9855e-06
9.9426e-06
9.8998e-06
9.8572e-06
9.8147e-06
9.7723e-06
9.7301e-06
9.688e-06
9.6461e-06
9.6042e-06
9.5625e-06
9.521e-06
9.4795e-06
9.4382e-06
9.3971e-06
9.356e-06
9.3151e-06
9.2744e-06
9.2337e-06
9.1932e-06
9.1528e-06
9.1126e-06
9.0724e-06
9.0324e-06
8.9926e-06
8.9529e-06
8.9133e-06
8.8738e-06
8.8344e-06
8.7952e-06
8.7561e-06
8.7172e-06
8.6784e-06
8.6397e-06
8.6011e-06
8.5626e-06
8.5243e-06
8.4861e-06
8.4481e-06
8.4102e-06
8.3724e-06
8.3347e-06
8.2971e-06
8.2597e-06
8.2224e-06
8.1852e-06
8.1482e-06
8.1113e-06
8.0745e-06
8.0378e-06
8.0013e-06
7.9649e-06
7.9286e-06
7.8924e-06
7.8563e-06
7.8204e-06
7.7846e-06
7.749e-06
7.7134e-06
7.678e-06
7.6427e-06
7.6075e-06
7.5725e-06
7.5375e-06
7.5027e-06
7.468e-06
7.4335e-06
7.399e-06
7.3647e-06
7.3305e-06
7.2964e-06
7.2625e-06
7.2286e-06
7.1949e-06
7.1613e-06
7.1279e-06
7.0945e-06
7.0613e-06
7.0282e-06
6.9952e-06
6.9623e-06
6.9295e-06
6.8969e-06
6.8644e-06
6.832e-06
6.7997e-06
6.7675e-06
6.7355e-06
6.7035e-06
6.6717e-06
6.64e-06
6.6084e-06
6.577e-06
6.5456e-06
6.5144e-06
6.4833e-06
6.4523e-06
6.4214e-06
6.3906e-06
6.36e-06
6.3294e-06
6.299e-06
6.2687e-06
6.2385e-06
6.2084e-06
6.1784e-06
6.1486e-06
6.1188e-06
6.0892e-06
6.0596e-06
6.0302e-06
6.0009e-06
5.9718e-06
5.9427e-06
5.9137e-06
5.8849e-06
5.8561e-06
5.8275e-06
5.799e-06
5.7705e-06
5.7422e-06
5.7141e-06
5.686e-06
5.658e-06
5.6301e-06
5.6024e-06
5.5747e-06
5.5472e-06
5.5197e-06
5.4924e-06
5.4652e-06
5.4381e-06
5.4111e-06
5.3842e-06
5.3574e-06
5.3307e-06
5.3041e-06
5.2776e-06
5.2513e-06
5.225e-06
5.1988e-06
5.1728e-06
5.1468e-06
5.121e-06
5.0952e-06
5.0696e-06
5.044e-06
5.0186e-06
4.9933e-06
4.968e-06
4.9429e-06
4.9179e-06
4.893e-06
4.8681e-06
4.8434e-06
4.8188e-06
4.7943e-06
4.7698e-06
4.7455e-06
4.7213e-06
4.6972e-06
4.6731e-06
4.6492e-06
4.6254e-06
4.6017e-06
4.578e-06
4.5545e-06
4.5311e-06
4.5077e-06
4.4845e-06
4.4614e-06
4.4383e-06
4.4154e-06
4.3925e-06
4.3697e-06
4.3471e-06
4.3245e-06
4.302e-06
4.2797e-06
4.2574e-06
4.2352e-06
4.2131e-06
4.1911e-06
4.1692e-06
4.1474e-06
4.1257e-06
4.104e-06
4.0825e-06
4.061e-06
4.0397e-06
4.0184e-06
3.9973e-06
3.9762e-06
3.9552e-06
3.9343e-06
3.9135e-06
3.8928e-06
3.8721e-06
3.8516e-06
3.8312e-06
3.8108e-06
3.7905e-06
3.7703e-06
3.7503e-06
3.7302e-06
3.7103e-06
3.6905e-06
3.6708e-06
3.6511e-06
3.6315e-06
3.612e-06
3.5926e-06
3.5733e-06
3.5541e-06
3.535e-06
3.5159e-06
3.4969e-06
3.478e-06
3.4592e-06
3.4405e-06
3.4219e-06
3.4033e-06
3.3849e-06
3.3665e-06
3.3482e-06
3.33e-06
3.3118e-06
3.2938e-06
3.2758e-06
3.2579e-06
3.2401e-06
3.2223e-06
3.2047e-06
3.1871e-06
3.1696e-06
3.1522e-06
3.1349e-06
3.1176e-06
3.1005e-06
3.0834e-06
3.0663e-06
3.0494e-06
3.0325e-06
3.0158e-06
2.9991e-06
2.9824e-06
2.9659e-06
2.9494e-06
2.933e-06
2.9167e-06
2.9004e-06
2.8843e-06
2.8682e-06
2.8522e-06
2.8362e-06
2.8203e-06
2.8045e-06
2.7888e-06
2.7732e-06
2.7576e-06
2.7421e-06
2.7267e-06
2.7113e-06
2.696e-06
2.6808e-06
2.6657e-06
2.6506e-06
2.6356e-06
2.6207e-06
2.6058e-06
2.5911e-06
2.5764e-06
2.5617e-06
2.5471e-06
2.5326e-06
2.5182e-06
2.5039e-06
2.4896e-06
2.4753e-06
2.4612e-06
2.4471e-06
2.4331e-06
2.4191e-06
2.4052e-06
2.3914e-06
2.3777e-06
2.364e-06
2.3504e-06
2.3368e-06
2.3233e-06
2.3099e-06
2.2966e-06
2.2833e-06
2.2701e-06
2.2569e-06
2.2438e-06
2.2308e-06
2.2178e-06
2.2049e-06
2.1921e-06
2.1793e-06
2.1666e-06
2.154e-06
2.1414e-06
2.1289e-06
2.1164e-06
2.104e-06
2.0917e-06
2.0794e-06
2.0672e-06
2.0551e-06
2.043e-06
2.031e-06
2.019e-06
2.0071e-06
1.9952e-06
1.9834e-06
1.9717e-06
1.9601e-06
1.9484e-06
1.9369e-06
1.9254e-06
1.914e-06
1.9026e-06
1.8913e-06
1.88e-06
1.8688e-06
1.8577e-06
1.8466e-06
1.8355e-06
1.8246e-06
1.8137e-06
1.8028e-06
1.792e-06
1.7812e-06
1.7705e-06
1.7599e-06
1.7493e-06
1.7388e-06
1.7283e-06
1.7179e-06
1.7075e-06
1.6972e-06
1.6869e-06
1.6767e-06
1.6666e-06
1.6565e-06
1.6464e-06
1.6364e-06
1.6265e-06
1.6166e-06
1.6068e-06
1.597e-06
1.5872e-06
1.5775e-06
1.5679e-06
1.5583e-06
1.5488e-06
1.5393e-06
1.5299e-06
1.5205e-06
1.5112e-06
1.5019e-06
1.4926e-06
1.4835e-06
1.4743e-06
1.4652e-06
1.4562e-06
1.4472e-06
1.4383e-06
1.4294e-06
1.4205e-06
1.4117e-06
1.403e-06
1.3943e-06
1.3856e-06
1.377e-06
1.3684e-06
1.3599e-06
1.3515e-06
1.343e-06
1.3346e-06
1.3263e-06
1.318e-06
1.3098e-06
1.3016e-06
1.2934e-06
1.2853e-06
1.2772e-06
1.2692e-06
1.2612e-06
1.2533e-06
1.2454e-06
1.2376e-06
1.2298e-06
1.222e-06
1.2143e-06
1.2066e-06
1.199e-06
1.1914e-06
1.1838e-06
1.1763e-06
1.1689e-06
1.1614e-06
1.154e-06
1.1467e-06
1.1394e-06
1.1321e-06
1.1249e-06
1.1177e-06
1.1106e-06
1.1035e-06
1.0964e-06
1.0894e-06
1.0824e-06
1.0755e-06
1.0686e-06
1.0617e-06
1.0549e-06
1.0481e-06
1.0414e-06
1.0347e-06
1.028e-06
1.0213e-06
1.0147e-06
1.0082e-06
1.0017e-06
9.9518e-07
9.8873e-07
9.8231e-07
9.7594e-07
9.696e-07
9.633e-07
9.5703e-07
9.508e-07
9.446e-07
9.3844e-07
9.3232e-07
9.2623e-07
9.2017e-07
9.1416e-07
9.0817e-07
9.0222e-07
8.963e-07
8.9042e-07
8.8458e-07
8.7876e-07
8.7298e-07
8.6724e-07
8.6152e-07
8.5584e-07
8.502e-07
8.4458e-07
8.39e-07
8.3345e-07
8.2794e-07
8.2245e-07
8.17e-07
8.1158e-07
8.0619e-07
8.0084e-07
7.9551e-07
7.9022e-07
7.8496e-07
7.7973e-07
7.7453e-07
7.6936e-07
7.6422e-07
7.5911e-07
7.5403e-07
7.4898e-07
7.4396e-07
7.3898e-07
7.3402e-07
7.2909e-07
7.2419e-07
7.1932e-07
7.1448e-07
7.0966e-07
7.0488e-07
7.0012e-07
6.954e-07
6.907e-07
6.8603e-07
6.8139e-07
6.7677e-07
6.7219e-07
6.6763e-07
6.631e-07
6.5859e-07
6.5412e-07
6.4967e-07
6.4524e-07
6.4085e-07
6.3648e-07
6.3214e-07
6.2782e-07
6.2353e-07
6.1927e-07
6.1503e-07
6.1082e-07
6.0663e-07
6.0247e-07
5.9834e-07
5.9423e-07
5.9014e-07
5.8608e-07
5.8205e-07
5.7804e-07
5.7405e-07
5.7009e-07
5.6616e-07
5.6224e-07
5.5836e-07
5.5449e-07
5.5065e-07
5.4684e-07
5.4304e-07
5.3928e-07
5.3553e-07
5.3181e-07
5.2811e-07
5.2443e-07
5.2078e-07
5.1715e-07
5.1354e-07
5.0996e-07
5.0639e-07
5.0285e-07
4.9934e-07
4.9584e-07
4.9237e-07
4.8891e-07
4.8548e-07
4.8207e-07
4.7869e-07
4.7532e-07
4.7197e-07
4.6865e-07
4.6535e-07
4.6207e-07
4.5881e-07
4.5556e-07
4.5234e-07
4.4915e-07
4.4597e-07
4.4281e-07
4.3967e-07
4.3655e-07
4.3345e-07
4.3037e-07
4.2731e-07
4.2427e-07
4.2125e-07
4.1825e-07
4.1527e-07
4.1231e-07
4.0936e-07
4.0644e-07
4.0353e-07
4.0065e-07
3.9778e-07
3.9493e-07
3.9209e-07
3.8928e-07
3.8649e-07
3.8371e-07
3.8095e-07
3.7821e-07
3.7549e-07
3.7278e-07
3.7009e-07
3.6742e-07
3.6477e-07
3.6213e-07
3.5951e-07
3.5691e-07
3.5433e-07
3.5176e-07
3.4921e-07
3.4667e-07
3.4416e-07
3.4166e-07
3.3917e-07
3.367e-07
3.3425e-07
3.3182e-07
3.294e-07
3.2699e-07
3.246e-07
3.2223e-07
3.1987e-07
3.1753e-07
3.1521e-07
3.129e-07
3.106e-07
3.0832e-07
3.0606e-07
3.0381e-07
3.0158e-07
2.9936e-07
2.9715e-07
2.9496e-07
2.9279e-07
2.9063e-07
2.8848e-07
2.8635e-07
2.8423e-07
2.8213e-07
2.8004e-07
2.7796e-07
2.759e-07
2.7386e-07
2.7182e-07
2.698e-07
2.678e-07
2.658e-07
2.6382e-07
2.6186e-07
2.5991e-07
2.5797e-07
2.5604e-07
2.5413e-07
2.5223e-07
2.5034e-07
2.4847e-07
2.4661e-07
2.4476e-07
2.4292e-07
2.411e-07
2.3929e-07
2.3749e-07
2.357e-07
2.3393e-07
2.3216e-07
2.3041e-07
2.2868e-07
2.2695e-07
2.2524e-07
2.2353e-07
2.2184e-07
2.2016e-07
2.185e-07
2.1684e-07
2.152e-07
2.1356e-07
2.1194e-07
2.1033e-07
2.0873e-07
2.0714e-07
2.0557e-07
2.04e-07
2.0244e-07
2.009e-07
1.9937e-07
1.9784e-07
1.9633e-07
1.9483e-07
1.9334e-07
1.9186e-07
1.9038e-07
1.8892e-07
1.8747e-07
1.8603e-07
1.846e-07
1.8318e-07
1.8177e-07
1.8037e-07
1.7898e-07
1.776e-07
1.7623e-07
1.7487e-07
1.7352e-07
1.7218e-07
1.7085e-07
1.6953e-07
1.6821e-07
1.6691e-07
1.6561e-07
1.6433e-07
1.6305e-07
1.6178e-07
1.6053e-07
1.5928e-07
1.5804e-07
1.568e-07
1.5558e-07
1.5437e-07
1.5316e-07
1.5197e-07
1.5078e-07
1.496e-07
1.4843e-07
1.4726e-07
1.4611e-07
1.4496e-07
1.4383e-07
1.427e-07
1.4157e-07
1.4046e-07
1.3936e-07
1.3826e-07
1.3717e-07
1.3609e-07
1.3501e-07
1.3395e-07
1.3289e-07
1.3184e-07
1.308e-07
1.2976e-07
1.2873e-07
1.2771e-07
1.267e-07
1.2569e-07
1.247e-07
1.2371e-07
1.2272e-07
1.2175e-07
1.2078e-07
1.1981e-07
1.1886e-07
1.1791e-07
1.1697e-07
1.1603e-07
1.1511e-07
1.1419e-07
1.1327e-07
1.1237e-07
1.1147e-07
1.1057e-07
1.0969e-07
1.088e-07
1.0793e-07
1.0706e-07
1.062e-07
1.0535e-07
1.045e-07
1.0366e-07
1.0282e-07
1.0199e-07
1.0117e-07
1.0035e-07
9.9539e-08
9.8734e-08
9.7935e-08
9.7142e-08
9.6354e-08
9.5573e-08
9.4797e-08
9.4028e-08
9.3264e-08
9.2505e-08
9.1753e-08
9.1006e-08
9.0265e-08
8.9529e-08
8.8799e-08
8.8074e-08
8.7355e-08
8.6641e-08
8.5933e-08
8.523e-08
8.4532e-08
8.384e-08
8.3153e-08
8.2471e-08
8.1794e-08
8.1122e-08
8.0456e-08
7.9794e-08
7.9138e-08
7.8486e-08
7.784e-08
7.7198e-08
7.6562e-08
7.593e-08
7.5303e-08
7.4681e-08
7.4063e-08
7.345e-08
7.2842e-08
7.2239e-08
7.164e-08
7.1046e-08
7.0457e-08
6.9872e-08
6.9291e-08
6.8715e-08
6.8143e-08
6.7576e-08
6.7013e-08
6.6455e-08
6.5901e-08
6.5351e-08
6.4805e-08
6.4264e-08
6.3727e-08
6.3194e-08
6.2665e-08
6.214e-08
6.1619e-08
6.1102e-08
6.059e-08
6.0081e-08
5.9576e-08
5.9076e-08
5.8579e-08
5.8086e-08
5.7597e-08
5.7111e-08
5.663e-08
5.6152e-08
5.5678e-08
5.5208e-08
5.4741e-08
5.4278e-08
5.3819e-08
5.3363e-08
5.2911e-08
5.2463e-08
5.2018e-08
5.1576e-08
5.1138e-08
5.0704e-08
5.0273e-08
4.9845e-08
4.9421e-08
4.9e-08
4.8582e-08
4.8168e-08
4.7757e-08
4.7349e-08
4.6945e-08
4.6543e-08
4.6145e-08
4.575e-08
4.5358e-08
4.497e-08
4.4584e-08
4.4202e-08
4.3822e-08
4.3446e-08
4.3073e-08
4.2702e-08
4.2335e-08
4.197e-08
4.1609e-08
4.125e-08
4.0894e-08
4.0541e-08
4.0191e-08
3.9844e-08
3.95e-08
3.9158e-08
3.8819e-08
3.8483e-08
3.8149e-08
3.7818e-08
3.749e-08
3.7165e-08
3.6842e-08
3.6522e-08
3.6204e-08
3.5889e-08
3.5577e-08
3.5267e-08
3.4959e-08
3.4655e-08
3.4352e-08
3.4052e-08
3.3755e-08
3.346e-08
3.3167e-08
3.2877e-08
3.2589e-08
3.2303e-08
3.202e-08
3.1739e-08
3.146e-08
3.1184e-08
3.091e-08
3.0638e-08
3.0369e-08
3.0101e-08
2.9836e-08
2.9573e-08
2.9312e-08
2.9054e-08
2.8797e-08
2.8543e-08
2.8291e-08
2.804e-08
2.7792e-08
2.7546e-08
2.7302e-08
2.706e-08
2.682e-08
2.6582e-08
2.6346e-08
2.6112e-08
2.588e-08
2.565e-08
2.5421e-08
2.5195e-08
2.497e-08
2.4748e-08
2.4527e-08
2.4308e-08
2.4091e-08
2.3876e-08
2.3662e-08
2.3451e-08
2.3241e-08
2.3033e-08
2.2826e-08
2.2622e-08
2.2419e-08
2.2217e-08
2.2018e-08
2.182e-08
2.1624e-08
2.1429e-08
2.1236e-08
2.1045e-08
2.0855e-08
2.0667e-08
2.0481e-08
2.0296e-08
2.0113e-08
1.9931e-08
1.9751e-08
1.9572e-08
1.9395e-08
1.9219e-08
1.9045e-08
1.8872e-08
1.8701e-08
1.8531e-08
1.8363e-08
1.8196e-08
1.803e-08
1.7866e-08
1.7704e-08
1.7542e-08
1.7382e-08
1.7224e-08
1.7067e-08
1.6911e-08
1.6757e-08
1.6603e-08
1.6452e-08
1.6301e-08
1.6152e-08
1.6004e-08
1.5857e-08
1.5712e-08
1.5568e-08
1.5425e-08
1.5283e-08
1.5142e-08
1.5003e-08
1.4865e-08
1.4728e-08
1.4593e-08
1.4458e-08
1.4325e-08
1.4193e-08
1.4062e-08
1.3932e-08
1.3803e-08
1.3675e-08
1.3549e-08
1.3423e-08
1.3299e-08
1.3176e-08
1.3054e-08
1.2933e-08
1.2813e-08
1.2694e-08
1.2576e-08
1.2459e-08
1.2343e-08
1.2228e-08
1.2114e-08
1.2001e-08
1.1889e-08
1.1778e-08
1.1668e-08
1.1559e-08
1.1451e-08
1.1344e-08
1.1238e-08
1.1133e-08
1.1029e-08
1.0925e-08
1.0823e-08
1.0722e-08
1.0621e-08
1.0521e-08
1.0422e-08
1.0324e-08
1.0227e-08
1.0131e-08
1.0036e-08
9.9411e-09
9.8475e-09
9.7546e-09
9.6625e-09
9.5713e-09
9.4809e-09
9.3913e-09
9.3025e-09
9.2145e-09
9.1273e-09
9.0408e-09
8.9552e-09
8.8703e-09
8.7861e-09
8.7027e-09
8.6201e-09
8.5382e-09
8.457e-09
8.3766e-09
8.2968e-09
8.2178e-09
8.1395e-09
8.0619e-09
7.9851e-09
7.9089e-09
7.8334e-09
7.7585e-09
7.6844e-09
7.6109e-09
7.5381e-09
7.4659e-09
7.3944e-09
7.3235e-09
7.2533e-09
7.1837e-09
7.1148e-09
7.0464e-09
6.9787e-09
6.9116e-09
6.8452e-09
6.7793e-09
6.714e-09
6.6493e-09
6.5852e-09
6.5217e-09
6.4588e-09
6.3964e-09
6.3346e-09
6.2734e-09
6.2128e-09
6.1527e-09
6.0931e-09
6.0341e-09
5.9756e-09
5.9177e-09
5.8603e-09
5.8034e-09
5.747e-09
5.6912e-09
5.6359e-09
5.5811e-09
5.5268e-09
5.4729e-09
5.4196e-09
5.3668e-09
5.3145e-09
5.2626e-09
5.2113e-09
5.1604e-09
5.1099e-09
5.06e-09
5.0105e-09
4.9614e-09
4.9129e-09
4.8647e-09
4.817e-09
4.7698e-09
4.723e-09
4.6766e-09
4.6307e-09
4.5852e-09
4.5401e-09
4.4954e-09
4.4512e-09
4.4073e-09
4.3639e-09
4.3209e-09
4.2783e-09
4.2361e-09
4.1942e-09
4.1528e-09
4.1118e-09
4.0711e-09
4.0308e-09
3.9909e-09
3.9514e-09
3.9122e-09
3.8734e-09
3.835e-09
3.797e-09
3.7593e-09
3.7219e-09
3.6849e-09
3.6483e-09
3.612e-09
3.576e-09
3.5404e-09
3.5051e-09
3.4702e-09
3.4355e-09
3.4013e-09
3.3673e-09
3.3337e-09
3.3003e-09
3.2673e-09
3.2346e-09
3.2022e-09
3.1702e-09
3.1384e-09
3.1069e-09
3.0758e-09
3.0449e-09
3.0143e-09
2.984e-09
2.954e-09
2.9243e-09
2.8949e-09
2.8658e-09
2.8369e-09
2.8083e-09
2.78e-09
2.752e-09
2.7242e-09
2.6967e-09
2.6694e-09
2.6424e-09
2.6157e-09
2.5893e-09
2.563e-09
2.5371e-09
2.5114e-09
2.4859e-09
2.4607e-09
2.4357e-09
2.411e-09
2.3865e-09
2.3622e-09
2.3382e-09
2.3144e-09
2.2909e-09
2.2675e-09
2.2444e-09
2.2216e-09
2.1989e-09
2.1765e-09
2.1542e-09
2.1322e-09
2.1104e-09
2.0889e-09
2.0675e-09
2.0463e-09
2.0254e-09
2.0046e-09
1.9841e-09
1.9637e-09
1.9436e-09
1.9236e-09
1.9039e-09
1.8843e-09
1.8649e-09
1.8458e-09
1.8268e-09
1.8079e-09
1.7893e-09
1.7709e-09
1.7526e-09
1.7345e-09
1.7166e-09
1.6989e-09
1.6814e-09
1.664e-09
1.6468e-09
1.6297e-09
1.6129e-09
1.5961e-09
1.5796e-09
1.5632e-09
1.547e-09
1.531e-09
1.5151e-09
1.4993e-09
1.4837e-09
1.4683e-09
1.453e-09
1.4379e-09
1.4229e-09
1.4081e-09
1.3934e-09
1.3789e-09
1.3645e-09
1.3503e-09
1.3362e-09
1.3222e-09
1.3084e-09
1.2947e-09
1.2812e-09
1.2677e-09
1.2545e-09
1.2413e-09
1.2283e-09
1.2154e-09
1.2027e-09
1.19e-09
1.1775e-09
1.1652e-09
1.1529e-09
1.1408e-09
1.1288e-09
1.1169e-09
1.1051e-09
1.0935e-09
1.0819e-09
1.0705e-09
1.0592e-09
1.048e-09
1.037e-09
1.026e-09
1.0151e-09
1.0044e-09
9.9377e-10
9.8325e-10
9.7283e-10
9.6251e-10
9.523e-10
9.422e-10
9.322e-10
9.2229e-10
9.1249e-10
9.0279e-10
8.9319e-10
8.8368e-10
8.7427e-10
8.6496e-10
8.5574e-10
8.4662e-10
8.3758e-10
8.2864e-10
8.198e-10
8.1104e-10
8.0237e-10
7.9379e-10
7.853e-10
7.7689e-10
7.6857e-10
7.6034e-10
7.5219e-10
7.4412e-10
7.3614e-10
7.2824e-10
7.2041e-10
7.1267e-10
7.0501e-10
6.9743e-10
6.8993e-10
6.825e-10
6.7515e-10
6.6788e-10
6.6068e-10
6.5355e-10
6.465e-10
6.3952e-10
6.3261e-10
6.2578e-10
6.1901e-10
6.1232e-10
6.0569e-10
5.9913e-10
5.9264e-10
5.8622e-10
5.7987e-10
5.7358e-10
5.6735e-10
5.6119e-10
5.551e-10
5.4907e-10
5.431e-10
5.3719e-10
5.3135e-10
5.2556e-10
5.1984e-10
5.1417e-10
5.0857e-10
5.0302e-10
4.9753e-10
4.921e-10
4.8672e-10
4.8141e-10
4.7614e-10
4.7093e-10
4.6578e-10
4.6068e-10
4.5564e-10
4.5064e-10
4.457e-10
4.4081e-10
4.3598e-10
4.3119e-10
4.2645e-10
4.2177e-10
4.1713e-10
4.1254e-10
4.08e-10
4.0351e-10
3.9907e-10
3.9467e-10
3.9032e-10
3.8601e-10
3.8175e-10
3.7754e-10
3.7337e-10
3.6925e-10
3.6516e-10
3.6112e-10
3.5713e-10
3.5318e-10
3.4926e-10
3.4539e-10
3.4157e-10
3.3778e-10
3.3403e-10
3.3032e-10
3.2665e-10
3.2302e-10
3.1943e-10
3.1588e-10
3.1237e-10
3.0889e-10
3.0545e-10
3.0205e-10
2.9868e-10
2.9535e-10
2.9205e-10
2.8879e-10
2.8557e-10
2.8238e-10
2.7922e-10
2.761e-10
2.7301e-10
2.6996e-10
2.6693e-10
2.6394e-10
2.6098e-10
2.5806e-10
2.5516e-10
2.523e-10
2.4947e-10
2.4667e-10
2.4389e-10
2.4115e-10
2.3844e-10
2.3576e-10
2.331e-10
2.3048e-10
2.2788e-10
2.2531e-10
2.2277e-10
2.2025e-10
2.1777e-10
2.1531e-10
2.1288e-10
2.1047e-10
2.0809e-10
2.0574e-10
2.0341e-10
2.011e-10
1.9882e-10
1.9657e-10
1.9434e-10
1.9214e-10
1.8996e-10
1.878e-10
1.8567e-10
1.8356e-10
1.8147e-10
1.794e-10
1.7736e-10
1.7534e-10
1.7335e-10
1.7137e-10
1.6942e-10
1.6749e-10
1.6557e-10
1.6368e-10
1.6181e-10
1.5997e-10
1.5814e-10
1.5633e-10
1.5454e-10
1.5277e-10
1.5102e-10
1.4929e-10
1.4758e-10
1.4589e-10
1.4421e-10
1.4256e-10
1.4092e-10
1.393e-10
1.377e-10
1.3612e-10
1.3455e-10
1.3301e-10
1.3147e-10
1.2996e-10
1.2846e-10
1.2698e-10
1.2552e-10
1.2407e-10
1.2264e-10
1.2122e-10
1.1982e-10
1.1843e-10
1.1707e-10
1.1571e-10
1.1437e-10
1.1305e-10
1.1174e-10
1.1044e-10
1.0916e-10
1.079e-10
1.0664e-10
1.0541e-10
1.0418e-10
1.0297e-10
1.0177e-10
1.0059e-10
9.9421e-11
9.8263e-11
9.7119e-11
9.5988e-11
9.4869e-11
9.3763e-11
9.2669e-11
9.1588e-11
9.0518e-11
8.9461e-11
8.8416e-11
8.7382e-11
8.636e-11
8.535e-11
8.435e-11
8.3363e-11
8.2386e-11
8.142e-11
8.0466e-11
7.9522e-11
7.8588e-11
7.7666e-11
7.6753e-11
7.5851e-11
7.496e-11
7.4078e-11
7.3206e-11
7.2344e-11
7.1492e-11
7.065e-11
6.9817e-11
6.8994e-11
6.818e-11
6.7375e-11
6.658e-11
6.5793e-11
6.5016e-11
6.4247e-11
6.3487e-11
6.2736e-11
6.1993e-11
6.1259e-11
6.0533e-11
5.9816e-11
5.9107e-11
5.8405e-11
5.7712e-11
5.7027e-11
5.6349e-11
5.568e-11
5.5018e-11
5.4363e-11
5.3717e-11
5.3077e-11
5.2445e-11
5.182e-11
5.1203e-11
5.0592e-11
4.9988e-11
4.9392e-11
4.8802e-11
4.8219e-11
4.7643e-11
4.7073e-11
4.651e-11
4.5954e-11
4.5404e-11
4.486e-11
4.4323e-11
4.3791e-11
4.3266e-11
4.2747e-11
4.2234e-11
4.1727e-11
4.1226e-11
4.0731e-11
4.0241e-11
3.9757e-11
3.9279e-11
3.8806e-11
3.8339e-11
3.7877e-11
3.7421e-11
3.6969e-11
3.6523e-11
3.6083e-11
3.5647e-11
3.5217e-11
3.4791e-11
3.4371e-11
3.3955e-11
3.3544e-11
3.3138e-11
3.2737e-11
3.2341e-11
3.1949e-11
3.1561e-11
3.1179e-11
3.08e-11
3.0426e-11
3.0057e-11
2.9692e-11
2.9331e-11
2.8974e-11
2.8622e-11
2.8274e-11
2.7929e-11
2.7589e-11
2.7253e-11
2.6921e-11
2.6593e-11
2.6268e-11
2.5948e-11
2.5631e-11
2.5318e-11
2.5009e-11
2.4703e-11
2.4401e-11
2.4102e-11
2.3807e-11
2.3516e-11
2.3228e-11
2.2943e-11
2.2662e-11
2.2384e-11
2.2109e-11
2.1838e-11
2.157e-11
2.1305e-11
2.1043e-11
2.0784e-11
2.0528e-11
2.0276e-11
2.0026e-11
1.9779e-11
1.9536e-11
1.9295e-11
1.9057e-11
1.8822e-11
1.859e-11
1.836e-11
1.8133e-11
1.7909e-11
1.7688e-11
1.7469e-11
1.7253e-11
1.704e-11
1.6829e-11
1.662e-11
1.6414e-11
1.6211e-11
1.601e-11
1.5811e-11
1.5615e-11
1.5421e-11
1.5229e-11
1.504e-11
1.4853e-11
1.4668e-11
1.4486e-11
1.4305e-11
1.4127e-11
1.3951e-11
1.3777e-11
1.3606e-11
1.3436e-11
1.3268e-11
1.3103e-11
1.2939e-11
1.2777e-11
1.2618e-11
1.246e-11
1.2304e-11
1.215e-11
1.1998e-11
1.1848e-11
1.1699e-11
1.1553e-11
1.1408e-11
1.1265e-11
1.1123e-11
1.0984e-11
1.0846e-11
1.0709e-11
1.0575e-11
1.0442e-11
1.031e-11
1.0181e-11
1.0052e-11
9.9259e-12
9.8008e-12
9.6773e-12
9.5552e-12
9.4347e-12
9.3156e-12
9.198e-12
9.0818e-12
8.9671e-12
8.8537e-12
8.7417e-12
8.6312e-12
8.5219e-12
8.414e-12
8.3074e-12
8.2022e-12
8.0982e-12
7.9955e-12
7.8941e-12
7.7939e-12
7.6949e-12
7.5972e-12
7.5006e-12
7.4053e-12
7.3111e-12
7.2181e-12
7.1262e-12
7.0355e-12
6.9459e-12
6.8574e-12
6.77e-12
6.6836e-12
6.5984e-12
6.5141e-12
6.431e-12
6.3488e-12
6.2677e-12
6.1876e-12
6.1085e-12
6.0303e-12
5.9531e-12
5.8769e-12
5.8016e-12
5.7273e-12
5.6539e-12
5.5814e-12
5.5098e-12
5.4391e-12
5.3692e-12
5.3003e-12
5.2322e-12
5.1649e-12
5.0985e-12
5.0329e-12
4.9681e-12
4.9042e-12
4.841e-12
4.7786e-12
4.717e-12
4.6562e-12
4.5961e-12
4.5368e-12
4.4782e-12
4.4204e-12
4.3633e-12
4.3069e-12
4.2512e-12
4.1962e-12
4.1419e-12
4.0883e-12
4.0354e-12
3.9831e-12
3.9314e-12
3.8805e-12
3.8301e-12
3.7804e-12
3.7314e-12
3.6829e-12
3.6351e-12
3.5878e-12
3.5412e-12
3.4951e-12
3.4496e-12
3.4047e-12
3.3604e-12
3.3166e-12
3.2734e-12
3.2307e-12
3.1886e-12
3.147e-12
3.1059e-12
3.0653e-12
3.0253e-12
2.9858e-12
2.9467e-12
2.9082e-12
2.8702e-12
2.8326e-12
2.7955e-12
2.7589e-12
2.7227e-12
2.6871e-12
2.6518e-12
2.617e-12
2.5827e-12
2.5488e-12
2.5153e-12
2.4823e-12
2.4496e-12
2.4174e-12
2.3856e-12
2.3542e-12
2.3232e-12
2.2926e-12
2.2624e-12
2.2326e-12
2.2032e-12
2.1741e-12
2.1454e-12
2.1171e-12
2.0892e-12
2.0616e-12
2.0343e-12
2.0074e-12
1.9809e-12
1.9547e-12
1.9288e-12
1.9033e-12
1.8781e-12
1.8532e-12
1.8286e-12
1.8044e-12
1.7804e-12
1.7568e-12
1.7335e-12
1.7105e-12
1.6877e-12
1.6653e-12
1.6432e-12
1.6213e-12
1.5997e-12
1.5784e-12
1.5574e-12
1.5367e-12
1.5162e-12
1.496e-12
1.476e-12
1.4563e-12
1.4369e-12
1.4177e-12
1.3988e-12
1.3801e-12
1.3616e-12
1.3434e-12
1.3255e-12
1.3077e-12
1.2902e-12
1.2729e-12
1.2559e-12
1.239e-12
1.2224e-12
1.206e-12
1.1898e-12
1.1739e-12
1.1581e-12
1.1426e-12
1.1272e-12
1.1121e-12
1.0971e-12
1.0823e-12
1.0678e-12
1.0534e-12
1.0392e-12
1.0252e-12
1.0114e-12
9.9775e-13
9.8429e-13
9.7101e-13
9.579e-13
9.4496e-13
9.322e-13
9.196e-13
9.0717e-13
8.949e-13
8.8279e-13
8.7084e-13
8.5905e-13
8.4742e-13
8.3593e-13
8.246e-13
8.1342e-13
8.0239e-13
7.915e-13
7.8075e-13
7.7015e-13
7.5969e-13
7.4936e-13
7.3917e-13
7.2912e-13
7.192e-13
7.0941e-13
6.9975e-13
6.9022e-13
6.8082e-13
6.7154e-13
6.6238e-13
6.5334e-13
6.4443e-13
6.3563e-13
6.2695e-13
6.1839e-13
6.0993e-13
6.016e-13
5.9337e-13
5.8525e-13
5.7724e-13
5.6934e-13
5.6154e-13
5.5384e-13
5.4625e-13
5.3876e-13
5.3137e-13
5.2408e-13
5.1688e-13
5.0979e-13
5.0278e-13
4.9587e-13
4.8906e-13
4.8233e-13
4.7569e-13
4.6915e-13
4.6269e-13
4.5632e-13
4.5003e-13
4.4383e-13
4.3771e-13
4.3167e-13
4.2571e-13
4.1984e-13
4.1404e-13
4.0832e-13
4.0268e-13
3.9711e-13
3.9162e-13
3.862e-13
3.8086e-13
3.7558e-13
3.7038e-13
3.6525e-13
3.6019e-13
3.5519e-13
3.5027e-13
3.4541e-13
3.4061e-13
3.3588e-13
3.3122e-13
3.2662e-13
3.2208e-13
3.176e-13
3.1318e-13
3.0882e-13
3.0452e-13
3.0028e-13
2.961e-13
2.9197e-13
2.879e-13
2.8389e-13
2.7993e-13
2.7602e-13
2.7217e-13
2.6837e-13
2.6462e-13
2.6092e-13
2.5727e-13
2.5367e-13
2.5012e-13
2.4662e-13
2.4317e-13
2.3976e-13
2.364e-13
2.3309e-13
2.2982e-13
2.266e-13
2.2342e-13
2.2028e-13
2.1719e-13
2.1414e-13
2.1113e-13
2.0816e-13
2.0523e-13
2.0235e-13
1.995e-13
1.9669e-13
1.9392e-13
1.9119e-13
1.885e-13
1.8584e-13
1.8322e-13
1.8063e-13
1.7808e-13
1.7557e-13
1.7309e-13
1.7064e-13
1.6823e-13
1.6585e-13
1.6351e-13
1.6119e-13
1.5891e-13
1.5666e-13
1.5444e-13
1.5226e-13
1.501e-13
1.4797e-13
1.4587e-13
1.438e-13
1.4176e-13
1.3975e-13
1.3776e-13
1.358e-13
1.3387e-13
1.3197e-13
1.3009e-13
1.2824e-13
1.2642e-13
1.2462e-13
1.2284e-13
1.2109e-13
1.1936e-13
1.1766e-13
1.1598e-13
1.1433e-13
1.127e-13
1.1109e-13
1.095e-13
1.0794e-13
1.0639e-13
1.0487e-13
1.0337e-13
1.0189e-13
1.0043e-13
9.8994e-14
9.7576e-14
9.6178e-14
9.4799e-14
9.3439e-14
9.2099e-14
9.0777e-14
8.9474e-14
8.8189e-14
8.6922e-14
8.5673e-14
8.4441e-14
8.3226e-14
8.2029e-14
8.0848e-14
7.9684e-14
7.8537e-14
7.7405e-14
7.629e-14
7.519e-14
7.4105e-14
7.3036e-14
7.1982e-14
7.0943e-14
6.9918e-14
6.8908e-14
6.7912e-14
6.693e-14
6.5962e-14
6.5008e-14
6.4067e-14
6.314e-14
6.2225e-14
6.1324e-14
6.0435e-14
5.9559e-14
5.8695e-14
5.7843e-14
5.7004e-14
5.6176e-14
5.536e-14
5.4556e-14
5.3763e-14
5.2981e-14
5.2211e-14
5.1451e-14
5.0702e-14
4.9964e-14
4.9236e-14
4.8519e-14
4.7812e-14
4.7115e-14
4.6428e-14
4.575e-14
4.5082e-14
4.4424e-14
4.3775e-14
4.3136e-14
4.2505e-14
4.1884e-14
4.1271e-14
4.0668e-14
4.0072e-14
3.9486e-14
3.8907e-14
3.8337e-14
3.7776e-14
3.7222e-14
3.6676e-14
3.6138e-14
3.5607e-14
3.5085e-14
3.4569e-14
3.4062e-14
3.3561e-14
3.3068e-14
3.2581e-14
3.2102e-14
3.163e-14
3.1164e-14
3.0705e-14
3.0253e-14
2.9807e-14
2.9367e-14
2.8934e-14
2.8508e-14
2.8087e-14
2.7672e-14
2.7264e-14
2.6861e-14
2.6464e-14
2.6073e-14
2.5687e-14
2.5307e-14
2.4933e-14
2.4564e-14
2.42e-14
2.3841e-14
2.3488e-14
2.314e-14
2.2797e-14
2.2459e-14
2.2125e-14
2.1797e-14
2.1473e-14
2.1154e-14
2.084e-14
2.053e-14
2.0225e-14
1.9924e-14
1.9628e-14
1.9336e-14
1.9048e-14
1.8764e-14
1.8485e-14
1.8209e-14
1.7938e-14
1.767e-14
1.7406e-14
1.7147e-14
1.6891e-14
1.6638e-14
1.639e-14
1.6145e-14
1.5904e-14
1.5666e-14
1.5431e-14
1.52e-14
1.4973e-14
1.4749e-14
1.4528e-14
1.431e-14
1.4095e-14
1.3884e-14
1.3676e-14
1.3471e-14
1.3268e-14
1.3069e-14
1.2873e-14
1.2679e-14
1.2489e-14
1.2301e-14
1.2116e-14
1.1934e-14
1.1754e-14
1.1577e-14
1.1403e-14
1.1231e-14
1.1062e-14
1.0895e-14
1.0731e-14
1.0569e-14
1.0409e-14
1.0252e-14
1.0097e-14
9.9448e-15
9.7945e-15
9.6464e-15
9.5006e-15
9.3569e-15
9.2153e-15
9.0758e-15
8.9383e-15
8.803e-15
8.6696e-15
8.5382e-15
8.4087e-15
8.2812e-15
8.1555e-15
8.0317e-15
7.9098e-15
7.7897e-15
7.6713e-15
7.5547e-15
7.4399e-15
7.3267e-15
7.2153e-15
7.1054e-15
6.9973e-15
6.8907e-15
6.7858e-15
6.6823e-15
6.5805e-15
6.4801e-15
6.3813e-15
6.2839e-15
6.188e-15
6.0935e-15
6.0005e-15
5.9088e-15
5.8185e-15
5.7295e-15
5.6419e-15
5.5556e-15
5.4705e-15
5.3868e-15
5.3043e-15
5.223e-15
5.143e-15
5.0641e-15
4.9865e-15
4.91e-15
4.8346e-15
4.7604e-15
4.6873e-15
4.6153e-15
4.5444e-15
4.4746e-15
4.4058e-15
4.338e-15
4.2713e-15
4.2055e-15
4.1408e-15
4.077e-15
4.0142e-15
3.9523e-15
3.8914e-15
3.8314e-15
3.7723e-15
3.7141e-15
3.6568e-15
3.6003e-15
3.5447e-15
3.4899e-15
3.436e-15
3.3829e-15
3.3305e-15
3.279e-15
3.2283e-15
3.1783e-15
3.1291e-15
3.0806e-15
3.0328e-15
2.9858e-15
2.9395e-15
2.8939e-15
2.849e-15
2.8048e-15
2.7612e-15
2.7184e-15
2.6761e-15
2.6345e-15
2.5936e-15
2.5532e-15
2.5135e-15
2.4744e-15
2.4359e-15
2.3979e-15
2.3606e-15
2.3238e-15
2.2876e-15
2.2519e-15
2.2168e-15
2.1822e-15
2.1481e-15
2.1146e-15
2.0816e-15
2.049e-15
2.017e-15
1.9855e-15
1.9544e-15
1.9239e-15
1.8938e-15
1.8641e-15
1.8349e-15
1.8062e-15
1.7779e-15
1.75e-15
1.7226e-15
1.6956e-15
1.6689e-15
1.6428e-15
1.617e-15
1.5916e-15
1.5666e-15
1.542e-15
1.5177e-15
1.4938e-15
1.4703e-15
1.4472e-15
1.4244e-15
1.402e-15
1.3799e-15
1.3582e-15
1.3368e-15
1.3157e-15
1.295e-15
1.2745e-15
1.2544e-15
1.2346e-15
1.2151e-15
1.1959e-15
1.177e-15
1.1584e-15
1.1401e-15
1.1221e-15
1.1043e-15
1.0868e-15
1.0696e-15
1.0527e-15
1.036e-15
1.0196e-15
1.0034e-15
9.8753e-16
9.7187e-16
9.5645e-16
9.4127e-16
9.2632e-16
9.1161e-16
8.9713e-16
8.8287e-16
8.6884e-16
8.5502e-16
8.4142e-16
8.2803e-16
8.1485e-16
8.0188e-16
7.8911e-16
7.7653e-16
7.6416e-16
7.5197e-16
7.3998e-16
7.2818e-16
7.1656e-16
7.0512e-16
6.9386e-16
6.8278e-16
6.7187e-16
6.6113e-16
6.5056e-16
6.4015e-16
6.2991e-16
6.1983e-16
6.0991e-16
6.0014e-16
5.9053e-16
5.8107e-16
5.7175e-16
5.6259e-16
5.5356e-16
5.4468e-16
5.3594e-16
5.2734e-16
5.1887e-16
5.1053e-16
5.0233e-16
4.9425e-16
4.8631e-16
4.7848e-16
4.7079e-16
4.6321e-16
4.5575e-16
4.4841e-16
4.4119e-16
4.3408e-16
4.2708e-16
4.2019e-16
4.1342e-16
4.0675e-16
4.0018e-16
3.9372e-16
3.8736e-16
3.811e-16
3.7495e-16
3.6888e-16
3.6292e-16
3.5705e-16
3.5127e-16
3.4559e-16
3.3999e-16
3.3448e-16
3.2907e-16
3.2373e-16
3.1849e-16
3.1332e-16
3.0824e-16
3.0324e-16
2.9831e-16
2.9347e-16
2.887e-16
2.8401e-16
2.794e-16
2.7486e-16
2.7039e-16
2.6599e-16
2.6166e-16
2.574e-16
2.5321e-16
2.4909e-16
2.4503e-16
2.4104e-16
2.3711e-16
2.3324e-16
2.2944e-16
2.2569e-16
2.2201e-16
2.1838e-16
2.1482e-16
2.1131e-16
2.0785e-16
2.0446e-16
2.0111e-16
1.9782e-16
1.9459e-16
1.914e-16
1.8827e-16
1.8518e-16
1.8215e-16
1.7916e-16
1.7623e-16
1.7334e-16
1.7049e-16
1.677e-16
1.6494e-16
1.6224e-16
1.5957e-16
1.5695e-16
1.5437e-16
1.5183e-16
1.4934e-16
1.4688e-16
1.4446e-16
1.4209e-16
1.3975e-16
1.3744e-16
1.3518e-16
1.3295e-16
1.3076e-16
1.2861e-16
1.2648e-16
1.244e-16
1.2234e-16
1.2032e-16
1.1834e-16
1.1638e-16
1.1446e-16
1.1257e-16
1.1071e-16
1.0887e-16
1.0707e-16
1.053e-16
1.0356e-16
1.0184e-16
1.0016e-16
9.8496e-17
9.6864e-17
9.5258e-17
9.3678e-17
9.2124e-17
9.0595e-17
8.9091e-17
8.7612e-17
8.6156e-17
8.4725e-17
8.3317e-17
8.1931e-17
8.0569e-17
7.9228e-17
7.791e-17
7.6613e-17
7.5337e-17
7.4083e-17
7.2848e-17
7.1634e-17
7.044e-17
6.9265e-17
6.811e-17
6.6973e-17
6.5855e-17
6.4756e-17
6.3674e-17
6.261e-17
6.1564e-17
6.0535e-17
5.9523e-17
5.8527e-17
5.7548e-17
5.6585e-17
5.5637e-17
5.4705e-17
5.3789e-17
5.2888e-17
5.2001e-17
5.1129e-17
5.0272e-17
4.9428e-17
4.8599e-17
4.7783e-17
4.698e-17
4.6191e-17
4.5415e-17
4.4652e-17
4.3901e-17
4.3163e-17
4.2437e-17
4.1722e-17
4.102e-17
4.0329e-17
3.965e-17
3.8982e-17
3.8325e-17
3.7679e-17
3.7044e-17
3.6419e-17
3.5804e-17
3.52e-17
3.4606e-17
3.4021e-17
3.3446e-17
3.2881e-17
3.2325e-17
3.1779e-17
3.1241e-17
3.0713e-17
3.0193e-17
2.9682e-17
2.9179e-17
2.8685e-17
2.8199e-17
2.7721e-17
2.7251e-17
2.6789e-17
2.6334e-17
2.5887e-17
2.5448e-17
2.5016e-17
2.4591e-17
2.4173e-17
2.3762e-17
2.3358e-17
2.2961e-17
2.257e-17
2.2186e-17
2.1809e-17
2.1437e-17
2.1072e-17
2.0713e-17
2.036e-17
2.0013e-17
1.9672e-17
1.9337e-17
1.9007e-17
1.8682e-17
1.8363e-17
1.805e-17
1.7742e-17
1.7438e-17
1.714e-17
1.6847e-17
1.6559e-17
1.6276e-17
1.5997e-17
1.5724e-17
1.5454e-17
1.519e-17
1.4929e-17
1.4674e-17
1.4422e-17
1.4175e-17
1.3932e-17
1.3693e-17
1.3458e-17
1.3227e-17
1.2999e-17
1.2776e-17
1.2557e-17
1.2341e-17
1.2129e-17
1.192e-17
1.1715e-17
1.1513e-17
1.1315e-17
1.112e-17
1.0929e-17
1.0741e-17
1.0556e-17
1.0374e-17
1.0195e-17
1.0019e-17
9.846e-18
9.6761e-18
9.5091e-18
9.3449e-18
9.1835e-18
9.0248e-18
8.8688e-18
8.7155e-18
8.5648e-18
8.4166e-18
8.271e-18
8.1278e-18
7.9871e-18
7.8487e-18
7.7128e-18
7.5791e-18
7.4477e-18
7.3186e-18
7.1917e-18
7.0669e-18
6.9443e-18
6.8237e-18
6.7052e-18
6.5888e-18
6.4743e-18
6.3618e-18
6.2512e-18
6.1425e-18
6.0356e-18
5.9306e-18
5.8274e-18
5.7259e-18
5.6262e-18
5.5282e-18
5.4319e-18
5.3372e-18
5.2441e-18
5.1527e-18
5.0628e-18
4.9744e-18
4.8876e-18
4.8023e-18
4.7184e-18
4.636e-18
4.555e-18
4.4753e-18
4.3971e-18
4.3202e-18
4.2446e-18
4.1703e-18
4.0973e-18
4.0256e-18
3.955e-18
3.8857e-18
3.8176e-18
3.7507e-18
3.6849e-18
3.6203e-18
3.5568e-18
3.4944e-18
3.433e-18
3.3727e-18
3.3135e-18
3.2552e-18
3.198e-18
3.1418e-18
3.0865e-18
3.0323e-18
2.9789e-18
2.9265e-18
2.8749e-18
2.8243e-18
2.7745e-18
2.7256e-18
2.6776e-18
2.6304e-18
2.584e-18
2.5384e-18
2.4936e-18
2.4496e-18
2.4063e-18
2.3638e-18
2.3221e-18
2.281e-18
2.2407e-18
2.2011e-18
2.1622e-18
2.1239e-18
2.0863e-18
2.0494e-18
2.0131e-18
1.9774e-18
1.9424e-18
1.908e-18
1.8741e-18
1.8409e-18
1.8083e-18
1.7762e-18
1.7446e-18
1.7137e-18
1.6832e-18
1.6533e-18
1.624e-18
1.5951e-18
1.5667e-18
1.5389e-18
1.5115e-18
1.4846e-18
1.4582e-18
1.4322e-18
1.4067e-18
1.3817e-18
1.357e-18
1.3328e-18
1.3091e-18
1.2857e-18
1.2628e-18
1.2403e-18
1.2181e-18
1.1964e-18
1.175e-18
1.154e-18
1.1334e-18
1.1131e-18
1.0932e-18
1.0737e-18
1.0545e-18
1.0356e-18
1.0171e-18
9.9886e-19
9.8097e-19
9.6339e-19
9.4613e-19
9.2917e-19
9.1251e-19
8.9614e-19
8.8007e-19
8.6427e-19
8.4876e-19
8.3352e-19
8.1855e-19
8.0384e-19
7.894e-19
7.7521e-19
7.6127e-19
7.4758e-19
7.3413e-19
7.2091e-19
7.0794e-19
6.9519e-19
6.8267e-19
6.7037e-19
6.5829e-19
6.4642e-19
6.3477e-19
6.2332e-19
6.1207e-19
6.0103e-19
5.9018e-19
5.7952e-19
5.6905e-19
5.5877e-19
5.4867e-19
5.3875e-19
5.2901e-19
5.1944e-19
5.1005e-19
5.0082e-19
4.9175e-19
4.8285e-19
4.741e-19
4.6551e-19
4.5708e-19
4.4879e-19
4.4065e-19
4.3266e-19
4.2481e-19
4.171e-19
4.0953e-19
4.0209e-19
3.9479e-19
3.8762e-19
3.8057e-19
3.7366e-19
3.6686e-19
3.6019e-19
3.5364e-19
3.472e-19
3.4088e-19
3.3467e-19
3.2858e-19
3.2259e-19
3.1671e-19
3.1094e-19
3.0527e-19
2.997e-19
2.9423e-19
2.8887e-19
2.8359e-19
2.7841e-19
2.7333e-19
2.6834e-19
2.6343e-19
2.5862e-19
2.5389e-19
2.4925e-19
2.4469e-19
2.4021e-19
2.3581e-19
2.3149e-19
2.2725e-19
2.2309e-19
2.19e-19
2.1499e-19
2.1105e-19
2.0718e-19
2.0338e-19
1.9964e-19
1.9598e-19
1.9238e-19
1.8885e-19
1.8538e-19
1.8197e-19
1.7863e-19
1.7534e-19
1.7212e-19
1.6895e-19
1.6584e-19
1.6279e-19
1.5979e-19
1.5685e-19
1.5396e-19
1.5113e-19
1.4834e-19
1.4561e-19
1.4292e-19
1.4028e-19
1.377e-19
1.3515e-19
1.3266e-19
1.3021e-19
1.2781e-19
1.2544e-19
1.2313e-19
1.2085e-19
1.1861e-19
1.1642e-19
1.1427e-19
1.1215e-19
1.1008e-19
1.0804e-19
1.0604e-19
1.0407e-19
1.0214e-19
1.0025e-19
9.8392e-20
9.6567e-20
9.4775e-20
9.3016e-20
9.129e-20
8.9595e-20
8.7931e-20
8.6298e-20
8.4694e-20
8.312e-20
8.1574e-20
8.0057e-20
7.8568e-20
7.7106e-20
7.5671e-20
7.4262e-20
7.2879e-20
7.1522e-20
7.0189e-20
6.8881e-20
6.7597e-20
6.6336e-20
6.5099e-20
6.3884e-20
6.2692e-20
6.1522e-20
6.0373e-20
5.9245e-20
5.8138e-20
5.7052e-20
5.5985e-20
5.4939e-20
5.3911e-20
5.2902e-20
5.1913e-20
5.0941e-20
4.9987e-20
4.9051e-20
4.8132e-20
4.723e-20
4.6345e-20
4.5476e-20
4.4623e-20
4.3786e-20
4.2964e-20
4.2158e-20
4.1366e-20
4.059e-20
3.9827e-20
3.9079e-20
3.8344e-20
3.7624e-20
3.6916e-20
3.6222e-20
3.554e-20
3.4871e-20
3.4215e-20
3.3571e-20
3.2938e-20
3.2318e-20
3.1709e-20
3.1111e-20
3.0525e-20
2.9949e-20
2.9384e-20
2.8829e-20
2.8285e-20
2.7751e-20
2.7227e-20
2.6713e-20
2.6208e-20
2.5713e-20
2.5227e-20
2.475e-20
2.4282e-20
2.3822e-20
2.3371e-20
2.2929e-20
2.2495e-20
2.2069e-20
2.165e-20
2.124e-20
2.0838e-20
2.0442e-20
2.0055e-20
1.9674e-20
1.9301e-20
1.8935e-20
1.8575e-20
1.8222e-20
1.7876e-20
1.7537e-20
1.7203e-20
1.6876e-20
1.6555e-20
1.624e-20
1.5931e-20
1.5628e-20
1.5331e-20
1.5039e-20
1.4752e-20
1.4471e-20
1.4195e-20
1.3925e-20
1.3659e-20
1.3399e-20
1.3143e-20
1.2892e-20
1.2646e-20
1.2405e-20
1.2168e-20
1.1936e-20
1.1708e-20
1.1484e-20
1.1264e-20
1.1049e-20
1.0838e-20
1.063e-20
1.0427e-20
1.0227e-20
1.0031e-20
9.8392e-21
9.6507e-21
9.4658e-21
9.2844e-21
9.1064e-21
8.9317e-21
8.7604e-21
8.5923e-21
8.4274e-21
8.2656e-21
8.1069e-21
7.9511e-21
7.7984e-21
7.6485e-21
7.5015e-21
7.3572e-21
7.2157e-21
7.0769e-21
6.9407e-21
6.8071e-21
6.6761e-21
6.5475e-21
6.4214e-21
6.2976e-21
6.1763e-21
6.0572e-21
5.9404e-21
5.8258e-21
5.7134e-21
5.6031e-21
5.495e-21
5.3889e-21
5.2848e-21
5.1827e-21
5.0826e-21
4.9843e-21
4.8879e-21
4.7934e-21
4.7007e-21
4.6097e-21
4.5205e-21
4.433e-21
4.3472e-21
4.263e-21
4.1804e-21
4.0994e-21
4.0199e-21
3.9419e-21
3.8655e-21
3.7905e-21
3.7169e-21
3.6448e-21
3.574e-21
3.5046e-21
3.4366e-21
3.3698e-21
3.3043e-21
3.2401e-21
3.177e-21
3.1153e-21
3.0546e-21
2.9952e-21
2.9369e-21
2.8797e-21
2.8236e-21
2.7686e-21
2.7147e-21
2.6618e-21
2.6099e-21
2.559e-21
2.5091e-21
2.4601e-21
2.4121e-21
2.365e-21
2.3188e-21
2.2735e-21
2.2291e-21
2.1856e-21
2.1429e-21
2.101e-21
2.0599e-21
2.0196e-21
1.9801e-21
1.9413e-21
1.9033e-21
1.866e-21
1.8295e-21
1.7936e-21
1.7585e-21
1.724e-21
1.6902e-21
1.6571e-21
1.6246e-21
1.5927e-21
1.5614e-21
1.5308e-21
1.5007e-21
1.4712e-21
1.4423e-21
1.414e-21
1.3862e-21
1.3589e-21
1.3322e-21
1.306e-21
1.2803e-21
1.2551e-21
1.2304e-21
1.2062e-21
1.1824e-21
1.1591e-21
1.1363e-21
1.1139e-21
1.0919e-21
1.0704e-21
1.0493e-21
1.0286e-21
1.0083e-21
9.8835e-22
9.6883e-22
9.4969e-22
9.3093e-22
9.1253e-22
8.9449e-22
8.768e-22
8.5946e-22
8.4246e-22
8.2579e-22
8.0944e-22
7.9342e-22
7.7771e-22
7.623e-22
7.472e-22
7.3239e-22
7.1787e-22
7.0364e-22
6.8968e-22
6.76e-22
6.6258e-22
6.4943e-22
6.3654e-22
6.239e-22
6.115e-22
5.9935e-22
5.8744e-22
5.7577e-22
5.6432e-22
5.5309e-22
5.4209e-22
5.313e-22
5.2073e-22
5.1036e-22
5.002e-22
4.9023e-22
4.8047e-22
4.7089e-22
4.615e-22
4.523e-22
4.4328e-22
4.3444e-22
4.2577e-22
4.1727e-22
4.0894e-22
4.0077e-22
3.9277e-22
3.8492e-22
3.7723e-22
3.6969e-22
3.6229e-22
3.5505e-22
3.4795e-22
3.4098e-22
3.3416e-22
3.2747e-22
3.2091e-22
3.1448e-22
3.0818e-22
3.0201e-22
2.9595e-22
2.9002e-22
2.842e-22
2.785e-22
2.7291e-22
2.6743e-22
2.6207e-22
2.568e-22
2.5165e-22
2.4659e-22
2.4163e-22
2.3678e-22
2.3202e-22
2.2735e-22
2.2278e-22
2.1829e-22
2.139e-22
2.0959e-22
2.0537e-22
2.0124e-22
1.9718e-22
1.9321e-22
1.8932e-22
1.855e-22
1.8176e-22
1.7809e-22
1.745e-22
1.7098e-22
1.6753e-22
1.6414e-22
1.6083e-22
1.5758e-22
1.5439e-22
1.5127e-22
1.4822e-22
1.4522e-22
1.4228e-22
1.394e-22
1.3658e-22
1.3382e-22
1.3111e-22
1.2845e-22
1.2585e-22
1.233e-22
1.208e-22
1.1835e-22
1.1595e-22
1.136e-22
1.113e-22
1.0904e-22
1.0682e-22
1.0466e-22
1.0253e-22
1.0045e-22
9.8407e-23
9.6407e-23
9.4447e-23
9.2527e-23
9.0645e-23
8.8801e-23
8.6994e-23
8.5223e-23
8.3488e-23
8.1788e-23
8.0122e-23
7.849e-23
7.6891e-23
7.5323e-23
7.3788e-23
7.2283e-23
7.0808e-23
6.9364e-23
6.7948e-23
6.6561e-23
6.5202e-23
6.387e-23
6.2566e-23
6.1287e-23
6.0034e-23
5.8807e-23
5.7605e-23
5.6426e-23
5.5272e-23
5.4141e-23
5.3033e-23
5.1947e-23
5.0883e-23
4.9841e-23
4.882e-23
4.7819e-23
4.6839e-23
4.5878e-23
4.4938e-23
4.4016e-23
4.3113e-23
4.2228e-23
4.1361e-23
4.0511e-23
3.9679e-23
3.8864e-23
3.8066e-23
3.7283e-23
3.6517e-23
3.5766e-23
3.503e-23
3.4309e-23
3.3603e-23
3.2911e-23
3.2234e-23
3.157e-23
3.092e-23
3.0282e-23
2.9658e-23
2.9047e-23
2.8448e-23
2.7861e-23
2.7286e-23
2.6723e-23
2.6172e-23
2.5632e-23
2.5102e-23
2.4584e-23
2.4076e-23
2.3578e-23
2.3091e-23
2.2613e-23
2.2146e-23
2.1688e-23
2.1239e-23
2.0799e-23
2.0369e-23
1.9947e-23
1.9534e-23
1.9129e-23
1.8733e-23
1.8345e-23
1.7964e-23
1.7592e-23
1.7227e-23
1.687e-23
1.652e-23
1.6177e-23
1.5841e-23
1.5512e-23
1.519e-23
1.4874e-23
1.4565e-23
1.4262e-23
1.3966e-23
1.3675e-23
1.3391e-23
1.3112e-23
1.2839e-23
1.2572e-23
1.231e-23
1.2054e-23
1.1803e-23
1.1557e-23
1.1316e-23
1.108e-23
1.0849e-23
1.0623e-23
1.0401e-23
1.0184e-23
9.9715e-24
9.7634e-24
9.5595e-24
9.3598e-24
9.1643e-24
8.9728e-24
8.7852e-24
8.6015e-24
8.4217e-24
8.2455e-24
8.073e-24
7.904e-24
7.7386e-24
7.5766e-24
7.4179e-24
7.2625e-24
7.1103e-24
6.9613e-24
6.8154e-24
6.6725e-24
6.5325e-24
6.3955e-24
6.2613e-24
6.1299e-24
6.0012e-24
5.8752e-24
5.7518e-24
5.631e-24
5.5126e-24
5.3968e-24
5.2833e-24
5.1722e-24
5.0634e-24
4.9569e-24
4.8526e-24
4.7505e-24
4.6504e-24
4.5525e-24
4.4566e-24
4.3627e-24
4.2708e-24
4.1808e-24
4.0926e-24
4.0063e-24
3.9218e-24
3.8391e-24
3.758e-24
3.6787e-24
3.601e-24
3.525e-24
3.4505e-24
3.3776e-24
3.3062e-24
3.2364e-24
3.1679e-24
3.1009e-24
3.0353e-24
2.9711e-24
2.9082e-24
2.8467e-24
2.7864e-24
2.7274e-24
2.6696e-24
2.613e-24
2.5576e-24
2.5034e-24
2.4503e-24
2.3984e-24
2.3475e-24
2.2977e-24
2.2489e-24
2.2012e-24
2.1544e-24
2.1087e-24
2.0639e-24
2.02e-24
1.9771e-24
1.935e-24
1.8939e-24
1.8536e-24
1.8142e-24
1.7756e-24
1.7378e-24
1.7008e-24
1.6646e-24
1.6291e-24
1.5944e-24
1.5604e-24
1.5272e-24
1.4946e-24
1.4627e-24
1.4315e-24
1.401e-24
1.3711e-24
1.3418e-24
1.3132e-24
1.2851e-24
1.2577e-24
1.2308e-24
1.2045e-24
1.1788e-24
1.1536e-24
1.1289e-24
1.1047e-24
1.0811e-24
1.058e-24
1.0353e-24
1.0131e-24
9.9145e-25
9.7021e-25
9.4942e-25
9.2908e-25
9.0916e-25
8.8967e-25
8.7059e-25
8.5191e-25
8.3363e-25
8.1574e-25
7.9823e-25
7.8109e-25
7.6432e-25
7.479e-25
7.3183e-25
7.161e-25
7.0071e-25
6.8564e-25
6.709e-25
6.5646e-25
6.4234e-25
6.2851e-25
6.1498e-25
6.0174e-25
5.8878e-25
5.761e-25
5.6369e-25
5.5154e-25
5.3965e-25
5.2801e-25
5.1662e-25
5.0548e-25
4.9457e-25
4.839e-25
4.7345e-25
4.6323e-25
4.5323e-25
4.4344e-25
4.3385e-25
4.2448e-25
4.153e-25
4.0632e-25
3.9753e-25
3.8893e-25
3.8052e-25
3.7228e-25
3.6422e-25
3.5634e-25
3.4862e-25
3.4107e-25
3.3368e-25
3.2645e-25
3.1937e-25
3.1244e-25
3.0567e-25
2.9904e-25
2.9255e-25
2.862e-25
2.7999e-25
2.7391e-25
2.6796e-25
2.6214e-25
2.5644e-25
2.5087e-25
2.4542e-25
2.4008e-25
2.3486e-25
2.2975e-25
2.2475e-25
2.1986e-25
2.1507e-25
2.1039e-25
2.0581e-25
2.0132e-25
1.9694e-25
1.9265e-25
1.8845e-25
1.8434e-25
1.8032e-25
1.7638e-25
1.7254e-25
1.6877e-25
1.6509e-25
1.6148e-25
1.5796e-25
1.5451e-25
1.5113e-25
1.4783e-25
1.446e-25
1.4143e-25
1.3834e-25
1.3531e-25
1.3235e-25
1.2946e-25
1.2662e-25
1.2385e-25
1.2114e-25
1.1849e-25
1.1589e-25
1.1335e-25
1.1087e-25
1.0843e-25
1.0606e-25
1.0373e-25
1.0145e-25
9.9229e-26
9.7051e-26
9.492e-26
9.2835e-26
9.0796e-26
8.8802e-26
8.685e-26
8.4941e-26
8.3074e-26
8.1247e-26
7.946e-26
7.7712e-26
7.6002e-26
7.4329e-26
7.2693e-26
7.1092e-26
6.9526e-26
6.7994e-26
6.6496e-26
6.5031e-26
6.3597e-26
6.2195e-26
6.0823e-26
5.9481e-26
5.8169e-26
5.6885e-26
5.5629e-26
5.4401e-26
5.3199e-26
5.2024e-26
5.0875e-26
4.975e-26
4.8651e-26
4.7575e-26
4.6523e-26
4.5494e-26
4.4487e-26
4.3502e-26
4.254e-26
4.1598e-26
4.0676e-26
3.9775e-26
3.8894e-26
3.8032e-26
3.7189e-26
3.6365e-26
3.5558e-26
3.477e-26
3.3998e-26
3.3244e-26
3.2506e-26
3.1784e-26
3.1078e-26
3.0388e-26
2.9713e-26
2.9053e-26
2.8407e-26
2.7775e-26
2.7158e-26
2.6554e-26
2.5963e-26
2.5385e-26
2.482e-26
2.4268e-26
2.3727e-26
2.3199e-26
2.2682e-26
2.2177e-26
2.1683e-26
2.1199e-26
2.0727e-26
2.0264e-26
1.9812e-26
1.937e-26
1.8938e-26
1.8515e-26
1.8102e-26
1.7698e-26
1.7302e-26
1.6916e-26
1.6538e-26
1.6168e-26
1.5807e-26
1.5453e-26
1.5107e-26
1.4769e-26
1.4439e-26
1.4116e-26
1.38e-26
1.3491e-26
1.3189e-26
1.2893e-26
1.2604e-26
1.2322e-26
1.2045e-26
1.1775e-26
1.1511e-26
1.1253e-26
1.1001e-26
1.0754e-26
1.0512e-26
1.0276e-26
1.0045e-26
9.8198e-27
9.5992e-27
9.3835e-27
9.1726e-27
8.9663e-27
8.7647e-27
8.5676e-27
8.3748e-27
8.1863e-27
8.0021e-27
7.8219e-27
7.6458e-27
7.4736e-27
7.3052e-27
7.1406e-27
6.9797e-27
6.8223e-27
6.6685e-27
6.5181e-27
6.3711e-27
6.2273e-27
6.0868e-27
5.9494e-27
5.815e-27
5.6837e-27
5.5553e-27
5.4298e-27
5.3071e-27
5.1872e-27
5.0699e-27
4.9552e-27
4.8431e-27
4.7336e-27
4.6265e-27
4.5217e-27
4.4194e-27
4.3193e-27
4.2215e-27
4.1258e-27
4.0324e-27
3.941e-27
3.8516e-27
3.7643e-27
3.6789e-27
3.5955e-27
3.5139e-27
3.4342e-27
3.3562e-27
3.28e-27
3.2055e-27
3.1327e-27
3.0615e-27
2.992e-27
2.924e-27
2.8575e-27
2.7925e-27
2.729e-27
2.6669e-27
2.6062e-27
2.5469e-27
2.4889e-27
2.4323e-27
2.3769e-27
2.3227e-27
2.2698e-27
2.2181e-27
2.1675e-27
2.1181e-27
2.0698e-27
2.0226e-27
1.9764e-27
1.9313e-27
1.8872e-27
1.8442e-27
1.802e-27
1.7609e-27
1.7207e-27
1.6813e-27
1.6429e-27
1.6054e-27
1.5687e-27
1.5328e-27
1.4977e-27
1.4634e-27
1.43e-27
1.3972e-27
1.3652e-27
1.334e-27
1.3034e-27
1.2736e-27
1.2444e-27
1.2158e-27
1.188e-27
1.1607e-27
1.1341e-27
1.1081e-27
1.0827e-27
1.0578e-27
1.0335e-27
1.0098e-27
9.8661e-28
9.6395e-28
9.418e-28
9.2016e-28
8.9901e-28
8.7834e-28
8.5814e-28
8.384e-28
8.1912e-28
8.0027e-28
7.8185e-28
7.6385e-28
7.4626e-28
7.2907e-28
7.1228e-28
6.9587e-28
6.7983e-28
6.6416e-28
6.4885e-28
6.3388e-28
6.1926e-28
6.0497e-28
5.9101e-28
5.7737e-28
5.6404e-28
5.5102e-28
5.3829e-28
5.2586e-28
5.1371e-28
5.0183e-28
4.9023e-28
4.789e-28
4.6782e-28
4.57e-28
4.4643e-28
4.361e-28
4.26e-28
4.1614e-28
4.065e-28
3.9709e-28
3.8789e-28
3.789e-28
3.7012e-28
3.6154e-28
3.5316e-28
3.4497e-28
3.3696e-28
3.2915e-28
3.2151e-28
3.1404e-28
3.0675e-28
2.9963e-28
2.9267e-28
2.8587e-28
2.7923e-28
2.7274e-28
2.664e-28
2.602e-28
2.5415e-28
2.4824e-28
2.4246e-28
2.3682e-28
2.3131e-28
2.2592e-28
2.2066e-28
2.1552e-28
2.105e-28
2.056e-28
2.008e-28
1.9612e-28
1.9155e-28
1.8708e-28
1.8272e-28
1.7845e-28
1.7429e-28
1.7022e-28
1.6625e-28
1.6236e-28
1.5857e-28
1.5487e-28
1.5125e-28
1.4771e-28
1.4426e-28
1.4089e-28
1.3759e-28
1.3437e-28
1.3123e-28
1.2816e-28
1.2516e-28
1.2223e-28
1.1937e-28
1.1657e-28
1.1384e-28
1.1117e-28
1.0857e-28
1.0602e-28
1.0353e-28
1.0111e-28
9.8734e-29
9.6418e-29
9.4155e-29
9.1945e-29
8.9786e-29
8.7678e-29
8.5618e-29
8.3607e-29
8.1642e-29
7.9723e-29
7.7849e-29
7.6018e-29
7.4231e-29
7.2484e-29
7.0779e-29
6.9113e-29
6.7486e-29
6.5898e-29
6.4346e-29
6.283e-29
6.135e-29
5.9904e-29
5.8492e-29
5.7114e-29
5.5767e-29
5.4452e-29
5.3167e-29
5.1913e-29
5.0688e-29
4.9491e-29
4.8323e-29
4.7182e-29
4.6067e-29
4.4979e-29
4.3916e-29
4.2878e-29
4.1865e-29
4.0875e-29
3.9908e-29
3.8964e-29
3.8042e-29
3.7142e-29
3.6263e-29
3.5404e-29
3.4566e-29
3.3747e-29
3.2948e-29
3.2167e-29
3.1405e-29
3.066e-29
2.9934e-29
2.9224e-29
2.8531e-29
2.7854e-29
2.7193e-29
2.6547e-29
2.5917e-29
2.5302e-29
2.4701e-29
2.4114e-29
2.3541e-29
2.2982e-29
2.2435e-29
2.1902e-29
2.1381e-29
2.0873e-29
2.0376e-29
1.9891e-29
1.9418e-29
1.8956e-29
1.8504e-29
1.8064e-29
1.7633e-29
1.7213e-29
1.6803e-29
1.6402e-29
1.6011e-29
1.563e-29
1.5257e-29
1.4893e-29
1.4538e-29
1.4191e-29
1.3852e-29
1.3521e-29
1.3198e-29
1.2883e-29
1.2575e-29
1.2275e-29
1.1981e-29
1.1695e-29
1.1415e-29
1.1142e-29
1.0876e-29
1.0616e-29
1.0362e-29
1.0114e-29
9.8714e-30
9.635e-30
9.4043e-30
9.179e-30
8.959e-30
8.7443e-30
8.5347e-30
8.3301e-30
8.1303e-30
7.9353e-30
7.745e-30
7.5591e-30
7.3777e-30
7.2006e-30
7.0277e-30
6.8589e-30
6.6941e-30
6.5333e-30
6.3763e-30
6.223e-30
6.0734e-30
5.9274e-30
5.7848e-30
5.6457e-30
5.5098e-30
5.3772e-30
5.2478e-30
5.1215e-30
4.9981e-30
4.8777e-30
4.7602e-30
4.6455e-30
4.5336e-30
4.4243e-30
4.3176e-30
4.2135e-30
4.1118e-30
4.0126e-30
3.9158e-30
3.8213e-30
3.729e-30
3.639e-30
3.5511e-30
3.4653e-30
3.3816e-30
3.2999e-30
3.2201e-30
3.1423e-30
3.0663e-30
2.9921e-30
2.9197e-30
2.8491e-30
2.7801e-30
2.7128e-30
2.6471e-30
2.583e-30
2.5205e-30
2.4594e-30
2.3998e-30
2.3417e-30
2.2849e-30
2.2295e-30
2.1754e-30
2.1226e-30
2.0711e-30
2.0209e-30
1.9718e-30
1.924e-30
1.8772e-30
1.8317e-30
1.7872e-30
1.7437e-30
1.7014e-30
1.66e-30
1.6196e-30
1.5803e-30
1.5418e-30
1.5043e-30
1.4677e-30
1.432e-30
1.3971e-30
1.3631e-30
1.3299e-30
1.2975e-30
1.2659e-30
1.2351e-30
1.205e-30
1.1756e-30
1.1469e-30
1.119e-30
1.0917e-30
1.065e-30
1.039e-30
1.0137e-30
9.8894e-31
9.6479e-31
9.4123e-31
9.1823e-31
8.958e-31
8.7391e-31
8.5255e-31
8.317e-31
8.1137e-31
7.9152e-31
7.7216e-31
7.5327e-31
7.3483e-31
7.1685e-31
6.9929e-31
6.8217e-31
6.6546e-31
6.4916e-31
6.3325e-31
6.1773e-31
6.0259e-31
5.8782e-31
5.734e-31
5.5934e-31
5.4561e-31
5.3223e-31
5.1916e-31
5.0642e-31
4.9399e-31
4.8185e-31
4.7002e-31
4.5847e-31
4.472e-31
4.3621e-31
4.2549e-31
4.1503e-31
4.0482e-31
3.9486e-31
3.8515e-31
3.7567e-31
3.6642e-31
3.574e-31
3.486e-31
3.4002e-31
3.3164e-31
3.2347e-31
3.155e-31
3.0772e-31
3.0014e-31
2.9273e-31
2.8551e-31
2.7847e-31
2.716e-31
2.649e-31
2.5836e-31
2.5198e-31
2.4576e-31
2.3969e-31
2.3377e-31
2.2799e-31
2.2236e-31
2.1686e-31
2.115e-31
2.0627e-31
2.0117e-31
1.9619e-31
1.9134e-31
1.866e-31
1.8198e-31
1.7748e-31
1.7308e-31
1.6879e-31
1.6461e-31
1.6053e-31
1.5655e-31
1.5267e-31
1.4889e-31
1.452e-31
1.4159e-31
1.3808e-31
1.3465e-31
1.3131e-31
1.2805e-31
1.2487e-31
1.2177e-31
1.1875e-31
1.158e-31
1.1292e-31
1.1011e-31
1.0738e-31
1.0471e-31
1.021e-31
9.9563e-32
9.7086e-32
9.467e-32
9.2313e-32
9.0015e-32
8.7774e-32
8.5588e-32
8.3456e-32
8.1377e-32
7.9349e-32
7.7371e-32
7.5442e-32
7.3561e-32
7.1727e-32
6.9937e-32
6.8193e-32
6.6491e-32
6.4831e-32
6.3213e-32
6.1634e-32
6.0095e-32
5.8594e-32
5.713e-32
5.5702e-32
5.431e-32
5.2952e-32
5.1628e-32
5.0337e-32
4.9078e-32
4.785e-32
4.6652e-32
4.5485e-32
4.4346e-32
4.3236e-32
4.2153e-32
4.1097e-32
4.0067e-32
3.9063e-32
3.8084e-32
3.7129e-32
3.6198e-32
3.529e-32
3.4405e-32
3.3542e-32
3.27e-32
3.1879e-32
3.1079e-32
3.0299e-32
2.9538e-32
2.8796e-32
2.8072e-32
2.7367e-32
2.6679e-32
2.6008e-32
2.5354e-32
2.4717e-32
2.4095e-32
2.3489e-32
2.2897e-32
2.2321e-32
2.1759e-32
2.1211e-32
2.0677e-32
2.0156e-32
1.9648e-32
1.9153e-32
1.867e-32
1.82e-32
1.7741e-32
1.7293e-32
1.6857e-32
1.6432e-32
1.6017e-32
1.5613e-32
1.5219e-32
1.4835e-32
1.446e-32
1.4095e-32
1.3739e-32
1.3391e-32
1.3053e-32
1.2723e-32
1.2401e-32
1.2088e-32
1.1782e-32
1.1484e-32
1.1193e-32
1.091e-32
1.0634e-32
1.0364e-32
1.0102e-32
9.8461e-33
9.5967e-33
9.3535e-33
9.1165e-33
8.8854e-33
8.6601e-33
8.4405e-33
8.2264e-33
8.0177e-33
7.8143e-33
7.616e-33
7.4226e-33
7.2342e-33
7.0505e-33
6.8714e-33
6.6969e-33
6.5267e-33
6.3609e-33
6.1992e-33
6.0416e-33
5.888e-33
5.7383e-33
5.5923e-33
5.45e-33
5.3114e-33
5.1762e-33
5.0444e-33
4.916e-33
4.7908e-33
4.6688e-33
4.5499e-33
4.434e-33
4.321e-33
4.2109e-33
4.1035e-33
3.9989e-33
3.897e-33
3.7976e-33
3.7007e-33
3.6063e-33
3.5143e-33
3.4246e-33
3.3372e-33
3.252e-33
3.169e-33
3.0881e-33
3.0092e-33
2.9323e-33
2.8574e-33
2.7844e-33
2.7133e-33
2.6439e-33
2.5764e-33
2.5105e-33
2.4463e-33
2.3838e-33
2.3228e-33
2.2634e-33
2.2055e-33
2.1491e-33
2.0942e-33
2.0406e-33
1.9884e-33
1.9375e-33
1.8879e-33
1.8396e-33
1.7926e-33
1.7467e-33
1.702e-33
1.6585e-33
1.616e-33
1.5747e-33
1.5344e-33
1.4951e-33
1.4569e-33
1.4196e-33
1.3833e-33
1.3479e-33
1.3135e-33
1.2799e-33
1.2472e-33
1.2153e-33
1.1842e-33
1.154e-33
1.1245e-33
1.0958e-33
1.0678e-33
1.0406e-33
1.0141e-33
9.8821e-34
9.6304e-34
9.3851e-34
9.1463e-34
8.9137e-34
8.6871e-34
8.4664e-34
8.2516e-34
8.0423e-34
7.8385e-34
7.6401e-34
7.4469e-34
7.2588e-34
7.0757e-34
6.8974e-34
6.7238e-34
6.5548e-34
6.3904e-34
6.2303e-34
6.0745e-34
5.9229e-34
5.7753e-34
5.6318e-34
5.4921e-34
5.3562e-34
5.224e-34
5.0954e-34
4.9704e-34
4.8488e-34
4.7305e-34
4.6156e-34
4.5038e-34
4.3952e-34
4.2897e-34
4.1871e-34
4.0875e-34
3.9907e-34
3.8968e-34
3.8055e-34
3.717e-34
3.6311e-34
3.5477e-34
3.4668e-34
3.3884e-34
3.3124e-34
3.2388e-34
3.1674e-34
3.0984e-34
3.0315e-34
2.9668e-34
2.9043e-34
2.8438e-34
2.7854e-34
2.729e-34
2.6746e-34
2.6221e-34
2.5716e-34
2.5229e-34
2.4761e-34
2.4312e-34
2.388e-34
2.3466e-34
2.307e-34
2.269e-34
2.2328e-34
2.1983e-34
2.1654e-34
2.1342e-34
2.1046e-34
2.0766e-34
2.0503e-34
2.0255e-34
2.0023e-34
1.9806e-34
1.9606e-34
1.942e-34
1.925e-34
1.9096e-34
1.8956e-34
1.8832e-34
1.8724e-34
1.863e-34
1.8552e-34
