1.7386e-42
1.7163e-42
1.7024e-42
1.6969e-42
1.6999e-42
1.7113e-42
1.7313e-42
1.7601e-42
1.7977e-42
1.8445e-42
1.9007e-42
1.9665e-42
2.0425e-42
2.129e-42
2.2265e-42
2.3354e-42
2.4565e-42
2.5902e-42
2.7374e-42
2.8989e-42
3.0754e-42
3.2678e-42
3.4773e-42
3.7049e-42
3.9517e-42
4.2192e-42
4.5085e-42
4.8213e-42
5.1592e-42
5.5239e-42
5.9173e-42
6.3415e-42
6.7985e-42
7.2908e-42
7.821e-42
8.3916e-42
9.0056e-42
9.6663e-42
1.0377e-41
1.1141e-41
1.1963e-41
1.2846e-41
1.3796e-41
1.4817e-41
1.5913e-41
1.7092e-41
1.8359e-41
1.9719e-41
2.1181e-41
2.2752e-41
2.4438e-41
2.625e-41
2.8196e-41
3.0286e-41
3.2531e-41
3.4941e-41
3.753e-41
4.0309e-41
4.3293e-41
4.6498e-41
4.9938e-41
5.3631e-41
5.7597e-41
6.1854e-41
6.6424e-41
7.1329e-41
7.6595e-41
8.2248e-41
8.8315e-41
9.4827e-41
1.0182e-40
1.0932e-40
1.1737e-40
1.2601e-40
1.3528e-40
1.4523e-40
1.559e-40
1.6736e-40
1.7965e-40
1.9284e-40
2.07e-40
2.2218e-40
2.3847e-40
2.5595e-40
2.747e-40
2.9481e-40
3.1639e-40
3.3954e-40
3.6437e-40
3.91e-40
4.1957e-40
4.5021e-40
4.8308e-40
5.1832e-40
5.5613e-40
5.9667e-40
6.4015e-40
6.8677e-40
7.3677e-40
7.9038e-40
8.4787e-40
9.0952e-40
9.7561e-40
1.0465e-39
1.1225e-39
1.2039e-39
1.2913e-39
1.3849e-39
1.4853e-39
1.5928e-39
1.7082e-39
1.8318e-39
1.9643e-39
2.1064e-39
2.2586e-39
2.4218e-39
2.5967e-39
2.7841e-39
2.985e-39
3.2003e-39
3.431e-39
3.6782e-39
3.9431e-39
4.2269e-39
4.5311e-39
4.8569e-39
5.2061e-39
5.5802e-39
5.9809e-39
6.4103e-39
6.8703e-39
7.3631e-39
7.8909e-39
8.4564e-39
9.0621e-39
9.7109e-39
1.0406e-38
1.115e-38
1.1947e-38
1.2801e-38
1.3716e-38
1.4695e-38
1.5743e-38
1.6866e-38
1.8069e-38
1.9357e-38
2.0736e-38
2.2212e-38
2.3793e-38
2.5486e-38
2.7298e-38
2.9238e-38
3.1315e-38
3.3538e-38
3.5919e-38
3.8467e-38
4.1194e-38
4.4114e-38
4.7239e-38
5.0584e-38
5.4165e-38
5.7997e-38
6.2098e-38
6.6487e-38
7.1184e-38
7.6211e-38
8.159e-38
8.7346e-38
9.3505e-38
1.001e-37
1.0715e-37
1.1469e-37
1.2277e-37
1.314e-37
1.4064e-37
1.5053e-37
1.6111e-37
1.7242e-37
1.8452e-37
1.9747e-37
2.1131e-37
2.2613e-37
2.4197e-37
2.5891e-37
2.7704e-37
2.9642e-37
3.1715e-37
3.3932e-37
3.6302e-37
3.8837e-37
4.1548e-37
4.4447e-37
4.7546e-37
5.0861e-37
5.4404e-37
5.8193e-37
6.2243e-37
6.6573e-37
7.1203e-37
7.6152e-37
8.1443e-37
8.7098e-37
9.3144e-37
9.9606e-37
1.0651e-36
1.139e-36
1.2179e-36
1.3022e-36
1.3923e-36
1.4886e-36
1.5916e-36
1.7016e-36
1.8191e-36
1.9448e-36
2.079e-36
2.2224e-36
2.3757e-36
2.5394e-36
2.7143e-36
2.9012e-36
3.1009e-36
3.3142e-36
3.5421e-36
3.7855e-36
4.0456e-36
4.3233e-36
4.62e-36
4.937e-36
5.2755e-36
5.637e-36
6.0231e-36
6.4355e-36
6.8759e-36
7.3462e-36
7.8485e-36
8.3848e-36
8.9575e-36
9.569e-36
1.0222e-35
1.0919e-35
1.1664e-35
1.2458e-35
1.3307e-35
1.4213e-35
1.518e-35
1.6212e-35
1.7314e-35
1.8491e-35
1.9747e-35
2.1087e-35
2.2518e-35
2.4045e-35
2.5674e-35
2.7414e-35
2.927e-35
3.1252e-35
3.3366e-35
3.5622e-35
3.803e-35
4.0599e-35
4.334e-35
4.6265e-35
4.9386e-35
5.2716e-35
5.6269e-35
6.0059e-35
6.4103e-35
6.8417e-35
7.3018e-35
7.7928e-35
8.3164e-35
8.875e-35
9.4708e-35
1.0106e-34
1.0784e-34
1.1507e-34
1.2278e-34
1.31e-34
1.3977e-34
1.4912e-34
1.591e-34
1.6973e-34
1.8107e-34
1.9316e-34
2.0605e-34
2.198e-34
2.3446e-34
2.5008e-34
2.6674e-34
2.845e-34
3.0343e-34
3.2362e-34
3.4513e-34
3.6807e-34
3.9251e-34
4.1857e-34
4.4634e-34
4.7595e-34
5.075e-34
5.4112e-34
5.7696e-34
6.1515e-34
6.5584e-34
6.9921e-34
7.4543e-34
7.9467e-34
8.4714e-34
9.0305e-34
9.6262e-34
1.0261e-33
1.0937e-33
1.1658e-33
1.2425e-33
1.3243e-33
1.4114e-33
1.5041e-33
1.603e-33
1.7082e-33
1.8204e-33
1.9398e-33
2.067e-33
2.2025e-33
2.3468e-33
2.5004e-33
2.6641e-33
2.8383e-33
3.0239e-33
3.2215e-33
3.4319e-33
3.656e-33
3.8945e-33
4.1485e-33
4.419e-33
4.7069e-33
5.0134e-33
5.3397e-33
5.6871e-33
6.0569e-33
6.4506e-33
6.8696e-33
7.3156e-33
7.7904e-33
8.2957e-33
8.8335e-33
9.4059e-33
1.0015e-32
1.0663e-32
1.1353e-32
1.2087e-32
1.2869e-32
1.37e-32
1.4585e-32
1.5526e-32
1.6528e-32
1.7593e-32
1.8727e-32
1.9933e-32
2.1216e-32
2.2581e-32
2.4034e-32
2.5579e-32
2.7222e-32
2.897e-32
3.0829e-32
3.2807e-32
3.4911e-32
3.7148e-32
3.9527e-32
4.2058e-32
4.4749e-32
4.7611e-32
5.0654e-32
5.3891e-32
5.7332e-32
6.0992e-32
6.4882e-32
6.9019e-32
7.3418e-32
7.8095e-32
8.3066e-32
8.8352e-32
9.3971e-32
9.9945e-32
1.0629e-31
1.1304e-31
1.2022e-31
1.2785e-31
1.3595e-31
1.4457e-31
1.5373e-31
1.6346e-31
1.738e-31
1.8479e-31
1.9647e-31
2.0889e-31
2.2208e-31
2.3609e-31
2.5099e-31
2.6681e-31
2.8363e-31
3.0149e-31
3.2047e-31
3.4063e-31
3.6206e-31
3.8481e-31
4.0899e-31
4.3467e-31
4.6195e-31
4.9093e-31
5.217e-31
5.544e-31
5.8912e-31
6.2599e-31
6.6516e-31
7.0675e-31
7.5093e-31
7.9784e-31
8.4765e-31
9.0055e-31
9.5671e-31
1.0164e-30
1.0797e-30
1.1469e-30
1.2183e-30
1.2941e-30
1.3746e-30
1.46e-30
1.5507e-30
1.6469e-30
1.7491e-30
1.8576e-30
1.9727e-30
2.0949e-30
2.2247e-30
2.3623e-30
2.5085e-30
2.6635e-30
2.8281e-30
3.0028e-30
3.1881e-30
3.3848e-30
3.5935e-30
3.815e-30
4.05e-30
4.2993e-30
4.5639e-30
4.8445e-30
5.1423e-30
5.4582e-30
5.7934e-30
6.1489e-30
6.5261e-30
6.9262e-30
7.3506e-30
7.8007e-30
8.2782e-30
8.7846e-30
9.3217e-30
9.8914e-30
1.0496e-29
1.1136e-29
1.1816e-29
1.2536e-29
1.33e-29
1.4111e-29
1.497e-29
1.5881e-29
1.6847e-29
1.7871e-29
1.8957e-29
2.0108e-29
2.1328e-29
2.2622e-29
2.3993e-29
2.5447e-29
2.6989e-29
2.8622e-29
3.0354e-29
3.2189e-29
3.4135e-29
3.6196e-29
3.8382e-29
4.0697e-29
4.3152e-29
4.5753e-29
4.8509e-29
5.143e-29
5.4524e-29
5.7804e-29
6.1279e-29
6.496e-29
6.8861e-29
7.2994e-29
7.7372e-29
8.2011e-29
8.6925e-29
9.213e-29
9.7645e-29
1.0349e-28
1.0967e-28
1.1623e-28
1.2317e-28
1.3052e-28
1.3831e-28
1.4656e-28
1.5529e-28
1.6454e-28
1.7434e-28
1.8471e-28
1.9569e-28
2.0732e-28
2.1964e-28
2.3268e-28
2.4649e-28
2.6111e-28
2.7658e-28
2.9297e-28
3.1031e-28
3.2868e-28
3.4812e-28
3.687e-28
3.9048e-28
4.1354e-28
4.3794e-28
4.6378e-28
4.9112e-28
5.2005e-28
5.5068e-28
5.8309e-28
6.1739e-28
6.5369e-28
6.921e-28
7.3274e-28
7.7575e-28
8.2126e-28
8.6941e-28
9.2036e-28
9.7426e-28
1.0313e-27
1.0916e-27
1.1554e-27
1.223e-27
1.2944e-27
1.37e-27
1.4499e-27
1.5344e-27
1.6238e-27
1.7184e-27
1.8185e-27
1.9243e-27
2.0362e-27
2.1545e-27
2.2796e-27
2.412e-27
2.5519e-27
2.6999e-27
2.8564e-27
3.0218e-27
3.1967e-27
3.3817e-27
3.5773e-27
3.784e-27
4.0026e-27
4.2336e-27
4.4779e-27
4.7361e-27
5.0091e-27
5.2976e-27
5.6026e-27
5.925e-27
6.2657e-27
6.6258e-27
7.0064e-27
7.4086e-27
7.8337e-27
8.283e-27
8.7577e-27
9.2593e-27
9.7894e-27
1.035e-26
1.0941e-26
1.1567e-26
1.2227e-26
1.2925e-26
1.3663e-26
1.4442e-26
1.5265e-26
1.6134e-26
1.7053e-26
1.8023e-26
1.9048e-26
2.0131e-26
2.1274e-26
2.2482e-26
2.3757e-26
2.5104e-26
2.6527e-26
2.8029e-26
2.9616e-26
3.1291e-26
3.3061e-26
3.4929e-26
3.6902e-26
3.8985e-26
4.1184e-26
4.3506e-26
4.5957e-26
4.8545e-26
5.1278e-26
5.4162e-26
5.7207e-26
6.0422e-26
6.3815e-26
6.7397e-26
7.1177e-26
7.5167e-26
7.9379e-26
8.3824e-26
8.8515e-26
9.3465e-26
9.869e-26
1.042e-25
1.1002e-25
1.1616e-25
1.2264e-25
1.2948e-25
1.3669e-25
1.443e-25
1.5233e-25
1.608e-25
1.6974e-25
1.7916e-25
1.8911e-25
1.996e-25
2.1067e-25
2.2235e-25
2.3466e-25
2.4765e-25
2.6135e-25
2.758e-25
2.9104e-25
3.0712e-25
3.2407e-25
3.4194e-25
3.608e-25
3.8067e-25
4.0164e-25
4.2374e-25
4.4705e-25
4.7162e-25
4.9753e-25
5.2485e-25
5.5365e-25
5.8401e-25
6.1602e-25
6.4977e-25
6.8534e-25
7.2283e-25
7.6236e-25
8.0402e-25
8.4794e-25
8.9422e-25
9.43e-25
9.9442e-25
1.0486e-24
1.1057e-24
1.1659e-24
1.2293e-24
1.2961e-24
1.3665e-24
1.4407e-24
1.5189e-24
1.6013e-24
1.6881e-24
1.7795e-24
1.8759e-24
1.9774e-24
2.0843e-24
2.1969e-24
2.3156e-24
2.4406e-24
2.5722e-24
2.7109e-24
2.857e-24
3.0108e-24
3.1728e-24
3.3435e-24
3.5232e-24
3.7125e-24
3.9118e-24
4.1217e-24
4.3427e-24
4.5755e-24
4.8205e-24
5.0786e-24
5.3503e-24
5.6363e-24
5.9375e-24
6.2545e-24
6.5883e-24
6.9397e-24
7.3097e-24
7.6991e-24
8.109e-24
8.5404e-24
8.9946e-24
9.4726e-24
9.9757e-24
1.0505e-23
1.1063e-23
1.1649e-23
1.2266e-23
1.2916e-23
1.3599e-23
1.4319e-23
1.5075e-23
1.5872e-23
1.671e-23
1.7591e-23
1.8519e-23
1.9495e-23
2.0521e-23
2.1602e-23
2.2738e-23
2.3933e-23
2.519e-23
2.6513e-23
2.7904e-23
2.9368e-23
3.0907e-23
3.2526e-23
3.4228e-23
3.6019e-23
3.7902e-23
3.9882e-23
4.1965e-23
4.4155e-23
4.6458e-23
4.8879e-23
5.1425e-23
5.4102e-23
5.6917e-23
5.9876e-23
6.2988e-23
6.6259e-23
6.9697e-23
7.3312e-23
7.7112e-23
8.1107e-23
8.5306e-23
8.9719e-23
9.4358e-23
9.9234e-23
1.0436e-22
1.0975e-22
1.1541e-22
1.2135e-22
1.2761e-22
1.3418e-22
1.4108e-22
1.4833e-22
1.5596e-22
1.6396e-22
1.7238e-22
1.8122e-22
1.9051e-22
2.0027e-22
2.1052e-22
2.2129e-22
2.3261e-22
2.445e-22
2.5698e-22
2.701e-22
2.8387e-22
2.9834e-22
3.1354e-22
3.295e-22
3.4627e-22
3.6387e-22
3.8236e-22
4.0178e-22
4.2217e-22
4.4358e-22
4.6606e-22
4.8967e-22
5.1446e-22
5.4048e-22
5.6781e-22
5.965e-22
6.2661e-22
6.5823e-22
6.9143e-22
7.2628e-22
7.6286e-22
8.0125e-22
8.4156e-22
8.8386e-22
9.2827e-22
9.7487e-22
1.0238e-21
1.0751e-21
1.129e-21
1.1855e-21
1.2449e-21
1.3071e-21
1.3725e-21
1.441e-21
1.513e-21
1.5884e-21
1.6676e-21
1.7507e-21
1.8379e-21
1.9293e-21
2.0253e-21
2.1259e-21
2.2315e-21
2.3423e-21
2.4585e-21
2.5803e-21
2.7081e-21
2.8422e-21
2.9828e-21
3.1303e-21
3.285e-21
3.4472e-21
3.6173e-21
3.7956e-21
3.9827e-21
4.1789e-21
4.3845e-21
4.6002e-21
4.8263e-21
5.0634e-21
5.312e-21
5.5726e-21
5.8458e-21
6.1322e-21
6.4324e-21
6.7472e-21
7.0771e-21
7.423e-21
7.7855e-21
8.1655e-21
8.5637e-21
8.9811e-21
9.4186e-21
9.877e-21
1.0358e-20
1.0861e-20
1.1389e-20
1.1942e-20
1.2521e-20
1.3128e-20
1.3764e-20
1.4431e-20
1.5129e-20
1.5861e-20
1.6627e-20
1.743e-20
1.8271e-20
1.9153e-20
2.0076e-20
2.1043e-20
2.2056e-20
2.3117e-20
2.4228e-20
2.5392e-20
2.6611e-20
2.7888e-20
2.9225e-20
3.0625e-20
3.2091e-20
3.3627e-20
3.5235e-20
3.6919e-20
3.8682e-20
4.0528e-20
4.246e-20
4.4484e-20
4.6603e-20
4.8821e-20
5.1143e-20
5.3574e-20
5.6118e-20
5.8782e-20
6.1571e-20
6.4489e-20
6.7544e-20
7.0742e-20
7.4089e-20
7.7592e-20
8.1257e-20
8.5094e-20
8.9109e-20
9.331e-20
9.7707e-20
1.0231e-19
1.0712e-19
1.1216e-19
1.1743e-19
1.2294e-19
1.2871e-19
1.3475e-19
1.4106e-19
1.4767e-19
1.5458e-19
1.6181e-19
1.6937e-19
1.7729e-19
1.8556e-19
1.9421e-19
2.0327e-19
2.1273e-19
2.2264e-19
2.3299e-19
2.4382e-19
2.5515e-19
2.6699e-19
2.7938e-19
2.9233e-19
3.0587e-19
3.2003e-19
3.3483e-19
3.5031e-19
3.665e-19
3.8342e-19
4.0111e-19
4.196e-19
4.3893e-19
4.5914e-19
4.8026e-19
5.0234e-19
5.2542e-19
5.4954e-19
5.7475e-19
6.0111e-19
6.2865e-19
6.5743e-19
6.8751e-19
7.1894e-19
7.5179e-19
7.8611e-19
8.2198e-19
8.5946e-19
8.9862e-19
9.3953e-19
9.8228e-19
1.0269e-18
1.0736e-18
1.1223e-18
1.1733e-18
1.2265e-18
1.282e-18
1.3401e-18
1.4007e-18
1.464e-18
1.5302e-18
1.5993e-18
1.6714e-18
1.7468e-18
1.8255e-18
1.9077e-18
1.9935e-18
2.0831e-18
2.1767e-18
2.2745e-18
2.3765e-18
2.4831e-18
2.5943e-18
2.7104e-18
2.8317e-18
2.9583e-18
3.0905e-18
3.2284e-18
3.3725e-18
3.5228e-18
3.6797e-18
3.8435e-18
4.0145e-18
4.193e-18
4.3792e-18
4.5736e-18
4.7765e-18
4.9882e-18
5.2092e-18
5.4397e-18
5.6803e-18
5.9314e-18
6.1934e-18
6.4667e-18
6.7519e-18
7.0495e-18
7.36e-18
7.6839e-18
8.0218e-18
8.3743e-18
8.742e-18
9.1257e-18
9.5258e-18
9.9432e-18
1.0379e-17
1.0833e-17
1.1306e-17
1.18e-17
1.2316e-17
1.2853e-17
1.3413e-17
1.3998e-17
1.4607e-17
1.5242e-17
1.5905e-17
1.6596e-17
1.7316e-17
1.8067e-17
1.8851e-17
1.9667e-17
2.0518e-17
2.1406e-17
2.2331e-17
2.3295e-17
2.43e-17
2.5348e-17
2.6441e-17
2.7579e-17
2.8766e-17
3.0002e-17
3.1292e-17
3.2635e-17
3.4035e-17
3.5494e-17
3.7015e-17
3.8599e-17
4.025e-17
4.197e-17
4.3763e-17
4.5631e-17
4.7577e-17
4.9604e-17
5.1717e-17
5.3917e-17
5.621e-17
5.8598e-17
6.1086e-17
6.3678e-17
6.6378e-17
6.919e-17
7.2119e-17
7.5169e-17
7.8347e-17
8.1656e-17
8.5102e-17
8.8691e-17
9.2429e-17
9.6321e-17
1.0037e-16
1.0459e-16
1.0899e-16
1.1356e-16
1.1833e-16
1.2329e-16
1.2845e-16
1.3383e-16
1.3943e-16
1.4526e-16
1.5132e-16
1.5764e-16
1.6421e-16
1.7105e-16
1.7817e-16
1.8559e-16
1.933e-16
2.0133e-16
2.0969e-16
2.1839e-16
2.2744e-16
2.3686e-16
2.4666e-16
2.5686e-16
2.6747e-16
2.7852e-16
2.9001e-16
3.0196e-16
3.144e-16
3.2734e-16
3.4081e-16
3.5481e-16
3.6938e-16
3.8454e-16
4.0031e-16
4.1671e-16
4.3377e-16
4.5152e-16
4.6998e-16
4.8917e-16
5.0914e-16
5.299e-16
5.515e-16
5.7395e-16
5.9731e-16
6.2159e-16
6.4685e-16
6.731e-16
7.0041e-16
7.2879e-16
7.5831e-16
7.89e-16
8.209e-16
8.5407e-16
8.8855e-16
9.244e-16
9.6166e-16
1.0004e-15
1.0407e-15
1.0825e-15
1.126e-15
1.1712e-15
1.2182e-15
1.267e-15
1.3178e-15
1.3705e-15
1.4254e-15
1.4823e-15
1.5415e-15
1.603e-15
1.6669e-15
1.7333e-15
1.8023e-15
1.874e-15
1.9485e-15
2.0259e-15
2.1062e-15
2.1898e-15
2.2765e-15
2.3666e-15
2.4602e-15
2.5575e-15
2.6584e-15
2.7633e-15
2.8723e-15
2.9854e-15
3.103e-15
3.225e-15
3.3518e-15
3.4834e-15
3.6201e-15
3.762e-15
3.9094e-15
4.0624e-15
4.2213e-15
4.3862e-15
4.5575e-15
4.7353e-15
4.92e-15
5.1116e-15
5.3106e-15
5.5171e-15
5.7315e-15
5.954e-15
6.185e-15
6.4248e-15
6.6736e-15
6.9319e-15
7.2e-15
7.4782e-15
7.7669e-15
8.0665e-15
8.3774e-15
8.7001e-15
9.0349e-15
9.3823e-15
9.7427e-15
1.0117e-14
1.0505e-14
1.0907e-14
1.1325e-14
1.1758e-14
1.2208e-14
1.2674e-14
1.3158e-14
1.366e-14
1.418e-14
1.472e-14
1.528e-14
1.5861e-14
1.6463e-14
1.7088e-14
1.7736e-14
1.8408e-14
1.9104e-14
1.9827e-14
2.0576e-14
2.1353e-14
2.2159e-14
2.2994e-14
2.386e-14
2.4758e-14
2.5689e-14
2.6654e-14
2.7654e-14
2.8691e-14
2.9767e-14
3.0881e-14
3.2036e-14
3.3234e-14
3.4475e-14
3.5762e-14
3.7095e-14
3.8477e-14
3.9909e-14
4.1393e-14
4.2932e-14
4.4526e-14
4.6177e-14
4.7889e-14
4.9662e-14
5.15e-14
5.3404e-14
5.5377e-14
5.7421e-14
5.9538e-14
6.1732e-14
6.4004e-14
6.6359e-14
6.8797e-14
7.1324e-14
7.394e-14
7.6651e-14
7.9458e-14
8.2366e-14
8.5377e-14
8.8496e-14
9.1726e-14
9.5071e-14
9.8535e-14
1.0212e-13
1.0584e-13
1.0968e-13
1.1367e-13
1.1779e-13
1.2206e-13
1.2648e-13
1.3106e-13
1.358e-13
1.407e-13
1.4578e-13
1.5104e-13
1.5648e-13
1.6211e-13
1.6794e-13
1.7397e-13
1.8022e-13
1.8669e-13
1.9338e-13
2.003e-13
2.0747e-13
2.1488e-13
2.2256e-13
2.305e-13
2.3872e-13
2.4722e-13
2.5602e-13
2.6512e-13
2.7454e-13
2.8428e-13
2.9437e-13
3.048e-13
3.1558e-13
3.2675e-13
3.3829e-13
3.5024e-13
3.6259e-13
3.7537e-13
3.8859e-13
4.0226e-13
4.164e-13
4.3102e-13
4.4614e-13
4.6178e-13
4.7796e-13
4.9468e-13
5.1197e-13
5.2986e-13
5.4835e-13
5.6747e-13
5.8724e-13
6.0767e-13
6.288e-13
6.5065e-13
6.7323e-13
6.9658e-13
7.2071e-13
7.4566e-13
7.7145e-13
7.9811e-13
8.2566e-13
8.5414e-13
8.8357e-13
9.1399e-13
9.4542e-13
9.7791e-13
1.0115e-12
1.0462e-12
1.082e-12
1.1191e-12
1.1574e-12
1.1969e-12
1.2378e-12
1.28e-12
1.3236e-12
1.3687e-12
1.4153e-12
1.4634e-12
1.5131e-12
1.5644e-12
1.6174e-12
1.6722e-12
1.7288e-12
1.7872e-12
1.8476e-12
1.9099e-12
1.9743e-12
2.0408e-12
2.1094e-12
2.1803e-12
2.2535e-12
2.3291e-12
2.4072e-12
2.4878e-12
2.5711e-12
2.657e-12
2.7457e-12
2.8373e-12
2.9319e-12
3.0295e-12
3.1303e-12
3.2343e-12
3.3417e-12
3.4526e-12
3.567e-12
3.6851e-12
3.807e-12
3.9329e-12
4.0627e-12
4.1967e-12
4.335e-12
4.4777e-12
4.625e-12
4.777e-12
4.9338e-12
5.0957e-12
5.2626e-12
5.4349e-12
5.6126e-12
5.796e-12
5.9852e-12
6.1804e-12
6.3817e-12
6.5895e-12
6.8037e-12
7.0247e-12
7.2527e-12
7.4879e-12
7.7304e-12
7.9806e-12
8.2386e-12
8.5047e-12
8.7791e-12
9.0621e-12
9.3539e-12
9.6548e-12
9.9651e-12
1.0285e-11
1.0615e-11
1.0955e-11
1.1306e-11
1.1668e-11
1.204e-11
1.2425e-11
1.2821e-11
1.3229e-11
1.3651e-11
1.4085e-11
1.4532e-11
1.4993e-11
1.5468e-11
1.5958e-11
1.6463e-11
1.6984e-11
1.752e-11
1.8073e-11
1.8642e-11
1.9229e-11
1.9834e-11
2.0457e-11
2.1099e-11
2.1761e-11
2.2443e-11
2.3145e-11
2.3869e-11
2.4614e-11
2.5382e-11
2.6174e-11
2.6989e-11
2.7828e-11
2.8693e-11
2.9584e-11
3.0501e-11
3.1446e-11
3.242e-11
3.3422e-11
3.4455e-11
3.5518e-11
3.6613e-11
3.774e-11
3.8902e-11
4.0097e-11
4.1328e-11
4.2596e-11
4.3901e-11
4.5245e-11
4.6628e-11
4.8053e-11
4.9519e-11
5.1028e-11
5.2582e-11
5.4182e-11
5.5829e-11
5.7524e-11
5.9268e-11
6.1064e-11
6.2912e-11
6.4814e-11
6.6772e-11
6.8786e-11
7.086e-11
7.2993e-11
7.5189e-11
7.7448e-11
7.9772e-11
8.2164e-11
8.4625e-11
8.7158e-11
8.9763e-11
9.2443e-11
9.5201e-11
9.8037e-11
1.0096e-10
1.0396e-10
1.0705e-10
1.1022e-10
1.1349e-10
1.1685e-10
1.2031e-10
1.2386e-10
1.2752e-10
1.3128e-10
1.3514e-10
1.3912e-10
1.4321e-10
1.4741e-10
1.5174e-10
1.5618e-10
1.6075e-10
1.6545e-10
1.7028e-10
1.7525e-10
1.8036e-10
1.8561e-10
1.9101e-10
1.9656e-10
2.0226e-10
2.0812e-10
2.1415e-10
2.2034e-10
2.2671e-10
2.3325e-10
2.3998e-10
2.4689e-10
2.5399e-10
2.6129e-10
2.6879e-10
2.765e-10
2.8442e-10
2.9255e-10
3.0092e-10
3.0951e-10
3.1833e-10
3.274e-10
3.3672e-10
3.4629e-10
3.5612e-10
3.6622e-10
3.766e-10
3.8726e-10
3.982e-10
4.0945e-10
4.21e-10
4.3286e-10
4.4504e-10
4.5755e-10
4.704e-10
4.836e-10
4.9715e-10
5.1106e-10
5.2535e-10
5.4002e-10
5.5509e-10
5.7055e-10
5.8643e-10
6.0274e-10
6.1948e-10
6.3666e-10
6.543e-10
6.7241e-10
6.91e-10
7.1008e-10
7.2967e-10
7.4977e-10
7.7041e-10
7.9159e-10
8.1332e-10
8.3563e-10
8.5853e-10
8.8202e-10
9.0613e-10
9.3087e-10
9.5626e-10
9.8231e-10
1.009e-09
1.0365e-09
1.0646e-09
1.0935e-09
1.1231e-09
1.1535e-09
1.1846e-09
1.2166e-09
1.2494e-09
1.2831e-09
1.3176e-09
1.353e-09
1.3893e-09
1.4265e-09
1.4647e-09
1.5039e-09
1.5441e-09
1.5853e-09
1.6275e-09
1.6708e-09
1.7153e-09
1.7608e-09
1.8075e-09
1.8554e-09
1.9045e-09
1.9549e-09
2.0065e-09
2.0594e-09
2.1136e-09
2.1692e-09
2.2262e-09
2.2847e-09
2.3446e-09
2.4059e-09
2.4689e-09
2.5334e-09
2.5995e-09
2.6672e-09
2.7366e-09
2.8078e-09
2.8807e-09
2.9554e-09
3.0319e-09
3.1104e-09
3.1908e-09
3.2731e-09
3.3575e-09
3.4439e-09
3.5325e-09
3.6232e-09
3.7162e-09
3.8114e-09
3.909e-09
4.0089e-09
4.1112e-09
4.2161e-09
4.3235e-09
4.4334e-09
4.5461e-09
4.6614e-09
4.7796e-09
4.9006e-09
5.0245e-09
5.1513e-09
5.2813e-09
5.4143e-09
5.5505e-09
5.69e-09
5.8328e-09
5.979e-09
6.1287e-09
6.2819e-09
6.4388e-09
6.5993e-09
6.7637e-09
6.932e-09
7.1043e-09
7.2806e-09
7.461e-09
7.6457e-09
7.8347e-09
8.0282e-09
8.2262e-09
8.4288e-09
8.6361e-09
8.8483e-09
9.0654e-09
9.2876e-09
9.5149e-09
9.7475e-09
9.9854e-09
1.0229e-08
1.0478e-08
1.0733e-08
1.0994e-08
1.126e-08
1.1533e-08
1.1812e-08
1.2097e-08
1.2389e-08
1.2688e-08
1.2993e-08
1.3306e-08
1.3625e-08
1.3952e-08
1.4286e-08
1.4628e-08
1.4977e-08
1.5334e-08
1.57e-08
1.6073e-08
1.6455e-08
1.6846e-08
1.7245e-08
1.7653e-08
1.807e-08
1.8497e-08
1.8933e-08
1.9379e-08
1.9835e-08
2.03e-08
2.0776e-08
2.1263e-08
2.176e-08
2.2269e-08
2.2788e-08
2.3319e-08
2.3861e-08
2.4416e-08
2.4982e-08
2.5561e-08
2.6153e-08
2.6757e-08
2.7375e-08
2.8006e-08
2.865e-08
2.9309e-08
2.9982e-08
3.0669e-08
3.1371e-08
3.2088e-08
3.2821e-08
3.3569e-08
3.4334e-08
3.5114e-08
3.5912e-08
3.6726e-08
3.7558e-08
3.8407e-08
3.9274e-08
4.016e-08
4.1065e-08
4.1988e-08
4.2931e-08
4.3894e-08
4.4877e-08
4.5881e-08
4.6906e-08
4.7952e-08
4.902e-08
5.0111e-08
5.1224e-08
5.236e-08
5.352e-08
5.4703e-08
5.5912e-08
5.7145e-08
5.8404e-08
5.9688e-08
6.0999e-08
6.2337e-08
6.3702e-08
6.5096e-08
6.6517e-08
6.7968e-08
6.9448e-08
7.0959e-08
7.25e-08
7.4072e-08
7.5676e-08
7.7312e-08
7.8982e-08
8.0685e-08
8.2422e-08
8.4194e-08
8.6002e-08
8.7845e-08
8.9726e-08
9.1644e-08
9.36e-08
9.5595e-08
9.763e-08
9.9704e-08
1.0182e-07
1.0398e-07
1.0618e-07
1.0842e-07
1.1071e-07
1.1304e-07
1.1542e-07
1.1784e-07
1.2032e-07
1.2284e-07
1.254e-07
1.2802e-07
1.3069e-07
1.3341e-07
1.3619e-07
1.3901e-07
1.4189e-07
1.4483e-07
1.4782e-07
1.5087e-07
1.5398e-07
1.5715e-07
1.6038e-07
1.6367e-07
1.6702e-07
1.7043e-07
1.7391e-07
1.7746e-07
1.8107e-07
1.8475e-07
1.885e-07
1.9232e-07
1.9621e-07
2.0018e-07
2.0421e-07
2.0833e-07
2.1252e-07
2.1678e-07
2.2113e-07
2.2555e-07
2.3006e-07
2.3465e-07
2.3933e-07
2.4409e-07
2.4894e-07
2.5387e-07
2.589e-07
2.6402e-07
2.6923e-07
2.7454e-07
2.7994e-07
2.8544e-07
2.9103e-07
2.9673e-07
3.0254e-07
3.0844e-07
3.1445e-07
3.2057e-07
3.268e-07
3.3314e-07
3.3959e-07
3.4616e-07
3.5284e-07
3.5964e-07
3.6656e-07
3.7361e-07
3.8077e-07
3.8807e-07
3.9549e-07
4.0303e-07
4.1072e-07
4.1853e-07
4.2648e-07
4.3457e-07
4.428e-07
4.5117e-07
4.5968e-07
4.6835e-07
4.7716e-07
4.8612e-07
4.9523e-07
5.045e-07
5.1393e-07
5.2352e-07
5.3327e-07
5.4319e-07
5.5327e-07
5.6353e-07
5.7395e-07
5.8456e-07
5.9534e-07
6.063e-07
6.1744e-07
6.2877e-07
6.4029e-07
6.52e-07
6.639e-07
6.76e-07
6.883e-07
7.008e-07
7.1351e-07
7.2642e-07
7.3955e-07
7.5289e-07
7.6645e-07
7.8023e-07
7.9424e-07
8.0847e-07
8.2293e-07
8.3762e-07
8.5255e-07
8.6772e-07
8.8313e-07
8.9879e-07
9.147e-07
9.3087e-07
9.4729e-07
9.6397e-07
9.8091e-07
9.9812e-07
1.0156e-06
1.0334e-06
1.0514e-06
1.0697e-06
1.0883e-06
1.1072e-06
1.1264e-06
1.1459e-06
1.1657e-06
1.1858e-06
1.2062e-06
1.2269e-06
1.248e-06
1.2693e-06
1.291e-06
1.313e-06
1.3354e-06
1.3581e-06
1.3811e-06
1.4045e-06
1.4282e-06
1.4523e-06
1.4768e-06
1.5016e-06
1.5268e-06
1.5523e-06
1.5783e-06
1.6046e-06
1.6313e-06
1.6585e-06
1.686e-06
1.7139e-06
1.7422e-06
1.771e-06
1.8001e-06
1.8297e-06
1.8598e-06
1.8902e-06
1.9211e-06
1.9525e-06
1.9843e-06
2.0165e-06
2.0492e-06
2.0824e-06
2.1161e-06
2.1502e-06
2.1848e-06
2.2199e-06
2.2555e-06
2.2916e-06
2.3282e-06
2.3654e-06
2.403e-06
2.4412e-06
2.4799e-06
2.5191e-06
2.5589e-06
2.5992e-06
2.6401e-06
2.6816e-06
2.7236e-06
2.7662e-06
2.8094e-06
2.8531e-06
2.8975e-06
2.9424e-06
2.988e-06
3.0342e-06
3.081e-06
3.1284e-06
3.1764e-06
3.2251e-06
3.2745e-06
3.3245e-06
3.3751e-06
3.4265e-06
3.4785e-06
3.5312e-06
3.5845e-06
3.6386e-06
3.6934e-06
3.7489e-06
3.8051e-06
3.862e-06
3.9197e-06
3.9781e-06
4.0372e-06
4.0971e-06
4.1578e-06
4.2192e-06
4.2815e-06
4.3445e-06
4.4083e-06
4.4729e-06
4.5383e-06
4.6045e-06
4.6716e-06
4.7395e-06
4.8082e-06
4.8778e-06
4.9482e-06
5.0195e-06
5.0917e-06
5.1647e-06
5.2386e-06
5.3135e-06
5.3892e-06
5.4659e-06
5.5435e-06
5.622e-06
5.7014e-06
5.7818e-06
5.8632e-06
5.9455e-06
6.0288e-06
6.1131e-06
6.1983e-06
6.2846e-06
6.3719e-06
6.4602e-06
6.5495e-06
6.6398e-06
6.7312e-06
6.8237e-06
6.9172e-06
7.0117e-06
7.1074e-06
7.2041e-06
7.3019e-06
7.4009e-06
7.5009e-06
7.6021e-06
7.7044e-06
7.8078e-06
7.9124e-06
8.0182e-06
8.1251e-06
8.2332e-06
8.3425e-06
8.4529e-06
8.5646e-06
8.6775e-06
8.7916e-06
8.907e-06
9.0235e-06
9.1414e-06
9.2605e-06
9.3808e-06
9.5024e-06
9.6254e-06
9.7496e-06
9.8751e-06
1.0002e-05
1.013e-05
1.026e-05
1.039e-05
1.0523e-05
1.0656e-05
1.0791e-05
1.0927e-05
1.1065e-05
1.1204e-05
1.1344e-05
1.1486e-05
1.163e-05
1.1774e-05
1.192e-05
1.2068e-05
1.2217e-05
1.2368e-05
1.252e-05
1.2673e-05
1.2828e-05
1.2985e-05
1.3143e-05
1.3302e-05
1.3463e-05
1.3626e-05
1.379e-05
1.3956e-05
1.4123e-05
1.4292e-05
1.4462e-05
1.4634e-05
1.4808e-05
1.4983e-05
1.516e-05
1.5338e-05
1.5518e-05
1.57e-05
1.5883e-05
1.6068e-05
1.6255e-05
1.6443e-05
1.6633e-05
1.6825e-05
1.7019e-05
1.7214e-05
1.7411e-05
1.7609e-05
1.7809e-05
1.8011e-05
1.8215e-05
1.842e-05
1.8628e-05
1.8837e-05
1.9047e-05
1.926e-05
1.9474e-05
1.969e-05
1.9908e-05
2.0128e-05
2.0349e-05
2.0573e-05
2.0798e-05
2.1025e-05
2.1254e-05
2.1484e-05
2.1717e-05
2.1951e-05
2.2187e-05
2.2425e-05
2.2665e-05
2.2907e-05
2.3151e-05
2.3396e-05
2.3644e-05
2.3893e-05
2.4144e-05
2.4398e-05
2.4653e-05
2.491e-05
2.5168e-05
2.5429e-05
2.5692e-05
2.5957e-05
2.6223e-05
2.6492e-05
2.6762e-05
2.7035e-05
2.7309e-05
2.7585e-05
2.7863e-05
2.8144e-05
2.8426e-05
2.871e-05
2.8996e-05
2.9284e-05
2.9574e-05
2.9866e-05
3.016e-05
3.0456e-05
3.0754e-05
3.1054e-05
3.1356e-05
3.1659e-05
3.1965e-05
3.2273e-05
3.2583e-05
3.2894e-05
3.3208e-05
3.3524e-05
3.3841e-05
3.4161e-05
3.4483e-05
3.4806e-05
3.5132e-05
3.5459e-05
3.5789e-05
3.612e-05
3.6454e-05
3.6789e-05
3.7126e-05
3.7466e-05
3.7807e-05
3.815e-05
3.8495e-05
3.8842e-05
3.9192e-05
3.9543e-05
3.9895e-05
4.025e-05
4.0607e-05
4.0966e-05
4.1326e-05
4.1689e-05
4.2053e-05
4.242e-05
4.2788e-05
4.3158e-05
4.353e-05
4.3904e-05
4.428e-05
4.4657e-05
4.5037e-05
4.5418e-05
4.5801e-05
4.6187e-05
4.6573e-05
4.6962e-05
4.7352e-05
4.7745e-05
4.8139e-05
4.8535e-05
4.8932e-05
4.9332e-05
4.9733e-05
5.0136e-05
5.054e-05
5.0947e-05
5.1355e-05
5.1764e-05
5.2176e-05
5.2589e-05
5.3004e-05
5.342e-05
5.3838e-05
5.4258e-05
5.4679e-05
5.5102e-05
5.5527e-05
5.5953e-05
5.6381e-05
5.681e-05
5.7241e-05
5.7673e-05
5.8107e-05
5.8542e-05
5.8979e-05
5.9417e-05
5.9856e-05
6.0297e-05
6.074e-05
6.1184e-05
6.1629e-05
6.2076e-05
6.2524e-05
6.2973e-05
6.3423e-05
6.3875e-05
6.4328e-05
6.4783e-05
6.5238e-05
6.5695e-05
6.6153e-05
6.6613e-05
6.7073e-05
6.7534e-05
6.7997e-05
6.8461e-05
6.8926e-05
6.9392e-05
6.9858e-05
7.0326e-05
7.0795e-05
7.1265e-05
7.1736e-05
7.2208e-05
7.268e-05
7.3154e-05
7.3628e-05
7.4103e-05
7.4579e-05
7.5056e-05
7.5534e-05
7.6012e-05
7.6491e-05
7.6971e-05
7.7451e-05
7.7932e-05
7.8414e-05
7.8896e-05
7.9379e-05
7.9862e-05
8.0346e-05
8.083e-05
8.1315e-05
8.18e-05
8.2286e-05
8.2772e-05
8.3258e-05
8.3745e-05
8.4231e-05
8.4719e-05
8.5206e-05
8.5694e-05
8.6182e-05
8.667e-05
8.7158e-05
8.7646e-05
8.8134e-05
8.8622e-05
8.9111e-05
8.9599e-05
9.0087e-05
9.0575e-05
9.1063e-05
9.1551e-05
9.2039e-05
9.2527e-05
9.3014e-05
9.3501e-05
9.3988e-05
9.4474e-05
9.496e-05
9.5446e-05
9.5931e-05
9.6416e-05
9.69e-05
9.7384e-05
9.7867e-05
9.835e-05
9.8832e-05
9.9313e-05
9.9794e-05
0.00010027
0.00010075
0.00010123
0.00010171
0.00010219
0.00010266
0.00010314
0.00010361
0.00010408
0.00010456
0.00010503
0.0001055
0.00010597
0.00010643
0.0001069
0.00010737
0.00010783
0.00010829
0.00010876
0.00010922
0.00010967
0.00011013
0.00011059
0.00011104
0.0001115
0.00011195
0.0001124
0.00011285
0.00011329
0.00011374
0.00011418
0.00011462
0.00011506
0.0001155
0.00011594
0.00011637
0.0001168
0.00011723
0.00011766
0.00011809
0.00011851
0.00011894
0.00011936
0.00011977
0.00012019
0.0001206
0.00012102
0.00012142
0.00012183
0.00012224
0.00012264
0.00012304
0.00012344
0.00012383
0.00012422
0.00012461
0.000125
0.00012538
0.00012577
0.00012615
0.00012652
0.0001269
0.00012727
0.00012764
0.000128
0.00012836
0.00012872
0.00012908
0.00012944
0.00012979
0.00013014
0.00013048
0.00013082
0.00013116
0.0001315
0.00013183
0.00013216
0.00013249
0.00013281
0.00013313
0.00013345
0.00013376
0.00013407
0.00013438
0.00013468
0.00013498
0.00013528
0.00013557
0.00013586
0.00013615
0.00013643
0.00013671
0.00013698
0.00013726
0.00013752
0.00013779
0.00013805
0.00013831
0.00013856
0.00013881
0.00013906
0.0001393
0.00013954
0.00013977
0.00014
0.00014023
0.00014045
0.00014067
0.00014089
0.0001411
0.00014131
0.00014151
0.00014171
0.00014191
0.0001421
0.00014228
0.00014247
0.00014265
0.00014282
0.00014299
0.00014316
0.00014332
0.00014348
0.00014363
0.00014378
0.00014393
0.00014407
0.00014421
0.00014434
0.00014447
0.0001446
0.00014472
0.00014483
0.00014495
0.00014505
0.00014516
0.00014526
0.00014535
0.00014544
0.00014553
0.00014561
0.00014569
0.00014576
0.00014583
0.00014589
0.00014595
0.00014601
0.00014606
0.0001461
0.00014615
0.00014618
0.00014622
0.00014624
0.00014627
0.00014629
0.0001463
0.00014632
0.00014632
0.00014633
0.00014632
0.00014632
0.00014631
0.00014629
0.00014627
0.00014625
0.00014622
0.00014618
0.00014615
0.0001461
0.00014606
0.00014601
0.00014595
0.00014589
0.00014583
0.00014576
0.00014569
0.00014561
0.00014553
0.00014544
0.00014535
0.00014526
0.00014516
0.00014506
0.00014495
0.00014484
0.00014472
0.0001446
0.00014448
0.00014435
0.00014421
0.00014408
0.00014394
0.00014379
0.00014364
0.00014349
0.00014333
0.00014317
0.000143
0.00014283
0.00014265
0.00014247
0.00014229
0.0001421
0.00014191
0.00014172
0.00014152
0.00014131
0.00014111
0.0001409
0.00014068
0.00014046
0.00014024
0.00014001
0.00013978
0.00013955
0.00013931
0.00013907
0.00013882
0.00013857
0.00013832
0.00013806
0.0001378
0.00013753
0.00013727
0.00013699
0.00013672
0.00013644
0.00013616
0.00013587
0.00013558
0.00013529
0.00013499
0.00013469
0.00013439
0.00013408
0.00013377
0.00013346
0.00013314
0.00013282
0.0001325
0.00013217
0.00013184
0.00013151
0.00013118
0.00013084
0.00013049
0.00013015
0.0001298
0.00012945
0.0001291
0.00012874
0.00012838
0.00012802
0.00012765
0.00012728
0.00012691
0.00012654
0.00012616
0.00012578
0.0001254
0.00012501
0.00012463
0.00012424
0.00012385
0.00012345
0.00012305
0.00012265
0.00012225
0.00012185
0.00012144
0.00012103
0.00012062
0.00012021
0.00011979
0.00011937
0.00011895
0.00011853
0.00011811
0.00011768
0.00011725
0.00011682
0.00011639
0.00011595
0.00011552
0.00011508
0.00011464
0.0001142
0.00011376
0.00011331
0.00011286
0.00011242
0.00011197
0.00011152
0.00011106
0.00011061
0.00011015
0.00010969
0.00010924
0.00010878
0.00010831
0.00010785
0.00010739
0.00010692
0.00010645
0.00010599
0.00010552
0.00010505
0.00010458
0.00010411
0.00010363
0.00010316
0.00010268
0.00010221
0.00010173
0.00010125
0.00010077
0.0001003
9.9815e-05
9.9335e-05
9.8853e-05
9.8371e-05
9.7889e-05
9.7405e-05
9.6922e-05
9.6438e-05
9.5953e-05
9.5468e-05
9.4982e-05
9.4496e-05
9.401e-05
9.3523e-05
9.3036e-05
9.2549e-05
9.2061e-05
9.1574e-05
9.1086e-05
9.0598e-05
9.011e-05
8.9622e-05
8.9133e-05
8.8645e-05
8.8157e-05
8.7669e-05
8.7181e-05
8.6693e-05
8.6205e-05
8.5717e-05
8.5229e-05
8.4742e-05
8.4255e-05
8.3768e-05
8.3281e-05
8.2795e-05
8.2309e-05
8.1823e-05
8.1338e-05
8.0854e-05
8.0369e-05
7.9886e-05
7.9402e-05
7.892e-05
7.8437e-05
7.7956e-05
7.7475e-05
7.6995e-05
7.6515e-05
7.6036e-05
7.5558e-05
7.508e-05
7.4603e-05
7.4127e-05
7.3652e-05
7.3178e-05
7.2704e-05
7.2232e-05
7.176e-05
7.1289e-05
7.0819e-05
7.035e-05
6.9883e-05
6.9416e-05
6.895e-05
6.8485e-05
6.8021e-05
6.7559e-05
6.7097e-05
6.6637e-05
6.6178e-05
6.5719e-05
6.5263e-05
6.4807e-05
6.4353e-05
6.3899e-05
6.3448e-05
6.2997e-05
6.2548e-05
6.21e-05
6.1653e-05
6.1208e-05
6.0764e-05
6.0322e-05
5.988e-05
5.9441e-05
5.9003e-05
5.8566e-05
5.8131e-05
5.7697e-05
5.7265e-05
5.6834e-05
5.6405e-05
5.5977e-05
5.5551e-05
5.5126e-05
5.4703e-05
5.4282e-05
5.3862e-05
5.3444e-05
5.3028e-05
5.2613e-05
5.22e-05
5.1788e-05
5.1378e-05
5.097e-05
5.0564e-05
5.0159e-05
4.9756e-05
4.9355e-05
4.8956e-05
4.8558e-05
4.8162e-05
4.7768e-05
4.7376e-05
4.6985e-05
4.6597e-05
4.621e-05
4.5825e-05
4.5441e-05
4.506e-05
4.4681e-05
4.4303e-05
4.3927e-05
4.3553e-05
4.3181e-05
4.2811e-05
4.2443e-05
4.2076e-05
4.1712e-05
4.1349e-05
4.0988e-05
4.063e-05
4.0273e-05
3.9918e-05
3.9565e-05
3.9214e-05
3.8865e-05
3.8517e-05
3.8172e-05
3.7829e-05
3.7488e-05
3.7148e-05
3.6811e-05
3.6475e-05
3.6142e-05
3.581e-05
3.5481e-05
3.5153e-05
3.4828e-05
3.4504e-05
3.4182e-05
3.3863e-05
3.3545e-05
3.3229e-05
3.2915e-05
3.2604e-05
3.2294e-05
3.1986e-05
3.168e-05
3.1376e-05
3.1074e-05
3.0774e-05
3.0476e-05
3.018e-05
2.9886e-05
2.9594e-05
2.9304e-05
2.9016e-05
2.873e-05
2.8446e-05
2.8164e-05
2.7883e-05
2.7605e-05
2.7329e-05
2.7054e-05
2.6782e-05
2.6511e-05
2.6242e-05
2.5976e-05
2.5711e-05
2.5448e-05
2.5187e-05
2.4928e-05
2.4671e-05
2.4416e-05
2.4163e-05
2.3912e-05
2.3662e-05
2.3415e-05
2.3169e-05
2.2925e-05
2.2683e-05
2.2443e-05
2.2205e-05
2.1969e-05
2.1735e-05
2.1502e-05
2.1271e-05
2.1042e-05
2.0815e-05
2.059e-05
2.0367e-05
2.0145e-05
1.9925e-05
1.9707e-05
1.9491e-05
1.9277e-05
1.9064e-05
1.8853e-05
1.8644e-05
1.8437e-05
1.8231e-05
1.8028e-05
1.7825e-05
1.7625e-05
1.7426e-05
1.723e-05
1.7034e-05
1.6841e-05
1.6649e-05
1.6459e-05
1.6271e-05
1.6084e-05
1.5899e-05
1.5715e-05
1.5533e-05
1.5353e-05
1.5175e-05
1.4998e-05
1.4823e-05
1.4649e-05
1.4477e-05
1.4306e-05
1.4137e-05
1.397e-05
1.3804e-05
1.364e-05
1.3477e-05
1.3316e-05
1.3156e-05
1.2998e-05
1.2842e-05
1.2687e-05
1.2533e-05
1.2381e-05
1.223e-05
1.2081e-05
1.1934e-05
1.1787e-05
1.1642e-05
1.1499e-05
1.1357e-05
1.1217e-05
1.1077e-05
1.094e-05
1.0803e-05
1.0668e-05
1.0535e-05
1.0402e-05
1.0272e-05
1.0142e-05
1.0014e-05
9.8868e-06
9.7612e-06
9.6369e-06
9.5139e-06
9.3922e-06
9.2717e-06
9.1525e-06
9.0346e-06
8.918e-06
8.8025e-06
8.6883e-06
8.5754e-06
8.4636e-06
8.3531e-06
8.2437e-06
8.1355e-06
8.0285e-06
7.9227e-06
7.818e-06
7.7145e-06
7.6121e-06
7.5109e-06
7.4107e-06
7.3117e-06
7.2138e-06
7.117e-06
7.0213e-06
6.9266e-06
6.833e-06
6.7405e-06
6.649e-06
6.5586e-06
6.4692e-06
6.3809e-06
6.2935e-06
6.2072e-06
6.1218e-06
6.0375e-06
5.9541e-06
5.8717e-06
5.7903e-06
5.7098e-06
5.6303e-06
5.5517e-06
5.474e-06
5.3973e-06
5.3215e-06
5.2466e-06
5.1725e-06
5.0994e-06
5.0272e-06
4.9558e-06
4.8853e-06
4.8157e-06
4.7469e-06
4.6789e-06
4.6118e-06
4.5455e-06
4.48e-06
4.4153e-06
4.3515e-06
4.2884e-06
4.2261e-06
4.1646e-06
4.1039e-06
4.0439e-06
3.9847e-06
3.9262e-06
3.8685e-06
3.8115e-06
3.7552e-06
3.6997e-06
3.6448e-06
3.5907e-06
3.5373e-06
3.4845e-06
3.4324e-06
3.381e-06
3.3303e-06
3.2803e-06
3.2309e-06
3.1821e-06
3.134e-06
3.0865e-06
3.0397e-06
2.9934e-06
2.9478e-06
2.9028e-06
2.8584e-06
2.8146e-06
2.7713e-06
2.7287e-06
2.6866e-06
2.6451e-06
2.6042e-06
2.5638e-06
2.5239e-06
2.4847e-06
2.4459e-06
2.4077e-06
2.37e-06
2.3328e-06
2.2961e-06
2.26e-06
2.2243e-06
2.1892e-06
2.1545e-06
2.1203e-06
2.0866e-06
2.0534e-06
2.0206e-06
1.9883e-06
1.9565e-06
1.9251e-06
1.8942e-06
1.8637e-06
1.8336e-06
1.804e-06
1.7747e-06
1.746e-06
1.7176e-06
1.6896e-06
1.6621e-06
1.6349e-06
1.6081e-06
1.5818e-06
1.5558e-06
1.5302e-06
1.5049e-06
1.4801e-06
1.4556e-06
1.4314e-06
1.4077e-06
1.3842e-06
1.3612e-06
1.3384e-06
1.316e-06
1.294e-06
1.2723e-06
1.2509e-06
1.2298e-06
1.209e-06
1.1886e-06
1.1685e-06
1.1486e-06
1.1291e-06
1.1099e-06
1.091e-06
1.0723e-06
1.054e-06
1.0359e-06
1.0181e-06
1.0006e-06
9.8335e-07
9.6638e-07
9.4967e-07
9.3322e-07
9.1702e-07
9.0108e-07
8.8539e-07
8.6995e-07
8.5475e-07
8.3979e-07
8.2507e-07
8.1058e-07
7.9632e-07
7.8229e-07
7.6848e-07
7.549e-07
7.4153e-07
7.2837e-07
7.1543e-07
7.027e-07
6.9017e-07
6.7784e-07
6.6572e-07
6.5379e-07
6.4206e-07
6.3052e-07
6.1916e-07
6.0799e-07
5.9701e-07
5.8621e-07
5.7558e-07
5.6513e-07
5.5486e-07
5.4475e-07
5.3481e-07
5.2504e-07
5.1543e-07
5.0598e-07
4.9669e-07
4.8755e-07
4.7857e-07
4.6974e-07
4.6106e-07
4.5252e-07
4.4413e-07
4.3589e-07
4.2778e-07
4.1981e-07
4.1197e-07
4.0427e-07
3.9671e-07
3.8927e-07
3.8196e-07
3.7478e-07
3.6772e-07
3.6078e-07
3.5396e-07
3.4726e-07
3.4068e-07
3.3421e-07
3.2785e-07
3.2161e-07
3.1548e-07
3.0945e-07
3.0353e-07
2.9771e-07
2.92e-07
2.8638e-07
2.8087e-07
2.7545e-07
2.7013e-07
2.6491e-07
2.5978e-07
2.5474e-07
2.4979e-07
2.4493e-07
2.4015e-07
2.3546e-07
2.3086e-07
2.2634e-07
2.219e-07
2.1754e-07
2.1327e-07
2.0906e-07
2.0494e-07
2.0089e-07
1.9692e-07
1.9301e-07
1.8918e-07
1.8542e-07
1.8173e-07
1.7811e-07
1.7455e-07
1.7106e-07
1.6764e-07
1.6428e-07
1.6098e-07
1.5774e-07
1.5456e-07
1.5144e-07
1.4838e-07
1.4538e-07
1.4244e-07
1.3955e-07
1.3671e-07
1.3393e-07
1.312e-07
1.2852e-07
1.2589e-07
1.2332e-07
1.2079e-07
1.1831e-07
1.1588e-07
1.1349e-07
1.1115e-07
1.0886e-07
1.0661e-07
1.044e-07
1.0223e-07
1.0011e-07
9.803e-08
9.5989e-08
9.3987e-08
9.2024e-08
9.01e-08
8.8213e-08
8.6363e-08
8.4549e-08
8.2771e-08
8.1028e-08
7.9319e-08
7.7643e-08
7.6001e-08
7.4392e-08
7.2814e-08
7.1267e-08
6.9752e-08
6.8266e-08
6.681e-08
6.5383e-08
6.3985e-08
6.2614e-08
6.1272e-08
5.9956e-08
5.8666e-08
5.7403e-08
5.6165e-08
5.4952e-08
5.3764e-08
5.26e-08
5.1459e-08
5.0342e-08
4.9248e-08
4.8175e-08
4.7125e-08
4.6096e-08
4.5089e-08
4.4102e-08
4.3135e-08
4.2188e-08
4.1261e-08
4.0353e-08
3.9464e-08
3.8593e-08
3.774e-08
3.6905e-08
3.6087e-08
3.5287e-08
3.4503e-08
3.3735e-08
3.2984e-08
3.2248e-08
3.1528e-08
3.0823e-08
3.0133e-08
2.9457e-08
2.8796e-08
2.8148e-08
2.7515e-08
2.6895e-08
2.6288e-08
2.5693e-08
2.5112e-08
2.4543e-08
2.3986e-08
2.3441e-08
2.2908e-08
2.2386e-08
2.1876e-08
2.1376e-08
2.0887e-08
2.0409e-08
1.9941e-08
1.9484e-08
1.9036e-08
1.8598e-08
1.8169e-08
1.775e-08
1.734e-08
1.6939e-08
1.6546e-08
1.6163e-08
1.5787e-08
1.542e-08
1.5061e-08
1.471e-08
1.4367e-08
1.4031e-08
1.3703e-08
1.3382e-08
1.3068e-08
1.2761e-08
1.2461e-08
1.2168e-08
1.1881e-08
1.16e-08
1.1326e-08
1.1058e-08
1.0796e-08
1.054e-08
1.029e-08
1.0045e-08
9.8059e-09
9.5721e-09
9.3437e-09
9.1204e-09
8.9021e-09
8.6888e-09
8.4804e-09
8.2767e-09
8.0777e-09
7.8832e-09
7.6932e-09
7.5075e-09
7.3261e-09
7.1488e-09
6.9757e-09
6.8065e-09
6.6412e-09
6.4797e-09
6.322e-09
6.1679e-09
6.0174e-09
5.8704e-09
5.7268e-09
5.5866e-09
5.4496e-09
5.3158e-09
5.1852e-09
5.0576e-09
4.933e-09
4.8113e-09
4.6925e-09
4.5765e-09
4.4632e-09
4.3526e-09
4.2445e-09
4.1391e-09
4.0361e-09
3.9356e-09
3.8375e-09
3.7417e-09
3.6482e-09
3.5569e-09
3.4678e-09
3.3809e-09
3.296e-09
3.2131e-09
3.1323e-09
3.0533e-09
2.9763e-09
2.9011e-09
2.8278e-09
2.7562e-09
2.6863e-09
2.6182e-09
2.5517e-09
2.4868e-09
2.4235e-09
2.3617e-09
2.3014e-09
2.2426e-09
2.1852e-09
2.1293e-09
2.0747e-09
2.0214e-09
1.9695e-09
1.9188e-09
1.8694e-09
1.8212e-09
1.7742e-09
1.7283e-09
1.6836e-09
1.64e-09
1.5974e-09
1.556e-09
1.5155e-09
1.4761e-09
1.4376e-09
1.4001e-09
1.3636e-09
1.3279e-09
1.2932e-09
1.2593e-09
1.2263e-09
1.1941e-09
1.1627e-09
1.1321e-09
1.1023e-09
1.0732e-09
1.0449e-09
1.0172e-09
9.9031e-10
9.6408e-10
9.3851e-10
9.1359e-10
8.893e-10
8.6564e-10
8.4258e-10
8.201e-10
7.9821e-10
7.7687e-10
7.5609e-10
7.3583e-10
7.161e-10
6.9687e-10
6.7814e-10
6.599e-10
6.4212e-10
6.2481e-10
6.0794e-10
5.9152e-10
5.7551e-10
5.5993e-10
5.4475e-10
5.2996e-10
5.1556e-10
5.0154e-10
4.8788e-10
4.7459e-10
4.6164e-10
4.4902e-10
4.3675e-10
4.2479e-10
4.1315e-10
4.0181e-10
3.9078e-10
3.8003e-10
3.6957e-10
3.5939e-10
3.4948e-10
3.3983e-10
3.3044e-10
3.2129e-10
3.1239e-10
3.0373e-10
2.953e-10
2.8709e-10
2.7911e-10
2.7134e-10
2.6377e-10
2.5641e-10
2.4925e-10
2.4228e-10
2.355e-10
2.289e-10
2.2248e-10
2.1623e-10
2.1015e-10
2.0424e-10
1.9848e-10
1.9289e-10
1.8744e-10
1.8214e-10
1.7699e-10
1.7198e-10
1.6711e-10
1.6236e-10
1.5775e-10
1.5327e-10
1.489e-10
1.4466e-10
1.4054e-10
1.3652e-10
1.3262e-10
1.2883e-10
1.2514e-10
1.2155e-10
1.1806e-10
1.1467e-10
1.1137e-10
1.0817e-10
1.0505e-10
1.0202e-10
9.9073e-11
9.6209e-11
9.3426e-11
9.072e-11
8.809e-11
8.5533e-11
8.3048e-11
8.0633e-11
7.8286e-11
7.6005e-11
7.3788e-11
7.1634e-11
6.954e-11
6.7506e-11
6.5529e-11
6.3608e-11
6.1741e-11
5.9928e-11
5.8165e-11
5.6454e-11
5.479e-11
5.3174e-11
5.1605e-11
5.008e-11
4.8599e-11
4.716e-11
4.5762e-11
4.4404e-11
4.3086e-11
4.1805e-11
4.0561e-11
3.9353e-11
3.818e-11
3.704e-11
3.5934e-11
3.4859e-11
3.3816e-11
3.2803e-11
3.1819e-11
3.0864e-11
2.9936e-11
2.9036e-11
2.8162e-11
2.7313e-11
2.6489e-11
2.5689e-11
2.4913e-11
2.4159e-11
2.3428e-11
2.2717e-11
2.2028e-11
2.1359e-11
2.071e-11
2.008e-11
1.9468e-11
1.8875e-11
1.8299e-11
1.774e-11
1.7197e-11
1.6671e-11
1.616e-11
1.5665e-11
1.5184e-11
1.4717e-11
1.4265e-11
1.3826e-11
1.34e-11
1.2986e-11
1.2586e-11
1.2197e-11
1.1819e-11
1.1454e-11
1.1099e-11
1.0754e-11
1.0421e-11
1.0097e-11
9.7827e-12
9.4781e-12
9.1828e-12
8.8963e-12
8.6186e-12
8.3493e-12
8.0881e-12
7.8349e-12
7.5894e-12
7.3513e-12
7.1205e-12
6.8967e-12
6.6798e-12
6.4695e-12
6.2656e-12
6.068e-12
5.8764e-12
5.6907e-12
5.5107e-12
5.3362e-12
5.1671e-12
5.0032e-12
4.8444e-12
4.6905e-12
4.5413e-12
4.3967e-12
4.2566e-12
4.1208e-12
3.9893e-12
3.8618e-12
3.7383e-12
3.6186e-12
3.5027e-12
3.3904e-12
3.2815e-12
3.1761e-12
3.074e-12
2.975e-12
2.8792e-12
2.7864e-12
2.6964e-12
2.6093e-12
2.525e-12
2.4432e-12
2.3641e-12
2.2875e-12
2.2132e-12
2.1413e-12
2.0717e-12
2.0043e-12
1.939e-12
1.8758e-12
1.8146e-12
1.7554e-12
1.698e-12
1.6425e-12
1.5887e-12
1.5366e-12
1.4862e-12
1.4374e-12
1.3902e-12
1.3445e-12
1.3002e-12
1.2574e-12
1.2159e-12
1.1758e-12
1.1369e-12
1.0994e-12
1.063e-12
1.0278e-12
9.9369e-13
9.6072e-13
9.2881e-13
8.9794e-13
8.6807e-13
8.3916e-13
8.112e-13
7.8414e-13
7.5796e-13
7.3263e-13
7.0813e-13
6.8443e-13
6.615e-13
6.3932e-13
6.1786e-13
5.9711e-13
5.7703e-13
5.5762e-13
5.3884e-13
5.2067e-13
5.0311e-13
4.8612e-13
4.6969e-13
4.5381e-13
4.3844e-13
4.2359e-13
4.0922e-13
3.9533e-13
3.8191e-13
3.6892e-13
3.5637e-13
3.4423e-13
3.325e-13
3.2115e-13
3.1019e-13
2.9959e-13
2.8934e-13
2.7944e-13
2.6986e-13
2.6061e-13
2.5166e-13
2.4302e-13
2.3466e-13
2.2659e-13
2.1879e-13
2.1125e-13
2.0396e-13
1.9692e-13
1.9011e-13
1.8354e-13
1.7719e-13
1.7105e-13
1.6512e-13
1.5939e-13
1.5385e-13
1.4851e-13
1.4334e-13
1.3835e-13
1.3353e-13
1.2887e-13
1.2437e-13
1.2003e-13
1.1583e-13
1.1178e-13
1.0787e-13
1.0408e-13
1.0043e-13
9.6907e-14
9.3502e-14
9.0214e-14
8.7039e-14
8.3973e-14
8.1013e-14
7.8155e-14
7.5395e-14
7.273e-14
7.0158e-14
6.7674e-14
6.5277e-14
6.2962e-14
6.0728e-14
5.8571e-14
5.6489e-14
5.4479e-14
5.254e-14
5.0668e-14
4.8861e-14
4.7117e-14
4.5434e-14
4.381e-14
4.2242e-14
4.073e-14
3.927e-14
3.7862e-14
3.6503e-14
3.5191e-14
3.3926e-14
3.2705e-14
3.1527e-14
3.0391e-14
2.9295e-14
2.8237e-14
2.7217e-14
2.6233e-14
2.5284e-14
2.4368e-14
2.3485e-14
2.2633e-14
2.1812e-14
2.1019e-14
2.0255e-14
1.9518e-14
1.8807e-14
1.8121e-14
1.746e-14
1.6823e-14
1.6208e-14
1.5616e-14
1.5044e-14
1.4493e-14
1.3962e-14
1.345e-14
1.2956e-14
1.248e-14
1.2021e-14
1.1579e-14
1.1152e-14
1.0741e-14
1.0345e-14
9.9634e-15
9.5953e-15
9.2405e-15
8.8986e-15
8.5691e-15
8.2515e-15
7.9455e-15
7.6506e-15
7.3664e-15
7.0925e-15
6.8286e-15
6.5744e-15
6.3294e-15
6.0934e-15
5.8659e-15
5.6468e-15
5.4358e-15
5.2324e-15
5.0365e-15
4.8478e-15
4.666e-15
4.4909e-15
4.3223e-15
4.1598e-15
4.0034e-15
3.8527e-15
3.7076e-15
3.5678e-15
3.4332e-15
3.3035e-15
3.1787e-15
3.0585e-15
2.9428e-15
2.8313e-15
2.724e-15
2.6207e-15
2.5212e-15
2.4254e-15
2.3332e-15
2.2444e-15
2.1589e-15
2.0767e-15
1.9975e-15
1.9212e-15
1.8479e-15
1.7772e-15
1.7092e-15
1.6438e-15
1.5808e-15
1.5202e-15
1.4619e-15
1.4058e-15
1.3517e-15
1.2998e-15
1.2497e-15
1.2016e-15
1.1553e-15
1.1107e-15
1.0679e-15
1.0266e-15
9.8692e-16
9.4874e-16
9.1201e-16
8.7667e-16
8.4268e-16
8.0998e-16
7.7852e-16
7.4827e-16
7.1917e-16
6.9118e-16
6.6425e-16
6.3836e-16
6.1346e-16
5.8951e-16
5.6648e-16
5.4434e-16
5.2304e-16
5.0256e-16
4.8287e-16
4.6394e-16
4.4573e-16
4.2823e-16
4.114e-16
3.9522e-16
3.7967e-16
3.6471e-16
3.5034e-16
3.3652e-16
3.2324e-16
3.1047e-16
2.9819e-16
2.864e-16
2.7506e-16
2.6416e-16
2.5369e-16
2.4362e-16
2.3395e-16
2.2466e-16
2.1572e-16
2.0714e-16
1.9889e-16
1.9097e-16
1.8335e-16
1.7603e-16
1.69e-16
1.6225e-16
1.5576e-16
1.4952e-16
1.4354e-16
1.3778e-16
1.3226e-16
1.2695e-16
1.2185e-16
1.1695e-16
1.1225e-16
1.0773e-16
1.0339e-16
9.9219e-17
9.5217e-17
9.1373e-17
8.7681e-17
8.4136e-17
8.0732e-17
7.7463e-17
7.4325e-17
7.1311e-17
6.8418e-17
6.564e-17
6.2973e-17
6.0412e-17
5.7954e-17
5.5594e-17
5.3329e-17
5.1154e-17
4.9067e-17
4.7063e-17
4.514e-17
4.3294e-17
4.1522e-17
3.9822e-17
3.819e-17
3.6624e-17
3.5121e-17
3.3678e-17
3.2294e-17
3.0966e-17
2.9692e-17
2.8469e-17
2.7296e-17
2.617e-17
2.509e-17
2.4054e-17
2.306e-17
2.2106e-17
2.1191e-17
2.0313e-17
1.9471e-17
1.8664e-17
1.7889e-17
1.7146e-17
1.6434e-17
1.575e-17
1.5095e-17
1.4466e-17
1.3863e-17
1.3285e-17
1.2731e-17
1.2199e-17
1.1689e-17
1.12e-17
1.0732e-17
1.0282e-17
9.8513e-18
9.4381e-18
9.042e-18
8.6623e-18
8.2983e-18
7.9493e-18
7.6148e-18
7.2942e-18
6.9868e-18
6.6922e-18
6.4098e-18
6.1391e-18
5.8797e-18
5.6311e-18
5.3928e-18
5.1645e-18
4.9457e-18
4.736e-18
4.535e-18
4.3425e-18
4.158e-18
3.9812e-18
3.8118e-18
3.6495e-18
3.4941e-18
3.3451e-18
3.2024e-18
3.0657e-18
2.9347e-18
2.8093e-18
2.6891e-18
2.574e-18
2.4638e-18
2.3581e-18
2.257e-18
2.1601e-18
2.0674e-18
1.9785e-18
1.8934e-18
1.8119e-18
1.7339e-18
1.6592e-18
1.5876e-18
1.5191e-18
1.4535e-18
1.3907e-18
1.3306e-18
1.273e-18
1.2179e-18
1.1651e-18
1.1146e-18
1.0663e-18
1.02e-18
9.7566e-19
9.3325e-19
8.9266e-19
8.538e-19
8.1661e-19
7.8102e-19
7.4696e-19
7.1436e-19
6.8316e-19
6.533e-19
6.2473e-19
5.974e-19
5.7124e-19
5.4621e-19
5.2226e-19
4.9935e-19
4.7742e-19
4.5645e-19
4.3638e-19
4.1719e-19
3.9882e-19
3.8125e-19
3.6445e-19
3.4838e-19
3.33e-19
3.1829e-19
3.0423e-19
2.9077e-19
2.7791e-19
2.656e-19
2.5383e-19
2.4258e-19
2.3182e-19
2.2153e-19
2.1168e-19
2.0228e-19
1.9328e-19
1.8467e-19
1.7645e-19
1.6859e-19
1.6107e-19
1.5388e-19
1.4701e-19
1.4044e-19
1.3416e-19
1.2816e-19
1.2242e-19
1.1694e-19
1.1169e-19
1.0668e-19
1.019e-19
9.7319e-20
9.2945e-20
8.8765e-20
8.477e-20
8.0953e-20
7.7306e-20
7.382e-20
7.049e-20
6.7307e-20
6.4267e-20
6.1362e-20
5.8586e-20
5.5935e-20
5.3401e-20
5.0981e-20
4.8669e-20
4.6461e-20
4.4352e-20
4.2336e-20
4.0412e-20
3.8573e-20
3.6818e-20
3.5141e-20
3.3539e-20
3.2009e-20
3.0549e-20
2.9154e-20
2.7821e-20
2.6549e-20
2.5335e-20
2.4175e-20
2.3067e-20
2.201e-20
2.1001e-20
2.0037e-20
1.9117e-20
1.8238e-20
1.74e-20
1.6599e-20
1.5835e-20
1.5105e-20
1.4409e-20
1.3744e-20
1.311e-20
1.2505e-20
1.1927e-20
1.1375e-20
1.0849e-20
1.0347e-20
9.8672e-21
9.4098e-21
8.9734e-21
8.5569e-21
8.1595e-21
7.7803e-21
7.4185e-21
7.0733e-21
6.744e-21
6.4298e-21
6.1301e-21
5.8442e-21
5.5714e-21
5.3112e-21
5.063e-21
4.8263e-21
4.6004e-21
4.3851e-21
4.1796e-21
3.9837e-21
3.7969e-21
3.6187e-21
3.4487e-21
3.2867e-21
3.1321e-21
2.9848e-21
2.8443e-21
2.7103e-21
2.5825e-21
2.4607e-21
2.3446e-21
2.2339e-21
2.1284e-21
2.0277e-21
1.9318e-21
1.8404e-21
1.7532e-21
1.6701e-21
1.5909e-21
1.5154e-21
1.4435e-21
1.3749e-21
1.3095e-21
1.2472e-21
1.1879e-21
1.1313e-21
1.0774e-21
1.026e-21
9.7707e-22
9.3043e-22
8.8599e-22
8.4364e-22
8.0329e-22
7.6485e-22
7.2823e-22
6.9334e-22
6.601e-22
6.2844e-22
5.9827e-22
5.6954e-22
5.4217e-22
5.161e-22
4.9127e-22
4.6762e-22
4.4509e-22
4.2364e-22
4.0321e-22
3.8375e-22
3.6522e-22
3.4758e-22
3.3077e-22
3.1477e-22
2.9954e-22
2.8503e-22
2.7122e-22
2.5807e-22
2.4555e-22
2.3363e-22
2.2228e-22
2.1148e-22
2.0119e-22
1.914e-22
1.8209e-22
1.7322e-22
1.6477e-22
1.5674e-22
1.4909e-22
1.4181e-22
1.3488e-22
1.2828e-22
1.2201e-22
1.1604e-22
1.1035e-22
1.0495e-22
9.98e-23
9.4903e-23
9.0245e-23
8.5812e-23
8.1594e-23
7.7582e-23
7.3764e-23
7.0133e-23
6.6678e-23
6.3391e-23
6.0265e-23
5.7291e-23
5.4462e-23
5.1771e-23
4.9212e-23
4.6778e-23
4.4462e-23
4.2261e-23
4.0167e-23
3.8175e-23
3.6281e-23
3.4481e-23
3.2768e-23
3.114e-23
2.9591e-23
2.8119e-23
2.6719e-23
2.5389e-23
2.4123e-23
2.292e-23
2.1777e-23
2.069e-23
1.9656e-23
1.8674e-23
1.774e-23
1.6852e-23
1.6008e-23
1.5206e-23
1.4444e-23
1.372e-23
1.3031e-23
1.2377e-23
1.1755e-23
1.1164e-23
1.0603e-23
1.0069e-23
9.5622e-24
9.0804e-24
8.6227e-24
8.1877e-24
7.7745e-24
7.3819e-24
7.009e-24
6.6546e-24
6.318e-24
5.9982e-24
5.6945e-24
5.4059e-24
5.1319e-24
4.8715e-24
4.6243e-24
4.3894e-24
4.1664e-24
3.9546e-24
3.7534e-24
3.5624e-24
3.3809e-24
3.2087e-24
3.0451e-24
2.8897e-24
2.7422e-24
2.6022e-24
2.4692e-24
2.343e-24
2.2231e-24
2.1093e-24
2.0013e-24
1.8987e-24
1.8014e-24
1.709e-24
1.6213e-24
1.538e-24
1.459e-24
1.3839e-24
1.3127e-24
1.2452e-24
1.181e-24
1.1202e-24
1.0624e-24
1.0076e-24
9.5562e-25
9.0626e-25
8.5943e-25
8.15e-25
7.7284e-25
7.3284e-25
6.9489e-25
6.5888e-25
6.2472e-25
5.9231e-25
5.6157e-25
5.3241e-25
5.0474e-25
4.785e-25
4.5361e-25
4.3e-25
4.0761e-25
3.8637e-25
3.6623e-25
3.4713e-25
3.2901e-25
3.1183e-25
2.9554e-25
2.8009e-25
2.6544e-25
2.5155e-25
2.3838e-25
2.2589e-25
2.1405e-25
2.0282e-25
1.9218e-25
1.8209e-25
1.7252e-25
1.6346e-25
1.5486e-25
1.4671e-25
1.3899e-25
1.3167e-25
1.2473e-25
1.1815e-25
1.1192e-25
1.0601e-25
1.0041e-25
9.5102e-26
9.0074e-26
8.5308e-26
8.0793e-26
7.6514e-26
7.2459e-26
6.8617e-26
6.4977e-26
6.1529e-26
5.8261e-26
5.5166e-26
5.2233e-26
4.9454e-26
4.6823e-26
4.4329e-26
4.1968e-26
3.973e-26
3.7611e-26
3.5604e-26
3.3703e-26
3.1903e-26
3.0198e-26
2.8583e-26
2.7054e-26
2.5605e-26
2.4234e-26
2.2935e-26
2.1705e-26
2.0541e-26
1.9438e-26
1.8394e-26
1.7406e-26
1.647e-26
1.5584e-26
1.4745e-26
1.3951e-26
1.32e-26
1.2488e-26
1.1815e-26
1.1177e-26
1.0574e-26
1.0002e-26
9.4618e-27
8.9501e-27
8.4658e-27
8.0075e-27
7.5738e-27
7.1634e-27
6.775e-27
6.4074e-27
6.0596e-27
5.7306e-27
5.4192e-27
5.1246e-27
4.8459e-27
4.5821e-27
4.3326e-27
4.0966e-27
3.8733e-27
3.6621e-27
3.4623e-27
3.2733e-27
3.0945e-27
2.9254e-27
2.7654e-27
2.6141e-27
2.471e-27
2.3357e-27
2.2077e-27
2.0867e-27
1.9722e-27
1.864e-27
1.7617e-27
1.6649e-27
1.5734e-27
1.4869e-27
1.405e-27
1.3277e-27
1.2546e-27
1.1854e-27
1.1201e-27
1.0583e-27
9.9988e-28
9.4467e-28
8.9247e-28
8.4314e-28
7.9651e-28
7.5243e-28
7.1078e-28
6.714e-28
6.3419e-28
5.9903e-28
5.658e-28
5.3439e-28
5.0471e-28
4.7667e-28
4.5017e-28
4.2513e-28
4.0147e-28
3.7912e-28
3.58e-28
3.3805e-28
3.192e-28
3.0139e-28
2.8456e-28
2.6867e-28
2.5366e-28
2.3948e-28
2.2608e-28
2.1343e-28
2.0148e-28
1.9019e-28
1.7953e-28
1.6947e-28
1.5996e-28
1.5098e-28
1.425e-28
1.3449e-28
1.2693e-28
1.1979e-28
1.1305e-28
1.0668e-28
1.0067e-28
9.5e-29
8.9643e-29
8.4585e-29
7.9811e-29
7.5303e-29
7.1048e-29
6.7031e-29
6.324e-29
5.9661e-29
5.6283e-29
5.3095e-29
5.0086e-29
4.7246e-29
4.4565e-29
4.2036e-29
3.9648e-29
3.7396e-29
3.527e-29
3.3264e-29
3.1371e-29
2.9585e-29
2.79e-29
2.631e-29
2.4809e-29
2.3394e-29
2.2059e-29
2.0799e-29
1.9611e-29
1.849e-29
1.7433e-29
1.6435e-29
1.5494e-29
1.4607e-29
1.377e-29
1.298e-29
1.2236e-29
1.1534e-29
1.0871e-29
1.0247e-29
9.6579e-30
9.1025e-30
8.5788e-30
8.085e-30
7.6194e-30
7.1804e-30
6.7665e-30
6.3762e-30
6.0083e-30
5.6615e-30
5.3344e-30
5.0262e-30
4.7356e-30
4.4617e-30
4.2034e-30
3.9601e-30
3.7306e-30
3.5144e-30
3.3106e-30
3.1186e-30
2.9375e-30
2.767e-30
2.6062e-30
2.4547e-30
2.3119e-30
2.1774e-30
2.0506e-30
1.9312e-30
1.8187e-30
1.7126e-30
1.6127e-30
1.5186e-30
1.43e-30
1.3464e-30
1.2677e-30
1.1936e-30
1.1238e-30
1.058e-30
9.9606e-31
9.3771e-31
8.8274e-31
8.3098e-31
7.8222e-31
7.3631e-31
6.9307e-31
6.5234e-31
6.14e-31
5.7789e-31
5.4388e-31
5.1186e-31
4.8172e-31
4.5333e-31
4.266e-31
4.0144e-31
3.7775e-31
3.5545e-31
3.3445e-31
3.1469e-31
2.9608e-31
2.7857e-31
2.6208e-31
2.4656e-31
2.3195e-31
2.1821e-31
2.0527e-31
1.9309e-31
1.8163e-31
1.7084e-31
1.6069e-31
1.5114e-31
1.4215e-31
1.337e-31
1.2574e-31
1.1825e-31
1.1121e-31
1.0458e-31
9.834e-32
9.2472e-32
8.6952e-32
8.1759e-32
7.6874e-32
7.2278e-32
6.7955e-32
6.3889e-32
6.0064e-32
5.6467e-32
5.3083e-32
4.9901e-32
4.6908e-32
4.4093e-32
4.1446e-32
3.8956e-32
3.6615e-32
3.4414e-32
3.2344e-32
3.0397e-32
2.8567e-32
2.6847e-32
2.5229e-32
2.3708e-32
2.2278e-32
2.0933e-32
1.9669e-32
1.8481e-32
1.7364e-32
1.6314e-32
1.5327e-32
1.44e-32
1.3528e-32
1.2708e-32
1.1938e-32
1.1214e-32
1.0534e-32
9.8948e-33
9.294e-33
8.7295e-33
8.1989e-33
7.7004e-33
7.232e-33
6.7918e-33
6.3783e-33
5.9897e-33
5.6247e-33
5.2817e-33
4.9595e-33
4.6569e-33
4.3725e-33
4.1054e-33
3.8545e-33
3.6188e-33
3.3974e-33
3.1895e-33
2.9942e-33
2.8108e-33
2.6385e-33
2.4768e-33
2.3248e-33
2.1821e-33
2.0482e-33
1.9224e-33
1.8042e-33
1.6933e-33
1.5891e-33
1.4913e-33
1.3995e-33
1.3133e-33
1.2324e-33
1.1564e-33
1.085e-33
1.0181e-33
9.5523e-34
8.9623e-34
8.4084e-34
7.8886e-34
7.4006e-34
6.9427e-34
6.5128e-34
6.1094e-34
5.7308e-34
5.3756e-34
5.0421e-34
4.7293e-34
4.4357e-34
4.1602e-34
3.9017e-34
3.6591e-34
3.4315e-34
3.218e-34
3.0177e-34
2.8297e-34
2.6534e-34
2.488e-34
2.3329e-34
2.1873e-34
2.0508e-34
1.9227e-34
1.8026e-34
1.6899e-34
1.5842e-34
1.4851e-34
1.3922e-34
1.305e-34
1.2232e-34
1.1466e-34
1.0747e-34
1.0072e-34
9.4403e-35
8.8475e-35
8.2917e-35
7.7706e-35
7.282e-35
6.824e-35
6.3945e-35
5.9919e-35
5.6145e-35
5.2607e-35
4.929e-35
4.6181e-35
4.3267e-35
4.0536e-35
3.7976e-35
3.5576e-35
3.3327e-35
3.1219e-35
2.9244e-35
2.7393e-35
2.5658e-35
2.4033e-35
2.2509e-35
2.1082e-35
1.9744e-35
1.8491e-35
1.7317e-35
1.6217e-35
1.5186e-35
1.4221e-35
1.3316e-35
1.2469e-35
1.1675e-35
1.0931e-35
1.0235e-35
9.582e-36
8.9709e-36
8.3984e-36
7.8623e-36
7.3601e-36
6.8899e-36
6.4494e-36
6.037e-36
5.6507e-36
5.289e-36
4.9503e-36
4.6332e-36
4.3362e-36
4.0582e-36
3.7979e-36
3.5541e-36
3.3259e-36
3.1123e-36
2.9123e-36
2.725e-36
2.5498e-36
2.3857e-36
2.2321e-36
2.0883e-36
1.9538e-36
1.8278e-36
1.71e-36
1.5996e-36
1.4964e-36
1.3998e-36
1.3093e-36
1.2247e-36
1.1455e-36
1.0714e-36
1.0021e-36
9.372e-37
8.7649e-37
8.197e-37
7.6656e-37
7.1684e-37
6.7033e-37
6.2681e-37
5.8611e-37
5.4803e-37
5.124e-37
4.7908e-37
4.4792e-37
4.1876e-37
3.915e-37
3.6599e-37
3.4214e-37
3.1984e-37
2.9897e-37
2.7947e-37
2.6122e-37
2.4416e-37
2.2821e-37
2.1329e-37
1.9934e-37
1.863e-37
1.7411e-37
1.6271e-37
1.5205e-37
1.4208e-37
1.3277e-37
1.2406e-37
1.1592e-37
1.0831e-37
1.0119e-37
9.4545e-38
8.833e-38
8.2521e-38
7.7092e-38
7.2018e-38
6.7275e-38
6.2844e-38
5.8702e-38
5.4832e-38
5.1215e-38
4.7835e-38
4.4677e-38
4.1726e-38
3.8969e-38
3.6393e-38
3.3987e-38
3.1738e-38
2.9638e-38
2.7675e-38
2.5842e-38
2.4129e-38
2.2529e-38
2.1035e-38
1.9639e-38
1.8335e-38
1.7118e-38
1.598e-38
1.4918e-38
1.3926e-38
1.3e-38
1.2135e-38
1.1327e-38
1.0572e-38
9.8676e-39
9.2097e-39
8.5955e-39
8.022e-39
7.4865e-39
6.9865e-39
6.5198e-39
6.084e-39
5.6772e-39
5.2974e-39
4.9429e-39
4.612e-39
4.3031e-39
4.0147e-39
3.7456e-39
3.4944e-39
3.26e-39
3.0412e-39
2.837e-39
2.6464e-39
2.4685e-39
2.3026e-39
2.1477e-39
2.0032e-39
1.8683e-39
1.7425e-39
1.6251e-39
1.5156e-39
1.4134e-39
1.318e-39
1.2291e-39
1.1461e-39
1.0687e-39
9.9648e-40
9.2912e-40
8.6628e-40
8.0767e-40
7.5301e-40
7.0202e-40
6.5446e-40
6.1011e-40
5.6875e-40
5.3017e-40
4.942e-40
4.6065e-40
4.2937e-40
4.002e-40
3.73e-40
3.4764e-40
3.2399e-40
3.0194e-40
2.8138e-40
2.6222e-40
2.4435e-40
2.277e-40
2.1217e-40
1.977e-40
1.842e-40
1.7163e-40
1.599e-40
1.4898e-40
1.3879e-40
1.293e-40
1.2045e-40
1.1221e-40
1.0453e-40
9.7366e-41
9.0693e-41
8.4475e-41
7.8681e-41
7.3283e-41
6.8252e-41
6.3565e-41
5.9198e-41
5.513e-41
5.1339e-41
4.7808e-41
4.4518e-41
4.1453e-41
3.8598e-41
3.5939e-41
3.3462e-41
3.1155e-41
2.9006e-41
2.7004e-41
2.514e-41
2.3403e-41
2.1786e-41
2.028e-41
1.8878e-41
1.7572e-41
1.6356e-41
1.5223e-41
1.4169e-41
1.3187e-41
1.2273e-41
1.1422e-41
1.063e-41
9.8918e-42
9.2049e-42
8.5656e-42
7.9703e-42
7.4163e-42
6.9005e-42
6.4204e-42
5.9735e-42
5.5576e-42
5.1705e-42
4.8101e-42
4.4748e-42
4.1627e-42
3.8723e-42
3.602e-42
3.3505e-42
3.1164e-42
2.8986e-42
2.696e-42
2.5074e-42
2.332e-42
2.1688e-42
2.0169e-42
1.8756e-42
1.7442e-42
1.6219e-42
1.5081e-42
1.4023e-42
1.3039e-42
1.2123e-42
1.1271e-42
1.0479e-42
9.7425e-43
9.0573e-43
8.42e-43
7.8273e-43
7.2761e-43
6.7635e-43
6.2869e-43
5.8436e-43
5.4315e-43
5.0482e-43
4.6919e-43
4.3606e-43
4.0525e-43
3.7661e-43
3.4998e-43
3.2523e-43
3.0222e-43
2.8083e-43
2.6094e-43
2.4245e-43
2.2527e-43
2.093e-43
1.9446e-43
1.8066e-43
1.6783e-43
1.5592e-43
1.4484e-43
1.3455e-43
1.2498e-43
1.1609e-43
1.0783e-43
1.0016e-43
9.3025e-44
8.6398e-44
8.0241e-44
7.4521e-44
6.9206e-44
6.4268e-44
5.9681e-44
5.5419e-44
5.1461e-44
4.7783e-44
4.4367e-44
4.1194e-44
3.8247e-44
3.551e-44
3.2967e-44
3.0606e-44
2.8413e-44
2.6376e-44
2.4484e-44
2.2728e-44
2.1097e-44
1.9582e-44
1.8175e-44
1.6869e-44
1.5657e-44
1.4531e-44
1.3486e-44
1.2515e-44
1.1614e-44
1.0778e-44
1.0001e-44
9.2801e-45
8.611e-45
7.9898e-45
7.4132e-45
6.8781e-45
6.3813e-45
5.9203e-45
5.4924e-45
5.0953e-45
4.7267e-45
4.3847e-45
4.0673e-45
3.7727e-45
3.4994e-45
3.2458e-45
3.0105e-45
2.7921e-45
2.5896e-45
2.4016e-45
2.2272e-45
2.0654e-45
1.9153e-45
1.7761e-45
1.6469e-45
1.5271e-45
1.4159e-45
1.3129e-45
1.2172e-45
1.1285e-45
1.0463e-45
9.6997e-46
8.9921e-46
8.3359e-46
7.7273e-46
7.1629e-46
6.6396e-46
6.1543e-46
5.7043e-46
5.287e-46
4.9002e-46
4.5414e-46
4.2089e-46
3.9005e-46
3.6147e-46
3.3496e-46
3.104e-46
2.8762e-46
2.6651e-46
2.4694e-46
2.288e-46
2.1199e-46
1.964e-46
1.8196e-46
1.6857e-46
1.5617e-46
1.4467e-46
1.3401e-46
1.2414e-46
1.1499e-46
1.0651e-46
9.8654e-47
9.1374e-47
8.4629e-47
7.8379e-47
7.2588e-47
6.7224e-47
6.2254e-47
5.7649e-47
5.3384e-47
4.9432e-47
4.5772e-47
4.2382e-47
3.9241e-47
3.6332e-47
3.3638e-47
3.1142e-47
2.8831e-47
2.6691e-47
2.4708e-47
2.2872e-47
2.1172e-47
1.9598e-47
1.814e-47
1.6791e-47
1.5541e-47
1.4383e-47
1.3312e-47
1.232e-47
1.1401e-47
1.0551e-47
9.7639e-48
9.0351e-48
8.3605e-48
7.7361e-48
7.158e-48
6.623e-48
6.1278e-48
5.6694e-48
5.2451e-48
4.8525e-48
4.4891e-48
4.1528e-48
3.8416e-48
3.5535e-48
3.287e-48
3.0404e-48
2.8122e-48
2.601e-48
2.4057e-48
2.2249e-48
2.0577e-48
1.9029e-48
1.7598e-48
1.6274e-48
1.5049e-48
1.3915e-48
1.2867e-48
1.1897e-48
1.1e-48
1.0171e-48
9.4032e-49
8.6935e-49
8.0371e-49
7.43e-49
6.8686e-49
6.3494e-49
5.8693e-49
5.4253e-49
5.0148e-49
4.6351e-49
4.2841e-49
3.9596e-49
3.6595e-49
3.382e-49
3.1255e-49
2.8884e-49
2.6692e-49
2.4665e-49
2.2792e-49
2.106e-49
1.9459e-49
1.798e-49
1.6612e-49
1.5348e-49
1.418e-49
1.31e-49
1.2102e-49
1.118e-49
1.0327e-49
9.5399e-50
8.8121e-50
8.1395e-50
7.5181e-50
6.9439e-50
6.4134e-50
5.9232e-50
5.4703e-50
5.0519e-50
4.6654e-50
4.3083e-50
3.9784e-50
3.6737e-50
3.3922e-50
3.1321e-50
2.892e-50
2.6701e-50
2.4652e-50
2.276e-50
2.1012e-50
1.9398e-50
1.7907e-50
1.653e-50
1.5259e-50
1.4085e-50
1.3001e-50
1.2e-50
1.1076e-50
1.0223e-50
9.4347e-51
8.7072e-51
8.0356e-51
7.4156e-51
6.8432e-51
6.3148e-51
5.8271e-51
5.3768e-51
4.9612e-51
4.5776e-51
4.2235e-51
3.8966e-51
3.595e-51
3.3166e-51
3.0597e-51
2.8226e-51
2.6038e-51
2.4018e-51
2.2155e-51
2.0436e-51
1.8849e-51
1.7385e-51
1.6035e-51
1.4788e-51
1.3639e-51
1.2578e-51
1.1599e-51
1.0697e-51
9.8638e-52
9.0955e-52
8.3869e-52
7.7332e-52
7.1302e-52
6.5741e-52
6.0611e-52
5.588e-52
5.1517e-52
4.7493e-52
4.3782e-52
4.036e-52
3.7204e-52
3.4294e-52
3.161e-52
2.9136e-52
2.6854e-52
2.4751e-52
2.2811e-52
2.1023e-52
1.9375e-52
1.7855e-52
1.6454e-52
1.5162e-52
1.3971e-52
1.2874e-52
1.1862e-52
1.0929e-52
1.007e-52
9.2778e-53
8.5476e-53
7.8747e-53
7.2546e-53
6.683e-53
6.1564e-53
5.671e-53
5.2238e-53
4.8116e-53
4.4319e-53
4.082e-53
3.7596e-53
3.4626e-53
3.1889e-53
2.9368e-53
2.7045e-53
2.4906e-53
2.2935e-53
2.1119e-53
1.9446e-53
1.7905e-53
1.6486e-53
1.5179e-53
1.3975e-53
1.2866e-53
1.1845e-53
1.0905e-53
1.0039e-53
9.2411e-54
8.5066e-54
7.8303e-54
7.2075e-54
6.634e-54
6.106e-54
5.6199e-54
5.1722e-54
4.7601e-54
4.3807e-54
4.0315e-54
3.7099e-54
3.4139e-54
3.1414e-54
2.8906e-54
2.6597e-54
2.4472e-54
2.2516e-54
2.0716e-54
1.9059e-54
1.7534e-54
1.6131e-54
1.4839e-54
1.3651e-54
1.2557e-54
1.155e-54
1.0624e-54
9.7721e-55
8.9881e-55
8.2667e-55
7.6029e-55
6.9923e-55
6.4305e-55
5.9136e-55
5.4382e-55
5.0008e-55
4.5984e-55
4.2283e-55
3.8879e-55
3.5747e-55
3.2867e-55
3.0218e-55
2.7782e-55
2.5541e-55
2.348e-55
2.1585e-55
1.9843e-55
1.824e-55
1.6766e-55
1.5411e-55
1.4165e-55
1.302e-55
1.1966e-55
1.0998e-55
1.0107e-55
9.2888e-56
8.5363e-56
7.8444e-56
7.2085e-56
6.6239e-56
6.0865e-56
5.5925e-56
5.1385e-56
4.7212e-56
4.3376e-56
3.9851e-56
3.6612e-56
3.3634e-56
3.0898e-56
2.8384e-56
2.6073e-56
2.395e-56
2.1999e-56
2.0206e-56
1.8559e-56
1.7045e-56
1.5655e-56
1.4377e-56
1.3204e-56
1.2126e-56
1.1135e-56
1.0225e-56
9.3894e-57
8.6216e-57
7.9164e-57
7.2686e-57
6.6737e-57
6.1272e-57
5.6253e-57
5.1644e-57
4.7411e-57
4.3524e-57
3.9954e-57
3.6676e-57
3.3665e-57
3.0901e-57
2.8363e-57
2.6033e-57
2.3893e-57
2.1929e-57
2.0125e-57
1.847e-57
1.695e-57
1.5554e-57
1.4273e-57
1.3097e-57
1.2018e-57
1.1027e-57
1.0118e-57
9.2831e-58
8.5171e-58
7.814e-58
7.1687e-58
6.5765e-58
6.0331e-58
5.5344e-58
5.0767e-58
4.6568e-58
4.2715e-58
3.9179e-58
3.5935e-58
3.2958e-58
3.0228e-58
2.7722e-58
2.5424e-58
2.3315e-58
2.1381e-58
1.9606e-58
1.7978e-58
1.6485e-58
1.5115e-58
1.3859e-58
1.2707e-58
1.165e-58
1.0681e-58
9.7922e-59
8.977e-59
8.2294e-59
7.5439e-59
6.9153e-59
6.3388e-59
5.8102e-59
5.3256e-59
4.8812e-59
4.4738e-59
4.1002e-59
3.7577e-59
3.4438e-59
3.1559e-59
2.8921e-59
2.6502e-59
2.4284e-59
2.2252e-59
2.0389e-59
1.8681e-59
1.7116e-59
1.5682e-59
1.4367e-59
1.3162e-59
1.2058e-59
1.1046e-59
1.0119e-59
9.2694e-60
8.4907e-60
7.7773e-60
7.1236e-60
6.5246e-60
5.9758e-60
5.473e-60
5.0123e-60
4.5903e-60
4.2037e-60
3.8496e-60
3.5251e-60
3.2279e-60
2.9557e-60
2.7064e-60
2.478e-60
2.2688e-60
2.0772e-60
1.9017e-60
1.741e-60
1.5939e-60
1.4591e-60
1.3357e-60
1.2227e-60
1.1192e-60
1.0244e-60
9.3765e-61
8.5821e-61
7.8548e-61
7.1888e-61
6.5792e-61
6.021e-61
5.5101e-61
5.0423e-61
4.6141e-61
4.2222e-61
3.8634e-61
3.535e-61
3.2344e-61
2.9593e-61
2.7075e-61
2.4771e-61
2.2662e-61
2.0732e-61
1.8965e-61
1.7349e-61
1.587e-61
1.4517e-61
1.3278e-61
1.2145e-61
1.1108e-61
1.016e-61
9.2919e-62
8.498e-62
7.7716e-62
7.1071e-62
6.4992e-62
5.9432e-62
5.4345e-62
4.9692e-62
4.5437e-62
4.1544e-62
3.7984e-62
3.4728e-62
3.175e-62
2.9026e-62
2.6535e-62
2.4258e-62
2.2175e-62
2.027e-62
1.8529e-62
1.6936e-62
1.548e-62
1.4149e-62
1.2931e-62
1.1819e-62
1.0801e-62
9.871e-63
9.0207e-63
8.2434e-63
7.5328e-63
6.8833e-63
6.2896e-63
5.7469e-63
5.2509e-63
4.7975e-63
4.3832e-63
4.0045e-63
3.6585e-63
3.3422e-63
3.0532e-63
2.7891e-63
2.5477e-63
2.3272e-63
2.1257e-63
1.9416e-63
1.7733e-63
1.6196e-63
1.4792e-63
1.3509e-63
1.2337e-63
1.1267e-63
1.0289e-63
9.3952e-64
8.5791e-64
7.8336e-64
7.1527e-64
6.5308e-64
5.9628e-64
5.444e-64
4.9702e-64
4.5375e-64
4.1423e-64
3.7815e-64
3.4519e-64
3.151e-64
2.8763e-64
2.6254e-64
2.3963e-64
2.1872e-64
1.9962e-64
1.8219e-64
1.6627e-64
1.5174e-64
1.3847e-64
1.2636e-64
1.1531e-64
1.0522e-64
9.601e-65
8.7603e-65
7.993e-65
7.2927e-65
6.6535e-65
6.0702e-65
5.5379e-65
5.0521e-65
4.6087e-65
4.2042e-65
3.835e-65
3.4981e-65
3.1908e-65
2.9103e-65
2.6544e-65
2.421e-65
2.208e-65
2.0137e-65
1.8364e-65
1.6747e-65
1.5272e-65
1.3926e-65
1.2699e-65
1.1579e-65
1.0558e-65
9.6263e-66
8.7768e-66
8.0019e-66
7.2953e-66
6.6508e-66
6.0631e-66
5.5272e-66
5.0385e-66
4.5928e-66
4.1865e-66
3.816e-66
3.4781e-66
3.1701e-66
2.8893e-66
2.6333e-66
2.3998e-66
2.187e-66
1.9931e-66
1.8162e-66
1.655e-66
1.5081e-66
1.3742e-66
1.2521e-66
1.1408e-66
1.0394e-66
9.4698e-67
8.6275e-67
7.8599e-67
7.1603e-67
6.5228e-67
5.9419e-67
5.4126e-67
4.9302e-67
4.4908e-67
4.0903e-67
3.7255e-67
3.3931e-67
3.0902e-67
2.8143e-67
2.563e-67
2.334e-67
2.1254e-67
1.9354e-67
1.7624e-67
1.6047e-67
1.4612e-67
1.3304e-67
1.2113e-67
1.1028e-67
1.004e-67
9.1403e-68
8.3209e-68
7.5748e-68
6.8954e-68
6.2767e-68
5.7133e-68
5.2004e-68
4.7334e-68
4.3081e-68
3.921e-68
3.5685e-68
3.2477e-68
2.9555e-68
2.6896e-68
2.4476e-68
2.2272e-68
2.0266e-68
1.8441e-68
1.6779e-68
1.5266e-68
1.389e-68
1.2637e-68
1.1497e-68
1.0459e-68
9.5151e-69
8.6558e-69
7.8739e-69
7.1624e-69
6.515e-69
5.9259e-69
5.39e-69
4.9023e-69
4.4587e-69
4.055e-69
3.6878e-69
3.3538e-69
3.0499e-69
2.7734e-69
2.522e-69
2.2932e-69
2.0852e-69
1.896e-69
1.7239e-69
1.5673e-69
1.425e-69
1.2955e-69
1.1777e-69
1.0707e-69
9.733e-70
8.8475e-70
8.0424e-70
7.3104e-70
6.6447e-70
6.0395e-70
5.4892e-70
4.989e-70
4.5341e-70
4.1207e-70
3.7448e-70
3.4031e-70
3.0925e-70
2.8101e-70
2.5535e-70
2.3202e-70
2.1081e-70
1.9154e-70
1.7403e-70
1.5811e-70
1.4364e-70
1.305e-70
1.1855e-70
1.0769e-70
9.7826e-71
8.8862e-71
8.0716e-71
7.3315e-71
6.6591e-71
6.0481e-71
5.4931e-71
4.9888e-71
4.5307e-71
4.1145e-71
3.7364e-71
3.393e-71
3.0811e-71
2.7977e-71
2.5403e-71
2.3066e-71
2.0942e-71
1.9014e-71
1.7263e-71
1.5672e-71
1.4228e-71
1.2916e-71
1.1725e-71
1.0644e-71
9.6614e-72
8.7697e-72
7.96e-72
7.2248e-72
6.5574e-72
5.9514e-72
5.4013e-72
4.9018e-72
4.4484e-72
4.0369e-72
3.6633e-72
3.3241e-72
3.0163e-72
2.7369e-72
2.4833e-72
2.2531e-72
2.0442e-72
1.8546e-72
1.6826e-72
1.5264e-72
1.3847e-72
1.2562e-72
1.1395e-72
1.0336e-72
9.3756e-73
8.504e-73
7.7132e-73
6.9957e-73
6.3448e-73
5.7543e-73
5.2185e-73
4.7325e-73
4.2917e-73
3.8917e-73
3.529e-73
3.1999e-73
2.9015e-73
2.6308e-73
2.3853e-73
2.1626e-73
1.9607e-73
1.7775e-73
1.6114e-73
1.4608e-73
1.3243e-73
1.2004e-73
1.0881e-73
9.8631e-74
8.9399e-74
8.1029e-74
7.344e-74
6.656e-74
6.0322e-74
5.4668e-74
4.9542e-74
4.4895e-74
4.0683e-74
3.6865e-74
3.3404e-74
3.0267e-74
2.7424e-74
2.4848e-74
2.2512e-74
2.0396e-74
1.8478e-74
1.6739e-74
1.5164e-74
1.3737e-74
1.2444e-74
1.1272e-74
1.021e-74
9.2477e-75
8.3759e-75
7.5862e-75
6.8706e-75
6.2224e-75
5.6352e-75
5.1032e-75
4.6213e-75
4.1848e-75
3.7894e-75
3.4313e-75
3.1069e-75
2.8131e-75
2.547e-75
2.306e-75
2.0877e-75
1.89e-75
1.711e-75
1.549e-75
1.4022e-75
1.2693e-75
1.1489e-75
1.04e-75
9.4129e-76
8.5196e-76
7.7109e-76
6.9787e-76
6.3159e-76
5.7158e-76
5.1726e-76
4.6809e-76
4.2357e-76
3.8328e-76
3.4682e-76
3.1381e-76
2.8393e-76
2.5689e-76
2.3242e-76
2.1028e-76
1.9023e-76
1.721e-76
1.5568e-76
1.4083e-76
1.2739e-76
1.1523e-76
1.0423e-76
9.4277e-77
8.527e-77
7.7122e-77
6.975e-77
6.308e-77
5.7047e-77
5.1589e-77
4.6652e-77
4.2186e-77
3.8147e-77
3.4493e-77
3.1188e-77
2.8199e-77
2.5496e-77
2.3051e-77
2.084e-77
1.884e-77
1.7032e-77
1.5397e-77
1.3918e-77
1.2582e-77
1.1373e-77
1.028e-77
9.2913e-78
8.3977e-78
7.5899e-78
6.8596e-78
6.1993e-78
5.6025e-78
5.0629e-78
4.5752e-78
4.1343e-78
3.7358e-78
3.3756e-78
3.0501e-78
2.7558e-78
2.4899e-78
2.2495e-78
2.0323e-78
1.836e-78
1.6587e-78
1.4984e-78
1.3535e-78
1.2227e-78
1.1044e-78
9.9755e-79
9.0101e-79
8.1379e-79
7.3499e-79
6.638e-79
5.9949e-79
5.4139e-79
4.8891e-79
4.415e-79
3.9868e-79
3.5999e-79
3.2506e-79
2.935e-79
2.65e-79
2.3926e-79
2.1601e-79
1.9502e-79
1.7606e-79
1.5894e-79
1.4348e-79
1.2952e-79
1.1691e-79
1.0553e-79
9.5254e-80
8.5975e-80
7.7598e-80
7.0035e-80
6.3207e-80
5.7043e-80
5.1479e-80
4.6456e-80
4.1922e-80
3.7829e-80
3.4134e-80
3.08e-80
2.779e-80
2.5074e-80
2.2623e-80
2.041e-80
1.8414e-80
1.6612e-80
1.4986e-80
1.3519e-80
1.2195e-80
1.1e-80
9.9224e-81
8.9498e-81
8.0723e-81
7.2807e-81
6.5664e-81
5.9221e-81
5.3408e-81
4.8165e-81
4.3434e-81
3.9168e-81
3.5319e-81
3.1847e-81
2.8716e-81
2.5892e-81
2.3345e-81
2.1048e-81
1.8976e-81
1.7108e-81
1.5423e-81
1.3904e-81
1.2533e-81
1.1298e-81
1.0184e-81
9.1798e-82
8.2742e-82
7.4577e-82
6.7216e-82
6.058e-82
5.4597e-82
4.9204e-82
4.4342e-82
3.9959e-82
3.6008e-82
3.2447e-82
2.9237e-82
2.6344e-82
2.3737e-82
2.1386e-82
1.9268e-82
1.736e-82
1.5639e-82
1.4089e-82
1.2692e-82
1.1434e-82
1.0299e-82
9.2775e-83
8.3566e-83
7.527e-83
6.7795e-83
6.106e-83
5.4993e-83
4.9527e-83
4.4603e-83
4.0167e-83
3.6172e-83
3.2573e-83
2.9331e-83
2.641e-83
2.378e-83
2.1412e-83
1.9278e-83
1.7357e-83
1.5626e-83
1.4068e-83
1.2665e-83
1.1401e-83
1.0263e-83
9.2386e-84
8.316e-84
7.4853e-84
6.7374e-84
6.0641e-84
5.4578e-84
4.9121e-84
4.4207e-84
3.9784e-84
3.5803e-84
3.2218e-84
2.8992e-84
2.6088e-84
2.3474e-84
2.1122e-84
1.9005e-84
1.7099e-84
1.5384e-84
1.384e-84
1.2451e-84
1.1202e-84
1.0077e-84
9.0647e-85
8.154e-85
7.3346e-85
6.5973e-85
5.934e-85
5.3371e-85
4.8002e-85
4.3172e-85
3.8826e-85
3.4917e-85
3.14e-85
2.8237e-85
2.5392e-85
2.2832e-85
2.053e-85
1.846e-85
1.6598e-85
1.4923e-85
1.3417e-85
1.2062e-85
1.0844e-85
9.7485e-86
8.7635e-86
7.8777e-86
7.0813e-86
6.3652e-86
5.7214e-86
5.1425e-86
4.622e-86
4.1541e-86
3.7334e-86
3.3553e-86
3.0153e-86
2.7097e-86
2.435e-86
2.1881e-86
1.9662e-86
1.7667e-86
1.5874e-86
1.4263e-86
1.2815e-86
1.1513e-86
1.0343e-86
9.2923e-87
8.3478e-87
7.499e-87
6.7364e-87
6.0511e-87
5.4353e-87
4.8821e-87
4.385e-87
3.9385e-87
3.5373e-87
3.1768e-87
2.853e-87
2.5622e-87
2.3009e-87
2.0662e-87
1.8554e-87
1.666e-87
1.4959e-87
1.3432e-87
1.206e-87
1.0828e-87
9.7211e-88
8.7274e-88
7.835e-88
7.0336e-88
6.314e-88
5.6679e-88
5.0877e-88
4.5668e-88
4.0991e-88
3.6792e-88
3.3021e-88
2.9637e-88
2.6598e-88
2.387e-88
2.1422e-88
1.9224e-88
1.7251e-88
1.548e-88
1.389e-88
1.2463e-88
1.1183e-88
1.0033e-88
9.002e-89
8.0763e-89
7.2456e-89
6.5002e-89
5.8312e-89
5.231e-89
4.6924e-89
4.2091e-89
3.7755e-89
3.3864e-89
3.0373e-89
2.7242e-89
2.4432e-89
2.1912e-89
1.9651e-89
1.7623e-89
1.5803e-89
1.4171e-89
1.2708e-89
1.1395e-89
1.0217e-89
9.1608e-90
8.2135e-90
7.364e-90
6.6021e-90
5.9188e-90
5.3062e-90
4.7568e-90
4.2641e-90
3.8223e-90
3.4263e-90
3.0711e-90
2.7527e-90
2.4672e-90
2.2113e-90
1.9819e-90
1.7762e-90
1.5918e-90
1.4265e-90
1.2783e-90
1.1455e-90
1.0264e-90
9.1974e-91
8.241e-91
7.3839e-91
6.6157e-91
5.9273e-91
5.3103e-91
4.7574e-91
4.2619e-91
3.8179e-91
3.4201e-91
3.0636e-91
2.7442e-91
2.4581e-91
2.2017e-91
1.9719e-91
1.7661e-91
1.5818e-91
1.4166e-91
1.2686e-91
1.1361e-91
1.0174e-91
9.1103e-92
8.1578e-92
7.3046e-92
6.5405e-92
5.8561e-92
5.2431e-92
4.6942e-92
4.2026e-92
3.7624e-92
3.3682e-92
3.0152e-92
2.6991e-92
2.4161e-92
2.1627e-92
1.9358e-92
1.7326e-92
1.5508e-92
1.3879e-92
1.2422e-92
1.1117e-92
9.9488e-93
8.9031e-93
7.9671e-93
7.1293e-93
6.3794e-93
5.7082e-93
5.1074e-93
4.5698e-93
4.0886e-93
3.658e-93
3.2726e-93
2.9277e-93
2.6191e-93
2.343e-93
2.0959e-93
1.8748e-93
1.677e-93
1.5e-93
1.3416e-93
1.2e-93
1.0732e-93
9.5982e-94
8.5839e-94
7.6765e-94
6.8648e-94
6.1388e-94
5.4894e-94
4.9085e-94
4.389e-94
3.9243e-94
3.5087e-94
3.137e-94
2.8047e-94
2.5074e-94
2.2416e-94
2.0039e-94
1.7914e-94
1.6013e-94
1.4314e-94
1.2795e-94
1.1436e-94
1.0222e-94
9.1358e-95
8.1651e-95
7.2973e-95
6.5215e-95
5.828e-95
5.2081e-95
4.654e-95
4.1587e-95
3.7161e-95
3.3204e-95
2.9668e-95
2.6507e-95
2.3683e-95
2.1158e-95
1.8903e-95
1.6887e-95
1.5086e-95
1.3476e-95
1.2038e-95
1.0753e-95
9.6048e-96
8.579e-96
7.6625e-96
6.8437e-96
6.1122e-96
5.4587e-96
4.875e-96
4.3535e-96
3.8877e-96
3.4716e-96
3.1e-96
2.7681e-96
2.4716e-96
2.2068e-96
1.9703e-96
1.7591e-96
1.5705e-96
1.4021e-96
1.2517e-96
1.1174e-96
9.9749e-97
8.9041e-97
7.948e-97
7.0943e-97
6.3322e-97
5.6517e-97
5.0442e-97
4.5019e-97
4.0178e-97
3.5856e-97
3.1998e-97
2.8554e-97
2.548e-97
2.2737e-97
2.0288e-97
1.8102e-97
1.6151e-97
1.441e-97
1.2857e-97
1.147e-97
1.0233e-97
9.1289e-98
8.1437e-98
7.2645e-98
6.4801e-98
5.7802e-98
5.1558e-98
4.5986e-98
4.1016e-98
3.6581e-98
3.2625e-98
2.9096e-98
2.5948e-98
2.314e-98
2.0635e-98
1.8401e-98
1.6408e-98
1.463e-98
1.3045e-98
1.1631e-98
1.037e-98
9.2454e-99
8.2425e-99
7.3482e-99
6.5507e-99
5.8396e-99
5.2056e-99
4.6402e-99
4.1361e-99
3.6867e-99
3.286e-99
2.9287e-99
2.6102e-99
2.3263e-99
2.0732e-99
1.8476e-99
1.6465e-99
1.4672e-99
1.3074e-99
1.165e-99
1.0381e-99
9.2492e-100
8.2409e-100
7.3422e-100
6.5414e-100
5.8277e-100
5.1918e-100
4.6251e-100
4.1201e-100
3.6702e-100
3.2692e-100
2.912e-100
2.5938e-100
2.3102e-100
2.0576e-100
1.8326e-100
1.6321e-100
1.4535e-100
1.2944e-100
1.1527e-100
1.0265e-100
9.1402e-101
8.1388e-101
7.2469e-101
6.4525e-101
5.745e-101
5.1149e-101
4.5538e-101
4.0541e-101
3.6092e-101
3.2129e-101
2.8601e-101
2.546e-101
2.2663e-101
2.0172e-101
1.7955e-101
1.5981e-101
1.4223e-101
1.2659e-101
1.1266e-101
1.0026e-101
8.9224e-102
7.94e-102
7.0655e-102
6.2871e-102
5.5943e-102
4.9777e-102
4.429e-102
3.9406e-102
3.5059e-102
3.1191e-102
2.7749e-102
2.4686e-102
2.196e-102
1.9535e-102
1.7377e-102
1.5457e-102
1.3749e-102
1.2229e-102
1.0877e-102
9.6738e-103
8.6036e-103
7.6516e-103
6.8047e-103
6.0513e-103
5.3812e-103
4.7852e-103
4.255e-103
3.7835e-103
3.3641e-103
2.9911e-103
2.6594e-103
2.3644e-103
2.102e-103
1.8688e-103
1.6613e-103
1.4768e-103
1.3128e-103
1.167e-103
1.0373e-103
9.22e-104
8.195e-104
7.2837e-104
6.4736e-104
5.7533e-104
5.1131e-104
4.544e-104
4.038e-104
3.5884e-104
3.1886e-104
2.8334e-104
2.5176e-104
2.2369e-104
1.9875e-104
1.7659e-104
1.5689e-104
1.3938e-104
1.2382e-104
1.1e-104
9.7718e-105
8.6804e-105
7.7106e-105
6.849e-105
6.0834e-105
5.4033e-105
4.7991e-105
4.2623e-105
3.7854e-105
3.3618e-105
2.9855e-105
2.6512e-105
2.3543e-105
2.0906e-105
1.8563e-105
1.6483e-105
1.4635e-105
1.2994e-105
1.1537e-105
1.0242e-105
9.0932e-106
8.0726e-106
7.1663e-106
6.3616e-106
5.6471e-106
5.0126e-106
4.4494e-106
3.9493e-106
3.5052e-106
3.1111e-106
2.7611e-106
2.4505e-106
2.1747e-106
1.9299e-106
1.7126e-106
1.5197e-106
1.3486e-106
1.1966e-106
1.0618e-106
9.4206e-107
8.3584e-107
7.4157e-107
6.5792e-107
5.8368e-107
5.178e-107
4.5935e-107
4.0748e-107
3.6146e-107
3.2062e-107
2.8439e-107
2.5225e-107
2.2373e-107
1.9843e-107
1.7599e-107
1.5608e-107
1.3841e-107
1.2275e-107
1.0885e-107
9.6523e-108
8.559e-108
7.5893e-108
6.7292e-108
5.9664e-108
5.2899e-108
4.69e-108
4.158e-108
3.6862e-108
3.2679e-108
2.8969e-108
2.568e-108
2.2763e-108
2.0178e-108
1.7885e-108
1.5852e-108
1.405e-108
1.2452e-108
1.1036e-108
9.7807e-109
8.6678e-109
7.6812e-109
6.8068e-109
6.0317e-109
5.3447e-109
4.7358e-109
4.1961e-109
3.7179e-109
3.294e-109
2.9184e-109
2.5855e-109
2.2905e-109
2.0291e-109
1.7975e-109
1.5923e-109
1.4105e-109
1.2494e-109
1.1066e-109
9.8015e-110
8.6811e-110
7.6886e-110
6.8093e-110
6.0304e-110
5.3405e-110
4.7293e-110
4.1879e-110
3.7084e-110
3.2837e-110
2.9076e-110
2.5744e-110
2.2794e-110
2.0181e-110
1.7867e-110
1.5818e-110
1.4003e-110
1.2397e-110
1.0974e-110
9.7141e-111
8.5987e-111
7.6111e-111
6.7368e-111
5.9627e-111
5.2774e-111
4.6707e-111
4.1336e-111
3.6582e-111
3.2374e-111
2.8649e-111
2.5351e-111
2.2433e-111
1.985e-111
1.7563e-111
1.554e-111
1.3749e-111
1.2165e-111
1.0762e-111
9.5212e-112
8.4231e-112
7.4513e-112
6.5915e-112
5.8307e-112
5.1575e-112
4.562e-112
4.0351e-112
3.5689e-112
3.1565e-112
2.7916e-112
2.4689e-112
2.1834e-112
1.9309e-112
1.7075e-112
1.5099e-112
1.3351e-112
1.1805e-112
1.0438e-112
9.2293e-113
8.16e-113
7.2144e-113
6.3782e-113
5.6387e-113
4.9848e-113
4.4066e-113
3.8954e-113
3.4433e-113
3.0437e-113
2.6903e-113
2.3779e-113
2.1017e-113
1.8575e-113
1.6416e-113
1.4508e-113
1.2821e-113
1.133e-113
1.0012e-113
8.8476e-114
7.818e-114
6.908e-114
6.1037e-114
5.3929e-114
4.7647e-114
4.2096e-114
3.719e-114
3.2855e-114
2.9025e-114
2.564e-114
2.2649e-114
2.0007e-114
1.7672e-114
1.5609e-114
1.3787e-114
1.2177e-114
1.0755e-114
9.498e-115
8.3881e-115
7.4076e-115
6.5416e-115
5.7766e-115
5.1009e-115
4.5041e-115
3.977e-115
3.5115e-115
3.1004e-115
2.7373e-115
2.4167e-115
2.1336e-115
1.8835e-115
1.6628e-115
1.4678e-115
1.2957e-115
1.1437e-115
1.0095e-115
8.9106e-116
7.8647e-116
6.9414e-116
6.1262e-116
5.4067e-116
4.7715e-116
4.2108e-116
3.7158e-116
3.279e-116
2.8934e-116
2.5531e-116
2.2527e-116
1.9876e-116
1.7537e-116
1.5472e-116
1.365e-116
1.2042e-116
1.0624e-116
9.3718e-117
8.2672e-117
7.2926e-117
6.4327e-117
5.6739e-117
5.0046e-117
4.414e-117
3.8931e-117
3.4335e-117
3.028e-117
2.6704e-117
2.3549e-117
2.0767e-117
1.8312e-117
1.6147e-117
1.4238e-117
1.2554e-117
1.1069e-117
9.7592e-118
8.6042e-118
7.5856e-118
6.6874e-118
5.8954e-118
5.197e-118
4.5812e-118
4.0383e-118
3.5596e-118
3.1375e-118
2.7654e-118
2.4374e-118
2.1482e-118
1.8932e-118
1.6685e-118
1.4704e-118
1.2958e-118
1.1419e-118
1.0062e-118
8.8661e-119
7.8122e-119
6.8834e-119
6.0648e-119
5.3434e-119
4.7077e-119
4.1474e-119
3.6538e-119
3.2187e-119
2.8354e-119
2.4977e-119
2.2001e-119
1.938e-119
1.707e-119
1.5035e-119
1.3242e-119
1.1662e-119
1.0271e-119
9.0454e-120
7.9658e-120
7.0148e-120
6.1772e-120
5.4394e-120
4.7896e-120
4.2173e-120
3.7132e-120
3.2693e-120
2.8784e-120
2.5341e-120
2.231e-120
1.964e-120
1.729e-120
1.522e-120
1.3398e-120
1.1793e-120
1.0381e-120
9.1368e-121
8.0418e-121
7.0778e-121
6.2292e-121
5.4822e-121
4.8246e-121
4.2457e-121
3.7362e-121
3.2878e-121
2.893e-121
2.5456e-121
2.2399e-121
1.9708e-121
1.7339e-121
1.5255e-121
1.3421e-121
1.1807e-121
1.0387e-121
9.1375e-122
8.038e-122
7.0706e-122
6.2194e-122
5.4705e-122
4.8116e-122
4.232e-122
3.7221e-122
3.2735e-122
2.8789e-122
2.5318e-122
2.2264e-122
1.9579e-122
1.7216e-122
1.5139e-122
1.3311e-122
1.1704e-122
1.0291e-122
9.0477e-123
7.9545e-123
6.9933e-123
6.148e-123
5.4047e-123
4.7511e-123
4.1765e-123
3.6712e-123
3.227e-123
2.8364e-123
2.493e-123
2.1911e-123
1.9258e-123
1.6925e-123
1.4874e-123
1.3071e-123
1.1487e-123
1.0094e-123
8.8698e-124
7.7938e-124
6.8482e-124
6.0171e-124
5.2867e-124
4.6448e-124
4.0808e-124
3.5851e-124
3.1495e-124
2.7668e-124
2.4305e-124
2.135e-124
1.8754e-124
1.6473e-124
1.4469e-124
1.2708e-124
1.1161e-124
9.8027e-125
8.6091e-125
7.5606e-125
6.6395e-125
5.8305e-125
5.12e-125
4.4958e-125
3.9477e-125
3.4662e-125
3.0434e-125
2.6721e-125
2.346e-125
2.0597e-125
1.8082e-125
1.5874e-125
1.3935e-125
1.2233e-125
1.0738e-125
9.4254e-126
8.2731e-126
7.2615e-126
6.3734e-126
5.5937e-126
4.9093e-126
4.3084e-126
3.781e-126
3.3181e-126
2.9117e-126
2.5551e-126
2.242e-126
1.9673e-126
1.7261e-126
1.5145e-126
1.3288e-126
1.1658e-126
1.0228e-126
8.9726e-127
7.8713e-127
6.905e-127
6.0571e-127
5.3132e-127
4.6605e-127
4.0879e-127
3.5855e-127
3.1447e-127
2.7581e-127
2.4189e-127
2.1213e-127
1.8603e-127
1.6314e-127
1.4306e-127
1.2545e-127
1.1e-127
9.645e-128
8.4568e-128
7.4147e-128
6.5008e-128
5.6994e-128
4.9967e-128
4.3804e-128
3.8401e-128
3.3663e-128
2.9508e-128
2.5866e-128
2.2672e-128
1.9872e-128
1.7418e-128
1.5266e-128
1.3379e-128
1.1726e-128
1.0276e-128
9.0053e-129
7.8915e-129
6.9152e-129
6.0596e-129
5.3096e-129
4.6523e-129
4.0763e-129
3.5715e-129
3.1291e-129
2.7414e-129
2.4016e-129
2.104e-129
1.8431e-129
1.6146e-129
1.4143e-129
1.2388e-129
1.0851e-129
9.5044e-130
8.3245e-130
7.2908e-130
6.3853e-130
5.5921e-130
4.8973e-130
4.2887e-130
3.7556e-130
3.2887e-130
2.8797e-130
2.5215e-130
2.2078e-130
1.9331e-130
1.6925e-130
1.4818e-130
1.2973e-130
1.1357e-130
9.9422e-131
8.7034e-131
7.6187e-131
6.669e-131
5.8375e-131
5.1095e-131
4.4722e-131
3.9142e-131
3.4258e-131
2.9982e-131
2.6239e-131
2.2962e-131
2.0094e-131
1.7584e-131
1.5387e-131
1.3464e-131
1.1781e-131
1.0308e-131
9.0189e-132
7.8907e-132
6.9035e-132
6.0396e-132
5.2836e-132
4.6222e-132
4.0434e-132
3.537e-132
3.0939e-132
2.7062e-132
2.367e-132
2.0703e-132
1.8107e-132
1.5837e-132
1.385e-132
1.2112e-132
1.0592e-132
9.2629e-133
8.1e-133
7.0829e-133
6.1933e-133
5.4153e-133
4.7348e-133
4.1398e-133
3.6194e-133
3.1643e-133
2.7664e-133
2.4184e-133
2.1141e-133
1.8481e-133
1.6155e-133
1.4121e-133
1.2343e-133
1.0788e-133
9.4292e-134
8.2411e-134
7.2025e-134
6.2946e-134
5.5009e-134
4.8072e-134
4.2008e-134
3.6709e-134
3.2076e-134
2.8028e-134
2.4489e-134
2.1397e-134
1.8695e-134
1.6333e-134
1.4269e-134
1.2466e-134
1.089e-134
9.5133e-135
8.3103e-135
7.2591e-135
6.3408e-135
5.5384e-135
4.8374e-135
4.225e-135
3.6901e-135
3.2227e-135
2.8145e-135
2.4579e-135
2.1464e-135
1.8743e-135
1.6367e-135
1.4291e-135
1.2479e-135
1.0896e-135
9.5131e-136
8.3057e-136
7.2514e-136
6.3306e-136
5.5267e-136
4.8246e-136
4.2117e-136
3.6764e-136
3.2091e-136
2.8012e-136
2.445e-136
2.134e-136
1.8625e-136
1.6255e-136
1.4187e-136
1.2381e-136
1.0804e-136
9.4285e-137
8.2275e-137
7.1793e-137
6.2645e-137
5.466e-137
4.7692e-137
4.1611e-137
3.6304e-137
3.1673e-137
2.7632e-137
2.4105e-137
2.1029e-137
1.8344e-137
1.6001e-137
1.3958e-137
1.2174e-137
1.0619e-137
9.2617e-138
8.0777e-138
7.0449e-138
6.144e-138
5.3581e-138
4.6726e-138
4.0746e-138
3.5531e-138
3.0982e-138
2.7015e-138
2.3555e-138
2.0538e-138
1.7906e-138
1.5611e-138
1.361e-138
1.1865e-138
1.0344e-138
9.0171e-139
7.8603e-139
6.8517e-139
5.9723e-139
5.2057e-139
4.5373e-139
3.9546e-139
3.4466e-139
3.0038e-139
2.6178e-139
2.2813e-139
1.988e-139
1.7324e-139
1.5096e-139
1.3154e-139
1.1462e-139
9.9866e-140
8.7011e-140
7.5809e-140
6.6046e-140
5.754e-140
5.0127e-140
4.3668e-140
3.804e-140
3.3136e-140
2.8864e-140
2.5142e-140
2.1899e-140
1.9073e-140
1.6612e-140
1.4468e-140
1.26e-140
1.0973e-140
9.556e-141
8.3216e-141
7.2464e-141
6.31e-141
5.4944e-141
4.784e-141
4.1654e-141
3.6267e-141
3.1575e-141
2.7489e-141
2.3932e-141
2.0834e-141
1.8137e-141
1.5788e-141
1.3743e-141
1.1962e-141
1.0412e-141
9.0629e-142
7.888e-142
6.8653e-142
5.9749e-142
5.1999e-142
4.5253e-142
3.938e-142
3.4269e-142
2.982e-142
2.5948e-142
2.2578e-142
1.9645e-142
1.7093e-142
1.4871e-142
1.2938e-142
1.1256e-142
9.7925e-143
8.5189e-143
7.4107e-143
6.4464e-143
5.6075e-143
4.8775e-143
4.2425e-143
3.69e-143
3.2094e-143
2.7913e-143
2.4276e-143
2.1112e-143
1.836e-143
1.5966e-143
1.3884e-143
1.2073e-143
1.0498e-143
9.1278e-144
7.9364e-144
6.9004e-144
5.9994e-144
5.2159e-144
4.5345e-144
3.9421e-144
3.4269e-144
2.979e-144
2.5895e-144
2.2509e-144
1.9565e-144
1.7006e-144
1.4781e-144
1.2847e-144
1.1165e-144
9.7032e-145
8.4326e-145
7.3281e-145
6.3681e-145
5.5337e-145
4.8085e-145
4.1782e-145
3.6304e-145
3.1543e-145
2.7406e-145
2.381e-145
2.0686e-145
1.7971e-145
1.5612e-145
1.3562e-145
1.1781e-145
1.0234e-145
8.8893e-146
7.7212e-146
6.7064e-146
5.8248e-146
5.0589e-146
4.3936e-146
3.8157e-146
3.3137e-146
2.8776e-146
2.4989e-146
2.1699e-146
1.8842e-146
1.636e-146
1.4205e-146
1.2334e-146
1.0708e-146
9.2969e-147
8.0713e-147
7.007e-147
6.0829e-147
5.2804e-147
4.5837e-147
3.9788e-147
3.4536e-147
2.9977e-147
2.6019e-147
2.2582e-147
1.9599e-147
1.7009e-147
1.4762e-147
1.281e-147
1.1117e-147
9.6467e-148
8.3708e-148
7.2634e-148
6.3024e-148
5.4683e-148
4.7445e-148
4.1163e-148
3.5712e-148
3.0982e-148
2.6878e-148
2.3316e-148
2.0226e-148
1.7545e-148
1.5219e-148
1.3201e-148
1.145e-148
9.9308e-149
8.6131e-149
7.47e-149
6.4784e-149
5.6182e-149
4.8721e-149
4.225e-149
3.6637e-149
3.1769e-149
2.7546e-149
2.3885e-149
2.0709e-149
1.7955e-149
1.5567e-149
1.3496e-149
1.17e-149
1.0143e-149
8.7925e-150
7.6219e-150
6.6068e-150
5.7268e-150
4.9638e-150
4.3024e-150
3.729e-150
3.2319e-150
2.801e-150
2.4274e-150
2.1036e-150
1.823e-150
1.5797e-150
1.3689e-150
1.1861e-150
1.0278e-150
8.9051e-151
7.7156e-151
6.6848e-151
5.7915e-151
5.0174e-151
4.3467e-151
3.7655e-151
3.2619e-151
2.8256e-151
2.4476e-151
2.12e-151
1.8363e-151
1.5905e-151
1.3775e-151
1.193e-151
1.0332e-151
8.948e-152
7.749e-152
6.7104e-152
5.8108e-152
5.0317e-152
4.3569e-152
3.7725e-152
3.2663e-152
2.828e-152
2.4485e-152
2.1198e-152
1.8351e-152
1.5887e-152
1.3753e-152
1.1905e-152
1.0305e-152
8.9203e-153
7.7211e-153
6.683e-153
5.7842e-153
5.0062e-153
4.3327e-153
3.7496e-153
3.245e-153
2.8081e-153
2.43e-153
2.1028e-153
1.8195e-153
1.5744e-153
1.3622e-153
1.1786e-153
1.0198e-153
8.8226e-154
7.6328e-154
6.6033e-154
5.7124e-154
4.9416e-154
4.2746e-154
3.6976e-154
3.1983e-154
2.7664e-154
2.3928e-154
2.0695e-154
1.7899e-154
1.548e-154
1.3387e-154
1.1577e-154
1.0011e-154
8.6573e-155
7.4861e-155
6.4731e-155
5.597e-155
4.8394e-155
4.1842e-155
3.6175e-155
3.1276e-155
2.7039e-155
2.3375e-155
2.0207e-155
1.7468e-155
1.5099e-155
1.3052e-155
1.1282e-155
9.7511e-156
8.428e-156
7.2842e-156
6.2955e-156
5.4408e-156
4.7019e-156
4.0633e-156
3.5113e-156
3.0342e-156
2.6219e-156
2.2655e-156
1.9575e-156
1.6913e-156
1.4613e-156
1.2625e-156
1.0907e-156
9.4228e-157
8.1402e-157
7.032e-157
6.0745e-157
5.2472e-157
4.5324e-157
3.9149e-157
3.3814e-157
2.9205e-157
2.5223e-157
2.1784e-157
1.8813e-157
1.6247e-157
1.403e-157
1.2116e-157
1.0462e-157
9.0337e-158
7.8002e-158
6.735e-158
5.815e-158
5.0206e-158
4.3345e-158
3.7421e-158
3.2305e-158
2.7888e-158
2.4074e-158
2.0781e-158
1.7938e-158
1.5484e-158
1.3365e-158
1.1535e-158
9.9558e-159
8.5925e-159
7.4156e-159
6.3997e-159
5.5228e-159
4.7659e-159
4.1126e-159
3.5487e-159
3.0621e-159
2.6421e-159
2.2797e-159
1.9669e-159
1.697e-159
1.464e-159
1.263e-159
1.0896e-159
9.3995e-160
8.1083e-160
6.9942e-160
6.0331e-160
5.2038e-160
4.4884e-160
3.8713e-160
3.3389e-160
2.8796e-160
2.4834e-160
2.1417e-160
1.8469e-160
1.5926e-160
1.3734e-160
1.1842e-160
1.0211e-160
8.8043e-161
7.5911e-161
6.5448e-161
5.6426e-161
4.8647e-161
4.1938e-161
3.6154e-161
3.1166e-161
2.6866e-161
2.3158e-161
1.9961e-161
1.7205e-161
1.483e-161
1.2781e-161
1.1016e-161
9.4937e-162
8.1817e-162
7.0508e-162
6.076e-162
5.2359e-162
4.5117e-162
3.8876e-162
3.3498e-162
2.8862e-162
2.4867e-162
2.1425e-162
1.8458e-162
1.5902e-162
1.3699e-162
1.1801e-162
1.0166e-162
8.7571e-163
7.5432e-163
6.4973e-163
5.5963e-163
4.8201e-163
4.1514e-163
3.5754e-163
3.0792e-163
2.6518e-163
2.2836e-163
1.9665e-163
1.6934e-163
1.4581e-163
1.2555e-163
1.0811e-163
9.308e-164
8.014e-164
6.8996e-164
5.9401e-164
5.1138e-164
4.4023e-164
3.7897e-164
3.2623e-164
2.8081e-164
2.4171e-164
2.0805e-164
1.7907e-164
1.5413e-164
1.3265e-164
1.1416e-164
9.8249e-165
8.4551e-165
7.276e-165
6.2612e-165
5.3878e-165
4.636e-165
3.989e-165
3.4322e-165
2.9531e-165
2.5407e-165
2.1859e-165
1.8805e-165
1.6178e-165
1.3917e-165
1.1972e-165
1.0299e-165
8.8586e-166
7.6197e-166
6.5539e-166
5.637e-166
4.8483e-166
4.1697e-166
3.586e-166
3.084e-166
2.6521e-166
2.2807e-166
1.9612e-166
1.6864e-166
1.4501e-166
1.2468e-166
1.072e-166
9.2169e-167
7.9243e-167
6.8127e-167
5.8569e-167
5.035e-167
4.3283e-167
3.7207e-167
3.1983e-167
2.7492e-167
2.363e-167
2.0311e-167
1.7457e-167
1.5003e-167
1.2894e-167
1.1082e-167
9.5232e-168
8.1838e-168
7.0326e-168
6.0431e-168
5.1927e-168
4.4618e-168
3.8337e-168
3.2939e-168
2.83e-168
2.4314e-168
2.0888e-168
1.7945e-168
1.5416e-168
1.3243e-168
1.1376e-168
9.7714e-169
8.3932e-169
7.2092e-169
6.192e-169
5.3181e-169
4.5675e-169
3.9227e-169
3.3688e-169
2.893e-169
2.4843e-169
2.1333e-169
1.8319e-169
1.573e-169
1.3506e-169
1.1596e-169
9.9565e-170
8.5482e-170
7.3389e-170
6.3005e-170
5.4088e-170
4.6432e-170
3.9858e-170
3.4214e-170
2.9369e-170
2.5208e-170
2.1637e-170
1.8571e-170
1.5939e-170
1.3679e-170
1.174e-170
1.0075e-170
8.6457e-171
7.4191e-171
6.3664e-171
5.4629e-171
4.6874e-171
4.0219e-171
3.4508e-171
2.9607e-171
2.5401e-171
2.1792e-171
1.8695e-171
1.6038e-171
1.3758e-171
1.1802e-171
1.0123e-171
8.6835e-172
7.4481e-172
6.3883e-172
5.4791e-172
4.6992e-172
4.0302e-172
3.4563e-172
2.964e-172
2.5418e-172
2.1796e-172
1.869e-172
1.6026e-172
1.3742e-172
1.1782e-172
1.0102e-172
8.661e-173
7.4253e-173
6.3658e-173
5.4573e-173
4.6783e-173
4.0104e-173
3.4377e-173
2.9467e-173
2.5258e-173
2.1649e-173
1.8555e-173
1.5903e-173
1.363e-173
1.1681e-173
1.001e-173
8.5785e-174
7.3512e-174
6.2993e-174
5.3978e-174
4.6251e-174
3.963e-174
3.3955e-174
2.9092e-174
2.4924e-174
2.1353e-174
1.8293e-174
1.5671e-174
1.3425e-174
1.15e-174
9.8507e-175
8.4378e-175
7.2273e-175
6.1903e-175
5.3019e-175
4.5408e-175
3.8889e-175
3.3305e-175
2.8522e-175
2.4425e-175
2.0915e-175
1.791e-175
1.5336e-175
1.3131e-175
1.1243e-175
9.6264e-176
8.2418e-176
7.0561e-176
6.0408e-176
5.1715e-176
4.4271e-176
3.7898e-176
3.2441e-176
2.7769e-176
2.3769e-176
2.0344e-176
1.7413e-176
1.4903e-176
1.2755e-176
1.0916e-176
9.3418e-177
7.9944e-177
6.8412e-177
5.8541e-177
5.0093e-177
4.2863e-177
3.6675e-177
3.1379e-177
2.6848e-177
2.297e-177
1.9651e-177
1.6812e-177
1.4382e-177
1.2303e-177
1.0524e-177
9.0026e-178
7.7006e-178
6.5866e-178
5.6337e-178
4.8184e-178
4.1211e-178
3.5245e-178
3.0142e-178
2.5777e-178
2.2043e-178
1.885e-178
1.6119e-178
1.3783e-178
1.1785e-178
1.0077e-178
8.6155e-179
7.366e-179
6.2976e-179
5.3839e-179
4.6027e-179
3.9347e-179
3.3635e-179
2.8752e-179
2.4577e-179
2.1007e-179
1.7956e-179
1.5347e-179
1.3117e-179
1.121e-179
9.5807e-180
8.1877e-180
6.997e-180
5.9793e-180
5.1095e-180
4.366e-180
3.7306e-180
3.1876e-180
2.7236e-180
2.327e-180
1.9881e-180
1.6985e-180
1.4511e-180
1.2396e-180
1.059e-180
9.046e-181
7.7271e-181
6.6004e-181
5.6377e-181
4.8153e-181
4.1128e-181
3.5126e-181
2.9999e-181
2.562e-181
2.1879e-181
1.8684e-181
1.5955e-181
1.3624e-181
1.1634e-181
9.9337e-182
8.4817e-182
7.2418e-182
6.1829e-182
5.2787e-182
4.5066e-182
3.8473e-182
3.2843e-182
2.8037e-182
2.3933e-182
2.0429e-182
1.7438e-182
1.4884e-182
1.2704e-182
1.0842e-182
9.2536e-183
7.8974e-183
6.7397e-183
5.7516e-183
4.9082e-183
4.1883e-183
3.5739e-183
3.0495e-183
2.602e-183
2.2201e-183
1.8942e-183
1.6161e-183
1.3788e-183
1.1763e-183
1.0035e-183
8.5602e-184
7.3022e-184
6.2289e-184
5.3132e-184
4.5319e-184
3.8655e-184
3.2969e-184
2.8119e-184
2.3981e-184
2.0452e-184
1.7441e-184
1.4874e-184
1.2684e-184
1.0816e-184
9.2224e-185
7.8637e-185
6.7049e-185
5.7168e-185
4.8741e-185
4.1555e-185
3.5427e-185
3.0202e-185
2.5747e-185
2.1948e-185
1.8709e-185
1.5948e-185
1.3594e-185
1.1587e-185
9.8756e-186
8.417e-186
7.1736e-186
6.1137e-186
5.2102e-186
4.4402e-186
3.7838e-186
3.2243e-186
2.7475e-186
2.3411e-186
1.9948e-186
1.6996e-186
1.4481e-186
1.2338e-186
1.0511e-186
8.9547e-187
7.6286e-187
6.4986e-187
5.5359e-187
4.7156e-187
4.0167e-187
3.4214e-187
2.9141e-187
2.482e-187
2.1139e-187
1.8004e-187
1.5333e-187
1.3057e-187
1.112e-187
9.469e-188
8.0632e-188
6.8659e-188
5.8462e-188
4.9778e-188
4.2382e-188
3.6085e-188
3.0722e-188
2.6155e-188
2.2266e-188
1.8955e-188
1.6136e-188
1.3736e-188
1.1692e-188
9.9522e-189
8.471e-189
7.21e-189
6.1365e-189
5.2227e-189
4.4448e-189
3.7827e-189
3.2191e-189
2.7394e-189
2.3311e-189
1.9836e-189
1.6879e-189
1.4362e-189
1.222e-189
1.0397e-189
8.8454e-190
7.5254e-190
6.4022e-190
5.4465e-190
4.6333e-190
3.9413e-190
3.3527e-190
2.8518e-190
2.4257e-190
2.0632e-190
1.7548e-190
1.4925e-190
1.2693e-190
1.0795e-190
9.1804e-191
7.807e-191
6.6389e-191
5.6454e-191
4.8004e-191
4.0817e-191
3.4706e-191
2.9508e-191
2.5088e-191
2.133e-191
1.8134e-191
1.5416e-191
1.3106e-191
1.1141e-191
9.4704e-192
8.0501e-192
6.8426e-192
5.8161e-192
4.9434e-192
4.2015e-192
3.5709e-192
3.0348e-192
2.5791e-192
2.1918e-192
1.8626e-192
1.5827e-192
1.3449e-192
1.1428e-192
9.7102e-193
8.2504e-193
7.0098e-193
5.9556e-193
5.0598e-193
4.2986e-193
3.6518e-193
3.1022e-193
2.6352e-193
2.2385e-193
1.9014e-193
1.6151e-193
1.3718e-193
1.1651e-193
9.8958e-194
8.4044e-194
7.1376e-194
6.0615e-194
5.1475e-194
4.3712e-194
3.7119e-194
3.1519e-194
2.6763e-194
2.2724e-194
1.9294e-194
1.6381e-194
1.3908e-194
1.1807e-194
1.0024e-194
8.5094e-195
7.2236e-195
6.1319e-195
5.205e-195
4.4181e-195
3.7501e-195
3.1829e-195
2.7015e-195
2.2928e-195
1.9459e-195
1.6514e-195
1.4014e-195
1.1893e-195
1.0092e-195
8.5634e-196
7.2663e-196
6.1655e-196
5.2313e-196
4.4385e-196
3.7657e-196
3.1948e-196
2.7104e-196
2.2993e-196
1.9506e-196
1.6547e-196
1.4036e-196
1.1906e-196
1.0099e-196
8.5655e-197
7.2649e-197
6.1616e-197
5.2257e-197
4.4318e-197
3.7585e-197
3.1873e-197
2.7028e-197
2.2919e-197
1.9434e-197
1.6479e-197
1.3972e-197
1.1847e-197
1.0044e-197
8.5157e-198
7.2195e-198
6.1205e-198
5.1885e-198
4.3984e-198
3.7285e-198
3.1605e-198
2.6789e-198
2.2707e-198
1.9246e-198
1.6312e-198
1.3825e-198
1.1717e-198
9.9295e-199
8.4147e-199
7.1308e-199
6.0427e-199
5.1204e-199
4.3387e-199
3.6763e-199
3.1149e-199
2.6391e-199
2.236e-199
1.8943e-199
1.6049e-199
1.3596e-199
1.1517e-199
9.7565e-200
8.2646e-200
7.0005e-200
5.9297e-200
5.0224e-200
4.2539e-200
3.6028e-200
3.0513e-200
2.5842e-200
2.1884e-200
1.8533e-200
1.5694e-200
1.3289e-200
1.1253e-200
9.5284e-201
8.0678e-201
6.8309e-201
5.7835e-201
4.8965e-201
4.1454e-201
3.5094e-201
2.9709e-201
2.515e-201
2.1289e-201
1.8021e-201
1.5254e-201
1.2911e-201
1.0928e-201
9.2491e-202
7.828e-202
6.625e-202
5.6067e-202
4.7447e-202
4.0152e-202
3.3977e-202
2.8751e-202
2.4328e-202
2.0585e-202
1.7417e-202
1.4736e-202
1.2468e-202
1.0548e-202
8.9236e-203
7.5492e-203
6.3862e-203
5.4023e-203
4.5698e-203
3.8654e-203
3.2696e-203
2.7655e-203
2.339e-203
1.9783e-203
1.6731e-203
1.415e-203
1.1966e-203
1.0119e-203
8.5572e-204
7.2361e-204
6.1187e-204
5.1737e-204
4.3745e-204
3.6987e-204
3.1272e-204
2.6439e-204
2.2352e-204
1.8896e-204
1.5974e-204
1.3504e-204
1.1415e-204
9.6492e-205
8.1561e-205
6.8939e-205
5.8268e-205
4.9248e-205
4.1622e-205
3.5177e-205
2.9728e-205
2.5123e-205
2.123e-205
1.794e-205
1.516e-205
1.281e-205
1.0823e-205
9.145e-206
7.7266e-206
6.528e-206
5.5152e-206
4.6594e-206
3.9362e-206
3.3252e-206
2.8089e-206
2.3728e-206
2.0042e-206
1.6929e-206
1.4299e-206
1.2077e-206
1.02e-206
8.6146e-207
7.2753e-207
6.1441e-207
5.1885e-207
4.3815e-207
3.6999e-207
3.1242e-207
2.638e-207
2.2274e-207
1.8806e-207
1.5878e-207
1.3405e-207
1.1317e-207
9.5545e-208
8.0658e-208
6.809e-208
5.7478e-208
4.8519e-208
4.0955e-208
3.457e-208
2.9179e-208
2.4629e-208
2.0788e-208
1.7547e-208
1.4811e-208
1.2502e-208
1.0554e-208
8.9109e-209
7.5247e-209
6.3559e-209
5.3707e-209
4.5409e-209
3.8423e-209
3.255e-209
2.7619e-209
2.3489e-209
2.004e-209
1.7173e-209
1.4806e-209
1.2869e-209
1.1308e-209
1.0079e-209
9.1447e-210
8.4802e-210
8.0667e-210
7.8932e-210
7.9556e-210
