4.2558e-13
4.2273e-13
4.1991e-13
4.1715e-13
4.1443e-13
4.1175e-13
4.0912e-13
4.0654e-13
4.04e-13
4.015e-13
3.9906e-13
3.9665e-13
3.9429e-13
3.9197e-13
3.897e-13
3.8748e-13
3.8529e-13
3.8316e-13
3.8106e-13
3.7901e-13
3.7701e-13
3.7504e-13
3.7313e-13
3.7125e-13
3.6942e-13
3.6764e-13
3.6589e-13
3.642e-13
3.6254e-13
3.6093e-13
3.5936e-13
3.5784e-13
3.5636e-13
3.5492e-13
3.5353e-13
3.5218e-13
3.5088e-13
3.4961e-13
3.484e-13
3.4722e-13
3.4609e-13
3.4501e-13
3.4397e-13
3.4297e-13
3.4202e-13
3.4111e-13
3.4024e-13
3.3942e-13
3.3865e-13
3.3792e-13
3.3723e-13
3.3659e-13
3.3599e-13
3.3544e-13
3.3493e-13
3.3447e-13
3.3405e-13
3.3368e-13
3.3336e-13
3.3308e-13
3.3285e-13
3.3266e-13
3.3252e-13
3.3243e-13
3.3238e-13
3.3238e-13
3.3243e-13
3.3252e-13
3.3266e-13
3.3285e-13
3.3309e-13
3.3337e-13
3.3371e-13
3.3409e-13
3.3452e-13
3.35e-13
3.3553e-13
3.3611e-13
3.3675e-13
3.3743e-13
3.3816e-13
3.3894e-13
3.3977e-13
3.4066e-13
3.4159e-13
3.4258e-13
3.4362e-13
3.4472e-13
3.4587e-13
3.4707e-13
3.4832e-13
3.4963e-13
3.51e-13
3.5241e-13
3.5389e-13
3.5542e-13
3.5701e-13
3.5865e-13
3.6035e-13
3.6211e-13
3.6393e-13
3.658e-13
3.6774e-13
3.6973e-13
3.7179e-13
3.739e-13
3.7608e-13
3.7832e-13
3.8062e-13
3.8298e-13
3.854e-13
3.8789e-13
3.9045e-13
3.9307e-13
3.9575e-13
3.985e-13
4.0132e-13
4.042e-13
4.0716e-13
4.1018e-13
4.1327e-13
4.1643e-13
4.1966e-13
4.2296e-13
4.2633e-13
4.2978e-13
4.333e-13
4.369e-13
4.4056e-13
4.4431e-13
4.4813e-13
4.5203e-13
4.5601e-13
4.6006e-13
4.642e-13
4.6841e-13
4.7271e-13
4.7709e-13
4.8155e-13
4.8609e-13
4.9072e-13
4.9544e-13
5.0024e-13
5.0513e-13
5.1011e-13
5.1518e-13
5.2034e-13
5.2558e-13
5.3093e-13
5.3636e-13
5.4189e-13
5.4752e-13
5.5324e-13
5.5906e-13
5.6498e-13
5.7099e-13
5.7711e-13
5.8334e-13
5.8966e-13
5.9609e-13
6.0262e-13
6.0926e-13
6.1601e-13
6.2287e-13
6.2984e-13
6.3692e-13
6.4412e-13
6.5143e-13
6.5885e-13
6.664e-13
6.7406e-13
6.8184e-13
6.8974e-13
6.9776e-13
7.0591e-13
7.1419e-13
7.2259e-13
7.3112e-13
7.3978e-13
7.4858e-13
7.575e-13
7.6656e-13
7.7576e-13
7.851e-13
7.9457e-13
8.0419e-13
8.1395e-13
8.2386e-13
8.3391e-13
8.4411e-13
8.5446e-13
8.6497e-13
8.7562e-13
8.8644e-13
8.9741e-13
9.0854e-13
9.1983e-13
9.3129e-13
9.4291e-13
9.547e-13
9.6665e-13
9.7878e-13
9.9109e-13
1.0036e-12
1.0162e-12
1.0291e-12
1.0421e-12
1.0553e-12
1.0687e-12
1.0823e-12
1.096e-12
1.11e-12
1.1242e-12
1.1385e-12
1.1531e-12
1.1679e-12
1.1828e-12
1.198e-12
1.2134e-12
1.229e-12
1.2449e-12
1.2609e-12
1.2772e-12
1.2937e-12
1.3104e-12
1.3273e-12
1.3445e-12
1.3619e-12
1.3796e-12
1.3975e-12
1.4156e-12
1.434e-12
1.4527e-12
1.4716e-12
1.4907e-12
1.5101e-12
1.5298e-12
1.5498e-12
1.57e-12
1.5905e-12
1.6112e-12
1.6323e-12
1.6536e-12
1.6752e-12
1.6972e-12
1.7194e-12
1.7419e-12
1.7647e-12
1.7878e-12
1.8112e-12
1.835e-12
1.859e-12
1.8834e-12
1.9081e-12
1.9331e-12
1.9585e-12
1.9842e-12
2.0102e-12
2.0366e-12
2.0634e-12
2.0905e-12
2.1179e-12
2.1458e-12
2.1739e-12
2.2025e-12
2.2315e-12
2.2608e-12
2.2905e-12
2.3206e-12
2.3511e-12
2.382e-12
2.4133e-12
2.445e-12
2.4771e-12
2.5097e-12
2.5427e-12
2.5761e-12
2.61e-12
2.6443e-12
2.679e-12
2.7142e-12
2.7499e-12
2.786e-12
2.8226e-12
2.8597e-12
2.8972e-12
2.9353e-12
2.9738e-12
3.0129e-12
3.0524e-12
3.0925e-12
3.1331e-12
3.1742e-12
3.2158e-12
3.258e-12
3.3007e-12
3.344e-12
3.3878e-12
3.4323e-12
3.4772e-12
3.5228e-12
3.569e-12
3.6157e-12
3.663e-12
3.711e-12
3.7596e-12
3.8088e-12
3.8586e-12
3.9091e-12
3.9602e-12
4.012e-12
4.0644e-12
4.1175e-12
4.1713e-12
4.2258e-12
4.281e-12
4.3369e-12
4.3935e-12
4.4508e-12
4.5089e-12
4.5677e-12
4.6272e-12
4.6875e-12
4.7486e-12
4.8105e-12
4.8731e-12
4.9366e-12
5.0008e-12
5.0659e-12
5.1318e-12
5.1985e-12
5.2661e-12
5.3345e-12
5.4038e-12
5.474e-12
5.545e-12
5.617e-12
5.6899e-12
5.7637e-12
5.8384e-12
5.9141e-12
5.9907e-12
6.0683e-12
6.1469e-12
6.2265e-12
6.3071e-12
6.3887e-12
6.4713e-12
6.5549e-12
6.6396e-12
6.7254e-12
6.8123e-12
6.9002e-12
6.9893e-12
7.0794e-12
7.1707e-12
7.2632e-12
7.3568e-12
7.4515e-12
7.5475e-12
7.6447e-12
7.743e-12
7.8426e-12
7.9435e-12
8.0456e-12
8.149e-12
8.2537e-12
8.3596e-12
8.467e-12
8.5756e-12
8.6856e-12
8.797e-12
8.9097e-12
9.0239e-12
9.1394e-12
9.2564e-12
9.3749e-12
9.4948e-12
9.6162e-12
9.7392e-12
9.8636e-12
9.9896e-12
1.0117e-11
1.0246e-11
1.0377e-11
1.0509e-11
1.0643e-11
1.0779e-11
1.0916e-11
1.1055e-11
1.1196e-11
1.1339e-11
1.1483e-11
1.1629e-11
1.1777e-11
1.1926e-11
1.2078e-11
1.2231e-11
1.2386e-11
1.2543e-11
1.2702e-11
1.2863e-11
1.3026e-11
1.3191e-11
1.3358e-11
1.3527e-11
1.3698e-11
1.3872e-11
1.4047e-11
1.4224e-11
1.4404e-11
1.4586e-11
1.477e-11
1.4956e-11
1.5145e-11
1.5336e-11
1.5529e-11
1.5724e-11
1.5922e-11
1.6123e-11
1.6326e-11
1.6531e-11
1.6739e-11
1.6949e-11
1.7162e-11
1.7377e-11
1.7595e-11
1.7816e-11
1.8039e-11
1.8265e-11
1.8494e-11
1.8726e-11
1.896e-11
1.9197e-11
1.9438e-11
1.9681e-11
1.9927e-11
2.0175e-11
2.0427e-11
2.0682e-11
2.094e-11
2.1202e-11
2.1466e-11
2.1733e-11
2.2004e-11
2.2278e-11
2.2555e-11
2.2836e-11
2.312e-11
2.3407e-11
2.3698e-11
2.3992e-11
2.429e-11
2.4592e-11
2.4897e-11
2.5205e-11
2.5518e-11
2.5834e-11
2.6154e-11
2.6477e-11
2.6805e-11
2.7137e-11
2.7472e-11
2.7811e-11
2.8155e-11
2.8503e-11
2.8854e-11
2.921e-11
2.9571e-11
2.9935e-11
3.0304e-11
3.0677e-11
3.1055e-11
3.1437e-11
3.1824e-11
3.2215e-11
3.2611e-11
3.3011e-11
3.3417e-11
3.3827e-11
3.4242e-11
3.4662e-11
3.5087e-11
3.5517e-11
3.5952e-11
3.6392e-11
3.6837e-11
3.7288e-11
3.7744e-11
3.8205e-11
3.8672e-11
3.9144e-11
3.9622e-11
4.0106e-11
4.0595e-11
4.109e-11
4.159e-11
4.2097e-11
4.2609e-11
4.3128e-11
4.3653e-11
4.4183e-11
4.472e-11
4.5264e-11
4.5813e-11
4.637e-11
4.6932e-11
4.7501e-11
4.8077e-11
4.866e-11
4.9249e-11
4.9846e-11
5.0449e-11
5.1059e-11
5.1677e-11
5.2301e-11
5.2933e-11
5.3572e-11
5.4219e-11
5.4873e-11
5.5535e-11
5.6205e-11
5.6882e-11
5.7567e-11
5.826e-11
5.8961e-11
5.9671e-11
6.0388e-11
6.1114e-11
6.1848e-11
6.2591e-11
6.3342e-11
6.4102e-11
6.4871e-11
6.5648e-11
6.6435e-11
6.7231e-11
6.8036e-11
6.885e-11
6.9673e-11
7.0506e-11
7.1349e-11
7.2201e-11
7.3063e-11
7.3936e-11
7.4818e-11
7.571e-11
7.6612e-11
7.7525e-11
7.8448e-11
7.9382e-11
8.0327e-11
8.1282e-11
8.2248e-11
8.3226e-11
8.4214e-11
8.5214e-11
8.6225e-11
8.7248e-11
8.8283e-11
8.9329e-11
9.0387e-11
9.1458e-11
9.254e-11
9.3635e-11
9.4742e-11
9.5862e-11
9.6995e-11
9.814e-11
9.9299e-11
1.0047e-10
1.0166e-10
1.0285e-10
1.0407e-10
1.0529e-10
1.0653e-10
1.0779e-10
1.0905e-10
1.1034e-10
1.1163e-10
1.1294e-10
1.1427e-10
1.1561e-10
1.1697e-10
1.1834e-10
1.1973e-10
1.2113e-10
1.2255e-10
1.2398e-10
1.2543e-10
1.269e-10
1.2838e-10
1.2988e-10
1.314e-10
1.3293e-10
1.3448e-10
1.3605e-10
1.3764e-10
1.3924e-10
1.4087e-10
1.4251e-10
1.4416e-10
1.4584e-10
1.4754e-10
1.4925e-10
1.5098e-10
1.5274e-10
1.5451e-10
1.563e-10
1.5812e-10
1.5995e-10
1.618e-10
1.6367e-10
1.6557e-10
1.6749e-10
1.6942e-10
1.7138e-10
1.7336e-10
1.7536e-10
1.7739e-10
1.7943e-10
1.815e-10
1.836e-10
1.8571e-10
1.8785e-10
1.9001e-10
1.922e-10
1.9441e-10
1.9664e-10
1.989e-10
2.0119e-10
2.035e-10
2.0583e-10
2.0819e-10
2.1058e-10
2.1299e-10
2.1543e-10
2.179e-10
2.2039e-10
2.2292e-10
2.2546e-10
2.2804e-10
2.3065e-10
2.3328e-10
2.3594e-10
2.3863e-10
2.4135e-10
2.4411e-10
2.4689e-10
2.497e-10
2.5254e-10
2.5541e-10
2.5832e-10
2.6125e-10
2.6422e-10
2.6722e-10
2.7025e-10
2.7332e-10
2.7642e-10
2.7955e-10
2.8272e-10
2.8592e-10
2.8916e-10
2.9243e-10
2.9574e-10
2.9908e-10
3.0246e-10
3.0587e-10
3.0933e-10
3.1282e-10
3.1634e-10
3.1991e-10
3.2351e-10
3.2716e-10
3.3084e-10
3.3456e-10
3.3832e-10
3.4213e-10
3.4597e-10
3.4985e-10
3.5378e-10
3.5775e-10
3.6176e-10
3.6582e-10
3.6992e-10
3.7406e-10
3.7825e-10
3.8248e-10
3.8676e-10
3.9108e-10
3.9545e-10
3.9986e-10
4.0433e-10
4.0884e-10
4.134e-10
4.18e-10
4.2266e-10
4.2737e-10
4.3213e-10
4.3693e-10
4.4179e-10
4.467e-10
4.5166e-10
4.5668e-10
4.6175e-10
4.6687e-10
4.7205e-10
4.7728e-10
4.8257e-10
4.8791e-10
4.9331e-10
4.9877e-10
5.0428e-10
5.0986e-10
5.1549e-10
5.2118e-10
5.2693e-10
5.3275e-10
5.3862e-10
5.4456e-10
5.5056e-10
5.5662e-10
5.6274e-10
5.6893e-10
5.7519e-10
5.8151e-10
5.879e-10
5.9435e-10
6.0087e-10
6.0747e-10
6.1413e-10
6.2086e-10
6.2766e-10
6.3453e-10
6.4147e-10
6.4849e-10
6.5558e-10
6.6274e-10
6.6998e-10
6.7729e-10
6.8468e-10
6.9215e-10
6.9969e-10
7.0732e-10
7.1502e-10
7.228e-10
7.3067e-10
7.3861e-10
7.4664e-10
7.5475e-10
7.6295e-10
7.7123e-10
7.7959e-10
7.8805e-10
7.9659e-10
8.0522e-10
8.1394e-10
8.2275e-10
8.3165e-10
8.4064e-10
8.4972e-10
8.589e-10
8.6817e-10
8.7754e-10
8.8701e-10
8.9657e-10
9.0623e-10
9.1599e-10
9.2585e-10
9.3581e-10
9.4588e-10
9.5604e-10
9.6631e-10
9.7669e-10
9.8718e-10
9.9777e-10
1.0085e-09
1.0193e-09
1.0302e-09
1.0412e-09
1.0524e-09
1.0636e-09
1.075e-09
1.0865e-09
1.0981e-09
1.1098e-09
1.1217e-09
1.1336e-09
1.1457e-09
1.1579e-09
1.1702e-09
1.1827e-09
1.1953e-09
1.208e-09
1.2208e-09
1.2338e-09
1.2469e-09
1.2601e-09
1.2735e-09
1.287e-09
1.3006e-09
1.3144e-09
1.3283e-09
1.3424e-09
1.3566e-09
1.3709e-09
1.3854e-09
1.4001e-09
1.4148e-09
1.4298e-09
1.4448e-09
1.4601e-09
1.4755e-09
1.491e-09
1.5067e-09
1.5225e-09
1.5385e-09
1.5547e-09
1.571e-09
1.5875e-09
1.6042e-09
1.621e-09
1.638e-09
1.6552e-09
1.6725e-09
1.69e-09
1.7077e-09
1.7255e-09
1.7436e-09
1.7618e-09
1.7802e-09
1.7988e-09
1.8175e-09
1.8365e-09
1.8556e-09
1.8749e-09
1.8945e-09
1.9142e-09
1.9341e-09
1.9542e-09
1.9745e-09
1.995e-09
2.0157e-09
2.0366e-09
2.0577e-09
2.079e-09
2.1006e-09
2.1223e-09
2.1443e-09
2.1664e-09
2.1888e-09
2.2115e-09
2.2343e-09
2.2574e-09
2.2806e-09
2.3042e-09
2.3279e-09
2.3519e-09
2.3761e-09
2.4005e-09
2.4252e-09
2.4502e-09
2.4753e-09
2.5007e-09
2.5264e-09
2.5523e-09
2.5785e-09
2.6049e-09
2.6316e-09
2.6585e-09
2.6857e-09
2.7132e-09
2.7409e-09
2.769e-09
2.7972e-09
2.8258e-09
2.8546e-09
2.8837e-09
2.9131e-09
2.9428e-09
2.9727e-09
3.003e-09
3.0335e-09
3.0643e-09
3.0955e-09
3.1269e-09
3.1586e-09
3.1907e-09
3.223e-09
3.2557e-09
3.2887e-09
3.3219e-09
3.3556e-09
3.3895e-09
3.4237e-09
3.4583e-09
3.4932e-09
3.5285e-09
3.5641e-09
3.6e-09
3.6363e-09
3.6729e-09
3.7099e-09
3.7472e-09
3.7849e-09
3.8229e-09
3.8613e-09
3.9001e-09
3.9392e-09
3.9787e-09
4.0186e-09
4.0588e-09
4.0995e-09
4.1405e-09
4.1819e-09
4.2237e-09
4.2659e-09
4.3085e-09
4.3515e-09
4.395e-09
4.4388e-09
4.483e-09
4.5277e-09
4.5727e-09
4.6182e-09
4.6642e-09
4.7105e-09
4.7573e-09
4.8046e-09
4.8523e-09
4.9004e-09
4.949e-09
4.998e-09
5.0475e-09
5.0975e-09
5.1479e-09
5.1988e-09
5.2502e-09
5.302e-09
5.3544e-09
5.4072e-09
5.4605e-09
5.5143e-09
5.5687e-09
5.6235e-09
5.6788e-09
5.7347e-09
5.7911e-09
5.848e-09
5.9054e-09
5.9633e-09
6.0218e-09
6.0809e-09
6.1405e-09
6.2006e-09
6.2613e-09
6.3226e-09
6.3844e-09
6.4468e-09
6.5097e-09
6.5733e-09
6.6374e-09
6.7022e-09
6.7675e-09
6.8334e-09
6.8999e-09
6.9671e-09
7.0348e-09
7.1032e-09
7.1722e-09
7.2419e-09
7.3122e-09
7.3831e-09
7.4547e-09
7.5269e-09
7.5998e-09
7.6733e-09
7.7476e-09
7.8225e-09
7.8981e-09
7.9744e-09
8.0513e-09
8.129e-09
8.2074e-09
8.2865e-09
8.3663e-09
8.4468e-09
8.5281e-09
8.6101e-09
8.6929e-09
8.7764e-09
8.8606e-09
8.9457e-09
9.0314e-09
9.118e-09
9.2054e-09
9.2935e-09
9.3824e-09
9.4722e-09
9.5627e-09
9.6541e-09
9.7463e-09
9.8393e-09
9.9331e-09
1.0028e-08
1.0123e-08
1.022e-08
1.0317e-08
1.0415e-08
1.0514e-08
1.0614e-08
1.0715e-08
1.0817e-08
1.0919e-08
1.1023e-08
1.1127e-08
1.1232e-08
1.1339e-08
1.1446e-08
1.1554e-08
1.1663e-08
1.1774e-08
1.1885e-08
1.1997e-08
1.211e-08
1.2224e-08
1.2339e-08
1.2455e-08
1.2573e-08
1.2691e-08
1.281e-08
1.293e-08
1.3052e-08
1.3174e-08
1.3298e-08
1.3422e-08
1.3548e-08
1.3675e-08
1.3803e-08
1.3932e-08
1.4062e-08
1.4193e-08
1.4326e-08
1.4459e-08
1.4594e-08
1.473e-08
1.4867e-08
1.5006e-08
1.5145e-08
1.5286e-08
1.5428e-08
1.5572e-08
1.5716e-08
1.5862e-08
1.6009e-08
1.6157e-08
1.6307e-08
1.6458e-08
1.661e-08
1.6764e-08
1.6919e-08
1.7075e-08
1.7233e-08
1.7392e-08
1.7552e-08
1.7714e-08
1.7877e-08
1.8041e-08
1.8207e-08
1.8375e-08
1.8544e-08
1.8714e-08
1.8886e-08
1.9059e-08
1.9234e-08
1.941e-08
1.9588e-08
1.9767e-08
1.9948e-08
2.013e-08
2.0314e-08
2.0499e-08
2.0686e-08
2.0875e-08
2.1065e-08
2.1257e-08
2.1451e-08
2.1646e-08
2.1843e-08
2.2041e-08
2.2242e-08
2.2444e-08
2.2647e-08
2.2853e-08
2.306e-08
2.3269e-08
2.3479e-08
2.3692e-08
2.3906e-08
2.4122e-08
2.434e-08
2.456e-08
2.4781e-08
2.5005e-08
2.523e-08
2.5457e-08
2.5686e-08
2.5917e-08
2.615e-08
2.6385e-08
2.6622e-08
2.6861e-08
2.7102e-08
2.7345e-08
2.759e-08
2.7837e-08
2.8086e-08
2.8337e-08
2.8591e-08
2.8846e-08
2.9104e-08
2.9363e-08
2.9625e-08
2.9889e-08
3.0155e-08
3.0424e-08
3.0694e-08
3.0967e-08
3.1243e-08
3.152e-08
3.18e-08
3.2082e-08
3.2366e-08
3.2653e-08
3.2942e-08
3.3234e-08
3.3528e-08
3.3824e-08
3.4123e-08
3.4424e-08
3.4728e-08
3.5034e-08
3.5343e-08
3.5654e-08
3.5968e-08
3.6284e-08
3.6603e-08
3.6925e-08
3.7249e-08
3.7576e-08
3.7906e-08
3.8238e-08
3.8573e-08
3.8911e-08
3.9251e-08
3.9595e-08
3.9941e-08
4.029e-08
4.0641e-08
4.0996e-08
4.1353e-08
4.1714e-08
4.2077e-08
4.2443e-08
4.2812e-08
4.3184e-08
4.356e-08
4.3938e-08
4.4319e-08
4.4704e-08
4.5091e-08
4.5482e-08
4.5875e-08
4.6272e-08
4.6672e-08
4.7076e-08
4.7482e-08
4.7892e-08
4.8305e-08
4.8721e-08
4.9141e-08
4.9564e-08
4.9991e-08
5.0421e-08
5.0854e-08
5.1291e-08
5.1731e-08
5.2175e-08
5.2622e-08
5.3073e-08
5.3527e-08
5.3985e-08
5.4447e-08
5.4912e-08
5.5382e-08
5.5854e-08
5.6331e-08
5.6811e-08
5.7295e-08
5.7783e-08
5.8275e-08
5.8771e-08
5.927e-08
5.9774e-08
6.0281e-08
6.0793e-08
6.1308e-08
6.1828e-08
6.2351e-08
6.2879e-08
6.3411e-08
6.3947e-08
6.4487e-08
6.5032e-08
6.558e-08
6.6133e-08
6.6691e-08
6.7252e-08
6.7818e-08
6.8389e-08
6.8964e-08
6.9543e-08
7.0127e-08
7.0715e-08
7.1308e-08
7.1906e-08
7.2508e-08
7.3115e-08
7.3727e-08
7.4343e-08
7.4964e-08
7.559e-08
7.6221e-08
7.6856e-08
7.7497e-08
7.8142e-08
7.8793e-08
7.9448e-08
8.0109e-08
8.0774e-08
8.1445e-08
8.212e-08
8.2801e-08
8.3487e-08
8.4179e-08
8.4876e-08
8.5578e-08
8.6285e-08
8.6998e-08
8.7716e-08
8.844e-08
8.9169e-08
8.9904e-08
9.0644e-08
9.139e-08
9.2141e-08
9.2899e-08
9.3662e-08
9.4431e-08
9.5205e-08
9.5986e-08
9.6772e-08
9.7564e-08
9.8363e-08
9.9167e-08
9.9977e-08
1.0079e-07
1.0162e-07
1.0245e-07
1.0328e-07
1.0412e-07
1.0497e-07
1.0582e-07
1.0668e-07
1.0755e-07
1.0842e-07
1.093e-07
1.1019e-07
1.1108e-07
1.1198e-07
1.1289e-07
1.138e-07
1.1472e-07
1.1565e-07
1.1658e-07
1.1752e-07
1.1847e-07
1.1943e-07
1.2039e-07
1.2136e-07
1.2233e-07
1.2331e-07
1.2431e-07
1.253e-07
1.2631e-07
1.2732e-07
1.2834e-07
1.2937e-07
1.304e-07
1.3145e-07
1.325e-07
1.3355e-07
1.3462e-07
1.3569e-07
1.3677e-07
1.3786e-07
1.3896e-07
1.4007e-07
1.4118e-07
1.423e-07
1.4343e-07
1.4457e-07
1.4571e-07
1.4687e-07
1.4803e-07
1.492e-07
1.5038e-07
1.5157e-07
1.5277e-07
1.5397e-07
1.5519e-07
1.5641e-07
1.5764e-07
1.5888e-07
1.6013e-07
1.6139e-07
1.6266e-07
1.6393e-07
1.6522e-07
1.6651e-07
1.6782e-07
1.6913e-07
1.7046e-07
1.7179e-07
1.7313e-07
1.7448e-07
1.7584e-07
1.7721e-07
1.7859e-07
1.7999e-07
1.8139e-07
1.828e-07
1.8422e-07
1.8565e-07
1.8709e-07
1.8854e-07
1.9e-07
1.9147e-07
1.9295e-07
1.9445e-07
1.9595e-07
1.9746e-07
1.9899e-07
2.0052e-07
2.0207e-07
2.0362e-07
2.0519e-07
2.0677e-07
2.0836e-07
2.0996e-07
2.1157e-07
2.132e-07
2.1483e-07
2.1648e-07
2.1813e-07
2.198e-07
2.2148e-07
2.2318e-07
2.2488e-07
2.266e-07
2.2832e-07
2.3006e-07
2.3181e-07
2.3358e-07
2.3535e-07
2.3714e-07
2.3894e-07
2.4076e-07
2.4258e-07
2.4442e-07
2.4627e-07
2.4814e-07
2.5001e-07
2.519e-07
2.538e-07
2.5572e-07
2.5765e-07
2.5959e-07
2.6155e-07
2.6351e-07
2.655e-07
2.6749e-07
2.695e-07
2.7152e-07
2.7356e-07
2.7561e-07
2.7767e-07
2.7975e-07
2.8184e-07
2.8395e-07
2.8607e-07
2.8821e-07
2.9036e-07
2.9252e-07
2.947e-07
2.9689e-07
2.991e-07
3.0132e-07
3.0356e-07
3.0582e-07
3.0808e-07
3.1037e-07
3.1267e-07
3.1498e-07
3.1731e-07
3.1965e-07
3.2202e-07
3.2439e-07
3.2678e-07
3.2919e-07
3.3162e-07
3.3406e-07
3.3651e-07
3.3899e-07
3.4148e-07
3.4398e-07
3.4651e-07
3.4904e-07
3.516e-07
3.5417e-07
3.5676e-07
3.5937e-07
3.62e-07
3.6464e-07
3.673e-07
3.6997e-07
3.7267e-07
3.7538e-07
3.7811e-07
3.8085e-07
3.8362e-07
3.864e-07
3.892e-07
3.9202e-07
3.9486e-07
3.9772e-07
4.0059e-07
4.0349e-07
4.064e-07
4.0933e-07
4.1228e-07
4.1525e-07
4.1824e-07
4.2125e-07
4.2428e-07
4.2733e-07
4.3039e-07
4.3348e-07
4.3659e-07
4.3971e-07
4.4286e-07
4.4603e-07
4.4921e-07
4.5242e-07
4.5565e-07
4.589e-07
4.6217e-07
4.6546e-07
4.6877e-07
4.7211e-07
4.7546e-07
4.7883e-07
4.8223e-07
4.8565e-07
4.8909e-07
4.9255e-07
4.9604e-07
4.9954e-07
5.0307e-07
5.0662e-07
5.1019e-07
5.1379e-07
5.1741e-07
5.2105e-07
5.2471e-07
5.284e-07
5.3211e-07
5.3584e-07
5.396e-07
5.4338e-07
5.4718e-07
5.5101e-07
5.5486e-07
5.5874e-07
5.6264e-07
5.6656e-07
5.7051e-07
5.7448e-07
5.7848e-07
5.825e-07
5.8655e-07
5.9062e-07
5.9472e-07
5.9884e-07
6.0299e-07
6.0717e-07
6.1137e-07
6.1559e-07
6.1984e-07
6.2412e-07
6.2843e-07
6.3276e-07
6.3711e-07
6.415e-07
6.4591e-07
6.5035e-07
6.5481e-07
6.593e-07
6.6382e-07
6.6837e-07
6.7294e-07
6.7755e-07
6.8218e-07
6.8683e-07
6.9152e-07
6.9624e-07
7.0098e-07
7.0575e-07
7.1055e-07
7.1538e-07
7.2024e-07
7.2513e-07
7.3005e-07
7.3499e-07
7.3997e-07
7.4498e-07
7.5002e-07
7.5508e-07
7.6018e-07
7.6531e-07
7.7047e-07
7.7566e-07
7.8088e-07
7.8613e-07
7.9141e-07
7.9672e-07
8.0207e-07
8.0744e-07
8.1285e-07
8.1829e-07
8.2377e-07
8.2927e-07
8.3481e-07
8.4038e-07
8.4598e-07
8.5162e-07
8.5729e-07
8.6299e-07
8.6873e-07
8.745e-07
8.803e-07
8.8614e-07
8.9201e-07
8.9791e-07
9.0385e-07
9.0983e-07
9.1584e-07
9.2188e-07
9.2796e-07
9.3408e-07
9.4023e-07
9.4641e-07
9.5263e-07
9.5889e-07
9.6519e-07
9.7151e-07
9.7788e-07
9.8428e-07
9.9072e-07
9.972e-07
1.0037e-06
1.0103e-06
1.0169e-06
1.0235e-06
1.0301e-06
1.0368e-06
1.0436e-06
1.0504e-06
1.0572e-06
1.064e-06
1.0709e-06
1.0779e-06
1.0848e-06
1.0919e-06
1.0989e-06
1.106e-06
1.1131e-06
1.1203e-06
1.1275e-06
1.1348e-06
1.1421e-06
1.1494e-06
1.1568e-06
1.1642e-06
1.1717e-06
1.1792e-06
1.1867e-06
1.1943e-06
1.2019e-06
1.2096e-06
1.2173e-06
1.2251e-06
1.2328e-06
1.2407e-06
1.2486e-06
1.2565e-06
1.2645e-06
1.2725e-06
1.2806e-06
1.2887e-06
1.2968e-06
1.305e-06
1.3132e-06
1.3215e-06
1.3299e-06
1.3382e-06
1.3467e-06
1.3551e-06
1.3636e-06
1.3722e-06
1.3808e-06
1.3895e-06
1.3982e-06
1.4069e-06
1.4157e-06
1.4245e-06
1.4334e-06
1.4424e-06
1.4514e-06
1.4604e-06
1.4695e-06
1.4786e-06
1.4878e-06
1.497e-06
1.5063e-06
1.5156e-06
1.525e-06
1.5344e-06
1.5439e-06
1.5535e-06
1.563e-06
1.5727e-06
1.5824e-06
1.5921e-06
1.6019e-06
1.6117e-06
1.6216e-06
1.6315e-06
1.6415e-06
1.6516e-06
1.6617e-06
1.6718e-06
1.6821e-06
1.6923e-06
1.7026e-06
1.713e-06
1.7234e-06
1.7339e-06
1.7444e-06
1.755e-06
1.7657e-06
1.7764e-06
1.7871e-06
1.7979e-06
1.8088e-06
1.8197e-06
1.8307e-06
1.8417e-06
1.8528e-06
1.864e-06
1.8752e-06
1.8864e-06
1.8978e-06
1.9091e-06
1.9206e-06
1.9321e-06
1.9436e-06
1.9552e-06
1.9669e-06
1.9787e-06
1.9904e-06
2.0023e-06
2.0142e-06
2.0262e-06
2.0382e-06
2.0503e-06
2.0625e-06
2.0747e-06
2.087e-06
2.0993e-06
2.1117e-06
2.1242e-06
2.1367e-06
2.1493e-06
2.1619e-06
2.1747e-06
2.1874e-06
2.2003e-06
2.2132e-06
2.2262e-06
2.2392e-06
2.2523e-06
2.2655e-06
2.2787e-06
2.292e-06
2.3054e-06
2.3188e-06
2.3323e-06
2.3459e-06
2.3595e-06
2.3732e-06
2.3869e-06
2.4008e-06
2.4147e-06
2.4286e-06
2.4427e-06
2.4568e-06
2.4709e-06
2.4852e-06
2.4995e-06
2.5139e-06
2.5283e-06
2.5428e-06
2.5574e-06
2.5721e-06
2.5868e-06
2.6016e-06
2.6165e-06
2.6314e-06
2.6464e-06
2.6615e-06
2.6767e-06
2.6919e-06
2.7072e-06
2.7226e-06
2.738e-06
2.7535e-06
2.7691e-06
2.7848e-06
2.8005e-06
2.8164e-06
2.8323e-06
2.8482e-06
2.8643e-06
2.8804e-06
2.8966e-06
2.9129e-06
2.9292e-06
2.9456e-06
2.9621e-06
2.9787e-06
2.9954e-06
3.0121e-06
3.0289e-06
3.0458e-06
3.0627e-06
3.0798e-06
3.0969e-06
3.1141e-06
3.1314e-06
3.1488e-06
3.1662e-06
3.1837e-06
3.2013e-06
3.219e-06
3.2368e-06
3.2546e-06
3.2725e-06
3.2906e-06
3.3086e-06
3.3268e-06
3.3451e-06
3.3634e-06
3.3818e-06
3.4003e-06
3.4189e-06
3.4376e-06
3.4563e-06
3.4752e-06
3.4941e-06
3.5131e-06
3.5322e-06
3.5514e-06
3.5707e-06
3.59e-06
3.6094e-06
3.629e-06
3.6486e-06
3.6683e-06
3.6881e-06
3.7079e-06
3.7279e-06
3.748e-06
3.7681e-06
3.7883e-06
3.8086e-06
3.829e-06
3.8495e-06
3.8701e-06
3.8908e-06
3.9115e-06
3.9324e-06
3.9533e-06
3.9744e-06
3.9955e-06
4.0167e-06
4.038e-06
4.0594e-06
4.0809e-06
4.1025e-06
4.1242e-06
4.146e-06
4.1678e-06
4.1898e-06
4.2118e-06
4.234e-06
4.2562e-06
4.2786e-06
4.301e-06
4.3235e-06
4.3462e-06
4.3689e-06
4.3917e-06
4.4146e-06
4.4376e-06
4.4607e-06
4.4839e-06
4.5072e-06
4.5306e-06
4.5541e-06
4.5777e-06
4.6014e-06
4.6252e-06
4.6491e-06
4.6731e-06
4.6972e-06
4.7213e-06
4.7456e-06
4.77e-06
4.7945e-06
4.8191e-06
4.8438e-06
4.8686e-06
4.8935e-06
4.9185e-06
4.9436e-06
4.9688e-06
4.9941e-06
5.0195e-06
5.045e-06
5.0706e-06
5.0963e-06
5.1221e-06
5.1481e-06
5.1741e-06
5.2002e-06
5.2265e-06
5.2528e-06
5.2792e-06
5.3058e-06
5.3325e-06
5.3592e-06
5.3861e-06
5.4131e-06
5.4402e-06
5.4674e-06
5.4947e-06
5.5221e-06
5.5496e-06
5.5772e-06
5.605e-06
5.6328e-06
5.6608e-06
5.6888e-06
5.717e-06
5.7453e-06
5.7737e-06
5.8022e-06
5.8308e-06
5.8595e-06
5.8883e-06
5.9173e-06
5.9463e-06
5.9755e-06
6.0048e-06
6.0342e-06
6.0637e-06
6.0933e-06
6.123e-06
6.1529e-06
6.1828e-06
6.2129e-06
6.2431e-06
6.2734e-06
6.3038e-06
6.3343e-06
6.365e-06
6.3957e-06
6.4266e-06
6.4576e-06
6.4887e-06
6.5199e-06
6.5513e-06
6.5827e-06
6.6143e-06
6.646e-06
6.6778e-06
6.7097e-06
6.7418e-06
6.7739e-06
6.8062e-06
6.8386e-06
6.8711e-06
6.9038e-06
6.9365e-06
6.9694e-06
7.0024e-06
7.0355e-06
7.0687e-06
7.1021e-06
7.1356e-06
7.1691e-06
7.2029e-06
7.2367e-06
7.2707e-06
7.3047e-06
7.3389e-06
7.3733e-06
7.4077e-06
7.4423e-06
7.477e-06
7.5118e-06
7.5467e-06
7.5818e-06
7.617e-06
7.6523e-06
7.6877e-06
7.7233e-06
7.7589e-06
7.7947e-06
7.8307e-06
7.8667e-06
7.9029e-06
7.9392e-06
7.9756e-06
8.0122e-06
8.0489e-06
8.0857e-06
8.1226e-06
8.1597e-06
8.1969e-06
8.2342e-06
8.2716e-06
8.3092e-06
8.3469e-06
8.3847e-06
8.4227e-06
8.4607e-06
8.4989e-06
8.5373e-06
8.5757e-06
8.6143e-06
8.6531e-06
8.6919e-06
8.7309e-06
8.77e-06
8.8093e-06
8.8486e-06
8.8881e-06
8.9278e-06
8.9675e-06
9.0074e-06
9.0474e-06
9.0876e-06
9.1279e-06
9.1683e-06
9.2088e-06
9.2495e-06
9.2903e-06
9.3313e-06
9.3723e-06
9.4135e-06
9.4549e-06
9.4963e-06
9.538e-06
9.5797e-06
9.6216e-06
9.6636e-06
9.7057e-06
9.748e-06
9.7904e-06
9.8329e-06
9.8756e-06
9.9184e-06
9.9613e-06
1.0004e-05
1.0048e-05
1.0091e-05
1.0134e-05
1.0178e-05
1.0222e-05
1.0266e-05
1.031e-05
1.0354e-05
1.0398e-05
1.0443e-05
1.0487e-05
1.0532e-05
1.0577e-05
1.0622e-05
1.0667e-05
1.0712e-05
1.0757e-05
1.0803e-05
1.0848e-05
1.0894e-05
1.094e-05
1.0986e-05
1.1032e-05
1.1079e-05
1.1125e-05
1.1172e-05
1.1218e-05
1.1265e-05
1.1312e-05
1.136e-05
1.1407e-05
1.1454e-05
1.1502e-05
1.155e-05
1.1597e-05
1.1645e-05
1.1693e-05
1.1742e-05
1.179e-05
1.1839e-05
1.1887e-05
1.1936e-05
1.1985e-05
1.2034e-05
1.2083e-05
1.2133e-05
1.2182e-05
1.2232e-05
1.2282e-05
1.2332e-05
1.2382e-05
1.2432e-05
1.2482e-05
1.2533e-05
1.2583e-05
1.2634e-05
1.2685e-05
1.2736e-05
1.2787e-05
1.2838e-05
1.289e-05
1.2941e-05
1.2993e-05
1.3045e-05
1.3097e-05
1.3149e-05
1.3201e-05
1.3254e-05
1.3306e-05
1.3359e-05
1.3412e-05
1.3465e-05
1.3518e-05
1.3571e-05
1.3625e-05
1.3678e-05
1.3732e-05
1.3786e-05
1.384e-05
1.3894e-05
1.3948e-05
1.4002e-05
1.4057e-05
1.4112e-05
1.4166e-05
1.4221e-05
1.4276e-05
1.4332e-05
1.4387e-05
1.4442e-05
1.4498e-05
1.4554e-05
1.461e-05
1.4666e-05
1.4722e-05
1.4778e-05
1.4835e-05
1.4891e-05
1.4948e-05
1.5005e-05
1.5062e-05
1.5119e-05
1.5176e-05
1.5234e-05
1.5291e-05
1.5349e-05
1.5407e-05
1.5465e-05
1.5523e-05
1.5581e-05
1.564e-05
1.5698e-05
1.5757e-05
1.5816e-05
1.5875e-05
1.5934e-05
1.5993e-05
1.6052e-05
1.6112e-05
1.6172e-05
1.6231e-05
1.6291e-05
1.6351e-05
1.6411e-05
1.6472e-05
1.6532e-05
1.6593e-05
1.6654e-05
1.6714e-05
1.6775e-05
1.6837e-05
1.6898e-05
1.6959e-05
1.7021e-05
1.7082e-05
1.7144e-05
1.7206e-05
1.7268e-05
1.733e-05
1.7393e-05
1.7455e-05
1.7518e-05
1.7581e-05
1.7644e-05
1.7707e-05
1.777e-05
1.7833e-05
1.7896e-05
1.796e-05
1.8024e-05
1.8087e-05
1.8151e-05
1.8215e-05
1.828e-05
1.8344e-05
1.8408e-05
1.8473e-05
1.8538e-05
1.8603e-05
1.8668e-05
1.8733e-05
1.8798e-05
1.8863e-05
1.8929e-05
1.8995e-05
1.906e-05
1.9126e-05
1.9192e-05
1.9258e-05
1.9325e-05
1.9391e-05
1.9458e-05
1.9524e-05
1.9591e-05
1.9658e-05
1.9725e-05
1.9792e-05
1.986e-05
1.9927e-05
1.9995e-05
2.0062e-05
2.013e-05
2.0198e-05
2.0266e-05
2.0334e-05
2.0403e-05
2.0471e-05
2.054e-05
2.0608e-05
2.0677e-05
2.0746e-05
2.0815e-05
2.0884e-05
2.0953e-05
2.1023e-05
2.1092e-05
2.1162e-05
2.1232e-05
2.1302e-05
2.1372e-05
2.1442e-05
2.1512e-05
2.1582e-05
2.1653e-05
2.1723e-05
2.1794e-05
2.1865e-05
2.1936e-05
2.2007e-05
2.2078e-05
2.2149e-05
2.2221e-05
2.2292e-05
2.2364e-05
2.2436e-05
2.2508e-05
2.258e-05
2.2652e-05
2.2724e-05
2.2796e-05
2.2869e-05
2.2941e-05
2.3014e-05
2.3087e-05
2.316e-05
2.3233e-05
2.3306e-05
2.3379e-05
2.3452e-05
2.3526e-05
2.3599e-05
2.3673e-05
2.3747e-05
2.382e-05
2.3894e-05
2.3968e-05
2.4043e-05
2.4117e-05
2.4191e-05
2.4266e-05
2.434e-05
2.4415e-05
2.449e-05
2.4565e-05
2.464e-05
2.4715e-05
2.479e-05
2.4865e-05
2.4941e-05
2.5016e-05
2.5092e-05
2.5168e-05
2.5243e-05
2.5319e-05
2.5395e-05
2.5471e-05
2.5548e-05
2.5624e-05
2.57e-05
2.5777e-05
2.5853e-05
2.593e-05
2.6007e-05
2.6083e-05
2.616e-05
2.6237e-05
2.6314e-05
2.6392e-05
2.6469e-05
2.6546e-05
2.6624e-05
2.6701e-05
2.6779e-05
2.6857e-05
2.6935e-05
2.7013e-05
2.7091e-05
2.7169e-05
2.7247e-05
2.7325e-05
2.7403e-05
2.7482e-05
2.756e-05
2.7639e-05
2.7717e-05
2.7796e-05
2.7875e-05
2.7954e-05
2.8033e-05
2.8112e-05
2.8191e-05
2.827e-05
2.835e-05
2.8429e-05
2.8508e-05
2.8588e-05
2.8667e-05
2.8747e-05
2.8827e-05
2.8907e-05
2.8986e-05
2.9066e-05
2.9146e-05
2.9226e-05
2.9307e-05
2.9387e-05
2.9467e-05
2.9547e-05
2.9628e-05
2.9708e-05
2.9789e-05
2.9869e-05
2.995e-05
3.0031e-05
3.0112e-05
3.0192e-05
3.0273e-05
3.0354e-05
3.0435e-05
3.0516e-05
3.0598e-05
3.0679e-05
3.076e-05
3.0841e-05
3.0923e-05
3.1004e-05
3.1086e-05
3.1167e-05
3.1249e-05
3.133e-05
3.1412e-05
3.1494e-05
3.1576e-05
3.1658e-05
3.1739e-05
3.1821e-05
3.1903e-05
3.1985e-05
3.2067e-05
3.215e-05
3.2232e-05
3.2314e-05
3.2396e-05
3.2478e-05
3.2561e-05
3.2643e-05
3.2726e-05
3.2808e-05
3.2891e-05
3.2973e-05
3.3056e-05
3.3138e-05
3.3221e-05
3.3303e-05
3.3386e-05
3.3469e-05
3.3552e-05
3.3634e-05
3.3717e-05
3.38e-05
3.3883e-05
3.3966e-05
3.4049e-05
3.4132e-05
3.4215e-05
3.4298e-05
3.4381e-05
3.4464e-05
3.4547e-05
3.463e-05
3.4713e-05
3.4796e-05
3.4879e-05
3.4963e-05
3.5046e-05
3.5129e-05
3.5212e-05
3.5296e-05
3.5379e-05
3.5462e-05
3.5545e-05
3.5629e-05
3.5712e-05
3.5795e-05
3.5879e-05
3.5962e-05
3.6045e-05
3.6129e-05
3.6212e-05
3.6295e-05
3.6379e-05
3.6462e-05
3.6545e-05
3.6629e-05
3.6712e-05
3.6795e-05
3.6879e-05
3.6962e-05
3.7045e-05
3.7129e-05
3.7212e-05
3.7296e-05
3.7379e-05
3.7462e-05
3.7546e-05
3.7629e-05
3.7712e-05
3.7795e-05
3.7879e-05
3.7962e-05
3.8045e-05
3.8128e-05
3.8212e-05
3.8295e-05
3.8378e-05
3.8461e-05
3.8544e-05
3.8628e-05
3.8711e-05
3.8794e-05
3.8877e-05
3.896e-05
3.9043e-05
3.9126e-05
3.9209e-05
3.9292e-05
3.9375e-05
3.9458e-05
3.954e-05
3.9623e-05
3.9706e-05
3.9789e-05
3.9871e-05
3.9954e-05
4.0037e-05
4.0119e-05
4.0202e-05
4.0285e-05
4.0367e-05
4.045e-05
4.0532e-05
4.0614e-05
4.0697e-05
4.0779e-05
4.0861e-05
4.0943e-05
4.1026e-05
4.1108e-05
4.119e-05
4.1272e-05
4.1354e-05
4.1436e-05
4.1517e-05
4.1599e-05
4.1681e-05
4.1763e-05
4.1844e-05
4.1926e-05
4.2007e-05
4.2089e-05
4.217e-05
4.2252e-05
4.2333e-05
4.2414e-05
4.2495e-05
4.2576e-05
4.2657e-05
4.2738e-05
4.2819e-05
4.29e-05
4.2981e-05
4.3062e-05
4.3142e-05
4.3223e-05
4.3303e-05
4.3384e-05
4.3464e-05
4.3544e-05
4.3624e-05
4.3704e-05
4.3784e-05
4.3864e-05
4.3944e-05
4.4024e-05
4.4104e-05
4.4183e-05
4.4263e-05
4.4342e-05
4.4421e-05
4.4501e-05
4.458e-05
4.4659e-05
4.4738e-05
4.4817e-05
4.4895e-05
4.4974e-05
4.5053e-05
4.5131e-05
4.521e-05
4.5288e-05
4.5366e-05
4.5444e-05
4.5522e-05
4.56e-05
4.5678e-05
4.5756e-05
4.5833e-05
4.5911e-05
4.5988e-05
4.6066e-05
4.6143e-05
4.622e-05
4.6297e-05
4.6374e-05
4.645e-05
4.6527e-05
4.6603e-05
4.668e-05
4.6756e-05
4.6832e-05
4.6908e-05
4.6984e-05
4.706e-05
4.7136e-05
4.7211e-05
4.7287e-05
4.7362e-05
4.7437e-05
4.7512e-05
4.7587e-05
4.7662e-05
4.7736e-05
4.7811e-05
4.7885e-05
4.796e-05
4.8034e-05
4.8108e-05
4.8182e-05
4.8255e-05
4.8329e-05
4.8402e-05
4.8476e-05
4.8549e-05
4.8622e-05
4.8695e-05
4.8768e-05
4.884e-05
4.8913e-05
4.8985e-05
4.9057e-05
4.9129e-05
4.9201e-05
4.9273e-05
4.9344e-05
4.9416e-05
4.9487e-05
4.9558e-05
4.9629e-05
4.97e-05
4.9771e-05
4.9841e-05
4.9912e-05
4.9982e-05
5.0052e-05
5.0122e-05
5.0191e-05
5.0261e-05
5.033e-05
5.0399e-05
5.0468e-05
5.0537e-05
5.0606e-05
5.0675e-05
5.0743e-05
5.0811e-05
5.0879e-05
5.0947e-05
5.1015e-05
5.1082e-05
5.115e-05
5.1217e-05
5.1284e-05
5.135e-05
5.1417e-05
5.1484e-05
5.155e-05
5.1616e-05
5.1682e-05
5.1748e-05
5.1813e-05
5.1878e-05
5.1944e-05
5.2009e-05
5.2073e-05
5.2138e-05
5.2202e-05
5.2267e-05
5.2331e-05
5.2394e-05
5.2458e-05
5.2521e-05
5.2585e-05
5.2648e-05
5.2711e-05
5.2773e-05
5.2836e-05
5.2898e-05
5.296e-05
5.3022e-05
5.3084e-05
5.3145e-05
5.3206e-05
5.3267e-05
5.3328e-05
5.3389e-05
5.3449e-05
5.351e-05
5.357e-05
5.3629e-05
5.3689e-05
5.3748e-05
5.3807e-05
5.3866e-05
5.3925e-05
5.3984e-05
5.4042e-05
5.41e-05
5.4158e-05
5.4216e-05
5.4273e-05
5.433e-05
5.4387e-05
5.4444e-05
5.4501e-05
5.4557e-05
5.4613e-05
5.4669e-05
5.4725e-05
5.478e-05
5.4835e-05
5.489e-05
5.4945e-05
5.4999e-05
5.5054e-05
5.5108e-05
5.5162e-05
5.5215e-05
5.5269e-05
5.5322e-05
5.5375e-05
5.5427e-05
5.548e-05
5.5532e-05
5.5584e-05
5.5635e-05
5.5687e-05
5.5738e-05
5.5789e-05
5.584e-05
5.589e-05
5.5941e-05
5.5991e-05
5.604e-05
5.609e-05
5.6139e-05
5.6188e-05
5.6237e-05
5.6285e-05
5.6334e-05
5.6382e-05
5.643e-05
5.6477e-05
5.6524e-05
5.6571e-05
5.6618e-05
5.6665e-05
5.6711e-05
5.6757e-05
5.6803e-05
5.6848e-05
5.6893e-05
5.6938e-05
5.6983e-05
5.7027e-05
5.7072e-05
5.7116e-05
5.7159e-05
5.7203e-05
5.7246e-05
5.7289e-05
5.7331e-05
5.7374e-05
5.7416e-05
5.7458e-05
5.7499e-05
5.754e-05
5.7581e-05
5.7622e-05
5.7663e-05
5.7703e-05
5.7743e-05
5.7783e-05
5.7822e-05
5.7861e-05
5.79e-05
5.7938e-05
5.7977e-05
5.8015e-05
5.8053e-05
5.809e-05
5.8127e-05
5.8164e-05
5.8201e-05
5.8237e-05
5.8273e-05
5.8309e-05
5.8345e-05
5.838e-05
5.8415e-05
5.845e-05
5.8484e-05
5.8518e-05
5.8552e-05
5.8586e-05
5.8619e-05
5.8652e-05
5.8685e-05
5.8717e-05
5.8749e-05
5.8781e-05
5.8813e-05
5.8844e-05
5.8875e-05
5.8906e-05
5.8936e-05
5.8966e-05
5.8996e-05
5.9025e-05
5.9055e-05
5.9084e-05
5.9112e-05
5.9141e-05
5.9169e-05
5.9197e-05
5.9224e-05
5.9251e-05
5.9278e-05
5.9305e-05
5.9331e-05
5.9357e-05
5.9383e-05
5.9409e-05
5.9434e-05
5.9459e-05
5.9483e-05
5.9507e-05
5.9531e-05
5.9555e-05
5.9578e-05
5.9601e-05
5.9624e-05
5.9647e-05
5.9669e-05
5.9691e-05
5.9712e-05
5.9733e-05
5.9754e-05
5.9775e-05
5.9795e-05
5.9816e-05
5.9835e-05
5.9855e-05
5.9874e-05
5.9893e-05
5.9911e-05
5.993e-05
5.9947e-05
5.9965e-05
5.9982e-05
5.9999e-05
6.0016e-05
6.0033e-05
6.0049e-05
6.0064e-05
6.008e-05
6.0095e-05
6.011e-05
6.0125e-05
6.0139e-05
6.0153e-05
6.0166e-05
6.018e-05
6.0193e-05
6.0206e-05
6.0218e-05
6.023e-05
6.0242e-05
6.0253e-05
6.0265e-05
6.0275e-05
6.0286e-05
6.0296e-05
6.0306e-05
6.0316e-05
6.0325e-05
6.0334e-05
6.0343e-05
6.0351e-05
6.0359e-05
6.0367e-05
6.0375e-05
6.0382e-05
6.0388e-05
6.0395e-05
6.0401e-05
6.0407e-05
6.0413e-05
6.0418e-05
6.0423e-05
6.0428e-05
6.0432e-05
6.0436e-05
6.044e-05
6.0443e-05
6.0446e-05
6.0449e-05
6.0451e-05
6.0454e-05
6.0455e-05
6.0457e-05
6.0458e-05
6.0459e-05
6.046e-05
6.046e-05
6.046e-05
6.046e-05
6.0459e-05
6.0458e-05
6.0457e-05
6.0455e-05
6.0453e-05
6.0451e-05
6.0448e-05
6.0446e-05
6.0442e-05
6.0439e-05
6.0435e-05
6.0431e-05
6.0427e-05
6.0422e-05
6.0417e-05
6.0412e-05
6.0406e-05
6.04e-05
6.0394e-05
6.0387e-05
6.038e-05
6.0373e-05
6.0366e-05
6.0358e-05
6.035e-05
6.0341e-05
6.0332e-05
6.0323e-05
6.0314e-05
6.0304e-05
6.0294e-05
6.0284e-05
6.0273e-05
6.0262e-05
6.0251e-05
6.024e-05
6.0228e-05
6.0216e-05
6.0203e-05
6.019e-05
6.0177e-05
6.0164e-05
6.015e-05
6.0136e-05
6.0122e-05
6.0107e-05
6.0092e-05
6.0077e-05
6.0061e-05
6.0046e-05
6.0029e-05
6.0013e-05
5.9996e-05
5.9979e-05
5.9962e-05
5.9944e-05
5.9926e-05
5.9908e-05
5.9889e-05
5.987e-05
5.9851e-05
5.9831e-05
5.9812e-05
5.9792e-05
5.9771e-05
5.975e-05
5.9729e-05
5.9708e-05
5.9686e-05
5.9664e-05
5.9642e-05
5.962e-05
5.9597e-05
5.9574e-05
5.955e-05
5.9527e-05
5.9503e-05
5.9478e-05
5.9454e-05
5.9429e-05
5.9404e-05
5.9378e-05
5.9352e-05
5.9326e-05
5.93e-05
5.9273e-05
5.9246e-05
5.9219e-05
5.9191e-05
5.9163e-05
5.9135e-05
5.9107e-05
5.9078e-05
5.9049e-05
5.902e-05
5.899e-05
5.896e-05
5.893e-05
5.89e-05
5.8869e-05
5.8838e-05
5.8806e-05
5.8775e-05
5.8743e-05
5.8711e-05
5.8678e-05
5.8645e-05
5.8612e-05
5.8579e-05
5.8545e-05
5.8511e-05
5.8477e-05
5.8443e-05
5.8408e-05
5.8373e-05
5.8338e-05
5.8302e-05
5.8266e-05
5.823e-05
5.8194e-05
5.8157e-05
5.812e-05
5.8083e-05
5.8045e-05
5.8007e-05
5.7969e-05
5.7931e-05
5.7892e-05
5.7853e-05
5.7814e-05
5.7775e-05
5.7735e-05
5.7695e-05
5.7655e-05
5.7614e-05
5.7573e-05
5.7532e-05
5.7491e-05
5.7449e-05
5.7408e-05
5.7365e-05
5.7323e-05
5.728e-05
5.7237e-05
5.7194e-05
5.7151e-05
5.7107e-05
5.7063e-05
5.7019e-05
5.6974e-05
5.693e-05
5.6885e-05
5.6839e-05
5.6794e-05
5.6748e-05
5.6702e-05
5.6656e-05
5.6609e-05
5.6562e-05
5.6515e-05
5.6468e-05
5.642e-05
5.6372e-05
5.6324e-05
5.6276e-05
5.6227e-05
5.6179e-05
5.613e-05
5.608e-05
5.6031e-05
5.5981e-05
5.5931e-05
5.588e-05
5.583e-05
5.5779e-05
5.5728e-05
5.5677e-05
5.5625e-05
5.5574e-05
5.5522e-05
5.5469e-05
5.5417e-05
5.5364e-05
5.5311e-05
5.5258e-05
5.5205e-05
5.5151e-05
5.5097e-05
5.5043e-05
5.4989e-05
5.4934e-05
5.4879e-05
5.4824e-05
5.4769e-05
5.4714e-05
5.4658e-05
5.4602e-05
5.4546e-05
5.449e-05
5.4433e-05
5.4376e-05
5.4319e-05
5.4262e-05
5.4204e-05
5.4147e-05
5.4089e-05
5.4031e-05
5.3972e-05
5.3914e-05
5.3855e-05
5.3796e-05
5.3737e-05
5.3677e-05
5.3618e-05
5.3558e-05
5.3498e-05
5.3437e-05
5.3377e-05
5.3316e-05
5.3255e-05
5.3194e-05
5.3133e-05
5.3072e-05
5.301e-05
5.2948e-05
5.2886e-05
5.2824e-05
5.2761e-05
5.2698e-05
5.2635e-05
5.2572e-05
5.2509e-05
5.2446e-05
5.2382e-05
5.2318e-05
5.2254e-05
5.219e-05
5.2125e-05
5.2061e-05
5.1996e-05
5.1931e-05
5.1866e-05
5.18e-05
5.1735e-05
5.1669e-05
5.1603e-05
5.1537e-05
5.1471e-05
5.1404e-05
5.1337e-05
5.1271e-05
5.1204e-05
5.1136e-05
5.1069e-05
5.1001e-05
5.0934e-05
5.0866e-05
5.0798e-05
5.073e-05
5.0661e-05
5.0593e-05
5.0524e-05
5.0455e-05
5.0386e-05
5.0317e-05
5.0247e-05
5.0178e-05
5.0108e-05
5.0038e-05
4.9968e-05
4.9898e-05
4.9827e-05
4.9757e-05
4.9686e-05
4.9615e-05
4.9544e-05
4.9473e-05
4.9402e-05
4.933e-05
4.9259e-05
4.9187e-05
4.9115e-05
4.9043e-05
4.8971e-05
4.8899e-05
4.8826e-05
4.8753e-05
4.8681e-05
4.8608e-05
4.8535e-05
4.8461e-05
4.8388e-05
4.8315e-05
4.8241e-05
4.8167e-05
4.8093e-05
4.8019e-05
4.7945e-05
4.7871e-05
4.7796e-05
4.7722e-05
4.7647e-05
4.7572e-05
4.7497e-05
4.7422e-05
4.7347e-05
4.7272e-05
4.7196e-05
4.7121e-05
4.7045e-05
4.6969e-05
4.6893e-05
4.6817e-05
4.6741e-05
4.6665e-05
4.6588e-05
4.6512e-05
4.6435e-05
4.6359e-05
4.6282e-05
4.6205e-05
4.6128e-05
4.605e-05
4.5973e-05
4.5896e-05
4.5818e-05
4.5741e-05
4.5663e-05
4.5585e-05
4.5507e-05
4.5429e-05
4.5351e-05
4.5273e-05
4.5194e-05
4.5116e-05
4.5037e-05
4.4959e-05
4.488e-05
4.4801e-05
4.4722e-05
4.4643e-05
4.4564e-05
4.4485e-05
4.4406e-05
4.4327e-05
4.4247e-05
4.4168e-05
4.4088e-05
4.4008e-05
4.3929e-05
4.3849e-05
4.3769e-05
4.3689e-05
4.3609e-05
4.3528e-05
4.3448e-05
4.3368e-05
4.3287e-05
4.3207e-05
4.3126e-05
4.3046e-05
4.2965e-05
4.2884e-05
4.2803e-05
4.2723e-05
4.2642e-05
4.2561e-05
4.2479e-05
4.2398e-05
4.2317e-05
4.2236e-05
4.2154e-05
4.2073e-05
4.1992e-05
4.191e-05
4.1828e-05
4.1747e-05
4.1665e-05
4.1583e-05
4.1501e-05
4.142e-05
4.1338e-05
4.1256e-05
4.1174e-05
4.1092e-05
4.101e-05
4.0927e-05
4.0845e-05
4.0763e-05
4.0681e-05
4.0598e-05
4.0516e-05
4.0433e-05
4.0351e-05
4.0268e-05
4.0186e-05
4.0103e-05
4.0021e-05
3.9938e-05
3.9855e-05
3.9773e-05
3.969e-05
3.9607e-05
3.9524e-05
3.9441e-05
3.9358e-05
3.9276e-05
3.9193e-05
3.911e-05
3.9027e-05
3.8944e-05
3.8861e-05
3.8778e-05
3.8694e-05
3.8611e-05
3.8528e-05
3.8445e-05
3.8362e-05
3.8279e-05
3.8195e-05
3.8112e-05
3.8029e-05
3.7946e-05
3.7862e-05
3.7779e-05
3.7696e-05
3.7613e-05
3.7529e-05
3.7446e-05
3.7363e-05
3.7279e-05
3.7196e-05
3.7113e-05
3.7029e-05
3.6946e-05
3.6863e-05
3.6779e-05
3.6696e-05
3.6612e-05
3.6529e-05
3.6446e-05
3.6362e-05
3.6279e-05
3.6196e-05
3.6112e-05
3.6029e-05
3.5946e-05
3.5862e-05
3.5779e-05
3.5696e-05
3.5612e-05
3.5529e-05
3.5446e-05
3.5363e-05
3.5279e-05
3.5196e-05
3.5113e-05
3.503e-05
3.4946e-05
3.4863e-05
3.478e-05
3.4697e-05
3.4614e-05
3.4531e-05
3.4448e-05
3.4365e-05
3.4282e-05
3.4199e-05
3.4116e-05
3.4033e-05
3.395e-05
3.3867e-05
3.3784e-05
3.3701e-05
3.3618e-05
3.3536e-05
3.3453e-05
3.337e-05
3.3287e-05
3.3205e-05
3.3122e-05
3.304e-05
3.2957e-05
3.2874e-05
3.2792e-05
3.271e-05
3.2627e-05
3.2545e-05
3.2462e-05
3.238e-05
3.2298e-05
3.2216e-05
3.2134e-05
3.2051e-05
3.1969e-05
3.1887e-05
3.1805e-05
3.1724e-05
3.1642e-05
3.156e-05
3.1478e-05
3.1396e-05
3.1315e-05
3.1233e-05
3.1151e-05
3.107e-05
3.0988e-05
3.0907e-05
3.0826e-05
3.0744e-05
3.0663e-05
3.0582e-05
3.0501e-05
3.042e-05
3.0339e-05
3.0258e-05
3.0177e-05
3.0096e-05
3.0015e-05
2.9934e-05
2.9854e-05
2.9773e-05
2.9693e-05
2.9612e-05
2.9532e-05
2.9451e-05
2.9371e-05
2.9291e-05
2.9211e-05
2.9131e-05
2.9051e-05
2.8971e-05
2.8891e-05
2.8811e-05
2.8732e-05
2.8652e-05
2.8572e-05
2.8493e-05
2.8413e-05
2.8334e-05
2.8255e-05
2.8176e-05
2.8097e-05
2.8017e-05
2.7939e-05
2.786e-05
2.7781e-05
2.7702e-05
2.7624e-05
2.7545e-05
2.7466e-05
2.7388e-05
2.731e-05
2.7232e-05
2.7153e-05
2.7075e-05
2.6997e-05
2.6919e-05
2.6842e-05
2.6764e-05
2.6686e-05
2.6609e-05
2.6531e-05
2.6454e-05
2.6377e-05
2.6299e-05
2.6222e-05
2.6145e-05
2.6068e-05
2.5992e-05
2.5915e-05
2.5838e-05
2.5762e-05
2.5685e-05
2.5609e-05
2.5533e-05
2.5457e-05
2.538e-05
2.5304e-05
2.5229e-05
2.5153e-05
2.5077e-05
2.5002e-05
2.4926e-05
2.4851e-05
2.4775e-05
2.47e-05
2.4625e-05
2.455e-05
2.4475e-05
2.4401e-05
2.4326e-05
2.4251e-05
2.4177e-05
2.4102e-05
2.4028e-05
2.3954e-05
2.388e-05
2.3806e-05
2.3732e-05
2.3659e-05
2.3585e-05
2.3511e-05
2.3438e-05
2.3365e-05
2.3292e-05
2.3218e-05
2.3145e-05
2.3073e-05
2.3e-05
2.2927e-05
2.2855e-05
2.2782e-05
2.271e-05
2.2638e-05
2.2566e-05
2.2494e-05
2.2422e-05
2.235e-05
2.2279e-05
2.2207e-05
2.2136e-05
2.2064e-05
2.1993e-05
2.1922e-05
2.1851e-05
2.178e-05
2.171e-05
2.1639e-05
2.1569e-05
2.1498e-05
2.1428e-05
2.1358e-05
2.1288e-05
2.1218e-05
2.1148e-05
2.1079e-05
2.1009e-05
2.094e-05
2.0871e-05
2.0802e-05
2.0733e-05
2.0664e-05
2.0595e-05
2.0526e-05
2.0458e-05
2.0389e-05
2.0321e-05
2.0253e-05
2.0185e-05
2.0117e-05
2.0049e-05
1.9981e-05
1.9914e-05
1.9847e-05
1.9779e-05
1.9712e-05
1.9645e-05
1.9578e-05
1.9511e-05
1.9445e-05
1.9378e-05
1.9312e-05
1.9246e-05
1.9179e-05
1.9113e-05
1.9048e-05
1.8982e-05
1.8916e-05
1.8851e-05
1.8785e-05
1.872e-05
1.8655e-05
1.859e-05
1.8525e-05
1.8461e-05
1.8396e-05
1.8332e-05
1.8267e-05
1.8203e-05
1.8139e-05
1.8075e-05
1.8011e-05
1.7948e-05
1.7884e-05
1.7821e-05
1.7757e-05
1.7694e-05
1.7631e-05
1.7568e-05
1.7506e-05
1.7443e-05
1.7381e-05
1.7318e-05
1.7256e-05
1.7194e-05
1.7132e-05
1.707e-05
1.7009e-05
1.6947e-05
1.6886e-05
1.6825e-05
1.6764e-05
1.6703e-05
1.6642e-05
1.6581e-05
1.6521e-05
1.646e-05
1.64e-05
1.634e-05
1.628e-05
1.622e-05
1.616e-05
1.61e-05
1.6041e-05
1.5982e-05
1.5922e-05
1.5863e-05
1.5804e-05
1.5746e-05
1.5687e-05
1.5628e-05
1.557e-05
1.5512e-05
1.5454e-05
1.5396e-05
1.5338e-05
1.528e-05
1.5223e-05
1.5165e-05
1.5108e-05
1.5051e-05
1.4994e-05
1.4937e-05
1.488e-05
1.4824e-05
1.4767e-05
1.4711e-05
1.4655e-05
1.4599e-05
1.4543e-05
1.4487e-05
1.4432e-05
1.4376e-05
1.4321e-05
1.4266e-05
1.4211e-05
1.4156e-05
1.4101e-05
1.4046e-05
1.3992e-05
1.3938e-05
1.3883e-05
1.3829e-05
1.3775e-05
1.3722e-05
1.3668e-05
1.3614e-05
1.3561e-05
1.3508e-05
1.3455e-05
1.3402e-05
1.3349e-05
1.3296e-05
1.3244e-05
1.3191e-05
1.3139e-05
1.3087e-05
1.3035e-05
1.2983e-05
1.2931e-05
1.288e-05
1.2828e-05
1.2777e-05
1.2726e-05
1.2675e-05
1.2624e-05
1.2573e-05
1.2523e-05
1.2472e-05
1.2422e-05
1.2372e-05
1.2322e-05
1.2272e-05
1.2222e-05
1.2173e-05
1.2123e-05
1.2074e-05
1.2025e-05
1.1976e-05
1.1927e-05
1.1878e-05
1.1829e-05
1.1781e-05
1.1732e-05
1.1684e-05
1.1636e-05
1.1588e-05
1.154e-05
1.1493e-05
1.1445e-05
1.1398e-05
1.135e-05
1.1303e-05
1.1256e-05
1.1209e-05
1.1163e-05
1.1116e-05
1.107e-05
1.1023e-05
1.0977e-05
1.0931e-05
1.0885e-05
1.084e-05
1.0794e-05
1.0748e-05
1.0703e-05
1.0658e-05
1.0613e-05
1.0568e-05
1.0523e-05
1.0478e-05
1.0434e-05
1.039e-05
1.0345e-05
1.0301e-05
1.0257e-05
1.0213e-05
1.017e-05
1.0126e-05
1.0083e-05
1.0039e-05
9.9961e-06
9.953e-06
9.9101e-06
9.8673e-06
9.8247e-06
9.7822e-06
9.7398e-06
9.6976e-06
9.6555e-06
9.6135e-06
9.5716e-06
9.5299e-06
9.4883e-06
9.4469e-06
9.4056e-06
9.3644e-06
9.3234e-06
9.2824e-06
9.2417e-06
9.201e-06
9.1605e-06
9.1201e-06
9.0798e-06
9.0397e-06
8.9997e-06
8.9599e-06
8.9201e-06
8.8805e-06
8.841e-06
8.8017e-06
8.7625e-06
8.7234e-06
8.6844e-06
8.6456e-06
8.6069e-06
8.5683e-06
8.5299e-06
8.4916e-06
8.4534e-06
8.4153e-06
8.3774e-06
8.3396e-06
8.3019e-06
8.2644e-06
8.227e-06
8.1897e-06
8.1525e-06
8.1155e-06
8.0786e-06
8.0418e-06
8.0051e-06
7.9686e-06
7.9322e-06
7.8959e-06
7.8598e-06
7.8237e-06
7.7878e-06
7.7521e-06
7.7164e-06
7.6809e-06
7.6455e-06
7.6102e-06
7.575e-06
7.54e-06
7.5051e-06
7.4703e-06
7.4356e-06
7.4011e-06
7.3667e-06
7.3324e-06
7.2982e-06
7.2641e-06
7.2302e-06
7.1964e-06
7.1627e-06
7.1291e-06
7.0957e-06
7.0623e-06
7.0291e-06
6.996e-06
6.9631e-06
6.9302e-06
6.8975e-06
6.8649e-06
6.8324e-06
6.8e-06
6.7677e-06
6.7356e-06
6.7036e-06
6.6717e-06
6.6399e-06
6.6082e-06
6.5767e-06
6.5453e-06
6.5139e-06
6.4827e-06
6.4517e-06
6.4207e-06
6.3898e-06
6.3591e-06
6.3285e-06
6.298e-06
6.2676e-06
6.2373e-06
6.2071e-06
6.1771e-06
6.1471e-06
6.1173e-06
6.0876e-06
6.058e-06
6.0285e-06
5.9992e-06
5.9699e-06
5.9408e-06
5.9117e-06
5.8828e-06
5.854e-06
5.8253e-06
5.7967e-06
5.7682e-06
5.7398e-06
5.7116e-06
5.6834e-06
5.6554e-06
5.6275e-06
5.5996e-06
5.5719e-06
5.5443e-06
5.5168e-06
5.4894e-06
5.4621e-06
5.435e-06
5.4079e-06
5.3809e-06
5.3541e-06
5.3273e-06
5.3007e-06
5.2742e-06
5.2477e-06
5.2214e-06
5.1952e-06
5.1691e-06
5.1431e-06
5.1172e-06
5.0914e-06
5.0657e-06
5.0401e-06
5.0146e-06
4.9892e-06
4.9639e-06
4.9388e-06
4.9137e-06
4.8887e-06
4.8638e-06
4.8391e-06
4.8144e-06
4.7898e-06
4.7653e-06
4.741e-06
4.7167e-06
4.6925e-06
4.6685e-06
4.6445e-06
4.6206e-06
4.5969e-06
4.5732e-06
4.5496e-06
4.5261e-06
4.5028e-06
4.4795e-06
4.4563e-06
4.4332e-06
4.4102e-06
4.3873e-06
4.3645e-06
4.3418e-06
4.3192e-06
4.2967e-06
4.2743e-06
4.252e-06
4.2298e-06
4.2076e-06
4.1856e-06
4.1636e-06
4.1418e-06
4.12e-06
4.0984e-06
4.0768e-06
4.0553e-06
4.034e-06
4.0127e-06
3.9915e-06
3.9704e-06
3.9493e-06
3.9284e-06
3.9076e-06
3.8868e-06
3.8662e-06
3.8456e-06
3.8251e-06
3.8047e-06
3.7844e-06
3.7642e-06
3.7441e-06
3.7241e-06
3.7041e-06
3.6843e-06
3.6645e-06
3.6448e-06
3.6252e-06
3.6057e-06
3.5863e-06
3.567e-06
3.5477e-06
3.5286e-06
3.5095e-06
3.4905e-06
3.4716e-06
3.4528e-06
3.434e-06
3.4154e-06
3.3968e-06
3.3783e-06
3.3599e-06
3.3416e-06
3.3233e-06
3.3052e-06
3.2871e-06
3.2691e-06
3.2512e-06
3.2334e-06
3.2156e-06
3.198e-06
3.1804e-06
3.1629e-06
3.1454e-06
3.1281e-06
3.1108e-06
3.0936e-06
3.0765e-06
3.0595e-06
3.0426e-06
3.0257e-06
3.0089e-06
2.9922e-06
2.9755e-06
2.959e-06
2.9425e-06
2.9261e-06
2.9097e-06
2.8935e-06
2.8773e-06
2.8612e-06
2.8452e-06
2.8292e-06
2.8133e-06
2.7975e-06
2.7818e-06
2.7662e-06
2.7506e-06
2.7351e-06
2.7196e-06
2.7043e-06
2.689e-06
2.6738e-06
2.6586e-06
2.6436e-06
2.6286e-06
2.6136e-06
2.5988e-06
2.584e-06
2.5693e-06
2.5546e-06
2.5401e-06
2.5255e-06
2.5111e-06
2.4968e-06
2.4825e-06
2.4682e-06
2.4541e-06
2.44e-06
2.426e-06
2.412e-06
2.3981e-06
2.3843e-06
2.3706e-06
2.3569e-06
2.3433e-06
2.3297e-06
2.3162e-06
2.3028e-06
2.2895e-06
2.2762e-06
2.263e-06
2.2498e-06
2.2367e-06
2.2237e-06
2.2107e-06
2.1978e-06
2.185e-06
2.1722e-06
2.1595e-06
2.1469e-06
2.1343e-06
2.1218e-06
2.1093e-06
2.097e-06
2.0846e-06
2.0724e-06
2.0602e-06
2.048e-06
2.0359e-06
2.0239e-06
2.0119e-06
2e-06
1.9882e-06
1.9764e-06
1.9647e-06
1.953e-06
1.9414e-06
1.9299e-06
1.9184e-06
1.907e-06
1.8956e-06
1.8843e-06
1.873e-06
1.8618e-06
1.8507e-06
1.8396e-06
1.8286e-06
1.8176e-06
1.8067e-06
1.7959e-06
1.7851e-06
1.7743e-06
1.7636e-06
1.753e-06
1.7424e-06
1.7319e-06
1.7214e-06
1.711e-06
1.7007e-06
1.6904e-06
1.6801e-06
1.6699e-06
1.6598e-06
1.6497e-06
1.6396e-06
1.6297e-06
1.6197e-06
1.6098e-06
1.6e-06
1.5902e-06
1.5805e-06
1.5708e-06
1.5612e-06
1.5516e-06
1.5421e-06
1.5327e-06
1.5232e-06
1.5139e-06
1.5045e-06
1.4953e-06
1.486e-06
1.4769e-06
1.4678e-06
1.4587e-06
1.4497e-06
1.4407e-06
1.4317e-06
1.4229e-06
1.414e-06
1.4052e-06
1.3965e-06
1.3878e-06
1.3792e-06
1.3706e-06
1.362e-06
1.3535e-06
1.3451e-06
1.3366e-06
1.3283e-06
1.32e-06
1.3117e-06
1.3034e-06
1.2953e-06
1.2871e-06
1.279e-06
1.271e-06
1.263e-06
1.255e-06
1.2471e-06
1.2392e-06
1.2314e-06
1.2236e-06
1.2158e-06
1.2081e-06
1.2005e-06
1.1928e-06
1.1853e-06
1.1777e-06
1.1702e-06
1.1628e-06
1.1554e-06
1.148e-06
1.1407e-06
1.1334e-06
1.1262e-06
1.1189e-06
1.1118e-06
1.1047e-06
1.0976e-06
1.0905e-06
1.0835e-06
1.0766e-06
1.0696e-06
1.0627e-06
1.0559e-06
1.0491e-06
1.0423e-06
1.0356e-06
1.0289e-06
1.0222e-06
1.0156e-06
1.009e-06
1.0025e-06
9.9598e-07
9.8951e-07
9.8307e-07
9.7668e-07
9.7032e-07
9.64e-07
9.5771e-07
9.5146e-07
9.4524e-07
9.3906e-07
9.3292e-07
9.2681e-07
9.2074e-07
9.147e-07
9.087e-07
9.0273e-07
8.968e-07
8.909e-07
8.8503e-07
8.792e-07
8.7341e-07
8.6764e-07
8.6191e-07
8.5622e-07
8.5056e-07
8.4493e-07
8.3933e-07
8.3376e-07
8.2823e-07
8.2273e-07
8.1727e-07
8.1183e-07
8.0643e-07
8.0106e-07
7.9572e-07
7.9041e-07
7.8514e-07
7.7989e-07
7.7468e-07
7.6949e-07
7.6434e-07
7.5922e-07
7.5413e-07
7.4907e-07
7.4403e-07
7.3903e-07
7.3406e-07
7.2912e-07
7.2421e-07
7.1933e-07
7.1447e-07
7.0965e-07
7.0485e-07
7.0009e-07
6.9535e-07
6.9064e-07
6.8596e-07
6.813e-07
6.7668e-07
6.7208e-07
6.6751e-07
6.6297e-07
6.5846e-07
6.5397e-07
6.4951e-07
6.4508e-07
6.4067e-07
6.3629e-07
6.3194e-07
6.2762e-07
6.2332e-07
6.1904e-07
6.148e-07
6.1058e-07
6.0638e-07
6.0221e-07
5.9807e-07
5.9395e-07
5.8986e-07
5.8579e-07
5.8175e-07
5.7773e-07
5.7374e-07
5.6977e-07
5.6582e-07
5.619e-07
5.5801e-07
5.5414e-07
5.5029e-07
5.4647e-07
5.4267e-07
5.3889e-07
5.3514e-07
5.3141e-07
5.2771e-07
5.2402e-07
5.2036e-07
5.1673e-07
5.1311e-07
5.0952e-07
5.0595e-07
5.0241e-07
4.9888e-07
4.9538e-07
4.919e-07
4.8844e-07
4.8501e-07
4.8159e-07
4.782e-07
4.7483e-07
4.7148e-07
4.6815e-07
4.6484e-07
4.6156e-07
4.5829e-07
4.5504e-07
4.5182e-07
4.4862e-07
4.4543e-07
4.4227e-07
4.3913e-07
4.36e-07
4.329e-07
4.2982e-07
4.2675e-07
4.2371e-07
4.2069e-07
4.1768e-07
4.147e-07
4.1173e-07
4.0878e-07
4.0585e-07
4.0295e-07
4.0006e-07
3.9718e-07
3.9433e-07
3.915e-07
3.8868e-07
3.8588e-07
3.831e-07
3.8034e-07
3.776e-07
3.7487e-07
3.7216e-07
3.6947e-07
3.668e-07
3.6414e-07
3.615e-07
3.5888e-07
3.5628e-07
3.5369e-07
3.5112e-07
3.4857e-07
3.4603e-07
3.4351e-07
3.4101e-07
3.3852e-07
3.3605e-07
3.336e-07
3.3116e-07
3.2874e-07
3.2634e-07
3.2395e-07
3.2157e-07
3.1922e-07
3.1687e-07
3.1455e-07
3.1224e-07
3.0994e-07
3.0766e-07
3.0539e-07
3.0314e-07
3.0091e-07
2.9869e-07
2.9648e-07
2.9429e-07
2.9212e-07
2.8995e-07
2.8781e-07
2.8568e-07
2.8356e-07
2.8145e-07
2.7936e-07
2.7729e-07
2.7523e-07
2.7318e-07
2.7114e-07
2.6912e-07
2.6712e-07
2.6513e-07
2.6315e-07
2.6118e-07
2.5923e-07
2.5729e-07
2.5536e-07
2.5345e-07
2.5155e-07
2.4966e-07
2.4779e-07
2.4593e-07
2.4408e-07
2.4224e-07
2.4042e-07
2.3861e-07
2.3681e-07
2.3502e-07
2.3325e-07
2.3149e-07
2.2974e-07
2.28e-07
2.2627e-07
2.2456e-07
2.2286e-07
2.2117e-07
2.1949e-07
2.1782e-07
2.1617e-07
2.1453e-07
2.1289e-07
2.1127e-07
2.0966e-07
2.0806e-07
2.0648e-07
2.049e-07
2.0333e-07
2.0178e-07
2.0024e-07
1.987e-07
1.9718e-07
1.9567e-07
1.9417e-07
1.9268e-07
1.912e-07
1.8973e-07
1.8827e-07
1.8682e-07
1.8538e-07
1.8395e-07
1.8253e-07
1.8113e-07
1.7973e-07
1.7834e-07
1.7696e-07
1.7559e-07
1.7423e-07
1.7288e-07
1.7154e-07
1.7021e-07
1.6889e-07
1.6758e-07
1.6627e-07
1.6498e-07
1.637e-07
1.6242e-07
1.6115e-07
1.599e-07
1.5865e-07
1.5741e-07
1.5618e-07
1.5496e-07
1.5375e-07
1.5254e-07
1.5135e-07
1.5016e-07
1.4898e-07
1.4781e-07
1.4665e-07
1.455e-07
1.4436e-07
1.4322e-07
1.4209e-07
1.4097e-07
1.3986e-07
1.3876e-07
1.3766e-07
1.3657e-07
1.3549e-07
1.3442e-07
1.3336e-07
1.323e-07
1.3125e-07
1.3021e-07
1.2918e-07
1.2815e-07
1.2713e-07
1.2612e-07
1.2512e-07
1.2412e-07
1.2313e-07
1.2215e-07
1.2118e-07
1.2021e-07
1.1925e-07
1.183e-07
1.1735e-07
1.1641e-07
1.1548e-07
1.1455e-07
1.1363e-07
1.1272e-07
1.1182e-07
1.1092e-07
1.1003e-07
1.0914e-07
1.0826e-07
1.0739e-07
1.0652e-07
1.0567e-07
1.0481e-07
1.0397e-07
1.0313e-07
1.0229e-07
1.0146e-07
1.0064e-07
9.9827e-08
9.9018e-08
9.8215e-08
9.7418e-08
9.6627e-08
9.5841e-08
9.5062e-08
9.4288e-08
9.3521e-08
9.2759e-08
9.2002e-08
9.1252e-08
9.0507e-08
8.9768e-08
8.9034e-08
8.8306e-08
8.7583e-08
8.6866e-08
8.6154e-08
8.5448e-08
8.4747e-08
8.4051e-08
8.3361e-08
8.2676e-08
8.1996e-08
8.1321e-08
8.0651e-08
7.9987e-08
7.9327e-08
7.8673e-08
7.8023e-08
7.7379e-08
7.6739e-08
7.6104e-08
7.5475e-08
7.485e-08
7.4229e-08
7.3614e-08
7.3003e-08
7.2397e-08
7.1796e-08
7.1199e-08
7.0607e-08
7.0019e-08
6.9436e-08
6.8858e-08
6.8284e-08
6.7714e-08
6.7149e-08
6.6588e-08
6.6031e-08
6.5479e-08
6.4931e-08
6.4388e-08
6.3848e-08
6.3313e-08
6.2782e-08
6.2255e-08
6.1732e-08
6.1213e-08
6.0698e-08
6.0188e-08
5.9681e-08
5.9178e-08
5.8679e-08
5.8184e-08
5.7693e-08
5.7206e-08
5.6723e-08
5.6243e-08
5.5767e-08
5.5295e-08
5.4827e-08
5.4362e-08
5.3901e-08
5.3444e-08
5.299e-08
5.254e-08
5.2093e-08
5.165e-08
5.121e-08
5.0774e-08
5.0341e-08
4.9912e-08
4.9486e-08
4.9064e-08
4.8645e-08
4.8229e-08
4.7817e-08
4.7407e-08
4.7001e-08
4.6599e-08
4.6199e-08
4.5803e-08
4.541e-08
4.502e-08
4.4633e-08
4.4249e-08
4.3868e-08
4.3491e-08
4.3116e-08
4.2744e-08
4.2376e-08
4.201e-08
4.1647e-08
4.1288e-08
4.0931e-08
4.0577e-08
4.0225e-08
3.9877e-08
3.9532e-08
3.9189e-08
3.8849e-08
3.8512e-08
3.8177e-08
3.7845e-08
3.7516e-08
3.719e-08
3.6866e-08
3.6545e-08
3.6226e-08
3.591e-08
3.5597e-08
3.5286e-08
3.4978e-08
3.4672e-08
3.4369e-08
3.4068e-08
3.377e-08
3.3474e-08
3.318e-08
3.2889e-08
3.2601e-08
3.2314e-08
3.203e-08
3.1749e-08
3.1469e-08
3.1192e-08
3.0917e-08
3.0645e-08
3.0375e-08
3.0107e-08
2.9841e-08
2.9577e-08
2.9316e-08
2.9056e-08
2.8799e-08
2.8544e-08
2.8291e-08
2.8041e-08
2.7792e-08
2.7545e-08
2.7301e-08
2.7058e-08
2.6817e-08
2.6579e-08
2.6342e-08
2.6108e-08
2.5875e-08
2.5644e-08
2.5416e-08
2.5189e-08
2.4964e-08
2.4741e-08
2.4519e-08
2.43e-08
2.4083e-08
2.3867e-08
2.3653e-08
2.3441e-08
2.3231e-08
2.3022e-08
2.2815e-08
2.261e-08
2.2407e-08
2.2205e-08
2.2005e-08
2.1807e-08
2.161e-08
2.1416e-08
2.1222e-08
2.1031e-08
2.0841e-08
2.0652e-08
2.0466e-08
2.028e-08
2.0097e-08
1.9915e-08
1.9734e-08
1.9555e-08
1.9378e-08
1.9202e-08
1.9027e-08
1.8854e-08
1.8683e-08
1.8513e-08
1.8344e-08
1.8177e-08
1.8011e-08
1.7847e-08
1.7684e-08
1.7523e-08
1.7363e-08
1.7204e-08
1.7047e-08
1.6891e-08
1.6736e-08
1.6583e-08
1.6431e-08
1.628e-08
1.613e-08
1.5982e-08
1.5835e-08
1.569e-08
1.5546e-08
1.5403e-08
1.5261e-08
1.512e-08
1.4981e-08
1.4843e-08
1.4706e-08
1.457e-08
1.4435e-08
1.4302e-08
1.4169e-08
1.4038e-08
1.3908e-08
1.378e-08
1.3652e-08
1.3525e-08
1.34e-08
1.3275e-08
1.3152e-08
1.303e-08
1.2908e-08
1.2788e-08
1.2669e-08
1.2551e-08
1.2434e-08
1.2318e-08
1.2203e-08
1.2089e-08
1.1977e-08
1.1865e-08
1.1754e-08
1.1644e-08
1.1535e-08
1.1427e-08
1.132e-08
1.1213e-08
1.1108e-08
1.1004e-08
1.0901e-08
1.0798e-08
1.0697e-08
1.0596e-08
1.0496e-08
1.0397e-08
1.0299e-08
1.0202e-08
1.0106e-08
1.0011e-08
9.9161e-09
9.8224e-09
9.7296e-09
9.6375e-09
9.5463e-09
9.4559e-09
9.3663e-09
9.2775e-09
9.1896e-09
9.1024e-09
9.0159e-09
8.9303e-09
8.8454e-09
8.7613e-09
8.6779e-09
8.5953e-09
8.5134e-09
8.4323e-09
8.3519e-09
8.2722e-09
8.1932e-09
8.115e-09
8.0374e-09
7.9606e-09
7.8844e-09
7.8089e-09
7.7342e-09
7.6601e-09
7.5866e-09
7.5139e-09
7.4417e-09
7.3703e-09
7.2995e-09
7.2293e-09
7.1598e-09
7.0909e-09
7.0226e-09
6.955e-09
6.8879e-09
6.8215e-09
6.7557e-09
6.6905e-09
6.6259e-09
6.5618e-09
6.4984e-09
6.4355e-09
6.3732e-09
6.3115e-09
6.2504e-09
6.1898e-09
6.1297e-09
6.0702e-09
6.0113e-09
5.9529e-09
5.895e-09
5.8377e-09
5.7809e-09
5.7246e-09
5.6689e-09
5.6136e-09
5.5589e-09
5.5047e-09
5.4509e-09
5.3977e-09
5.3449e-09
5.2927e-09
5.2409e-09
5.1896e-09
5.1388e-09
5.0885e-09
5.0386e-09
4.9892e-09
4.9402e-09
4.8917e-09
4.8437e-09
4.7961e-09
4.7489e-09
4.7022e-09
4.6559e-09
4.6101e-09
4.5646e-09
4.5196e-09
4.4751e-09
4.4309e-09
4.3872e-09
4.3438e-09
4.3009e-09
4.2584e-09
4.2162e-09
4.1745e-09
4.1331e-09
4.0922e-09
4.0516e-09
4.0114e-09
3.9716e-09
3.9322e-09
3.8931e-09
3.8544e-09
3.8161e-09
3.7781e-09
3.7405e-09
3.7032e-09
3.6663e-09
3.6298e-09
3.5936e-09
3.5577e-09
3.5222e-09
3.487e-09
3.4521e-09
3.4176e-09
3.3834e-09
3.3495e-09
3.316e-09
3.2827e-09
3.2498e-09
3.2172e-09
3.1849e-09
3.153e-09
3.1213e-09
3.0899e-09
3.0588e-09
3.028e-09
2.9976e-09
2.9674e-09
2.9375e-09
2.9078e-09
2.8785e-09
2.8494e-09
2.8207e-09
2.7922e-09
2.7639e-09
2.736e-09
2.7083e-09
2.6809e-09
2.6537e-09
2.6268e-09
2.6002e-09
2.5738e-09
2.5477e-09
2.5218e-09
2.4962e-09
2.4708e-09
2.4457e-09
2.4208e-09
2.3962e-09
2.3718e-09
2.3476e-09
2.3237e-09
2.3e-09
2.2765e-09
2.2532e-09
2.2302e-09
2.2074e-09
2.1848e-09
2.1625e-09
2.1404e-09
2.1184e-09
2.0967e-09
2.0752e-09
2.0539e-09
2.0329e-09
2.012e-09
1.9913e-09
1.9709e-09
1.9506e-09
1.9305e-09
1.9107e-09
1.891e-09
1.8715e-09
1.8522e-09
1.8331e-09
1.8142e-09
1.7955e-09
1.7769e-09
1.7586e-09
1.7404e-09
1.7224e-09
1.7045e-09
1.6869e-09
1.6694e-09
1.6521e-09
1.635e-09
1.618e-09
1.6012e-09
1.5846e-09
1.5681e-09
1.5518e-09
1.5357e-09
1.5197e-09
1.5039e-09
1.4882e-09
1.4727e-09
1.4574e-09
1.4422e-09
1.4271e-09
1.4122e-09
1.3975e-09
1.3829e-09
1.3684e-09
1.3541e-09
1.3399e-09
1.3259e-09
1.312e-09
1.2982e-09
1.2846e-09
1.2711e-09
1.2578e-09
1.2446e-09
1.2315e-09
1.2186e-09
1.2057e-09
1.1931e-09
1.1805e-09
1.1681e-09
1.1557e-09
1.1436e-09
1.1315e-09
1.1196e-09
1.1077e-09
1.096e-09
1.0844e-09
1.073e-09
1.0616e-09
1.0504e-09
1.0393e-09
1.0283e-09
1.0174e-09
1.0066e-09
9.9589e-10
9.8532e-10
9.7486e-10
9.645e-10
9.5424e-10
9.441e-10
9.3405e-10
9.2411e-10
9.1426e-10
9.0452e-10
8.9488e-10
8.8533e-10
8.7589e-10
8.6653e-10
8.5728e-10
8.4812e-10
8.3905e-10
8.3007e-10
8.2119e-10
8.124e-10
8.0369e-10
7.9508e-10
7.8656e-10
7.7812e-10
7.6977e-10
7.615e-10
7.5332e-10
7.4522e-10
7.3721e-10
7.2928e-10
7.2143e-10
7.1366e-10
7.0597e-10
6.9836e-10
6.9083e-10
6.8338e-10
6.76e-10
6.687e-10
6.6148e-10
6.5433e-10
6.4725e-10
6.4025e-10
6.3332e-10
6.2646e-10
6.1967e-10
6.1295e-10
6.063e-10
5.9973e-10
5.9322e-10
5.8677e-10
5.804e-10
5.7409e-10
5.6784e-10
5.6167e-10
5.5555e-10
5.495e-10
5.4351e-10
5.3759e-10
5.3173e-10
5.2592e-10
5.2018e-10
5.145e-10
5.0888e-10
5.0332e-10
4.9781e-10
4.9236e-10
4.8697e-10
4.8164e-10
4.7636e-10
4.7114e-10
4.6597e-10
4.6086e-10
4.558e-10
4.5079e-10
4.4584e-10
4.4094e-10
4.3609e-10
4.3129e-10
4.2654e-10
4.2184e-10
4.172e-10
4.126e-10
4.0805e-10
4.0354e-10
3.9909e-10
3.9468e-10
3.9032e-10
3.8601e-10
3.8174e-10
3.7751e-10
3.7333e-10
3.692e-10
3.6511e-10
3.6106e-10
3.5706e-10
3.5309e-10
3.4917e-10
3.453e-10
3.4146e-10
3.3766e-10
3.3391e-10
3.3019e-10
3.2652e-10
3.2288e-10
3.1928e-10
3.1573e-10
3.122e-10
3.0872e-10
3.0528e-10
3.0187e-10
2.9849e-10
2.9516e-10
2.9186e-10
2.8859e-10
2.8536e-10
2.8217e-10
2.7901e-10
2.7588e-10
2.7278e-10
2.6972e-10
2.667e-10
2.637e-10
2.6074e-10
2.5781e-10
2.5491e-10
2.5204e-10
2.4921e-10
2.464e-10
2.4363e-10
2.4088e-10
2.3816e-10
2.3548e-10
2.3282e-10
2.3019e-10
2.2759e-10
2.2502e-10
2.2248e-10
2.1996e-10
2.1747e-10
2.1501e-10
2.1257e-10
2.1017e-10
2.0778e-10
2.0543e-10
2.031e-10
2.0079e-10
1.9851e-10
1.9626e-10
1.9402e-10
1.9182e-10
1.8964e-10
1.8748e-10
1.8534e-10
1.8323e-10
1.8114e-10
1.7908e-10
1.7703e-10
1.7501e-10
1.7302e-10
1.7104e-10
1.6909e-10
1.6715e-10
1.6524e-10
1.6335e-10
1.6148e-10
1.5963e-10
1.578e-10
1.5599e-10
1.542e-10
1.5243e-10
1.5068e-10
1.4895e-10
1.4724e-10
1.4555e-10
1.4388e-10
1.4222e-10
1.4058e-10
1.3896e-10
1.3736e-10
1.3578e-10
1.3422e-10
1.3267e-10
1.3114e-10
1.2962e-10
1.2812e-10
1.2664e-10
1.2518e-10
1.2373e-10
1.223e-10
1.2089e-10
1.1949e-10
1.181e-10
1.1673e-10
1.1538e-10
1.1404e-10
1.1272e-10
1.1141e-10
1.1011e-10
1.0883e-10
1.0757e-10
1.0632e-10
1.0508e-10
1.0386e-10
1.0265e-10
1.0145e-10
1.0027e-10
9.9098e-11
9.7942e-11
9.6799e-11
9.5668e-11
9.455e-11
9.3445e-11
9.2353e-11
9.1272e-11
9.0204e-11
8.9148e-11
8.8104e-11
8.7071e-11
8.605e-11
8.5041e-11
8.4043e-11
8.3056e-11
8.2081e-11
8.1117e-11
8.0163e-11
7.922e-11
7.8288e-11
7.7367e-11
7.6456e-11
7.5555e-11
7.4665e-11
7.3784e-11
7.2914e-11
7.2054e-11
7.1203e-11
7.0362e-11
6.9531e-11
6.8709e-11
6.7896e-11
6.7093e-11
6.6299e-11
6.5514e-11
6.4738e-11
6.397e-11
6.3212e-11
6.2462e-11
6.1721e-11
6.0988e-11
6.0264e-11
5.9548e-11
5.884e-11
5.814e-11
5.7448e-11
5.6764e-11
5.6088e-11
5.542e-11
5.476e-11
5.4107e-11
5.3461e-11
5.2824e-11
5.2193e-11
5.157e-11
5.0953e-11
5.0344e-11
4.9742e-11
4.9147e-11
4.8559e-11
4.7977e-11
4.7403e-11
4.6835e-11
4.6273e-11
4.5718e-11
4.5169e-11
4.4627e-11
4.4091e-11
4.3561e-11
4.3038e-11
4.252e-11
4.2009e-11
4.1503e-11
4.1003e-11
4.0509e-11
4.0021e-11
3.9539e-11
3.9062e-11
3.8591e-11
3.8125e-11
3.7664e-11
3.7209e-11
3.676e-11
3.6315e-11
3.5876e-11
3.5442e-11
3.5012e-11
3.4588e-11
3.4169e-11
3.3755e-11
3.3346e-11
3.2941e-11
3.2541e-11
3.2146e-11
3.1756e-11
3.137e-11
3.0988e-11
3.0611e-11
3.0239e-11
2.9871e-11
2.9507e-11
2.9148e-11
2.8792e-11
2.8441e-11
2.8094e-11
2.7751e-11
2.7413e-11
2.7078e-11
2.6747e-11
2.642e-11
2.6097e-11
2.5778e-11
2.5462e-11
2.515e-11
2.4842e-11
2.4538e-11
2.4237e-11
2.394e-11
2.3646e-11
2.3356e-11
2.3069e-11
2.2785e-11
2.2505e-11
2.2229e-11
2.1955e-11
2.1685e-11
2.1418e-11
2.1154e-11
2.0894e-11
2.0636e-11
2.0382e-11
2.013e-11
1.9882e-11
1.9636e-11
1.9394e-11
1.9154e-11
1.8917e-11
1.8683e-11
1.8452e-11
1.8224e-11
1.7998e-11
1.7775e-11
1.7555e-11
1.7337e-11
1.7122e-11
1.691e-11
1.67e-11
1.6492e-11
1.6287e-11
1.6085e-11
1.5885e-11
1.5687e-11
1.5492e-11
1.5299e-11
1.5109e-11
1.4921e-11
1.4735e-11
1.4551e-11
1.4369e-11
1.419e-11
1.4013e-11
1.3838e-11
1.3665e-11
1.3494e-11
1.3325e-11
1.3159e-11
1.2994e-11
1.2831e-11
1.2671e-11
1.2512e-11
1.2355e-11
1.22e-11
1.2047e-11
1.1896e-11
1.1746e-11
1.1599e-11
1.1453e-11
1.1309e-11
1.1167e-11
1.1026e-11
1.0888e-11
1.0751e-11
1.0615e-11
1.0481e-11
1.0349e-11
1.0219e-11
1.009e-11
9.9623e-12
9.8365e-12
9.7123e-12
9.5895e-12
9.4683e-12
9.3485e-12
9.2303e-12
9.1134e-12
8.998e-12
8.884e-12
8.7714e-12
8.6602e-12
8.5504e-12
8.4419e-12
8.3347e-12
8.2289e-12
8.1243e-12
8.0211e-12
7.9191e-12
7.8184e-12
7.7189e-12
7.6206e-12
7.5236e-12
7.4277e-12
7.3331e-12
7.2396e-12
7.1472e-12
7.056e-12
6.966e-12
6.877e-12
6.7891e-12
6.7024e-12
6.6167e-12
6.532e-12
6.4485e-12
6.3659e-12
6.2844e-12
6.2039e-12
6.1244e-12
6.0458e-12
5.9683e-12
5.8917e-12
5.8161e-12
5.7414e-12
5.6676e-12
5.5948e-12
5.5229e-12
5.4518e-12
5.3817e-12
5.3124e-12
5.244e-12
5.1764e-12
5.1097e-12
5.0438e-12
4.9788e-12
4.9145e-12
4.8511e-12
4.7884e-12
4.7266e-12
4.6655e-12
4.6052e-12
4.5456e-12
4.4868e-12
4.4287e-12
4.3714e-12
4.3148e-12
4.2588e-12
4.2036e-12
4.1491e-12
4.0953e-12
4.0421e-12
3.9896e-12
3.9378e-12
3.8866e-12
3.8361e-12
3.7862e-12
3.737e-12
3.6883e-12
3.6403e-12
3.5929e-12
3.5461e-12
3.4998e-12
3.4542e-12
3.4091e-12
3.3646e-12
3.3207e-12
3.2773e-12
3.2345e-12
3.1922e-12
3.1505e-12
3.1093e-12
3.0686e-12
3.0284e-12
2.9888e-12
2.9496e-12
2.9109e-12
2.8728e-12
2.8351e-12
2.7979e-12
2.7611e-12
2.7249e-12
2.6891e-12
2.6537e-12
2.6189e-12
2.5844e-12
2.5504e-12
2.5168e-12
2.4837e-12
2.451e-12
2.4187e-12
2.3868e-12
2.3553e-12
2.3242e-12
2.2936e-12
2.2633e-12
2.2334e-12
2.2039e-12
2.1747e-12
2.146e-12
2.1176e-12
2.0895e-12
2.0619e-12
2.0346e-12
2.0076e-12
1.981e-12
1.9547e-12
1.9288e-12
1.9032e-12
1.8779e-12
1.853e-12
1.8284e-12
1.8041e-12
1.7801e-12
1.7564e-12
1.7331e-12
1.71e-12
1.6872e-12
1.6647e-12
1.6426e-12
1.6207e-12
1.599e-12
1.5777e-12
1.5566e-12
1.5359e-12
1.5153e-12
1.4951e-12
1.4751e-12
1.4554e-12
1.4359e-12
1.4167e-12
1.3977e-12
1.379e-12
1.3605e-12
1.3423e-12
1.3243e-12
1.3065e-12
1.289e-12
1.2717e-12
1.2546e-12
1.2378e-12
1.2211e-12
1.2047e-12
1.1885e-12
1.1725e-12
1.1568e-12
1.1412e-12
1.1258e-12
1.1106e-12
1.0957e-12
1.0809e-12
1.0663e-12
1.0519e-12
1.0377e-12
1.0237e-12
1.0099e-12
9.9623e-13
9.8276e-13
9.6947e-13
9.5635e-13
9.4341e-13
9.3063e-13
9.1803e-13
9.0559e-13
8.9331e-13
8.812e-13
8.6924e-13
8.5745e-13
8.458e-13
8.3432e-13
8.2298e-13
8.118e-13
8.0076e-13
7.8987e-13
7.7912e-13
7.6851e-13
7.5805e-13
7.4772e-13
7.3753e-13
7.2748e-13
7.1756e-13
7.0777e-13
6.9811e-13
6.8858e-13
6.7917e-13
6.6989e-13
6.6074e-13
6.517e-13
6.4279e-13
6.3399e-13
6.2532e-13
6.1675e-13
6.083e-13
5.9997e-13
5.9174e-13
5.8363e-13
5.7562e-13
5.6772e-13
5.5993e-13
5.5224e-13
5.4465e-13
5.3716e-13
5.2978e-13
5.2249e-13
5.153e-13
5.0821e-13
5.0121e-13
4.9431e-13
4.8749e-13
4.8077e-13
4.7414e-13
4.676e-13
4.6115e-13
4.5478e-13
4.485e-13
4.4231e-13
4.3619e-13
4.3016e-13
4.2421e-13
4.1834e-13
4.1255e-13
4.0684e-13
4.0121e-13
3.9565e-13
3.9016e-13
3.8475e-13
3.7941e-13
3.7415e-13
3.6895e-13
3.6383e-13
3.5878e-13
3.5379e-13
3.4887e-13
3.4402e-13
3.3923e-13
3.3451e-13
3.2985e-13
3.2526e-13
3.2073e-13
3.1626e-13
3.1185e-13
3.075e-13
3.0321e-13
2.9898e-13
2.948e-13
2.9068e-13
2.8662e-13
2.8261e-13
2.7866e-13
2.7476e-13
2.7092e-13
2.6713e-13
2.6339e-13
2.597e-13
2.5606e-13
2.5247e-13
2.4893e-13
2.4543e-13
2.4199e-13
2.3859e-13
2.3524e-13
2.3193e-13
2.2867e-13
2.2546e-13
2.2229e-13
2.1916e-13
2.1608e-13
2.1303e-13
2.1003e-13
2.0707e-13
2.0415e-13
2.0128e-13
1.9844e-13
1.9564e-13
1.9287e-13
1.9015e-13
1.8746e-13
1.8481e-13
1.822e-13
1.7963e-13
1.7708e-13
1.7458e-13
1.7211e-13
1.6967e-13
1.6727e-13
1.6489e-13
1.6256e-13
1.6025e-13
1.5798e-13
1.5574e-13
1.5352e-13
1.5134e-13
1.4919e-13
1.4707e-13
1.4498e-13
1.4292e-13
1.4089e-13
1.3888e-13
1.369e-13
1.3495e-13
1.3303e-13
1.3113e-13
1.2926e-13
1.2742e-13
1.256e-13
1.2381e-13
1.2204e-13
1.203e-13
1.1858e-13
1.1688e-13
1.1521e-13
1.1356e-13
1.1194e-13
1.1034e-13
1.0876e-13
1.072e-13
1.0566e-13
1.0415e-13
1.0265e-13
1.0118e-13
9.973e-14
9.8298e-14
9.6886e-14
9.5494e-14
9.4122e-14
9.2769e-14
9.1435e-14
9.0119e-14
8.8822e-14
8.7544e-14
8.6283e-14
8.504e-14
8.3814e-14
8.2606e-14
8.1415e-14
8.024e-14
7.9082e-14
7.794e-14
7.6814e-14
7.5705e-14
7.4611e-14
7.3532e-14
7.2468e-14
7.142e-14
7.0386e-14
6.9367e-14
6.8362e-14
6.7372e-14
6.6396e-14
6.5433e-14
6.4484e-14
6.3548e-14
6.2626e-14
6.1717e-14
6.082e-14
5.9937e-14
5.9066e-14
5.8207e-14
5.736e-14
5.6526e-14
5.5703e-14
5.4892e-14
5.4092e-14
5.3304e-14
5.2527e-14
5.1762e-14
5.1007e-14
5.0262e-14
4.9529e-14
4.8806e-14
4.8093e-14
4.739e-14
4.6698e-14
4.6015e-14
4.5342e-14
4.4678e-14
4.4024e-14
4.338e-14
4.2745e-14
4.2118e-14
4.1501e-14
4.0893e-14
4.0293e-14
3.9702e-14
3.9119e-14
3.8545e-14
3.7978e-14
3.742e-14
3.687e-14
3.6328e-14
3.5794e-14
3.5267e-14
3.4748e-14
3.4237e-14
3.3733e-14
3.3236e-14
3.2746e-14
3.2263e-14
3.1787e-14
3.1318e-14
3.0856e-14
3.0401e-14
2.9952e-14
2.9509e-14
2.9073e-14
2.8643e-14
2.822e-14
2.7802e-14
2.7391e-14
2.6985e-14
2.6586e-14
2.6192e-14
2.5804e-14
2.5421e-14
2.5044e-14
2.4672e-14
2.4306e-14
2.3946e-14
2.359e-14
2.324e-14
2.2894e-14
2.2554e-14
2.2218e-14
2.1888e-14
2.1562e-14
2.1241e-14
2.0925e-14
2.0613e-14
2.0306e-14
2.0003e-14
1.9705e-14
1.9411e-14
1.9122e-14
1.8836e-14
1.8555e-14
1.8278e-14
1.8005e-14
1.7736e-14
1.747e-14
1.7209e-14
1.6952e-14
1.6698e-14
1.6448e-14
1.6202e-14
1.5959e-14
1.572e-14
1.5484e-14
1.5252e-14
1.5023e-14
1.4797e-14
1.4575e-14
1.4356e-14
1.4141e-14
1.3928e-14
1.3719e-14
1.3513e-14
1.3309e-14
1.3109e-14
1.2912e-14
1.2717e-14
1.2526e-14
1.2337e-14
1.2151e-14
1.1968e-14
1.1787e-14
1.1609e-14
1.1434e-14
1.1261e-14
1.1091e-14
1.0924e-14
1.0759e-14
1.0596e-14
1.0436e-14
1.0278e-14
1.0122e-14
9.969e-15
9.8181e-15
9.6693e-15
9.5228e-15
9.3784e-15
9.2362e-15
9.0961e-15
8.958e-15
8.822e-15
8.6881e-15
8.5561e-15
8.4261e-15
8.298e-15
8.1718e-15
8.0475e-15
7.925e-15
7.8044e-15
7.6856e-15
7.5685e-15
7.4532e-15
7.3396e-15
7.2277e-15
7.1174e-15
7.0088e-15
6.9019e-15
6.7965e-15
6.6927e-15
6.5905e-15
6.4897e-15
6.3905e-15
6.2928e-15
6.1965e-15
6.1017e-15
6.0083e-15
5.9163e-15
5.8257e-15
5.7364e-15
5.6485e-15
5.5619e-15
5.4765e-15
5.3925e-15
5.3097e-15
5.2282e-15
5.1479e-15
5.0688e-15
4.9909e-15
4.9142e-15
4.8386e-15
4.7642e-15
4.6909e-15
4.6186e-15
4.5475e-15
4.4775e-15
4.4085e-15
4.3405e-15
4.2736e-15
4.2077e-15
4.1427e-15
4.0788e-15
4.0158e-15
3.9538e-15
3.8927e-15
3.8325e-15
3.7733e-15
3.7149e-15
3.6575e-15
3.6008e-15
3.5451e-15
3.4902e-15
3.4361e-15
3.3829e-15
3.3305e-15
3.2788e-15
3.2279e-15
3.1779e-15
3.1285e-15
3.08e-15
3.0321e-15
2.985e-15
2.9386e-15
2.8929e-15
2.8479e-15
2.8036e-15
2.76e-15
2.717e-15
2.6747e-15
2.6331e-15
2.592e-15
2.5516e-15
2.5118e-15
2.4727e-15
2.4341e-15
2.3961e-15
2.3587e-15
2.3218e-15
2.2856e-15
2.2498e-15
2.2147e-15
2.18e-15
2.1459e-15
2.1123e-15
2.0793e-15
2.0467e-15
2.0147e-15
1.9831e-15
1.952e-15
1.9214e-15
1.8913e-15
1.8616e-15
1.8324e-15
1.8036e-15
1.7753e-15
1.7474e-15
1.7199e-15
1.6929e-15
1.6663e-15
1.6401e-15
1.6143e-15
1.5888e-15
1.5638e-15
1.5392e-15
1.5149e-15
1.4911e-15
1.4676e-15
1.4444e-15
1.4216e-15
1.3992e-15
1.3771e-15
1.3554e-15
1.3339e-15
1.3129e-15
1.2921e-15
1.2717e-15
1.2516e-15
1.2318e-15
1.2123e-15
1.1931e-15
1.1742e-15
1.1556e-15
1.1373e-15
1.1192e-15
1.1015e-15
1.084e-15
1.0668e-15
1.0499e-15
1.0332e-15
1.0168e-15
1.0007e-15
9.8475e-16
9.6909e-16
9.5368e-16
9.3851e-16
9.2357e-16
9.0887e-16
8.944e-16
8.8015e-16
8.6613e-16
8.5232e-16
8.3874e-16
8.2536e-16
8.1219e-16
7.9923e-16
7.8647e-16
7.7391e-16
7.6155e-16
7.4938e-16
7.374e-16
7.2561e-16
7.14e-16
7.0258e-16
6.9133e-16
6.8027e-16
6.6937e-16
6.5865e-16
6.4809e-16
6.377e-16
6.2748e-16
6.1741e-16
6.0751e-16
5.9775e-16
5.8816e-16
5.7871e-16
5.6941e-16
5.6026e-16
5.5125e-16
5.4239e-16
5.3367e-16
5.2508e-16
5.1663e-16
5.0831e-16
5.0012e-16
4.9206e-16
4.8413e-16
4.7633e-16
4.6864e-16
4.6108e-16
4.5364e-16
4.4632e-16
4.3911e-16
4.3202e-16
4.2504e-16
4.1817e-16
4.1141e-16
4.0476e-16
3.9821e-16
3.9176e-16
3.8542e-16
3.7918e-16
3.7304e-16
3.6699e-16
3.6105e-16
3.5519e-16
3.4943e-16
3.4376e-16
3.3818e-16
3.3269e-16
3.2729e-16
3.2197e-16
3.1674e-16
3.1159e-16
3.0653e-16
3.0154e-16
2.9664e-16
2.9181e-16
2.8706e-16
2.8238e-16
2.7778e-16
2.7326e-16
2.688e-16
2.6442e-16
2.6011e-16
2.5586e-16
2.5169e-16
2.4758e-16
2.4354e-16
2.3956e-16
2.3564e-16
2.3179e-16
2.28e-16
2.2427e-16
2.206e-16
2.1699e-16
2.1344e-16
2.0995e-16
2.0651e-16
2.0312e-16
1.9979e-16
1.9652e-16
1.9329e-16
1.9012e-16
1.87e-16
1.8393e-16
1.8091e-16
1.7794e-16
1.7502e-16
1.7214e-16
1.6931e-16
1.6652e-16
1.6378e-16
1.6109e-16
1.5844e-16
1.5583e-16
1.5326e-16
1.5074e-16
1.4825e-16
1.4581e-16
1.434e-16
1.4104e-16
1.3871e-16
1.3642e-16
1.3417e-16
1.3195e-16
1.2977e-16
1.2762e-16
1.2551e-16
1.2344e-16
1.214e-16
1.1939e-16
1.1741e-16
1.1547e-16
1.1355e-16
1.1167e-16
1.0982e-16
1.08e-16
1.0621e-16
1.0445e-16
1.0271e-16
1.0101e-16
9.9332e-17
9.7682e-17
9.6059e-17
9.4463e-17
9.2892e-17
9.1348e-17
8.9828e-17
8.8333e-17
8.6863e-17
8.5417e-17
8.3994e-17
8.2594e-17
8.1218e-17
7.9864e-17
7.8532e-17
7.7222e-17
7.5934e-17
7.4666e-17
7.342e-17
7.2193e-17
7.0987e-17
6.9801e-17
6.8634e-17
6.7486e-17
6.6358e-17
6.5247e-17
6.4155e-17
6.3081e-17
6.2025e-17
6.0986e-17
5.9964e-17
5.8959e-17
5.797e-17
5.6998e-17
5.6041e-17
5.5101e-17
5.4176e-17
5.3266e-17
5.2371e-17
5.1491e-17
5.0626e-17
4.9775e-17
4.8937e-17
4.8114e-17
4.7305e-17
4.6508e-17
4.5725e-17
4.4955e-17
4.4197e-17
4.3453e-17
4.272e-17
4.2e-17
4.1291e-17
4.0594e-17
3.9909e-17
3.9235e-17
3.8573e-17
3.7921e-17
3.728e-17
3.665e-17
3.603e-17
3.5421e-17
3.4821e-17
3.4232e-17
3.3652e-17
3.3083e-17
3.2522e-17
3.1971e-17
3.1429e-17
3.0896e-17
3.0372e-17
2.9857e-17
2.935e-17
2.8852e-17
2.8362e-17
2.788e-17
2.7407e-17
2.6941e-17
2.6483e-17
2.6032e-17
2.559e-17
2.5154e-17
2.4726e-17
2.4305e-17
2.3891e-17
2.3484e-17
2.3084e-17
2.269e-17
2.2303e-17
2.1923e-17
2.1549e-17
2.1181e-17
2.0819e-17
2.0464e-17
2.0114e-17
1.9771e-17
1.9433e-17
1.91e-17
1.8774e-17
1.8453e-17
1.8137e-17
1.7826e-17
1.7521e-17
1.7221e-17
1.6926e-17
1.6636e-17
1.6351e-17
1.607e-17
1.5795e-17
1.5524e-17
1.5257e-17
1.4995e-17
1.4738e-17
1.4484e-17
1.4236e-17
1.3991e-17
1.375e-17
1.3514e-17
1.3281e-17
1.3053e-17
1.2828e-17
1.2607e-17
1.239e-17
1.2177e-17
1.1967e-17
1.176e-17
1.1558e-17
1.1358e-17
1.1162e-17
1.097e-17
1.078e-17
1.0594e-17
1.0411e-17
1.0231e-17
1.0054e-17
9.8803e-18
9.7094e-18
9.5415e-18
9.3763e-18
9.214e-18
9.0545e-18
8.8976e-18
8.7435e-18
8.5919e-18
8.443e-18
8.2966e-18
8.1527e-18
8.0112e-18
7.8721e-18
7.7355e-18
7.6011e-18
7.4691e-18
7.3393e-18
7.2117e-18
7.0863e-18
6.9631e-18
6.8419e-18
6.7229e-18
6.6058e-18
6.4908e-18
6.3778e-18
6.2666e-18
6.1574e-18
6.0501e-18
5.9446e-18
5.8409e-18
5.739e-18
5.6388e-18
5.5404e-18
5.4436e-18
5.3485e-18
5.2551e-18
5.1632e-18
5.0729e-18
4.9842e-18
4.897e-18
4.8113e-18
4.7271e-18
4.6443e-18
4.563e-18
4.4831e-18
4.4045e-18
4.3273e-18
4.2514e-18
4.1768e-18
4.1036e-18
4.0316e-18
3.9608e-18
3.8912e-18
3.8229e-18
3.7557e-18
3.6897e-18
3.6248e-18
3.5611e-18
3.4985e-18
3.4369e-18
3.3764e-18
3.317e-18
3.2585e-18
3.2011e-18
3.1447e-18
3.0893e-18
3.0348e-18
2.9813e-18
2.9287e-18
2.877e-18
2.8263e-18
2.7764e-18
2.7273e-18
2.6791e-18
2.6318e-18
2.5853e-18
2.5396e-18
2.4946e-18
2.4505e-18
2.4071e-18
2.3645e-18
2.3227e-18
2.2815e-18
2.2411e-18
2.2014e-18
2.1624e-18
2.124e-18
2.0863e-18
2.0493e-18
2.013e-18
1.9772e-18
1.9421e-18
1.9076e-18
1.8737e-18
1.8404e-18
1.8077e-18
1.7755e-18
1.744e-18
1.7129e-18
1.6824e-18
1.6525e-18
1.6231e-18
1.5941e-18
1.5657e-18
1.5378e-18
1.5104e-18
1.4835e-18
1.457e-18
1.431e-18
1.4055e-18
1.3804e-18
1.3557e-18
1.3315e-18
1.3077e-18
1.2843e-18
1.2614e-18
1.2388e-18
1.2167e-18
1.1949e-18
1.1735e-18
1.1525e-18
1.1318e-18
1.1116e-18
1.0916e-18
1.0721e-18
1.0529e-18
1.034e-18
1.0154e-18
9.972e-19
9.793e-19
9.6171e-19
9.4444e-19
9.2747e-19
9.108e-19
8.9443e-19
8.7835e-19
8.6255e-19
8.4703e-19
8.3179e-19
8.1681e-19
8.021e-19
7.8766e-19
7.7347e-19
7.5953e-19
7.4584e-19
7.3239e-19
7.1918e-19
7.062e-19
6.9346e-19
6.8094e-19
6.6864e-19
6.5656e-19
6.447e-19
6.3305e-19
6.2161e-19
6.1037e-19
5.9933e-19
5.8848e-19
5.7783e-19
5.6737e-19
5.571e-19
5.4701e-19
5.371e-19
5.2736e-19
5.178e-19
5.0841e-19
4.9919e-19
4.9013e-19
4.8124e-19
4.725e-19
4.6392e-19
4.5549e-19
4.4722e-19
4.3909e-19
4.3111e-19
4.2327e-19
4.1557e-19
4.0801e-19
4.0058e-19
3.9329e-19
3.8613e-19
3.791e-19
3.7219e-19
3.6541e-19
3.5874e-19
3.522e-19
3.4578e-19
3.3947e-19
3.3327e-19
3.2719e-19
3.2122e-19
3.1535e-19
3.0959e-19
3.0393e-19
2.9837e-19
2.9292e-19
2.8756e-19
2.823e-19
2.7713e-19
2.7206e-19
2.6708e-19
2.6219e-19
2.5738e-19
2.5266e-19
2.4803e-19
2.4349e-19
2.3902e-19
2.3463e-19
2.3033e-19
2.261e-19
2.2195e-19
2.1787e-19
2.1387e-19
2.0994e-19
2.0608e-19
2.0229e-19
1.9857e-19
1.9492e-19
1.9133e-19
1.8781e-19
1.8435e-19
1.8095e-19
1.7762e-19
1.7435e-19
1.7113e-19
1.6798e-19
1.6488e-19
1.6184e-19
1.5885e-19
1.5592e-19
1.5304e-19
1.5022e-19
1.4744e-19
1.4472e-19
1.4204e-19
1.3941e-19
1.3684e-19
1.343e-19
1.3182e-19
1.2938e-19
1.2698e-19
1.2463e-19
1.2232e-19
1.2006e-19
1.1783e-19
1.1565e-19
1.135e-19
1.114e-19
1.0933e-19
1.073e-19
1.0531e-19
1.0335e-19
1.0143e-19
9.955e-20
9.77e-20
9.5883e-20
9.41e-20
9.235e-20
9.0632e-20
8.8945e-20
8.7289e-20
8.5664e-20
8.4069e-20
8.2502e-20
8.0965e-20
7.9456e-20
7.7974e-20
7.652e-20
7.5092e-20
7.3691e-20
7.2315e-20
7.0965e-20
6.964e-20
6.8339e-20
6.7062e-20
6.5808e-20
6.4578e-20
6.337e-20
6.2185e-20
6.1021e-20
5.9879e-20
5.8758e-20
5.7658e-20
5.6578e-20
5.5517e-20
5.4477e-20
5.3456e-20
5.2453e-20
5.1469e-20
5.0504e-20
4.9556e-20
4.8625e-20
4.7712e-20
4.6816e-20
4.5937e-20
4.5073e-20
4.4226e-20
4.3394e-20
4.2578e-20
4.1777e-20
4.0991e-20
4.0219e-20
3.9462e-20
3.8719e-20
3.799e-20
3.7274e-20
3.6571e-20
3.5882e-20
3.5205e-20
3.4541e-20
3.3889e-20
3.3249e-20
3.2622e-20
3.2006e-20
3.1401e-20
3.0808e-20
3.0226e-20
2.9654e-20
2.9093e-20
2.8543e-20
2.8003e-20
2.7473e-20
2.6953e-20
2.6443e-20
2.5942e-20
2.545e-20
2.4968e-20
2.4495e-20
2.403e-20
2.3575e-20
2.3127e-20
2.2689e-20
2.2258e-20
2.1835e-20
2.1421e-20
2.1014e-20
2.0615e-20
2.0223e-20
1.9838e-20
1.9461e-20
1.9091e-20
1.8728e-20
1.8371e-20
1.8021e-20
1.7678e-20
1.7342e-20
1.7011e-20
1.6687e-20
1.6369e-20
1.6057e-20
1.5751e-20
1.545e-20
1.5155e-20
1.4866e-20
1.4582e-20
1.4304e-20
1.4031e-20
1.3762e-20
1.3499e-20
1.3241e-20
1.2988e-20
1.274e-20
1.2496e-20
1.2257e-20
1.2022e-20
1.1792e-20
1.1566e-20
1.1345e-20
1.1127e-20
1.0914e-20
1.0705e-20
1.0499e-20
1.0298e-20
1.01e-20
9.9064e-21
9.7162e-21
9.5297e-21
9.3466e-21
9.167e-21
8.9908e-21
8.818e-21
8.6484e-21
8.4821e-21
8.3189e-21
8.1588e-21
8.0018e-21
7.8477e-21
7.6966e-21
7.5483e-21
7.4028e-21
7.2601e-21
7.1202e-21
6.9829e-21
6.8482e-21
6.716e-21
6.5864e-21
6.4593e-21
6.3345e-21
6.2122e-21
6.0922e-21
5.9744e-21
5.8589e-21
5.7456e-21
5.6345e-21
5.5255e-21
5.4186e-21
5.3137e-21
5.2108e-21
5.1099e-21
5.0109e-21
4.9139e-21
4.8186e-21
4.7252e-21
4.6336e-21
4.5437e-21
4.4555e-21
4.3691e-21
4.2843e-21
4.2011e-21
4.1195e-21
4.0395e-21
3.961e-21
3.884e-21
3.8085e-21
3.7344e-21
3.6618e-21
3.5905e-21
3.5206e-21
3.4521e-21
3.3849e-21
3.319e-21
3.2543e-21
3.1909e-21
3.1287e-21
3.0677e-21
3.0078e-21
2.9492e-21
2.8916e-21
2.8352e-21
2.7798e-21
2.7255e-21
2.6723e-21
2.6201e-21
2.5689e-21
2.5187e-21
2.4694e-21
2.4211e-21
2.3738e-21
2.3273e-21
2.2818e-21
2.2371e-21
2.1933e-21
2.1503e-21
2.1082e-21
2.0669e-21
2.0263e-21
1.9866e-21
1.9476e-21
1.9094e-21
1.872e-21
1.8352e-21
1.7992e-21
1.7638e-21
1.7292e-21
1.6952e-21
1.6619e-21
1.6292e-21
1.5972e-21
1.5658e-21
1.535e-21
1.5048e-21
1.4751e-21
1.4461e-21
1.4176e-21
1.3897e-21
1.3623e-21
1.3354e-21
1.3091e-21
1.2833e-21
1.258e-21
1.2332e-21
1.2088e-21
1.185e-21
1.1616e-21
1.1386e-21
1.1161e-21
1.0941e-21
1.0724e-21
1.0512e-21
1.0305e-21
1.0101e-21
9.9008e-22
9.7049e-22
9.5127e-22
9.3244e-22
9.1397e-22
8.9586e-22
8.7811e-22
8.607e-22
8.4364e-22
8.2691e-22
8.105e-22
7.9442e-22
7.7865e-22
7.632e-22
7.4804e-22
7.3318e-22
7.1862e-22
7.0434e-22
6.9034e-22
6.7661e-22
6.6315e-22
6.4996e-22
6.3703e-22
6.2435e-22
6.1192e-22
5.9973e-22
5.8779e-22
5.7608e-22
5.646e-22
5.5334e-22
5.4231e-22
5.315e-22
5.2089e-22
5.105e-22
5.0031e-22
4.9032e-22
4.8053e-22
4.7093e-22
4.6152e-22
4.523e-22
4.4326e-22
4.344e-22
4.2571e-22
4.1719e-22
4.0885e-22
4.0066e-22
3.9264e-22
3.8478e-22
3.7707e-22
3.6952e-22
3.6211e-22
3.5485e-22
3.4774e-22
3.4077e-22
3.3393e-22
3.2723e-22
3.2066e-22
3.1422e-22
3.0792e-22
3.0173e-22
2.9567e-22
2.8973e-22
2.839e-22
2.782e-22
2.726e-22
2.6712e-22
2.6174e-22
2.5647e-22
2.5131e-22
2.4625e-22
2.4129e-22
2.3643e-22
2.3167e-22
2.27e-22
2.2242e-22
2.1793e-22
2.1354e-22
2.0923e-22
2.0501e-22
2.0087e-22
1.9681e-22
1.9284e-22
1.8894e-22
1.8512e-22
1.8138e-22
1.7772e-22
1.7412e-22
1.706e-22
1.6715e-22
1.6377e-22
1.6045e-22
1.572e-22
1.5402e-22
1.509e-22
1.4784e-22
1.4484e-22
1.4191e-22
1.3903e-22
1.3621e-22
1.3345e-22
1.3074e-22
1.2809e-22
1.2548e-22
1.2294e-22
1.2044e-22
1.1799e-22
1.1559e-22
1.1324e-22
1.1094e-22
1.0869e-22
1.0647e-22
1.0431e-22
1.0218e-22
1.001e-22
9.8066e-23
9.6068e-23
9.4111e-23
9.2193e-23
9.0314e-23
8.8472e-23
8.6668e-23
8.49e-23
8.3168e-23
8.147e-23
7.9807e-23
7.8178e-23
7.6581e-23
7.5016e-23
7.3483e-23
7.1981e-23
7.051e-23
6.9068e-23
6.7655e-23
6.6271e-23
6.4915e-23
6.3586e-23
6.2284e-23
6.1008e-23
5.9758e-23
5.8534e-23
5.7334e-23
5.6159e-23
5.5007e-23
5.3879e-23
5.2774e-23
5.1691e-23
5.063e-23
4.959e-23
4.8572e-23
4.7574e-23
4.6597e-23
4.5639e-23
4.4701e-23
4.3782e-23
4.2881e-23
4.1999e-23
4.1135e-23
4.0288e-23
3.9459e-23
3.8647e-23
3.7851e-23
3.7071e-23
3.6307e-23
3.5558e-23
3.4825e-23
3.4107e-23
3.3404e-23
3.2714e-23
3.2039e-23
3.1378e-23
3.073e-23
3.0095e-23
2.9474e-23
2.8865e-23
2.8268e-23
2.7684e-23
2.7111e-23
2.6551e-23
2.6001e-23
2.5463e-23
2.4936e-23
2.442e-23
2.3914e-23
2.3419e-23
2.2934e-23
2.2459e-23
2.1993e-23
2.1537e-23
2.109e-23
2.0653e-23
2.0224e-23
1.9805e-23
1.9394e-23
1.8991e-23
1.8596e-23
1.821e-23
1.7832e-23
1.7461e-23
1.7098e-23
1.6743e-23
1.6394e-23
1.6053e-23
1.5719e-23
1.5392e-23
1.5072e-23
1.4758e-23
1.445e-23
1.4149e-23
1.3854e-23
1.3566e-23
1.3283e-23
1.3006e-23
1.2734e-23
1.2469e-23
1.2209e-23
1.1954e-23
1.1704e-23
1.146e-23
1.122e-23
1.0986e-23
1.0756e-23
1.0531e-23
1.0311e-23
1.0095e-23
9.8842e-24
9.6774e-24
9.4748e-24
9.2765e-24
9.0822e-24
8.892e-24
8.7057e-24
8.5233e-24
8.3446e-24
8.1696e-24
7.9983e-24
7.8305e-24
7.6662e-24
7.5054e-24
7.3478e-24
7.1935e-24
7.0425e-24
6.8945e-24
6.7496e-24
6.6078e-24
6.4689e-24
6.3329e-24
6.1997e-24
6.0692e-24
5.9415e-24
5.8165e-24
5.694e-24
5.5741e-24
5.4567e-24
5.3418e-24
5.2292e-24
5.119e-24
5.0111e-24
4.9054e-24
4.8019e-24
4.7006e-24
4.6014e-24
4.5043e-24
4.4092e-24
4.3161e-24
4.2249e-24
4.1357e-24
4.0483e-24
3.9627e-24
3.8789e-24
3.7969e-24
3.7165e-24
3.6379e-24
3.5609e-24
3.4855e-24
3.4117e-24
3.3395e-24
3.2687e-24
3.1995e-24
3.1317e-24
3.0653e-24
3.0003e-24
2.9367e-24
2.8744e-24
2.8134e-24
2.7537e-24
2.6952e-24
2.638e-24
2.5819e-24
2.5271e-24
2.4734e-24
2.4208e-24
2.3693e-24
2.319e-24
2.2696e-24
2.2214e-24
2.1741e-24
2.1278e-24
2.0825e-24
2.0382e-24
1.9947e-24
1.9522e-24
1.9106e-24
1.8699e-24
1.8301e-24
1.791e-24
1.7528e-24
1.7154e-24
1.6788e-24
1.643e-24
1.6079e-24
1.5736e-24
1.54e-24
1.5071e-24
1.4748e-24
1.4433e-24
1.4125e-24
1.3823e-24
1.3527e-24
1.3237e-24
1.2954e-24
1.2677e-24
1.2405e-24
1.214e-24
1.188e-24
1.1625e-24
1.1376e-24
1.1132e-24
1.0893e-24
1.066e-24
1.0431e-24
1.0207e-24
9.9882e-25
9.7738e-25
9.5639e-25
9.3585e-25
9.1575e-25
8.9607e-25
8.7681e-25
8.5796e-25
8.3952e-25
8.2146e-25
8.0379e-25
7.8649e-25
7.6957e-25
7.53e-25
7.3678e-25
7.2092e-25
7.0539e-25
6.9019e-25
6.7531e-25
6.6075e-25
6.465e-25
6.3256e-25
6.1891e-25
6.0556e-25
5.9249e-25
5.797e-25
5.6718e-25
5.5493e-25
5.4294e-25
5.3121e-25
5.1973e-25
5.0849e-25
4.975e-25
4.8674e-25
4.7621e-25
4.659e-25
4.5582e-25
4.4595e-25
4.3629e-25
4.2684e-25
4.176e-25
4.0855e-25
3.9969e-25
3.9103e-25
3.8255e-25
3.7425e-25
3.6613e-25
3.5819e-25
3.5041e-25
3.428e-25
3.3536e-25
3.2808e-25
3.2095e-25
3.1398e-25
3.0715e-25
3.0047e-25
2.9394e-25
2.8755e-25
2.8129e-25
2.7517e-25
2.6918e-25
2.6332e-25
2.5759e-25
2.5198e-25
2.4649e-25
2.4112e-25
2.3586e-25
2.3072e-25
2.2569e-25
2.2076e-25
2.1595e-25
2.1124e-25
2.0663e-25
2.0212e-25
1.977e-25
1.9338e-25
1.8916e-25
1.8503e-25
1.8098e-25
1.7703e-25
1.7315e-25
1.6937e-25
1.6566e-25
1.6204e-25
1.5849e-25
1.5502e-25
1.5163e-25
1.4831e-25
1.4506e-25
1.4188e-25
1.3877e-25
1.3573e-25
1.3275e-25
1.2984e-25
1.2699e-25
1.242e-25
1.2148e-25
1.1881e-25
1.162e-25
1.1365e-25
1.1115e-25
1.0871e-25
1.0632e-25
1.0398e-25
1.017e-25
9.9462e-26
9.7274e-26
9.5134e-26
9.304e-26
9.0992e-26
8.8988e-26
8.7029e-26
8.5111e-26
8.3236e-26
8.1402e-26
7.9607e-26
7.7852e-26
7.6135e-26
7.4456e-26
7.2813e-26
7.1206e-26
6.9634e-26
6.8097e-26
6.6593e-26
6.5122e-26
6.3683e-26
6.2276e-26
6.0899e-26
5.9553e-26
5.8236e-26
5.6948e-26
5.5688e-26
5.4456e-26
5.325e-26
5.2071e-26
5.0918e-26
4.979e-26
4.8687e-26
4.7608e-26
4.6553e-26
4.5521e-26
4.4512e-26
4.3524e-26
4.2559e-26
4.1615e-26
4.0691e-26
3.9788e-26
3.8904e-26
3.804e-26
3.7195e-26
3.6368e-26
3.556e-26
3.477e-26
3.3997e-26
3.324e-26
3.2501e-26
3.1778e-26
3.1071e-26
3.0379e-26
2.9702e-26
2.9041e-26
2.8394e-26
2.7761e-26
2.7143e-26
2.6538e-26
2.5946e-26
2.5367e-26
2.4802e-26
2.4248e-26
2.3707e-26
2.3178e-26
2.266e-26
2.2154e-26
2.166e-26
2.1176e-26
2.0702e-26
2.024e-26
1.9787e-26
1.9345e-26
1.8912e-26
1.8489e-26
1.8075e-26
1.7671e-26
1.7275e-26
1.6888e-26
1.651e-26
1.614e-26
1.5778e-26
1.5425e-26
1.5079e-26
1.4741e-26
1.441e-26
1.4087e-26
1.3771e-26
1.3462e-26
1.316e-26
1.2864e-26
1.2575e-26
1.2293e-26
1.2017e-26
1.1747e-26
1.1483e-26
1.1224e-26
1.0972e-26
1.0725e-26
1.0484e-26
1.0248e-26
1.0017e-26
9.7918e-27
9.5713e-27
9.3557e-27
9.145e-27
8.9389e-27
8.7374e-27
8.5404e-27
8.3479e-27
8.1596e-27
7.9755e-27
7.7956e-27
7.6196e-27
7.4476e-27
7.2795e-27
7.1151e-27
6.9543e-27
6.7972e-27
6.6436e-27
6.4934e-27
6.3466e-27
6.2031e-27
6.0628e-27
5.9256e-27
5.7915e-27
5.6604e-27
5.5323e-27
5.407e-27
5.2845e-27
5.1648e-27
5.0478e-27
4.9334e-27
4.8215e-27
4.7122e-27
4.6053e-27
4.5009e-27
4.3987e-27
4.2989e-27
4.2013e-27
4.1059e-27
4.0127e-27
3.9215e-27
3.8324e-27
3.7453e-27
3.6602e-27
3.577e-27
3.4956e-27
3.4161e-27
3.3384e-27
3.2624e-27
3.1882e-27
3.1156e-27
3.0447e-27
2.9753e-27
2.9075e-27
2.8413e-27
2.7765e-27
2.7132e-27
2.6514e-27
2.5909e-27
2.5318e-27
2.474e-27
2.4176e-27
2.3624e-27
2.3084e-27
2.2557e-27
2.2042e-27
2.1538e-27
2.1046e-27
2.0565e-27
2.0095e-27
1.9635e-27
1.9186e-27
1.8747e-27
1.8318e-27
1.7899e-27
1.7489e-27
1.7089e-27
1.6698e-27
1.6315e-27
1.5941e-27
1.5576e-27
1.5219e-27
1.487e-27
1.4529e-27
1.4196e-27
1.387e-27
1.3552e-27
1.3241e-27
1.2937e-27
1.264e-27
1.2349e-27
1.2066e-27
1.1788e-27
1.1517e-27
1.1253e-27
1.0994e-27
1.0741e-27
1.0494e-27
1.0253e-27
1.0017e-27
9.7861e-28
9.5608e-28
9.3406e-28
9.1254e-28
8.9152e-28
8.7098e-28
8.509e-28
8.3129e-28
8.1212e-28
7.9339e-28
7.7508e-28
7.572e-28
7.3972e-28
7.2265e-28
7.0596e-28
6.8966e-28
6.7373e-28
6.5816e-28
6.4295e-28
6.2809e-28
6.1357e-28
5.9938e-28
5.8552e-28
5.7197e-28
5.5874e-28
5.4581e-28
5.3317e-28
5.2082e-28
5.0876e-28
4.9698e-28
4.8546e-28
4.7421e-28
4.6322e-28
4.5248e-28
4.4199e-28
4.3173e-28
4.2172e-28
4.1193e-28
4.0237e-28
3.9303e-28
3.839e-28
3.7499e-28
3.6628e-28
3.5776e-28
3.4945e-28
3.4133e-28
3.3339e-28
3.2564e-28
3.1806e-28
3.1066e-28
3.0343e-28
2.9637e-28
2.8947e-28
2.8273e-28
2.7615e-28
2.6971e-28
2.6343e-28
2.5729e-28
2.5129e-28
2.4543e-28
2.3971e-28
2.3412e-28
2.2865e-28
2.2332e-28
2.181e-28
2.1301e-28
2.0804e-28
2.0318e-28
1.9843e-28
1.938e-28
1.8927e-28
1.8484e-28
1.8052e-28
1.763e-28
1.7217e-28
1.6815e-28
1.6421e-28
1.6037e-28
1.5661e-28
1.5295e-28
1.4936e-28
1.4586e-28
1.4245e-28
1.3911e-28
1.3585e-28
1.3266e-28
1.2955e-28
1.2651e-28
1.2354e-28
1.2064e-28
1.1781e-28
1.1505e-28
1.1234e-28
1.0971e-28
1.0713e-28
1.0461e-28
1.0215e-28
9.975e-29
9.7405e-29
9.5114e-29
9.2877e-29
9.0691e-29
8.8557e-29
8.6473e-29
8.4437e-29
8.2448e-29
8.0506e-29
7.861e-29
7.6758e-29
7.4948e-29
7.3182e-29
7.1456e-29
6.9771e-29
6.8125e-29
6.6518e-29
6.4948e-29
6.3415e-29
6.1918e-29
6.0456e-29
5.9028e-29
5.7633e-29
5.6271e-29
5.4941e-29
5.3643e-29
5.2374e-29
5.1136e-29
4.9926e-29
4.8745e-29
4.7591e-29
4.6465e-29
4.5365e-29
4.4291e-29
4.3242e-29
4.2217e-29
4.1217e-29
4.024e-29
3.9286e-29
3.8355e-29
3.7445e-29
3.6557e-29
3.569e-29
3.4843e-29
3.4016e-29
3.3208e-29
3.242e-29
3.165e-29
3.0898e-29
3.0164e-29
2.9447e-29
2.8747e-29
2.8063e-29
2.7396e-29
2.6744e-29
2.6108e-29
2.5487e-29
2.488e-29
2.4288e-29
2.371e-29
2.3145e-29
2.2594e-29
2.2055e-29
2.153e-29
2.1016e-29
2.0515e-29
2.0026e-29
1.9548e-29
1.9082e-29
1.8627e-29
1.8182e-29
1.7748e-29
1.7324e-29
1.6911e-29
1.6507e-29
1.6112e-29
1.5727e-29
1.5351e-29
1.4984e-29
1.4626e-29
1.4276e-29
1.3935e-29
1.3601e-29
1.3276e-29
1.2958e-29
1.2648e-29
1.2345e-29
1.2049e-29
1.1761e-29
1.1479e-29
1.1204e-29
1.0935e-29
1.0673e-29
1.0417e-29
1.0167e-29
9.9231e-30
9.685e-30
9.4525e-30
9.2256e-30
9.0041e-30
8.7878e-30
8.5767e-30
8.3706e-30
8.1694e-30
7.9731e-30
7.7814e-30
7.5942e-30
7.4116e-30
7.2333e-30
7.0592e-30
6.8893e-30
6.7235e-30
6.5616e-30
6.4035e-30
6.2493e-30
6.0987e-30
5.9518e-30
5.8083e-30
5.6683e-30
5.5316e-30
5.3982e-30
5.2679e-30
5.1408e-30
5.0168e-30
4.8957e-30
4.7775e-30
4.6621e-30
4.5495e-30
4.4396e-30
4.3323e-30
4.2276e-30
4.1254e-30
4.0256e-30
3.9283e-30
3.8333e-30
3.7405e-30
3.65e-30
3.5617e-30
3.4754e-30
3.3913e-30
3.3091e-30
3.229e-30
3.1507e-30
3.0744e-30
2.9999e-30
2.9271e-30
2.8561e-30
2.7869e-30
2.7193e-30
2.6533e-30
2.5889e-30
2.526e-30
2.4647e-30
2.4048e-30
2.3464e-30
2.2894e-30
2.2338e-30
2.1795e-30
2.1265e-30
2.0748e-30
2.0243e-30
1.9751e-30
1.927e-30
1.8802e-30
1.8344e-30
1.7897e-30
1.7461e-30
1.7036e-30
1.6621e-30
1.6216e-30
1.5821e-30
1.5435e-30
1.5059e-30
1.4692e-30
1.4333e-30
1.3984e-30
1.3643e-30
1.331e-30
1.2985e-30
1.2668e-30
1.2358e-30
1.2056e-30
1.1762e-30
1.1474e-30
1.1194e-30
1.092e-30
1.0653e-30
1.0393e-30
1.0139e-30
9.8905e-31
9.6484e-31
9.4123e-31
9.1818e-31
8.957e-31
8.7376e-31
8.5236e-31
8.3147e-31
8.111e-31
7.9122e-31
7.7182e-31
7.5289e-31
7.3442e-31
7.1641e-31
6.9883e-31
6.8168e-31
6.6494e-31
6.4862e-31
6.3269e-31
6.1715e-31
6.0199e-31
5.872e-31
5.7276e-31
5.5868e-31
5.4495e-31
5.3154e-31
5.1847e-31
5.0571e-31
4.9327e-31
4.8113e-31
4.6928e-31
4.5773e-31
4.4646e-31
4.3546e-31
4.2473e-31
4.1426e-31
4.0405e-31
3.9409e-31
3.8437e-31
3.7489e-31
3.6565e-31
3.5662e-31
3.4782e-31
3.3924e-31
3.3086e-31
3.2269e-31
3.1472e-31
3.0695e-31
2.9936e-31
2.9196e-31
2.8475e-31
2.7771e-31
2.7084e-31
2.6414e-31
2.5761e-31
2.5123e-31
2.4501e-31
2.3895e-31
2.3303e-31
2.2726e-31
2.2163e-31
2.1614e-31
2.1079e-31
2.0556e-31
2.0047e-31
1.955e-31
1.9065e-31
1.8592e-31
1.8131e-31
1.7681e-31
1.7242e-31
1.6814e-31
1.6396e-31
1.5989e-31
1.5592e-31
1.5205e-31
1.4827e-31
1.4458e-31
1.4099e-31
1.3748e-31
1.3406e-31
1.3073e-31
1.2748e-31
1.243e-31
1.2121e-31
1.1819e-31
1.1525e-31
1.1238e-31
1.0958e-31
1.0685e-31
1.0419e-31
1.0159e-31
9.9057e-32
9.6587e-32
9.4178e-32
9.1829e-32
8.9538e-32
8.7303e-32
8.5124e-32
8.2999e-32
8.0926e-32
7.8905e-32
7.6934e-32
7.5012e-32
7.3137e-32
7.1309e-32
6.9526e-32
6.7788e-32
6.6092e-32
6.4439e-32
6.2826e-32
6.1254e-32
5.9721e-32
5.8226e-32
5.6768e-32
5.5346e-32
5.3959e-32
5.2607e-32
5.1289e-32
5.0003e-32
4.875e-32
4.7527e-32
4.6335e-32
4.5173e-32
4.4039e-32
4.2934e-32
4.1856e-32
4.0805e-32
3.9781e-32
3.8781e-32
3.7807e-32
3.6857e-32
3.5931e-32
3.5028e-32
3.4147e-32
3.3288e-32
3.2451e-32
3.1635e-32
3.0839e-32
3.0063e-32
2.9306e-32
2.8568e-32
2.7849e-32
2.7147e-32
2.6463e-32
2.5796e-32
2.5146e-32
2.4512e-32
2.3894e-32
2.3292e-32
2.2704e-32
2.2132e-32
2.1573e-32
2.1029e-32
2.0498e-32
1.998e-32
1.9476e-32
1.8984e-32
1.8504e-32
1.8037e-32
1.7581e-32
1.7136e-32
1.6703e-32
1.6281e-32
1.5869e-32
1.5468e-32
1.5076e-32
1.4695e-32
1.4323e-32
1.396e-32
1.3606e-32
1.3262e-32
1.2926e-32
1.2598e-32
1.2279e-32
1.1968e-32
1.1664e-32
1.1369e-32
1.108e-32
1.0799e-32
1.0525e-32
1.0258e-32
9.9977e-33
9.7439e-33
9.4964e-33
9.2552e-33
9.0201e-33
8.7909e-33
8.5675e-33
8.3498e-33
8.1375e-33
7.9306e-33
7.7289e-33
7.5322e-33
7.3406e-33
7.1538e-33
6.9717e-33
6.7942e-33
6.6212e-33
6.4526e-33
6.2882e-33
6.128e-33
5.9719e-33
5.8197e-33
5.6713e-33
5.5267e-33
5.3858e-33
5.2484e-33
5.1145e-33
4.984e-33
4.8568e-33
4.7328e-33
4.612e-33
4.4942e-33
4.3794e-33
4.2675e-33
4.1585e-33
4.0522e-33
3.9487e-33
3.8477e-33
3.7493e-33
3.6534e-33
3.56e-33
3.4689e-33
3.3802e-33
3.2936e-33
3.2093e-33
3.1272e-33
3.0471e-33
2.9691e-33
2.893e-33
2.8189e-33
2.7467e-33
2.6763e-33
2.6077e-33
2.5408e-33
2.4757e-33
2.4122e-33
2.3503e-33
2.29e-33
2.2313e-33
2.174e-33
2.1182e-33
2.0639e-33
2.0109e-33
1.9593e-33
1.909e-33
1.8599e-33
1.8122e-33
1.7656e-33
1.7202e-33
1.676e-33
1.633e-33
1.591e-33
1.5501e-33
1.5103e-33
1.4715e-33
1.4336e-33
1.3968e-33
1.3609e-33
1.3259e-33
1.2918e-33
1.2586e-33
1.2262e-33
1.1947e-33
1.164e-33
1.134e-33
1.1049e-33
1.0765e-33
1.0488e-33
1.0218e-33
9.9555e-34
9.6996e-34
9.4503e-34
9.2074e-34
8.9708e-34
8.7404e-34
8.5159e-34
8.2972e-34
8.0842e-34
7.8767e-34
7.6746e-34
7.4777e-34
7.286e-34
7.0992e-34
6.9174e-34
6.7402e-34
6.5677e-34
6.3997e-34
6.2361e-34
6.0768e-34
5.9216e-34
5.7706e-34
5.6235e-34
5.4803e-34
5.3408e-34
5.2051e-34
5.0729e-34
4.9442e-34
4.819e-34
4.6971e-34
4.5784e-34
4.4629e-34
4.3505e-34
4.2412e-34
4.1347e-34
4.0312e-34
3.9304e-34
3.8324e-34
3.7371e-34
3.6443e-34
3.5541e-34
3.4664e-34
3.3811e-34
3.2982e-34
3.2176e-34
3.1393e-34
3.0632e-34
2.9892e-34
2.9173e-34
2.8475e-34
2.7797e-34
2.7139e-34
2.65e-34
2.5879e-34
2.5278e-34
2.4694e-34
2.4128e-34
2.3579e-34
2.3047e-34
2.2531e-34
2.2032e-34
2.1548e-34
2.108e-34
2.0628e-34
2.019e-34
1.9767e-34
1.9359e-34
1.8964e-34
1.8584e-34
1.8217e-34
1.7864e-34
1.7524e-34
1.7196e-34
1.6882e-34
1.658e-34
1.6291e-34
1.6014e-34
1.5749e-34
1.5496e-34
1.5255e-34
1.5026e-34
1.4808e-34
1.4601e-34
1.4406e-34
1.4222e-34
1.4049e-34
1.3887e-34
1.3736e-34
1.3596e-34
1.3467e-34
1.3349e-34
1.3241e-34
1.3144e-34
1.3058e-34
1.2983e-34
1.2918e-34
1.2864e-34
