6.7213e-15
6.6714e-15
6.6227e-15
6.5755e-15
6.5295e-15
6.4849e-15
6.4417e-15
6.3997e-15
6.3591e-15
6.3198e-15
6.2818e-15
6.2452e-15
6.2098e-15
6.1758e-15
6.1431e-15
6.1116e-15
6.0815e-15
6.0528e-15
6.0253e-15
5.9991e-15
5.9742e-15
5.9507e-15
5.9284e-15
5.9075e-15
5.8879e-15
5.8696e-15
5.8526e-15
5.8369e-15
5.8226e-15
5.8096e-15
5.7979e-15
5.7875e-15
5.7785e-15
5.7708e-15
5.7645e-15
5.7595e-15
5.7558e-15
5.7535e-15
5.7526e-15
5.7531e-15
5.7549e-15
5.7581e-15
5.7627e-15
5.7686e-15
5.776e-15
5.7848e-15
5.795e-15
5.8067e-15
5.8198e-15
5.8343e-15
5.8503e-15
5.8677e-15
5.8866e-15
5.907e-15
5.9289e-15
5.9523e-15
5.9772e-15
6.0037e-15
6.0317e-15
6.0612e-15
6.0923e-15
6.1251e-15
6.1593e-15
6.1953e-15
6.2328e-15
6.272e-15
6.3128e-15
6.3553e-15
6.3995e-15
6.4454e-15
6.493e-15
6.5423e-15
6.5934e-15
6.6463e-15
6.701e-15
6.7575e-15
6.8158e-15
6.876e-15
6.9381e-15
7.0021e-15
7.0679e-15
7.1357e-15
7.2055e-15
7.2773e-15
7.3511e-15
7.4269e-15
7.5048e-15
7.5847e-15
7.6668e-15
7.751e-15
7.8374e-15
7.9259e-15
8.0167e-15
8.1098e-15
8.2051e-15
8.3027e-15
8.4027e-15
8.505e-15
8.6097e-15
8.7169e-15
8.8266e-15
8.9387e-15
9.0534e-15
9.1706e-15
9.2905e-15
9.413e-15
9.5381e-15
9.666e-15
9.7967e-15
9.9301e-15
1.0066e-14
1.0206e-14
1.0348e-14
1.0493e-14
1.0641e-14
1.0792e-14
1.0946e-14
1.1103e-14
1.1264e-14
1.1427e-14
1.1594e-14
1.1765e-14
1.1938e-14
1.2116e-14
1.2296e-14
1.248e-14
1.2668e-14
1.2859e-14
1.3054e-14
1.3253e-14
1.3456e-14
1.3662e-14
1.3873e-14
1.4087e-14
1.4305e-14
1.4528e-14
1.4755e-14
1.4986e-14
1.5221e-14
1.546e-14
1.5704e-14
1.5953e-14
1.6206e-14
1.6464e-14
1.6726e-14
1.6993e-14
1.7266e-14
1.7543e-14
1.7825e-14
1.8112e-14
1.8404e-14
1.8702e-14
1.9005e-14
1.9313e-14
1.9627e-14
1.9947e-14
2.0272e-14
2.0603e-14
2.094e-14
2.1282e-14
2.1631e-14
2.1986e-14
2.2347e-14
2.2715e-14
2.3089e-14
2.347e-14
2.3857e-14
2.4251e-14
2.4652e-14
2.506e-14
2.5475e-14
2.5897e-14
2.6327e-14
2.6764e-14
2.7208e-14
2.766e-14
2.812e-14
2.8588e-14
2.9064e-14
2.9548e-14
3.0041e-14
3.0542e-14
3.1051e-14
3.1569e-14
3.2097e-14
3.2633e-14
3.3178e-14
3.3732e-14
3.4296e-14
3.487e-14
3.5453e-14
3.6046e-14
3.6649e-14
3.7263e-14
3.7887e-14
3.8521e-14
3.9166e-14
3.9822e-14
4.0489e-14
4.1168e-14
4.1857e-14
4.2559e-14
4.3272e-14
4.3997e-14
4.4734e-14
4.5484e-14
4.6246e-14
4.7021e-14
4.7809e-14
4.861e-14
4.9424e-14
5.0252e-14
5.1094e-14
5.195e-14
5.282e-14
5.3705e-14
5.4604e-14
5.5518e-14
5.6448e-14
5.7393e-14
5.8353e-14
5.933e-14
6.0323e-14
6.1332e-14
6.2358e-14
6.34e-14
6.446e-14
6.5538e-14
6.6633e-14
6.7747e-14
6.8879e-14
7.0029e-14
7.1199e-14
7.2387e-14
7.3595e-14
7.4823e-14
7.6072e-14
7.734e-14
7.863e-14
7.9941e-14
8.1273e-14
8.2627e-14
8.4003e-14
8.5402e-14
8.6824e-14
8.8269e-14
8.9737e-14
9.123e-14
9.2747e-14
9.4288e-14
9.5855e-14
9.7448e-14
9.9066e-14
1.0071e-13
1.0238e-13
1.0408e-13
1.0581e-13
1.0756e-13
1.0934e-13
1.1116e-13
1.13e-13
1.1487e-13
1.1677e-13
1.187e-13
1.2066e-13
1.2266e-13
1.2469e-13
1.2675e-13
1.2884e-13
1.3097e-13
1.3313e-13
1.3533e-13
1.3756e-13
1.3983e-13
1.4213e-13
1.4447e-13
1.4685e-13
1.4927e-13
1.5173e-13
1.5422e-13
1.5676e-13
1.5934e-13
1.6196e-13
1.6462e-13
1.6732e-13
1.7007e-13
1.7286e-13
1.7569e-13
1.7857e-13
1.815e-13
1.8447e-13
1.8749e-13
1.9056e-13
1.9368e-13
1.9685e-13
2.0007e-13
2.0334e-13
2.0666e-13
2.1003e-13
2.1346e-13
2.1695e-13
2.2049e-13
2.2408e-13
2.2773e-13
2.3144e-13
2.3521e-13
2.3904e-13
2.4293e-13
2.4688e-13
2.509e-13
2.5498e-13
2.5912e-13
2.6333e-13
2.676e-13
2.7195e-13
2.7636e-13
2.8084e-13
2.8539e-13
2.9001e-13
2.9471e-13
2.9948e-13
3.0433e-13
3.0925e-13
3.1425e-13
3.1933e-13
3.2449e-13
3.2973e-13
3.3505e-13
3.4046e-13
3.4595e-13
3.5152e-13
3.5719e-13
3.6294e-13
3.6879e-13
3.7472e-13
3.8075e-13
3.8687e-13
3.9309e-13
3.9941e-13
4.0582e-13
4.1234e-13
4.1896e-13
4.2568e-13
4.325e-13
4.3943e-13
4.4647e-13
4.5362e-13
4.6089e-13
4.6826e-13
4.7575e-13
4.8336e-13
4.9108e-13
4.9893e-13
5.0689e-13
5.1498e-13
5.232e-13
5.3154e-13
5.4001e-13
5.4862e-13
5.5736e-13
5.6623e-13
5.7524e-13
5.8439e-13
5.9368e-13
6.0312e-13
6.127e-13
6.2243e-13
6.3231e-13
6.4234e-13
6.5253e-13
6.6287e-13
6.7337e-13
6.8404e-13
6.9487e-13
7.0587e-13
7.1703e-13
7.2837e-13
7.3988e-13
7.5157e-13
7.6344e-13
7.7549e-13
7.8772e-13
8.0015e-13
8.1276e-13
8.2557e-13
8.3857e-13
8.5177e-13
8.6518e-13
8.7879e-13
8.9261e-13
9.0664e-13
9.2088e-13
9.3534e-13
9.5002e-13
9.6493e-13
9.8006e-13
9.9542e-13
1.011e-12
1.0269e-12
1.0429e-12
1.0593e-12
1.0758e-12
1.0926e-12
1.1097e-12
1.1271e-12
1.1447e-12
1.1625e-12
1.1807e-12
1.1991e-12
1.2178e-12
1.2367e-12
1.256e-12
1.2755e-12
1.2954e-12
1.3155e-12
1.336e-12
1.3568e-12
1.3778e-12
1.3992e-12
1.4209e-12
1.443e-12
1.4654e-12
1.4881e-12
1.5111e-12
1.5345e-12
1.5583e-12
1.5824e-12
1.6069e-12
1.6317e-12
1.6569e-12
1.6825e-12
1.7085e-12
1.7349e-12
1.7616e-12
1.7888e-12
1.8163e-12
1.8443e-12
1.8727e-12
1.9015e-12
1.9308e-12
1.9605e-12
1.9906e-12
2.0212e-12
2.0522e-12
2.0837e-12
2.1157e-12
2.1482e-12
2.1811e-12
2.2145e-12
2.2484e-12
2.2829e-12
2.3178e-12
2.3532e-12
2.3892e-12
2.4257e-12
2.4628e-12
2.5004e-12
2.5385e-12
2.5773e-12
2.6166e-12
2.6564e-12
2.6969e-12
2.738e-12
2.7797e-12
2.8219e-12
2.8649e-12
2.9084e-12
2.9526e-12
2.9974e-12
3.0429e-12
3.0891e-12
3.136e-12
3.1835e-12
3.2317e-12
3.2807e-12
3.3304e-12
3.3808e-12
3.4319e-12
3.4838e-12
3.5364e-12
3.5898e-12
3.644e-12
3.699e-12
3.7548e-12
3.8115e-12
3.8689e-12
3.9272e-12
3.9863e-12
4.0463e-12
4.1072e-12
4.1689e-12
4.2316e-12
4.2952e-12
4.3597e-12
4.4251e-12
4.4915e-12
4.5589e-12
4.6272e-12
4.6965e-12
4.7669e-12
4.8382e-12
4.9106e-12
4.9841e-12
5.0586e-12
5.1341e-12
5.2108e-12
5.2886e-12
5.3675e-12
5.4476e-12
5.5288e-12
5.6112e-12
5.6948e-12
5.7795e-12
5.8655e-12
5.9528e-12
6.0413e-12
6.1311e-12
6.2221e-12
6.3145e-12
6.4082e-12
6.5033e-12
6.5997e-12
6.6975e-12
6.7967e-12
6.8974e-12
6.9994e-12
7.103e-12
7.208e-12
7.3145e-12
7.4226e-12
7.5322e-12
7.6433e-12
7.7561e-12
7.8704e-12
7.9864e-12
8.1041e-12
8.2234e-12
8.3444e-12
8.4672e-12
8.5917e-12
8.718e-12
8.846e-12
8.9759e-12
9.1077e-12
9.2413e-12
9.3768e-12
9.5142e-12
9.6536e-12
9.795e-12
9.9383e-12
1.0084e-11
1.0231e-11
1.0381e-11
1.0532e-11
1.0686e-11
1.0842e-11
1.1e-11
1.1161e-11
1.1323e-11
1.1488e-11
1.1656e-11
1.1825e-11
1.1997e-11
1.2172e-11
1.2349e-11
1.2528e-11
1.271e-11
1.2894e-11
1.3081e-11
1.3271e-11
1.3464e-11
1.3659e-11
1.3856e-11
1.4057e-11
1.426e-11
1.4466e-11
1.4675e-11
1.4887e-11
1.5102e-11
1.532e-11
1.5541e-11
1.5765e-11
1.5993e-11
1.6223e-11
1.6457e-11
1.6694e-11
1.6934e-11
1.7177e-11
1.7424e-11
1.7674e-11
1.7928e-11
1.8185e-11
1.8446e-11
1.8711e-11
1.8979e-11
1.9251e-11
1.9526e-11
1.9806e-11
2.0089e-11
2.0376e-11
2.0667e-11
2.0962e-11
2.1262e-11
2.1565e-11
2.1873e-11
2.2184e-11
2.2501e-11
2.2821e-11
2.3146e-11
2.3475e-11
2.3809e-11
2.4147e-11
2.4491e-11
2.4838e-11
2.5191e-11
2.5548e-11
2.5911e-11
2.6278e-11
2.665e-11
2.7028e-11
2.741e-11
2.7798e-11
2.8191e-11
2.8589e-11
2.8993e-11
2.9403e-11
2.9818e-11
3.0238e-11
3.0664e-11
3.1097e-11
3.1535e-11
3.1979e-11
3.2429e-11
3.2885e-11
3.3347e-11
3.3816e-11
3.4291e-11
3.4772e-11
3.526e-11
3.5754e-11
3.6256e-11
3.6763e-11
3.7278e-11
3.78e-11
3.8329e-11
3.8865e-11
3.9408e-11
3.9959e-11
4.0517e-11
4.1082e-11
4.1655e-11
4.2236e-11
4.2825e-11
4.3421e-11
4.4026e-11
4.4638e-11
4.5259e-11
4.5888e-11
4.6526e-11
4.7172e-11
4.7827e-11
4.8491e-11
4.9163e-11
4.9845e-11
5.0535e-11
5.1235e-11
5.1944e-11
5.2663e-11
5.3391e-11
5.4129e-11
5.4877e-11
5.5634e-11
5.6402e-11
5.718e-11
5.7969e-11
5.8767e-11
5.9577e-11
6.0397e-11
6.1228e-11
6.207e-11
6.2923e-11
6.3788e-11
6.4664e-11
6.5551e-11
6.6451e-11
6.7362e-11
6.8285e-11
6.922e-11
7.0168e-11
7.1128e-11
7.2101e-11
7.3087e-11
7.4086e-11
7.5098e-11
7.6123e-11
7.7161e-11
7.8214e-11
7.928e-11
8.036e-11
8.1454e-11
8.2563e-11
8.3686e-11
8.4824e-11
8.5976e-11
8.7144e-11
8.8327e-11
8.9526e-11
9.074e-11
9.197e-11
9.3216e-11
9.4479e-11
9.5757e-11
9.7053e-11
9.8365e-11
9.9695e-11
1.0104e-10
1.0241e-10
1.0379e-10
1.0519e-10
1.0661e-10
1.0804e-10
1.095e-10
1.1097e-10
1.1246e-10
1.1398e-10
1.1551e-10
1.1706e-10
1.1863e-10
1.2022e-10
1.2184e-10
1.2347e-10
1.2512e-10
1.268e-10
1.285e-10
1.3022e-10
1.3196e-10
1.3372e-10
1.3551e-10
1.3732e-10
1.3915e-10
1.4101e-10
1.4289e-10
1.4479e-10
1.4672e-10
1.4867e-10
1.5065e-10
1.5265e-10
1.5468e-10
1.5674e-10
1.5882e-10
1.6093e-10
1.6306e-10
1.6522e-10
1.6741e-10
1.6963e-10
1.7187e-10
1.7415e-10
1.7645e-10
1.7878e-10
1.8114e-10
1.8354e-10
1.8596e-10
1.8841e-10
1.9089e-10
1.9341e-10
1.9596e-10
1.9853e-10
2.0115e-10
2.0379e-10
2.0647e-10
2.0918e-10
2.1193e-10
2.1471e-10
2.1752e-10
2.2038e-10
2.2326e-10
2.2619e-10
2.2915e-10
2.3214e-10
2.3518e-10
2.3825e-10
2.4136e-10
2.4451e-10
2.477e-10
2.5093e-10
2.5421e-10
2.5752e-10
2.6087e-10
2.6426e-10
2.677e-10
2.7118e-10
2.747e-10
2.7827e-10
2.8188e-10
2.8554e-10
2.8924e-10
2.9299e-10
2.9678e-10
3.0063e-10
3.0452e-10
3.0845e-10
3.1244e-10
3.1648e-10
3.2056e-10
3.247e-10
3.2889e-10
3.3313e-10
3.3742e-10
3.4176e-10
3.4616e-10
3.5062e-10
3.5512e-10
3.5969e-10
3.6431e-10
3.6898e-10
3.7372e-10
3.7851e-10
3.8336e-10
3.8827e-10
3.9324e-10
3.9827e-10
4.0337e-10
4.0852e-10
4.1374e-10
4.1902e-10
4.2437e-10
4.2978e-10
4.3526e-10
4.4081e-10
4.4642e-10
4.5211e-10
4.5786e-10
4.6368e-10
4.6957e-10
4.7553e-10
4.8157e-10
4.8768e-10
4.9386e-10
5.0012e-10
5.0646e-10
5.1287e-10
5.1936e-10
5.2593e-10
5.3257e-10
5.393e-10
5.4611e-10
5.53e-10
5.5998e-10
5.6704e-10
5.7418e-10
5.8141e-10
5.8873e-10
5.9613e-10
6.0363e-10
6.1121e-10
6.1889e-10
6.2666e-10
6.3452e-10
6.4247e-10
6.5053e-10
6.5867e-10
6.6692e-10
6.7526e-10
6.837e-10
6.9225e-10
7.009e-10
7.0965e-10
7.185e-10
7.2746e-10
7.3653e-10
7.457e-10
7.5498e-10
7.6438e-10
7.7388e-10
7.835e-10
7.9324e-10
8.0309e-10
8.1305e-10
8.2313e-10
8.3334e-10
8.4366e-10
8.5411e-10
8.6468e-10
8.7537e-10
8.8619e-10
8.9714e-10
9.0822e-10
9.1943e-10
9.3077e-10
9.4224e-10
9.5385e-10
9.656e-10
9.7748e-10
9.8951e-10
1.0017e-09
1.014e-09
1.0264e-09
1.039e-09
1.0518e-09
1.0647e-09
1.0777e-09
1.0909e-09
1.1043e-09
1.1178e-09
1.1314e-09
1.1453e-09
1.1592e-09
1.1734e-09
1.1877e-09
1.2022e-09
1.2168e-09
1.2317e-09
1.2467e-09
1.2618e-09
1.2772e-09
1.2927e-09
1.3084e-09
1.3243e-09
1.3403e-09
1.3566e-09
1.373e-09
1.3896e-09
1.4065e-09
1.4235e-09
1.4407e-09
1.4581e-09
1.4757e-09
1.4935e-09
1.5115e-09
1.5298e-09
1.5482e-09
1.5668e-09
1.5857e-09
1.6048e-09
1.6241e-09
1.6436e-09
1.6633e-09
1.6833e-09
1.7035e-09
1.7239e-09
1.7445e-09
1.7654e-09
1.7866e-09
1.8079e-09
1.8295e-09
1.8514e-09
1.8735e-09
1.8959e-09
1.9185e-09
1.9414e-09
1.9645e-09
1.9879e-09
2.0115e-09
2.0355e-09
2.0597e-09
2.0841e-09
2.1089e-09
2.1339e-09
2.1592e-09
2.1848e-09
2.2107e-09
2.2369e-09
2.2633e-09
2.2901e-09
2.3172e-09
2.3445e-09
2.3722e-09
2.4002e-09
2.4285e-09
2.4571e-09
2.4861e-09
2.5153e-09
2.5449e-09
2.5748e-09
2.6051e-09
2.6357e-09
2.6666e-09
2.6979e-09
2.7295e-09
2.7615e-09
2.7939e-09
2.8266e-09
2.8596e-09
2.8931e-09
2.9269e-09
2.961e-09
2.9956e-09
3.0305e-09
3.0659e-09
3.1016e-09
3.1377e-09
3.1742e-09
3.2111e-09
3.2484e-09
3.2862e-09
3.3243e-09
3.3629e-09
3.4019e-09
3.4413e-09
3.4812e-09
3.5215e-09
3.5622e-09
3.6034e-09
3.645e-09
3.6871e-09
3.7297e-09
3.7727e-09
3.8162e-09
3.8601e-09
3.9046e-09
3.9495e-09
3.9949e-09
4.0409e-09
4.0873e-09
4.1342e-09
4.1816e-09
4.2296e-09
4.2781e-09
4.327e-09
4.3766e-09
4.4266e-09
4.4773e-09
4.5284e-09
4.5801e-09
4.6324e-09
4.6852e-09
4.7386e-09
4.7926e-09
4.8472e-09
4.9023e-09
4.9581e-09
5.0144e-09
5.0714e-09
5.129e-09
5.1872e-09
5.246e-09
5.3054e-09
5.3655e-09
5.4262e-09
5.4876e-09
5.5496e-09
5.6123e-09
5.6757e-09
5.7397e-09
5.8045e-09
5.8699e-09
5.936e-09
6.0028e-09
6.0703e-09
6.1386e-09
6.2076e-09
6.2773e-09
6.3477e-09
6.4189e-09
6.4909e-09
6.5636e-09
6.6371e-09
6.7113e-09
6.7864e-09
6.8622e-09
6.9389e-09
7.0163e-09
7.0946e-09
7.1737e-09
7.2536e-09
7.3344e-09
7.416e-09
7.4985e-09
7.5818e-09
7.666e-09
7.7511e-09
7.8371e-09
7.924e-09
8.0118e-09
8.1005e-09
8.1902e-09
8.2808e-09
8.3723e-09
8.4648e-09
8.5582e-09
8.6527e-09
8.7481e-09
8.8445e-09
8.9419e-09
9.0403e-09
9.1397e-09
9.2402e-09
9.3417e-09
9.4443e-09
9.5479e-09
9.6526e-09
9.7584e-09
9.8652e-09
9.9732e-09
1.0082e-08
1.0193e-08
1.0304e-08
1.0416e-08
1.053e-08
1.0645e-08
1.0761e-08
1.0878e-08
1.0996e-08
1.1116e-08
1.1237e-08
1.1359e-08
1.1482e-08
1.1607e-08
1.1733e-08
1.186e-08
1.1988e-08
1.2118e-08
1.2249e-08
1.2382e-08
1.2515e-08
1.265e-08
1.2787e-08
1.2925e-08
1.3064e-08
1.3205e-08
1.3347e-08
1.349e-08
1.3635e-08
1.3782e-08
1.393e-08
1.4079e-08
1.423e-08
1.4383e-08
1.4537e-08
1.4692e-08
1.4849e-08
1.5008e-08
1.5169e-08
1.533e-08
1.5494e-08
1.5659e-08
1.5826e-08
1.5994e-08
1.6165e-08
1.6337e-08
1.651e-08
1.6686e-08
1.6863e-08
1.7041e-08
1.7222e-08
1.7405e-08
1.7589e-08
1.7775e-08
1.7963e-08
1.8153e-08
1.8344e-08
1.8538e-08
1.8733e-08
1.8931e-08
1.913e-08
1.9331e-08
1.9535e-08
1.974e-08
1.9948e-08
2.0157e-08
2.0368e-08
2.0582e-08
2.0798e-08
2.1015e-08
2.1235e-08
2.1457e-08
2.1682e-08
2.1908e-08
2.2137e-08
2.2368e-08
2.2601e-08
2.2836e-08
2.3074e-08
2.3314e-08
2.3556e-08
2.3801e-08
2.4048e-08
2.4298e-08
2.455e-08
2.4804e-08
2.5061e-08
2.532e-08
2.5582e-08
2.5847e-08
2.6114e-08
2.6383e-08
2.6655e-08
2.693e-08
2.7208e-08
2.7488e-08
2.7771e-08
2.8056e-08
2.8344e-08
2.8635e-08
2.8929e-08
2.9226e-08
2.9525e-08
2.9828e-08
3.0133e-08
3.0441e-08
3.0752e-08
3.1067e-08
3.1384e-08
3.1704e-08
3.2027e-08
3.2353e-08
3.2683e-08
3.3015e-08
3.3351e-08
3.369e-08
3.4032e-08
3.4377e-08
3.4725e-08
3.5077e-08
3.5433e-08
3.5791e-08
3.6153e-08
3.6518e-08
3.6887e-08
3.7259e-08
3.7635e-08
3.8015e-08
3.8397e-08
3.8784e-08
3.9174e-08
3.9568e-08
3.9965e-08
4.0366e-08
4.0771e-08
4.118e-08
4.1593e-08
4.2009e-08
4.2429e-08
4.2853e-08
4.3282e-08
4.3714e-08
4.415e-08
4.459e-08
4.5034e-08
4.5483e-08
4.5935e-08
4.6392e-08
4.6853e-08
4.7318e-08
4.7788e-08
4.8262e-08
4.874e-08
4.9223e-08
4.971e-08
5.0201e-08
5.0697e-08
5.1198e-08
5.1703e-08
5.2213e-08
5.2728e-08
5.3247e-08
5.3771e-08
5.43e-08
5.4834e-08
5.5372e-08
5.5916e-08
5.6464e-08
5.7018e-08
5.7576e-08
5.814e-08
5.8708e-08
5.9282e-08
5.9861e-08
6.0445e-08
6.1035e-08
6.163e-08
6.223e-08
6.2836e-08
6.3447e-08
6.4064e-08
6.4686e-08
6.5314e-08
6.5948e-08
6.6587e-08
6.7232e-08
6.7883e-08
6.8539e-08
6.9202e-08
6.987e-08
7.0545e-08
7.1225e-08
7.1912e-08
7.2604e-08
7.3303e-08
7.4008e-08
7.4719e-08
7.5437e-08
7.6161e-08
7.6892e-08
7.7629e-08
7.8372e-08
7.9122e-08
7.9879e-08
8.0643e-08
8.1413e-08
8.219e-08
8.2974e-08
8.3765e-08
8.4562e-08
8.5367e-08
8.6179e-08
8.6998e-08
8.7824e-08
8.8658e-08
8.9499e-08
9.0347e-08
9.1202e-08
9.2065e-08
9.2936e-08
9.3814e-08
9.47e-08
9.5594e-08
9.6495e-08
9.7404e-08
9.8321e-08
9.9247e-08
1.0018e-07
1.0112e-07
1.0207e-07
1.0303e-07
1.0399e-07
1.0497e-07
1.0595e-07
1.0694e-07
1.0794e-07
1.0895e-07
1.0997e-07
1.1099e-07
1.1203e-07
1.1307e-07
1.1412e-07
1.1518e-07
1.1626e-07
1.1733e-07
1.1842e-07
1.1952e-07
1.2063e-07
1.2175e-07
1.2287e-07
1.2401e-07
1.2516e-07
1.2631e-07
1.2748e-07
1.2865e-07
1.2984e-07
1.3103e-07
1.3224e-07
1.3345e-07
1.3468e-07
1.3592e-07
1.3716e-07
1.3842e-07
1.3969e-07
1.4097e-07
1.4225e-07
1.4355e-07
1.4487e-07
1.4619e-07
1.4752e-07
1.4886e-07
1.5022e-07
1.5159e-07
1.5296e-07
1.5435e-07
1.5576e-07
1.5717e-07
1.5859e-07
1.6003e-07
1.6148e-07
1.6294e-07
1.6441e-07
1.659e-07
1.6739e-07
1.689e-07
1.7042e-07
1.7196e-07
1.7351e-07
1.7507e-07
1.7664e-07
1.7822e-07
1.7982e-07
1.8143e-07
1.8306e-07
1.847e-07
1.8635e-07
1.8801e-07
1.8969e-07
1.9139e-07
1.9309e-07
1.9481e-07
1.9655e-07
1.9829e-07
2.0006e-07
2.0183e-07
2.0362e-07
2.0543e-07
2.0725e-07
2.0909e-07
2.1094e-07
2.128e-07
2.1468e-07
2.1658e-07
2.1849e-07
2.2041e-07
2.2235e-07
2.2431e-07
2.2628e-07
2.2827e-07
2.3028e-07
2.323e-07
2.3433e-07
2.3639e-07
2.3845e-07
2.4054e-07
2.4264e-07
2.4476e-07
2.469e-07
2.4905e-07
2.5122e-07
2.5341e-07
2.5561e-07
2.5783e-07
2.6007e-07
2.6233e-07
2.6461e-07
2.669e-07
2.6921e-07
2.7154e-07
2.7389e-07
2.7625e-07
2.7864e-07
2.8104e-07
2.8346e-07
2.859e-07
2.8836e-07
2.9084e-07
2.9334e-07
2.9586e-07
2.984e-07
3.0095e-07
3.0353e-07
3.0613e-07
3.0875e-07
3.1139e-07
3.1404e-07
3.1672e-07
3.1942e-07
3.2214e-07
3.2488e-07
3.2765e-07
3.3043e-07
3.3324e-07
3.3606e-07
3.3891e-07
3.4178e-07
3.4467e-07
3.4759e-07
3.5053e-07
3.5349e-07
3.5647e-07
3.5947e-07
3.625e-07
3.6555e-07
3.6862e-07
3.7172e-07
3.7484e-07
3.7799e-07
3.8115e-07
3.8435e-07
3.8756e-07
3.908e-07
3.9407e-07
3.9736e-07
4.0067e-07
4.0401e-07
4.0738e-07
4.1077e-07
4.1418e-07
4.1762e-07
4.2109e-07
4.2458e-07
4.281e-07
4.3164e-07
4.3522e-07
4.3881e-07
4.4244e-07
4.4609e-07
4.4977e-07
4.5348e-07
4.5721e-07
4.6097e-07
4.6476e-07
4.6858e-07
4.7242e-07
4.7629e-07
4.802e-07
4.8413e-07
4.8809e-07
4.9208e-07
4.9609e-07
5.0014e-07
5.0422e-07
5.0833e-07
5.1246e-07
5.1663e-07
5.2083e-07
5.2506e-07
5.2932e-07
5.3361e-07
5.3793e-07
5.4228e-07
5.4666e-07
5.5108e-07
5.5553e-07
5.6001e-07
5.6452e-07
5.6906e-07
5.7364e-07
5.7825e-07
5.829e-07
5.8757e-07
5.9228e-07
5.9703e-07
6.0181e-07
6.0662e-07
6.1147e-07
6.1635e-07
6.2126e-07
6.2622e-07
6.312e-07
6.3622e-07
6.4128e-07
6.4638e-07
6.5151e-07
6.5667e-07
6.6187e-07
6.6711e-07
6.7239e-07
6.777e-07
6.8305e-07
6.8844e-07
6.9387e-07
6.9933e-07
7.0484e-07
7.1038e-07
7.1596e-07
7.2158e-07
7.2723e-07
7.3293e-07
7.3867e-07
7.4445e-07
7.5026e-07
7.5612e-07
7.6202e-07
7.6796e-07
7.7394e-07
7.7996e-07
7.8603e-07
7.9213e-07
7.9828e-07
8.0447e-07
8.107e-07
8.1698e-07
8.2329e-07
8.2966e-07
8.3606e-07
8.4251e-07
8.49e-07
8.5554e-07
8.6212e-07
8.6875e-07
8.7542e-07
8.8214e-07
8.889e-07
8.9571e-07
9.0256e-07
9.0946e-07
9.1641e-07
9.234e-07
9.3044e-07
9.3753e-07
9.4467e-07
9.5185e-07
9.5909e-07
9.6637e-07
9.737e-07
9.8108e-07
9.8851e-07
9.9598e-07
1.0035e-06
1.0111e-06
1.0187e-06
1.0264e-06
1.0341e-06
1.0419e-06
1.0497e-06
1.0576e-06
1.0656e-06
1.0735e-06
1.0816e-06
1.0897e-06
1.0978e-06
1.106e-06
1.1143e-06
1.1226e-06
1.131e-06
1.1394e-06
1.1479e-06
1.1564e-06
1.165e-06
1.1736e-06
1.1823e-06
1.1911e-06
1.1999e-06
1.2087e-06
1.2177e-06
1.2266e-06
1.2357e-06
1.2448e-06
1.2539e-06
1.2631e-06
1.2724e-06
1.2817e-06
1.2911e-06
1.3006e-06
1.3101e-06
1.3197e-06
1.3293e-06
1.339e-06
1.3488e-06
1.3586e-06
1.3685e-06
1.3784e-06
1.3884e-06
1.3985e-06
1.4086e-06
1.4188e-06
1.4291e-06
1.4394e-06
1.4498e-06
1.4603e-06
1.4708e-06
1.4814e-06
1.4921e-06
1.5028e-06
1.5136e-06
1.5244e-06
1.5354e-06
1.5463e-06
1.5574e-06
1.5685e-06
1.5797e-06
1.591e-06
1.6023e-06
1.6138e-06
1.6252e-06
1.6368e-06
1.6484e-06
1.6601e-06
1.6719e-06
1.6837e-06
1.6956e-06
1.7076e-06
1.7196e-06
1.7318e-06
1.744e-06
1.7562e-06
1.7686e-06
1.781e-06
1.7935e-06
1.8061e-06
1.8187e-06
1.8315e-06
1.8443e-06
1.8571e-06
1.8701e-06
1.8831e-06
1.8963e-06
1.9094e-06
1.9227e-06
1.9361e-06
1.9495e-06
1.963e-06
1.9766e-06
1.9903e-06
2.004e-06
2.0179e-06
2.0318e-06
2.0458e-06
2.0599e-06
2.074e-06
2.0883e-06
2.1026e-06
2.117e-06
2.1315e-06
2.1461e-06
2.1608e-06
2.1755e-06
2.1904e-06
2.2053e-06
2.2203e-06
2.2354e-06
2.2506e-06
2.2659e-06
2.2813e-06
2.2967e-06
2.3123e-06
2.3279e-06
2.3436e-06
2.3594e-06
2.3754e-06
2.3914e-06
2.4074e-06
2.4236e-06
2.4399e-06
2.4563e-06
2.4727e-06
2.4893e-06
2.5059e-06
2.5227e-06
2.5395e-06
2.5564e-06
2.5735e-06
2.5906e-06
2.6078e-06
2.6251e-06
2.6425e-06
2.6601e-06
2.6777e-06
2.6954e-06
2.7132e-06
2.7311e-06
2.7491e-06
2.7672e-06
2.7854e-06
2.8037e-06
2.8221e-06
2.8406e-06
2.8593e-06
2.878e-06
2.8968e-06
2.9157e-06
2.9347e-06
2.9539e-06
2.9731e-06
2.9925e-06
3.0119e-06
3.0315e-06
3.0511e-06
3.0709e-06
3.0908e-06
3.1107e-06
3.1308e-06
3.151e-06
3.1713e-06
3.1918e-06
3.2123e-06
3.2329e-06
3.2537e-06
3.2745e-06
3.2955e-06
3.3166e-06
3.3378e-06
3.3591e-06
3.3805e-06
3.4021e-06
3.4237e-06
3.4455e-06
3.4674e-06
3.4894e-06
3.5115e-06
3.5337e-06
3.556e-06
3.5785e-06
3.6011e-06
3.6238e-06
3.6466e-06
3.6695e-06
3.6926e-06
3.7158e-06
3.7391e-06
3.7625e-06
3.786e-06
3.8097e-06
3.8335e-06
3.8574e-06
3.8814e-06
3.9056e-06
3.9298e-06
3.9542e-06
3.9788e-06
4.0034e-06
4.0282e-06
4.0531e-06
4.0781e-06
4.1033e-06
4.1286e-06
4.154e-06
4.1795e-06
4.2052e-06
4.231e-06
4.2569e-06
4.283e-06
4.3092e-06
4.3355e-06
4.3619e-06
4.3885e-06
4.4152e-06
4.4421e-06
4.4691e-06
4.4962e-06
4.5234e-06
4.5508e-06
4.5783e-06
4.606e-06
4.6338e-06
4.6617e-06
4.6898e-06
4.718e-06
4.7463e-06
4.7748e-06
4.8034e-06
4.8322e-06
4.8611e-06
4.8901e-06
4.9193e-06
4.9486e-06
4.9781e-06
5.0077e-06
5.0374e-06
5.0673e-06
5.0973e-06
5.1275e-06
5.1578e-06
5.1883e-06
5.2189e-06
5.2496e-06
5.2805e-06
5.3116e-06
5.3428e-06
5.3741e-06
5.4056e-06
5.4372e-06
5.469e-06
5.5009e-06
5.533e-06
5.5652e-06
5.5976e-06
5.6301e-06
5.6628e-06
5.6957e-06
5.7286e-06
5.7618e-06
5.7951e-06
5.8285e-06
5.8621e-06
5.8959e-06
5.9298e-06
5.9638e-06
5.998e-06
6.0324e-06
6.0669e-06
6.1016e-06
6.1365e-06
6.1715e-06
6.2066e-06
6.242e-06
6.2774e-06
6.3131e-06
6.3489e-06
6.3848e-06
6.4209e-06
6.4572e-06
6.4936e-06
6.5302e-06
6.567e-06
6.6039e-06
6.641e-06
6.6783e-06
6.7157e-06
6.7533e-06
6.791e-06
6.8289e-06
6.867e-06
6.9052e-06
6.9437e-06
6.9822e-06
7.021e-06
7.0599e-06
7.099e-06
7.1382e-06
7.1776e-06
7.2172e-06
7.257e-06
7.2969e-06
7.337e-06
7.3773e-06
7.4177e-06
7.4583e-06
7.4991e-06
7.54e-06
7.5812e-06
7.6225e-06
7.6639e-06
7.7056e-06
7.7474e-06
7.7894e-06
7.8316e-06
7.8739e-06
7.9165e-06
7.9592e-06
8.002e-06
8.0451e-06
8.0883e-06
8.1317e-06
8.1753e-06
8.2191e-06
8.263e-06
8.3072e-06
8.3515e-06
8.3959e-06
8.4406e-06
8.4854e-06
8.5305e-06
8.5757e-06
8.6211e-06
8.6666e-06
8.7124e-06
8.7583e-06
8.8045e-06
8.8508e-06
8.8973e-06
8.9439e-06
8.9908e-06
9.0378e-06
9.0851e-06
9.1325e-06
9.1801e-06
9.2278e-06
9.2758e-06
9.324e-06
9.3723e-06
9.4209e-06
9.4696e-06
9.5185e-06
9.5676e-06
9.6169e-06
9.6664e-06
9.716e-06
9.7659e-06
9.8159e-06
9.8662e-06
9.9166e-06
9.9672e-06
1.0018e-05
1.0069e-05
1.012e-05
1.0172e-05
1.0223e-05
1.0275e-05
1.0327e-05
1.0379e-05
1.0431e-05
1.0484e-05
1.0537e-05
1.059e-05
1.0643e-05
1.0696e-05
1.075e-05
1.0803e-05
1.0857e-05
1.0911e-05
1.0966e-05
1.102e-05
1.1075e-05
1.113e-05
1.1185e-05
1.124e-05
1.1296e-05
1.1351e-05
1.1407e-05
1.1463e-05
1.1519e-05
1.1576e-05
1.1633e-05
1.1689e-05
1.1747e-05
1.1804e-05
1.1861e-05
1.1919e-05
1.1977e-05
1.2035e-05
1.2093e-05
1.2152e-05
1.221e-05
1.2269e-05
1.2328e-05
1.2387e-05
1.2447e-05
1.2507e-05
1.2567e-05
1.2627e-05
1.2687e-05
1.2747e-05
1.2808e-05
1.2869e-05
1.293e-05
1.2991e-05
1.3053e-05
1.3115e-05
1.3176e-05
1.3239e-05
1.3301e-05
1.3363e-05
1.3426e-05
1.3489e-05
1.3552e-05
1.3616e-05
1.3679e-05
1.3743e-05
1.3807e-05
1.3871e-05
1.3935e-05
1.4e-05
1.4065e-05
1.413e-05
1.4195e-05
1.426e-05
1.4326e-05
1.4392e-05
1.4458e-05
1.4524e-05
1.459e-05
1.4657e-05
1.4724e-05
1.4791e-05
1.4858e-05
1.4925e-05
1.4993e-05
1.5061e-05
1.5129e-05
1.5197e-05
1.5266e-05
1.5334e-05
1.5403e-05
1.5472e-05
1.5542e-05
1.5611e-05
1.5681e-05
1.5751e-05
1.5821e-05
1.5891e-05
1.5962e-05
1.6032e-05
1.6103e-05
1.6174e-05
1.6246e-05
1.6317e-05
1.6389e-05
1.6461e-05
1.6533e-05
1.6606e-05
1.6678e-05
1.6751e-05
1.6824e-05
1.6897e-05
1.6971e-05
1.7044e-05
1.7118e-05
1.7192e-05
1.7266e-05
1.7341e-05
1.7415e-05
1.749e-05
1.7565e-05
1.764e-05
1.7716e-05
1.7791e-05
1.7867e-05
1.7943e-05
1.802e-05
1.8096e-05
1.8173e-05
1.8249e-05
1.8327e-05
1.8404e-05
1.8481e-05
1.8559e-05
1.8637e-05
1.8715e-05
1.8793e-05
1.8872e-05
1.895e-05
1.9029e-05
1.9108e-05
1.9188e-05
1.9267e-05
1.9347e-05
1.9427e-05
1.9507e-05
1.9587e-05
1.9667e-05
1.9748e-05
1.9829e-05
1.991e-05
1.9991e-05
2.0073e-05
2.0154e-05
2.0236e-05
2.0318e-05
2.0401e-05
2.0483e-05
2.0566e-05
2.0648e-05
2.0731e-05
2.0815e-05
2.0898e-05
2.0982e-05
2.1065e-05
2.1149e-05
2.1234e-05
2.1318e-05
2.1403e-05
2.1487e-05
2.1572e-05
2.1657e-05
2.1743e-05
2.1828e-05
2.1914e-05
2.2e-05
2.2086e-05
2.2172e-05
2.2259e-05
2.2345e-05
2.2432e-05
2.2519e-05
2.2607e-05
2.2694e-05
2.2782e-05
2.2869e-05
2.2957e-05
2.3045e-05
2.3134e-05
2.3222e-05
2.3311e-05
2.34e-05
2.3489e-05
2.3578e-05
2.3668e-05
2.3757e-05
2.3847e-05
2.3937e-05
2.4027e-05
2.4117e-05
2.4208e-05
2.4298e-05
2.4389e-05
2.448e-05
2.4572e-05
2.4663e-05
2.4754e-05
2.4846e-05
2.4938e-05
2.503e-05
2.5122e-05
2.5215e-05
2.5307e-05
2.54e-05
2.5493e-05
2.5586e-05
2.5679e-05
2.5773e-05
2.5866e-05
2.596e-05
2.6054e-05
2.6148e-05
2.6242e-05
2.6337e-05
2.6431e-05
2.6526e-05
2.6621e-05
2.6716e-05
2.6811e-05
2.6906e-05
2.7002e-05
2.7098e-05
2.7193e-05
2.7289e-05
2.7386e-05
2.7482e-05
2.7578e-05
2.7675e-05
2.7772e-05
2.7869e-05
2.7966e-05
2.8063e-05
2.816e-05
2.8258e-05
2.8356e-05
2.8453e-05
2.8551e-05
2.8649e-05
2.8748e-05
2.8846e-05
2.8945e-05
2.9043e-05
2.9142e-05
2.9241e-05
2.934e-05
2.9439e-05
2.9539e-05
2.9638e-05
2.9738e-05
2.9838e-05
2.9938e-05
3.0038e-05
3.0138e-05
3.0238e-05
3.0339e-05
3.0439e-05
3.054e-05
3.0641e-05
3.0742e-05
3.0843e-05
3.0944e-05
3.1045e-05
3.1147e-05
3.1248e-05
3.135e-05
3.1452e-05
3.1554e-05
3.1656e-05
3.1758e-05
3.186e-05
3.1963e-05
3.2065e-05
3.2168e-05
3.2271e-05
3.2373e-05
3.2476e-05
3.258e-05
3.2683e-05
3.2786e-05
3.2889e-05
3.2993e-05
3.3096e-05
3.32e-05
3.3304e-05
3.3408e-05
3.3512e-05
3.3616e-05
3.372e-05
3.3825e-05
3.3929e-05
3.4033e-05
3.4138e-05
3.4243e-05
3.4348e-05
3.4452e-05
3.4557e-05
3.4662e-05
3.4767e-05
3.4873e-05
3.4978e-05
3.5083e-05
3.5189e-05
3.5294e-05
3.54e-05
3.5506e-05
3.5611e-05
3.5717e-05
3.5823e-05
3.5929e-05
3.6035e-05
3.6141e-05
3.6248e-05
3.6354e-05
3.646e-05
3.6567e-05
3.6673e-05
3.678e-05
3.6886e-05
3.6993e-05
3.71e-05
3.7207e-05
3.7313e-05
3.742e-05
3.7527e-05
3.7634e-05
3.7741e-05
3.7848e-05
3.7956e-05
3.8063e-05
3.817e-05
3.8277e-05
3.8385e-05
3.8492e-05
3.8599e-05
3.8707e-05
3.8814e-05
3.8922e-05
3.903e-05
3.9137e-05
3.9245e-05
3.9353e-05
3.946e-05
3.9568e-05
3.9676e-05
3.9784e-05
3.9891e-05
3.9999e-05
4.0107e-05
4.0215e-05
4.0323e-05
4.0431e-05
4.0539e-05
4.0647e-05
4.0755e-05
4.0863e-05
4.0971e-05
4.1079e-05
4.1187e-05
4.1295e-05
4.1403e-05
4.1511e-05
4.1619e-05
4.1727e-05
4.1835e-05
4.1943e-05
4.2051e-05
4.2159e-05
4.2267e-05
4.2375e-05
4.2483e-05
4.2591e-05
4.2699e-05
4.2807e-05
4.2915e-05
4.3023e-05
4.3131e-05
4.3239e-05
4.3347e-05
4.3455e-05
4.3563e-05
4.3671e-05
4.3778e-05
4.3886e-05
4.3994e-05
4.4102e-05
4.4209e-05
4.4317e-05
4.4425e-05
4.4532e-05
4.464e-05
4.4747e-05
4.4855e-05
4.4962e-05
4.507e-05
4.5177e-05
4.5284e-05
4.5391e-05
4.5499e-05
4.5606e-05
4.5713e-05
4.582e-05
4.5927e-05
4.6034e-05
4.614e-05
4.6247e-05
4.6354e-05
4.6461e-05
4.6567e-05
4.6674e-05
4.678e-05
4.6887e-05
4.6993e-05
4.7099e-05
4.7205e-05
4.7311e-05
4.7417e-05
4.7523e-05
4.7629e-05
4.7735e-05
4.784e-05
4.7946e-05
4.8051e-05
4.8157e-05
4.8262e-05
4.8367e-05
4.8472e-05
4.8577e-05
4.8682e-05
4.8787e-05
4.8892e-05
4.8997e-05
4.9101e-05
4.9205e-05
4.931e-05
4.9414e-05
4.9518e-05
4.9622e-05
4.9726e-05
4.983e-05
4.9933e-05
5.0037e-05
5.014e-05
5.0243e-05
5.0346e-05
5.0449e-05
5.0552e-05
5.0655e-05
5.0758e-05
5.086e-05
5.0962e-05
5.1065e-05
5.1167e-05
5.1269e-05
5.137e-05
5.1472e-05
5.1573e-05
5.1675e-05
5.1776e-05
5.1877e-05
5.1978e-05
5.2079e-05
5.2179e-05
5.228e-05
5.238e-05
5.248e-05
5.258e-05
5.268e-05
5.278e-05
5.2879e-05
5.2978e-05
5.3077e-05
5.3176e-05
5.3275e-05
5.3374e-05
5.3472e-05
5.357e-05
5.3669e-05
5.3766e-05
5.3864e-05
5.3962e-05
5.4059e-05
5.4156e-05
5.4253e-05
5.435e-05
5.4447e-05
5.4543e-05
5.4639e-05
5.4735e-05
5.4831e-05
5.4927e-05
5.5022e-05
5.5117e-05
5.5212e-05
5.5307e-05
5.5402e-05
5.5496e-05
5.559e-05
5.5684e-05
5.5778e-05
5.5871e-05
5.5965e-05
5.6058e-05
5.6151e-05
5.6243e-05
5.6336e-05
5.6428e-05
5.652e-05
5.6611e-05
5.6703e-05
5.6794e-05
5.6885e-05
5.6976e-05
5.7067e-05
5.7157e-05
5.7247e-05
5.7337e-05
5.7426e-05
5.7516e-05
5.7605e-05
5.7694e-05
5.7782e-05
5.7871e-05
5.7959e-05
5.8047e-05
5.8134e-05
5.8222e-05
5.8309e-05
5.8395e-05
5.8482e-05
5.8568e-05
5.8654e-05
5.874e-05
5.8825e-05
5.8911e-05
5.8996e-05
5.908e-05
5.9165e-05
5.9249e-05
5.9333e-05
5.9416e-05
5.9499e-05
5.9582e-05
5.9665e-05
5.9748e-05
5.983e-05
5.9912e-05
5.9993e-05
6.0074e-05
6.0155e-05
6.0236e-05
6.0316e-05
6.0396e-05
6.0476e-05
6.0556e-05
6.0635e-05
6.0714e-05
6.0792e-05
6.0871e-05
6.0949e-05
6.1026e-05
6.1104e-05
6.1181e-05
6.1257e-05
6.1334e-05
6.141e-05
6.1486e-05
6.1561e-05
6.1636e-05
6.1711e-05
6.1786e-05
6.186e-05
6.1933e-05
6.2007e-05
6.208e-05
6.2153e-05
6.2226e-05
6.2298e-05
6.237e-05
6.2441e-05
6.2512e-05
6.2583e-05
6.2654e-05
6.2724e-05
6.2794e-05
6.2863e-05
6.2932e-05
6.3001e-05
6.3069e-05
6.3138e-05
6.3205e-05
6.3273e-05
6.334e-05
6.3406e-05
6.3473e-05
6.3539e-05
6.3604e-05
6.367e-05
6.3734e-05
6.3799e-05
6.3863e-05
6.3927e-05
6.399e-05
6.4054e-05
6.4116e-05
6.4179e-05
6.4241e-05
6.4302e-05
6.4363e-05
6.4424e-05
6.4485e-05
6.4545e-05
6.4605e-05
6.4664e-05
6.4723e-05
6.4781e-05
6.484e-05
6.4898e-05
6.4955e-05
6.5012e-05
6.5069e-05
6.5125e-05
6.5181e-05
6.5236e-05
6.5292e-05
6.5346e-05
6.5401e-05
6.5455e-05
6.5508e-05
6.5561e-05
6.5614e-05
6.5666e-05
6.5718e-05
6.577e-05
6.5821e-05
6.5872e-05
6.5922e-05
6.5972e-05
6.6022e-05
6.6071e-05
6.612e-05
6.6168e-05
6.6216e-05
6.6263e-05
6.631e-05
6.6357e-05
6.6403e-05
6.6449e-05
6.6495e-05
6.654e-05
6.6584e-05
6.6629e-05
6.6672e-05
6.6716e-05
6.6759e-05
6.6801e-05
6.6843e-05
6.6885e-05
6.6926e-05
6.6967e-05
6.7008e-05
6.7048e-05
6.7087e-05
6.7126e-05
6.7165e-05
6.7203e-05
6.7241e-05
6.7279e-05
6.7316e-05
6.7352e-05
6.7388e-05
6.7424e-05
6.7459e-05
6.7494e-05
6.7529e-05
6.7563e-05
6.7596e-05
6.7629e-05
6.7662e-05
6.7694e-05
6.7726e-05
6.7757e-05
6.7788e-05
6.7819e-05
6.7849e-05
6.7878e-05
6.7907e-05
6.7936e-05
6.7964e-05
6.7992e-05
6.802e-05
6.8046e-05
6.8073e-05
6.8099e-05
6.8125e-05
6.815e-05
6.8174e-05
6.8199e-05
6.8222e-05
6.8246e-05
6.8269e-05
6.8291e-05
6.8313e-05
6.8335e-05
6.8356e-05
6.8377e-05
6.8397e-05
6.8416e-05
6.8436e-05
6.8455e-05
6.8473e-05
6.8491e-05
6.8508e-05
6.8525e-05
6.8542e-05
6.8558e-05
6.8574e-05
6.8589e-05
6.8604e-05
6.8618e-05
6.8632e-05
6.8645e-05
6.8658e-05
6.8671e-05
6.8683e-05
6.8694e-05
6.8705e-05
6.8716e-05
6.8726e-05
6.8736e-05
6.8745e-05
6.8754e-05
6.8762e-05
6.877e-05
6.8777e-05
6.8784e-05
6.8791e-05
6.8797e-05
6.8802e-05
6.8808e-05
6.8812e-05
6.8816e-05
6.882e-05
6.8823e-05
6.8826e-05
6.8829e-05
6.883e-05
6.8832e-05
6.8833e-05
6.8833e-05
6.8833e-05
6.8833e-05
6.8832e-05
6.8831e-05
6.8829e-05
6.8827e-05
6.8824e-05
6.8821e-05
6.8817e-05
6.8813e-05
6.8808e-05
6.8803e-05
6.8798e-05
6.8792e-05
6.8786e-05
6.8779e-05
6.8771e-05
6.8764e-05
6.8755e-05
6.8747e-05
6.8737e-05
6.8728e-05
6.8718e-05
6.8707e-05
6.8696e-05
6.8685e-05
6.8673e-05
6.866e-05
6.8648e-05
6.8634e-05
6.8621e-05
6.8606e-05
6.8592e-05
6.8577e-05
6.8561e-05
6.8545e-05
6.8528e-05
6.8512e-05
6.8494e-05
6.8476e-05
6.8458e-05
6.8439e-05
6.842e-05
6.84e-05
6.838e-05
6.836e-05
6.8339e-05
6.8317e-05
6.8295e-05
6.8273e-05
6.825e-05
6.8227e-05
6.8203e-05
6.8179e-05
6.8154e-05
6.8129e-05
6.8104e-05
6.8078e-05
6.8051e-05
6.8025e-05
6.7997e-05
6.797e-05
6.7941e-05
6.7913e-05
6.7884e-05
6.7854e-05
6.7824e-05
6.7794e-05
6.7763e-05
6.7732e-05
6.77e-05
6.7668e-05
6.7635e-05
6.7602e-05
6.7569e-05
6.7535e-05
6.7501e-05
6.7466e-05
6.7431e-05
6.7395e-05
6.7359e-05
6.7322e-05
6.7285e-05
6.7248e-05
6.721e-05
6.7172e-05
6.7133e-05
6.7094e-05
6.7055e-05
6.7015e-05
6.6975e-05
6.6934e-05
6.6893e-05
6.6851e-05
6.6809e-05
6.6767e-05
6.6724e-05
6.668e-05
6.6637e-05
6.6593e-05
6.6548e-05
6.6503e-05
6.6458e-05
6.6412e-05
6.6366e-05
6.6319e-05
6.6272e-05
6.6225e-05
6.6177e-05
6.6128e-05
6.608e-05
6.6031e-05
6.5981e-05
6.5931e-05
6.5881e-05
6.583e-05
6.5779e-05
6.5728e-05
6.5676e-05
6.5624e-05
6.5571e-05
6.5518e-05
6.5464e-05
6.5411e-05
6.5356e-05
6.5302e-05
6.5247e-05
6.5191e-05
6.5135e-05
6.5079e-05
6.5022e-05
6.4965e-05
6.4908e-05
6.485e-05
6.4792e-05
6.4734e-05
6.4675e-05
6.4615e-05
6.4556e-05
6.4496e-05
6.4435e-05
6.4375e-05
6.4313e-05
6.4252e-05
6.419e-05
6.4128e-05
6.4065e-05
6.4002e-05
6.3939e-05
6.3875e-05
6.3811e-05
6.3746e-05
6.3682e-05
6.3616e-05
6.3551e-05
6.3485e-05
6.3419e-05
6.3352e-05
6.3285e-05
6.3218e-05
6.315e-05
6.3082e-05
6.3014e-05
6.2945e-05
6.2876e-05
6.2806e-05
6.2737e-05
6.2667e-05
6.2596e-05
6.2525e-05
6.2454e-05
6.2383e-05
6.2311e-05
6.2239e-05
6.2166e-05
6.2094e-05
6.2021e-05
6.1947e-05
6.1873e-05
6.1799e-05
6.1725e-05
6.165e-05
6.1575e-05
6.15e-05
6.1424e-05
6.1348e-05
6.1271e-05
6.1195e-05
6.1118e-05
6.1041e-05
6.0963e-05
6.0885e-05
6.0807e-05
6.0728e-05
6.0649e-05
6.057e-05
6.0491e-05
6.0411e-05
6.0331e-05
6.0251e-05
6.017e-05
6.0089e-05
6.0008e-05
5.9927e-05
5.9845e-05
5.9763e-05
5.968e-05
5.9598e-05
5.9515e-05
5.9432e-05
5.9348e-05
5.9264e-05
5.918e-05
5.9096e-05
5.9011e-05
5.8926e-05
5.8841e-05
5.8756e-05
5.867e-05
5.8584e-05
5.8498e-05
5.8411e-05
5.8325e-05
5.8238e-05
5.815e-05
5.8063e-05
5.7975e-05
5.7887e-05
5.7799e-05
5.771e-05
5.7621e-05
5.7532e-05
5.7443e-05
5.7353e-05
5.7264e-05
5.7174e-05
5.7083e-05
5.6993e-05
5.6902e-05
5.6811e-05
5.672e-05
5.6628e-05
5.6537e-05
5.6445e-05
5.6353e-05
5.626e-05
5.6168e-05
5.6075e-05
5.5982e-05
5.5889e-05
5.5795e-05
5.5701e-05
5.5607e-05
5.5513e-05
5.5419e-05
5.5324e-05
5.523e-05
5.5135e-05
5.504e-05
5.4944e-05
5.4849e-05
5.4753e-05
5.4657e-05
5.4561e-05
5.4464e-05
5.4368e-05
5.4271e-05
5.4174e-05
5.4077e-05
5.398e-05
5.3882e-05
5.3785e-05
5.3687e-05
5.3589e-05
5.349e-05
5.3392e-05
5.3293e-05
5.3195e-05
5.3096e-05
5.2997e-05
5.2897e-05
5.2798e-05
5.2698e-05
5.2599e-05
5.2499e-05
5.2399e-05
5.2298e-05
5.2198e-05
5.2097e-05
5.1997e-05
5.1896e-05
5.1795e-05
5.1693e-05
5.1592e-05
5.1491e-05
5.1389e-05
5.1287e-05
5.1185e-05
5.1083e-05
5.0981e-05
5.0879e-05
5.0776e-05
5.0674e-05
5.0571e-05
5.0468e-05
5.0365e-05
5.0262e-05
5.0159e-05
5.0056e-05
4.9952e-05
4.9849e-05
4.9745e-05
4.9641e-05
4.9537e-05
4.9433e-05
4.9329e-05
4.9225e-05
4.912e-05
4.9016e-05
4.8911e-05
4.8807e-05
4.8702e-05
4.8597e-05
4.8492e-05
4.8387e-05
4.8282e-05
4.8176e-05
4.8071e-05
4.7965e-05
4.786e-05
4.7754e-05
4.7649e-05
4.7543e-05
4.7437e-05
4.7331e-05
4.7225e-05
4.7119e-05
4.7012e-05
4.6906e-05
4.68e-05
4.6693e-05
4.6587e-05
4.648e-05
4.6374e-05
4.6267e-05
4.616e-05
4.6053e-05
4.5946e-05
4.584e-05
4.5733e-05
4.5625e-05
4.5518e-05
4.5411e-05
4.5304e-05
4.5197e-05
4.5089e-05
4.4982e-05
4.4875e-05
4.4767e-05
4.466e-05
4.4552e-05
4.4445e-05
4.4337e-05
4.4229e-05
4.4122e-05
4.4014e-05
4.3906e-05
4.3798e-05
4.3691e-05
4.3583e-05
4.3475e-05
4.3367e-05
4.3259e-05
4.3151e-05
4.3043e-05
4.2935e-05
4.2827e-05
4.2719e-05
4.2611e-05
4.2503e-05
4.2395e-05
4.2287e-05
4.2179e-05
4.2071e-05
4.1963e-05
4.1855e-05
4.1747e-05
4.1639e-05
4.1531e-05
4.1423e-05
4.1315e-05
4.1207e-05
4.1099e-05
4.0991e-05
4.0883e-05
4.0775e-05
4.0667e-05
4.0559e-05
4.0451e-05
4.0343e-05
4.0235e-05
4.0127e-05
4.0019e-05
3.9911e-05
3.9804e-05
3.9696e-05
3.9588e-05
3.948e-05
3.9373e-05
3.9265e-05
3.9157e-05
3.905e-05
3.8942e-05
3.8834e-05
3.8727e-05
3.8619e-05
3.8512e-05
3.8405e-05
3.8297e-05
3.819e-05
3.8083e-05
3.7975e-05
3.7868e-05
3.7761e-05
3.7654e-05
3.7547e-05
3.744e-05
3.7333e-05
3.7226e-05
3.712e-05
3.7013e-05
3.6906e-05
3.68e-05
3.6693e-05
3.6586e-05
3.648e-05
3.6374e-05
3.6267e-05
3.6161e-05
3.6055e-05
3.5949e-05
3.5843e-05
3.5737e-05
3.5631e-05
3.5525e-05
3.542e-05
3.5314e-05
3.5208e-05
3.5103e-05
3.4998e-05
3.4892e-05
3.4787e-05
3.4682e-05
3.4577e-05
3.4472e-05
3.4367e-05
3.4262e-05
3.4158e-05
3.4053e-05
3.3948e-05
3.3844e-05
3.374e-05
3.3635e-05
3.3531e-05
3.3427e-05
3.3323e-05
3.322e-05
3.3116e-05
3.3012e-05
3.2909e-05
3.2805e-05
3.2702e-05
3.2599e-05
3.2496e-05
3.2393e-05
3.229e-05
3.2187e-05
3.2084e-05
3.1982e-05
3.1879e-05
3.1777e-05
3.1675e-05
3.1573e-05
3.1471e-05
3.1369e-05
3.1267e-05
3.1166e-05
3.1064e-05
3.0963e-05
3.0862e-05
3.076e-05
3.0659e-05
3.0559e-05
3.0458e-05
3.0357e-05
3.0257e-05
3.0156e-05
3.0056e-05
2.9956e-05
2.9856e-05
2.9756e-05
2.9657e-05
2.9557e-05
2.9458e-05
2.9359e-05
2.9259e-05
2.916e-05
2.9062e-05
2.8963e-05
2.8864e-05
2.8766e-05
2.8668e-05
2.857e-05
2.8472e-05
2.8374e-05
2.8276e-05
2.8179e-05
2.8081e-05
2.7984e-05
2.7887e-05
2.779e-05
2.7693e-05
2.7596e-05
2.75e-05
2.7404e-05
2.7307e-05
2.7211e-05
2.7116e-05
2.702e-05
2.6924e-05
2.6829e-05
2.6734e-05
2.6639e-05
2.6544e-05
2.6449e-05
2.6354e-05
2.626e-05
2.6166e-05
2.6071e-05
2.5978e-05
2.5884e-05
2.579e-05
2.5697e-05
2.5603e-05
2.551e-05
2.5417e-05
2.5325e-05
2.5232e-05
2.514e-05
2.5047e-05
2.4955e-05
2.4863e-05
2.4772e-05
2.468e-05
2.4589e-05
2.4497e-05
2.4406e-05
2.4315e-05
2.4225e-05
2.4134e-05
2.4044e-05
2.3954e-05
2.3864e-05
2.3774e-05
2.3684e-05
2.3595e-05
2.3506e-05
2.3416e-05
2.3328e-05
2.3239e-05
2.315e-05
2.3062e-05
2.2974e-05
2.2886e-05
2.2798e-05
2.271e-05
2.2623e-05
2.2536e-05
2.2449e-05
2.2362e-05
2.2275e-05
2.2189e-05
2.2102e-05
2.2016e-05
2.193e-05
2.1844e-05
2.1759e-05
2.1673e-05
2.1588e-05
2.1503e-05
2.1418e-05
2.1334e-05
2.1249e-05
2.1165e-05
2.1081e-05
2.0997e-05
2.0914e-05
2.083e-05
2.0747e-05
2.0664e-05
2.0581e-05
2.0498e-05
2.0416e-05
2.0334e-05
2.0252e-05
2.017e-05
2.0088e-05
2.0007e-05
1.9925e-05
1.9844e-05
1.9763e-05
1.9682e-05
1.9602e-05
1.9522e-05
1.9442e-05
1.9362e-05
1.9282e-05
1.9202e-05
1.9123e-05
1.9044e-05
1.8965e-05
1.8886e-05
1.8808e-05
1.873e-05
1.8651e-05
1.8574e-05
1.8496e-05
1.8418e-05
1.8341e-05
1.8264e-05
1.8187e-05
1.811e-05
1.8034e-05
1.7958e-05
1.7881e-05
1.7806e-05
1.773e-05
1.7654e-05
1.7579e-05
1.7504e-05
1.7429e-05
1.7355e-05
1.728e-05
1.7206e-05
1.7132e-05
1.7058e-05
1.6984e-05
1.6911e-05
1.6838e-05
1.6765e-05
1.6692e-05
1.6619e-05
1.6547e-05
1.6475e-05
1.6403e-05
1.6331e-05
1.6259e-05
1.6188e-05
1.6117e-05
1.6046e-05
1.5975e-05
1.5904e-05
1.5834e-05
1.5764e-05
1.5694e-05
1.5624e-05
1.5555e-05
1.5485e-05
1.5416e-05
1.5347e-05
1.5279e-05
1.521e-05
1.5142e-05
1.5074e-05
1.5006e-05
1.4938e-05
1.4871e-05
1.4803e-05
1.4736e-05
1.4669e-05
1.4603e-05
1.4536e-05
1.447e-05
1.4404e-05
1.4338e-05
1.4273e-05
1.4207e-05
1.4142e-05
1.4077e-05
1.4012e-05
1.3947e-05
1.3883e-05
1.3819e-05
1.3755e-05
1.3691e-05
1.3628e-05
1.3564e-05
1.3501e-05
1.3438e-05
1.3375e-05
1.3313e-05
1.325e-05
1.3188e-05
1.3126e-05
1.3064e-05
1.3003e-05
1.2942e-05
1.288e-05
1.282e-05
1.2759e-05
1.2698e-05
1.2638e-05
1.2578e-05
1.2518e-05
1.2458e-05
1.2399e-05
1.2339e-05
1.228e-05
1.2221e-05
1.2163e-05
1.2104e-05
1.2046e-05
1.1988e-05
1.193e-05
1.1872e-05
1.1815e-05
1.1757e-05
1.17e-05
1.1643e-05
1.1587e-05
1.153e-05
1.1474e-05
1.1418e-05
1.1362e-05
1.1306e-05
1.1251e-05
1.1195e-05
1.114e-05
1.1085e-05
1.103e-05
1.0976e-05
1.0922e-05
1.0867e-05
1.0813e-05
1.076e-05
1.0706e-05
1.0653e-05
1.06e-05
1.0547e-05
1.0494e-05
1.0441e-05
1.0389e-05
1.0337e-05
1.0285e-05
1.0233e-05
1.0181e-05
1.013e-05
1.0079e-05
1.0028e-05
9.9768e-06
9.9262e-06
9.8757e-06
9.8254e-06
9.7753e-06
9.7255e-06
9.6758e-06
9.6262e-06
9.5769e-06
9.5278e-06
9.4788e-06
9.4301e-06
9.3815e-06
9.3331e-06
9.2849e-06
9.2369e-06
9.1891e-06
9.1415e-06
9.094e-06
9.0468e-06
8.9997e-06
8.9528e-06
8.9061e-06
8.8596e-06
8.8132e-06
8.7671e-06
8.7211e-06
8.6753e-06
8.6297e-06
8.5843e-06
8.539e-06
8.494e-06
8.4491e-06
8.4044e-06
8.3599e-06
8.3156e-06
8.2714e-06
8.2274e-06
8.1836e-06
8.14e-06
8.0966e-06
8.0533e-06
8.0102e-06
7.9673e-06
7.9246e-06
7.882e-06
7.8396e-06
7.7974e-06
7.7554e-06
7.7135e-06
7.6719e-06
7.6303e-06
7.589e-06
7.5479e-06
7.5069e-06
7.4661e-06
7.4254e-06
7.3849e-06
7.3446e-06
7.3045e-06
7.2646e-06
7.2248e-06
7.1852e-06
7.1457e-06
7.1064e-06
7.0673e-06
7.0284e-06
6.9896e-06
6.951e-06
6.9126e-06
6.8743e-06
6.8362e-06
6.7982e-06
6.7605e-06
6.7228e-06
6.6854e-06
6.6481e-06
6.611e-06
6.574e-06
6.5372e-06
6.5006e-06
6.4641e-06
6.4278e-06
6.3917e-06
6.3557e-06
6.3199e-06
6.2842e-06
6.2487e-06
6.2134e-06
6.1782e-06
6.1431e-06
6.1083e-06
6.0736e-06
6.039e-06
6.0046e-06
5.9704e-06
5.9363e-06
5.9023e-06
5.8685e-06
5.8349e-06
5.8014e-06
5.7681e-06
5.735e-06
5.7019e-06
5.6691e-06
5.6364e-06
5.6038e-06
5.5714e-06
5.5392e-06
5.507e-06
5.4751e-06
5.4433e-06
5.4116e-06
5.3801e-06
5.3487e-06
5.3175e-06
5.2864e-06
5.2555e-06
5.2247e-06
5.1941e-06
5.1636e-06
5.1333e-06
5.1031e-06
5.073e-06
5.0431e-06
5.0133e-06
4.9837e-06
4.9542e-06
4.9249e-06
4.8957e-06
4.8666e-06
4.8377e-06
4.8089e-06
4.7803e-06
4.7518e-06
4.7234e-06
4.6952e-06
4.6671e-06
4.6391e-06
4.6113e-06
4.5836e-06
4.5561e-06
4.5287e-06
4.5014e-06
4.4743e-06
4.4472e-06
4.4204e-06
4.3936e-06
4.367e-06
4.3405e-06
4.3142e-06
4.288e-06
4.2619e-06
4.2359e-06
4.2101e-06
4.1844e-06
4.1589e-06
4.1334e-06
4.1081e-06
4.0829e-06
4.0579e-06
4.033e-06
4.0082e-06
3.9835e-06
3.9589e-06
3.9345e-06
3.9102e-06
3.886e-06
3.862e-06
3.8381e-06
3.8143e-06
3.7906e-06
3.767e-06
3.7436e-06
3.7202e-06
3.697e-06
3.674e-06
3.651e-06
3.6282e-06
3.6054e-06
3.5828e-06
3.5604e-06
3.538e-06
3.5157e-06
3.4936e-06
3.4716e-06
3.4497e-06
3.4279e-06
3.4062e-06
3.3847e-06
3.3632e-06
3.3419e-06
3.3207e-06
3.2996e-06
3.2786e-06
3.2577e-06
3.2369e-06
3.2163e-06
3.1957e-06
3.1753e-06
3.1549e-06
3.1347e-06
3.1146e-06
3.0946e-06
3.0747e-06
3.0549e-06
3.0352e-06
3.0157e-06
2.9962e-06
2.9768e-06
2.9576e-06
2.9384e-06
2.9194e-06
2.9004e-06
2.8816e-06
2.8629e-06
2.8442e-06
2.8257e-06
2.8073e-06
2.7889e-06
2.7707e-06
2.7526e-06
2.7346e-06
2.7166e-06
2.6988e-06
2.6811e-06
2.6635e-06
2.6459e-06
2.6285e-06
2.6112e-06
2.5939e-06
2.5768e-06
2.5597e-06
2.5428e-06
2.5259e-06
2.5092e-06
2.4925e-06
2.4759e-06
2.4594e-06
2.4431e-06
2.4268e-06
2.4106e-06
2.3945e-06
2.3784e-06
2.3625e-06
2.3467e-06
2.3309e-06
2.3153e-06
2.2997e-06
2.2843e-06
2.2689e-06
2.2536e-06
2.2384e-06
2.2232e-06
2.2082e-06
2.1933e-06
2.1784e-06
2.1636e-06
2.1489e-06
2.1343e-06
2.1198e-06
2.1054e-06
2.0911e-06
2.0768e-06
2.0626e-06
2.0485e-06
2.0345e-06
2.0206e-06
2.0067e-06
1.9929e-06
1.9793e-06
1.9656e-06
1.9521e-06
1.9387e-06
1.9253e-06
1.912e-06
1.8988e-06
1.8857e-06
1.8726e-06
1.8597e-06
1.8468e-06
1.8339e-06
1.8212e-06
1.8085e-06
1.7959e-06
1.7834e-06
1.771e-06
1.7586e-06
1.7463e-06
1.7341e-06
1.722e-06
1.7099e-06
1.6979e-06
1.686e-06
1.6742e-06
1.6624e-06
1.6507e-06
1.639e-06
1.6275e-06
1.616e-06
1.6046e-06
1.5932e-06
1.5819e-06
1.5707e-06
1.5596e-06
1.5485e-06
1.5375e-06
1.5266e-06
1.5157e-06
1.5049e-06
1.4941e-06
1.4835e-06
1.4729e-06
1.4623e-06
1.4519e-06
1.4415e-06
1.4311e-06
1.4208e-06
1.4106e-06
1.4005e-06
1.3904e-06
1.3804e-06
1.3704e-06
1.3605e-06
1.3507e-06
1.3409e-06
1.3312e-06
1.3216e-06
1.312e-06
1.3025e-06
1.293e-06
1.2836e-06
1.2742e-06
1.2649e-06
1.2557e-06
1.2466e-06
1.2374e-06
1.2284e-06
1.2194e-06
1.2105e-06
1.2016e-06
1.1928e-06
1.184e-06
1.1753e-06
1.1667e-06
1.1581e-06
1.1495e-06
1.141e-06
1.1326e-06
1.1242e-06
1.1159e-06
1.1076e-06
1.0994e-06
1.0913e-06
1.0832e-06
1.0751e-06
1.0671e-06
1.0592e-06
1.0513e-06
1.0434e-06
1.0356e-06
1.0279e-06
1.0202e-06
1.0126e-06
1.005e-06
9.9746e-07
9.8997e-07
9.8253e-07
9.7514e-07
9.678e-07
9.6051e-07
9.5327e-07
9.4608e-07
9.3893e-07
9.3183e-07
9.2478e-07
9.1778e-07
9.1082e-07
9.0391e-07
8.9705e-07
8.9023e-07
8.8346e-07
8.7674e-07
8.7006e-07
8.6342e-07
8.5683e-07
8.5028e-07
8.4378e-07
8.3733e-07
8.3091e-07
8.2454e-07
8.1822e-07
8.1193e-07
8.0569e-07
7.9949e-07
7.9334e-07
7.8723e-07
7.8115e-07
7.7512e-07
7.6914e-07
7.6319e-07
7.5728e-07
7.5142e-07
7.4559e-07
7.3981e-07
7.3406e-07
7.2836e-07
7.2269e-07
7.1706e-07
7.1148e-07
7.0593e-07
7.0042e-07
6.9494e-07
6.8951e-07
6.8411e-07
6.7876e-07
6.7344e-07
6.6815e-07
6.6291e-07
6.577e-07
6.5252e-07
6.4739e-07
6.4229e-07
6.3722e-07
6.3219e-07
6.272e-07
6.2224e-07
6.1732e-07
6.1243e-07
6.0758e-07
6.0276e-07
5.9797e-07
5.9322e-07
5.885e-07
5.8382e-07
5.7917e-07
5.7455e-07
5.6997e-07
5.6542e-07
5.609e-07
5.5641e-07
5.5196e-07
5.4754e-07
5.4315e-07
5.3879e-07
5.3446e-07
5.3016e-07
5.259e-07
5.2166e-07
5.1746e-07
5.1329e-07
5.0914e-07
5.0503e-07
5.0095e-07
4.969e-07
4.9287e-07
4.8888e-07
4.8491e-07
4.8098e-07
4.7707e-07
4.7319e-07
4.6934e-07
4.6551e-07
4.6172e-07
4.5795e-07
4.5421e-07
4.505e-07
4.4682e-07
4.4316e-07
4.3953e-07
4.3593e-07
4.3235e-07
4.288e-07
4.2528e-07
4.2178e-07
4.1831e-07
4.1486e-07
4.1144e-07
4.0805e-07
4.0468e-07
4.0134e-07
3.9802e-07
3.9472e-07
3.9145e-07
3.8821e-07
3.8499e-07
3.8179e-07
3.7862e-07
3.7547e-07
3.7234e-07
3.6924e-07
3.6616e-07
3.6311e-07
3.6007e-07
3.5706e-07
3.5408e-07
3.5111e-07
3.4817e-07
3.4525e-07
3.4236e-07
3.3948e-07
3.3663e-07
3.338e-07
3.3099e-07
3.282e-07
3.2543e-07
3.2269e-07
3.1996e-07
3.1726e-07
3.1458e-07
3.1191e-07
3.0927e-07
3.0665e-07
3.0405e-07
3.0147e-07
2.9891e-07
2.9637e-07
2.9384e-07
2.9134e-07
2.8886e-07
2.8639e-07
2.8395e-07
2.8152e-07
2.7912e-07
2.7673e-07
2.7436e-07
2.7201e-07
2.6967e-07
2.6736e-07
2.6506e-07
2.6278e-07
2.6052e-07
2.5828e-07
2.5606e-07
2.5385e-07
2.5166e-07
2.4948e-07
2.4733e-07
2.4519e-07
2.4307e-07
2.4096e-07
2.3887e-07
2.368e-07
2.3474e-07
2.327e-07
2.3068e-07
2.2867e-07
2.2668e-07
2.2471e-07
2.2275e-07
2.208e-07
2.1887e-07
2.1696e-07
2.1506e-07
2.1318e-07
2.1131e-07
2.0946e-07
2.0762e-07
2.058e-07
2.0399e-07
2.0219e-07
2.0041e-07
1.9865e-07
1.969e-07
1.9516e-07
1.9344e-07
1.9173e-07
1.9003e-07
1.8835e-07
1.8668e-07
1.8503e-07
1.8339e-07
1.8176e-07
1.8015e-07
1.7854e-07
1.7696e-07
1.7538e-07
1.7382e-07
1.7227e-07
1.7073e-07
1.6921e-07
1.677e-07
1.662e-07
1.6471e-07
1.6323e-07
1.6177e-07
1.6032e-07
1.5888e-07
1.5746e-07
1.5604e-07
1.5464e-07
1.5324e-07
1.5186e-07
1.505e-07
1.4914e-07
1.4779e-07
1.4646e-07
1.4513e-07
1.4382e-07
1.4252e-07
1.4123e-07
1.3994e-07
1.3867e-07
1.3742e-07
1.3617e-07
1.3493e-07
1.337e-07
1.3248e-07
1.3128e-07
1.3008e-07
1.2889e-07
1.2771e-07
1.2655e-07
1.2539e-07
1.2424e-07
1.231e-07
1.2197e-07
1.2086e-07
1.1975e-07
1.1865e-07
1.1756e-07
1.1647e-07
1.154e-07
1.1434e-07
1.1328e-07
1.1224e-07
1.112e-07
1.1017e-07
1.0916e-07
1.0815e-07
1.0714e-07
1.0615e-07
1.0517e-07
1.0419e-07
1.0322e-07
1.0226e-07
1.0131e-07
1.0037e-07
9.9436e-08
9.8509e-08
9.759e-08
9.6679e-08
9.5776e-08
9.4881e-08
9.3994e-08
9.3114e-08
9.2242e-08
9.1377e-08
9.052e-08
8.9671e-08
8.8828e-08
8.7993e-08
8.7166e-08
8.6345e-08
8.5532e-08
8.4726e-08
8.3927e-08
8.3134e-08
8.2349e-08
8.1571e-08
8.0799e-08
8.0034e-08
7.9276e-08
7.8525e-08
7.778e-08
7.7042e-08
7.631e-08
7.5584e-08
7.4865e-08
7.4153e-08
7.3447e-08
7.2746e-08
7.2053e-08
7.1365e-08
7.0683e-08
7.0007e-08
6.9338e-08
6.8674e-08
6.8016e-08
6.7364e-08
6.6718e-08
6.6078e-08
6.5443e-08
6.4814e-08
6.4191e-08
6.3573e-08
6.2961e-08
6.2354e-08
6.1752e-08
6.1156e-08
6.0566e-08
5.998e-08
5.94e-08
5.8825e-08
5.8256e-08
5.7691e-08
5.7132e-08
5.6577e-08
5.6028e-08
5.5483e-08
5.4944e-08
5.4409e-08
5.3879e-08
5.3354e-08
5.2834e-08
5.2318e-08
5.1808e-08
5.1301e-08
5.08e-08
5.0303e-08
4.981e-08
4.9322e-08
4.8839e-08
4.836e-08
4.7885e-08
4.7414e-08
4.6948e-08
4.6486e-08
4.6029e-08
4.5575e-08
4.5126e-08
4.4681e-08
4.424e-08
4.3803e-08
4.337e-08
4.2941e-08
4.2516e-08
4.2095e-08
4.1678e-08
4.1265e-08
4.0855e-08
4.045e-08
4.0048e-08
3.9649e-08
3.9255e-08
3.8864e-08
3.8477e-08
3.8093e-08
3.7713e-08
3.7337e-08
3.6964e-08
3.6594e-08
3.6228e-08
3.5866e-08
3.5506e-08
3.515e-08
3.4798e-08
3.4449e-08
3.4103e-08
3.376e-08
3.342e-08
3.3084e-08
3.2751e-08
3.2421e-08
3.2094e-08
3.177e-08
3.145e-08
3.1132e-08
3.0817e-08
3.0505e-08
3.0197e-08
2.9891e-08
2.9588e-08
2.9288e-08
2.899e-08
2.8696e-08
2.8404e-08
2.8116e-08
2.783e-08
2.7546e-08
2.7266e-08
2.6988e-08
2.6712e-08
2.644e-08
2.6169e-08
2.5902e-08
2.5637e-08
2.5375e-08
2.5115e-08
2.4857e-08
2.4602e-08
2.435e-08
2.41e-08
2.3852e-08
2.3607e-08
2.3364e-08
2.3124e-08
2.2885e-08
2.265e-08
2.2416e-08
2.2185e-08
2.1955e-08
2.1729e-08
2.1504e-08
2.1281e-08
2.1061e-08
2.0843e-08
2.0627e-08
2.0413e-08
2.0201e-08
1.9991e-08
1.9783e-08
1.9577e-08
1.9374e-08
1.9172e-08
1.8972e-08
1.8774e-08
1.8578e-08
1.8384e-08
1.8192e-08
1.8002e-08
1.7814e-08
1.7627e-08
1.7443e-08
1.726e-08
1.7079e-08
1.69e-08
1.6722e-08
1.6547e-08
1.6373e-08
1.62e-08
1.603e-08
1.5861e-08
1.5694e-08
1.5528e-08
1.5364e-08
1.5202e-08
1.5042e-08
1.4883e-08
1.4725e-08
1.4569e-08
1.4415e-08
1.4262e-08
1.4111e-08
1.3961e-08
1.3813e-08
1.3666e-08
1.3521e-08
1.3377e-08
1.3234e-08
1.3093e-08
1.2954e-08
1.2816e-08
1.2679e-08
1.2544e-08
1.241e-08
1.2277e-08
1.2145e-08
1.2015e-08
1.1887e-08
1.1759e-08
1.1633e-08
1.1508e-08
1.1385e-08
1.1262e-08
1.1141e-08
1.1021e-08
1.0903e-08
1.0785e-08
1.0669e-08
1.0554e-08
1.044e-08
1.0327e-08
1.0216e-08
1.0105e-08
9.9961e-09
9.8879e-09
9.7808e-09
9.6748e-09
9.5698e-09
9.466e-09
9.3632e-09
9.2615e-09
9.1608e-09
9.0611e-09
8.9625e-09
8.8649e-09
8.7683e-09
8.6727e-09
8.5781e-09
8.4844e-09
8.3917e-09
8.3e-09
8.2092e-09
8.1194e-09
8.0305e-09
7.9425e-09
7.8554e-09
7.7692e-09
7.6839e-09
7.5995e-09
7.516e-09
7.4333e-09
7.3515e-09
7.2706e-09
7.1905e-09
7.1112e-09
7.0328e-09
6.9552e-09
6.8784e-09
6.8024e-09
6.7271e-09
6.6527e-09
6.5791e-09
6.5062e-09
6.4341e-09
6.3627e-09
6.2921e-09
6.2223e-09
6.1531e-09
6.0847e-09
6.0171e-09
5.9501e-09
5.8838e-09
5.8183e-09
5.7534e-09
5.6892e-09
5.6257e-09
5.5629e-09
5.5007e-09
5.4392e-09
5.3783e-09
5.3181e-09
5.2585e-09
5.1996e-09
5.1413e-09
5.0836e-09
5.0265e-09
4.97e-09
4.9141e-09
4.8589e-09
4.8042e-09
4.7501e-09
4.6965e-09
4.6436e-09
4.5912e-09
4.5394e-09
4.4881e-09
4.4374e-09
4.3872e-09
4.3375e-09
4.2884e-09
4.2399e-09
4.1918e-09
4.1443e-09
4.0972e-09
4.0507e-09
4.0047e-09
3.9592e-09
3.9141e-09
3.8696e-09
3.8255e-09
3.7819e-09
3.7388e-09
3.6961e-09
3.654e-09
3.6122e-09
3.5709e-09
3.5301e-09
3.4897e-09
3.4498e-09
3.4103e-09
3.3712e-09
3.3325e-09
3.2943e-09
3.2565e-09
3.2191e-09
3.1821e-09
3.1455e-09
3.1093e-09
3.0735e-09
3.0381e-09
3.003e-09
2.9684e-09
2.9341e-09
2.9003e-09
2.8668e-09
2.8336e-09
2.8008e-09
2.7684e-09
2.7364e-09
2.7047e-09
2.6733e-09
2.6423e-09
2.6116e-09
2.5813e-09
2.5513e-09
2.5216e-09
2.4923e-09
2.4633e-09
2.4346e-09
2.4062e-09
2.3782e-09
2.3504e-09
2.323e-09
2.2959e-09
2.269e-09
2.2425e-09
2.2163e-09
2.1903e-09
2.1647e-09
2.1393e-09
2.1142e-09
2.0894e-09
2.0649e-09
2.0406e-09
2.0167e-09
1.993e-09
1.9695e-09
1.9463e-09
1.9234e-09
1.9007e-09
1.8783e-09
1.8562e-09
1.8342e-09
1.8126e-09
1.7912e-09
1.77e-09
1.749e-09
1.7283e-09
1.7079e-09
1.6876e-09
1.6676e-09
1.6478e-09
1.6283e-09
1.6089e-09
1.5898e-09
1.5709e-09
1.5522e-09
1.5337e-09
1.5155e-09
1.4974e-09
1.4795e-09
1.4619e-09
1.4444e-09
1.4272e-09
1.4101e-09
1.3933e-09
1.3766e-09
1.3601e-09
1.3438e-09
1.3277e-09
1.3118e-09
1.2961e-09
1.2805e-09
1.2651e-09
1.2499e-09
1.2349e-09
1.22e-09
1.2054e-09
1.1908e-09
1.1765e-09
1.1623e-09
1.1483e-09
1.1344e-09
1.1207e-09
1.1072e-09
1.0938e-09
1.0806e-09
1.0675e-09
1.0546e-09
1.0418e-09
1.0292e-09
1.0167e-09
1.0043e-09
9.9214e-10
9.8009e-10
9.6817e-10
9.564e-10
9.4476e-10
9.3326e-10
9.2189e-10
9.1065e-10
8.9954e-10
8.8857e-10
8.7772e-10
8.67e-10
8.564e-10
8.4593e-10
8.3558e-10
8.2535e-10
8.1524e-10
8.0525e-10
7.9538e-10
7.8562e-10
7.7597e-10
7.6644e-10
7.5703e-10
7.4772e-10
7.3852e-10
7.2943e-10
7.2045e-10
7.1157e-10
7.028e-10
6.9413e-10
6.8556e-10
6.771e-10
6.6873e-10
6.6047e-10
6.523e-10
6.4423e-10
6.3625e-10
6.2837e-10
6.2058e-10
6.1289e-10
6.0528e-10
5.9777e-10
5.9034e-10
5.8301e-10
5.7576e-10
5.686e-10
5.6152e-10
5.5453e-10
5.4762e-10
5.4079e-10
5.3404e-10
5.2738e-10
5.2079e-10
5.1429e-10
5.0786e-10
5.0151e-10
4.9523e-10
4.8903e-10
4.8291e-10
4.7685e-10
4.7087e-10
4.6497e-10
4.5913e-10
4.5336e-10
4.4767e-10
4.4204e-10
4.3648e-10
4.3098e-10
4.2556e-10
4.202e-10
4.149e-10
4.0967e-10
4.045e-10
3.9939e-10
3.9434e-10
3.8936e-10
3.8444e-10
3.7957e-10
3.7477e-10
3.7002e-10
3.6533e-10
3.607e-10
3.5613e-10
3.5161e-10
3.4714e-10
3.4273e-10
3.3837e-10
3.3407e-10
3.2982e-10
3.2562e-10
3.2147e-10
3.1738e-10
3.1333e-10
3.0933e-10
3.0538e-10
3.0148e-10
2.9763e-10
2.9383e-10
2.9007e-10
2.8636e-10
2.8269e-10
2.7907e-10
2.7549e-10
2.7196e-10
2.6847e-10
2.6502e-10
2.6162e-10
2.5826e-10
2.5494e-10
2.5166e-10
2.4842e-10
2.4522e-10
2.4206e-10
2.3894e-10
2.3586e-10
2.3281e-10
2.2981e-10
2.2684e-10
2.2391e-10
2.2101e-10
2.1815e-10
2.1533e-10
2.1254e-10
2.0979e-10
2.0707e-10
2.0438e-10
2.0173e-10
1.9911e-10
1.9653e-10
1.9397e-10
1.9145e-10
1.8896e-10
1.865e-10
1.8407e-10
1.8167e-10
1.7931e-10
1.7697e-10
1.7466e-10
1.7238e-10
1.7013e-10
1.679e-10
1.6571e-10
1.6354e-10
1.614e-10
1.5929e-10
1.572e-10
1.5514e-10
1.531e-10
1.5109e-10
1.4911e-10
1.4715e-10
1.4522e-10
1.4331e-10
1.4142e-10
1.3956e-10
1.3773e-10
1.3591e-10
1.3412e-10
1.3235e-10
1.306e-10
1.2888e-10
1.2718e-10
1.255e-10
1.2384e-10
1.222e-10
1.2058e-10
1.1899e-10
1.1741e-10
1.1585e-10
1.1432e-10
1.128e-10
1.113e-10
1.0983e-10
1.0837e-10
1.0693e-10
1.055e-10
1.041e-10
1.0271e-10
1.0135e-10
9.9996e-11
9.8663e-11
9.7346e-11
9.6047e-11
9.4765e-11
9.3499e-11
9.2249e-11
9.1015e-11
8.9798e-11
8.8596e-11
8.7409e-11
8.6238e-11
8.5082e-11
8.3941e-11
8.2814e-11
8.1703e-11
8.0605e-11
7.9522e-11
7.8453e-11
7.7397e-11
7.6356e-11
7.5328e-11
7.4313e-11
7.3311e-11
7.2323e-11
7.1347e-11
7.0384e-11
6.9433e-11
6.8495e-11
6.7569e-11
6.6655e-11
6.5753e-11
6.4863e-11
6.3985e-11
6.3118e-11
6.2262e-11
6.1417e-11
6.0584e-11
5.9761e-11
5.895e-11
5.8148e-11
5.7358e-11
5.6577e-11
5.5807e-11
5.5048e-11
5.4298e-11
5.3557e-11
5.2827e-11
5.2106e-11
5.1395e-11
5.0693e-11
5.0001e-11
4.9317e-11
4.8643e-11
4.7977e-11
4.732e-11
4.6672e-11
4.6033e-11
4.5401e-11
4.4779e-11
4.4164e-11
4.3558e-11
4.296e-11
4.2369e-11
4.1787e-11
4.1212e-11
4.0645e-11
4.0085e-11
3.9533e-11
3.8988e-11
3.845e-11
3.792e-11
3.7397e-11
3.688e-11
3.6371e-11
3.5868e-11
3.5372e-11
3.4883e-11
3.44e-11
3.3923e-11
3.3453e-11
3.299e-11
3.2532e-11
3.2081e-11
3.1635e-11
3.1196e-11
3.0763e-11
3.0335e-11
2.9913e-11
2.9497e-11
2.9086e-11
2.8681e-11
2.8282e-11
2.7887e-11
2.7498e-11
2.7115e-11
2.6736e-11
2.6363e-11
2.5994e-11
2.5631e-11
2.5272e-11
2.4919e-11
2.457e-11
2.4226e-11
2.3886e-11
2.3551e-11
2.3221e-11
2.2895e-11
2.2574e-11
2.2257e-11
2.1944e-11
2.1635e-11
2.1331e-11
2.1031e-11
2.0735e-11
2.0443e-11
2.0154e-11
1.987e-11
1.959e-11
1.9314e-11
1.9041e-11
1.8772e-11
1.8507e-11
1.8245e-11
1.7987e-11
1.7732e-11
1.7481e-11
1.7234e-11
1.6989e-11
1.6749e-11
1.6511e-11
1.6277e-11
1.6046e-11
1.5818e-11
1.5593e-11
1.5371e-11
1.5152e-11
1.4937e-11
1.4724e-11
1.4514e-11
1.4308e-11
1.4104e-11
1.3902e-11
1.3704e-11
1.3508e-11
1.3315e-11
1.3125e-11
1.2937e-11
1.2752e-11
1.257e-11
1.239e-11
1.2212e-11
1.2037e-11
1.1865e-11
1.1695e-11
1.1527e-11
1.1361e-11
1.1198e-11
1.1037e-11
1.0879e-11
1.0722e-11
1.0568e-11
1.0416e-11
1.0266e-11
1.0118e-11
9.9719e-12
9.8281e-12
9.6862e-12
9.5464e-12
9.4085e-12
9.2726e-12
9.1385e-12
9.0064e-12
8.8761e-12
8.7476e-12
8.6209e-12
8.496e-12
8.3728e-12
8.2514e-12
8.1317e-12
8.0137e-12
7.8973e-12
7.7826e-12
7.6694e-12
7.5579e-12
7.448e-12
7.3395e-12
7.2327e-12
7.1273e-12
7.0234e-12
6.921e-12
6.8201e-12
6.7205e-12
6.6224e-12
6.5257e-12
6.4303e-12
6.3363e-12
6.2436e-12
6.1522e-12
6.0621e-12
5.9734e-12
5.8858e-12
5.7995e-12
5.7145e-12
5.6306e-12
5.548e-12
5.4665e-12
5.3862e-12
5.307e-12
5.2289e-12
5.152e-12
5.0762e-12
5.0014e-12
4.9277e-12
4.8551e-12
4.7835e-12
4.7129e-12
4.6434e-12
4.5748e-12
4.5072e-12
4.4406e-12
4.3749e-12
4.3102e-12
4.2464e-12
4.1836e-12
4.1216e-12
4.0605e-12
4.0003e-12
3.941e-12
3.8825e-12
3.8249e-12
3.7681e-12
3.7121e-12
3.6569e-12
3.6025e-12
3.5489e-12
3.4961e-12
3.444e-12
3.3927e-12
3.3422e-12
3.2923e-12
3.2432e-12
3.1948e-12
3.1471e-12
3.1001e-12
3.0538e-12
3.0081e-12
2.9631e-12
2.9188e-12
2.8751e-12
2.832e-12
2.7896e-12
2.7478e-12
2.7066e-12
2.6659e-12
2.6259e-12
2.5865e-12
2.5476e-12
2.5093e-12
2.4716e-12
2.4344e-12
2.3978e-12
2.3617e-12
2.3261e-12
2.2911e-12
2.2565e-12
2.2225e-12
2.189e-12
2.1559e-12
2.1234e-12
2.0913e-12
2.0597e-12
2.0285e-12
1.9978e-12
1.9676e-12
1.9378e-12
1.9084e-12
1.8795e-12
1.851e-12
1.8229e-12
1.7953e-12
1.768e-12
1.7412e-12
1.7147e-12
1.6886e-12
1.663e-12
1.6377e-12
1.6127e-12
1.5882e-12
1.564e-12
1.5401e-12
1.5167e-12
1.4935e-12
1.4707e-12
1.4483e-12
1.4262e-12
1.4044e-12
1.3829e-12
1.3617e-12
1.3409e-12
1.3204e-12
1.3002e-12
1.2802e-12
1.2606e-12
1.2413e-12
1.2223e-12
1.2035e-12
1.185e-12
1.1668e-12
1.1489e-12
1.1312e-12
1.1138e-12
1.0967e-12
1.0798e-12
1.0632e-12
1.0468e-12
1.0307e-12
1.0148e-12
9.9912e-13
9.837e-13
9.6851e-13
9.5355e-13
9.3882e-13
9.2431e-13
9.1001e-13
8.9593e-13
8.8206e-13
8.6841e-13
8.5495e-13
8.417e-13
8.2865e-13
8.158e-13
8.0314e-13
7.9067e-13
7.7839e-13
7.663e-13
7.5438e-13
7.4265e-13
7.311e-13
7.1972e-13
7.0851e-13
6.9748e-13
6.8661e-13
6.759e-13
6.6536e-13
6.5498e-13
6.4475e-13
6.3468e-13
6.2477e-13
6.15e-13
6.0539e-13
5.9592e-13
5.8659e-13
5.7741e-13
5.6836e-13
5.5946e-13
5.5068e-13
5.4205e-13
5.3354e-13
5.2517e-13
5.1692e-13
5.088e-13
5.0081e-13
4.9293e-13
4.8518e-13
4.7754e-13
4.7003e-13
4.6262e-13
4.5534e-13
4.4816e-13
4.4109e-13
4.3413e-13
4.2728e-13
4.2054e-13
4.1389e-13
4.0735e-13
4.0091e-13
3.9457e-13
3.8833e-13
3.8218e-13
3.7613e-13
3.7017e-13
3.6431e-13
3.5853e-13
3.5284e-13
3.4725e-13
3.4173e-13
3.3631e-13
3.3096e-13
3.257e-13
3.2052e-13
3.1543e-13
3.1041e-13
3.0546e-13
3.006e-13
2.9581e-13
2.9109e-13
2.8645e-13
2.8188e-13
2.7738e-13
2.7296e-13
2.686e-13
2.643e-13
2.6008e-13
2.5592e-13
2.5182e-13
2.4779e-13
2.4383e-13
2.3992e-13
2.3607e-13
2.3229e-13
2.2856e-13
2.249e-13
2.2129e-13
2.1773e-13
2.1424e-13
2.1079e-13
2.074e-13
2.0407e-13
2.0078e-13
1.9755e-13
1.9437e-13
1.9124e-13
1.8816e-13
1.8512e-13
1.8213e-13
1.792e-13
1.763e-13
1.7346e-13
1.7065e-13
1.6789e-13
1.6518e-13
1.6251e-13
1.5988e-13
1.5729e-13
1.5474e-13
1.5223e-13
1.4977e-13
1.4734e-13
1.4495e-13
1.4259e-13
1.4028e-13
1.38e-13
1.3576e-13
1.3355e-13
1.3138e-13
1.2924e-13
1.2714e-13
1.2507e-13
1.2303e-13
1.2103e-13
1.1905e-13
1.1711e-13
1.152e-13
1.1332e-13
1.1147e-13
1.0965e-13
1.0786e-13
1.0609e-13
1.0436e-13
1.0265e-13
1.0097e-13
9.9317e-14
9.769e-14
9.6089e-14
9.4514e-14
9.2964e-14
9.1438e-14
8.9937e-14
8.846e-14
8.7007e-14
8.5577e-14
8.417e-14
8.2786e-14
8.1424e-14
8.0084e-14
7.8765e-14
7.7467e-14
7.6191e-14
7.4934e-14
7.3698e-14
7.2482e-14
7.1286e-14
7.0109e-14
6.8951e-14
6.7811e-14
6.669e-14
6.5587e-14
6.4502e-14
6.3434e-14
6.2384e-14
6.135e-14
6.0333e-14
5.9333e-14
5.8349e-14
5.7381e-14
5.6428e-14
5.5491e-14
5.4569e-14
5.3663e-14
5.277e-14
5.1893e-14
5.1029e-14
5.018e-14
4.9344e-14
4.8522e-14
4.7714e-14
4.6918e-14
4.6136e-14
4.5366e-14
4.4609e-14
4.3864e-14
4.3131e-14
4.241e-14
4.1701e-14
4.1004e-14
4.0318e-14
3.9643e-14
3.8979e-14
3.8326e-14
3.7684e-14
3.7052e-14
3.6431e-14
3.582e-14
3.5219e-14
3.4627e-14
3.4046e-14
3.3474e-14
3.2911e-14
3.2358e-14
3.1813e-14
3.1278e-14
3.0751e-14
3.0233e-14
2.9724e-14
2.9223e-14
2.873e-14
2.8245e-14
2.7769e-14
2.73e-14
2.6839e-14
2.6385e-14
2.5939e-14
2.5501e-14
2.507e-14
2.4645e-14
2.4228e-14
2.3818e-14
2.3414e-14
2.3017e-14
2.2627e-14
2.2243e-14
2.1866e-14
2.1495e-14
2.113e-14
2.0771e-14
2.0418e-14
2.0071e-14
1.9729e-14
1.9394e-14
1.9064e-14
1.8739e-14
1.842e-14
1.8106e-14
1.7797e-14
1.7494e-14
1.7195e-14
1.6902e-14
1.6613e-14
1.633e-14
1.6051e-14
1.5776e-14
1.5506e-14
1.5241e-14
1.498e-14
1.4724e-14
1.4472e-14
1.4224e-14
1.398e-14
1.374e-14
1.3505e-14
1.3273e-14
1.3045e-14
1.2821e-14
1.2601e-14
1.2384e-14
1.2171e-14
1.1962e-14
1.1756e-14
1.1554e-14
1.1355e-14
1.1159e-14
1.0967e-14
1.0778e-14
1.0592e-14
1.0409e-14
1.023e-14
1.0053e-14
9.8796e-15
9.7089e-15
9.5411e-15
9.3761e-15
9.214e-15
9.0545e-15
8.8978e-15
8.7437e-15
8.5922e-15
8.4433e-15
8.297e-15
8.1531e-15
8.0116e-15
7.8726e-15
7.7359e-15
7.6015e-15
7.4694e-15
7.3396e-15
7.2119e-15
7.0865e-15
6.9632e-15
6.8419e-15
6.7228e-15
6.6057e-15
6.4905e-15
6.3774e-15
6.2661e-15
6.1568e-15
6.0493e-15
5.9437e-15
5.8399e-15
5.7378e-15
5.6375e-15
5.5389e-15
5.442e-15
5.3468e-15
5.2532e-15
5.1612e-15
5.0707e-15
4.9819e-15
4.8945e-15
4.8087e-15
4.7243e-15
4.6414e-15
4.5599e-15
4.4798e-15
4.401e-15
4.3237e-15
4.2476e-15
4.1729e-15
4.0994e-15
4.0273e-15
3.9563e-15
3.8866e-15
3.8181e-15
3.7508e-15
3.6846e-15
3.6196e-15
3.5557e-15
3.4929e-15
3.4312e-15
3.3706e-15
3.311e-15
3.2524e-15
3.1949e-15
3.1384e-15
3.0828e-15
3.0282e-15
2.9745e-15
2.9218e-15
2.87e-15
2.8191e-15
2.7691e-15
2.7199e-15
2.6716e-15
2.6242e-15
2.5775e-15
2.5317e-15
2.4867e-15
2.4424e-15
2.399e-15
2.3563e-15
2.3143e-15
2.2731e-15
2.2325e-15
2.1927e-15
2.1536e-15
2.1152e-15
2.0774e-15
2.0404e-15
2.0039e-15
1.9681e-15
1.9329e-15
1.8983e-15
1.8644e-15
1.831e-15
1.7982e-15
1.766e-15
1.7344e-15
1.7033e-15
1.6728e-15
1.6428e-15
1.6133e-15
1.5843e-15
1.5559e-15
1.5279e-15
1.5005e-15
1.4735e-15
1.447e-15
1.421e-15
1.3954e-15
1.3703e-15
1.3456e-15
1.3214e-15
1.2976e-15
1.2742e-15
1.2512e-15
1.2286e-15
1.2065e-15
1.1847e-15
1.1633e-15
1.1423e-15
1.1216e-15
1.1013e-15
1.0814e-15
1.0619e-15
1.0426e-15
1.0238e-15
1.0052e-15
9.87e-16
9.6911e-16
9.5154e-16
9.3428e-16
9.1733e-16
9.0067e-16
8.8432e-16
8.6826e-16
8.5248e-16
8.3698e-16
8.2176e-16
8.0681e-16
7.9213e-16
7.7771e-16
7.6354e-16
7.4963e-16
7.3597e-16
7.2255e-16
7.0938e-16
6.9643e-16
6.8372e-16
6.7124e-16
6.5898e-16
6.4694e-16
6.3512e-16
6.235e-16
6.121e-16
6.009e-16
5.899e-16
5.791e-16
5.6849e-16
5.5807e-16
5.4785e-16
5.378e-16
5.2793e-16
5.1825e-16
5.0873e-16
4.9939e-16
4.9022e-16
4.8121e-16
4.7236e-16
4.6368e-16
4.5515e-16
4.4677e-16
4.3855e-16
4.3047e-16
4.2254e-16
4.1476e-16
4.0711e-16
3.996e-16
3.9223e-16
3.8499e-16
3.7788e-16
3.709e-16
3.6405e-16
3.5732e-16
3.5072e-16
3.4423e-16
3.3786e-16
3.3161e-16
3.2547e-16
3.1944e-16
3.1352e-16
3.0771e-16
3.0201e-16
2.9641e-16
2.9091e-16
2.8551e-16
2.8021e-16
2.75e-16
2.6989e-16
2.6488e-16
2.5995e-16
2.5512e-16
2.5037e-16
2.4571e-16
2.4114e-16
2.3664e-16
2.3223e-16
2.2791e-16
2.2366e-16
2.1948e-16
2.1539e-16
2.1137e-16
2.0742e-16
2.0355e-16
1.9974e-16
1.9601e-16
1.9235e-16
1.8875e-16
1.8522e-16
1.8175e-16
1.7835e-16
1.7501e-16
1.7173e-16
1.6851e-16
1.6535e-16
1.6225e-16
1.592e-16
1.5621e-16
1.5328e-16
1.504e-16
1.4758e-16
1.448e-16
1.4208e-16
1.3941e-16
1.3678e-16
1.3421e-16
1.3168e-16
1.292e-16
1.2677e-16
1.2438e-16
1.2203e-16
1.1973e-16
1.1747e-16
1.1525e-16
1.1308e-16
1.1094e-16
1.0885e-16
1.0679e-16
1.0477e-16
1.0279e-16
1.0084e-16
9.8933e-17
9.706e-17
9.5221e-17
9.3417e-17
9.1647e-17
8.9909e-17
8.8203e-17
8.653e-17
8.4887e-17
8.3276e-17
8.1694e-17
8.0142e-17
7.8618e-17
7.7124e-17
7.5657e-17
7.4217e-17
7.2805e-17
7.1418e-17
7.0058e-17
6.8723e-17
6.7413e-17
6.6128e-17
6.4867e-17
6.3629e-17
6.2415e-17
6.1223e-17
6.0054e-17
5.8907e-17
5.7781e-17
5.6676e-17
5.5592e-17
5.4528e-17
5.3485e-17
5.2461e-17
5.1456e-17
5.047e-17
4.9503e-17
4.8554e-17
4.7623e-17
4.6709e-17
4.5813e-17
4.4933e-17
4.407e-17
4.3224e-17
4.2393e-17
4.1578e-17
4.0779e-17
3.9994e-17
3.9225e-17
3.8469e-17
3.7729e-17
3.7002e-17
3.6289e-17
3.5589e-17
3.4903e-17
3.423e-17
3.3569e-17
3.2921e-17
3.2286e-17
3.1662e-17
3.105e-17
3.045e-17
2.9861e-17
2.9284e-17
2.8717e-17
2.8161e-17
2.7616e-17
2.7081e-17
2.6556e-17
2.6042e-17
2.5537e-17
2.5042e-17
2.4556e-17
2.4079e-17
2.3612e-17
2.3153e-17
2.2703e-17
2.2262e-17
2.1829e-17
2.1405e-17
2.0988e-17
2.058e-17
2.0179e-17
1.9786e-17
1.9401e-17
1.9023e-17
1.8652e-17
1.8288e-17
1.7932e-17
1.7582e-17
1.7238e-17
1.6902e-17
1.6572e-17
1.6248e-17
1.593e-17
1.5619e-17
1.5313e-17
1.5014e-17
1.472e-17
1.4432e-17
1.4149e-17
1.3872e-17
1.36e-17
1.3333e-17
1.3072e-17
1.2815e-17
1.2564e-17
1.2317e-17
1.2075e-17
1.1838e-17
1.1606e-17
1.1377e-17
1.1154e-17
1.0934e-17
1.0719e-17
1.0508e-17
1.0301e-17
1.0098e-17
9.8994e-18
9.7043e-18
9.5129e-18
9.3253e-18
9.1413e-18
8.9609e-18
8.784e-18
8.6105e-18
8.4404e-18
8.2736e-18
8.11e-18
7.9497e-18
7.7924e-18
7.6382e-18
7.487e-18
7.3387e-18
7.1934e-18
7.0508e-18
6.9111e-18
6.774e-18
6.6397e-18
6.5079e-18
6.3788e-18
6.2521e-18
6.1279e-18
6.0062e-18
5.8868e-18
5.7698e-18
5.6551e-18
5.5425e-18
5.4323e-18
5.3241e-18
5.2181e-18
5.1141e-18
5.0122e-18
4.9123e-18
4.8144e-18
4.7183e-18
4.6242e-18
4.5319e-18
4.4414e-18
4.3527e-18
4.2658e-18
4.1805e-18
4.0969e-18
4.015e-18
3.9347e-18
3.8559e-18
3.7787e-18
3.7031e-18
3.6289e-18
3.5562e-18
3.4849e-18
3.415e-18
3.3465e-18
3.2794e-18
3.2135e-18
3.149e-18
3.0858e-18
3.0238e-18
2.963e-18
2.9034e-18
2.8451e-18
2.7878e-18
2.7317e-18
2.6767e-18
2.6228e-18
2.57e-18
2.5182e-18
2.4675e-18
2.4177e-18
2.3689e-18
2.3211e-18
2.2743e-18
2.2284e-18
2.1834e-18
2.1393e-18
2.096e-18
2.0537e-18
2.0121e-18
1.9714e-18
1.9315e-18
1.8924e-18
1.8541e-18
1.8166e-18
1.7798e-18
1.7437e-18
1.7083e-18
1.6737e-18
1.6397e-18
1.6065e-18
1.5738e-18
1.5419e-18
1.5106e-18
1.4799e-18
1.4498e-18
1.4203e-18
1.3914e-18
1.3631e-18
1.3354e-18
1.3082e-18
1.2815e-18
1.2554e-18
1.2298e-18
1.2048e-18
1.1802e-18
1.1561e-18
1.1325e-18
1.1094e-18
1.0868e-18
1.0646e-18
1.0428e-18
1.0215e-18
1.0006e-18
9.8015e-19
9.601e-19
9.4045e-19
9.2119e-19
9.0233e-19
8.8385e-19
8.6574e-19
8.4799e-19
8.306e-19
8.1357e-19
7.9687e-19
7.8052e-19
7.6449e-19
7.4879e-19
7.3341e-19
7.1834e-19
7.0357e-19
6.891e-19
6.7493e-19
6.6104e-19
6.4744e-19
6.3411e-19
6.2105e-19
6.0825e-19
5.9571e-19
5.8343e-19
5.714e-19
5.5961e-19
5.4807e-19
5.3675e-19
5.2567e-19
5.1481e-19
5.0418e-19
4.9376e-19
4.8355e-19
4.7355e-19
4.6375e-19
4.5415e-19
4.4475e-19
4.3554e-19
4.2652e-19
4.1768e-19
4.0902e-19
4.0054e-19
3.9224e-19
3.841e-19
3.7613e-19
3.6832e-19
3.6067e-19
3.5318e-19
3.4584e-19
3.3865e-19
3.3161e-19
3.2471e-19
3.1796e-19
3.1134e-19
3.0486e-19
2.9851e-19
2.9229e-19
2.862e-19
2.8023e-19
2.7439e-19
2.6866e-19
2.6306e-19
2.5757e-19
2.5219e-19
2.4692e-19
2.4177e-19
2.3671e-19
2.3176e-19
2.2692e-19
2.2217e-19
2.1752e-19
2.1297e-19
2.0851e-19
2.0414e-19
1.9987e-19
1.9568e-19
1.9158e-19
1.8756e-19
1.8362e-19
1.7977e-19
1.76e-19
1.723e-19
1.6868e-19
1.6514e-19
1.6167e-19
1.5827e-19
1.5494e-19
1.5168e-19
1.4849e-19
1.4537e-19
1.4231e-19
1.3931e-19
1.3637e-19
1.335e-19
1.3068e-19
1.2793e-19
1.2523e-19
1.2259e-19
1.2e-19
1.1747e-19
1.1499e-19
1.1256e-19
1.1018e-19
1.0785e-19
1.0557e-19
1.0333e-19
1.0115e-19
9.9007e-20
9.6911e-20
9.4858e-20
9.2848e-20
9.0881e-20
8.8954e-20
8.7068e-20
8.5221e-20
8.3412e-20
8.1642e-20
7.9908e-20
7.8211e-20
7.655e-20
7.4923e-20
7.333e-20
7.1771e-20
7.0244e-20
6.8749e-20
6.7286e-20
6.5853e-20
6.4451e-20
6.3078e-20
6.1734e-20
6.0418e-20
5.9129e-20
5.7868e-20
5.6633e-20
5.5424e-20
5.4241e-20
5.3083e-20
5.1949e-20
5.0839e-20
4.9752e-20
4.8688e-20
4.7646e-20
4.6627e-20
4.5629e-20
4.4652e-20
4.3696e-20
4.276e-20
4.1844e-20
4.0947e-20
4.0069e-20
3.9209e-20
3.8368e-20
3.7545e-20
3.6739e-20
3.595e-20
3.5177e-20
3.4421e-20
3.3682e-20
3.2957e-20
3.2249e-20
3.1555e-20
3.0876e-20
3.0211e-20
2.956e-20
2.8924e-20
2.83e-20
2.769e-20
2.7093e-20
2.6509e-20
2.5937e-20
2.5378e-20
2.483e-20
2.4294e-20
2.3769e-20
2.3255e-20
2.2753e-20
2.2261e-20
2.1779e-20
2.1308e-20
2.0847e-20
2.0396e-20
1.9954e-20
1.9522e-20
1.9099e-20
1.8685e-20
1.828e-20
1.7884e-20
1.7496e-20
1.7116e-20
1.6745e-20
1.6381e-20
1.6026e-20
1.5677e-20
1.5337e-20
1.5003e-20
1.4677e-20
1.4358e-20
1.4045e-20
1.374e-20
1.3441e-20
1.3148e-20
1.2862e-20
1.2581e-20
1.2307e-20
1.2039e-20
1.1776e-20
1.1519e-20
1.1268e-20
1.1022e-20
1.0781e-20
1.0546e-20
1.0315e-20
1.009e-20
9.8694e-21
9.6536e-21
9.4424e-21
9.2358e-21
9.0336e-21
8.8359e-21
8.6423e-21
8.453e-21
8.2678e-21
8.0865e-21
7.9092e-21
7.7358e-21
7.566e-21
7.4e-21
7.2375e-21
7.0786e-21
6.9231e-21
6.771e-21
6.6222e-21
6.4766e-21
6.3341e-21
6.1948e-21
6.0585e-21
5.9251e-21
5.7946e-21
5.667e-21
5.5422e-21
5.42e-21
5.3005e-21
5.1836e-21
5.0693e-21
4.9574e-21
4.848e-21
4.741e-21
4.6363e-21
4.5339e-21
4.4337e-21
4.3357e-21
4.2398e-21
4.146e-21
4.0543e-21
3.9646e-21
3.8768e-21
3.791e-21
3.707e-21
3.6249e-21
3.5445e-21
3.466e-21
3.3891e-21
3.3139e-21
3.2404e-21
3.1685e-21
3.0981e-21
3.0293e-21
2.962e-21
2.8962e-21
2.8318e-21
2.7689e-21
2.7073e-21
2.647e-21
2.5881e-21
2.5305e-21
2.4742e-21
2.4191e-21
2.3652e-21
2.3124e-21
2.2609e-21
2.2105e-21
2.1612e-21
2.1129e-21
2.0658e-21
2.0197e-21
1.9746e-21
1.9304e-21
1.8873e-21
1.8451e-21
1.8039e-21
1.7635e-21
1.7241e-21
1.6855e-21
1.6477e-21
1.6109e-21
1.5748e-21
1.5395e-21
1.505e-21
1.4712e-21
1.4383e-21
1.406e-21
1.3744e-21
1.3436e-21
1.3134e-21
1.2839e-21
1.2551e-21
1.2269e-21
1.1993e-21
1.1723e-21
1.146e-21
1.1202e-21
1.095e-21
1.0703e-21
1.0462e-21
1.0227e-21
9.9964e-22
9.7711e-22
9.5508e-22
9.3354e-22
9.1249e-22
8.919e-22
8.7177e-22
8.5209e-22
8.3285e-22
8.1403e-22
7.9564e-22
7.7766e-22
7.6008e-22
7.4289e-22
7.2608e-22
7.0965e-22
6.9359e-22
6.7789e-22
6.6253e-22
6.4753e-22
6.3285e-22
6.1851e-22
6.0448e-22
5.9077e-22
5.7737e-22
5.6427e-22
5.5146e-22
5.3894e-22
5.267e-22
5.1473e-22
5.0303e-22
4.916e-22
4.8042e-22
4.6949e-22
4.5881e-22
4.4837e-22
4.3816e-22
4.2818e-22
4.1843e-22
4.089e-22
3.9958e-22
3.9047e-22
3.8156e-22
3.7286e-22
3.6435e-22
3.5603e-22
3.4791e-22
3.3996e-22
3.3219e-22
3.246e-22
3.1718e-22
3.0993e-22
3.0284e-22
2.9592e-22
2.8914e-22
2.8253e-22
2.7606e-22
2.6973e-22
2.6355e-22
2.5752e-22
2.5161e-22
2.4584e-22
2.402e-22
2.3469e-22
2.2931e-22
2.2404e-22
2.189e-22
2.1387e-22
2.0896e-22
2.0416e-22
1.9946e-22
1.9488e-22
1.9039e-22
1.8601e-22
1.8173e-22
1.7755e-22
1.7346e-22
1.6947e-22
1.6556e-22
1.6174e-22
1.5802e-22
1.5437e-22
1.5081e-22
1.4733e-22
1.4393e-22
1.4061e-22
1.3736e-22
1.3419e-22
1.3109e-22
1.2806e-22
1.251e-22
1.222e-22
1.1938e-22
1.1662e-22
1.1392e-22
1.1128e-22
1.087e-22
1.0618e-22
1.0372e-22
1.0132e-22
9.8971e-23
9.6676e-23
9.4433e-23
9.2242e-23
9.0101e-23
8.8009e-23
8.5965e-23
8.3968e-23
8.2017e-23
8.0111e-23
7.8248e-23
7.6428e-23
7.465e-23
7.2913e-23
7.1216e-23
6.9558e-23
6.7938e-23
6.6355e-23
6.4809e-23
6.3299e-23
6.1823e-23
6.0381e-23
5.8972e-23
5.7596e-23
5.6252e-23
5.4939e-23
5.3655e-23
5.2402e-23
5.1178e-23
4.9981e-23
4.8813e-23
4.7671e-23
4.6556e-23
4.5467e-23
4.4402e-23
4.3363e-23
4.2347e-23
4.1355e-23
4.0386e-23
3.9439e-23
3.8515e-23
3.7611e-23
3.6729e-23
3.5867e-23
3.5025e-23
3.4203e-23
3.34e-23
3.2615e-23
3.1849e-23
3.11e-23
3.0369e-23
2.9655e-23
2.8957e-23
2.8276e-23
2.761e-23
2.696e-23
2.6325e-23
2.5705e-23
2.5099e-23
2.4508e-23
2.393e-23
2.3366e-23
2.2814e-23
2.2276e-23
2.175e-23
2.1237e-23
2.0735e-23
2.0245e-23
1.9767e-23
1.93e-23
1.8843e-23
1.8398e-23
1.7963e-23
1.7538e-23
1.7123e-23
1.6717e-23
1.6321e-23
1.5935e-23
1.5557e-23
1.5188e-23
1.4828e-23
1.4477e-23
1.4133e-23
1.3798e-23
1.347e-23
1.3151e-23
1.2838e-23
1.2533e-23
1.2236e-23
1.1945e-23
1.1661e-23
1.1384e-23
1.1113e-23
1.0848e-23
1.059e-23
1.0338e-23
1.0092e-23
9.8515e-24
9.6168e-24
9.3876e-24
9.1639e-24
8.9453e-24
8.732e-24
8.5237e-24
8.3202e-24
8.1216e-24
7.9277e-24
7.7384e-24
7.5535e-24
7.373e-24
7.1967e-24
7.0246e-24
6.8566e-24
6.6926e-24
6.5325e-24
6.3761e-24
6.2234e-24
6.0744e-24
5.9289e-24
5.7868e-24
5.6481e-24
5.5127e-24
5.3805e-24
5.2514e-24
5.1254e-24
5.0024e-24
4.8823e-24
4.765e-24
4.6505e-24
4.5388e-24
4.4297e-24
4.3232e-24
4.2193e-24
4.1178e-24
4.0187e-24
3.922e-24
3.8276e-24
3.7354e-24
3.6454e-24
3.5576e-24
3.4718e-24
3.3881e-24
3.3065e-24
3.2267e-24
3.1489e-24
3.0729e-24
2.9987e-24
2.9263e-24
2.8556e-24
2.7866e-24
2.7193e-24
2.6535e-24
2.5894e-24
2.5268e-24
2.4656e-24
2.406e-24
2.3477e-24
2.2909e-24
2.2354e-24
2.1813e-24
2.1284e-24
2.0768e-24
2.0265e-24
1.9773e-24
1.9294e-24
1.8826e-24
1.8369e-24
1.7923e-24
1.7488e-24
1.7063e-24
1.6648e-24
1.6244e-24
1.5849e-24
1.5463e-24
1.5087e-24
1.472e-24
1.4362e-24
1.4012e-24
1.3671e-24
1.3338e-24
1.3013e-24
1.2696e-24
1.2387e-24
1.2085e-24
1.179e-24
1.1502e-24
1.1222e-24
1.0948e-24
1.0681e-24
1.042e-24
1.0165e-24
9.9168e-25
9.6745e-25
9.438e-25
9.2072e-25
8.982e-25
8.7622e-25
8.5478e-25
8.3385e-25
8.1344e-25
7.9351e-25
7.7407e-25
7.5511e-25
7.366e-25
7.1854e-25
7.0091e-25
6.8372e-25
6.6694e-25
6.5057e-25
6.346e-25
6.1902e-25
6.0381e-25
5.8898e-25
5.745e-25
5.6038e-25
5.466e-25
5.3315e-25
5.2003e-25
5.0724e-25
4.9475e-25
4.8257e-25
4.7068e-25
4.5909e-25
4.4777e-25
4.3674e-25
4.2597e-25
4.1546e-25
4.0521e-25
3.9522e-25
3.8546e-25
3.7595e-25
3.6666e-25
3.576e-25
3.4877e-25
3.4015e-25
3.3174e-25
3.2354e-25
3.1553e-25
3.0773e-25
3.0011e-25
2.9268e-25
2.8544e-25
2.7837e-25
2.7147e-25
2.6474e-25
2.5818e-25
2.5178e-25
2.4554e-25
2.3945e-25
2.3351e-25
2.2771e-25
2.2206e-25
2.1654e-25
2.1116e-25
2.0592e-25
2.008e-25
1.9581e-25
1.9094e-25
1.8619e-25
1.8156e-25
1.7704e-25
1.7264e-25
1.6834e-25
1.6414e-25
1.6006e-25
1.5607e-25
1.5218e-25
1.4838e-25
1.4468e-25
1.4108e-25
1.3756e-25
1.3412e-25
1.3077e-25
1.2751e-25
1.2432e-25
1.2122e-25
1.1819e-25
1.1524e-25
1.1235e-25
1.0954e-25
1.068e-25
1.0413e-25
1.0153e-25
9.8984e-26
9.6505e-26
9.4088e-26
9.1731e-26
8.9432e-26
8.719e-26
8.5004e-26
8.2872e-26
8.0793e-26
7.8766e-26
7.6789e-26
7.4861e-26
7.2981e-26
7.1148e-26
6.936e-26
6.7617e-26
6.5917e-26
6.4259e-26
6.2643e-26
6.1067e-26
5.953e-26
5.8032e-26
5.6571e-26
5.5146e-26
5.3757e-26
5.2402e-26
5.1082e-26
4.9794e-26
4.8538e-26
4.7314e-26
4.612e-26
4.4956e-26
4.3821e-26
4.2715e-26
4.1636e-26
4.0584e-26
3.9559e-26
3.8559e-26
3.7584e-26
3.6633e-26
3.5707e-26
3.4803e-26
3.3922e-26
3.3064e-26
3.2226e-26
3.141e-26
3.0614e-26
2.9839e-26
2.9082e-26
2.8345e-26
2.7626e-26
2.6925e-26
2.6242e-26
2.5576e-26
2.4927e-26
2.4294e-26
2.3677e-26
2.3075e-26
2.2489e-26
2.1917e-26
2.136e-26
2.0817e-26
2.0287e-26
1.9771e-26
1.9268e-26
1.8777e-26
1.8299e-26
1.7833e-26
1.7378e-26
1.6935e-26
1.6504e-26
1.6083e-26
1.5673e-26
1.5273e-26
1.4883e-26
1.4503e-26
1.4133e-26
1.3772e-26
1.342e-26
1.3077e-26
1.2743e-26
1.2417e-26
1.21e-26
1.179e-26
1.1489e-26
1.1195e-26
1.0908e-26
1.0629e-26
1.0357e-26
1.0092e-26
9.833e-27
9.581e-27
9.3353e-27
9.096e-27
8.8627e-27
8.6353e-27
8.4137e-27
8.1977e-27
7.9873e-27
7.7822e-27
7.5823e-27
7.3874e-27
7.1976e-27
7.0125e-27
6.8322e-27
6.6565e-27
6.4853e-27
6.3184e-27
6.1557e-27
5.9973e-27
5.8428e-27
5.6923e-27
5.5456e-27
5.4027e-27
5.2634e-27
5.1277e-27
4.9955e-27
4.8666e-27
4.741e-27
4.6186e-27
4.4994e-27
4.3832e-27
4.27e-27
4.1596e-27
4.0521e-27
3.9474e-27
3.8453e-27
3.7459e-27
3.649e-27
3.5545e-27
3.4625e-27
3.3729e-27
3.2856e-27
3.2004e-27
3.1175e-27
3.0367e-27
2.958e-27
2.8813e-27
2.8066e-27
2.7338e-27
2.6628e-27
2.5937e-27
2.5264e-27
2.4608e-27
2.3969e-27
2.3346e-27
2.2739e-27
2.2148e-27
2.1572e-27
2.1011e-27
2.0465e-27
1.9932e-27
1.9413e-27
1.8908e-27
1.8416e-27
1.7936e-27
1.7469e-27
1.7013e-27
1.657e-27
1.6138e-27
1.5717e-27
1.5307e-27
1.4908e-27
1.4519e-27
1.414e-27
1.377e-27
1.3411e-27
1.306e-27
1.2719e-27
1.2387e-27
1.2063e-27
1.1747e-27
1.144e-27
1.1141e-27
1.0849e-27
1.0565e-27
1.0289e-27
1.0019e-27
9.7567e-28
9.501e-28
9.252e-28
9.0095e-28
8.7732e-28
8.5431e-28
8.319e-28
8.1007e-28
7.888e-28
7.6809e-28
7.4792e-28
7.2828e-28
7.0914e-28
6.905e-28
6.7235e-28
6.5467e-28
6.3745e-28
6.2068e-28
6.0435e-28
5.8844e-28
5.7295e-28
5.5787e-28
5.4317e-28
5.2886e-28
5.1492e-28
5.0135e-28
4.8813e-28
4.7526e-28
4.6272e-28
4.5051e-28
4.3862e-28
4.2704e-28
4.1577e-28
4.0479e-28
3.9409e-28
3.8368e-28
3.7354e-28
3.6366e-28
3.5405e-28
3.4468e-28
3.3556e-28
3.2668e-28
3.1803e-28
3.0961e-28
3.0141e-28
2.9343e-28
2.8565e-28
2.7808e-28
2.7071e-28
2.6353e-28
2.5654e-28
2.4974e-28
2.4311e-28
2.3666e-28
2.3038e-28
2.2426e-28
2.183e-28
2.125e-28
2.0685e-28
2.0136e-28
1.96e-28
1.9079e-28
1.8571e-28
1.8077e-28
1.7596e-28
1.7128e-28
1.6672e-28
1.6228e-28
1.5795e-28
1.5374e-28
1.4965e-28
1.4566e-28
1.4177e-28
1.3799e-28
1.3431e-28
1.3073e-28
1.2724e-28
1.2384e-28
1.2053e-28
1.1731e-28
1.1418e-28
1.1113e-28
1.0816e-28
1.0526e-28
1.0245e-28
9.9709e-29
9.7041e-29
9.4444e-29
9.1916e-29
8.9454e-29
8.7059e-29
8.4726e-29
8.2456e-29
8.0246e-29
7.8094e-29
7.6e-29
7.3962e-29
7.1977e-29
7.0046e-29
6.8166e-29
6.6336e-29
6.4554e-29
6.282e-29
6.1132e-29
5.9489e-29
5.789e-29
5.6334e-29
5.4819e-29
5.3344e-29
5.1909e-29
5.0512e-29
4.9152e-29
4.7828e-29
4.654e-29
4.5286e-29
4.4066e-29
4.2878e-29
4.1722e-29
4.0597e-29
3.9502e-29
3.8436e-29
3.7399e-29
3.639e-29
3.5407e-29
3.4451e-29
3.3521e-29
3.2615e-29
3.1733e-29
3.0876e-29
3.0041e-29
2.9228e-29
2.8438e-29
2.7668e-29
2.692e-29
2.6191e-29
2.5482e-29
2.4792e-29
2.412e-29
2.3466e-29
2.283e-29
2.2211e-29
2.1609e-29
2.1023e-29
2.0453e-29
1.9898e-29
1.9358e-29
1.8832e-29
1.8321e-29
1.7823e-29
1.7339e-29
1.6868e-29
1.6409e-29
1.5963e-29
1.5529e-29
1.5107e-29
1.4696e-29
1.4296e-29
1.3907e-29
1.3528e-29
1.316e-29
1.2801e-29
1.2452e-29
1.2113e-29
1.1783e-29
1.1461e-29
1.1149e-29
1.0845e-29
1.0549e-29
1.0261e-29
9.9809e-30
9.7083e-30
9.4432e-30
9.1852e-30
8.9342e-30
8.6901e-30
8.4525e-30
8.2214e-30
7.9965e-30
7.7778e-30
7.5649e-30
7.3579e-30
7.1564e-30
6.9605e-30
6.7698e-30
6.5844e-30
6.4039e-30
6.2284e-30
6.0577e-30
5.8915e-30
5.7299e-30
5.5727e-30
5.4198e-30
5.271e-30
5.1263e-30
4.9856e-30
4.8486e-30
4.7154e-30
4.5858e-30
4.4598e-30
4.3372e-30
4.2179e-30
4.1019e-30
3.989e-30
3.8792e-30
3.7724e-30
3.6686e-30
3.5675e-30
3.4693e-30
3.3737e-30
3.2807e-30
3.1903e-30
3.1023e-30
3.0168e-30
2.9335e-30
2.8526e-30
2.7739e-30
2.6973e-30
2.6228e-30
2.5504e-30
2.4799e-30
2.4114e-30
2.3448e-30
2.28e-30
2.2169e-30
2.1556e-30
2.096e-30
2.038e-30
1.9816e-30
1.9267e-30
1.8734e-30
1.8215e-30
1.771e-30
1.7219e-30
1.6742e-30
1.6278e-30
1.5827e-30
1.5388e-30
1.4961e-30
1.4546e-30
1.4142e-30
1.3749e-30
1.3368e-30
1.2996e-30
1.2635e-30
1.2284e-30
1.1943e-30
1.1611e-30
1.1288e-30
1.0974e-30
1.0669e-30
1.0372e-30
1.0083e-30
9.8025e-31
9.5295e-31
9.2641e-31
9.006e-31
8.7551e-31
8.5111e-31
8.2738e-31
8.0431e-31
7.8187e-31
7.6006e-31
7.3885e-31
7.1823e-31
6.9818e-31
6.7868e-31
6.5973e-31
6.413e-31
6.2338e-31
6.0595e-31
5.8901e-31
5.7254e-31
5.5653e-31
5.4096e-31
5.2582e-31
5.1111e-31
4.968e-31
4.8289e-31
4.6936e-31
4.5621e-31
4.4343e-31
4.31e-31
4.1892e-31
4.0717e-31
3.9575e-31
3.8465e-31
3.7385e-31
3.6336e-31
3.5316e-31
3.4324e-31
3.336e-31
3.2423e-31
3.1512e-31
3.0626e-31
2.9765e-31
2.8928e-31
2.8115e-31
2.7324e-31
2.6555e-31
2.5808e-31
2.5081e-31
2.4375e-31
2.3688e-31
2.3021e-31
2.2372e-31
2.1742e-31
2.1129e-31
2.0533e-31
1.9954e-31
1.9391e-31
1.8844e-31
1.8312e-31
1.7795e-31
1.7293e-31
1.6804e-31
1.633e-31
1.5868e-31
1.542e-31
1.4984e-31
1.456e-31
1.4148e-31
1.3748e-31
1.3359e-31
1.2981e-31
1.2614e-31
1.2256e-31
1.1909e-31
1.1572e-31
1.1244e-31
1.0925e-31
1.0616e-31
1.0315e-31
1.0022e-31
9.7379e-32
9.4616e-32
9.1931e-32
8.9321e-32
8.6785e-32
8.432e-32
8.1925e-32
7.9598e-32
7.7335e-32
7.5137e-32
7.3001e-32
7.0925e-32
6.8907e-32
6.6947e-32
6.5042e-32
6.319e-32
6.1391e-32
5.9643e-32
5.7944e-32
5.6293e-32
5.4689e-32
5.313e-32
5.1616e-32
5.0144e-32
4.8714e-32
4.7324e-32
4.5973e-32
4.4661e-32
4.3386e-32
4.2147e-32
4.0943e-32
3.9774e-32
3.8637e-32
3.7533e-32
3.646e-32
3.5417e-32
3.4404e-32
3.342e-32
3.2464e-32
3.1535e-32
3.0632e-32
2.9755e-32
2.8903e-32
2.8075e-32
2.727e-32
2.6489e-32
2.573e-32
2.4992e-32
2.4275e-32
2.3579e-32
2.2902e-32
2.2245e-32
2.1606e-32
2.0986e-32
2.0383e-32
1.9798e-32
1.9229e-32
1.8676e-32
1.814e-32
1.7618e-32
1.7111e-32
1.6619e-32
1.6141e-32
1.5677e-32
1.5225e-32
1.4787e-32
1.4361e-32
1.3948e-32
1.3546e-32
1.3155e-32
1.2776e-32
1.2408e-32
1.205e-32
1.1703e-32
1.1365e-32
1.1037e-32
1.0719e-32
1.0409e-32
1.0109e-32
9.8167e-33
9.5331e-33
9.2576e-33
8.9901e-33
8.7302e-33
8.4778e-33
8.2326e-33
7.9945e-33
7.7632e-33
7.5385e-33
7.3203e-33
7.1084e-33
6.9025e-33
6.7026e-33
6.5084e-33
6.3198e-33
6.1366e-33
5.9587e-33
5.7859e-33
5.6181e-33
5.4551e-33
5.2968e-33
5.1431e-33
4.9938e-33
4.8488e-33
4.708e-33
4.5712e-33
4.4384e-33
4.3094e-33
4.1841e-33
4.0625e-33
3.9443e-33
3.8296e-33
3.7182e-33
3.61e-33
3.5049e-33
3.4028e-33
3.3037e-33
3.2075e-33
3.1141e-33
3.0233e-33
2.9352e-33
2.8496e-33
2.7665e-33
2.6858e-33
2.6075e-33
2.5314e-33
2.4575e-33
2.3858e-33
2.3161e-33
2.2485e-33
2.1828e-33
2.119e-33
2.0571e-33
1.9969e-33
1.9385e-33
1.8819e-33
1.8268e-33
1.7734e-33
1.7215e-33
1.6711e-33
1.6221e-33
1.5746e-33
1.5285e-33
1.4837e-33
1.4403e-33
1.398e-33
1.3571e-33
1.3173e-33
1.2786e-33
1.2411e-33
1.2047e-33
1.1694e-33
1.135e-33
1.1017e-33
1.0693e-33
1.0379e-33
1.0074e-33
9.7783e-34
9.4909e-34
9.2118e-34
8.9409e-34
8.6779e-34
8.4226e-34
8.1748e-34
7.9342e-34
7.7006e-34
7.4738e-34
7.2537e-34
7.04e-34
6.8326e-34
6.6312e-34
6.4357e-34
6.2459e-34
6.0617e-34
5.8829e-34
5.7093e-34
5.5409e-34
5.3773e-34
5.2185e-34
5.0644e-34
4.9148e-34
4.7696e-34
4.6287e-34
4.4919e-34
4.3591e-34
4.2302e-34
4.1051e-34
3.9836e-34
3.8658e-34
3.7513e-34
3.6403e-34
3.5325e-34
3.4279e-34
3.3263e-34
3.2278e-34
3.1321e-34
3.0393e-34
2.9492e-34
2.8617e-34
2.7768e-34
2.6945e-34
2.6145e-34
2.5369e-34
2.4616e-34
2.3885e-34
2.3176e-34
2.2487e-34
2.1819e-34
2.1171e-34
2.0541e-34
1.993e-34
1.9338e-34
1.8763e-34
1.8204e-34
1.7663e-34
1.7137e-34
1.6627e-34
1.6132e-34
1.5651e-34
1.5185e-34
1.4732e-34
1.4293e-34
1.3867e-34
1.3454e-34
1.3052e-34
1.2663e-34
1.2285e-34
1.1919e-34
1.1563e-34
1.1218e-34
1.0883e-34
1.0558e-34
1.0242e-34
9.9361e-35
9.6392e-35
9.351e-35
9.0714e-35
8.8001e-35
8.5368e-35
8.2814e-35
8.0336e-35
7.7931e-35
7.5597e-35
7.3334e-35
7.1137e-35
6.9006e-35
6.6938e-35
6.4931e-35
6.2985e-35
6.1096e-35
5.9264e-35
5.7486e-35
5.5761e-35
5.4087e-35
5.2464e-35
5.0889e-35
4.936e-35
4.7878e-35
4.6439e-35
4.5044e-35
4.369e-35
4.2376e-35
4.1102e-35
3.9866e-35
3.8666e-35
3.7503e-35
3.6374e-35
3.5279e-35
3.4217e-35
3.3187e-35
3.2187e-35
3.1217e-35
3.0276e-35
2.9364e-35
2.8478e-35
2.762e-35
2.6787e-35
2.5979e-35
2.5195e-35
2.4434e-35
2.3697e-35
2.2981e-35
2.2287e-35
2.1614e-35
2.0961e-35
2.0327e-35
1.9713e-35
1.9117e-35
1.8539e-35
1.7978e-35
1.7434e-35
1.6907e-35
1.6395e-35
1.5899e-35
1.5417e-35
1.495e-35
1.4498e-35
1.4058e-35
1.3632e-35
1.3219e-35
1.2818e-35
1.243e-35
1.2053e-35
1.1687e-35
1.1332e-35
1.0988e-35
1.0655e-35
1.0331e-35
1.0018e-35
9.7133e-36
9.4182e-36
9.132e-36
8.8544e-36
8.5852e-36
8.3241e-36
8.071e-36
7.8254e-36
7.5873e-36
7.3564e-36
7.1325e-36
6.9153e-36
6.7047e-36
6.5005e-36
6.3024e-36
6.1104e-36
5.9241e-36
5.7435e-36
5.5684e-36
5.3985e-36
5.2339e-36
5.0742e-36
4.9193e-36
4.7691e-36
4.6235e-36
4.4823e-36
4.3454e-36
4.2127e-36
4.0839e-36
3.9591e-36
3.8381e-36
3.7207e-36
3.6069e-36
3.4966e-36
3.3896e-36
3.2859e-36
3.1853e-36
3.0878e-36
2.9932e-36
2.9015e-36
2.8126e-36
2.7265e-36
2.6429e-36
2.5619e-36
2.4833e-36
2.4072e-36
2.3333e-36
2.2617e-36
2.1923e-36
2.125e-36
2.0598e-36
1.9965e-36
1.9352e-36
1.8758e-36
1.8181e-36
1.7623e-36
1.7081e-36
1.6556e-36
1.6047e-36
1.5553e-36
1.5074e-36
1.4611e-36
1.4161e-36
1.3725e-36
1.3302e-36
1.2893e-36
1.2496e-36
1.2111e-36
1.1737e-36
1.1375e-36
1.1025e-36
1.0685e-36
1.0355e-36
1.0036e-36
9.7261e-37
9.4259e-37
9.135e-37
8.8529e-37
8.5795e-37
8.3145e-37
8.0576e-37
7.8086e-37
7.5673e-37
7.3333e-37
7.1066e-37
6.8868e-37
6.6737e-37
6.4672e-37
6.2671e-37
6.0731e-37
5.8851e-37
5.7028e-37
5.5262e-37
5.355e-37
5.1891e-37
5.0282e-37
4.8724e-37
4.7213e-37
4.5749e-37
4.433e-37
4.2954e-37
4.1621e-37
4.033e-37
3.9078e-37
3.7864e-37
3.6688e-37
3.5548e-37
3.4444e-37
3.3373e-37
3.2336e-37
3.1331e-37
3.0356e-37
2.9412e-37
2.8497e-37
2.7611e-37
2.6751e-37
2.5918e-37
2.5111e-37
2.4329e-37
2.3572e-37
2.2837e-37
2.2126e-37
2.1436e-37
2.0768e-37
2.012e-37
1.9493e-37
1.8885e-37
1.8295e-37
1.7724e-37
1.7171e-37
1.6635e-37
1.6116e-37
1.5612e-37
1.5125e-37
1.4652e-37
1.4194e-37
1.375e-37
1.332e-37
1.2904e-37
1.25e-37
1.2109e-37
1.173e-37
1.1363e-37
1.1007e-37
1.0663e-37
1.0329e-37
1.0005e-37
9.6918e-38
9.3881e-38
9.0939e-38
8.8088e-38
8.5326e-38
8.265e-38
8.0057e-38
7.7545e-38
7.5112e-38
7.2754e-38
7.047e-38
6.8257e-38
6.6113e-38
6.4036e-38
6.2024e-38
6.0075e-38
5.8186e-38
5.6357e-38
5.4585e-38
5.2868e-38
5.1204e-38
4.9593e-38
4.8032e-38
4.652e-38
4.5056e-38
4.3637e-38
4.2262e-38
4.0931e-38
3.9641e-38
3.8391e-38
3.7181e-38
3.6009e-38
3.4873e-38
3.3773e-38
3.2707e-38
3.1675e-38
3.0675e-38
2.9707e-38
2.8769e-38
2.786e-38
2.698e-38
2.6128e-38
2.5302e-38
2.4502e-38
2.3728e-38
2.2977e-38
2.225e-38
2.1547e-38
2.0865e-38
2.0204e-38
1.9565e-38
1.8945e-38
1.8345e-38
1.7764e-38
1.7202e-38
1.6657e-38
1.6129e-38
1.5617e-38
1.5122e-38
1.4643e-38
1.4178e-38
1.3728e-38
1.3293e-38
1.2871e-38
1.2462e-38
1.2066e-38
1.1683e-38
1.1312e-38
1.0953e-38
1.0605e-38
1.0268e-38
9.9412e-39
9.6251e-39
9.3189e-39
9.0225e-39
8.7354e-39
8.4574e-39
8.1882e-39
7.9276e-39
7.6751e-39
7.4307e-39
7.194e-39
6.9647e-39
6.7428e-39
6.5278e-39
6.3197e-39
6.1182e-39
5.9231e-39
5.7341e-39
5.5511e-39
5.374e-39
5.2024e-39
5.0363e-39
4.8755e-39
4.7198e-39
4.569e-39
4.423e-39
4.2816e-39
4.1448e-39
4.0123e-39
3.8839e-39
3.7597e-39
3.6394e-39
3.523e-39
3.4102e-39
3.3011e-39
3.1954e-39
3.093e-39
2.994e-39
2.898e-39
2.8052e-39
2.7153e-39
2.6282e-39
2.5439e-39
2.4624e-39
2.3834e-39
2.3069e-39
2.2329e-39
2.1612e-39
2.0918e-39
2.0247e-39
1.9596e-39
1.8967e-39
1.8358e-39
1.7768e-39
1.7197e-39
1.6644e-39
1.6109e-39
1.5591e-39
1.5089e-39
1.4604e-39
1.4134e-39
1.3679e-39
1.3238e-39
1.2812e-39
1.2399e-39
1.2e-39
1.1613e-39
1.1239e-39
1.0877e-39
1.0526e-39
1.0187e-39
9.8582e-40
9.5402e-40
9.2324e-40
8.9345e-40
8.6461e-40
8.367e-40
8.0968e-40
7.8353e-40
7.5822e-40
7.3372e-40
7.1001e-40
6.8706e-40
6.6485e-40
6.4335e-40
6.2254e-40
6.024e-40
5.8291e-40
5.6405e-40
5.4579e-40
5.2812e-40
5.1102e-40
4.9447e-40
4.7845e-40
4.6295e-40
4.4794e-40
4.3343e-40
4.1937e-40
4.0577e-40
3.9261e-40
3.7988e-40
3.6755e-40
3.5562e-40
3.4408e-40
3.3291e-40
3.221e-40
3.1164e-40
3.0151e-40
2.9172e-40
2.8224e-40
2.7306e-40
2.6419e-40
2.556e-40
2.4728e-40
2.3924e-40
2.3145e-40
2.2392e-40
2.1663e-40
2.0958e-40
2.0276e-40
1.9615e-40
1.8976e-40
1.8358e-40
1.776e-40
1.7181e-40
1.6621e-40
1.6079e-40
1.5554e-40
1.5047e-40
1.4556e-40
1.4081e-40
1.3621e-40
1.3177e-40
1.2746e-40
1.233e-40
1.1927e-40
1.1538e-40
1.1161e-40
1.0796e-40
1.0443e-40
1.0101e-40
9.771e-41
9.4513e-41
9.1421e-41
8.8429e-41
8.5535e-41
8.2735e-41
8.0025e-41
7.7405e-41
7.4869e-41
7.2416e-41
7.0043e-41
6.7747e-41
6.5526e-41
6.3378e-41
6.1299e-41
5.9288e-41
5.7343e-41
5.5461e-41
5.3641e-41
5.188e-41
5.0176e-41
4.8529e-41
4.6935e-41
4.5392e-41
4.3901e-41
4.2458e-41
4.1062e-41
3.9712e-41
3.8406e-41
3.7143e-41
3.5921e-41
3.4739e-41
3.3595e-41
3.2489e-41
3.142e-41
3.0385e-41
2.9384e-41
2.8416e-41
2.748e-41
2.6574e-41
2.5698e-41
2.4851e-41
2.4031e-41
2.3239e-41
2.2472e-41
2.173e-41
2.1013e-41
2.032e-41
1.9649e-41
1.9e-41
1.8372e-41
1.7765e-41
1.7178e-41
1.6611e-41
1.6061e-41
1.553e-41
1.5017e-41
1.452e-41
1.404e-41
1.3575e-41
1.3126e-41
1.2692e-41
1.2271e-41
1.1865e-41
1.1472e-41
1.1092e-41
1.0725e-41
1.0369e-41
1.0025e-41
9.693e-42
9.3716e-42
9.0608e-42
8.7603e-42
8.4696e-42
8.1885e-42
7.9167e-42
7.6539e-42
7.3998e-42
7.154e-42
6.9164e-42
6.6866e-42
6.4644e-42
6.2495e-42
6.0418e-42
5.8409e-42
5.6467e-42
5.4588e-42
5.2772e-42
5.1016e-42
4.9318e-42
4.7676e-42
4.6089e-42
4.4554e-42
4.307e-42
4.1635e-42
4.0248e-42
3.8907e-42
3.761e-42
3.6356e-42
3.5143e-42
3.3971e-42
3.2838e-42
3.1742e-42
3.0683e-42
2.9659e-42
2.8669e-42
2.7711e-42
2.6786e-42
2.5891e-42
2.5026e-42
2.419e-42
2.3381e-42
2.2599e-42
2.1844e-42
2.1113e-42
2.0407e-42
1.9724e-42
1.9064e-42
1.8426e-42
1.7809e-42
1.7213e-42
1.6637e-42
1.6079e-42
1.5541e-42
1.502e-42
1.4516e-42
1.403e-42
1.3559e-42
1.3105e-42
1.2665e-42
1.224e-42
1.183e-42
1.1433e-42
1.1049e-42
1.0678e-42
1.0319e-42
9.9727e-43
9.6377e-43
9.3139e-43
9.0009e-43
8.6983e-43
8.4059e-43
8.1232e-43
7.85e-43
7.586e-43
7.3307e-43
7.0841e-43
6.8456e-43
6.6152e-43
6.3924e-43
6.1772e-43
5.9691e-43
5.768e-43
5.5736e-43
5.3858e-43
5.2042e-43
5.0288e-43
4.8592e-43
4.6953e-43
4.5369e-43
4.3838e-43
4.2359e-43
4.0929e-43
3.9547e-43
3.8212e-43
3.6921e-43
3.5674e-43
3.4469e-43
3.3304e-43
3.2178e-43
3.109e-43
3.0039e-43
2.9023e-43
2.8041e-43
2.7093e-43
2.6176e-43
2.529e-43
2.4434e-43
2.3607e-43
2.2807e-43
2.2035e-43
2.1288e-43
2.0567e-43
1.987e-43
1.9197e-43
1.8546e-43
1.7917e-43
1.7309e-43
1.6722e-43
1.6155e-43
1.5607e-43
1.5077e-43
1.4565e-43
1.4071e-43
1.3593e-43
1.3131e-43
1.2685e-43
1.2254e-43
1.1838e-43
1.1435e-43
1.1047e-43
1.0671e-43
1.0308e-43
9.9575e-44
9.6188e-44
9.2915e-44
8.9753e-44
8.6698e-44
8.3747e-44
8.0896e-44
7.8141e-44
7.548e-44
7.2909e-44
7.0425e-44
6.8026e-44
6.5707e-44
6.3468e-44
6.1304e-44
5.9215e-44
5.7196e-44
5.5245e-44
5.3361e-44
5.1541e-44
4.9783e-44
4.8084e-44
4.6444e-44
4.4859e-44
4.3328e-44
4.185e-44
4.0421e-44
3.9042e-44
3.7709e-44
3.6422e-44
3.5179e-44
3.3978e-44
3.2818e-44
3.1698e-44
3.0616e-44
2.9571e-44
2.8562e-44
2.7587e-44
2.6646e-44
2.5737e-44
2.4859e-44
2.4011e-44
2.3193e-44
2.2402e-44
2.1639e-44
2.0902e-44
2.019e-44
1.9503e-44
1.884e-44
1.8199e-44
1.7581e-44
1.6984e-44
1.6408e-44
1.5851e-44
1.5314e-44
1.4796e-44
1.4296e-44
1.3813e-44
1.3347e-44
1.2898e-44
1.2464e-44
1.2046e-44
1.1642e-44
1.1253e-44
1.0877e-44
1.0515e-44
1.0165e-44
9.8286e-45
9.5038e-45
9.1908e-45
8.8892e-45
8.5985e-45
8.3184e-45
8.0487e-45
7.7889e-45
7.5387e-45
7.298e-45
7.0663e-45
6.8434e-45
6.629e-45
6.4229e-45
6.2249e-45
6.0346e-45
5.8519e-45
5.6766e-45
5.5084e-45
5.3472e-45
5.1927e-45
5.0448e-45
4.9033e-45
4.7681e-45
4.6389e-45
4.5157e-45
4.3983e-45
4.2865e-45
4.1803e-45
4.0795e-45
3.9839e-45
3.8936e-45
3.8084e-45
3.7282e-45
3.6529e-45
3.5824e-45
3.5167e-45
3.4557e-45
3.3993e-45
3.3475e-45
3.3002e-45
3.2575e-45
3.2191e-45
3.1852e-45
3.1557e-45
3.1306e-45
3.1098e-45
3.0934e-45
3.0814e-45
