4.324e-08
4.316e-08
4.308e-08
4.3e-08
4.2921e-08
4.2841e-08
4.2762e-08
4.2682e-08
4.2603e-08
4.2524e-08
4.2445e-08
4.2366e-08
4.2287e-08
4.2208e-08
4.213e-08
4.2051e-08
4.1973e-08
4.1895e-08
4.1817e-08
4.1739e-08
4.1661e-08
4.1583e-08
4.1506e-08
4.1428e-08
4.1351e-08
4.1274e-08
4.1196e-08
4.1119e-08
4.1043e-08
4.0966e-08
4.0889e-08
4.0813e-08
4.0736e-08
4.066e-08
4.0584e-08
4.0508e-08
4.0432e-08
4.0356e-08
4.028e-08
4.0204e-08
4.0129e-08
4.0054e-08
3.9978e-08
3.9903e-08
3.9828e-08
3.9753e-08
3.9678e-08
3.9604e-08
3.9529e-08
3.9455e-08
3.938e-08
3.9306e-08
3.9232e-08
3.9158e-08
3.9084e-08
3.901e-08
3.8937e-08
3.8863e-08
3.879e-08
3.8716e-08
3.8643e-08
3.857e-08
3.8497e-08
3.8424e-08
3.8351e-08
3.8279e-08
3.8206e-08
3.8134e-08
3.8062e-08
3.7989e-08
3.7917e-08
3.7845e-08
3.7774e-08
3.7702e-08
3.763e-08
3.7559e-08
3.7487e-08
3.7416e-08
3.7345e-08
3.7274e-08
3.7203e-08
3.7132e-08
3.7061e-08
3.6991e-08
3.692e-08
3.685e-08
3.6779e-08
3.6709e-08
3.6639e-08
3.6569e-08
3.6499e-08
3.643e-08
3.636e-08
3.6291e-08
3.6221e-08
3.6152e-08
3.6083e-08
3.6014e-08
3.5945e-08
3.5876e-08
3.5807e-08
3.5738e-08
3.567e-08
3.5601e-08
3.5533e-08
3.5465e-08
3.5397e-08
3.5329e-08
3.5261e-08
3.5193e-08
3.5125e-08
3.5058e-08
3.499e-08
3.4923e-08
3.4856e-08
3.4789e-08
3.4722e-08
3.4655e-08
3.4588e-08
3.4521e-08
3.4455e-08
3.4388e-08
3.4322e-08
3.4256e-08
3.4189e-08
3.4123e-08
3.4057e-08
3.3991e-08
3.3926e-08
3.386e-08
3.3795e-08
3.3729e-08
3.3664e-08
3.3599e-08
3.3533e-08
3.3468e-08
3.3404e-08
3.3339e-08
3.3274e-08
3.3209e-08
3.3145e-08
3.3081e-08
3.3016e-08
3.2952e-08
3.2888e-08
3.2824e-08
3.276e-08
3.2697e-08
3.2633e-08
3.2569e-08
3.2506e-08
3.2443e-08
3.2379e-08
3.2316e-08
3.2253e-08
3.219e-08
3.2127e-08
3.2065e-08
3.2002e-08
3.194e-08
3.1877e-08
3.1815e-08
3.1753e-08
3.169e-08
3.1628e-08
3.1567e-08
3.1505e-08
3.1443e-08
3.1381e-08
3.132e-08
3.1259e-08
3.1197e-08
3.1136e-08
3.1075e-08
3.1014e-08
3.0953e-08
3.0892e-08
3.0832e-08
3.0771e-08
3.0711e-08
3.065e-08
3.059e-08
3.053e-08
3.047e-08
3.041e-08
3.035e-08
3.029e-08
3.023e-08
3.0171e-08
3.0111e-08
3.0052e-08
2.9992e-08
2.9933e-08
2.9874e-08
2.9815e-08
2.9756e-08
2.9697e-08
2.9639e-08
2.958e-08
2.9522e-08
2.9463e-08
2.9405e-08
2.9347e-08
2.9289e-08
2.9231e-08
2.9173e-08
2.9115e-08
2.9057e-08
2.9e-08
2.8942e-08
2.8885e-08
2.8827e-08
2.877e-08
2.8713e-08
2.8656e-08
2.8599e-08
2.8542e-08
2.8485e-08
2.8429e-08
2.8372e-08
2.8316e-08
2.8259e-08
2.8203e-08
2.8147e-08
2.8091e-08
2.8035e-08
2.7979e-08
2.7923e-08
2.7867e-08
2.7812e-08
2.7756e-08
2.7701e-08
2.7645e-08
2.759e-08
2.7535e-08
2.748e-08
2.7425e-08
2.737e-08
2.7316e-08
2.7261e-08
2.7206e-08
2.7152e-08
2.7098e-08
2.7043e-08
2.6989e-08
2.6935e-08
2.6881e-08
2.6827e-08
2.6773e-08
2.672e-08
2.6666e-08
2.6612e-08
2.6559e-08
2.6506e-08
2.6452e-08
2.6399e-08
2.6346e-08
2.6293e-08
2.624e-08
2.6187e-08
2.6135e-08
2.6082e-08
2.603e-08
2.5977e-08
2.5925e-08
2.5873e-08
2.5821e-08
2.5768e-08
2.5717e-08
2.5665e-08
2.5613e-08
2.5561e-08
2.551e-08
2.5458e-08
2.5407e-08
2.5355e-08
2.5304e-08
2.5253e-08
2.5202e-08
2.5151e-08
2.51e-08
2.5049e-08
2.4999e-08
2.4948e-08
2.4898e-08
2.4847e-08
2.4797e-08
2.4747e-08
2.4696e-08
2.4646e-08
2.4596e-08
2.4546e-08
2.4497e-08
2.4447e-08
2.4397e-08
2.4348e-08
2.4298e-08
2.4249e-08
2.42e-08
2.4151e-08
2.4102e-08
2.4053e-08
2.4004e-08
2.3955e-08
2.3906e-08
2.3857e-08
2.3809e-08
2.376e-08
2.3712e-08
2.3664e-08
2.3616e-08
2.3568e-08
2.352e-08
2.3472e-08
2.3424e-08
2.3376e-08
2.3328e-08
2.3281e-08
2.3233e-08
2.3186e-08
2.3138e-08
2.3091e-08
2.3044e-08
2.2997e-08
2.295e-08
2.2903e-08
2.2856e-08
2.281e-08
2.2763e-08
2.2717e-08
2.267e-08
2.2624e-08
2.2577e-08
2.2531e-08
2.2485e-08
2.2439e-08
2.2393e-08
2.2347e-08
2.2301e-08
2.2256e-08
2.221e-08
2.2165e-08
2.2119e-08
2.2074e-08
2.2029e-08
2.1983e-08
2.1938e-08
2.1893e-08
2.1848e-08
2.1804e-08
2.1759e-08
2.1714e-08
2.167e-08
2.1625e-08
2.1581e-08
2.1536e-08
2.1492e-08
2.1448e-08
2.1404e-08
2.136e-08
2.1316e-08
2.1272e-08
2.1228e-08
2.1185e-08
2.1141e-08
2.1098e-08
2.1054e-08
2.1011e-08
2.0968e-08
2.0925e-08
2.0882e-08
2.0839e-08
2.0796e-08
2.0753e-08
2.071e-08
2.0667e-08
2.0625e-08
2.0582e-08
2.054e-08
2.0498e-08
2.0455e-08
2.0413e-08
2.0371e-08
2.0329e-08
2.0287e-08
2.0245e-08
2.0204e-08
2.0162e-08
2.012e-08
2.0079e-08
2.0037e-08
1.9996e-08
1.9955e-08
1.9914e-08
1.9873e-08
1.9832e-08
1.9791e-08
1.975e-08
1.9709e-08
1.9668e-08
1.9628e-08
1.9587e-08
1.9547e-08
1.9506e-08
1.9466e-08
1.9426e-08
1.9386e-08
1.9346e-08
1.9306e-08
1.9266e-08
1.9226e-08
1.9186e-08
1.9147e-08
1.9107e-08
1.9068e-08
1.9028e-08
1.8989e-08
1.895e-08
1.891e-08
1.8871e-08
1.8832e-08
1.8793e-08
1.8755e-08
1.8716e-08
1.8677e-08
1.8639e-08
1.86e-08
1.8562e-08
1.8523e-08
1.8485e-08
1.8447e-08
1.8409e-08
1.8371e-08
1.8333e-08
1.8295e-08
1.8257e-08
1.8219e-08
1.8181e-08
1.8144e-08
1.8106e-08
1.8069e-08
1.8032e-08
1.7994e-08
1.7957e-08
1.792e-08
1.7883e-08
1.7846e-08
1.7809e-08
1.7772e-08
1.7736e-08
1.7699e-08
1.7662e-08
1.7626e-08
1.759e-08
1.7553e-08
1.7517e-08
1.7481e-08
1.7445e-08
1.7409e-08
1.7373e-08
1.7337e-08
1.7301e-08
1.7265e-08
1.723e-08
1.7194e-08
1.7159e-08
1.7123e-08
1.7088e-08
1.7053e-08
1.7018e-08
1.6983e-08
1.6948e-08
1.6913e-08
1.6878e-08
1.6843e-08
1.6808e-08
1.6774e-08
1.6739e-08
1.6705e-08
1.667e-08
1.6636e-08
1.6602e-08
1.6567e-08
1.6533e-08
1.6499e-08
1.6465e-08
1.6432e-08
1.6398e-08
1.6364e-08
1.633e-08
1.6297e-08
1.6263e-08
1.623e-08
1.6197e-08
1.6163e-08
1.613e-08
1.6097e-08
1.6064e-08
1.6031e-08
1.5998e-08
1.5966e-08
1.5933e-08
1.59e-08
1.5868e-08
1.5835e-08
1.5803e-08
1.577e-08
1.5738e-08
1.5706e-08
1.5674e-08
1.5642e-08
1.561e-08
1.5578e-08
1.5546e-08
1.5514e-08
1.5483e-08
1.5451e-08
1.542e-08
1.5388e-08
1.5357e-08
1.5325e-08
1.5294e-08
1.5263e-08
1.5232e-08
1.5201e-08
1.517e-08
1.5139e-08
1.5109e-08
1.5078e-08
1.5047e-08
1.5017e-08
1.4986e-08
1.4956e-08
1.4926e-08
1.4895e-08
1.4865e-08
1.4835e-08
1.4805e-08
1.4775e-08
1.4745e-08
1.4715e-08
1.4686e-08
1.4656e-08
1.4627e-08
1.4597e-08
1.4568e-08
1.4538e-08
1.4509e-08
1.448e-08
1.4451e-08
1.4422e-08
1.4393e-08
1.4364e-08
1.4335e-08
1.4306e-08
1.4278e-08
1.4249e-08
1.422e-08
1.4192e-08
1.4164e-08
1.4135e-08
1.4107e-08
1.4079e-08
1.4051e-08
1.4023e-08
1.3995e-08
1.3967e-08
1.3939e-08
1.3912e-08
1.3884e-08
1.3856e-08
1.3829e-08
1.3801e-08
1.3774e-08
1.3747e-08
1.372e-08
1.3693e-08
1.3666e-08
1.3639e-08
1.3612e-08
1.3585e-08
1.3558e-08
1.3531e-08
1.3505e-08
1.3478e-08
1.3452e-08
1.3425e-08
1.3399e-08
1.3373e-08
1.3347e-08
1.3321e-08
1.3295e-08
1.3269e-08
1.3243e-08
1.3217e-08
1.3191e-08
1.3166e-08
1.314e-08
1.3115e-08
1.3089e-08
1.3064e-08
1.3039e-08
1.3014e-08
1.2988e-08
1.2963e-08
1.2938e-08
1.2914e-08
1.2889e-08
1.2864e-08
1.2839e-08
1.2815e-08
1.279e-08
1.2766e-08
1.2741e-08
1.2717e-08
1.2693e-08
1.2669e-08
1.2645e-08
1.2621e-08
1.2597e-08
1.2573e-08
1.2549e-08
1.2525e-08
1.2502e-08
1.2478e-08
1.2455e-08
1.2431e-08
1.2408e-08
1.2385e-08
1.2362e-08
1.2338e-08
1.2315e-08
1.2292e-08
1.227e-08
1.2247e-08
1.2224e-08
1.2201e-08
1.2179e-08
1.2156e-08
1.2134e-08
1.2112e-08
1.2089e-08
1.2067e-08
1.2045e-08
1.2023e-08
1.2001e-08
1.1979e-08
1.1957e-08
1.1935e-08
1.1914e-08
1.1892e-08
1.187e-08
1.1849e-08
1.1828e-08
1.1806e-08
1.1785e-08
1.1764e-08
1.1743e-08
1.1722e-08
1.1701e-08
1.168e-08
1.1659e-08
1.1639e-08
1.1618e-08
1.1597e-08
1.1577e-08
1.1556e-08
1.1536e-08
1.1516e-08
1.1496e-08
1.1476e-08
1.1456e-08
1.1436e-08
1.1416e-08
1.1396e-08
1.1376e-08
1.1357e-08
1.1337e-08
1.1317e-08
1.1298e-08
1.1279e-08
1.1259e-08
1.124e-08
1.1221e-08
1.1202e-08
1.1183e-08
1.1164e-08
1.1145e-08
1.1127e-08
1.1108e-08
1.1089e-08
1.1071e-08
1.1053e-08
1.1034e-08
1.1016e-08
1.0998e-08
1.098e-08
1.0962e-08
1.0944e-08
1.0926e-08
1.0908e-08
1.089e-08
1.0873e-08
1.0855e-08
1.0837e-08
1.082e-08
1.0803e-08
1.0785e-08
1.0768e-08
1.0751e-08
1.0734e-08
1.0717e-08
1.07e-08
1.0684e-08
1.0667e-08
1.065e-08
1.0634e-08
1.0617e-08
1.0601e-08
1.0584e-08
1.0568e-08
1.0552e-08
1.0536e-08
1.052e-08
1.0504e-08
1.0488e-08
1.0472e-08
1.0457e-08
1.0441e-08
1.0426e-08
1.041e-08
1.0395e-08
1.0379e-08
1.0364e-08
1.0349e-08
1.0334e-08
1.0319e-08
1.0304e-08
1.0289e-08
1.0275e-08
1.026e-08
1.0245e-08
1.0231e-08
1.0217e-08
1.0202e-08
1.0188e-08
1.0174e-08
1.016e-08
1.0146e-08
1.0132e-08
1.0118e-08
1.0104e-08
1.0091e-08
1.0077e-08
1.0064e-08
1.005e-08
1.0037e-08
1.0023e-08
1.001e-08
9.9972e-09
9.9842e-09
9.9713e-09
9.9584e-09
9.9457e-09
9.933e-09
9.9204e-09
9.9079e-09
9.8955e-09
9.8831e-09
9.8709e-09
9.8587e-09
9.8466e-09
9.8346e-09
9.8226e-09
9.8108e-09
9.7991e-09
9.7874e-09
9.7758e-09
9.7643e-09
9.7529e-09
9.7416e-09
9.7303e-09
9.7191e-09
9.7081e-09
9.6971e-09
9.6862e-09
9.6754e-09
9.6646e-09
9.654e-09
9.6434e-09
9.633e-09
9.6226e-09
9.6123e-09
9.6021e-09
9.5919e-09
9.5819e-09
9.572e-09
9.5621e-09
9.5523e-09
9.5426e-09
9.5331e-09
9.5235e-09
9.5141e-09
9.5048e-09
9.4955e-09
9.4864e-09
9.4773e-09
9.4684e-09
9.4595e-09
9.4507e-09
9.442e-09
9.4333e-09
9.4248e-09
9.4164e-09
9.408e-09
9.3998e-09
9.3916e-09
9.3835e-09
9.3756e-09
9.3677e-09
9.3599e-09
9.3521e-09
9.3445e-09
9.337e-09
9.3296e-09
9.3222e-09
9.315e-09
9.3078e-09
9.3008e-09
9.2938e-09
9.2869e-09
9.2801e-09
9.2734e-09
9.2668e-09
9.2603e-09
9.2539e-09
9.2476e-09
9.2414e-09
9.2353e-09
9.2292e-09
9.2233e-09
9.2174e-09
9.2117e-09
9.206e-09
9.2005e-09
9.195e-09
9.1897e-09
9.1844e-09
9.1792e-09
9.1742e-09
9.1692e-09
9.1643e-09
9.1595e-09
9.1548e-09
9.1503e-09
9.1458e-09
9.1414e-09
9.1371e-09
9.1329e-09
9.1288e-09
9.1248e-09
9.1209e-09
9.1171e-09
9.1134e-09
9.1099e-09
9.1064e-09
9.103e-09
9.0997e-09
9.0965e-09
9.0934e-09
9.0904e-09
9.0875e-09
9.0847e-09
9.0821e-09
9.0795e-09
9.077e-09
9.0746e-09
9.0724e-09
9.0702e-09
9.0681e-09
9.0662e-09
9.0643e-09
9.0626e-09
9.0609e-09
9.0594e-09
9.0579e-09
9.0566e-09
9.0554e-09
9.0543e-09
9.0532e-09
9.0523e-09
9.0515e-09
9.0509e-09
9.0503e-09
9.0498e-09
9.0494e-09
9.0492e-09
9.049e-09
9.049e-09
9.049e-09
9.0492e-09
9.0495e-09
9.0499e-09
9.0504e-09
9.051e-09
9.0517e-09
9.0526e-09
9.0535e-09
9.0546e-09
9.0557e-09
9.057e-09
9.0584e-09
9.0599e-09
9.0615e-09
9.0633e-09
9.0651e-09
9.0671e-09
9.0691e-09
9.0713e-09
9.0736e-09
9.076e-09
9.0786e-09
9.0812e-09
9.084e-09
9.0869e-09
9.0899e-09
9.093e-09
9.0962e-09
9.0996e-09
9.103e-09
9.1066e-09
9.1103e-09
9.1142e-09
9.1181e-09
9.1222e-09
9.1263e-09
9.1306e-09
9.1351e-09
9.1396e-09
9.1443e-09
9.1491e-09
9.154e-09
9.159e-09
9.1642e-09
9.1694e-09
9.1748e-09
9.1804e-09
9.186e-09
9.1918e-09
9.1977e-09
9.2037e-09
9.2098e-09
9.2161e-09
9.2225e-09
9.229e-09
9.2357e-09
9.2425e-09
9.2494e-09
9.2564e-09
9.2636e-09
9.2709e-09
9.2783e-09
9.2858e-09
9.2935e-09
9.3013e-09
9.3093e-09
9.3173e-09
9.3255e-09
9.3339e-09
9.3423e-09
9.3509e-09
9.3597e-09
9.3685e-09
9.3775e-09
9.3867e-09
9.3959e-09
9.4053e-09
9.4149e-09
9.4246e-09
9.4344e-09
9.4443e-09
9.4544e-09
9.4646e-09
9.475e-09
9.4855e-09
9.4961e-09
9.5069e-09
9.5178e-09
9.5289e-09
9.5401e-09
9.5514e-09
9.5629e-09
9.5745e-09
9.5863e-09
9.5982e-09
9.6102e-09
9.6224e-09
9.6347e-09
9.6472e-09
9.6599e-09
9.6726e-09
9.6855e-09
9.6986e-09
9.7118e-09
9.7252e-09
9.7387e-09
9.7523e-09
9.7661e-09
9.7801e-09
9.7942e-09
9.8084e-09
9.8228e-09
9.8374e-09
9.8521e-09
9.8669e-09
9.8819e-09
9.8971e-09
9.9124e-09
9.9279e-09
9.9435e-09
9.9593e-09
9.9752e-09
9.9913e-09
1.0008e-08
1.0024e-08
1.0041e-08
1.0057e-08
1.0074e-08
1.0091e-08
1.0108e-08
1.0126e-08
1.0143e-08
1.0161e-08
1.0179e-08
1.0197e-08
1.0215e-08
1.0233e-08
1.0252e-08
1.027e-08
1.0289e-08
1.0308e-08
1.0327e-08
1.0347e-08
1.0366e-08
1.0386e-08
1.0406e-08
1.0426e-08
1.0446e-08
1.0466e-08
1.0486e-08
1.0507e-08
1.0528e-08
1.0549e-08
1.057e-08
1.0592e-08
1.0613e-08
1.0635e-08
1.0657e-08
1.0679e-08
1.0701e-08
1.0723e-08
1.0746e-08
1.0769e-08
1.0792e-08
1.0815e-08
1.0838e-08
1.0862e-08
1.0885e-08
1.0909e-08
1.0933e-08
1.0957e-08
1.0982e-08
1.1006e-08
1.1031e-08
1.1056e-08
1.1081e-08
1.1106e-08
1.1132e-08
1.1158e-08
1.1183e-08
1.121e-08
1.1236e-08
1.1262e-08
1.1289e-08
1.1316e-08
1.1343e-08
1.137e-08
1.1397e-08
1.1425e-08
1.1453e-08
1.1481e-08
1.1509e-08
1.1537e-08
1.1566e-08
1.1595e-08
1.1624e-08
1.1653e-08
1.1682e-08
1.1712e-08
1.1742e-08
1.1772e-08
1.1802e-08
1.1832e-08
1.1863e-08
1.1894e-08
1.1925e-08
1.1956e-08
1.1987e-08
1.2019e-08
1.2051e-08
1.2083e-08
1.2115e-08
1.2148e-08
1.218e-08
1.2213e-08
1.2246e-08
1.228e-08
1.2313e-08
1.2347e-08
1.2381e-08
1.2415e-08
1.245e-08
1.2484e-08
1.2519e-08
1.2554e-08
1.259e-08
1.2625e-08
1.2661e-08
1.2697e-08
1.2733e-08
1.2769e-08
1.2806e-08
1.2843e-08
1.288e-08
1.2917e-08
1.2955e-08
1.2993e-08
1.3031e-08
1.3069e-08
1.3108e-08
1.3146e-08
1.3185e-08
1.3224e-08
1.3264e-08
1.3303e-08
1.3343e-08
1.3383e-08
1.3424e-08
1.3464e-08
1.3505e-08
1.3546e-08
1.3588e-08
1.3629e-08
1.3671e-08
1.3713e-08
1.3756e-08
1.3798e-08
1.3841e-08
1.3884e-08
1.3927e-08
1.3971e-08
1.4015e-08
1.4059e-08
1.4103e-08
1.4148e-08
1.4193e-08
1.4238e-08
1.4283e-08
1.4329e-08
1.4374e-08
1.4421e-08
1.4467e-08
1.4514e-08
1.456e-08
1.4608e-08
1.4655e-08
1.4703e-08
1.4751e-08
1.4799e-08
1.4848e-08
1.4896e-08
1.4945e-08
1.4995e-08
1.5044e-08
1.5094e-08
1.5144e-08
1.5195e-08
1.5245e-08
1.5296e-08
1.5348e-08
1.5399e-08
1.5451e-08
1.5503e-08
1.5555e-08
1.5608e-08
1.5661e-08
1.5714e-08
1.5768e-08
1.5821e-08
1.5876e-08
1.593e-08
1.5985e-08
1.604e-08
1.6095e-08
1.615e-08
1.6206e-08
1.6262e-08
1.6319e-08
1.6375e-08
1.6432e-08
1.649e-08
1.6547e-08
1.6605e-08
1.6664e-08
1.6722e-08
1.6781e-08
1.684e-08
1.69e-08
1.6959e-08
1.7019e-08
1.708e-08
1.7141e-08
1.7202e-08
1.7263e-08
1.7325e-08
1.7387e-08
1.7449e-08
1.7511e-08
1.7574e-08
1.7638e-08
1.7701e-08
1.7765e-08
1.7829e-08
1.7894e-08
1.7959e-08
1.8024e-08
1.809e-08
1.8155e-08
1.8222e-08
1.8288e-08
1.8355e-08
1.8422e-08
1.849e-08
1.8558e-08
1.8626e-08
1.8694e-08
1.8763e-08
1.8833e-08
1.8902e-08
1.8972e-08
1.9042e-08
1.9113e-08
1.9184e-08
1.9255e-08
1.9327e-08
1.9399e-08
1.9472e-08
1.9544e-08
1.9618e-08
1.9691e-08
1.9765e-08
1.9839e-08
1.9914e-08
1.9989e-08
2.0064e-08
2.0139e-08
2.0216e-08
2.0292e-08
2.0369e-08
2.0446e-08
2.0523e-08
2.0601e-08
2.068e-08
2.0758e-08
2.0837e-08
2.0917e-08
2.0996e-08
2.1077e-08
2.1157e-08
2.1238e-08
2.1319e-08
2.1401e-08
2.1483e-08
2.1566e-08
2.1649e-08
2.1732e-08
2.1816e-08
2.19e-08
2.1984e-08
2.2069e-08
2.2154e-08
2.224e-08
2.2326e-08
2.2413e-08
2.25e-08
2.2587e-08
2.2675e-08
2.2763e-08
2.2851e-08
2.294e-08
2.303e-08
2.312e-08
2.321e-08
2.3301e-08
2.3392e-08
2.3483e-08
2.3575e-08
2.3667e-08
2.376e-08
2.3854e-08
2.3947e-08
2.4041e-08
2.4136e-08
2.4231e-08
2.4326e-08
2.4422e-08
2.4518e-08
2.4615e-08
2.4712e-08
2.481e-08
2.4908e-08
2.5006e-08
2.5105e-08
2.5205e-08
2.5305e-08
2.5405e-08
2.5506e-08
2.5607e-08
2.5709e-08
2.5811e-08
2.5914e-08
2.6017e-08
2.612e-08
2.6225e-08
2.6329e-08
2.6434e-08
2.654e-08
2.6646e-08
2.6752e-08
2.6859e-08
2.6966e-08
2.7074e-08
2.7183e-08
2.7291e-08
2.7401e-08
2.7511e-08
2.7621e-08
2.7732e-08
2.7843e-08
2.7955e-08
2.8067e-08
2.818e-08
2.8293e-08
2.8407e-08
2.8522e-08
2.8636e-08
2.8752e-08
2.8868e-08
2.8984e-08
2.9101e-08
2.9218e-08
2.9336e-08
2.9455e-08
2.9574e-08
2.9693e-08
2.9814e-08
2.9934e-08
3.0055e-08
3.0177e-08
3.0299e-08
3.0422e-08
3.0545e-08
3.0669e-08
3.0793e-08
3.0918e-08
3.1044e-08
3.117e-08
3.1296e-08
3.1423e-08
3.1551e-08
3.1679e-08
3.1808e-08
3.1937e-08
3.2067e-08
3.2198e-08
3.2329e-08
3.246e-08
3.2593e-08
3.2725e-08
3.2859e-08
3.2993e-08
3.3127e-08
3.3262e-08
3.3398e-08
3.3534e-08
3.3671e-08
3.3808e-08
3.3946e-08
3.4085e-08
3.4224e-08
3.4364e-08
3.4504e-08
3.4645e-08
3.4787e-08
3.4929e-08
3.5072e-08
3.5215e-08
3.536e-08
3.5504e-08
3.565e-08
3.5795e-08
3.5942e-08
3.6089e-08
3.6237e-08
3.6385e-08
3.6534e-08
3.6684e-08
3.6835e-08
3.6986e-08
3.7137e-08
3.7289e-08
3.7442e-08
3.7596e-08
3.775e-08
3.7905e-08
3.806e-08
3.8217e-08
3.8373e-08
3.8531e-08
3.8689e-08
3.8848e-08
3.9007e-08
3.9168e-08
3.9328e-08
3.949e-08
3.9652e-08
3.9815e-08
3.9979e-08
4.0143e-08
4.0308e-08
4.0473e-08
4.064e-08
4.0807e-08
4.0974e-08
4.1143e-08
4.1312e-08
4.1482e-08
4.1652e-08
4.1824e-08
4.1996e-08
4.2168e-08
4.2342e-08
4.2516e-08
4.2691e-08
4.2866e-08
4.3043e-08
4.322e-08
4.3397e-08
4.3576e-08
4.3755e-08
4.3935e-08
4.4116e-08
4.4297e-08
4.448e-08
4.4663e-08
4.4846e-08
4.5031e-08
4.5216e-08
4.5402e-08
4.5589e-08
4.5776e-08
4.5965e-08
4.6154e-08
4.6344e-08
4.6534e-08
4.6726e-08
4.6918e-08
4.7111e-08
4.7305e-08
4.7499e-08
4.7695e-08
4.7891e-08
4.8088e-08
4.8286e-08
4.8484e-08
4.8684e-08
4.8884e-08
4.9085e-08
4.9287e-08
4.9489e-08
4.9693e-08
4.9897e-08
5.0102e-08
5.0308e-08
5.0515e-08
5.0723e-08
5.0931e-08
5.1141e-08
5.1351e-08
5.1562e-08
5.1774e-08
5.1987e-08
5.22e-08
5.2415e-08
5.263e-08
5.2846e-08
5.3063e-08
5.3281e-08
5.35e-08
5.372e-08
5.394e-08
5.4162e-08
5.4384e-08
5.4608e-08
5.4832e-08
5.5057e-08
5.5283e-08
5.551e-08
5.5737e-08
5.5966e-08
5.6196e-08
5.6426e-08
5.6658e-08
5.689e-08
5.7123e-08
5.7358e-08
5.7593e-08
5.7829e-08
5.8066e-08
5.8304e-08
5.8543e-08
5.8783e-08
5.9023e-08
5.9265e-08
5.9508e-08
5.9752e-08
5.9996e-08
6.0242e-08
6.0489e-08
6.0736e-08
6.0985e-08
6.1234e-08
6.1485e-08
6.1736e-08
6.1989e-08
6.2242e-08
6.2497e-08
6.2752e-08
6.3009e-08
6.3266e-08
6.3525e-08
6.3785e-08
6.4045e-08
6.4307e-08
6.4569e-08
6.4833e-08
6.5098e-08
6.5363e-08
6.563e-08
6.5898e-08
6.6167e-08
6.6437e-08
6.6708e-08
6.698e-08
6.7253e-08
6.7527e-08
6.7802e-08
6.8079e-08
6.8356e-08
6.8635e-08
6.8914e-08
6.9195e-08
6.9477e-08
6.9759e-08
7.0043e-08
7.0328e-08
7.0614e-08
7.0902e-08
7.119e-08
7.148e-08
7.177e-08
7.2062e-08
7.2355e-08
7.2649e-08
7.2944e-08
7.324e-08
7.3538e-08
7.3836e-08
7.4136e-08
7.4437e-08
7.4739e-08
7.5042e-08
7.5346e-08
7.5652e-08
7.5959e-08
7.6266e-08
7.6575e-08
7.6886e-08
7.7197e-08
7.751e-08
7.7824e-08
7.8139e-08
7.8455e-08
7.8772e-08
7.9091e-08
7.9411e-08
7.9732e-08
8.0055e-08
8.0378e-08
8.0703e-08
8.1029e-08
8.1356e-08
8.1685e-08
8.2015e-08
8.2346e-08
8.2678e-08
8.3012e-08
8.3347e-08
8.3683e-08
8.402e-08
8.4359e-08
8.4699e-08
8.504e-08
8.5383e-08
8.5726e-08
8.6072e-08
8.6418e-08
8.6766e-08
8.7115e-08
8.7465e-08
8.7817e-08
8.817e-08
8.8525e-08
8.888e-08
8.9237e-08
8.9596e-08
8.9956e-08
9.0317e-08
9.0679e-08
9.1043e-08
9.1408e-08
9.1775e-08
9.2143e-08
9.2512e-08
9.2883e-08
9.3255e-08
9.3629e-08
9.4004e-08
9.438e-08
9.4758e-08
9.5137e-08
9.5518e-08
9.59e-08
9.6283e-08
9.6668e-08
9.7054e-08
9.7442e-08
9.7831e-08
9.8222e-08
9.8614e-08
9.9008e-08
9.9403e-08
9.9799e-08
1.002e-07
1.006e-07
1.01e-07
1.014e-07
1.018e-07
1.0221e-07
1.0262e-07
1.0302e-07
1.0343e-07
1.0385e-07
1.0426e-07
1.0467e-07
1.0509e-07
1.0551e-07
1.0593e-07
1.0635e-07
1.0677e-07
1.0719e-07
1.0762e-07
1.0805e-07
1.0847e-07
1.089e-07
1.0934e-07
1.0977e-07
1.102e-07
1.1064e-07
1.1108e-07
1.1152e-07
1.1196e-07
1.124e-07
1.1285e-07
1.1329e-07
1.1374e-07
1.1419e-07
1.1464e-07
1.1509e-07
1.1555e-07
1.16e-07
1.1646e-07
1.1692e-07
1.1738e-07
1.1785e-07
1.1831e-07
1.1878e-07
1.1924e-07
1.1971e-07
1.2018e-07
1.2066e-07
1.2113e-07
1.2161e-07
1.2209e-07
1.2257e-07
1.2305e-07
1.2353e-07
1.2402e-07
1.245e-07
1.2499e-07
1.2548e-07
1.2597e-07
1.2647e-07
1.2696e-07
1.2746e-07
1.2796e-07
1.2846e-07
1.2896e-07
1.2947e-07
1.2998e-07
1.3048e-07
1.3099e-07
1.3151e-07
1.3202e-07
1.3254e-07
1.3305e-07
1.3357e-07
1.3409e-07
1.3462e-07
1.3514e-07
1.3567e-07
1.362e-07
1.3673e-07
1.3726e-07
1.378e-07
1.3833e-07
1.3887e-07
1.3941e-07
1.3995e-07
1.405e-07
1.4104e-07
1.4159e-07
1.4214e-07
1.4269e-07
1.4325e-07
1.438e-07
1.4436e-07
1.4492e-07
1.4548e-07
1.4605e-07
1.4661e-07
1.4718e-07
1.4775e-07
1.4832e-07
1.489e-07
1.4947e-07
1.5005e-07
1.5063e-07
1.5121e-07
1.518e-07
1.5238e-07
1.5297e-07
1.5356e-07
1.5416e-07
1.5475e-07
1.5535e-07
1.5595e-07
1.5655e-07
1.5715e-07
1.5776e-07
1.5836e-07
1.5897e-07
1.5958e-07
1.602e-07
1.6081e-07
1.6143e-07
1.6205e-07
1.6267e-07
1.633e-07
1.6393e-07
1.6455e-07
1.6519e-07
1.6582e-07
1.6645e-07
1.6709e-07
1.6773e-07
1.6837e-07
1.6902e-07
1.6967e-07
1.7031e-07
1.7097e-07
1.7162e-07
1.7228e-07
1.7293e-07
1.7359e-07
1.7426e-07
1.7492e-07
1.7559e-07
1.7626e-07
1.7693e-07
1.7761e-07
1.7828e-07
1.7896e-07
1.7964e-07
1.8033e-07
1.8101e-07
1.817e-07
1.8239e-07
1.8308e-07
1.8378e-07
1.8448e-07
1.8518e-07
1.8588e-07
1.8659e-07
1.8729e-07
1.88e-07
1.8872e-07
1.8943e-07
1.9015e-07
1.9087e-07
1.9159e-07
1.9232e-07
1.9304e-07
1.9377e-07
1.9451e-07
1.9524e-07
1.9598e-07
1.9672e-07
1.9746e-07
1.9821e-07
1.9895e-07
1.997e-07
2.0046e-07
2.0121e-07
2.0197e-07
2.0273e-07
2.0349e-07
2.0426e-07
2.0503e-07
2.058e-07
2.0657e-07
2.0735e-07
2.0813e-07
2.0891e-07
2.0969e-07
2.1048e-07
2.1127e-07
2.1206e-07
2.1286e-07
2.1365e-07
2.1445e-07
2.1526e-07
2.1606e-07
2.1687e-07
2.1768e-07
2.185e-07
2.1931e-07
2.2013e-07
2.2095e-07
2.2178e-07
2.2261e-07
2.2344e-07
2.2427e-07
2.2511e-07
2.2595e-07
2.2679e-07
2.2763e-07
2.2848e-07
2.2933e-07
2.3018e-07
2.3104e-07
2.319e-07
2.3276e-07
2.3362e-07
2.3449e-07
2.3536e-07
2.3624e-07
2.3711e-07
2.3799e-07
2.3887e-07
2.3976e-07
2.4065e-07
2.4154e-07
2.4243e-07
2.4333e-07
2.4423e-07
2.4513e-07
2.4604e-07
2.4695e-07
2.4786e-07
2.4877e-07
2.4969e-07
2.5061e-07
2.5154e-07
2.5246e-07
2.5339e-07
2.5433e-07
2.5526e-07
2.562e-07
2.5715e-07
2.5809e-07
2.5904e-07
2.5999e-07
2.6095e-07
2.6191e-07
2.6287e-07
2.6383e-07
2.648e-07
2.6577e-07
2.6675e-07
2.6772e-07
2.687e-07
2.6969e-07
2.7068e-07
2.7167e-07
2.7266e-07
2.7366e-07
2.7466e-07
2.7566e-07
2.7667e-07
2.7768e-07
2.7869e-07
2.7971e-07
2.8073e-07
2.8175e-07
2.8278e-07
2.8381e-07
2.8484e-07
2.8588e-07
2.8692e-07
2.8796e-07
2.8901e-07
2.9006e-07
2.9111e-07
2.9217e-07
2.9323e-07
2.943e-07
2.9536e-07
2.9643e-07
2.9751e-07
2.9859e-07
2.9967e-07
3.0075e-07
3.0184e-07
3.0293e-07
3.0403e-07
3.0513e-07
3.0623e-07
3.0734e-07
3.0845e-07
3.0956e-07
3.1068e-07
3.118e-07
3.1292e-07
3.1405e-07
3.1518e-07
3.1632e-07
3.1746e-07
3.186e-07
3.1975e-07
3.209e-07
3.2205e-07
3.2321e-07
3.2437e-07
3.2553e-07
3.267e-07
3.2787e-07
3.2905e-07
3.3023e-07
3.3141e-07
3.326e-07
3.3379e-07
3.3499e-07
3.3618e-07
3.3739e-07
3.3859e-07
3.398e-07
3.4102e-07
3.4223e-07
3.4346e-07
3.4468e-07
3.4591e-07
3.4715e-07
3.4838e-07
3.4962e-07
3.5087e-07
3.5212e-07
3.5337e-07
3.5463e-07
3.5589e-07
3.5715e-07
3.5842e-07
3.597e-07
3.6097e-07
3.6226e-07
3.6354e-07
3.6483e-07
3.6612e-07
3.6742e-07
3.6872e-07
3.7003e-07
3.7134e-07
3.7265e-07
3.7397e-07
3.7529e-07
3.7662e-07
3.7795e-07
3.7928e-07
3.8062e-07
3.8196e-07
3.8331e-07
3.8466e-07
3.8602e-07
3.8738e-07
3.8874e-07
3.9011e-07
3.9148e-07
3.9286e-07
3.9424e-07
3.9563e-07
3.9702e-07
3.9841e-07
3.9981e-07
4.0121e-07
4.0262e-07
4.0403e-07
4.0545e-07
4.0687e-07
4.0829e-07
4.0972e-07
4.1116e-07
4.126e-07
4.1404e-07
4.1548e-07
4.1694e-07
4.1839e-07
4.1985e-07
4.2132e-07
4.2279e-07
4.2426e-07
4.2574e-07
4.2722e-07
4.2871e-07
4.302e-07
4.317e-07
4.332e-07
4.3471e-07
4.3622e-07
4.3774e-07
4.3926e-07
4.4078e-07
4.4231e-07
4.4384e-07
4.4538e-07
4.4693e-07
4.4848e-07
4.5003e-07
4.5159e-07
4.5315e-07
4.5472e-07
4.5629e-07
4.5787e-07
4.5945e-07
4.6103e-07
4.6263e-07
4.6422e-07
4.6582e-07
4.6743e-07
4.6904e-07
4.7066e-07
4.7228e-07
4.739e-07
4.7553e-07
4.7717e-07
4.7881e-07
4.8045e-07
4.821e-07
4.8376e-07
4.8542e-07
4.8709e-07
4.8876e-07
4.9043e-07
4.9211e-07
4.938e-07
4.9549e-07
4.9718e-07
4.9889e-07
5.0059e-07
5.023e-07
5.0402e-07
5.0574e-07
5.0747e-07
5.092e-07
5.1094e-07
5.1268e-07
5.1443e-07
5.1618e-07
5.1794e-07
5.197e-07
5.2147e-07
5.2324e-07
5.2502e-07
5.2681e-07
5.286e-07
5.3039e-07
5.3219e-07
5.34e-07
5.3581e-07
5.3763e-07
5.3945e-07
5.4127e-07
5.4311e-07
5.4495e-07
5.4679e-07
5.4864e-07
5.5049e-07
5.5235e-07
5.5422e-07
5.5609e-07
5.5797e-07
5.5985e-07
5.6174e-07
5.6363e-07
5.6553e-07
5.6744e-07
5.6935e-07
5.7126e-07
5.7318e-07
5.7511e-07
5.7704e-07
5.7898e-07
5.8093e-07
5.8288e-07
5.8483e-07
5.8679e-07
5.8876e-07
5.9073e-07
5.9271e-07
5.947e-07
5.9669e-07
5.9868e-07
6.0069e-07
6.0269e-07
6.0471e-07
6.0673e-07
6.0875e-07
6.1078e-07
6.1282e-07
6.1487e-07
6.1691e-07
6.1897e-07
6.2103e-07
6.231e-07
6.2517e-07
6.2725e-07
6.2934e-07
6.3143e-07
6.3353e-07
6.3563e-07
6.3774e-07
6.3985e-07
6.4198e-07
6.441e-07
6.4624e-07
6.4838e-07
6.5052e-07
6.5268e-07
6.5484e-07
6.57e-07
6.5917e-07
6.6135e-07
6.6353e-07
6.6572e-07
6.6792e-07
6.7012e-07
6.7233e-07
6.7455e-07
6.7677e-07
6.79e-07
6.8123e-07
6.8347e-07
6.8572e-07
6.8797e-07
6.9023e-07
6.925e-07
6.9477e-07
6.9705e-07
6.9934e-07
7.0163e-07
7.0393e-07
7.0624e-07
7.0855e-07
7.1087e-07
7.1319e-07
7.1552e-07
7.1786e-07
7.2021e-07
7.2256e-07
7.2492e-07
7.2728e-07
7.2966e-07
7.3203e-07
7.3442e-07
7.3681e-07
7.3921e-07
7.4162e-07
7.4403e-07
7.4645e-07
7.4887e-07
7.5131e-07
7.5375e-07
7.5619e-07
7.5865e-07
7.6111e-07
7.6357e-07
7.6605e-07
7.6853e-07
7.7102e-07
7.7351e-07
7.7601e-07
7.7852e-07
7.8104e-07
7.8356e-07
7.8609e-07
7.8863e-07
7.9117e-07
7.9373e-07
7.9628e-07
7.9885e-07
8.0142e-07
8.04e-07
8.0659e-07
8.0918e-07
8.1178e-07
8.1439e-07
8.1701e-07
8.1963e-07
8.2226e-07
8.249e-07
8.2755e-07
8.302e-07
8.3286e-07
8.3552e-07
8.382e-07
8.4088e-07
8.4357e-07
8.4627e-07
8.4897e-07
8.5168e-07
8.544e-07
8.5713e-07
8.5986e-07
8.626e-07
8.6535e-07
8.6811e-07
8.7087e-07
8.7364e-07
8.7642e-07
8.7921e-07
8.82e-07
8.8481e-07
8.8762e-07
8.9043e-07
8.9326e-07
8.9609e-07
8.9893e-07
9.0178e-07
9.0464e-07
9.075e-07
9.1037e-07
9.1325e-07
9.1614e-07
9.1903e-07
9.2194e-07
9.2485e-07
9.2776e-07
9.3069e-07
9.3363e-07
9.3657e-07
9.3952e-07
9.4248e-07
9.4544e-07
9.4842e-07
9.514e-07
9.5439e-07
9.5739e-07
9.6039e-07
9.6341e-07
9.6643e-07
9.6946e-07
9.725e-07
9.7555e-07
9.786e-07
9.8167e-07
9.8474e-07
9.8782e-07
9.9091e-07
9.94e-07
9.9711e-07
1.0002e-06
1.0033e-06
1.0065e-06
1.0096e-06
1.0128e-06
1.0159e-06
1.0191e-06
1.0222e-06
1.0254e-06
1.0286e-06
1.0318e-06
1.035e-06
1.0382e-06
1.0415e-06
1.0447e-06
1.0479e-06
1.0512e-06
1.0544e-06
1.0577e-06
1.061e-06
1.0642e-06
1.0675e-06
1.0708e-06
1.0741e-06
1.0775e-06
1.0808e-06
1.0841e-06
1.0875e-06
1.0908e-06
1.0942e-06
1.0976e-06
1.1009e-06
1.1043e-06
1.1077e-06
1.1111e-06
1.1145e-06
1.118e-06
1.1214e-06
1.1248e-06
1.1283e-06
1.1317e-06
1.1352e-06
1.1387e-06
1.1422e-06
1.1457e-06
1.1492e-06
1.1527e-06
1.1562e-06
1.1597e-06
1.1633e-06
1.1668e-06
1.1704e-06
1.174e-06
1.1775e-06
1.1811e-06
1.1847e-06
1.1883e-06
1.1919e-06
1.1956e-06
1.1992e-06
1.2028e-06
1.2065e-06
1.2101e-06
1.2138e-06
1.2175e-06
1.2212e-06
1.2249e-06
1.2286e-06
1.2323e-06
1.236e-06
1.2398e-06
1.2435e-06
1.2473e-06
1.251e-06
1.2548e-06
1.2586e-06
1.2624e-06
1.2662e-06
1.27e-06
1.2738e-06
1.2777e-06
1.2815e-06
1.2854e-06
1.2892e-06
1.2931e-06
1.297e-06
1.3009e-06
1.3048e-06
1.3087e-06
1.3126e-06
1.3165e-06
1.3205e-06
1.3244e-06
1.3284e-06
1.3324e-06
1.3363e-06
1.3403e-06
1.3443e-06
1.3484e-06
1.3524e-06
1.3564e-06
1.3604e-06
1.3645e-06
1.3686e-06
1.3726e-06
1.3767e-06
1.3808e-06
1.3849e-06
1.389e-06
1.3931e-06
1.3973e-06
1.4014e-06
1.4056e-06
1.4097e-06
1.4139e-06
1.4181e-06
1.4223e-06
1.4265e-06
1.4307e-06
1.4349e-06
1.4392e-06
1.4434e-06
1.4477e-06
1.452e-06
1.4562e-06
1.4605e-06
1.4648e-06
1.4691e-06
1.4735e-06
1.4778e-06
1.4821e-06
1.4865e-06
1.4908e-06
1.4952e-06
1.4996e-06
1.504e-06
1.5084e-06
1.5128e-06
1.5173e-06
1.5217e-06
1.5261e-06
1.5306e-06
1.5351e-06
1.5396e-06
1.5441e-06
1.5486e-06
1.5531e-06
1.5576e-06
1.5621e-06
1.5667e-06
1.5713e-06
1.5758e-06
1.5804e-06
1.585e-06
1.5896e-06
1.5942e-06
1.5988e-06
1.6035e-06
1.6081e-06
1.6128e-06
1.6175e-06
1.6221e-06
1.6268e-06
1.6315e-06
1.6363e-06
1.641e-06
1.6457e-06
1.6505e-06
1.6552e-06
1.66e-06
1.6648e-06
1.6696e-06
1.6744e-06
1.6792e-06
1.6841e-06
1.6889e-06
1.6937e-06
1.6986e-06
1.7035e-06
1.7084e-06
1.7133e-06
1.7182e-06
1.7231e-06
1.728e-06
1.733e-06
1.738e-06
1.7429e-06
1.7479e-06
1.7529e-06
1.7579e-06
1.7629e-06
1.768e-06
1.773e-06
1.778e-06
1.7831e-06
1.7882e-06
1.7933e-06
1.7984e-06
1.8035e-06
1.8086e-06
1.8137e-06
1.8189e-06
1.8241e-06
1.8292e-06
1.8344e-06
1.8396e-06
1.8448e-06
1.85e-06
1.8553e-06
1.8605e-06
1.8658e-06
1.871e-06
1.8763e-06
1.8816e-06
1.8869e-06
1.8922e-06
1.8976e-06
1.9029e-06
1.9083e-06
1.9136e-06
1.919e-06
1.9244e-06
1.9298e-06
1.9352e-06
1.9407e-06
1.9461e-06
1.9516e-06
1.957e-06
1.9625e-06
1.968e-06
1.9735e-06
1.979e-06
1.9846e-06
1.9901e-06
1.9957e-06
2.0012e-06
2.0068e-06
2.0124e-06
2.018e-06
2.0236e-06
2.0293e-06
2.0349e-06
2.0406e-06
2.0463e-06
2.0519e-06
2.0576e-06
2.0633e-06
2.0691e-06
2.0748e-06
2.0806e-06
2.0863e-06
2.0921e-06
2.0979e-06
2.1037e-06
2.1095e-06
2.1153e-06
2.1212e-06
2.127e-06
2.1329e-06
2.1388e-06
2.1447e-06
2.1506e-06
2.1565e-06
2.1624e-06
2.1684e-06
2.1743e-06
2.1803e-06
2.1863e-06
2.1923e-06
2.1983e-06
2.2043e-06
2.2104e-06
2.2164e-06
2.2225e-06
2.2286e-06
2.2346e-06
2.2408e-06
2.2469e-06
2.253e-06
2.2592e-06
2.2653e-06
2.2715e-06
2.2777e-06
2.2839e-06
2.2901e-06
2.2963e-06
2.3026e-06
2.3088e-06
2.3151e-06
2.3214e-06
2.3277e-06
2.334e-06
2.3403e-06
2.3467e-06
2.353e-06
2.3594e-06
2.3658e-06
2.3721e-06
2.3786e-06
2.385e-06
2.3914e-06
2.3979e-06
2.4043e-06
2.4108e-06
2.4173e-06
2.4238e-06
2.4303e-06
2.4369e-06
2.4434e-06
2.45e-06
2.4566e-06
2.4631e-06
2.4698e-06
2.4764e-06
2.483e-06
2.4897e-06
2.4963e-06
2.503e-06
2.5097e-06
2.5164e-06
2.5231e-06
2.5299e-06
2.5366e-06
2.5434e-06
2.5501e-06
2.5569e-06
2.5637e-06
2.5706e-06
2.5774e-06
2.5843e-06
2.5911e-06
2.598e-06
2.6049e-06
2.6118e-06
2.6187e-06
2.6257e-06
2.6326e-06
2.6396e-06
2.6466e-06
2.6536e-06
2.6606e-06
2.6676e-06
2.6746e-06
2.6817e-06
2.6888e-06
2.6959e-06
2.703e-06
2.7101e-06
2.7172e-06
2.7244e-06
2.7315e-06
2.7387e-06
2.7459e-06
2.7531e-06
2.7603e-06
2.7675e-06
2.7748e-06
2.7821e-06
2.7893e-06
2.7966e-06
2.8039e-06
2.8113e-06
2.8186e-06
2.826e-06
2.8333e-06
2.8407e-06
2.8481e-06
2.8555e-06
2.863e-06
2.8704e-06
2.8779e-06
2.8854e-06
2.8929e-06
2.9004e-06
2.9079e-06
2.9154e-06
2.923e-06
2.9306e-06
2.9382e-06
2.9458e-06
2.9534e-06
2.961e-06
2.9687e-06
2.9763e-06
2.984e-06
2.9917e-06
2.9994e-06
3.0071e-06
3.0149e-06
3.0226e-06
3.0304e-06
3.0382e-06
3.046e-06
3.0538e-06
3.0617e-06
3.0695e-06
3.0774e-06
3.0853e-06
3.0932e-06
3.1011e-06
3.109e-06
3.117e-06
3.1249e-06
3.1329e-06
3.1409e-06
3.1489e-06
3.1569e-06
3.165e-06
3.173e-06
3.1811e-06
3.1892e-06
3.1973e-06
3.2054e-06
3.2136e-06
3.2217e-06
3.2299e-06
3.2381e-06
3.2463e-06
3.2545e-06
3.2628e-06
3.271e-06
3.2793e-06
3.2876e-06
3.2959e-06
3.3042e-06
3.3125e-06
3.3209e-06
3.3292e-06
3.3376e-06
3.346e-06
3.3545e-06
3.3629e-06
3.3713e-06
3.3798e-06
3.3883e-06
3.3968e-06
3.4053e-06
3.4138e-06
3.4224e-06
3.4309e-06
3.4395e-06
3.4481e-06
3.4567e-06
3.4654e-06
3.474e-06
3.4827e-06
3.4914e-06
3.5001e-06
3.5088e-06
3.5175e-06
3.5263e-06
3.535e-06
3.5438e-06
3.5526e-06
3.5614e-06
3.5703e-06
3.5791e-06
3.588e-06
3.5969e-06
3.6058e-06
3.6147e-06
3.6236e-06
3.6326e-06
3.6415e-06
3.6505e-06
3.6595e-06
3.6685e-06
3.6776e-06
3.6866e-06
3.6957e-06
3.7048e-06
3.7139e-06
3.723e-06
3.7322e-06
3.7413e-06
3.7505e-06
3.7597e-06
3.7689e-06
3.7781e-06
3.7874e-06
3.7966e-06
3.8059e-06
3.8152e-06
3.8245e-06
3.8338e-06
3.8432e-06
3.8525e-06
3.8619e-06
3.8713e-06
3.8807e-06
3.8902e-06
3.8996e-06
3.9091e-06
3.9186e-06
3.9281e-06
3.9376e-06
3.9471e-06
3.9567e-06
3.9663e-06
3.9759e-06
3.9855e-06
3.9951e-06
4.0047e-06
4.0144e-06
4.0241e-06
4.0338e-06
4.0435e-06
4.0532e-06
4.063e-06
4.0727e-06
4.0825e-06
4.0923e-06
4.1021e-06
4.112e-06
4.1218e-06
4.1317e-06
4.1416e-06
4.1515e-06
4.1614e-06
4.1714e-06
4.1814e-06
4.1913e-06
4.2013e-06
4.2113e-06
4.2214e-06
4.2314e-06
4.2415e-06
4.2516e-06
4.2617e-06
4.2718e-06
4.282e-06
4.2921e-06
4.3023e-06
4.3125e-06
4.3227e-06
4.333e-06
4.3432e-06
4.3535e-06
4.3638e-06
4.3741e-06
4.3844e-06
4.3947e-06
4.4051e-06
4.4155e-06
4.4259e-06
4.4363e-06
4.4467e-06
4.4572e-06
4.4676e-06
4.4781e-06
4.4886e-06
4.4992e-06
4.5097e-06
4.5203e-06
4.5309e-06
4.5414e-06
4.5521e-06
4.5627e-06
4.5734e-06
4.584e-06
4.5947e-06
4.6054e-06
4.6162e-06
4.6269e-06
4.6377e-06
4.6484e-06
4.6592e-06
4.6701e-06
4.6809e-06
4.6918e-06
4.7026e-06
4.7135e-06
4.7244e-06
4.7354e-06
4.7463e-06
4.7573e-06
4.7683e-06
4.7793e-06
4.7903e-06
4.8014e-06
4.8124e-06
4.8235e-06
4.8346e-06
4.8457e-06
4.8568e-06
4.868e-06
4.8792e-06
4.8904e-06
4.9016e-06
4.9128e-06
4.9241e-06
4.9353e-06
4.9466e-06
4.9579e-06
4.9692e-06
4.9806e-06
4.992e-06
5.0033e-06
5.0147e-06
5.0262e-06
5.0376e-06
5.049e-06
5.0605e-06
5.072e-06
5.0835e-06
5.0951e-06
5.1066e-06
5.1182e-06
5.1298e-06
5.1414e-06
5.153e-06
5.1647e-06
5.1763e-06
5.188e-06
5.1997e-06
5.2114e-06
5.2232e-06
5.2349e-06
5.2467e-06
5.2585e-06
5.2703e-06
5.2822e-06
5.294e-06
5.3059e-06
5.3178e-06
5.3297e-06
5.3416e-06
5.3536e-06
5.3656e-06
5.3776e-06
5.3896e-06
5.4016e-06
5.4136e-06
5.4257e-06
5.4378e-06
5.4499e-06
5.462e-06
5.4742e-06
5.4863e-06
5.4985e-06
5.5107e-06
5.523e-06
5.5352e-06
5.5475e-06
5.5597e-06
5.572e-06
5.5844e-06
5.5967e-06
5.609e-06
5.6214e-06
5.6338e-06
5.6462e-06
5.6587e-06
5.6711e-06
5.6836e-06
5.6961e-06
5.7086e-06
5.7211e-06
5.7337e-06
5.7463e-06
5.7588e-06
5.7715e-06
5.7841e-06
5.7967e-06
5.8094e-06
5.8221e-06
5.8348e-06
5.8475e-06
5.8603e-06
5.873e-06
5.8858e-06
5.8986e-06
5.9114e-06
5.9243e-06
5.9372e-06
5.95e-06
5.9629e-06
5.9759e-06
5.9888e-06
6.0018e-06
6.0147e-06
6.0277e-06
6.0408e-06
6.0538e-06
6.0669e-06
6.0799e-06
6.093e-06
6.1062e-06
6.1193e-06
6.1325e-06
6.1456e-06
6.1588e-06
6.172e-06
6.1853e-06
6.1985e-06
6.2118e-06
6.2251e-06
6.2384e-06
6.2518e-06
6.2651e-06
6.2785e-06
6.2919e-06
6.3053e-06
6.3187e-06
6.3322e-06
6.3456e-06
6.3591e-06
6.3726e-06
6.3862e-06
6.3997e-06
6.4133e-06
6.4269e-06
6.4405e-06
6.4541e-06
6.4678e-06
6.4815e-06
6.4951e-06
6.5088e-06
6.5226e-06
6.5363e-06
6.5501e-06
6.5639e-06
6.5777e-06
6.5915e-06
6.6054e-06
6.6192e-06
6.6331e-06
6.647e-06
6.661e-06
6.6749e-06
6.6889e-06
6.7028e-06
6.7169e-06
6.7309e-06
6.7449e-06
6.759e-06
6.7731e-06
6.7872e-06
6.8013e-06
6.8154e-06
6.8296e-06
6.8438e-06
6.858e-06
6.8722e-06
6.8865e-06
6.9007e-06
6.915e-06
6.9293e-06
6.9436e-06
6.958e-06
6.9723e-06
6.9867e-06
7.0011e-06
7.0155e-06
7.03e-06
7.0444e-06
7.0589e-06
7.0734e-06
7.0879e-06
7.1025e-06
7.117e-06
7.1316e-06
7.1462e-06
7.1608e-06
7.1755e-06
7.1901e-06
7.2048e-06
7.2195e-06
7.2342e-06
7.249e-06
7.2637e-06
7.2785e-06
7.2933e-06
7.3081e-06
7.323e-06
7.3378e-06
7.3527e-06
7.3676e-06
7.3825e-06
7.3975e-06
7.4124e-06
7.4274e-06
7.4424e-06
7.4574e-06
7.4724e-06
7.4875e-06
7.5026e-06
7.5177e-06
7.5328e-06
7.5479e-06
7.5631e-06
7.5782e-06
7.5934e-06
7.6086e-06
7.6239e-06
7.6391e-06
7.6544e-06
7.6697e-06
7.685e-06
7.7003e-06
7.7157e-06
7.7311e-06
7.7464e-06
7.7619e-06
7.7773e-06
7.7927e-06
7.8082e-06
7.8237e-06
7.8392e-06
7.8547e-06
7.8703e-06
7.8858e-06
7.9014e-06
7.917e-06
7.9327e-06
7.9483e-06
7.964e-06
7.9797e-06
7.9954e-06
8.0111e-06
8.0268e-06
8.0426e-06
8.0584e-06
8.0742e-06
8.09e-06
8.1059e-06
8.1217e-06
8.1376e-06
8.1535e-06
8.1694e-06
8.1854e-06
8.2013e-06
8.2173e-06
8.2333e-06
8.2493e-06
8.2654e-06
8.2814e-06
8.2975e-06
8.3136e-06
8.3297e-06
8.3458e-06
8.362e-06
8.3782e-06
8.3944e-06
8.4106e-06
8.4268e-06
8.4431e-06
8.4593e-06
8.4756e-06
8.4919e-06
8.5083e-06
8.5246e-06
8.541e-06
8.5574e-06
8.5738e-06
8.5902e-06
8.6067e-06
8.6231e-06
8.6396e-06
8.6561e-06
8.6727e-06
8.6892e-06
8.7058e-06
8.7223e-06
8.7389e-06
8.7556e-06
8.7722e-06
8.7889e-06
8.8055e-06
8.8222e-06
8.839e-06
8.8557e-06
8.8724e-06
8.8892e-06
8.906e-06
8.9228e-06
8.9397e-06
8.9565e-06
8.9734e-06
8.9903e-06
9.0072e-06
9.0241e-06
9.0411e-06
9.058e-06
9.075e-06
9.092e-06
9.109e-06
9.1261e-06
9.1431e-06
9.1602e-06
9.1773e-06
9.1944e-06
9.2116e-06
9.2287e-06
9.2459e-06
9.2631e-06
9.2803e-06
9.2975e-06
9.3148e-06
9.3321e-06
9.3493e-06
9.3667e-06
9.384e-06
9.4013e-06
9.4187e-06
9.4361e-06
9.4535e-06
9.4709e-06
9.4883e-06
9.5058e-06
9.5233e-06
9.5408e-06
9.5583e-06
9.5758e-06
9.5934e-06
9.6109e-06
9.6285e-06
9.6461e-06
9.6637e-06
9.6814e-06
9.6991e-06
9.7167e-06
9.7344e-06
9.7522e-06
9.7699e-06
9.7876e-06
9.8054e-06
9.8232e-06
9.841e-06
9.8588e-06
9.8767e-06
9.8946e-06
9.9124e-06
9.9303e-06
9.9483e-06
9.9662e-06
9.9842e-06
1.0002e-05
1.002e-05
1.0038e-05
1.0056e-05
1.0074e-05
1.0092e-05
1.011e-05
1.0128e-05
1.0147e-05
1.0165e-05
1.0183e-05
1.0201e-05
1.0219e-05
1.0237e-05
1.0256e-05
1.0274e-05
1.0292e-05
1.031e-05
1.0329e-05
1.0347e-05
1.0365e-05
1.0384e-05
1.0402e-05
1.0421e-05
1.0439e-05
1.0457e-05
1.0476e-05
1.0494e-05
1.0513e-05
1.0531e-05
1.055e-05
1.0568e-05
1.0587e-05
1.0605e-05
1.0624e-05
1.0643e-05
1.0661e-05
1.068e-05
1.0699e-05
1.0717e-05
1.0736e-05
1.0755e-05
1.0773e-05
1.0792e-05
1.0811e-05
1.083e-05
1.0848e-05
1.0867e-05
1.0886e-05
1.0905e-05
1.0924e-05
1.0943e-05
1.0962e-05
1.098e-05
1.0999e-05
1.1018e-05
1.1037e-05
1.1056e-05
1.1075e-05
1.1094e-05
1.1113e-05
1.1132e-05
1.1152e-05
1.1171e-05
1.119e-05
1.1209e-05
1.1228e-05
1.1247e-05
1.1266e-05
1.1285e-05
1.1305e-05
1.1324e-05
1.1343e-05
1.1362e-05
1.1382e-05
1.1401e-05
1.142e-05
1.144e-05
1.1459e-05
1.1478e-05
1.1498e-05
1.1517e-05
1.1536e-05
1.1556e-05
1.1575e-05
1.1595e-05
1.1614e-05
1.1634e-05
1.1653e-05
1.1673e-05
1.1692e-05
1.1712e-05
1.1731e-05
1.1751e-05
1.1771e-05
1.179e-05
1.181e-05
1.1829e-05
1.1849e-05
1.1869e-05
1.1888e-05
1.1908e-05
1.1928e-05
1.1948e-05
1.1967e-05
1.1987e-05
1.2007e-05
1.2027e-05
1.2047e-05
1.2066e-05
1.2086e-05
1.2106e-05
1.2126e-05
1.2146e-05
1.2166e-05
1.2186e-05
1.2206e-05
1.2226e-05
1.2246e-05
1.2266e-05
1.2286e-05
1.2306e-05
1.2326e-05
1.2346e-05
1.2366e-05
1.2386e-05
1.2406e-05
1.2426e-05
1.2446e-05
1.2466e-05
1.2487e-05
1.2507e-05
1.2527e-05
1.2547e-05
1.2567e-05
1.2588e-05
1.2608e-05
1.2628e-05
1.2648e-05
1.2669e-05
1.2689e-05
1.2709e-05
1.273e-05
1.275e-05
1.277e-05
1.2791e-05
1.2811e-05
1.2832e-05
1.2852e-05
1.2872e-05
1.2893e-05
1.2913e-05
1.2934e-05
1.2954e-05
1.2975e-05
1.2995e-05
1.3016e-05
1.3036e-05
1.3057e-05
1.3078e-05
1.3098e-05
1.3119e-05
1.3139e-05
1.316e-05
1.3181e-05
1.3201e-05
1.3222e-05
1.3243e-05
1.3263e-05
1.3284e-05
1.3305e-05
1.3326e-05
1.3346e-05
1.3367e-05
1.3388e-05
1.3409e-05
1.343e-05
1.345e-05
1.3471e-05
1.3492e-05
1.3513e-05
1.3534e-05
1.3555e-05
1.3576e-05
1.3597e-05
1.3618e-05
1.3638e-05
1.3659e-05
1.368e-05
1.3701e-05
1.3722e-05
1.3743e-05
1.3764e-05
1.3785e-05
1.3807e-05
1.3828e-05
1.3849e-05
1.387e-05
1.3891e-05
1.3912e-05
1.3933e-05
1.3954e-05
1.3975e-05
1.3997e-05
1.4018e-05
1.4039e-05
1.406e-05
1.4081e-05
1.4103e-05
1.4124e-05
1.4145e-05
1.4166e-05
1.4188e-05
1.4209e-05
1.423e-05
1.4251e-05
1.4273e-05
1.4294e-05
1.4315e-05
1.4337e-05
1.4358e-05
1.4379e-05
1.4401e-05
1.4422e-05
1.4444e-05
1.4465e-05
1.4487e-05
1.4508e-05
1.4529e-05
1.4551e-05
1.4572e-05
1.4594e-05
1.4615e-05
1.4637e-05
1.4658e-05
1.468e-05
1.4702e-05
1.4723e-05
1.4745e-05
1.4766e-05
1.4788e-05
1.4809e-05
1.4831e-05
1.4853e-05
1.4874e-05
1.4896e-05
1.4918e-05
1.4939e-05
1.4961e-05
1.4983e-05
1.5004e-05
1.5026e-05
1.5048e-05
1.5069e-05
1.5091e-05
1.5113e-05
1.5135e-05
1.5156e-05
1.5178e-05
1.52e-05
1.5222e-05
1.5244e-05
1.5265e-05
1.5287e-05
1.5309e-05
1.5331e-05
1.5353e-05
1.5375e-05
1.5396e-05
1.5418e-05
1.544e-05
1.5462e-05
1.5484e-05
1.5506e-05
1.5528e-05
1.555e-05
1.5572e-05
1.5594e-05
1.5616e-05
1.5638e-05
1.566e-05
1.5682e-05
1.5704e-05
1.5726e-05
1.5748e-05
1.577e-05
1.5792e-05
1.5814e-05
1.5836e-05
1.5858e-05
1.588e-05
1.5902e-05
1.5924e-05
1.5946e-05
1.5968e-05
1.599e-05
1.6013e-05
1.6035e-05
1.6057e-05
1.6079e-05
1.6101e-05
1.6123e-05
1.6145e-05
1.6168e-05
1.619e-05
1.6212e-05
1.6234e-05
1.6256e-05
1.6279e-05
1.6301e-05
1.6323e-05
1.6345e-05
1.6367e-05
1.639e-05
1.6412e-05
1.6434e-05
1.6456e-05
1.6479e-05
1.6501e-05
1.6523e-05
1.6546e-05
1.6568e-05
1.659e-05
1.6613e-05
1.6635e-05
1.6657e-05
1.668e-05
1.6702e-05
1.6724e-05
1.6747e-05
1.6769e-05
1.6791e-05
1.6814e-05
1.6836e-05
1.6858e-05
1.6881e-05
1.6903e-05
1.6926e-05
1.6948e-05
1.697e-05
1.6993e-05
1.7015e-05
1.7038e-05
1.706e-05
1.7083e-05
1.7105e-05
1.7128e-05
1.715e-05
1.7172e-05
1.7195e-05
1.7217e-05
1.724e-05
1.7262e-05
1.7285e-05
1.7307e-05
1.733e-05
1.7352e-05
1.7375e-05
1.7397e-05
1.742e-05
1.7442e-05
1.7465e-05
1.7487e-05
1.751e-05
1.7533e-05
1.7555e-05
1.7578e-05
1.76e-05
1.7623e-05
1.7645e-05
1.7668e-05
1.769e-05
1.7713e-05
1.7736e-05
1.7758e-05
1.7781e-05
1.7803e-05
1.7826e-05
1.7849e-05
1.7871e-05
1.7894e-05
1.7916e-05
1.7939e-05
1.7962e-05
1.7984e-05
1.8007e-05
1.8029e-05
1.8052e-05
1.8075e-05
1.8097e-05
1.812e-05
1.8143e-05
1.8165e-05
1.8188e-05
1.821e-05
1.8233e-05
1.8256e-05
1.8278e-05
1.8301e-05
1.8324e-05
1.8346e-05
1.8369e-05
1.8392e-05
1.8414e-05
1.8437e-05
1.846e-05
1.8482e-05
1.8505e-05
1.8528e-05
1.855e-05
1.8573e-05
1.8596e-05
1.8618e-05
1.8641e-05
1.8664e-05
1.8687e-05
1.8709e-05
1.8732e-05
1.8755e-05
1.8777e-05
1.88e-05
1.8823e-05
1.8845e-05
1.8868e-05
1.8891e-05
1.8913e-05
1.8936e-05
1.8959e-05
1.8982e-05
1.9004e-05
1.9027e-05
1.905e-05
1.9072e-05
1.9095e-05
1.9118e-05
1.914e-05
1.9163e-05
1.9186e-05
1.9208e-05
1.9231e-05
1.9254e-05
1.9277e-05
1.9299e-05
1.9322e-05
1.9345e-05
1.9367e-05
1.939e-05
1.9413e-05
1.9435e-05
1.9458e-05
1.9481e-05
1.9504e-05
1.9526e-05
1.9549e-05
1.9572e-05
1.9594e-05
1.9617e-05
1.964e-05
1.9662e-05
1.9685e-05
1.9708e-05
1.973e-05
1.9753e-05
1.9776e-05
1.9798e-05
1.9821e-05
1.9844e-05
1.9866e-05
1.9889e-05
1.9912e-05
1.9934e-05
1.9957e-05
1.998e-05
2.0002e-05
2.0025e-05
2.0048e-05
2.007e-05
2.0093e-05
2.0115e-05
2.0138e-05
2.0161e-05
2.0183e-05
2.0206e-05
2.0229e-05
2.0251e-05
2.0274e-05
2.0296e-05
2.0319e-05
2.0342e-05
2.0364e-05
2.0387e-05
2.041e-05
2.0432e-05
2.0455e-05
2.0477e-05
2.05e-05
2.0522e-05
2.0545e-05
2.0568e-05
2.059e-05
2.0613e-05
2.0635e-05
2.0658e-05
2.068e-05
2.0703e-05
2.0725e-05
2.0748e-05
2.077e-05
2.0793e-05
2.0816e-05
2.0838e-05
2.0861e-05
2.0883e-05
2.0906e-05
2.0928e-05
2.0951e-05
2.0973e-05
2.0995e-05
2.1018e-05
2.104e-05
2.1063e-05
2.1085e-05
2.1108e-05
2.113e-05
2.1153e-05
2.1175e-05
2.1198e-05
2.122e-05
2.1242e-05
2.1265e-05
2.1287e-05
2.131e-05
2.1332e-05
2.1354e-05
2.1377e-05
2.1399e-05
2.1421e-05
2.1444e-05
2.1466e-05
2.1488e-05
2.1511e-05
2.1533e-05
2.1555e-05
2.1578e-05
2.16e-05
2.1622e-05
2.1645e-05
2.1667e-05
2.1689e-05
2.1711e-05
2.1734e-05
2.1756e-05
2.1778e-05
2.18e-05
2.1823e-05
2.1845e-05
2.1867e-05
2.1889e-05
2.1912e-05
2.1934e-05
2.1956e-05
2.1978e-05
2.2e-05
2.2022e-05
2.2045e-05
2.2067e-05
2.2089e-05
2.2111e-05
2.2133e-05
2.2155e-05
2.2177e-05
2.2199e-05
2.2221e-05
2.2243e-05
2.2265e-05
2.2287e-05
2.231e-05
2.2332e-05
2.2354e-05
2.2376e-05
2.2398e-05
2.242e-05
2.2442e-05
2.2463e-05
2.2485e-05
2.2507e-05
2.2529e-05
2.2551e-05
2.2573e-05
2.2595e-05
2.2617e-05
2.2639e-05
2.2661e-05
2.2683e-05
2.2704e-05
2.2726e-05
2.2748e-05
2.277e-05
2.2792e-05
2.2813e-05
2.2835e-05
2.2857e-05
2.2879e-05
2.2901e-05
2.2922e-05
2.2944e-05
2.2966e-05
2.2987e-05
2.3009e-05
2.3031e-05
2.3052e-05
2.3074e-05
2.3096e-05
2.3117e-05
2.3139e-05
2.3161e-05
2.3182e-05
2.3204e-05
2.3225e-05
2.3247e-05
2.3268e-05
2.329e-05
2.3311e-05
2.3333e-05
2.3354e-05
2.3376e-05
2.3397e-05
2.3419e-05
2.344e-05
2.3462e-05
2.3483e-05
2.3504e-05
2.3526e-05
2.3547e-05
2.3569e-05
2.359e-05
2.3611e-05
2.3633e-05
2.3654e-05
2.3675e-05
2.3696e-05
2.3718e-05
2.3739e-05
2.376e-05
2.3781e-05
2.3803e-05
2.3824e-05
2.3845e-05
2.3866e-05
2.3887e-05
2.3908e-05
2.3929e-05
2.3951e-05
2.3972e-05
2.3993e-05
2.4014e-05
2.4035e-05
2.4056e-05
2.4077e-05
2.4098e-05
2.4119e-05
2.414e-05
2.4161e-05
2.4182e-05
2.4202e-05
2.4223e-05
2.4244e-05
2.4265e-05
2.4286e-05
2.4307e-05
2.4328e-05
2.4348e-05
2.4369e-05
2.439e-05
2.4411e-05
2.4431e-05
2.4452e-05
2.4473e-05
2.4493e-05
2.4514e-05
2.4535e-05
2.4555e-05
2.4576e-05
2.4597e-05
2.4617e-05
2.4638e-05
2.4658e-05
2.4679e-05
2.4699e-05
2.472e-05
2.474e-05
2.4761e-05
2.4781e-05
2.4802e-05
2.4822e-05
2.4842e-05
2.4863e-05
2.4883e-05
2.4903e-05
2.4924e-05
2.4944e-05
2.4964e-05
2.4984e-05
2.5005e-05
2.5025e-05
2.5045e-05
2.5065e-05
2.5085e-05
2.5106e-05
2.5126e-05
2.5146e-05
2.5166e-05
2.5186e-05
2.5206e-05
2.5226e-05
2.5246e-05
2.5266e-05
2.5286e-05
2.5306e-05
2.5326e-05
2.5346e-05
2.5366e-05
2.5385e-05
2.5405e-05
2.5425e-05
2.5445e-05
2.5465e-05
2.5484e-05
2.5504e-05
2.5524e-05
2.5544e-05
2.5563e-05
2.5583e-05
2.5602e-05
2.5622e-05
2.5642e-05
2.5661e-05
2.5681e-05
2.57e-05
2.572e-05
2.5739e-05
2.5759e-05
2.5778e-05
2.5798e-05
2.5817e-05
2.5836e-05
2.5856e-05
2.5875e-05
2.5894e-05
2.5914e-05
2.5933e-05
2.5952e-05
2.5971e-05
2.5991e-05
2.601e-05
2.6029e-05
2.6048e-05
2.6067e-05
2.6086e-05
2.6105e-05
2.6124e-05
2.6143e-05
2.6162e-05
2.6181e-05
2.62e-05
2.6219e-05
2.6238e-05
2.6257e-05
2.6276e-05
2.6295e-05
2.6314e-05
2.6332e-05
2.6351e-05
2.637e-05
2.6389e-05
2.6407e-05
2.6426e-05
2.6445e-05
2.6463e-05
2.6482e-05
2.65e-05
2.6519e-05
2.6537e-05
2.6556e-05
2.6574e-05
2.6593e-05
2.6611e-05
2.663e-05
2.6648e-05
2.6666e-05
2.6685e-05
2.6703e-05
2.6721e-05
2.6739e-05
2.6758e-05
2.6776e-05
2.6794e-05
2.6812e-05
2.683e-05
2.6848e-05
2.6867e-05
2.6885e-05
2.6903e-05
2.6921e-05
2.6939e-05
2.6956e-05
2.6974e-05
2.6992e-05
2.701e-05
2.7028e-05
2.7046e-05
2.7064e-05
2.7081e-05
2.7099e-05
2.7117e-05
2.7134e-05
2.7152e-05
2.717e-05
2.7187e-05
2.7205e-05
2.7222e-05
2.724e-05
2.7257e-05
2.7275e-05
2.7292e-05
2.731e-05
2.7327e-05
2.7344e-05
2.7362e-05
2.7379e-05
2.7396e-05
2.7414e-05
2.7431e-05
2.7448e-05
2.7465e-05
2.7482e-05
2.7499e-05
2.7516e-05
2.7534e-05
2.7551e-05
2.7568e-05
2.7585e-05
2.7601e-05
2.7618e-05
2.7635e-05
2.7652e-05
2.7669e-05
2.7686e-05
2.7702e-05
2.7719e-05
2.7736e-05
2.7753e-05
2.7769e-05
2.7786e-05
2.7802e-05
2.7819e-05
2.7836e-05
2.7852e-05
2.7868e-05
2.7885e-05
2.7901e-05
2.7918e-05
2.7934e-05
2.795e-05
2.7967e-05
2.7983e-05
2.7999e-05
2.8015e-05
2.8032e-05
2.8048e-05
2.8064e-05
2.808e-05
2.8096e-05
2.8112e-05
2.8128e-05
2.8144e-05
2.816e-05
2.8176e-05
2.8192e-05
2.8207e-05
2.8223e-05
2.8239e-05
2.8255e-05
2.8271e-05
2.8286e-05
2.8302e-05
2.8317e-05
2.8333e-05
2.8349e-05
2.8364e-05
2.838e-05
2.8395e-05
2.8411e-05
2.8426e-05
2.8441e-05
2.8457e-05
2.8472e-05
2.8487e-05
2.8502e-05
2.8518e-05
2.8533e-05
2.8548e-05
2.8563e-05
2.8578e-05
2.8593e-05
2.8608e-05
2.8623e-05
2.8638e-05
2.8653e-05
2.8668e-05
2.8683e-05
2.8698e-05
2.8712e-05
2.8727e-05
2.8742e-05
2.8757e-05
2.8771e-05
2.8786e-05
2.8801e-05
2.8815e-05
2.883e-05
2.8844e-05
2.8859e-05
2.8873e-05
2.8887e-05
2.8902e-05
2.8916e-05
2.893e-05
2.8945e-05
2.8959e-05
2.8973e-05
2.8987e-05
2.9001e-05
2.9015e-05
2.9029e-05
2.9043e-05
2.9057e-05
2.9071e-05
2.9085e-05
2.9099e-05
2.9113e-05
2.9127e-05
2.9141e-05
2.9154e-05
2.9168e-05
2.9182e-05
2.9195e-05
2.9209e-05
2.9223e-05
2.9236e-05
2.925e-05
2.9263e-05
2.9277e-05
2.929e-05
2.9303e-05
2.9317e-05
2.933e-05
2.9343e-05
2.9356e-05
2.937e-05
2.9383e-05
2.9396e-05
2.9409e-05
2.9422e-05
2.9435e-05
2.9448e-05
2.9461e-05
2.9474e-05
2.9487e-05
2.9499e-05
2.9512e-05
2.9525e-05
2.9538e-05
2.955e-05
2.9563e-05
2.9576e-05
2.9588e-05
2.9601e-05
2.9613e-05
2.9626e-05
2.9638e-05
2.9651e-05
2.9663e-05
2.9675e-05
2.9688e-05
2.97e-05
2.9712e-05
2.9724e-05
2.9736e-05
2.9748e-05
2.976e-05
2.9772e-05
2.9784e-05
2.9796e-05
2.9808e-05
2.982e-05
2.9832e-05
2.9844e-05
2.9856e-05
2.9867e-05
2.9879e-05
2.9891e-05
2.9902e-05
2.9914e-05
2.9925e-05
2.9937e-05
2.9948e-05
2.996e-05
2.9971e-05
2.9983e-05
2.9994e-05
3.0005e-05
3.0016e-05
3.0028e-05
3.0039e-05
3.005e-05
3.0061e-05
3.0072e-05
3.0083e-05
3.0094e-05
3.0105e-05
3.0116e-05
3.0127e-05
3.0137e-05
3.0148e-05
3.0159e-05
3.017e-05
3.018e-05
3.0191e-05
3.0202e-05
3.0212e-05
3.0223e-05
3.0233e-05
3.0244e-05
3.0254e-05
3.0264e-05
3.0275e-05
3.0285e-05
3.0295e-05
3.0305e-05
3.0315e-05
3.0326e-05
3.0336e-05
3.0346e-05
3.0356e-05
3.0366e-05
3.0376e-05
3.0385e-05
3.0395e-05
3.0405e-05
3.0415e-05
3.0425e-05
3.0434e-05
3.0444e-05
3.0453e-05
3.0463e-05
3.0473e-05
3.0482e-05
3.0491e-05
3.0501e-05
3.051e-05
3.052e-05
3.0529e-05
3.0538e-05
3.0547e-05
3.0556e-05
3.0566e-05
3.0575e-05
3.0584e-05
3.0593e-05
3.0602e-05
3.0611e-05
3.0619e-05
3.0628e-05
3.0637e-05
3.0646e-05
3.0655e-05
3.0663e-05
3.0672e-05
3.068e-05
3.0689e-05
3.0698e-05
3.0706e-05
3.0714e-05
3.0723e-05
3.0731e-05
3.0739e-05
3.0748e-05
3.0756e-05
3.0764e-05
3.0772e-05
3.078e-05
3.0788e-05
3.0796e-05
3.0804e-05
3.0812e-05
3.082e-05
3.0828e-05
3.0836e-05
3.0844e-05
3.0851e-05
3.0859e-05
3.0867e-05
3.0874e-05
3.0882e-05
3.089e-05
3.0897e-05
3.0904e-05
3.0912e-05
3.0919e-05
3.0926e-05
3.0934e-05
3.0941e-05
3.0948e-05
3.0955e-05
3.0962e-05
3.097e-05
3.0977e-05
3.0984e-05
3.099e-05
3.0997e-05
3.1004e-05
3.1011e-05
3.1018e-05
3.1024e-05
3.1031e-05
3.1038e-05
3.1044e-05
3.1051e-05
3.1057e-05
3.1064e-05
3.107e-05
3.1077e-05
3.1083e-05
3.1089e-05
3.1096e-05
3.1102e-05
3.1108e-05
3.1114e-05
3.112e-05
3.1126e-05
3.1132e-05
3.1138e-05
3.1144e-05
3.115e-05
3.1156e-05
3.1162e-05
3.1167e-05
3.1173e-05
3.1179e-05
3.1184e-05
3.119e-05
3.1196e-05
3.1201e-05
3.1207e-05
3.1212e-05
3.1217e-05
3.1223e-05
3.1228e-05
3.1233e-05
3.1238e-05
3.1243e-05
3.1249e-05
3.1254e-05
3.1259e-05
3.1264e-05
3.1269e-05
3.1273e-05
3.1278e-05
3.1283e-05
3.1288e-05
3.1293e-05
3.1297e-05
3.1302e-05
3.1306e-05
3.1311e-05
3.1315e-05
3.132e-05
3.1324e-05
3.1329e-05
3.1333e-05
3.1337e-05
3.1342e-05
3.1346e-05
3.135e-05
3.1354e-05
3.1358e-05
3.1362e-05
3.1366e-05
3.137e-05
3.1374e-05
3.1378e-05
3.1382e-05
3.1385e-05
3.1389e-05
3.1393e-05
3.1396e-05
3.14e-05
3.1403e-05
3.1407e-05
3.141e-05
3.1414e-05
3.1417e-05
3.142e-05
3.1424e-05
3.1427e-05
3.143e-05
3.1433e-05
3.1436e-05
3.1439e-05
3.1442e-05
3.1445e-05
3.1448e-05
3.1451e-05
3.1454e-05
3.1457e-05
3.146e-05
3.1462e-05
3.1465e-05
3.1468e-05
3.147e-05
3.1473e-05
3.1475e-05
3.1478e-05
3.148e-05
3.1482e-05
3.1485e-05
3.1487e-05
3.1489e-05
3.1491e-05
3.1493e-05
3.1496e-05
3.1498e-05
3.15e-05
3.1502e-05
3.1503e-05
3.1505e-05
3.1507e-05
3.1509e-05
3.1511e-05
3.1512e-05
3.1514e-05
3.1516e-05
3.1517e-05
3.1519e-05
3.152e-05
3.1521e-05
3.1523e-05
3.1524e-05
3.1525e-05
3.1527e-05
3.1528e-05
3.1529e-05
3.153e-05
3.1531e-05
3.1532e-05
3.1533e-05
3.1534e-05
3.1535e-05
3.1536e-05
3.1537e-05
3.1538e-05
3.1538e-05
3.1539e-05
3.154e-05
3.154e-05
3.1541e-05
3.1541e-05
3.1542e-05
3.1542e-05
3.1542e-05
3.1543e-05
3.1543e-05
3.1543e-05
3.1543e-05
3.1543e-05
3.1544e-05
3.1544e-05
3.1544e-05
3.1544e-05
3.1543e-05
3.1543e-05
3.1543e-05
3.1543e-05
3.1543e-05
3.1542e-05
3.1542e-05
3.1542e-05
3.1541e-05
3.1541e-05
3.154e-05
3.154e-05
3.1539e-05
3.1538e-05
3.1538e-05
3.1537e-05
3.1536e-05
3.1535e-05
3.1534e-05
3.1533e-05
3.1532e-05
3.1531e-05
3.153e-05
3.1529e-05
3.1528e-05
3.1527e-05
3.1526e-05
3.1524e-05
3.1523e-05
3.1522e-05
3.152e-05
3.1519e-05
3.1517e-05
3.1516e-05
3.1514e-05
3.1512e-05
3.1511e-05
3.1509e-05
3.1507e-05
3.1505e-05
3.1504e-05
3.1502e-05
3.15e-05
3.1498e-05
3.1496e-05
3.1494e-05
3.1492e-05
3.1489e-05
3.1487e-05
3.1485e-05
3.1483e-05
3.148e-05
3.1478e-05
3.1475e-05
3.1473e-05
3.147e-05
3.1468e-05
3.1465e-05
3.1463e-05
3.146e-05
3.1457e-05
3.1454e-05
3.1452e-05
3.1449e-05
3.1446e-05
3.1443e-05
3.144e-05
3.1437e-05
3.1434e-05
3.143e-05
3.1427e-05
3.1424e-05
3.1421e-05
3.1417e-05
3.1414e-05
3.1411e-05
3.1407e-05
3.1404e-05
3.14e-05
3.1397e-05
3.1393e-05
3.1389e-05
3.1386e-05
3.1382e-05
3.1378e-05
3.1374e-05
3.137e-05
3.1367e-05
3.1363e-05
3.1359e-05
3.1354e-05
3.135e-05
3.1346e-05
3.1342e-05
3.1338e-05
3.1334e-05
3.1329e-05
3.1325e-05
3.132e-05
3.1316e-05
3.1311e-05
3.1307e-05
3.1302e-05
3.1298e-05
3.1293e-05
3.1288e-05
3.1284e-05
3.1279e-05
3.1274e-05
3.1269e-05
3.1264e-05
3.1259e-05
3.1254e-05
3.1249e-05
3.1244e-05
3.1239e-05
3.1234e-05
3.1228e-05
3.1223e-05
3.1218e-05
3.1213e-05
3.1207e-05
3.1202e-05
3.1196e-05
3.1191e-05
3.1185e-05
3.1179e-05
3.1174e-05
3.1168e-05
3.1162e-05
3.1157e-05
3.1151e-05
3.1145e-05
3.1139e-05
3.1133e-05
3.1127e-05
3.1121e-05
3.1115e-05
3.1109e-05
3.1103e-05
3.1096e-05
3.109e-05
3.1084e-05
3.1077e-05
3.1071e-05
3.1065e-05
3.1058e-05
3.1052e-05
3.1045e-05
3.1039e-05
3.1032e-05
3.1025e-05
3.1019e-05
3.1012e-05
3.1005e-05
3.0998e-05
3.0991e-05
3.0984e-05
3.0977e-05
3.097e-05
3.0963e-05
3.0956e-05
3.0949e-05
3.0942e-05
3.0935e-05
3.0927e-05
3.092e-05
3.0913e-05
3.0905e-05
3.0898e-05
3.089e-05
3.0883e-05
3.0875e-05
3.0868e-05
3.086e-05
3.0852e-05
3.0845e-05
3.0837e-05
3.0829e-05
3.0821e-05
3.0813e-05
3.0805e-05
3.0797e-05
3.0789e-05
3.0781e-05
3.0773e-05
3.0765e-05
3.0757e-05
3.0749e-05
3.074e-05
3.0732e-05
3.0724e-05
3.0715e-05
3.0707e-05
3.0699e-05
3.069e-05
3.0681e-05
3.0673e-05
3.0664e-05
3.0656e-05
3.0647e-05
3.0638e-05
3.0629e-05
3.062e-05
3.0612e-05
3.0603e-05
3.0594e-05
3.0585e-05
3.0576e-05
3.0567e-05
3.0557e-05
3.0548e-05
3.0539e-05
3.053e-05
3.0521e-05
3.0511e-05
3.0502e-05
3.0493e-05
3.0483e-05
3.0474e-05
3.0464e-05
3.0455e-05
3.0445e-05
3.0435e-05
3.0426e-05
3.0416e-05
3.0406e-05
3.0396e-05
3.0387e-05
3.0377e-05
3.0367e-05
3.0357e-05
3.0347e-05
3.0337e-05
3.0327e-05
3.0317e-05
3.0306e-05
3.0296e-05
3.0286e-05
3.0276e-05
3.0265e-05
3.0255e-05
3.0245e-05
3.0234e-05
3.0224e-05
3.0213e-05
3.0203e-05
3.0192e-05
3.0182e-05
3.0171e-05
3.016e-05
3.0149e-05
3.0139e-05
3.0128e-05
3.0117e-05
3.0106e-05
3.0095e-05
3.0084e-05
3.0073e-05
3.0062e-05
3.0051e-05
3.004e-05
3.0029e-05
3.0018e-05
3.0006e-05
2.9995e-05
2.9984e-05
2.9973e-05
2.9961e-05
2.995e-05
2.9938e-05
2.9927e-05
2.9915e-05
2.9904e-05
2.9892e-05
2.988e-05
2.9869e-05
2.9857e-05
2.9845e-05
2.9833e-05
2.9822e-05
2.981e-05
2.9798e-05
2.9786e-05
2.9774e-05
2.9762e-05
2.975e-05
2.9738e-05
2.9726e-05
2.9713e-05
2.9701e-05
2.9689e-05
2.9677e-05
2.9664e-05
2.9652e-05
2.964e-05
2.9627e-05
2.9615e-05
2.9602e-05
2.959e-05
2.9577e-05
2.9564e-05
2.9552e-05
2.9539e-05
2.9526e-05
2.9514e-05
2.9501e-05
2.9488e-05
2.9475e-05
2.9462e-05
2.9449e-05
2.9436e-05
2.9423e-05
2.941e-05
2.9397e-05
2.9384e-05
2.9371e-05
2.9358e-05
2.9345e-05
2.9331e-05
2.9318e-05
2.9305e-05
2.9291e-05
2.9278e-05
2.9265e-05
2.9251e-05
2.9238e-05
2.9224e-05
2.9211e-05
2.9197e-05
2.9183e-05
2.917e-05
2.9156e-05
2.9142e-05
2.9128e-05
2.9115e-05
2.9101e-05
2.9087e-05
2.9073e-05
2.9059e-05
2.9045e-05
2.9031e-05
2.9017e-05
2.9003e-05
2.8989e-05
2.8975e-05
2.896e-05
2.8946e-05
2.8932e-05
2.8918e-05
2.8903e-05
2.8889e-05
2.8875e-05
2.886e-05
2.8846e-05
2.8831e-05
2.8817e-05
2.8802e-05
2.8788e-05
2.8773e-05
2.8758e-05
2.8744e-05
2.8729e-05
2.8714e-05
2.8699e-05
2.8685e-05
2.867e-05
2.8655e-05
2.864e-05
2.8625e-05
2.861e-05
2.8595e-05
2.858e-05
2.8565e-05
2.855e-05
2.8535e-05
2.8519e-05
2.8504e-05
2.8489e-05
2.8474e-05
2.8458e-05
2.8443e-05
2.8428e-05
2.8412e-05
2.8397e-05
2.8381e-05
2.8366e-05
2.835e-05
2.8335e-05
2.8319e-05
2.8304e-05
2.8288e-05
2.8272e-05
2.8257e-05
2.8241e-05
2.8225e-05
2.8209e-05
2.8193e-05
2.8178e-05
2.8162e-05
2.8146e-05
2.813e-05
2.8114e-05
2.8098e-05
2.8082e-05
2.8066e-05
2.805e-05
2.8033e-05
2.8017e-05
2.8001e-05
2.7985e-05
2.7969e-05
2.7952e-05
2.7936e-05
2.792e-05
2.7903e-05
2.7887e-05
2.787e-05
2.7854e-05
2.7837e-05
2.7821e-05
2.7804e-05
2.7788e-05
2.7771e-05
2.7754e-05
2.7738e-05
2.7721e-05
2.7704e-05
2.7688e-05
2.7671e-05
2.7654e-05
2.7637e-05
2.762e-05
2.7603e-05
2.7586e-05
2.7569e-05
2.7552e-05
2.7535e-05
2.7518e-05
2.7501e-05
2.7484e-05
2.7467e-05
2.745e-05
2.7433e-05
2.7416e-05
2.7398e-05
2.7381e-05
2.7364e-05
2.7346e-05
2.7329e-05
2.7312e-05
2.7294e-05
2.7277e-05
2.7259e-05
2.7242e-05
2.7224e-05
2.7207e-05
2.7189e-05
2.7172e-05
2.7154e-05
2.7136e-05
2.7119e-05
2.7101e-05
2.7083e-05
2.7066e-05
2.7048e-05
2.703e-05
2.7012e-05
2.6994e-05
2.6976e-05
2.6958e-05
2.6941e-05
2.6923e-05
2.6905e-05
2.6887e-05
2.6869e-05
2.685e-05
2.6832e-05
2.6814e-05
2.6796e-05
2.6778e-05
2.676e-05
2.6742e-05
2.6723e-05
2.6705e-05
2.6687e-05
2.6668e-05
2.665e-05
2.6632e-05
2.6613e-05
2.6595e-05
2.6576e-05
2.6558e-05
2.6539e-05
2.6521e-05
2.6502e-05
2.6484e-05
2.6465e-05
2.6447e-05
2.6428e-05
2.6409e-05
2.6391e-05
2.6372e-05
2.6353e-05
2.6334e-05
2.6316e-05
2.6297e-05
2.6278e-05
2.6259e-05
2.624e-05
2.6221e-05
2.6202e-05
2.6184e-05
2.6165e-05
2.6146e-05
2.6127e-05
2.6107e-05
2.6088e-05
2.6069e-05
2.605e-05
2.6031e-05
2.6012e-05
2.5993e-05
2.5974e-05
2.5954e-05
2.5935e-05
2.5916e-05
2.5897e-05
2.5877e-05
2.5858e-05
2.5839e-05
2.5819e-05
2.58e-05
2.578e-05
2.5761e-05
2.5742e-05
2.5722e-05
2.5703e-05
2.5683e-05
2.5663e-05
2.5644e-05
2.5624e-05
2.5605e-05
2.5585e-05
2.5565e-05
2.5546e-05
2.5526e-05
2.5506e-05
2.5487e-05
2.5467e-05
2.5447e-05
2.5427e-05
2.5407e-05
2.5388e-05
2.5368e-05
2.5348e-05
2.5328e-05
2.5308e-05
2.5288e-05
2.5268e-05
2.5248e-05
2.5228e-05
2.5208e-05
2.5188e-05
2.5168e-05
2.5148e-05
2.5128e-05
2.5108e-05
2.5088e-05
2.5068e-05
2.5047e-05
2.5027e-05
2.5007e-05
2.4987e-05
2.4966e-05
2.4946e-05
2.4926e-05
2.4906e-05
2.4885e-05
2.4865e-05
2.4845e-05
2.4824e-05
2.4804e-05
2.4783e-05
2.4763e-05
2.4743e-05
2.4722e-05
2.4702e-05
2.4681e-05
2.4661e-05
2.464e-05
2.4619e-05
2.4599e-05
2.4578e-05
2.4558e-05
2.4537e-05
2.4516e-05
2.4496e-05
2.4475e-05
2.4454e-05
2.4434e-05
2.4413e-05
2.4392e-05
2.4371e-05
2.4351e-05
2.433e-05
2.4309e-05
2.4288e-05
2.4267e-05
2.4247e-05
2.4226e-05
2.4205e-05
2.4184e-05
2.4163e-05
2.4142e-05
2.4121e-05
2.41e-05
2.4079e-05
2.4058e-05
2.4037e-05
2.4016e-05
2.3995e-05
2.3974e-05
2.3953e-05
2.3932e-05
2.3911e-05
2.389e-05
2.3868e-05
2.3847e-05
2.3826e-05
2.3805e-05
2.3784e-05
2.3763e-05
2.3741e-05
2.372e-05
2.3699e-05
2.3678e-05
2.3656e-05
2.3635e-05
2.3614e-05
2.3592e-05
2.3571e-05
2.355e-05
2.3528e-05
2.3507e-05
2.3486e-05
2.3464e-05
2.3443e-05
2.3421e-05
2.34e-05
2.3378e-05
2.3357e-05
2.3335e-05
2.3314e-05
2.3292e-05
2.3271e-05
2.3249e-05
2.3228e-05
2.3206e-05
2.3185e-05
2.3163e-05
2.3141e-05
2.312e-05
2.3098e-05
2.3077e-05
2.3055e-05
2.3033e-05
2.3012e-05
2.299e-05
2.2968e-05
2.2946e-05
2.2925e-05
2.2903e-05
2.2881e-05
2.2859e-05
2.2838e-05
2.2816e-05
2.2794e-05
2.2772e-05
2.2751e-05
2.2729e-05
2.2707e-05
2.2685e-05
2.2663e-05
2.2641e-05
2.2619e-05
2.2598e-05
2.2576e-05
2.2554e-05
2.2532e-05
2.251e-05
2.2488e-05
2.2466e-05
2.2444e-05
2.2422e-05
2.24e-05
2.2378e-05
2.2356e-05
2.2334e-05
2.2312e-05
2.229e-05
2.2268e-05
2.2246e-05
2.2224e-05
2.2202e-05
2.218e-05
2.2158e-05
2.2135e-05
2.2113e-05
2.2091e-05
2.2069e-05
2.2047e-05
2.2025e-05
2.2003e-05
2.1981e-05
2.1958e-05
2.1936e-05
2.1914e-05
2.1892e-05
2.187e-05
2.1847e-05
2.1825e-05
2.1803e-05
2.1781e-05
2.1758e-05
2.1736e-05
2.1714e-05
2.1692e-05
2.1669e-05
2.1647e-05
2.1625e-05
2.1603e-05
2.158e-05
2.1558e-05
2.1536e-05
2.1513e-05
2.1491e-05
2.1469e-05
2.1446e-05
2.1424e-05
2.1402e-05
2.1379e-05
2.1357e-05
2.1334e-05
2.1312e-05
2.129e-05
2.1267e-05
2.1245e-05
2.1222e-05
2.12e-05
2.1178e-05
2.1155e-05
2.1133e-05
2.111e-05
2.1088e-05
2.1065e-05
2.1043e-05
2.102e-05
2.0998e-05
2.0976e-05
2.0953e-05
2.0931e-05
2.0908e-05
2.0886e-05
2.0863e-05
2.0841e-05
2.0818e-05
2.0796e-05
2.0773e-05
2.075e-05
2.0728e-05
2.0705e-05
2.0683e-05
2.066e-05
2.0638e-05
2.0615e-05
2.0593e-05
2.057e-05
2.0548e-05
2.0525e-05
2.0502e-05
2.048e-05
2.0457e-05
2.0435e-05
2.0412e-05
2.0389e-05
2.0367e-05
2.0344e-05
2.0322e-05
2.0299e-05
2.0276e-05
2.0254e-05
2.0231e-05
2.0209e-05
2.0186e-05
2.0163e-05
2.0141e-05
2.0118e-05
2.0095e-05
2.0073e-05
2.005e-05
2.0027e-05
2.0005e-05
1.9982e-05
1.996e-05
1.9937e-05
1.9914e-05
1.9892e-05
1.9869e-05
1.9846e-05
1.9824e-05
1.9801e-05
1.9778e-05
1.9756e-05
1.9733e-05
1.971e-05
1.9688e-05
1.9665e-05
1.9642e-05
1.9619e-05
1.9597e-05
1.9574e-05
1.9551e-05
1.9529e-05
1.9506e-05
1.9483e-05
1.9461e-05
1.9438e-05
1.9415e-05
1.9393e-05
1.937e-05
1.9347e-05
1.9325e-05
1.9302e-05
1.9279e-05
1.9256e-05
1.9234e-05
1.9211e-05
1.9188e-05
1.9166e-05
1.9143e-05
1.912e-05
1.9098e-05
1.9075e-05
1.9052e-05
1.9029e-05
1.9007e-05
1.8984e-05
1.8961e-05
1.8939e-05
1.8916e-05
1.8893e-05
1.8871e-05
1.8848e-05
1.8825e-05
1.8803e-05
1.878e-05
1.8757e-05
1.8734e-05
1.8712e-05
1.8689e-05
1.8666e-05
1.8644e-05
1.8621e-05
1.8598e-05
1.8576e-05
1.8553e-05
1.853e-05
1.8508e-05
1.8485e-05
1.8462e-05
1.844e-05
1.8417e-05
1.8394e-05
1.8372e-05
1.8349e-05
1.8326e-05
1.8304e-05
1.8281e-05
1.8258e-05
1.8236e-05
1.8213e-05
1.819e-05
1.8168e-05
1.8145e-05
1.8122e-05
1.81e-05
1.8077e-05
1.8055e-05
1.8032e-05
1.8009e-05
1.7987e-05
1.7964e-05
1.7941e-05
1.7919e-05
1.7896e-05
1.7874e-05
1.7851e-05
1.7828e-05
1.7806e-05
1.7783e-05
1.7761e-05
1.7738e-05
1.7716e-05
1.7693e-05
1.767e-05
1.7648e-05
1.7625e-05
1.7603e-05
1.758e-05
1.7558e-05
1.7535e-05
1.7513e-05
1.749e-05
1.7467e-05
1.7445e-05
1.7422e-05
1.74e-05
1.7377e-05
1.7355e-05
1.7332e-05
1.731e-05
1.7287e-05
1.7265e-05
1.7242e-05
1.722e-05
1.7197e-05
1.7175e-05
1.7153e-05
1.713e-05
1.7108e-05
1.7085e-05
1.7063e-05
1.704e-05
1.7018e-05
1.6995e-05
1.6973e-05
1.6951e-05
1.6928e-05
1.6906e-05
1.6883e-05
1.6861e-05
1.6839e-05
1.6816e-05
1.6794e-05
1.6771e-05
1.6749e-05
1.6727e-05
1.6704e-05
1.6682e-05
1.666e-05
1.6637e-05
1.6615e-05
1.6593e-05
1.657e-05
1.6548e-05
1.6526e-05
1.6504e-05
1.6481e-05
1.6459e-05
1.6437e-05
1.6414e-05
1.6392e-05
1.637e-05
1.6348e-05
1.6325e-05
1.6303e-05
1.6281e-05
1.6259e-05
1.6237e-05
1.6214e-05
1.6192e-05
1.617e-05
1.6148e-05
1.6126e-05
1.6104e-05
1.6081e-05
1.6059e-05
1.6037e-05
1.6015e-05
1.5993e-05
1.5971e-05
1.5949e-05
1.5927e-05
1.5905e-05
1.5882e-05
1.586e-05
1.5838e-05
1.5816e-05
1.5794e-05
1.5772e-05
1.575e-05
1.5728e-05
1.5706e-05
1.5684e-05
1.5662e-05
1.564e-05
1.5618e-05
1.5596e-05
1.5574e-05
1.5552e-05
1.553e-05
1.5508e-05
1.5487e-05
1.5465e-05
1.5443e-05
1.5421e-05
1.5399e-05
1.5377e-05
1.5355e-05
1.5333e-05
1.5312e-05
1.529e-05
1.5268e-05
1.5246e-05
1.5224e-05
1.5202e-05
1.5181e-05
1.5159e-05
1.5137e-05
1.5115e-05
1.5094e-05
1.5072e-05
1.505e-05
1.5028e-05
1.5007e-05
1.4985e-05
1.4963e-05
1.4942e-05
1.492e-05
1.4898e-05
1.4877e-05
1.4855e-05
1.4833e-05
1.4812e-05
1.479e-05
1.4769e-05
1.4747e-05
1.4725e-05
1.4704e-05
1.4682e-05
1.4661e-05
1.4639e-05
1.4618e-05
1.4596e-05
1.4575e-05
1.4553e-05
1.4532e-05
1.451e-05
1.4489e-05
1.4468e-05
1.4446e-05
1.4425e-05
1.4403e-05
1.4382e-05
1.4361e-05
1.4339e-05
1.4318e-05
1.4296e-05
1.4275e-05
1.4254e-05
1.4232e-05
1.4211e-05
1.419e-05
1.4169e-05
1.4147e-05
1.4126e-05
1.4105e-05
1.4084e-05
1.4062e-05
1.4041e-05
1.402e-05
1.3999e-05
1.3978e-05
1.3957e-05
1.3935e-05
1.3914e-05
1.3893e-05
1.3872e-05
1.3851e-05
1.383e-05
1.3809e-05
1.3788e-05
1.3767e-05
1.3746e-05
1.3725e-05
1.3704e-05
1.3683e-05
1.3662e-05
1.3641e-05
1.362e-05
1.3599e-05
1.3578e-05
1.3557e-05
1.3536e-05
1.3515e-05
1.3494e-05
1.3474e-05
1.3453e-05
1.3432e-05
1.3411e-05
1.339e-05
1.337e-05
1.3349e-05
1.3328e-05
1.3307e-05
1.3287e-05
1.3266e-05
1.3245e-05
1.3224e-05
1.3204e-05
1.3183e-05
1.3162e-05
1.3142e-05
1.3121e-05
1.3101e-05
1.308e-05
1.3059e-05
1.3039e-05
1.3018e-05
1.2998e-05
1.2977e-05
1.2957e-05
1.2936e-05
1.2916e-05
1.2895e-05
1.2875e-05
1.2854e-05
1.2834e-05
1.2813e-05
1.2793e-05
1.2773e-05
1.2752e-05
1.2732e-05
1.2712e-05
1.2691e-05
1.2671e-05
1.2651e-05
1.263e-05
1.261e-05
1.259e-05
1.257e-05
1.2549e-05
1.2529e-05
1.2509e-05
1.2489e-05
1.2469e-05
1.2449e-05
1.2428e-05
1.2408e-05
1.2388e-05
1.2368e-05
1.2348e-05
1.2328e-05
1.2308e-05
1.2288e-05
1.2268e-05
1.2248e-05
1.2228e-05
1.2208e-05
1.2188e-05
1.2168e-05
1.2148e-05
1.2128e-05
1.2108e-05
1.2089e-05
1.2069e-05
1.2049e-05
1.2029e-05
1.2009e-05
1.1989e-05
1.197e-05
1.195e-05
1.193e-05
1.191e-05
1.1891e-05
1.1871e-05
1.1851e-05
1.1832e-05
1.1812e-05
1.1792e-05
1.1773e-05
1.1753e-05
1.1734e-05
1.1714e-05
1.1694e-05
1.1675e-05
1.1655e-05
1.1636e-05
1.1616e-05
1.1597e-05
1.1577e-05
1.1558e-05
1.1539e-05
1.1519e-05
1.15e-05
1.148e-05
1.1461e-05
1.1442e-05
1.1422e-05
1.1403e-05
1.1384e-05
1.1365e-05
1.1345e-05
1.1326e-05
1.1307e-05
1.1288e-05
1.1268e-05
1.1249e-05
1.123e-05
1.1211e-05
1.1192e-05
1.1173e-05
1.1154e-05
1.1135e-05
1.1116e-05
1.1096e-05
1.1077e-05
1.1058e-05
1.1039e-05
1.102e-05
1.1002e-05
1.0983e-05
1.0964e-05
1.0945e-05
1.0926e-05
1.0907e-05
1.0888e-05
1.0869e-05
1.0851e-05
1.0832e-05
1.0813e-05
1.0794e-05
1.0775e-05
1.0757e-05
1.0738e-05
1.0719e-05
1.0701e-05
1.0682e-05
1.0663e-05
1.0645e-05
1.0626e-05
1.0608e-05
1.0589e-05
1.057e-05
1.0552e-05
1.0533e-05
1.0515e-05
1.0496e-05
1.0478e-05
1.0459e-05
1.0441e-05
1.0423e-05
1.0404e-05
1.0386e-05
1.0368e-05
1.0349e-05
1.0331e-05
1.0313e-05
1.0294e-05
1.0276e-05
1.0258e-05
1.024e-05
1.0221e-05
1.0203e-05
1.0185e-05
1.0167e-05
1.0149e-05
1.013e-05
1.0112e-05
1.0094e-05
1.0076e-05
1.0058e-05
1.004e-05
1.0022e-05
1.0004e-05
9.9862e-06
9.9682e-06
9.9503e-06
9.9323e-06
9.9144e-06
9.8966e-06
9.8787e-06
9.8608e-06
9.843e-06
9.8252e-06
9.8074e-06
9.7896e-06
9.7719e-06
9.7541e-06
9.7364e-06
9.7187e-06
9.701e-06
9.6834e-06
9.6657e-06
9.6481e-06
9.6305e-06
9.6129e-06
9.5953e-06
9.5778e-06
9.5602e-06
9.5427e-06
9.5252e-06
9.5077e-06
9.4903e-06
9.4728e-06
9.4554e-06
9.438e-06
9.4206e-06
9.4033e-06
9.3859e-06
9.3686e-06
9.3513e-06
9.334e-06
9.3167e-06
9.2995e-06
9.2822e-06
9.265e-06
9.2478e-06
9.2306e-06
9.2135e-06
9.1963e-06
9.1792e-06
9.1621e-06
9.145e-06
9.128e-06
9.1109e-06
9.0939e-06
9.0769e-06
9.0599e-06
9.0429e-06
9.026e-06
9.0091e-06
8.9922e-06
8.9753e-06
8.9584e-06
8.9415e-06
8.9247e-06
8.9079e-06
8.8911e-06
8.8743e-06
8.8576e-06
8.8408e-06
8.8241e-06
8.8074e-06
8.7907e-06
8.7741e-06
8.7574e-06
8.7408e-06
8.7242e-06
8.7076e-06
8.691e-06
8.6745e-06
8.658e-06
8.6415e-06
8.625e-06
8.6085e-06
8.5921e-06
8.5756e-06
8.5592e-06
8.5428e-06
8.5264e-06
8.5101e-06
8.4938e-06
8.4775e-06
8.4612e-06
8.4449e-06
8.4286e-06
8.4124e-06
8.3962e-06
8.38e-06
8.3638e-06
8.3476e-06
8.3315e-06
8.3154e-06
8.2993e-06
8.2832e-06
8.2671e-06
8.2511e-06
8.2351e-06
8.2191e-06
8.2031e-06
8.1871e-06
8.1712e-06
8.1553e-06
8.1394e-06
8.1235e-06
8.1076e-06
8.0918e-06
8.0759e-06
8.0601e-06
8.0444e-06
8.0286e-06
8.0128e-06
7.9971e-06
7.9814e-06
7.9657e-06
7.9501e-06
7.9344e-06
7.9188e-06
7.9032e-06
7.8876e-06
7.872e-06
7.8565e-06
7.8409e-06
7.8254e-06
7.8099e-06
7.7944e-06
7.779e-06
7.7636e-06
7.7482e-06
7.7328e-06
7.7174e-06
7.702e-06
7.6867e-06
7.6714e-06
7.6561e-06
7.6408e-06
7.6256e-06
7.6103e-06
7.5951e-06
7.5799e-06
7.5647e-06
7.5496e-06
7.5344e-06
7.5193e-06
7.5042e-06
7.4892e-06
7.4741e-06
7.4591e-06
7.444e-06
7.429e-06
7.4141e-06
7.3991e-06
7.3842e-06
7.3693e-06
7.3544e-06
7.3395e-06
7.3246e-06
7.3098e-06
7.295e-06
7.2802e-06
7.2654e-06
7.2506e-06
7.2359e-06
7.2212e-06
7.2065e-06
7.1918e-06
7.1771e-06
7.1625e-06
7.1478e-06
7.1332e-06
7.1187e-06
7.1041e-06
7.0896e-06
7.075e-06
7.0605e-06
7.046e-06
7.0316e-06
7.0171e-06
7.0027e-06
6.9883e-06
6.9739e-06
6.9596e-06
6.9452e-06
6.9309e-06
6.9166e-06
6.9023e-06
6.888e-06
6.8738e-06
6.8596e-06
6.8454e-06
6.8312e-06
6.817e-06
6.8029e-06
6.7887e-06
6.7746e-06
6.7605e-06
6.7465e-06
6.7324e-06
6.7184e-06
6.7044e-06
6.6904e-06
6.6764e-06
6.6625e-06
6.6486e-06
6.6347e-06
6.6208e-06
6.6069e-06
6.593e-06
6.5792e-06
6.5654e-06
6.5516e-06
6.5378e-06
6.5241e-06
6.5104e-06
6.4967e-06
6.483e-06
6.4693e-06
6.4556e-06
6.442e-06
6.4284e-06
6.4148e-06
6.4012e-06
6.3877e-06
6.3741e-06
6.3606e-06
6.3471e-06
6.3337e-06
6.3202e-06
6.3068e-06
6.2934e-06
6.28e-06
6.2666e-06
6.2532e-06
6.2399e-06
6.2266e-06
6.2133e-06
6.2e-06
6.1867e-06
6.1735e-06
6.1603e-06
6.1471e-06
6.1339e-06
6.1208e-06
6.1076e-06
6.0945e-06
6.0814e-06
6.0683e-06
6.0552e-06
6.0422e-06
6.0292e-06
6.0162e-06
6.0032e-06
5.9902e-06
5.9773e-06
5.9644e-06
5.9515e-06
5.9386e-06
5.9257e-06
5.9129e-06
5.9e-06
5.8872e-06
5.8744e-06
5.8617e-06
5.8489e-06
5.8362e-06
5.8235e-06
5.8108e-06
5.7981e-06
5.7855e-06
5.7728e-06
5.7602e-06
5.7476e-06
5.7351e-06
5.7225e-06
5.71e-06
5.6975e-06
5.685e-06
5.6725e-06
5.66e-06
5.6476e-06
5.6352e-06
5.6228e-06
5.6104e-06
5.5981e-06
5.5857e-06
5.5734e-06
5.5611e-06
5.5488e-06
5.5365e-06
5.5243e-06
5.5121e-06
5.4999e-06
5.4877e-06
5.4755e-06
5.4634e-06
5.4512e-06
5.4391e-06
5.427e-06
5.415e-06
5.4029e-06
5.3909e-06
5.3789e-06
5.3669e-06
5.3549e-06
5.343e-06
5.331e-06
5.3191e-06
5.3072e-06
5.2953e-06
5.2835e-06
5.2716e-06
5.2598e-06
5.248e-06
5.2362e-06
5.2245e-06
5.2127e-06
5.201e-06
5.1893e-06
5.1776e-06
5.1659e-06
5.1543e-06
5.1427e-06
5.1311e-06
5.1195e-06
5.1079e-06
5.0963e-06
5.0848e-06
5.0733e-06
5.0618e-06
5.0503e-06
5.0389e-06
5.0274e-06
5.016e-06
5.0046e-06
4.9932e-06
4.9818e-06
4.9705e-06
4.9592e-06
4.9479e-06
4.9366e-06
4.9253e-06
4.914e-06
4.9028e-06
4.8916e-06
4.8804e-06
4.8692e-06
4.8581e-06
4.8469e-06
4.8358e-06
4.8247e-06
4.8136e-06
4.8026e-06
4.7915e-06
4.7805e-06
4.7695e-06
4.7585e-06
4.7475e-06
4.7366e-06
4.7256e-06
4.7147e-06
4.7038e-06
4.693e-06
4.6821e-06
4.6713e-06
4.6604e-06
4.6496e-06
4.6388e-06
4.6281e-06
4.6173e-06
4.6066e-06
4.5959e-06
4.5852e-06
4.5745e-06
4.5639e-06
4.5532e-06
4.5426e-06
4.532e-06
4.5214e-06
4.5109e-06
4.5003e-06
4.4898e-06
4.4793e-06
4.4688e-06
4.4583e-06
4.4479e-06
4.4374e-06
4.427e-06
4.4166e-06
4.4062e-06
4.3959e-06
4.3855e-06
4.3752e-06
4.3649e-06
4.3546e-06
4.3443e-06
4.3341e-06
4.3238e-06
4.3136e-06
4.3034e-06
4.2932e-06
4.2831e-06
4.2729e-06
4.2628e-06
4.2527e-06
4.2426e-06
4.2325e-06
4.2225e-06
4.2124e-06
4.2024e-06
4.1924e-06
4.1824e-06
4.1725e-06
4.1625e-06
4.1526e-06
4.1427e-06
4.1328e-06
4.1229e-06
4.1131e-06
4.1032e-06
4.0934e-06
4.0836e-06
4.0738e-06
4.064e-06
4.0543e-06
4.0445e-06
4.0348e-06
4.0251e-06
4.0155e-06
4.0058e-06
3.9961e-06
3.9865e-06
3.9769e-06
3.9673e-06
3.9577e-06
3.9482e-06
3.9386e-06
3.9291e-06
3.9196e-06
3.9101e-06
3.9007e-06
3.8912e-06
3.8818e-06
3.8723e-06
3.8629e-06
3.8536e-06
3.8442e-06
3.8348e-06
3.8255e-06
3.8162e-06
3.8069e-06
3.7976e-06
3.7884e-06
3.7791e-06
3.7699e-06
3.7607e-06
3.7515e-06
3.7423e-06
3.7332e-06
3.724e-06
3.7149e-06
3.7058e-06
3.6967e-06
3.6876e-06
3.6786e-06
3.6695e-06
3.6605e-06
3.6515e-06
3.6425e-06
3.6335e-06
3.6246e-06
3.6157e-06
3.6067e-06
3.5978e-06
3.5889e-06
3.5801e-06
3.5712e-06
3.5624e-06
3.5536e-06
3.5448e-06
3.536e-06
3.5272e-06
3.5185e-06
3.5097e-06
3.501e-06
3.4923e-06
3.4836e-06
3.475e-06
3.4663e-06
3.4577e-06
3.4491e-06
3.4405e-06
3.4319e-06
3.4233e-06
3.4148e-06
3.4062e-06
3.3977e-06
3.3892e-06
3.3807e-06
3.3723e-06
3.3638e-06
3.3554e-06
3.3469e-06
3.3385e-06
3.3302e-06
3.3218e-06
3.3134e-06
3.3051e-06
3.2968e-06
3.2885e-06
3.2802e-06
3.2719e-06
3.2637e-06
3.2554e-06
3.2472e-06
3.239e-06
3.2308e-06
3.2226e-06
3.2145e-06
3.2063e-06
3.1982e-06
3.1901e-06
3.182e-06
3.1739e-06
3.1659e-06
3.1578e-06
3.1498e-06
3.1418e-06
3.1338e-06
3.1258e-06
3.1178e-06
3.1099e-06
3.1019e-06
3.094e-06
3.0861e-06
3.0782e-06
3.0704e-06
3.0625e-06
3.0547e-06
3.0468e-06
3.039e-06
3.0313e-06
3.0235e-06
3.0157e-06
3.008e-06
3.0002e-06
2.9925e-06
2.9848e-06
2.9771e-06
2.9695e-06
2.9618e-06
2.9542e-06
2.9466e-06
2.939e-06
2.9314e-06
2.9238e-06
2.9163e-06
2.9087e-06
2.9012e-06
2.8937e-06
2.8862e-06
2.8787e-06
2.8712e-06
2.8638e-06
2.8563e-06
2.8489e-06
2.8415e-06
2.8341e-06
2.8268e-06
2.8194e-06
2.8121e-06
2.8047e-06
2.7974e-06
2.7901e-06
2.7828e-06
2.7756e-06
2.7683e-06
2.7611e-06
2.7539e-06
2.7467e-06
2.7395e-06
2.7323e-06
2.7251e-06
2.718e-06
2.7108e-06
2.7037e-06
2.6966e-06
2.6895e-06
2.6825e-06
2.6754e-06
2.6684e-06
2.6613e-06
2.6543e-06
2.6473e-06
2.6403e-06
2.6334e-06
2.6264e-06
2.6195e-06
2.6125e-06
2.6056e-06
2.5987e-06
2.5919e-06
2.585e-06
2.5781e-06
2.5713e-06
2.5645e-06
2.5577e-06
2.5509e-06
2.5441e-06
2.5373e-06
2.5306e-06
2.5238e-06
2.5171e-06
2.5104e-06
2.5037e-06
2.497e-06
2.4904e-06
2.4837e-06
2.4771e-06
2.4705e-06
2.4639e-06
2.4573e-06
2.4507e-06
2.4441e-06
2.4376e-06
2.431e-06
2.4245e-06
2.418e-06
2.4115e-06
2.405e-06
2.3986e-06
2.3921e-06
2.3857e-06
2.3792e-06
2.3728e-06
2.3664e-06
2.3601e-06
2.3537e-06
2.3473e-06
2.341e-06
2.3347e-06
2.3283e-06
2.322e-06
2.3158e-06
2.3095e-06
2.3032e-06
2.297e-06
2.2908e-06
2.2845e-06
2.2783e-06
2.2721e-06
2.266e-06
2.2598e-06
2.2537e-06
2.2475e-06
2.2414e-06
2.2353e-06
2.2292e-06
2.2231e-06
2.217e-06
2.211e-06
2.205e-06
2.1989e-06
2.1929e-06
2.1869e-06
2.1809e-06
2.1749e-06
2.169e-06
2.163e-06
2.1571e-06
2.1512e-06
2.1453e-06
2.1394e-06
2.1335e-06
2.1276e-06
2.1218e-06
2.1159e-06
2.1101e-06
2.1043e-06
2.0985e-06
2.0927e-06
2.0869e-06
2.0812e-06
2.0754e-06
2.0697e-06
2.0639e-06
2.0582e-06
2.0525e-06
2.0469e-06
2.0412e-06
2.0355e-06
2.0299e-06
2.0242e-06
2.0186e-06
2.013e-06
2.0074e-06
2.0018e-06
1.9963e-06
1.9907e-06
1.9852e-06
1.9796e-06
1.9741e-06
1.9686e-06
1.9631e-06
1.9576e-06
1.9521e-06
1.9467e-06
1.9412e-06
1.9358e-06
1.9304e-06
1.925e-06
1.9196e-06
1.9142e-06
1.9088e-06
1.9035e-06
1.8981e-06
1.8928e-06
1.8875e-06
1.8822e-06
1.8769e-06
1.8716e-06
1.8663e-06
1.8611e-06
1.8558e-06
1.8506e-06
1.8454e-06
1.8402e-06
1.835e-06
1.8298e-06
1.8246e-06
1.8194e-06
1.8143e-06
1.8091e-06
1.804e-06
1.7989e-06
1.7938e-06
1.7887e-06
1.7836e-06
1.7786e-06
1.7735e-06
1.7685e-06
1.7634e-06
1.7584e-06
1.7534e-06
1.7484e-06
1.7434e-06
1.7385e-06
1.7335e-06
1.7286e-06
1.7236e-06
1.7187e-06
1.7138e-06
1.7089e-06
1.704e-06
1.6991e-06
1.6942e-06
1.6894e-06
1.6845e-06
1.6797e-06
1.6749e-06
1.6701e-06
1.6653e-06
1.6605e-06
1.6557e-06
1.651e-06
1.6462e-06
1.6415e-06
1.6367e-06
1.632e-06
1.6273e-06
1.6226e-06
1.6179e-06
1.6133e-06
1.6086e-06
1.604e-06
1.5993e-06
1.5947e-06
1.5901e-06
1.5855e-06
1.5809e-06
1.5763e-06
1.5717e-06
1.5672e-06
1.5626e-06
1.5581e-06
1.5535e-06
1.549e-06
1.5445e-06
1.54e-06
1.5355e-06
1.5311e-06
1.5266e-06
1.5221e-06
1.5177e-06
1.5133e-06
1.5089e-06
1.5045e-06
1.5001e-06
1.4957e-06
1.4913e-06
1.4869e-06
1.4826e-06
1.4782e-06
1.4739e-06
1.4696e-06
1.4653e-06
1.461e-06
1.4567e-06
1.4524e-06
1.4481e-06
1.4439e-06
1.4396e-06
1.4354e-06
1.4311e-06
1.4269e-06
1.4227e-06
1.4185e-06
1.4143e-06
1.4102e-06
1.406e-06
1.4018e-06
1.3977e-06
1.3936e-06
1.3894e-06
1.3853e-06
1.3812e-06
1.3771e-06
1.373e-06
1.369e-06
1.3649e-06
1.3608e-06
1.3568e-06
1.3528e-06
1.3487e-06
1.3447e-06
1.3407e-06
1.3367e-06
1.3328e-06
1.3288e-06
1.3248e-06
1.3209e-06
1.3169e-06
1.313e-06
1.3091e-06
1.3052e-06
1.3013e-06
1.2974e-06
1.2935e-06
1.2896e-06
1.2857e-06
1.2819e-06
1.278e-06
1.2742e-06
1.2704e-06
1.2666e-06
1.2628e-06
1.259e-06
1.2552e-06
1.2514e-06
1.2476e-06
1.2439e-06
1.2401e-06
1.2364e-06
1.2327e-06
1.2289e-06
1.2252e-06
1.2215e-06
1.2178e-06
1.2142e-06
1.2105e-06
1.2068e-06
1.2032e-06
1.1995e-06
1.1959e-06
1.1923e-06
1.1887e-06
1.1851e-06
1.1815e-06
1.1779e-06
1.1743e-06
1.1707e-06
1.1672e-06
1.1636e-06
1.1601e-06
1.1565e-06
1.153e-06
1.1495e-06
1.146e-06
1.1425e-06
1.139e-06
1.1355e-06
1.1321e-06
1.1286e-06
1.1252e-06
1.1217e-06
1.1183e-06
1.1149e-06
1.1114e-06
1.108e-06
1.1046e-06
1.1012e-06
1.0979e-06
1.0945e-06
1.0911e-06
1.0878e-06
1.0844e-06
1.0811e-06
1.0778e-06
1.0745e-06
1.0711e-06
1.0678e-06
1.0645e-06
1.0613e-06
1.058e-06
1.0547e-06
1.0515e-06
1.0482e-06
1.045e-06
1.0417e-06
1.0385e-06
1.0353e-06
1.0321e-06
1.0289e-06
1.0257e-06
1.0225e-06
1.0194e-06
1.0162e-06
1.013e-06
1.0099e-06
1.0068e-06
1.0036e-06
1.0005e-06
9.9738e-07
9.9428e-07
9.9118e-07
9.8809e-07
9.8501e-07
9.8194e-07
9.7887e-07
9.7582e-07
9.7277e-07
9.6973e-07
9.667e-07
9.6367e-07
9.6066e-07
9.5765e-07
9.5465e-07
9.5166e-07
9.4867e-07
9.457e-07
9.4273e-07
9.3977e-07
9.3682e-07
9.3388e-07
9.3094e-07
9.2801e-07
9.2509e-07
9.2218e-07
9.1928e-07
9.1638e-07
9.1349e-07
9.1061e-07
9.0774e-07
9.0488e-07
9.0202e-07
8.9917e-07
8.9633e-07
8.9349e-07
8.9067e-07
8.8785e-07
8.8504e-07
8.8224e-07
8.7944e-07
8.7665e-07
8.7387e-07
8.711e-07
8.6833e-07
8.6558e-07
8.6283e-07
8.6008e-07
8.5735e-07
8.5462e-07
8.519e-07
8.4919e-07
8.4648e-07
8.4379e-07
8.411e-07
8.3841e-07
8.3574e-07
8.3307e-07
8.3041e-07
8.2776e-07
8.2511e-07
8.2247e-07
8.1984e-07
8.1721e-07
8.146e-07
8.1199e-07
8.0939e-07
8.0679e-07
8.042e-07
8.0162e-07
7.9905e-07
7.9648e-07
7.9392e-07
7.9137e-07
7.8882e-07
7.8628e-07
7.8375e-07
7.8123e-07
7.7871e-07
7.762e-07
7.737e-07
7.712e-07
7.6871e-07
7.6623e-07
7.6376e-07
7.6129e-07
7.5883e-07
7.5637e-07
7.5392e-07
7.5148e-07
7.4905e-07
7.4662e-07
7.442e-07
7.4179e-07
7.3938e-07
7.3698e-07
7.3459e-07
7.322e-07
7.2982e-07
7.2745e-07
7.2508e-07
7.2272e-07
7.2037e-07
7.1803e-07
7.1569e-07
7.1335e-07
7.1103e-07
7.0871e-07
7.0639e-07
7.0409e-07
7.0179e-07
6.9949e-07
6.9721e-07
6.9492e-07
6.9265e-07
6.9038e-07
6.8812e-07
6.8587e-07
6.8362e-07
6.8138e-07
6.7914e-07
6.7691e-07
6.7469e-07
6.7247e-07
6.7026e-07
6.6806e-07
6.6586e-07
6.6367e-07
6.6149e-07
6.5931e-07
6.5713e-07
6.5497e-07
6.5281e-07
6.5065e-07
6.4851e-07
6.4637e-07
6.4423e-07
6.421e-07
6.3998e-07
6.3786e-07
6.3575e-07
6.3365e-07
6.3155e-07
6.2946e-07
6.2737e-07
6.2529e-07
6.2321e-07
6.2115e-07
6.1908e-07
6.1703e-07
6.1498e-07
6.1293e-07
6.1089e-07
6.0886e-07
6.0684e-07
6.0481e-07
6.028e-07
6.0079e-07
5.9879e-07
5.9679e-07
5.948e-07
5.9281e-07
5.9083e-07
5.8886e-07
5.8689e-07
5.8493e-07
5.8297e-07
5.8102e-07
5.7907e-07
5.7714e-07
5.752e-07
5.7327e-07
5.7135e-07
5.6943e-07
5.6752e-07
5.6562e-07
5.6372e-07
5.6182e-07
5.5993e-07
5.5805e-07
5.5617e-07
5.543e-07
5.5243e-07
5.5057e-07
5.4871e-07
5.4686e-07
5.4502e-07
5.4318e-07
5.4135e-07
5.3952e-07
5.3769e-07
5.3588e-07
5.3406e-07
5.3226e-07
5.3046e-07
5.2866e-07
5.2687e-07
5.2508e-07
5.233e-07
5.2153e-07
5.1976e-07
5.1799e-07
5.1624e-07
5.1448e-07
5.1273e-07
5.1099e-07
5.0925e-07
5.0752e-07
5.0579e-07
5.0407e-07
5.0235e-07
5.0064e-07
4.9893e-07
4.9723e-07
4.9553e-07
4.9384e-07
4.9215e-07
4.9047e-07
4.888e-07
4.8712e-07
4.8546e-07
4.838e-07
4.8214e-07
4.8049e-07
4.7884e-07
4.772e-07
4.7556e-07
4.7393e-07
4.723e-07
4.7068e-07
4.6907e-07
4.6745e-07
4.6585e-07
4.6424e-07
4.6265e-07
4.6105e-07
4.5947e-07
4.5788e-07
4.5631e-07
4.5473e-07
4.5316e-07
4.516e-07
4.5004e-07
4.4849e-07
4.4694e-07
4.4539e-07
4.4385e-07
4.4232e-07
4.4079e-07
4.3926e-07
4.3774e-07
4.3622e-07
4.3471e-07
4.332e-07
4.317e-07
4.302e-07
4.2871e-07
4.2722e-07
4.2574e-07
4.2426e-07
4.2278e-07
4.2131e-07
4.1984e-07
4.1838e-07
4.1693e-07
4.1547e-07
4.1402e-07
4.1258e-07
4.1114e-07
4.0971e-07
4.0828e-07
4.0685e-07
4.0543e-07
4.0401e-07
4.026e-07
4.0119e-07
3.9979e-07
3.9839e-07
3.9699e-07
3.956e-07
3.9421e-07
3.9283e-07
3.9145e-07
3.9008e-07
3.8871e-07
3.8734e-07
3.8598e-07
3.8463e-07
3.8327e-07
3.8193e-07
3.8058e-07
3.7924e-07
3.7791e-07
3.7657e-07
3.7525e-07
3.7392e-07
3.726e-07
3.7129e-07
3.6998e-07
3.6867e-07
3.6737e-07
3.6607e-07
3.6478e-07
3.6349e-07
3.622e-07
3.6092e-07
3.5964e-07
3.5836e-07
3.5709e-07
3.5583e-07
3.5457e-07
3.5331e-07
3.5205e-07
3.508e-07
3.4956e-07
3.4831e-07
3.4708e-07
3.4584e-07
3.4461e-07
3.4338e-07
3.4216e-07
3.4094e-07
3.3973e-07
3.3851e-07
3.3731e-07
3.361e-07
3.349e-07
3.3371e-07
3.3252e-07
3.3133e-07
3.3014e-07
3.2896e-07
3.2778e-07
3.2661e-07
3.2544e-07
3.2428e-07
3.2311e-07
3.2195e-07
3.208e-07
3.1965e-07
3.185e-07
3.1736e-07
3.1622e-07
3.1508e-07
3.1395e-07
3.1282e-07
3.1169e-07
3.1057e-07
3.0945e-07
3.0834e-07
3.0723e-07
3.0612e-07
3.0502e-07
3.0392e-07
3.0282e-07
3.0173e-07
3.0064e-07
2.9955e-07
2.9847e-07
2.9739e-07
2.9631e-07
2.9524e-07
2.9417e-07
2.9311e-07
2.9204e-07
2.9099e-07
2.8993e-07
2.8888e-07
2.8783e-07
2.8679e-07
2.8574e-07
2.8471e-07
2.8367e-07
2.8264e-07
2.8161e-07
2.8059e-07
2.7957e-07
2.7855e-07
2.7753e-07
2.7652e-07
2.7551e-07
2.7451e-07
2.7351e-07
2.7251e-07
2.7151e-07
2.7052e-07
2.6953e-07
2.6855e-07
2.6757e-07
2.6659e-07
2.6561e-07
2.6464e-07
2.6367e-07
2.627e-07
2.6174e-07
2.6078e-07
2.5983e-07
2.5887e-07
2.5792e-07
2.5697e-07
2.5603e-07
2.5509e-07
2.5415e-07
2.5322e-07
2.5229e-07
2.5136e-07
2.5043e-07
2.4951e-07
2.4859e-07
2.4767e-07
2.4676e-07
2.4585e-07
2.4494e-07
2.4404e-07
2.4314e-07
2.4224e-07
2.4134e-07
2.4045e-07
2.3956e-07
2.3867e-07
2.3779e-07
2.3691e-07
2.3603e-07
2.3516e-07
2.3429e-07
2.3342e-07
2.3255e-07
2.3169e-07
2.3083e-07
2.2997e-07
2.2912e-07
2.2826e-07
2.2742e-07
2.2657e-07
2.2573e-07
2.2489e-07
2.2405e-07
2.2321e-07
2.2238e-07
2.2155e-07
2.2073e-07
2.199e-07
2.1908e-07
2.1826e-07
2.1745e-07
2.1664e-07
2.1583e-07
2.1502e-07
2.1422e-07
2.1341e-07
2.1261e-07
2.1182e-07
2.1102e-07
2.1023e-07
2.0945e-07
2.0866e-07
2.0788e-07
2.071e-07
2.0632e-07
2.0554e-07
2.0477e-07
2.04e-07
2.0324e-07
2.0247e-07
2.0171e-07
2.0095e-07
2.0019e-07
1.9944e-07
1.9869e-07
1.9794e-07
1.9719e-07
1.9645e-07
1.9571e-07
1.9497e-07
1.9423e-07
1.935e-07
1.9276e-07
1.9204e-07
1.9131e-07
1.9058e-07
1.8986e-07
1.8914e-07
1.8843e-07
1.8771e-07
1.87e-07
1.8629e-07
1.8559e-07
1.8488e-07
1.8418e-07
1.8348e-07
1.8278e-07
1.8209e-07
1.814e-07
1.8071e-07
1.8002e-07
1.7933e-07
1.7865e-07
1.7797e-07
1.7729e-07
1.7661e-07
1.7594e-07
1.7527e-07
1.746e-07
1.7393e-07
1.7327e-07
1.7261e-07
1.7195e-07
1.7129e-07
1.7064e-07
1.6998e-07
1.6933e-07
1.6868e-07
1.6804e-07
1.6739e-07
1.6675e-07
1.6611e-07
1.6548e-07
1.6484e-07
1.6421e-07
1.6358e-07
1.6295e-07
1.6232e-07
1.617e-07
1.6108e-07
1.6046e-07
1.5984e-07
1.5922e-07
1.5861e-07
1.58e-07
1.5739e-07
1.5678e-07
1.5618e-07
1.5558e-07
1.5497e-07
1.5438e-07
1.5378e-07
1.5319e-07
1.5259e-07
1.52e-07
1.5142e-07
1.5083e-07
1.5025e-07
1.4966e-07
1.4908e-07
1.4851e-07
1.4793e-07
1.4736e-07
1.4679e-07
1.4622e-07
1.4565e-07
1.4508e-07
1.4452e-07
1.4396e-07
1.434e-07
1.4284e-07
1.4228e-07
1.4173e-07
1.4118e-07
1.4063e-07
1.4008e-07
1.3953e-07
1.3899e-07
1.3845e-07
1.3791e-07
1.3737e-07
1.3683e-07
1.363e-07
1.3577e-07
1.3523e-07
1.3471e-07
1.3418e-07
1.3365e-07
1.3313e-07
1.3261e-07
1.3209e-07
1.3157e-07
1.3106e-07
1.3054e-07
1.3003e-07
1.2952e-07
1.2901e-07
1.285e-07
1.28e-07
1.275e-07
1.27e-07
1.265e-07
1.26e-07
1.255e-07
1.2501e-07
1.2452e-07
1.2403e-07
1.2354e-07
1.2305e-07
1.2256e-07
1.2208e-07
1.216e-07
1.2112e-07
1.2064e-07
1.2016e-07
1.1969e-07
1.1922e-07
1.1874e-07
1.1827e-07
1.1781e-07
1.1734e-07
1.1687e-07
1.1641e-07
1.1595e-07
1.1549e-07
1.1503e-07
1.1458e-07
1.1412e-07
1.1367e-07
1.1322e-07
1.1277e-07
1.1232e-07
1.1187e-07
1.1143e-07
1.1098e-07
1.1054e-07
1.101e-07
1.0966e-07
1.0923e-07
1.0879e-07
1.0836e-07
1.0792e-07
1.0749e-07
1.0706e-07
1.0664e-07
1.0621e-07
1.0579e-07
1.0536e-07
1.0494e-07
1.0452e-07
1.041e-07
1.0369e-07
1.0327e-07
1.0286e-07
1.0245e-07
1.0204e-07
1.0163e-07
1.0122e-07
1.0081e-07
1.0041e-07
1e-07
9.9603e-08
9.9203e-08
9.8804e-08
9.8406e-08
9.8011e-08
9.7616e-08
9.7223e-08
9.6832e-08
9.6442e-08
9.6053e-08
9.5666e-08
9.528e-08
9.4896e-08
9.4513e-08
9.4131e-08
9.3751e-08
9.3372e-08
9.2995e-08
9.2619e-08
9.2245e-08
9.1872e-08
9.15e-08
9.1129e-08
9.076e-08
9.0393e-08
9.0027e-08
8.9662e-08
8.9298e-08
8.8936e-08
8.8575e-08
8.8215e-08
8.7857e-08
8.75e-08
8.7145e-08
8.6791e-08
8.6438e-08
8.6086e-08
8.5736e-08
8.5387e-08
8.5039e-08
8.4693e-08
8.4348e-08
8.4004e-08
8.3661e-08
8.332e-08
8.298e-08
8.2642e-08
8.2304e-08
8.1968e-08
8.1633e-08
8.1299e-08
8.0967e-08
8.0636e-08
8.0306e-08
7.9977e-08
7.965e-08
7.9324e-08
7.8999e-08
7.8675e-08
7.8352e-08
7.8031e-08
7.7711e-08
7.7392e-08
7.7074e-08
7.6758e-08
7.6442e-08
7.6128e-08
7.5815e-08
7.5504e-08
7.5193e-08
7.4884e-08
7.4575e-08
7.4268e-08
7.3962e-08
7.3658e-08
7.3354e-08
7.3051e-08
7.275e-08
7.245e-08
7.2151e-08
7.1853e-08
7.1556e-08
7.1261e-08
7.0966e-08
7.0673e-08
7.038e-08
7.0089e-08
6.9799e-08
6.951e-08
6.9222e-08
6.8935e-08
6.865e-08
6.8365e-08
6.8081e-08
6.7799e-08
6.7518e-08
6.7237e-08
6.6958e-08
6.668e-08
6.6403e-08
6.6127e-08
6.5852e-08
6.5578e-08
6.5305e-08
6.5033e-08
6.4762e-08
6.4493e-08
6.4224e-08
6.3956e-08
6.369e-08
6.3424e-08
6.3159e-08
6.2896e-08
6.2633e-08
6.2371e-08
6.2111e-08
6.1851e-08
6.1593e-08
6.1335e-08
6.1079e-08
6.0823e-08
6.0568e-08
6.0315e-08
6.0062e-08
5.981e-08
5.956e-08
5.931e-08
5.9061e-08
5.8813e-08
5.8566e-08
5.832e-08
5.8075e-08
5.7831e-08
5.7588e-08
5.7346e-08
5.7105e-08
5.6865e-08
5.6626e-08
5.6387e-08
5.615e-08
5.5913e-08
5.5677e-08
5.5443e-08
5.5209e-08
5.4976e-08
5.4744e-08
5.4513e-08
5.4283e-08
5.4054e-08
5.3825e-08
5.3598e-08
5.3371e-08
5.3145e-08
5.292e-08
5.2696e-08
5.2473e-08
5.2251e-08
5.203e-08
5.1809e-08
5.159e-08
5.1371e-08
5.1153e-08
5.0936e-08
5.072e-08
5.0504e-08
5.029e-08
5.0076e-08
4.9863e-08
4.9651e-08
4.944e-08
4.923e-08
4.902e-08
4.8812e-08
4.8604e-08
4.8397e-08
4.819e-08
4.7985e-08
4.778e-08
4.7577e-08
4.7374e-08
4.7171e-08
4.697e-08
4.6769e-08
4.6569e-08
4.637e-08
4.6172e-08
4.5975e-08
4.5778e-08
4.5582e-08
4.5387e-08
4.5193e-08
4.4999e-08
4.4806e-08
4.4614e-08
4.4423e-08
4.4232e-08
4.4043e-08
4.3854e-08
4.3665e-08
4.3478e-08
4.3291e-08
4.3105e-08
4.292e-08
4.2735e-08
4.2551e-08
4.2368e-08
4.2186e-08
4.2004e-08
4.1823e-08
4.1643e-08
4.1464e-08
4.1285e-08
4.1107e-08
4.093e-08
4.0753e-08
4.0577e-08
4.0402e-08
4.0227e-08
4.0053e-08
3.988e-08
3.9708e-08
3.9536e-08
3.9365e-08
3.9195e-08
3.9025e-08
3.8856e-08
3.8688e-08
3.852e-08
3.8353e-08
3.8187e-08
3.8021e-08
3.7856e-08
3.7692e-08
3.7529e-08
3.7366e-08
3.7203e-08
3.7042e-08
3.6881e-08
3.672e-08
3.6561e-08
3.6401e-08
3.6243e-08
3.6085e-08
3.5928e-08
3.5772e-08
3.5616e-08
3.5461e-08
3.5306e-08
3.5152e-08
3.4999e-08
3.4846e-08
3.4694e-08
3.4542e-08
3.4391e-08
3.4241e-08
3.4091e-08
3.3942e-08
3.3794e-08
3.3646e-08
3.3499e-08
3.3352e-08
3.3206e-08
3.3061e-08
3.2916e-08
3.2772e-08
3.2628e-08
3.2485e-08
3.2342e-08
3.22e-08
3.2059e-08
3.1918e-08
3.1778e-08
3.1638e-08
3.1499e-08
3.1361e-08
3.1223e-08
3.1086e-08
3.0949e-08
3.0813e-08
3.0677e-08
3.0542e-08
3.0407e-08
3.0273e-08
3.014e-08
3.0007e-08
2.9875e-08
2.9743e-08
2.9612e-08
2.9481e-08
2.9351e-08
2.9221e-08
2.9092e-08
2.8964e-08
2.8835e-08
2.8708e-08
2.8581e-08
2.8455e-08
2.8329e-08
2.8203e-08
2.8078e-08
2.7954e-08
2.783e-08
2.7707e-08
2.7584e-08
2.7462e-08
2.734e-08
2.7218e-08
2.7098e-08
2.6977e-08
2.6857e-08
2.6738e-08
2.6619e-08
2.6501e-08
2.6383e-08
2.6266e-08
2.6149e-08
2.6033e-08
2.5917e-08
2.5801e-08
2.5687e-08
2.5572e-08
2.5458e-08
2.5345e-08
2.5232e-08
2.5119e-08
2.5007e-08
2.4896e-08
2.4784e-08
2.4674e-08
2.4564e-08
2.4454e-08
2.4345e-08
2.4236e-08
2.4127e-08
2.402e-08
2.3912e-08
2.3805e-08
2.3699e-08
2.3593e-08
2.3487e-08
2.3382e-08
2.3277e-08
2.3173e-08
2.3069e-08
2.2966e-08
2.2863e-08
2.276e-08
2.2658e-08
2.2556e-08
2.2455e-08
2.2354e-08
2.2254e-08
2.2154e-08
2.2054e-08
2.1955e-08
2.1856e-08
2.1758e-08
2.166e-08
2.1563e-08
2.1466e-08
2.1369e-08
2.1273e-08
2.1177e-08
2.1082e-08
2.0987e-08
2.0892e-08
2.0798e-08
2.0705e-08
2.0611e-08
2.0518e-08
2.0426e-08
2.0334e-08
2.0242e-08
2.015e-08
2.006e-08
1.9969e-08
1.9879e-08
1.9789e-08
1.97e-08
1.9611e-08
1.9522e-08
1.9434e-08
1.9346e-08
1.9258e-08
1.9171e-08
1.9084e-08
1.8998e-08
1.8912e-08
1.8826e-08
1.8741e-08
1.8656e-08
1.8572e-08
1.8488e-08
1.8404e-08
1.8321e-08
1.8238e-08
1.8155e-08
1.8073e-08
1.7991e-08
1.7909e-08
1.7828e-08
1.7747e-08
1.7666e-08
1.7586e-08
1.7506e-08
1.7427e-08
1.7348e-08
1.7269e-08
1.7191e-08
1.7112e-08
1.7035e-08
1.6957e-08
1.688e-08
1.6804e-08
1.6727e-08
1.6651e-08
1.6576e-08
1.65e-08
1.6425e-08
1.635e-08
1.6276e-08
1.6202e-08
1.6128e-08
1.6055e-08
1.5982e-08
1.5909e-08
1.5837e-08
1.5765e-08
1.5693e-08
1.5622e-08
1.5551e-08
1.548e-08
1.5409e-08
1.5339e-08
1.5269e-08
1.52e-08
1.5131e-08
1.5062e-08
1.4993e-08
1.4925e-08
1.4857e-08
1.4789e-08
1.4722e-08
1.4655e-08
1.4588e-08
1.4522e-08
1.4456e-08
1.439e-08
1.4324e-08
1.4259e-08
1.4194e-08
1.413e-08
1.4065e-08
1.4001e-08
1.3938e-08
1.3874e-08
1.3811e-08
1.3748e-08
1.3686e-08
1.3623e-08
1.3561e-08
1.35e-08
1.3438e-08
1.3377e-08
1.3316e-08
1.3256e-08
1.3195e-08
1.3135e-08
1.3076e-08
1.3016e-08
1.2957e-08
1.2898e-08
1.284e-08
1.2782e-08
1.2723e-08
1.2666e-08
1.2608e-08
1.2551e-08
1.2494e-08
1.2437e-08
1.2381e-08
1.2325e-08
1.2269e-08
1.2214e-08
1.2158e-08
1.2103e-08
1.2048e-08
1.1994e-08
1.194e-08
1.1886e-08
1.1832e-08
1.1779e-08
1.1725e-08
1.1672e-08
1.162e-08
1.1567e-08
1.1515e-08
1.1463e-08
1.1412e-08
1.136e-08
1.1309e-08
1.1258e-08
1.1208e-08
1.1157e-08
1.1107e-08
1.1057e-08
1.1008e-08
1.0958e-08
1.0909e-08
1.086e-08
1.0812e-08
1.0764e-08
1.0715e-08
1.0668e-08
1.062e-08
1.0573e-08
1.0525e-08
1.0479e-08
1.0432e-08
1.0386e-08
1.0339e-08
1.0293e-08
1.0248e-08
1.0202e-08
1.0157e-08
1.0112e-08
1.0068e-08
1.0023e-08
9.9789e-09
9.9349e-09
9.8911e-09
9.8476e-09
9.8043e-09
9.7613e-09
9.7185e-09
9.6759e-09
9.6336e-09
9.5915e-09
9.5496e-09
9.508e-09
9.4666e-09
9.4254e-09
9.3844e-09
9.3437e-09
9.3032e-09
9.263e-09
9.223e-09
9.1832e-09
9.1436e-09
9.1043e-09
9.0652e-09
9.0263e-09
8.9877e-09
8.9492e-09
8.911e-09
8.8731e-09
8.8353e-09
8.7978e-09
8.7605e-09
8.7235e-09
8.6866e-09
8.65e-09
8.6136e-09
8.5775e-09
8.5415e-09
8.5058e-09
8.4703e-09
8.435e-09
8.4e-09
8.3652e-09
8.3306e-09
8.2962e-09
8.262e-09
8.2281e-09
8.1944e-09
8.1609e-09
8.1277e-09
8.0946e-09
8.0618e-09
8.0292e-09
7.9968e-09
7.9647e-09
7.9327e-09
7.901e-09
7.8695e-09
7.8382e-09
7.8072e-09
7.7764e-09
7.7458e-09
7.7154e-09
7.6852e-09
7.6553e-09
7.6255e-09
7.596e-09
7.5667e-09
7.5377e-09
7.5088e-09
7.4802e-09
7.4518e-09
7.4237e-09
7.3957e-09
7.368e-09
7.3405e-09
7.3132e-09
7.2861e-09
7.2593e-09
7.2327e-09
7.2063e-09
7.1801e-09
7.1541e-09
7.1284e-09
7.1029e-09
7.0776e-09
7.0526e-09
7.0277e-09
7.0031e-09
6.9788e-09
