4.1145e-107
3.9236e-107
3.891e-107
4.0161e-107
4.3049e-107
4.7697e-107
5.4302e-107
6.3138e-107
7.4572e-107
8.9075e-107
1.0725e-106
1.2983e-106
1.5776e-106
1.9217e-106
2.3448e-106
2.8642e-106
3.5011e-106
4.2814e-106
5.2372e-106
6.4072e-106
7.8391e-106
9.5912e-106
1.1735e-105
1.4357e-105
1.7564e-105
2.1485e-105
2.6281e-105
3.2144e-105
3.9312e-105
4.8074e-105
5.8784e-105
7.1873e-105
8.787e-105
1.0742e-104
1.313e-104
1.6048e-104
1.9613e-104
2.3967e-104
2.9286e-104
3.5782e-104
4.3714e-104
5.3401e-104
6.5228e-104
7.9667e-104
9.7293e-104
1.1881e-103
1.4507e-103
1.7712e-103
2.1623e-103
2.6395e-103
3.2218e-103
3.9322e-103
4.7988e-103
5.8558e-103
7.145e-103
8.7173e-103
1.0635e-102
1.2972e-102
1.5823e-102
1.9298e-102
2.3534e-102
2.8697e-102
3.4989e-102
4.2658e-102
5.2003e-102
6.339e-102
7.7263e-102
9.4163e-102
1.1475e-101
1.3983e-101
1.7036e-101
2.0756e-101
2.5284e-101
3.0799e-101
3.7512e-101
4.5684e-101
5.5633e-101
6.7741e-101
8.2477e-101
1.0041e-100
1.2223e-100
1.4878e-100
1.8108e-100
2.2038e-100
2.6817e-100
3.2631e-100
3.9701e-100
4.8298e-100
5.8753e-100
7.1463e-100
8.6916e-100
1.057e-99
1.2853e-99
1.5628e-99
1.9001e-99
2.3099e-99
2.8079e-99
3.4129e-99
4.1479e-99
5.0408e-99
6.1253e-99
7.4425e-99
9.0421e-99
1.0984e-98
1.3343e-98
1.6206e-98
1.9683e-98
2.3902e-98
2.9024e-98
3.524e-98
4.2783e-98
5.1936e-98
6.3043e-98
7.6517e-98
9.2863e-98
1.1269e-97
1.3674e-97
1.6591e-97
2.0128e-97
2.4416e-97
2.9616e-97
3.5921e-97
4.3563e-97
5.2827e-97
6.4054e-97
7.7662e-97
9.4151e-97
1.1413e-96
1.3834e-96
1.6767e-96
2.0319e-96
2.4623e-96
2.9835e-96
3.6147e-96
4.379e-96
5.3045e-96
6.425e-96
7.7815e-96
9.4236e-96
1.1411e-95
1.3817e-95
1.6728e-95
2.0251e-95
2.4513e-95
2.967e-95
3.5909e-95
4.3455e-95
5.2583e-95
6.3623e-95
7.6973e-95
9.3116e-95
1.1264e-94
1.3623e-94
1.6476e-94
1.9924e-94
2.4092e-94
2.913e-94
3.5217e-94
4.2572e-94
5.146e-94
6.2197e-94
7.5167e-94
9.0834e-94
1.0976e-93
1.3261e-93
1.6021e-93
1.9353e-93
2.3376e-93
2.8234e-93
3.4097e-93
4.1175e-93
4.9717e-93
6.0026e-93
7.2466e-93
8.7477e-93
1.0559e-92
1.2744e-92
1.5379e-92
1.8558e-92
2.2392e-92
2.7016e-92
3.2592e-92
3.9315e-92
4.742e-92
5.7192e-92
6.8971e-92
8.3168e-92
1.0028e-91
1.209e-91
1.4575e-91
1.7569e-91
2.1176e-91
2.5521e-91
3.0755e-91
3.706e-91
4.4653e-91
5.3796e-91
6.4806e-91
7.8063e-91
9.4023e-91
1.1324e-90
1.3636e-90
1.642e-90
1.977e-90
2.3801e-90
2.8652e-90
3.4489e-90
4.151e-90
4.9957e-90
6.0117e-90
7.2337e-90
8.7033e-90
1.0471e-89
1.2596e-89
1.5151e-89
1.8222e-89
2.1914e-89
2.6353e-89
3.1687e-89
3.8097e-89
4.58e-89
5.5056e-89
6.6177e-89
7.9536e-89
9.5585e-89
1.1486e-88
1.3801e-88
1.6581e-88
1.992e-88
2.3929e-88
2.8741e-88
3.4519e-88
4.1455e-88
4.9779e-88
5.977e-88
7.1759e-88
8.6146e-88
1.0341e-87
1.2412e-87
1.4896e-87
1.7877e-87
2.1451e-87
2.5738e-87
3.0879e-87
3.7043e-87
4.4435e-87
5.3296e-87
6.3919e-87
7.6652e-87
9.1913e-87
1.102e-86
1.3212e-86
1.5838e-86
1.8985e-86
2.2755e-86
2.7271e-86
3.268e-86
3.9159e-86
4.6918e-86
5.621e-86
6.7335e-86
8.0656e-86
9.6603e-86
1.1569e-85
1.3854e-85
1.6589e-85
1.9862e-85
2.3778e-85
2.8464e-85
3.4071e-85
4.0778e-85
4.8802e-85
5.8399e-85
6.9877e-85
8.3603e-85
1.0002e-84
1.1964e-84
1.4311e-84
1.7116e-84
2.0469e-84
2.4477e-84
2.9267e-84
3.4991e-84
4.1831e-84
5.0004e-84
5.9769e-84
7.1433e-84
8.5367e-84
1.0201e-83
1.2189e-83
1.4562e-83
1.7396e-83
2.0781e-83
2.4821e-83
2.9644e-83
3.5401e-83
4.2272e-83
5.0473e-83
6.0259e-83
7.1937e-83
8.5869e-83
1.0249e-82
1.2232e-82
1.4597e-82
1.7418e-82
2.0783e-82
2.4794e-82
2.9578e-82
3.5282e-82
4.2082e-82
5.0187e-82
5.9849e-82
7.1365e-82
8.5088e-82
1.0144e-81
1.2093e-81
1.4414e-81
1.718e-81
2.0475e-81
2.4399e-81
2.9074e-81
3.464e-81
4.1268e-81
4.9161e-81
5.8557e-81
6.9744e-81
8.306e-81
9.8909e-81
1.1777e-80
1.4022e-80
1.6694e-80
1.9872e-80
2.3654e-80
2.8152e-80
3.3503e-80
3.9868e-80
4.7438e-80
5.6441e-80
6.7145e-80
7.9873e-80
9.5005e-80
1.1299e-79
1.3438e-79
1.5979e-79
1.9e-79
2.2589e-79
2.6855e-79
3.1922e-79
3.7943e-79
4.5096e-79
5.3592e-79
6.3683e-79
7.5667e-79
8.9898e-79
1.068e-78
1.2686e-78
1.5068e-78
1.7896e-78
2.1252e-78
2.5236e-78
2.9964e-78
3.5574e-78
4.2232e-78
5.013e-78
5.9501e-78
7.0617e-78
8.3802e-78
9.944e-78
1.1799e-77
1.3998e-77
1.6606e-77
1.9697e-77
2.3363e-77
2.7708e-77
3.2858e-77
3.8962e-77
4.6196e-77
5.4768e-77
6.4924e-77
7.6958e-77
9.1214e-77
1.081e-76
1.281e-76
1.5179e-76
1.7985e-76
2.1307e-76
2.5241e-76
2.9898e-76
3.5411e-76
4.1938e-76
4.9662e-76
5.8805e-76
6.9624e-76
8.2427e-76
9.7575e-76
1.155e-75
1.367e-75
1.6178e-75
1.9144e-75
2.2652e-75
2.6801e-75
3.1707e-75
3.7507e-75
4.4365e-75
5.2472e-75
6.2054e-75
7.3381e-75
8.6766e-75
1.0258e-74
1.2128e-74
1.4336e-74
1.6945e-74
2.0028e-74
2.3668e-74
2.7969e-74
3.3047e-74
3.9044e-74
4.6126e-74
5.4487e-74
6.4358e-74
7.6011e-74
8.9765e-74
1.06e-73
1.2516e-73
1.4777e-73
1.7444e-73
2.0592e-73
2.4305e-73
2.8686e-73
3.3852e-73
3.9946e-73
4.7133e-73
5.5608e-73
6.5601e-73
7.7383e-73
9.1273e-73
1.0765e-72
1.2695e-72
1.4969e-72
1.765e-72
2.0809e-72
2.4531e-72
2.8916e-72
3.4082e-72
4.0168e-72
4.7336e-72
5.5778e-72
6.572e-72
7.7428e-72
9.1213e-72
1.0744e-71
1.2655e-71
1.4904e-71
1.7551e-71
2.0667e-71
2.4333e-71
2.8648e-71
3.3725e-71
3.9697e-71
4.6724e-71
5.4989e-71
6.471e-71
7.6144e-71
8.9589e-71
1.054e-70
1.2399e-70
1.4585e-70
1.7154e-70
2.0174e-70
2.3724e-70
2.7896e-70
3.2798e-70
3.8559e-70
4.5328e-70
5.3281e-70
6.2623e-70
7.3597e-70
8.6485e-70
1.0162e-69
1.194e-69
1.4027e-69
1.6478e-69
1.9355e-69
2.2733e-69
2.6698e-69
3.1351e-69
3.6812e-69
4.3221e-69
5.0741e-69
5.9564e-69
6.9916e-69
8.2058e-69
9.6302e-69
1.1301e-68
1.326e-68
1.5557e-68
1.8251e-68
2.141e-68
2.5113e-68
2.9454e-68
3.4542e-68
4.0506e-68
4.7495e-68
5.5684e-68
6.5281e-68
7.6524e-68
8.9697e-68
1.0513e-67
1.232e-67
1.4437e-67
1.6916e-67
1.9819e-67
2.3218e-67
2.7198e-67
3.1857e-67
3.7311e-67
4.3695e-67
5.1166e-67
5.991e-67
7.0142e-67
8.2114e-67
9.6121e-67
1.1251e-66
1.3168e-66
1.541e-66
1.8032e-66
2.1099e-66
2.4685e-66
2.8878e-66
3.378e-66
3.9511e-66
4.621e-66
5.404e-66
6.3191e-66
7.3886e-66
8.6383e-66
1.0098e-65
1.1804e-65
1.3797e-65
1.6125e-65
1.8845e-65
2.202e-65
2.5729e-65
3.006e-65
3.5116e-65
4.102e-65
4.7911e-65
5.5956e-65
6.5345e-65
7.6304e-65
8.9092e-65
1.0401e-64
1.2143e-64
1.4174e-64
1.6544e-64
1.9308e-64
2.2532e-64
2.6292e-64
3.0677e-64
3.579e-64
4.1751e-64
4.8702e-64
5.6804e-64
6.6248e-64
7.7256e-64
9.0085e-64
1.0504e-63
1.2246e-63
1.4275e-63
1.664e-63
1.9395e-63
2.2603e-63
2.6341e-63
3.0693e-63
3.5762e-63
4.1664e-63
4.8535e-63
5.6535e-63
6.5848e-63
7.6689e-63
8.9306e-63
1.0399e-62
1.2108e-62
1.4096e-62
1.6409e-62
1.9101e-62
2.2231e-62
2.5873e-62
3.0108e-62
3.5034e-62
4.0762e-62
4.7423e-62
5.5166e-62
6.4169e-62
7.4635e-62
8.6799e-62
1.0094e-61
1.1737e-61
1.3646e-61
1.5865e-61
1.8443e-61
2.1437e-61
2.4916e-61
2.8957e-61
3.365e-61
3.91e-61
4.5429e-61
5.2777e-61
6.1309e-61
7.1214e-61
8.2713e-61
9.6059e-61
1.1155e-60
1.2952e-60
1.5038e-60
1.7459e-60
2.0267e-60
2.3525e-60
2.7304e-60
3.1687e-60
3.6771e-60
4.2667e-60
4.9504e-60
5.7431e-60
6.6622e-60
7.7277e-60
8.9628e-60
1.0394e-59
1.2054e-59
1.3976e-59
1.6205e-59
1.8786e-59
2.1777e-59
2.5242e-59
2.9256e-59
3.3906e-59
3.929e-59
4.5526e-59
5.2747e-59
6.1107e-59
7.0787e-59
8.1993e-59
9.4964e-59
1.0998e-58
1.2735e-58
1.4746e-58
1.7073e-58
1.9766e-58
2.2881e-58
2.6484e-58
3.0652e-58
3.5474e-58
4.105e-58
4.7498e-58
5.4954e-58
6.3576e-58
7.3543e-58
8.5066e-58
9.8385e-58
1.1378e-57
1.3157e-57
1.5213e-57
1.7589e-57
2.0335e-57
2.3506e-57
2.717e-57
3.1402e-57
3.6291e-57
4.1936e-57
4.8456e-57
5.5984e-57
6.4676e-57
7.4711e-57
8.6296e-57
9.9669e-57
1.151e-56
1.3292e-56
1.5347e-56
1.7719e-56
2.0456e-56
2.3613e-56
2.7256e-56
3.1457e-56
3.6303e-56
4.1892e-56
4.8337e-56
5.5768e-56
6.4337e-56
7.4215e-56
8.5603e-56
9.873e-56
1.1386e-55
1.313e-55
1.5139e-55
1.7454e-55
2.0122e-55
2.3195e-55
2.6736e-55
3.0814e-55
3.5511e-55
4.092e-55
4.715e-55
5.4322e-55
6.2581e-55
7.2089e-55
8.3034e-55
9.5633e-55
1.1013e-54
1.2682e-54
1.4603e-54
1.6812e-54
1.9355e-54
2.228e-54
2.5644e-54
2.9515e-54
3.3966e-54
3.9086e-54
4.4973e-54
5.1742e-54
5.9525e-54
6.8473e-54
7.8759e-54
9.0582e-54
1.0417e-53
1.1979e-53
1.3773e-53
1.5835e-53
1.8205e-53
2.0926e-53
2.4053e-53
2.7645e-53
3.177e-53
3.6507e-53
4.1947e-53
4.8193e-53
5.5365e-53
6.3598e-53
7.3049e-53
8.3898e-53
9.6349e-53
1.1064e-52
1.2704e-52
1.4585e-52
1.6744e-52
1.922e-52
2.2061e-52
2.532e-52
2.9057e-52
3.3344e-52
3.8259e-52
4.3895e-52
5.0356e-52
5.7764e-52
6.6255e-52
7.5989e-52
8.7144e-52
9.9929e-52
1.1458e-51
1.3137e-51
1.506e-51
1.7263e-51
1.9787e-51
2.2678e-51
2.5989e-51
2.9781e-51
3.4123e-51
3.9095e-51
4.4788e-51
5.1305e-51
5.8765e-51
6.7303e-51
7.7076e-51
8.826e-51
1.0106e-50
1.157e-50
1.3246e-50
1.5162e-50
1.7355e-50
1.9863e-50
2.2731e-50
2.6011e-50
2.9762e-50
3.4051e-50
3.8955e-50
4.4561e-50
5.0969e-50
5.8294e-50
6.6665e-50
7.6232e-50
8.7164e-50
9.9655e-50
1.1393e-49
1.3023e-49
1.4886e-49
1.7013e-49
1.9442e-49
2.2217e-49
2.5385e-49
2.9003e-49
3.3133e-49
3.7849e-49
4.3231e-49
4.9375e-49
5.6387e-49
6.4389e-49
7.352e-49
8.3939e-49
9.5826e-49
1.0939e-48
1.2486e-48
1.425e-48
1.6262e-48
1.8557e-48
2.1174e-48
2.4158e-48
2.756e-48
3.1438e-48
3.5859e-48
4.0898e-48
4.6641e-48
5.3185e-48
6.0643e-48
6.914e-48
7.8822e-48
8.9851e-48
1.0241e-47
1.1672e-47
1.3302e-47
1.5158e-47
1.7272e-47
1.9678e-47
2.2418e-47
2.5537e-47
2.9087e-47
3.3129e-47
3.7728e-47
4.2962e-47
4.8918e-47
5.5695e-47
6.3405e-47
7.2176e-47
8.2154e-47
9.3503e-47
1.0641e-46
1.2109e-46
1.3778e-46
1.5676e-46
1.7833e-46
2.0286e-46
2.3075e-46
2.6244e-46
2.9846e-46
3.3939e-46
3.859e-46
4.3875e-46
4.988e-46
5.6701e-46
6.4449e-46
7.325e-46
8.3245e-46
9.4597e-46
1.0749e-45
1.2212e-45
1.3874e-45
1.576e-45
1.7901e-45
2.0332e-45
2.309e-45
2.622e-45
2.9772e-45
3.3802e-45
3.8375e-45
4.3562e-45
4.9446e-45
5.612e-45
6.3689e-45
7.2273e-45
8.2007e-45
9.3043e-45
1.0556e-44
1.1974e-44
1.3582e-44
1.5404e-44
1.747e-44
1.9811e-44
2.2463e-44
2.5469e-44
2.8874e-44
3.2731e-44
3.71e-44
4.2049e-44
4.7654e-44
5.4002e-44
6.119e-44
6.9328e-44
7.8542e-44
8.8973e-44
1.0078e-43
1.1414e-43
1.2927e-43
1.4639e-43
1.6576e-43
1.8767e-43
2.1247e-43
2.4052e-43
2.7224e-43
3.0813e-43
3.4872e-43
3.9462e-43
4.4652e-43
5.0521e-43
5.7156e-43
6.4657e-43
7.3135e-43
8.2719e-43
9.355e-43
1.0579e-42
1.1962e-42
1.3525e-42
1.529e-42
1.7285e-42
1.9538e-42
2.2083e-42
2.4957e-42
2.8203e-42
3.1868e-42
3.6006e-42
4.0679e-42
4.5953e-42
5.1907e-42
5.8627e-42
6.6212e-42
7.4771e-42
8.4429e-42
9.5327e-42
1.0762e-41
1.2149e-41
1.3714e-41
1.5478e-41
1.7469e-41
1.9713e-41
2.2244e-41
2.5098e-41
2.8315e-41
3.1942e-41
3.6031e-41
4.0639e-41
4.5833e-41
5.1686e-41
5.8281e-41
6.5712e-41
7.4085e-41
8.3517e-41
9.4141e-41
1.0611e-40
1.1959e-40
1.3476e-40
1.5186e-40
1.711e-40
1.9277e-40
2.1716e-40
2.4461e-40
2.7551e-40
3.103e-40
3.4944e-40
3.9348e-40
4.4304e-40
4.9879e-40
5.6151e-40
6.3207e-40
7.1143e-40
8.0068e-40
9.0105e-40
1.0139e-39
1.1408e-39
1.2835e-39
1.4439e-39
1.6242e-39
1.8269e-39
2.0546e-39
2.3106e-39
2.5982e-39
2.9214e-39
3.2845e-39
3.6924e-39
4.1506e-39
4.6653e-39
5.2433e-39
5.8924e-39
6.6213e-39
7.4397e-39
8.3586e-39
9.3902e-39
1.0548e-38
1.1848e-38
1.3307e-38
1.4943e-38
1.678e-38
1.8842e-38
2.1154e-38
2.3748e-38
2.6658e-38
2.9922e-38
3.3583e-38
3.7688e-38
4.2292e-38
4.7453e-38
5.324e-38
5.9728e-38
6.7001e-38
7.5152e-38
8.4288e-38
9.4526e-38
1.06e-37
1.1885e-37
1.3326e-37
1.4939e-37
1.6746e-37
1.8771e-37
2.1038e-37
2.3577e-37
2.6421e-37
2.9604e-37
3.3169e-37
3.7159e-37
4.1626e-37
4.6625e-37
5.2221e-37
5.8483e-37
6.549e-37
7.3331e-37
8.2103e-37
9.1917e-37
1.029e-36
1.1517e-36
1.2891e-36
1.4427e-36
1.6144e-36
1.8064e-36
2.0211e-36
2.2611e-36
2.5294e-36
2.8293e-36
3.1645e-36
3.5391e-36
3.9577e-36
4.4254e-36
4.9479e-36
5.5317e-36
6.1838e-36
6.9121e-36
7.7256e-36
8.6341e-36
9.6486e-36
1.0781e-35
1.2046e-35
1.3458e-35
1.5034e-35
1.6793e-35
1.8757e-35
2.0948e-35
2.3393e-35
2.6122e-35
2.9166e-35
3.2562e-35
3.635e-35
4.0575e-35
4.5288e-35
5.0544e-35
5.6405e-35
6.294e-35
7.0226e-35
7.8348e-35
8.7403e-35
9.7496e-35
1.0874e-34
1.2128e-34
1.3525e-34
1.5082e-34
1.6816e-34
1.8748e-34
2.09e-34
2.3297e-34
2.5968e-34
2.8941e-34
3.2252e-34
3.5939e-34
4.0044e-34
4.4615e-34
4.9702e-34
5.5365e-34
6.1667e-34
6.8681e-34
7.6487e-34
8.5172e-34
9.4835e-34
1.0558e-33
1.1754e-33
1.3085e-33
1.4564e-33
1.6209e-33
1.8039e-33
2.0073e-33
2.2335e-33
2.485e-33
2.7646e-33
3.0753e-33
3.4206e-33
3.8045e-33
4.231e-33
4.7049e-33
5.2314e-33
5.8164e-33
6.4663e-33
7.1881e-33
7.9898e-33
8.8802e-33
9.8689e-33
1.0967e-32
1.2186e-32
1.3539e-32
1.5041e-32
1.6709e-32
1.856e-32
2.0614e-32
2.2893e-32
2.5422e-32
2.8229e-32
3.1342e-32
3.4796e-32
3.8626e-32
4.2875e-32
4.7588e-32
5.2813e-32
5.8608e-32
6.5032e-32
7.2155e-32
8.0051e-32
8.8803e-32
9.8503e-32
1.0925e-31
1.2117e-31
1.3437e-31
1.49e-31
1.652e-31
1.8315e-31
2.0304e-31
2.2506e-31
2.4945e-31
2.7646e-31
3.0637e-31
3.3949e-31
3.7615e-31
4.1674e-31
4.6166e-31
5.1139e-31
5.6642e-31
6.2732e-31
6.9471e-31
7.6928e-31
8.5177e-31
9.4302e-31
1.044e-30
1.1556e-30
1.2791e-30
1.4156e-30
1.5666e-30
1.7336e-30
1.9182e-30
2.1222e-30
2.3478e-30
2.5971e-30
2.8726e-30
3.177e-30
3.5135e-30
3.8852e-30
4.2959e-30
4.7497e-30
5.2508e-30
5.8044e-30
6.4158e-30
7.0909e-30
7.8364e-30
8.6596e-30
9.5684e-30
1.0572e-29
1.1679e-29
1.2902e-29
1.4251e-29
1.5739e-29
1.7382e-29
1.9195e-29
2.1195e-29
2.3401e-29
2.5835e-29
2.8519e-29
3.148e-29
3.4744e-29
3.8345e-29
4.2314e-29
4.6691e-29
5.1516e-29
5.6834e-29
6.2696e-29
6.9157e-29
7.6277e-29
8.4123e-29
9.2768e-29
1.0229e-28
1.1278e-28
1.2434e-28
1.3707e-28
1.511e-28
1.6654e-28
1.8354e-28
2.0226e-28
2.2288e-28
2.4557e-28
2.7055e-28
2.9805e-28
3.2831e-28
3.6161e-28
3.9826e-28
4.3858e-28
4.8295e-28
5.3175e-28
5.8544e-28
6.445e-28
7.0945e-28
7.8088e-28
8.5942e-28
9.4579e-28
1.0407e-27
1.1451e-27
1.2599e-27
1.386e-27
1.5247e-27
1.677e-27
1.8444e-27
2.0284e-27
2.2305e-27
2.4526e-27
2.6965e-27
2.9644e-27
3.2587e-27
3.5818e-27
3.9367e-27
4.3264e-27
4.7542e-27
5.2239e-27
5.7395e-27
6.3054e-27
6.9266e-27
7.6083e-27
8.3564e-27
9.1772e-27
1.0078e-26
1.1066e-26
1.215e-26
1.3339e-26
1.4643e-26
1.6073e-26
1.7641e-26
1.936e-26
2.1246e-26
2.3313e-26
2.5578e-26
2.8062e-26
3.0784e-26
3.3767e-26
3.7037e-26
4.0619e-26
4.4544e-26
4.8844e-26
5.3554e-26
5.8714e-26
6.4365e-26
7.0555e-26
7.7333e-26
8.4754e-26
9.288e-26
1.0178e-25
1.1152e-25
1.2218e-25
1.3384e-25
1.4661e-25
1.6059e-25
1.7588e-25
1.9261e-25
2.1091e-25
2.3094e-25
2.5284e-25
2.7679e-25
3.03e-25
3.3165e-25
3.6298e-25
3.9723e-25
4.3468e-25
4.7563e-25
5.2038e-25
5.6929e-25
6.2275e-25
6.8118e-25
7.4502e-25
8.1477e-25
8.9097e-25
9.7422e-25
1.0652e-24
1.1645e-24
1.273e-24
1.3914e-24
1.5208e-24
1.662e-24
1.8162e-24
1.9846e-24
2.1684e-24
2.3689e-24
2.5878e-24
2.8267e-24
3.0874e-24
3.3718e-24
3.6822e-24
4.0207e-24
4.39e-24
4.7928e-24
5.2321e-24
5.7112e-24
6.2336e-24
6.8032e-24
7.4243e-24
8.1013e-24
8.8393e-24
9.6438e-24
1.0521e-23
1.1476e-23
1.2517e-23
1.3652e-23
1.4888e-23
1.6234e-23
1.7701e-23
1.9299e-23
2.1039e-23
2.2934e-23
2.4997e-23
2.7244e-23
2.969e-23
3.2354e-23
3.5253e-23
3.8408e-23
4.1843e-23
4.5581e-23
4.9648e-23
5.4074e-23
5.8889e-23
6.4127e-23
6.9826e-23
7.6024e-23
8.2765e-23
9.0097e-23
9.8069e-23
1.0674e-22
1.1616e-22
1.2641e-22
1.3755e-22
1.4966e-22
1.6282e-22
1.7712e-22
1.9266e-22
2.0955e-22
2.2789e-22
2.4783e-22
2.6948e-22
2.93e-22
3.1855e-22
3.4629e-22
3.7642e-22
4.0913e-22
4.4465e-22
4.8321e-22
5.2507e-22
5.7051e-22
6.1982e-22
6.7335e-22
7.3143e-22
7.9445e-22
8.6283e-22
9.3702e-22
1.0175e-21
1.1048e-21
1.1995e-21
1.3022e-21
1.4135e-21
1.5343e-21
1.6652e-21
1.8071e-21
1.961e-21
2.1278e-21
2.3086e-21
2.5045e-21
2.7168e-21
2.9469e-21
3.1961e-21
3.4662e-21
3.7588e-21
4.0757e-21
4.4189e-21
4.7907e-21
5.1932e-21
5.6292e-21
6.1012e-21
6.6122e-21
7.1654e-21
7.7642e-21
8.4123e-21
9.1138e-21
9.8729e-21
1.0694e-20
1.1583e-20
1.2545e-20
1.3585e-20
1.471e-20
1.5927e-20
1.7244e-20
1.8667e-20
2.0207e-20
2.1871e-20
2.3671e-20
2.5616e-20
2.7719e-20
2.9992e-20
3.2448e-20
3.5103e-20
3.7972e-20
4.1072e-20
4.4421e-20
4.8039e-20
5.1947e-20
5.6168e-20
6.0727e-20
6.5651e-20
7.0968e-20
7.6709e-20
8.2907e-20
8.9598e-20
9.6821e-20
1.0462e-19
1.1303e-19
1.2211e-19
1.3191e-19
1.4249e-19
1.539e-19
1.662e-19
1.7948e-19
1.938e-19
2.0924e-19
2.259e-19
2.4386e-19
2.6323e-19
2.8411e-19
3.0662e-19
3.3089e-19
3.5705e-19
3.8524e-19
4.1562e-19
4.4837e-19
4.8365e-19
5.2166e-19
5.6261e-19
6.0672e-19
6.5424e-19
7.0541e-19
7.6053e-19
8.1988e-19
8.8379e-19
9.526e-19
1.0267e-18
1.1064e-18
1.1923e-18
1.2847e-18
1.3841e-18
1.4911e-18
1.6062e-18
1.7301e-18
1.8634e-18
2.0067e-18
2.161e-18
2.3268e-18
2.5052e-18
2.697e-18
2.9033e-18
3.1251e-18
3.3635e-18
3.6199e-18
3.8954e-18
4.1915e-18
4.5098e-18
4.8518e-18
5.2193e-18
5.6142e-18
6.0384e-18
6.4942e-18
6.9837e-18
7.5095e-18
8.0742e-18
8.6807e-18
9.3319e-18
1.0031e-17
1.0782e-17
1.1588e-17
1.2453e-17
1.3381e-17
1.4377e-17
1.5447e-17
1.6594e-17
1.7825e-17
1.9146e-17
2.0563e-17
2.2083e-17
2.3714e-17
2.5462e-17
2.7337e-17
2.9348e-17
3.1504e-17
3.3816e-17
3.6294e-17
3.895e-17
4.1797e-17
4.4848e-17
4.8118e-17
5.1623e-17
5.5377e-17
5.94e-17
6.3709e-17
6.8325e-17
7.327e-17
7.8566e-17
8.4237e-17
9.031e-17
9.6812e-17
1.0377e-16
1.1123e-16
1.1921e-16
1.2774e-16
1.3688e-16
1.4667e-16
1.5713e-16
1.6833e-16
1.8031e-16
1.9313e-16
2.0685e-16
2.2151e-16
2.372e-16
2.5398e-16
2.7192e-16
2.911e-16
3.1161e-16
3.3353e-16
3.5697e-16
3.8202e-16
4.088e-16
4.3742e-16
4.6799e-16
5.0067e-16
5.3558e-16
5.7287e-16
6.1271e-16
6.5527e-16
7.0072e-16
7.4926e-16
8.011e-16
8.5645e-16
9.1554e-16
9.7863e-16
1.046e-15
1.1179e-15
1.1946e-15
1.2765e-15
1.3639e-15
1.4571e-15
1.5566e-15
1.6627e-15
1.7759e-15
1.8967e-15
2.0255e-15
2.1629e-15
2.3094e-15
2.4656e-15
2.6321e-15
2.8097e-15
2.9989e-15
3.2007e-15
3.4157e-15
3.6449e-15
3.8891e-15
4.1494e-15
4.4266e-15
4.722e-15
5.0367e-15
5.3719e-15
5.7289e-15
6.1092e-15
6.5141e-15
6.9453e-15
7.4043e-15
7.8931e-15
8.4134e-15
8.9672e-15
9.5567e-15
1.0184e-14
1.0852e-14
1.1562e-14
1.2318e-14
1.3122e-14
1.3978e-14
1.4888e-14
1.5856e-14
1.6885e-14
1.798e-14
1.9144e-14
2.0381e-14
2.1697e-14
2.3096e-14
2.4583e-14
2.6163e-14
2.7843e-14
2.9628e-14
3.1525e-14
3.354e-14
3.5682e-14
3.7956e-14
4.0373e-14
4.2939e-14
4.5665e-14
4.8559e-14
5.1633e-14
5.4897e-14
5.8362e-14
6.204e-14
6.5945e-14
7.0089e-14
7.4488e-14
7.9156e-14
8.4109e-14
8.9365e-14
9.4941e-14
1.0086e-13
1.0713e-13
1.1379e-13
1.2085e-13
1.2833e-13
1.3627e-13
1.4469e-13
1.5361e-13
1.6307e-13
1.731e-13
1.8373e-13
1.95e-13
2.0694e-13
2.1959e-13
2.3299e-13
2.4719e-13
2.6224e-13
2.7818e-13
2.9506e-13
3.1294e-13
3.3188e-13
3.5193e-13
3.7316e-13
3.9564e-13
4.1943e-13
4.4462e-13
4.7129e-13
4.9951e-13
5.2937e-13
5.6098e-13
5.9442e-13
6.298e-13
6.6722e-13
7.0682e-13
7.487e-13
7.9299e-13
8.3983e-13
8.8937e-13
9.4174e-13
9.9712e-13
1.0557e-12
1.1176e-12
1.183e-12
1.2521e-12
1.3252e-12
1.4024e-12
1.484e-12
1.5702e-12
1.6612e-12
1.7574e-12
1.859e-12
1.9663e-12
2.0797e-12
2.1993e-12
2.3257e-12
2.4591e-12
2.6e-12
2.7487e-12
2.9056e-12
3.0713e-12
3.2461e-12
3.4306e-12
3.6252e-12
3.8306e-12
4.0473e-12
4.2758e-12
4.5169e-12
4.7712e-12
5.0394e-12
5.3222e-12
5.6203e-12
5.9347e-12
6.2662e-12
6.6156e-12
6.9838e-12
7.372e-12
7.7811e-12
8.2121e-12
8.6664e-12
9.1449e-12
9.6491e-12
1.018e-11
1.074e-11
1.1329e-11
1.1949e-11
1.2603e-11
1.3291e-11
1.4016e-11
1.4778e-11
1.5581e-11
1.6426e-11
1.7316e-11
1.8252e-11
1.9237e-11
2.0274e-11
2.1364e-11
2.2512e-11
2.3719e-11
2.4988e-11
2.6323e-11
2.7728e-11
2.9205e-11
3.0757e-11
3.239e-11
3.4106e-11
3.5911e-11
3.7807e-11
3.9801e-11
4.1896e-11
4.4097e-11
4.6411e-11
4.8841e-11
5.1394e-11
5.4077e-11
5.6894e-11
5.9854e-11
6.2961e-11
6.6225e-11
6.9652e-11
7.325e-11
7.7028e-11
8.0993e-11
8.5155e-11
8.9524e-11
9.4109e-11
9.892e-11
1.0397e-10
1.0927e-10
1.1482e-10
1.2065e-10
1.2677e-10
1.3318e-10
1.3991e-10
1.4696e-10
1.5435e-10
1.6211e-10
1.7024e-10
1.7876e-10
1.8769e-10
1.9705e-10
2.0687e-10
2.1715e-10
2.2792e-10
2.3921e-10
2.5104e-10
2.6342e-10
2.764e-10
2.8999e-10
3.0422e-10
3.1913e-10
3.3474e-10
3.5108e-10
3.6819e-10
3.8609e-10
4.0484e-10
4.2446e-10
4.4499e-10
4.6648e-10
4.8896e-10
5.1248e-10
5.3709e-10
5.6284e-10
5.8976e-10
6.1793e-10
6.4738e-10
6.7818e-10
7.1039e-10
7.4406e-10
7.7926e-10
8.1606e-10
8.5452e-10
8.9473e-10
9.3674e-10
9.8064e-10
1.0265e-09
1.0745e-09
1.1245e-09
1.1768e-09
1.2315e-09
1.2885e-09
1.3481e-09
1.4104e-09
1.4753e-09
1.5432e-09
1.614e-09
1.6879e-09
1.7651e-09
1.8457e-09
1.9297e-09
2.0174e-09
2.109e-09
2.2045e-09
2.3041e-09
2.408e-09
2.5164e-09
2.6294e-09
2.7473e-09
2.8703e-09
2.9985e-09
3.1321e-09
3.2715e-09
3.4167e-09
3.5681e-09
3.7259e-09
3.8903e-09
4.0616e-09
4.2402e-09
4.4262e-09
4.62e-09
4.8218e-09
5.0321e-09
5.251e-09
5.4791e-09
5.7165e-09
5.9638e-09
6.2212e-09
6.4892e-09
6.7681e-09
7.0585e-09
7.3606e-09
7.6751e-09
8.0023e-09
8.3428e-09
8.697e-09
9.0655e-09
9.4489e-09
9.8475e-09
1.0262e-08
1.0693e-08
1.1142e-08
1.1608e-08
1.2093e-08
1.2597e-08
1.312e-08
1.3665e-08
1.423e-08
1.4818e-08
1.5429e-08
1.6064e-08
1.6724e-08
1.7409e-08
1.812e-08
1.8859e-08
1.9627e-08
2.0424e-08
2.1252e-08
2.2111e-08
2.3003e-08
2.3929e-08
2.4891e-08
2.5889e-08
2.6924e-08
2.7999e-08
2.9114e-08
3.0271e-08
3.1471e-08
3.2716e-08
3.4007e-08
3.5346e-08
3.6735e-08
3.8176e-08
3.9669e-08
4.1218e-08
4.2823e-08
4.4487e-08
4.6212e-08
4.8e-08
4.9852e-08
5.1772e-08
5.3761e-08
5.5822e-08
5.7957e-08
6.0168e-08
6.2459e-08
6.4831e-08
6.7288e-08
6.9832e-08
7.2466e-08
7.5193e-08
7.8016e-08
8.0939e-08
8.3964e-08
8.7094e-08
9.0333e-08
9.3686e-08
9.7154e-08
1.0074e-07
1.0445e-07
1.0829e-07
1.1226e-07
1.1637e-07
1.2062e-07
1.2501e-07
1.2955e-07
1.3425e-07
1.391e-07
1.4411e-07
1.493e-07
1.5465e-07
1.6019e-07
1.6591e-07
1.7182e-07
1.7793e-07
1.8423e-07
1.9075e-07
1.9748e-07
2.0443e-07
2.116e-07
2.1901e-07
2.2666e-07
2.3455e-07
2.427e-07
2.5112e-07
2.598e-07
2.6876e-07
2.7801e-07
2.8755e-07
2.9739e-07
3.0754e-07
3.1801e-07
3.2881e-07
3.3995e-07
3.5144e-07
3.6328e-07
3.755e-07
3.8809e-07
4.0107e-07
4.1444e-07
4.2823e-07
4.4244e-07
4.5708e-07
4.7217e-07
4.8771e-07
5.0373e-07
5.2022e-07
5.3721e-07
5.5471e-07
5.7273e-07
5.9128e-07
6.1039e-07
6.3006e-07
6.503e-07
6.7115e-07
6.926e-07
7.1468e-07
7.3739e-07
7.6077e-07
7.8482e-07
8.0957e-07
8.3502e-07
8.612e-07
8.8813e-07
9.1582e-07
9.443e-07
9.7358e-07
1.0037e-06
1.0346e-06
1.0664e-06
1.0991e-06
1.1327e-06
1.1673e-06
1.2028e-06
1.2392e-06
1.2767e-06
1.3151e-06
1.3547e-06
1.3953e-06
1.4369e-06
1.4798e-06
1.5237e-06
1.5688e-06
1.6152e-06
1.6627e-06
1.7115e-06
1.7616e-06
1.813e-06
1.8658e-06
1.9199e-06
1.9755e-06
2.0324e-06
2.0909e-06
2.1508e-06
2.2123e-06
2.2753e-06
2.3399e-06
2.4062e-06
2.4741e-06
2.5437e-06
2.6151e-06
2.6883e-06
2.7632e-06
2.84e-06
2.9187e-06
2.9994e-06
3.082e-06
3.1666e-06
3.2532e-06
3.342e-06
3.4328e-06
3.5259e-06
3.6212e-06
3.7187e-06
3.8185e-06
3.9207e-06
4.0253e-06
4.1323e-06
4.2418e-06
4.3539e-06
4.4685e-06
4.5857e-06
4.7057e-06
4.8283e-06
4.9538e-06
5.0821e-06
5.2132e-06
5.3473e-06
5.4844e-06
5.6245e-06
5.7678e-06
5.9141e-06
6.0637e-06
6.2165e-06
6.3727e-06
6.5322e-06
6.6952e-06
6.8616e-06
7.0316e-06
7.2052e-06
7.3824e-06
7.5634e-06
7.7482e-06
7.9368e-06
8.1293e-06
8.3257e-06
8.5263e-06
8.7309e-06
8.9396e-06
9.1526e-06
9.3699e-06
9.5915e-06
9.8175e-06
1.0048e-05
1.0283e-05
1.0523e-05
1.0767e-05
1.1016e-05
1.127e-05
1.1529e-05
1.1793e-05
1.2061e-05
1.2335e-05
1.2614e-05
1.2898e-05
1.3188e-05
1.3483e-05
1.3783e-05
1.4089e-05
1.44e-05
1.4717e-05
1.504e-05
1.5369e-05
1.5703e-05
1.6043e-05
1.639e-05
1.6742e-05
1.7101e-05
1.7465e-05
1.7836e-05
1.8214e-05
1.8597e-05
1.8988e-05
1.9385e-05
1.9788e-05
2.0198e-05
2.0615e-05
2.1039e-05
2.1469e-05
2.1907e-05
2.2352e-05
2.2803e-05
2.3262e-05
2.3728e-05
2.4202e-05
2.4683e-05
2.5171e-05
2.5667e-05
2.617e-05
2.6681e-05
2.72e-05
2.7726e-05
2.826e-05
2.8802e-05
2.9352e-05
2.991e-05
3.0476e-05
3.105e-05
3.1633e-05
3.2223e-05
3.2822e-05
3.3429e-05
3.4044e-05
3.4668e-05
3.53e-05
3.5941e-05
3.659e-05
3.7248e-05
3.7915e-05
3.859e-05
3.9274e-05
3.9967e-05
4.0668e-05
4.1379e-05
4.2098e-05
4.2826e-05
4.3563e-05
4.4309e-05
4.5064e-05
4.5828e-05
4.6601e-05
4.7383e-05
4.8174e-05
4.8974e-05
4.9784e-05
5.0602e-05
5.143e-05
5.2266e-05
5.3112e-05
5.3967e-05
5.4831e-05
5.5705e-05
5.6587e-05
5.7479e-05
5.8379e-05
5.9289e-05
6.0208e-05
6.1136e-05
6.2074e-05
6.302e-05
6.3975e-05
6.4939e-05
6.5912e-05
6.6895e-05
6.7886e-05
6.8886e-05
6.9895e-05
7.0912e-05
7.1939e-05
7.2974e-05
7.4018e-05
7.507e-05
7.6131e-05
7.7201e-05
7.8279e-05
7.9365e-05
8.046e-05
8.1563e-05
8.2674e-05
8.3793e-05
8.492e-05
8.6055e-05
8.7198e-05
8.8348e-05
8.9507e-05
9.0672e-05
9.1846e-05
9.3026e-05
9.4214e-05
9.5409e-05
9.6611e-05
9.782e-05
9.9036e-05
0.00010026
0.00010149
0.00010272
0.00010396
0.00010521
0.00010647
0.00010773
0.00010899
0.00011026
0.00011154
0.00011282
0.00011411
0.0001154
0.0001167
0.000118
0.0001193
0.00012061
0.00012193
0.00012325
0.00012457
0.00012589
0.00012722
0.00012856
0.00012989
0.00013123
0.00013257
0.00013391
0.00013526
0.00013661
0.00013796
0.00013931
0.00014066
0.00014201
0.00014337
0.00014472
0.00014608
0.00014743
0.00014879
0.00015015
0.0001515
0.00015286
0.00015421
0.00015556
0.00015691
0.00015826
0.00015961
0.00016096
0.0001623
0.00016364
0.00016498
0.00016632
0.00016765
0.00016898
0.0001703
0.00017162
0.00017294
0.00017425
0.00017556
0.00017686
0.00017816
0.00017945
0.00018074
0.00018202
0.00018329
0.00018455
0.00018581
0.00018707
0.00018831
0.00018955
0.00019078
0.000192
0.00019321
0.00019442
0.00019561
0.0001968
0.00019797
0.00019914
0.0002003
0.00020144
0.00020258
0.0002037
0.00020482
0.00020592
0.00020701
0.00020809
0.00020916
0.00021022
0.00021126
0.00021229
0.00021331
0.00021431
0.00021531
0.00021628
0.00021725
0.0002182
0.00021913
0.00022005
0.00022096
0.00022185
0.00022273
0.00022359
0.00022443
0.00022526
0.00022608
0.00022688
0.00022766
0.00022842
0.00022917
0.0002299
0.00023061
0.00023131
0.00023199
0.00023265
0.0002333
0.00023392
0.00023453
0.00023512
0.00023569
0.00023625
0.00023678
0.0002373
0.00023779
0.00023827
0.00023873
0.00023917
0.00023959
0.00023999
0.00024037
0.00024074
0.00024108
0.0002414
0.0002417
0.00024199
0.00024225
0.00024249
0.00024271
0.00024292
0.0002431
0.00024326
0.0002434
0.00024352
0.00024362
0.0002437
0.00024376
0.0002438
0.00024382
0.00024381
0.00024379
0.00024375
0.00024369
0.0002436
0.0002435
0.00024337
0.00024323
0.00024306
0.00024288
0.00024267
0.00024244
0.0002422
0.00024193
0.00024164
0.00024134
0.00024101
0.00024066
0.0002403
0.00023991
0.00023951
0.00023908
0.00023864
0.00023818
0.00023769
0.00023719
0.00023667
0.00023614
0.00023558
0.000235
0.00023441
0.0002338
0.00023317
0.00023252
0.00023185
0.00023117
0.00023047
0.00022975
0.00022902
0.00022827
0.0002275
0.00022672
0.00022592
0.0002251
0.00022427
0.00022342
0.00022255
0.00022167
0.00022078
0.00021987
0.00021895
0.00021801
0.00021706
0.00021609
0.00021511
0.00021412
0.00021311
0.00021209
0.00021106
0.00021001
0.00020895
0.00020788
0.0002068
0.00020571
0.0002046
0.00020349
0.00020236
0.00020122
0.00020007
0.00019891
0.00019775
0.00019657
0.00019538
0.00019418
0.00019298
0.00019177
0.00019054
0.00018931
0.00018807
0.00018683
0.00018558
0.00018432
0.00018305
0.00018177
0.00018049
0.00017921
0.00017792
0.00017662
0.00017532
0.00017401
0.0001727
0.00017138
0.00017006
0.00016873
0.00016741
0.00016607
0.00016474
0.0001634
0.00016206
0.00016071
0.00015937
0.00015802
0.00015667
0.00015532
0.00015397
0.00015261
0.00015126
0.0001499
0.00014855
0.00014719
0.00014584
0.00014448
0.00014313
0.00014178
0.00014042
0.00013907
0.00013772
0.00013637
0.00013503
0.00013368
0.00013234
0.000131
0.00012967
0.00012833
0.000127
0.00012567
0.00012435
0.00012303
0.00012171
0.0001204
0.00011909
0.00011779
0.00011649
0.00011519
0.0001139
0.00011261
0.00011133
0.00011006
0.00010879
0.00010753
0.00010627
0.00010502
0.00010377
0.00010253
0.0001013
0.00010007
9.8849e-05
9.7635e-05
9.6428e-05
9.5228e-05
9.4035e-05
9.2849e-05
9.1671e-05
9.0499e-05
8.9336e-05
8.8179e-05
8.7031e-05
8.589e-05
8.4757e-05
8.3632e-05
8.2515e-05
8.1406e-05
8.0305e-05
7.9212e-05
7.8128e-05
7.7052e-05
7.5985e-05
7.4926e-05
7.3875e-05
7.2834e-05
7.1801e-05
7.0776e-05
6.976e-05
6.8754e-05
6.7756e-05
6.6767e-05
6.5786e-05
6.4815e-05
6.3853e-05
6.29e-05
6.1955e-05
6.102e-05
6.0094e-05
5.9177e-05
5.8269e-05
5.7371e-05
5.6481e-05
5.56e-05
5.4729e-05
5.3867e-05
5.3014e-05
5.217e-05
5.1335e-05
5.0509e-05
4.9693e-05
4.8885e-05
4.8087e-05
4.7297e-05
4.6517e-05
4.5746e-05
4.4983e-05
4.423e-05
4.3486e-05
4.2751e-05
4.2024e-05
4.1307e-05
4.0598e-05
3.9898e-05
3.9207e-05
3.8525e-05
3.7851e-05
3.7186e-05
3.6529e-05
3.5882e-05
3.5242e-05
3.4612e-05
3.3989e-05
3.3375e-05
3.277e-05
3.2172e-05
3.1583e-05
3.1002e-05
3.0429e-05
2.9865e-05
2.9308e-05
2.8759e-05
2.8219e-05
2.7686e-05
2.716e-05
2.6643e-05
2.6133e-05
2.5631e-05
2.5136e-05
2.4649e-05
2.417e-05
2.3697e-05
2.3232e-05
2.2774e-05
2.2324e-05
2.188e-05
2.1443e-05
2.1014e-05
2.0591e-05
2.0175e-05
1.9766e-05
1.9363e-05
1.8967e-05
1.8578e-05
1.8195e-05
1.7818e-05
1.7448e-05
1.7084e-05
1.6726e-05
1.6375e-05
1.6029e-05
1.569e-05
1.5356e-05
1.5028e-05
1.4706e-05
1.4389e-05
1.4079e-05
1.3774e-05
1.3474e-05
1.3179e-05
1.2891e-05
1.2607e-05
1.2328e-05
1.2055e-05
1.1787e-05
1.1524e-05
1.1265e-05
1.1012e-05
1.0763e-05
1.0519e-05
1.028e-05
1.0045e-05
9.8152e-06
9.5895e-06
9.3683e-06
9.1514e-06
8.9388e-06
8.7303e-06
8.526e-06
8.3258e-06
8.1297e-06
7.9375e-06
7.7491e-06
7.5646e-06
7.3839e-06
7.2069e-06
7.0336e-06
6.8638e-06
6.6976e-06
6.5349e-06
6.3755e-06
6.2196e-06
6.0669e-06
5.9175e-06
5.7713e-06
5.6283e-06
5.4883e-06
5.3513e-06
5.2174e-06
5.0863e-06
4.9582e-06
4.8328e-06
4.7103e-06
4.5904e-06
4.4733e-06
4.3587e-06
4.2468e-06
4.1374e-06
4.0304e-06
3.9259e-06
3.8238e-06
3.724e-06
3.6265e-06
3.5313e-06
3.4383e-06
3.3474e-06
3.2587e-06
3.1721e-06
3.0875e-06
3.0049e-06
2.9243e-06
2.8456e-06
2.7688e-06
2.6939e-06
2.6207e-06
2.5493e-06
2.4797e-06
2.4118e-06
2.3455e-06
2.2808e-06
2.2178e-06
2.1563e-06
2.0963e-06
2.0379e-06
1.9809e-06
1.9253e-06
1.8712e-06
1.8184e-06
1.7669e-06
1.7168e-06
1.6679e-06
1.6203e-06
1.574e-06
1.5288e-06
1.4848e-06
1.4419e-06
1.4002e-06
1.3596e-06
1.32e-06
1.2815e-06
1.244e-06
1.2075e-06
1.1719e-06
1.1373e-06
1.1037e-06
1.0709e-06
1.0391e-06
1.0081e-06
9.779e-07
9.4856e-07
9.2003e-07
8.9228e-07
8.6529e-07
8.3905e-07
8.1354e-07
7.8874e-07
7.6463e-07
7.412e-07
7.1842e-07
6.9629e-07
6.7478e-07
6.5388e-07
6.3357e-07
6.1385e-07
5.9468e-07
5.7607e-07
5.58e-07
5.4044e-07
5.234e-07
5.0685e-07
4.9078e-07
4.7518e-07
4.6004e-07
4.4534e-07
4.3108e-07
4.1724e-07
4.0381e-07
3.9078e-07
3.7814e-07
3.6588e-07
3.5398e-07
3.4244e-07
3.3126e-07
3.2041e-07
3.0989e-07
2.9969e-07
2.898e-07
2.8021e-07
2.7092e-07
2.6192e-07
2.5319e-07
2.4473e-07
2.3654e-07
2.286e-07
2.2091e-07
2.1346e-07
2.0624e-07
1.9925e-07
1.9249e-07
1.8593e-07
1.7959e-07
1.7344e-07
1.675e-07
1.6174e-07
1.5617e-07
1.5078e-07
1.4556e-07
1.4051e-07
1.3562e-07
1.3089e-07
1.2632e-07
1.219e-07
1.1762e-07
1.1348e-07
1.0948e-07
1.0561e-07
1.0187e-07
9.8256e-08
9.476e-08
9.1381e-08
8.8115e-08
8.4959e-08
8.1908e-08
7.8961e-08
7.6114e-08
7.3363e-08
7.0705e-08
6.8138e-08
6.5659e-08
6.3265e-08
6.0953e-08
5.872e-08
5.6565e-08
5.4484e-08
5.2475e-08
5.0536e-08
4.8665e-08
4.6859e-08
4.5116e-08
4.3435e-08
4.1813e-08
4.0247e-08
3.8738e-08
3.7282e-08
3.5877e-08
3.4523e-08
3.3217e-08
3.1957e-08
3.0743e-08
2.9572e-08
2.8444e-08
2.7357e-08
2.6308e-08
2.5298e-08
2.4325e-08
2.3387e-08
2.2484e-08
2.1613e-08
2.0775e-08
1.9967e-08
1.9189e-08
1.844e-08
1.7719e-08
1.7024e-08
1.6355e-08
1.5712e-08
1.5092e-08
1.4496e-08
1.3922e-08
1.3369e-08
1.2838e-08
1.2326e-08
1.1834e-08
1.1361e-08
1.0905e-08
1.0467e-08
1.0046e-08
9.6412e-09
9.2517e-09
8.8772e-09
8.5171e-09
8.171e-09
7.8382e-09
7.5184e-09
7.2111e-09
6.9157e-09
6.6319e-09
6.3591e-09
6.0971e-09
5.8454e-09
5.6037e-09
5.3714e-09
5.1484e-09
4.9342e-09
4.7286e-09
4.5311e-09
4.3415e-09
4.1595e-09
3.9848e-09
3.8171e-09
3.6562e-09
3.5017e-09
3.3535e-09
3.2114e-09
3.0749e-09
2.9441e-09
2.8185e-09
2.6981e-09
2.5826e-09
2.4719e-09
2.3657e-09
2.2639e-09
2.1663e-09
2.0727e-09
1.983e-09
1.897e-09
1.8146e-09
1.7356e-09
1.6599e-09
1.5874e-09
1.518e-09
1.4514e-09
1.3877e-09
1.3266e-09
1.2682e-09
1.2122e-09
1.1585e-09
1.1072e-09
1.058e-09
1.011e-09
9.6594e-10
9.2282e-10
8.8156e-10
8.4207e-10
8.0428e-10
7.6812e-10
7.3353e-10
7.0044e-10
6.6879e-10
6.3851e-10
6.0955e-10
5.8186e-10
5.5537e-10
5.3005e-10
5.0585e-10
4.827e-10
4.6058e-10
4.3944e-10
4.1923e-10
3.9991e-10
3.8146e-10
3.6382e-10
3.4697e-10
3.3088e-10
3.155e-10
3.0082e-10
2.8679e-10
2.734e-10
2.6061e-10
2.4839e-10
2.3673e-10
2.256e-10
2.1497e-10
2.0483e-10
1.9515e-10
1.8591e-10
1.771e-10
1.6868e-10
1.6066e-10
1.53e-10
1.457e-10
1.3873e-10
1.3209e-10
1.2575e-10
1.1971e-10
1.1394e-10
1.0845e-10
1.0321e-10
9.8219e-11
9.346e-11
8.8925e-11
8.4602e-11
8.0482e-11
7.6557e-11
7.2818e-11
6.9255e-11
6.5861e-11
6.2628e-11
5.9548e-11
5.6616e-11
5.3823e-11
5.1164e-11
4.8632e-11
4.6222e-11
4.3927e-11
4.1743e-11
3.9664e-11
3.7686e-11
3.5803e-11
3.4012e-11
3.2307e-11
3.0685e-11
2.9143e-11
2.7675e-11
2.6279e-11
2.4952e-11
2.3689e-11
2.2489e-11
2.1348e-11
2.0263e-11
1.9231e-11
1.825e-11
1.7318e-11
1.6433e-11
1.5591e-11
1.4791e-11
1.4031e-11
1.3309e-11
1.2623e-11
1.1971e-11
1.1352e-11
1.0765e-11
1.0206e-11
9.6762e-12
9.1729e-12
8.695e-12
8.2414e-12
7.8107e-12
7.402e-12
7.014e-12
6.6459e-12
6.2965e-12
5.965e-12
5.6505e-12
5.3521e-12
5.069e-12
4.8006e-12
4.5459e-12
4.3044e-12
4.0754e-12
3.8583e-12
3.6524e-12
3.4572e-12
3.2722e-12
3.0968e-12
2.9306e-12
2.7731e-12
2.6238e-12
2.4823e-12
2.3483e-12
2.2213e-12
2.1011e-12
1.9871e-12
1.8792e-12
1.777e-12
1.6802e-12
1.5886e-12
1.5018e-12
1.4197e-12
1.3419e-12
1.2683e-12
1.1986e-12
1.1327e-12
1.0703e-12
1.0112e-12
9.5534e-13
9.0248e-13
8.5248e-13
8.0517e-13
7.6043e-13
7.1812e-13
6.781e-13
6.4026e-13
6.0448e-13
5.7065e-13
5.3868e-13
5.0845e-13
4.7987e-13
4.5287e-13
4.2735e-13
4.0323e-13
3.8044e-13
3.5891e-13
3.3857e-13
3.1936e-13
3.0121e-13
2.8407e-13
2.6789e-13
2.526e-13
2.3817e-13
2.2454e-13
2.1167e-13
1.9953e-13
1.8806e-13
1.7724e-13
1.6703e-13
1.574e-13
1.483e-13
1.3972e-13
1.3163e-13
1.24e-13
1.1679e-13
1.1e-13
1.0359e-13
9.7552e-14
9.1855e-14
8.6484e-14
8.142e-14
7.6646e-14
7.2146e-14
6.7905e-14
6.3907e-14
6.014e-14
5.659e-14
5.3245e-14
5.0094e-14
4.7125e-14
4.4329e-14
4.1695e-14
3.9214e-14
3.6878e-14
3.4678e-14
3.2607e-14
3.0657e-14
2.8821e-14
2.7092e-14
2.5466e-14
2.3934e-14
2.2494e-14
2.1138e-14
1.9862e-14
1.8661e-14
1.7532e-14
1.647e-14
1.547e-14
1.4531e-14
1.3647e-14
1.2815e-14
1.2034e-14
1.1299e-14
1.0608e-14
9.9588e-15
9.3483e-15
8.7745e-15
8.2353e-15
7.7285e-15
7.2523e-15
6.8049e-15
6.3846e-15
5.9897e-15
5.6188e-15
5.2704e-15
4.9432e-15
4.6359e-15
4.3474e-15
4.0765e-15
3.8221e-15
3.5833e-15
3.3592e-15
3.1488e-15
2.9514e-15
2.766e-15
2.5922e-15
2.429e-15
2.2759e-15
2.1323e-15
1.9976e-15
1.8712e-15
1.7527e-15
1.6416e-15
1.5374e-15
1.4396e-15
1.348e-15
1.2621e-15
1.1816e-15
1.1061e-15
1.0353e-15
9.6904e-16
9.0691e-16
8.4869e-16
7.9414e-16
7.4304e-16
6.9517e-16
6.5032e-16
6.0832e-16
5.6899e-16
5.3215e-16
4.9766e-16
4.6536e-16
4.3512e-16
4.0682e-16
3.8032e-16
3.5552e-16
3.3231e-16
3.1059e-16
2.9026e-16
2.7124e-16
2.5345e-16
2.368e-16
2.2123e-16
2.0667e-16
1.9305e-16
1.8031e-16
1.6839e-16
1.5726e-16
1.4684e-16
1.3711e-16
1.28e-16
1.195e-16
1.1155e-16
1.0412e-16
9.7172e-17
9.0684e-17
8.4622e-17
7.8959e-17
7.3668e-17
6.8726e-17
6.4111e-17
5.98e-17
5.5774e-17
5.2016e-17
4.8506e-17
4.5229e-17
4.2171e-17
3.9315e-17
3.6651e-17
3.4163e-17
3.1842e-17
2.9676e-17
2.7656e-17
2.577e-17
2.4011e-17
2.2371e-17
2.084e-17
1.9413e-17
1.8082e-17
1.6841e-17
1.5684e-17
1.4605e-17
1.3599e-17
1.2661e-17
1.1787e-17
1.0973e-17
1.0213e-17
9.506e-18
8.8469e-18
8.2327e-18
7.6606e-18
7.1276e-18
6.6311e-18
6.1688e-18
5.7381e-18
5.3371e-18
4.9637e-18
4.616e-18
4.2924e-18
3.9911e-18
3.7106e-18
3.4495e-18
3.2066e-18
2.9805e-18
2.7701e-18
2.5744e-18
2.3922e-18
2.2228e-18
2.0652e-18
1.9187e-18
1.7823e-18
1.6555e-18
1.5377e-18
1.428e-18
1.3261e-18
1.2314e-18
1.1433e-18
1.0615e-18
9.8539e-19
9.1468e-19
8.4898e-19
7.8793e-19
7.3121e-19
6.7852e-19
6.2957e-19
5.841e-19
5.4187e-19
5.0266e-19
4.6624e-19
4.3242e-19
4.0103e-19
3.7188e-19
3.4482e-19
3.197e-19
2.9639e-19
2.7475e-19
2.5468e-19
2.3605e-19
2.1876e-19
2.0273e-19
1.8785e-19
1.7405e-19
1.6125e-19
1.4938e-19
1.3837e-19
1.2816e-19
1.187e-19
1.0992e-19
1.0179e-19
9.4247e-20
8.7258e-20
8.078e-20
7.4777e-20
6.9214e-20
6.4059e-20
5.9284e-20
5.486e-20
5.0762e-20
4.6966e-20
4.345e-20
4.0194e-20
3.7179e-20
3.4387e-20
3.1802e-20
2.9409e-20
2.7194e-20
2.5143e-20
2.3246e-20
2.1489e-20
1.9864e-20
1.836e-20
1.6969e-20
1.5681e-20
1.449e-20
1.3389e-20
1.237e-20
1.1428e-20
1.0556e-20
9.7503e-21
9.0053e-21
8.3165e-21
7.6798e-21
7.0912e-21
6.5471e-21
6.0443e-21
5.5797e-21
5.1503e-21
4.7536e-21
4.3871e-21
4.0484e-21
3.7356e-21
3.4467e-21
3.1799e-21
2.9335e-21
2.7059e-21
2.4958e-21
2.3018e-21
2.1227e-21
1.9574e-21
1.8048e-21
1.664e-21
1.534e-21
1.414e-21
1.3034e-21
1.2012e-21
1.107e-21
1.0201e-21
9.3997e-22
8.6604e-22
7.9785e-22
7.3497e-22
6.7699e-22
6.2353e-22
5.7425e-22
5.2881e-22
4.8693e-22
4.4833e-22
4.1275e-22
3.7997e-22
3.4976e-22
3.2192e-22
2.9627e-22
2.7265e-22
2.5089e-22
2.3084e-22
2.1238e-22
1.9538e-22
1.7973e-22
1.6531e-22
1.5204e-22
1.3982e-22
1.2857e-22
1.1822e-22
1.0869e-22
9.9926e-23
9.1858e-23
8.4433e-23
7.7603e-23
7.1318e-23
6.5538e-23
6.022e-23
5.533e-23
5.0832e-23
4.6696e-23
4.2893e-23
3.9397e-23
3.6182e-23
3.3227e-23
3.051e-23
2.8014e-23
2.5719e-23
2.3611e-23
2.1673e-23
1.9893e-23
1.8257e-23
1.6755e-23
1.5375e-23
1.4107e-23
1.2943e-23
1.1874e-23
1.0892e-23
9.9908e-24
9.1632e-24
8.4035e-24
7.7061e-24
7.066e-24
6.4785e-24
5.9393e-24
5.4446e-24
4.9907e-24
4.5742e-24
4.1921e-24
3.8416e-24
3.5201e-24
3.2253e-24
2.9549e-24
2.7069e-24
2.4795e-24
2.2711e-24
2.08e-24
1.9048e-24
1.7442e-24
1.597e-24
1.4622e-24
1.3386e-24
1.2253e-24
1.1215e-24
1.0265e-24
9.3938e-25
8.596e-25
7.8654e-25
7.1962e-25
6.5835e-25
6.0224e-25
5.5086e-25
5.0383e-25
4.6077e-25
4.2136e-25
3.8528e-25
3.5227e-25
3.2205e-25
2.9441e-25
2.6911e-25
2.4596e-25
2.2479e-25
2.0543e-25
1.8771e-25
1.7151e-25
1.5669e-25
1.4315e-25
1.3076e-25
1.1943e-25
1.0908e-25
9.9612e-26
9.0961e-26
8.3054e-26
7.5828e-26
6.9224e-26
6.3191e-26
5.7678e-26
5.2642e-26
4.8042e-26
4.384e-26
4.0002e-26
3.6497e-26
3.3296e-26
3.0373e-26
2.7705e-26
2.5269e-26
2.3045e-26
2.1015e-26
1.9162e-26
1.7471e-26
1.5928e-26
1.452e-26
1.3236e-26
1.2064e-26
1.0995e-26
1.0019e-26
9.1299e-27
8.3187e-27
7.5789e-27
6.9043e-27
6.2892e-27
5.7284e-27
5.2172e-27
4.7512e-27
4.3265e-27
3.9394e-27
3.5866e-27
3.2651e-27
2.9722e-27
2.7054e-27
2.4623e-27
2.2408e-27
2.0391e-27
1.8554e-27
1.6881e-27
1.5358e-27
1.3971e-27
1.2708e-27
1.1558e-27
1.0511e-27
9.5588e-28
8.6918e-28
7.9027e-28
7.1847e-28
6.5313e-28
5.9369e-28
5.3961e-28
4.9041e-28
4.4566e-28
4.0496e-28
3.6795e-28
3.3429e-28
3.0368e-28
2.7586e-28
2.5056e-28
2.2756e-28
2.0666e-28
1.8766e-28
1.7039e-28
1.547e-28
1.4044e-28
1.2748e-28
1.1571e-28
1.0502e-28
9.531e-29
8.6489e-29
7.8477e-29
7.1201e-29
6.4595e-29
5.8596e-29
5.315e-29
4.8206e-29
4.3719e-29
3.9645e-29
3.5948e-29
3.2594e-29
2.9549e-29
2.6787e-29
2.4281e-29
2.2007e-29
1.9945e-29
1.8074e-29
1.6378e-29
1.4839e-29
1.3444e-29
1.2179e-29
1.1032e-29
9.9924e-30
9.0499e-30
8.1955e-30
7.4212e-30
6.7195e-30
6.0836e-30
5.5074e-30
4.9854e-30
4.5124e-30
4.084e-30
3.696e-30
3.3445e-30
3.0262e-30
2.7379e-30
2.4769e-30
2.2406e-30
2.0267e-30
1.833e-30
1.6577e-30
1.4991e-30
1.3555e-30
1.2255e-30
1.1079e-30
1.0016e-30
9.0532e-31
8.1825e-31
7.3949e-31
6.6826e-31
6.0384e-31
5.4558e-31
4.929e-31
4.4527e-31
4.022e-31
3.6328e-31
3.2809e-31
2.9628e-31
2.6754e-31
2.4156e-31
2.1809e-31
1.9688e-31
1.7772e-31
1.6041e-31
1.4477e-31
1.3065e-31
1.1789e-31
1.0637e-31
9.597e-32
8.6578e-32
7.8098e-32
7.0443e-32
6.3533e-32
5.7296e-32
5.1666e-32
4.6586e-32
4.2002e-32
3.7866e-32
3.4134e-32
3.0767e-32
2.773e-32
2.4991e-32
2.252e-32
2.0292e-32
1.8283e-32
1.6471e-32
1.4837e-32
1.3365e-32
1.2037e-32
1.0841e-32
9.7624e-33
8.7905e-33
7.9147e-33
7.1255e-33
6.4145e-33
5.7739e-33
5.1969e-33
4.6771e-33
4.2089e-33
3.7873e-33
3.4077e-33
3.0658e-33
2.758e-33
2.4809e-33
2.2314e-33
2.0069e-33
1.8047e-33
1.6229e-33
1.4592e-33
1.3119e-33
1.1794e-33
1.0601e-33
9.5289e-34
8.5641e-34
7.6964e-34
6.916e-34
6.2142e-34
5.5831e-34
5.0157e-34
4.5056e-34
4.047e-34
3.6348e-34
3.2642e-34
2.9312e-34
2.632e-34
2.3631e-34
2.1215e-34
1.9044e-34
1.7094e-34
1.5342e-34
1.3769e-34
1.2356e-34
1.1087e-34
9.9474e-35
8.9242e-35
8.0056e-35
7.1809e-35
6.4407e-35
5.7762e-35
5.1799e-35
4.6447e-35
4.1645e-35
3.7336e-35
3.347e-35
3.0001e-35
2.689e-35
2.41e-35
2.1597e-35
1.9352e-35
1.7339e-35
1.5535e-35
1.3916e-35
1.2466e-35
1.1165e-35
9.9999e-36
8.9552e-36
8.019e-36
7.18e-36
6.4283e-36
5.7547e-36
5.1513e-36
4.6108e-36
4.1267e-36
3.693e-36
3.3047e-36
2.9569e-36
2.6455e-36
2.3667e-36
2.1171e-36
1.8936e-36
1.6936e-36
1.5146e-36
1.3544e-36
1.2111e-36
1.0828e-36
9.68e-37
8.6532e-37
7.7346e-37
6.913e-37
6.178e-37
5.5208e-37
4.933e-37
4.4075e-37
3.9376e-37
3.5175e-37
3.1419e-37
2.8062e-37
2.5062e-37
2.238e-37
1.9984e-37
1.7843e-37
1.5929e-37
1.422e-37
1.2693e-37
1.1329e-37
1.0111e-37
9.0228e-38
8.0511e-38
7.1835e-38
6.4088e-38
5.7172e-38
5.0998e-38
4.5487e-38
4.0567e-38
3.6177e-38
3.2259e-38
2.8763e-38
2.5643e-38
2.286e-38
2.0378e-38
1.8163e-38
1.6187e-38
1.4426e-38
1.2855e-38
1.1454e-38
1.0204e-38
9.0906e-39
8.0977e-39
7.2127e-39
6.4238e-39
5.7208e-39
5.0942e-39
4.5359e-39
4.0384e-39
3.5951e-39
3.2003e-39
2.8485e-39
2.5353e-39
2.2562e-39
2.0077e-39
1.7864e-39
1.5894e-39
1.414e-39
1.2578e-39
1.1188e-39
9.9508e-40
8.8495e-40
7.8694e-40
6.9973e-40
6.2213e-40
5.5308e-40
4.9166e-40
4.3702e-40
3.8842e-40
3.452e-40
3.0676e-40
2.7257e-40
2.4218e-40
2.1515e-40
1.9113e-40
1.6977e-40
1.5079e-40
1.3391e-40
1.1892e-40
1.0559e-40
9.3754e-41
8.3234e-41
7.3889e-41
6.5587e-41
5.8213e-41
5.1664e-41
4.5847e-41
4.0682e-41
3.6096e-41
3.2023e-41
2.8408e-41
2.5199e-41
2.2351e-41
1.9822e-41
1.7578e-41
1.5587e-41
1.3821e-41
1.2253e-41
1.0862e-41
9.6285e-42
8.5342e-42
7.5636e-42
6.7028e-42
5.9395e-42
5.2626e-42
4.6625e-42
4.1304e-42
3.6588e-42
3.2407e-42
2.8702e-42
2.5418e-42
2.2507e-42
1.9929e-42
1.7644e-42
1.562e-42
1.3827e-42
1.2238e-42
1.0831e-42
9.5856e-43
8.4822e-43
7.5052e-43
6.6402e-43
5.8743e-43
5.1964e-43
4.5963e-43
4.0651e-43
3.595e-43
3.179e-43
2.8109e-43
2.4852e-43
2.1971e-43
1.9422e-43
1.7167e-43
1.5173e-43
1.3409e-43
1.1849e-43
1.047e-43
9.2502e-44
8.172e-44
7.2189e-44
6.3764e-44
5.6318e-44
4.9736e-44
4.392e-44
3.8781e-44
3.424e-44
3.0228e-44
2.6684e-44
2.3554e-44
2.0789e-44
1.8347e-44
1.619e-44
1.4286e-44
1.2604e-44
1.112e-44
9.8094e-45
8.6526e-45
7.6316e-45
6.7304e-45
5.9352e-45
5.2335e-45
4.6143e-45
4.068e-45
3.5861e-45
3.161e-45
2.7861e-45
2.4554e-45
2.1638e-45
1.9066e-45
1.6799e-45
1.48e-45
1.3038e-45
1.1484e-45
1.0115e-45
8.9085e-46
7.845e-46
6.9079e-46
6.0822e-46
5.3548e-46
4.7139e-46
4.1494e-46
3.6522e-46
3.2142e-46
2.8286e-46
2.489e-46
2.19e-46
1.9267e-46
1.6949e-46
1.4909e-46
1.3114e-46
1.1533e-46
1.0142e-46
8.9185e-47
7.8416e-47
6.8942e-47
6.0607e-47
5.3275e-47
4.6826e-47
4.1154e-47
3.6166e-47
3.178e-47
2.7923e-47
2.4532e-47
2.1552e-47
1.8931e-47
1.6628e-47
1.4604e-47
1.2825e-47
1.1262e-47
9.8883e-48
8.6815e-48
7.6214e-48
6.6901e-48
5.8721e-48
5.1537e-48
4.5228e-48
3.9688e-48
3.4823e-48
3.0552e-48
2.6803e-48
2.3511e-48
2.0622e-48
1.8087e-48
1.5862e-48
1.3909e-48
1.2196e-48
1.0692e-48
9.3737e-49
8.2169e-49
7.2023e-49
6.3124e-49
5.5319e-49
4.8476e-49
4.2475e-49
3.7214e-49
3.2601e-49
2.8558e-49
2.5015e-49
2.1909e-49
1.9187e-49
1.6801e-49
1.4711e-49
1.288e-49
1.1276e-49
9.8707e-50
8.6398e-50
7.5618e-50
6.6177e-50
5.791e-50
5.0671e-50
4.4333e-50
3.8784e-50
3.3927e-50
2.9676e-50
2.5955e-50
2.2699e-50
1.9849e-50
1.7356e-50
1.5175e-50
1.3266e-50
1.1597e-50
1.0137e-50
8.8595e-51
7.7426e-51
6.766e-51
5.912e-51
5.1653e-51
4.5126e-51
3.942e-51
3.4433e-51
3.0073e-51
2.6264e-51
2.2935e-51
2.0026e-51
1.7485e-51
1.5265e-51
1.3325e-51
1.1631e-51
1.0152e-51
8.8597e-52
7.7313e-52
6.7461e-52
5.886e-52
5.135e-52
4.4795e-52
3.9073e-52
3.4079e-52
2.9721e-52
2.5918e-52
2.2599e-52
1.9704e-52
1.7178e-52
1.4975e-52
1.3053e-52
1.1377e-52
9.9149e-53
8.6401e-53
7.5286e-53
6.5596e-53
5.7147e-53
4.9783e-53
4.3363e-53
3.7768e-53
3.2893e-53
2.8644e-53
2.4941e-53
2.1716e-53
1.8906e-53
1.6458e-53
1.4326e-53
1.2469e-53
1.0852e-53
9.4432e-54
8.217e-54
7.1493e-54
6.2199e-54
5.4108e-54
4.7065e-54
4.0936e-54
3.5601e-54
3.0959e-54
2.692e-54
2.3406e-54
2.0349e-54
1.769e-54
1.5377e-54
1.3365e-54
1.1615e-54
1.0094e-54
8.7707e-55
7.6205e-55
6.6205e-55
5.7513e-55
4.9958e-55
4.3391e-55
3.7684e-55
3.2725e-55
2.8416e-55
2.4672e-55
2.142e-55
1.8595e-55
1.6141e-55
1.4009e-55
1.2158e-55
1.0551e-55
9.1554e-56
7.9437e-56
6.8917e-56
5.9785e-56
5.1859e-56
4.498e-56
3.901e-56
3.3829e-56
2.9334e-56
2.5434e-56
2.205e-56
1.9115e-56
1.6569e-56
1.4361e-56
1.2446e-56
1.0786e-56
9.3462e-57
8.0979e-57
7.0158e-57
6.0777e-57
5.2646e-57
4.5598e-57
3.9491e-57
3.4199e-57
2.9613e-57
2.564e-57
2.2198e-57
1.9217e-57
1.6634e-57
1.4397e-57
1.246e-57
1.0783e-57
9.3305e-58
8.073e-58
6.9844e-58
6.0421e-58
5.2265e-58
4.5205e-58
3.9096e-58
3.3809e-58
2.9235e-58
2.5277e-58
2.1854e-58
1.8892e-58
1.633e-58
1.4115e-58
1.2199e-58
1.0542e-58
9.1092e-59
7.8705e-59
6.7998e-59
5.8741e-59
5.0741e-59
4.3826e-59
3.785e-59
3.2686e-59
2.8225e-59
2.437e-59
2.104e-59
1.8163e-59
1.5678e-59
1.3532e-59
1.1679e-59
1.0078e-59
8.6966e-60
7.5036e-60
6.4737e-60
5.5847e-60
4.8173e-60
4.155e-60
3.5834e-60
3.0902e-60
2.6647e-60
2.2975e-60
1.9808e-60
1.7076e-60
1.4719e-60
1.2687e-60
1.0934e-60
9.4225e-61
8.1193e-61
6.9957e-61
6.0271e-61
5.1921e-61
4.4724e-61
3.8521e-61
3.3176e-61
2.857e-61
2.4601e-61
2.1182e-61
1.8236e-61
1.5699e-61
1.3514e-61
1.1631e-61
1.001e-61
8.6145e-62
7.4126e-62
6.3779e-62
5.4871e-62
4.7204e-62
4.0604e-62
3.4924e-62
3.0036e-62
2.5829e-62
2.221e-62
1.9097e-62
1.6418e-62
1.4114e-62
1.2132e-62
1.0428e-62
8.9619e-63
7.7015e-63
6.6177e-63
5.686e-63
4.885e-63
4.1965e-63
3.6048e-63
3.0961e-63
2.6591e-63
2.2835e-63
1.9608e-63
1.6836e-63
1.4454e-63
1.2408e-63
1.0651e-63
9.1417e-64
7.8457e-64
6.7328e-64
5.7773e-64
4.957e-64
4.2527e-64
3.6482e-64
3.1294e-64
2.6841e-64
2.302e-64
1.9741e-64
1.6927e-64
1.4514e-64
1.2443e-64
1.0667e-64
9.1433e-65
7.8368e-65
6.7164e-65
5.7557e-65
4.9319e-65
4.2257e-65
3.6203e-65
3.1013e-65
2.6565e-65
2.2753e-65
1.9487e-65
1.6688e-65
1.4289e-65
1.2235e-65
1.0474e-65
8.9667e-66
7.6753e-66
6.5694e-66
5.6223e-66
4.8113e-66
4.1169e-66
3.5225e-66
3.0136e-66
2.578e-66
2.2052e-66
1.8861e-66
1.6131e-66
1.3794e-66
1.1795e-66
1.0085e-66
8.6219e-67
7.3705e-67
6.3002e-67
5.3848e-67
4.602e-67
3.9327e-67
3.3604e-67
2.8712e-67
2.4529e-67
2.0955e-67
1.7899e-67
1.5288e-67
1.3056e-67
1.1149e-67
9.5204e-68
8.1286e-68
6.9397e-68
5.9241e-68
5.0567e-68
4.316e-68
3.6834e-68
3.1433e-68
2.6821e-68
2.2884e-68
1.9523e-68
1.6655e-68
1.4206e-68
1.2117e-68
1.0333e-68
8.812e-69
7.5138e-69
6.4064e-69
5.4617e-69
4.6559e-69
3.9686e-69
3.3825e-69
2.8827e-69
2.4566e-69
2.0932e-69
1.7834e-69
1.5194e-69
1.2943e-69
1.1025e-69
9.39e-70
7.9969e-70
6.8099e-70
5.7986e-70
4.937e-70
4.2031e-70
3.578e-70
3.0455e-70
2.5921e-70
2.206e-70
1.8772e-70
1.5973e-70
1.359e-70
1.1562e-70
9.8355e-71
8.366e-71
7.1155e-71
6.0513e-71
5.1459e-71
4.3755e-71
3.7202e-71
3.1627e-71
2.6885e-71
2.2853e-71
1.9423e-71
1.6507e-71
1.4027e-71
1.1919e-71
1.0126e-71
8.6029e-72
7.308e-72
6.2074e-72
5.2721e-72
4.4774e-72
3.8021e-72
3.2284e-72
2.741e-72
2.327e-72
1.9753e-72
1.6767e-72
1.423e-72
1.2077e-72
1.0248e-72
8.6956e-73
7.3776e-73
6.2589e-73
5.3093e-73
4.5034e-73
3.8195e-73
3.2392e-73
2.7468e-73
2.329e-73
1.9746e-73
1.674e-73
1.4191e-73
1.2028e-73
1.0194e-73
8.6393e-74
7.3209e-74
6.2031e-74
5.2555e-74
4.4523e-74
3.7715e-74
3.1945e-74
2.7056e-74
2.2913e-74
1.9403e-74
1.6429e-74
1.3909e-74
1.1775e-74
9.9676e-75
8.4368e-75
7.1405e-75
6.0428e-75
5.1134e-75
4.3266e-75
3.6605e-75
3.0967e-75
2.6195e-75
2.2157e-75
1.8739e-75
1.5847e-75
1.3401e-75
1.1331e-75
9.5796e-76
8.0984e-76
6.8457e-76
5.7862e-76
4.8902e-76
4.1327e-76
3.4922e-76
2.9506e-76
2.4929e-76
2.106e-76
1.7789e-76
1.5026e-76
1.269e-76
1.0717e-76
9.0494e-77
7.6408e-77
6.4509e-77
5.4458e-77
4.5969e-77
3.88e-77
3.2746e-77
2.7634e-77
2.3318e-77
1.9675e-77
1.6599e-77
1.4003e-77
1.1812e-77
9.9628e-78
8.4024e-78
7.0858e-78
5.9749e-78
5.0378e-78
4.2473e-78
3.5805e-78
3.0181e-78
2.5438e-78
2.1439e-78
1.8067e-78
1.5224e-78
1.2827e-78
1.0807e-78
9.1036e-79
7.6683e-79
6.4588e-79
5.4395e-79
4.5807e-79
3.8571e-79
3.2476e-79
2.7341e-79
2.3017e-79
1.9374e-79
1.6307e-79
1.3724e-79
1.1549e-79
9.7177e-80
8.1762e-80
6.8787e-80
5.7865e-80
4.8674e-80
4.0938e-80
3.4429e-80
2.8953e-80
2.4345e-80
2.0469e-80
1.7209e-80
1.4466e-80
1.216e-80
1.022e-80
8.5891e-81
7.2177e-81
6.0648e-81
5.0956e-81
4.2809e-81
3.5961e-81
3.0206e-81
2.537e-81
2.1307e-81
1.7892e-81
1.5024e-81
1.2614e-81
1.059e-81
8.8894e-82
7.4616e-82
6.2625e-82
5.2557e-82
4.4104e-82
3.7007e-82
3.1049e-82
2.6048e-82
2.1851e-82
1.8328e-82
1.5372e-82
1.2891e-82
1.081e-82
9.0643e-83
7.5997e-83
6.3712e-83
5.3407e-83
4.4766e-83
3.7519e-83
3.1443e-83
2.6348e-83
2.2077e-83
1.8497e-83
1.5496e-83
1.298e-83
1.0873e-83
9.1061e-84
7.6259e-84
6.3858e-84
5.3469e-84
4.4766e-84
3.7477e-84
3.1371e-84
2.6258e-84
2.1976e-84
1.8391e-84
1.539e-84
1.2877e-84
1.0773e-84
9.0127e-85
7.5391e-85
6.3059e-85
5.2739e-85
4.4105e-85
3.688e-85
3.0837e-85
2.5781e-85
2.1553e-85
1.8016e-85
1.5058e-85
1.2585e-85
1.0517e-85
8.7884e-86
7.343e-86
6.1348e-86
5.125e-86
4.281e-86
3.5757e-86
2.9863e-86
2.4939e-86
2.0824e-86
1.7387e-86
1.4516e-86
1.2118e-86
1.0115e-86
8.4428e-87
7.0462e-87
5.8801e-87
4.9066e-87
4.0938e-87
3.4154e-87
2.8492e-87
2.3766e-87
1.9823e-87
1.6532e-87
1.3786e-87
1.1496e-87
9.5848e-88
7.9908e-88
6.6613e-88
5.5525e-88
4.6279e-88
3.8569e-88
3.2141e-88
2.6782e-88
2.2314e-88
1.859e-88
1.5486e-88
1.2899e-88
1.0744e-88
8.9476e-89
7.451e-89
6.2042e-89
5.1656e-89
4.3005e-89
3.5799e-89
2.9798e-89
2.4801e-89
2.064e-89
1.7176e-89
1.4292e-89
1.1891e-89
9.8923e-90
8.229e-90
6.8448e-90
5.6929e-90
4.7344e-90
3.937e-90
3.2736e-90
2.7217e-90
2.2627e-90
1.8809e-90
1.5634e-90
1.2994e-90
1.0799e-90
8.9734e-91
7.4561e-91
6.1947e-91
5.1463e-91
4.275e-91
3.5508e-91
2.9491e-91
2.4491e-91
2.0337e-91
1.6887e-91
1.402e-91
1.1639e-91
9.6615e-92
8.0193e-92
6.6556e-92
5.5233e-92
4.5833e-92
3.8029e-92
3.1551e-92
2.6174e-92
2.1712e-92
1.8009e-92
1.4936e-92
1.2386e-92
1.0271e-92
8.516e-93
7.0604e-93
5.853e-93
4.8517e-93
4.0214e-93
3.3328e-93
2.7619e-93
2.2886e-93
1.8963e-93
1.571e-93
1.3015e-93
1.078e-93
8.9291e-94
7.395e-94
6.1239e-94
5.0709e-94
4.1986e-94
3.476e-94
2.8775e-94
2.3819e-94
1.9714e-94
1.6316e-94
1.3502e-94
1.1172e-94
9.2438e-95
7.6475e-95
6.3263e-95
5.2329e-95
4.3281e-95
3.5795e-95
2.96e-95
2.4476e-95
2.0237e-95
1.673e-95
1.383e-95
1.1432e-95
9.4485e-96
7.8086e-96
6.4527e-96
5.3318e-96
4.4052e-96
3.6394e-96
3.0064e-96
2.4833e-96
2.051e-96
1.6938e-96
1.3987e-96
1.1549e-96
9.5355e-97
7.8721e-97
6.4983e-97
5.3638e-97
4.427e-97
3.6534e-97
3.0148e-97
2.4876e-97
2.0524e-97
1.6932e-97
1.3967e-97
1.152e-97
9.5014e-98
7.8357e-98
6.4614e-98
5.3277e-98
4.3925e-98
3.6211e-98
2.985e-98
2.4603e-98
2.0277e-98
1.6711e-98
1.377e-98
1.1346e-98
9.3476e-99
7.7006e-99
6.3433e-99
5.2247e-99
4.303e-99
3.5436e-99
2.918e-99
2.4026e-99
1.978e-99
1.6284e-99
1.3404e-99
1.1032e-99
9.0798e-100
7.4721e-100
6.1485e-100
5.0589e-100
4.162e-100
3.4239e-100
2.8164e-100
2.3164e-100
1.9051e-100
1.5667e-100
1.2882e-100
1.0592e-100
8.7079e-101
7.1584e-101
5.8841e-101
4.8362e-101
3.9746e-101
3.2662e-101
2.6838e-101
2.2051e-101
1.8116e-101
1.4882e-101
1.2224e-101
1.004e-101
8.2454e-102
6.771e-102
5.5598e-102
4.5648e-102
3.7476e-102
3.0763e-102
2.5251e-102
2.0725e-102
1.7009e-102
1.3957e-102
1.1452e-102
9.3962e-103
7.7085e-103
6.3234e-103
5.1867e-103
4.254e-103
3.4887e-103
2.8608e-103
2.3457e-103
1.9232e-103
1.5766e-103
1.2924e-103
1.0593e-103
8.6822e-104
7.1152e-104
5.8305e-104
4.7773e-104
3.914e-104
3.2065e-104
2.6266e-104
2.1514e-104
1.762e-104
1.4429e-104
1.1816e-104
9.6746e-105
7.9207e-105
6.4842e-105
5.3078e-105
4.3444e-105
3.5556e-105
2.9097e-105
2.381e-105
1.9481e-105
1.5938e-105
1.3038e-105
1.0665e-105
8.7233e-106
7.1343e-106
5.8343e-106
4.7707e-106
3.9006e-106
3.189e-106
2.6069e-106
2.1309e-106
1.7417e-106
1.4234e-106
1.1632e-106
9.5047e-107
7.7658e-107
6.3445e-107
5.1828e-107
4.2335e-107
3.4577e-107
2.8239e-107
2.306e-107
1.8829e-107
1.5374e-107
1.2551e-107
1.0246e-107
8.363e-108
6.8257e-108
5.5705e-108
4.5457e-108
3.7091e-108
3.0262e-108
2.4688e-108
2.0139e-108
1.6427e-108
1.3398e-108
1.0926e-108
8.9099e-109
7.2649e-109
5.9232e-109
4.8288e-109
3.9362e-109
3.2084e-109
2.6149e-109
2.131e-109
1.7365e-109
1.4149e-109
1.1528e-109
9.3911e-110
7.6499e-110
6.2309e-110
5.0747e-110
4.1327e-110
3.3652e-110
2.7401e-110
2.2308e-110
1.8161e-110
1.4783e-110
1.2032e-110
9.7926e-111
7.9691e-111
6.4846e-111
5.2762e-111
4.2926e-111
3.492e-111
2.8405e-111
2.3103e-111
1.879e-111
1.528e-111
1.2425e-111
1.0102e-111
8.213e-112
6.6766e-112
5.4271e-112
4.411e-112
3.5849e-112
2.9132e-112
2.3671e-112
1.9233e-112
1.5625e-112
1.2693e-112
1.031e-112
8.3739e-113
6.8007e-113
5.5226e-113
4.4842e-113
3.6408e-113
2.9558e-113
2.3994e-113
1.9476e-113
1.5807e-113
1.2828e-113
1.041e-113
8.4467e-114
6.8531e-114
5.5597e-114
4.51e-114
3.6581e-114
2.9669e-114
2.4061e-114
1.9511e-114
1.582e-114
1.2826e-114
1.0398e-114
8.4289e-115
6.832e-115
5.5372e-115
4.4873e-115
3.6362e-115
2.9462e-115
2.387e-115
1.9337e-115
1.5664e-115
1.2687e-115
1.0275e-115
8.3213e-116
6.7382e-116
5.4558e-116
4.417e-116
3.5757e-116
2.8944e-116
2.3427e-116
1.896e-116
1.5343e-116
1.2416e-116
1.0045e-116
8.1271e-117
6.5745e-117
5.318e-117
4.3013e-117
3.4787e-117
2.8131e-117
2.2747e-117
1.8391e-117
1.4869e-117
1.202e-117
9.7156e-118
7.8526e-118
6.3462e-118
5.1283e-118
4.1438e-118
3.348e-118
2.7048e-118
2.185e-118
1.7649e-118
1.4254e-118
1.1512e-118
9.296e-119
7.506e-119
6.0602e-119
4.8925e-119
3.9494e-119
3.1878e-119
2.5728e-119
2.0763e-119
1.6755e-119
1.3519e-119
1.0907e-119
8.7993e-120
7.098e-120
5.7252e-120
4.6175e-120
3.7237e-120
3.0027e-120
2.4211e-120
1.952e-120
1.5736e-120
1.2685e-120
1.0224e-120
8.2399e-121
6.6403e-121
5.3508e-121
4.3113e-121
3.4734e-121
2.7981e-121
2.2539e-121
1.8154e-121
1.4621e-121
1.1774e-121
9.4807e-122
7.6335e-122
6.1456e-122
4.9473e-122
3.9822e-122
3.2052e-122
2.5795e-122
2.0758e-122
1.6703e-122
1.3439e-122
1.0812e-122
8.6974e-123
6.9959e-123
5.6268e-123
4.5252e-123
3.6389e-123
2.926e-123
2.3525e-123
1.8913e-123
1.5203e-123
1.222e-123
9.8218e-124
7.8933e-124
6.3429e-124
5.0966e-124
4.0948e-124
3.2896e-124
2.6425e-124
2.1225e-124
1.7047e-124
1.369e-124
1.0993e-124
8.8268e-125
7.0867e-125
5.6892e-125
4.5668e-125
3.6656e-125
2.9419e-125
2.3609e-125
1.8945e-125
1.52e-125
1.2195e-125
9.7833e-126
7.8476e-126
6.2944e-126
5.0482e-126
4.0483e-126
3.2462e-126
2.6028e-126
2.0867e-126
1.6728e-126
1.3409e-126
1.0747e-126
8.6132e-127
6.9023e-127
5.5307e-127
4.4313e-127
3.5502e-127
2.844e-127
2.278e-127
1.8246e-127
1.4612e-127
1.1701e-127
9.3695e-128
7.5017e-128
6.0057e-128
4.8076e-128
3.8482e-128
3.0799e-128
2.4648e-128
1.9724e-128
1.5782e-128
1.2627e-128
1.0102e-128
8.0808e-129
6.4635e-129
5.1695e-129
4.1342e-129
3.3059e-129
2.6433e-129
2.1134e-129
1.6895e-129
1.3505e-129
1.0795e-129
8.6274e-130
6.8946e-130
5.5093e-130
4.402e-130
3.5169e-130
2.8096e-130
2.2443e-130
1.7926e-130
1.4316e-130
1.1433e-130
9.1292e-131
7.2891e-131
5.8194e-131
4.6456e-131
3.7082e-131
2.9597e-131
2.3621e-131
1.885e-131
1.5041e-131
1.2001e-131
9.5744e-132
7.6377e-132
6.0923e-132
4.8591e-132
3.8752e-132
3.0903e-132
2.4641e-132
1.9646e-132
1.5663e-132
1.2486e-132
9.9521e-133
7.932e-133
6.3214e-133
5.0373e-133
4.0138e-133
3.1979e-133
2.5476e-133
2.0294e-133
1.6165e-133
1.2874e-133
1.0253e-133
8.1644e-134
6.5008e-134
5.1757e-134
4.1203e-134
3.2799e-134
2.6106e-134
2.0777e-134
1.6535e-134
1.3157e-134
1.0469e-134
8.329e-135
6.6259e-135
5.2706e-135
4.1922e-135
3.3341e-135
2.6514e-135
2.1083e-135
1.6763e-135
1.3327e-135
1.0594e-135
8.4214e-136
6.6935e-136
5.3196e-136
4.2273e-136
3.359e-136
2.6689e-136
2.1203e-136
1.6844e-136
1.3379e-136
1.0626e-136
8.4392e-137
6.7016e-137
5.3213e-137
4.2249e-137
3.3541e-137
2.6626e-137
2.1134e-137
1.6774e-137
1.3312e-137
1.0563e-137
8.3818e-138
6.6501e-138
5.2757e-138
4.185e-138
3.3194e-138
2.6327e-138
2.0878e-138
1.6556e-138
1.3127e-138
1.0408e-138
8.2508e-139
6.5403e-139
5.184e-139
4.1085e-139
3.2559e-139
2.58e-139
2.0442e-139
1.6196e-139
1.283e-139
1.0163e-139
8.0496e-140
6.3751e-140
5.0485e-140
3.9976e-140
3.1652e-140
2.5059e-140
1.9837e-140
1.5702e-140
1.2428e-140
9.8358e-141
7.7835e-141
6.1588e-141
4.8729e-141
3.8551e-141
3.0496e-141
2.4122e-141
1.9079e-141
1.5088e-141
1.1932e-141
9.4344e-142
7.4592e-142
5.897e-142
4.6615e-142
3.6846e-142
2.9121e-142
2.3014e-142
1.8186e-142
1.437e-142
1.1353e-142
8.9689e-143
7.0848e-143
5.596e-143
4.4197e-143
3.4903e-143
2.7561e-143
2.1762e-143
1.7181e-143
1.3563e-143
1.0706e-143
8.4505e-144
6.6693e-144
5.2631e-144
4.153e-144
3.2768e-144
2.5852e-144
2.0394e-144
1.6087e-144
1.2688e-144
1.0007e-144
7.8911e-145
6.2223e-145
4.906e-145
3.8678e-145
3.049e-145
2.4033e-145
1.8942e-145
1.4928e-145
1.1764e-145
9.2694e-146
7.3032e-146
5.7536e-146
4.5323e-146
3.57e-146
2.8118e-146
2.2143e-146
1.7437e-146
1.373e-146
1.081e-146
8.51e-147
6.6989e-147
5.2728e-147
4.1499e-147
3.2658e-147
2.5699e-147
2.0221e-147
1.5909e-147
1.2515e-147
9.8446e-148
7.7433e-148
6.0899e-148
4.7891e-148
3.7659e-148
2.961e-148
2.3279e-148
1.83e-148
1.4385e-148
1.1306e-148
8.8858e-149
6.9828e-149
5.4869e-149
4.3111e-149
3.3869e-149
2.6606e-149
2.0899e-149
1.6415e-149
1.2891e-149
1.0123e-149
7.9489e-150
6.241e-150
4.8996e-150
3.8462e-150
3.019e-150
2.3695e-150
1.8595e-150
1.4592e-150
1.145e-150
8.9831e-151
7.0473e-151
5.5282e-151
4.3361e-151
3.4008e-151
2.667e-151
2.0914e-151
1.6398e-151
1.2856e-151
1.0079e-151
7.9004e-152
6.1924e-152
4.8532e-152
3.8033e-152
2.9802e-152
2.3351e-152
1.8294e-152
1.4331e-152
1.1226e-152
8.7927e-153
6.8863e-153
5.3926e-153
4.2226e-153
3.3062e-153
2.5884e-153
2.0262e-153
1.586e-153
1.2414e-153
9.7151e-154
7.6025e-154
5.9487e-154
4.6543e-154
3.6412e-154
2.8484e-154
2.228e-154
1.7426e-154
1.3628e-154
1.0657e-154
8.3326e-155
6.5147e-155
5.093e-155
3.9812e-155
3.1119e-155
2.4321e-155
1.9007e-155
1.4852e-155
1.1605e-155
9.0667e-156
7.083e-156
5.5328e-156
4.3215e-156
3.3751e-156
2.6357e-156
2.0581e-156
1.607e-156
1.2546e-156
9.7941e-157
7.6451e-157
5.9671e-157
4.657e-157
3.6342e-157
2.8358e-157
2.2125e-157
1.7261e-157
1.3466e-157
1.0503e-157
8.1921e-158
6.3889e-158
4.9822e-158
3.8848e-158
3.0289e-158
2.3613e-158
1.8407e-158
1.4348e-158
1.1183e-158
8.7148e-159
6.791e-159
5.2915e-159
4.1227e-159
3.2117e-159
2.5019e-159
1.9487e-159
1.5177e-159
1.1819e-159
9.2037e-160
7.1662e-160
5.5793e-160
4.3434e-160
3.381e-160
2.6316e-160
2.0481e-160
1.5938e-160
1.2402e-160
9.6497e-161
7.5074e-161
5.8402e-161
4.5429e-161
3.5334e-161
2.748e-161
2.137e-161
1.6616e-161
1.2919e-161
1.0044e-161
7.8079e-162
6.0691e-162
4.7171e-162
3.6659e-162
2.8487e-162
2.2135e-162
1.7198e-162
1.3361e-162
1.0379e-162
8.0617e-163
6.2613e-163
4.8625e-163
3.7759e-163
2.9318e-163
2.2763e-163
1.7671e-163
1.3717e-163
1.0647e-163
8.2634e-164
6.4127e-164
4.9761e-164
3.861e-164
2.9955e-164
2.3238e-164
1.8026e-164
1.3981e-164
1.0843e-164
8.4087e-165
6.5203e-165
5.0555e-165
3.9194e-165
3.0384e-165
2.3552e-165
1.8254e-165
1.4147e-165
1.0963e-165
8.4947e-166
6.5816e-166
5.0989e-166
3.9499e-166
3.0595e-166
2.3696e-166
1.8351e-166
1.4211e-166
1.1004e-166
8.5193e-167
6.5954e-167
5.1054e-167
3.9518e-167
3.0585e-167
2.3669e-167
1.8316e-167
1.4172e-167
1.0964e-167
8.4821e-168
6.5613e-168
5.0749e-168
3.925e-168
3.0353e-168
2.3471e-168
1.8147e-168
1.403e-168
1.0846e-168
8.3839e-169
6.48e-169
5.008e-169
3.8701e-169
2.9904e-169
2.3105e-169
1.785e-169
1.3789e-169
1.0651e-169
8.2267e-170
6.3534e-170
4.9062e-170
3.7883e-170
2.9249e-170
2.2581e-170
1.7431e-170
1.3454e-170
1.0384e-170
8.0139e-171
6.184e-171
4.7716e-171
3.6814e-171
2.84e-171
2.1908e-171
1.6898e-171
1.3032e-171
1.005e-171
7.75e-172
5.9755e-172
4.607e-172
3.5515e-172
2.7376e-172
2.1101e-172
1.6262e-172
1.2532e-172
9.6567e-173
7.4404e-173
5.7322e-173
4.4158e-173
3.4014e-173
2.6198e-173
2.0176e-173
1.5537e-173
1.1964e-173
9.2111e-174
7.0913e-174
5.4589e-174
4.2018e-174
3.234e-174
2.4888e-174
1.9152e-174
1.4736e-174
1.1338e-174
8.7224e-175
6.7096e-175
5.1608e-175
3.9692e-175
3.0525e-175
2.3472e-175
1.8048e-175
1.3876e-175
1.0667e-175
8.1996e-176
6.3024e-176
4.8437e-176
3.7223e-176
2.8602e-176
2.1976e-176
1.6884e-176
1.297e-176
9.9629e-177
7.6522e-177
5.8769e-177
4.513e-177
3.4654e-177
2.6607e-177
2.0426e-177
1.568e-177
1.2036e-177
9.2378e-178
7.0895e-178
5.4403e-178
4.1744e-178
3.2027e-178
2.457e-178
1.8848e-178
1.4457e-178
1.1088e-178
8.5032e-179
6.5205e-179
4.9996e-179
3.8331e-179
2.9385e-179
2.2525e-179
1.7265e-179
1.3232e-179
1.014e-179
7.7702e-180
5.9535e-180
4.5612e-180
3.4942e-180
2.6765e-180
2.05e-180
1.57e-180
1.2023e-180
9.2063e-181
7.0488e-181
5.3964e-181
4.131e-181
3.1621e-181
2.4202e-181
1.8522e-181
1.4174e-181
1.0845e-181
8.2976e-182
6.3479e-182
4.8559e-182
3.7143e-182
2.8407e-182
2.1725e-182
1.6613e-182
1.2702e-182
9.7115e-183
7.4243e-183
5.6752e-183
4.3378e-183
3.3152e-183
2.5335e-183
1.936e-183
1.4792e-183
1.1301e-183
8.6332e-184
6.5946e-184
5.0369e-184
3.8468e-184
2.9376e-184
2.2431e-184
1.7126e-184
1.3075e-184
9.9813e-185
7.6188e-185
5.815e-185
4.4378e-185
3.3865e-185
2.584e-185
1.9715e-185
1.5041e-185
1.1474e-185
8.7516e-186
6.6747e-186
5.0903e-186
3.8816e-186
2.9597e-186
2.2565e-186
1.7202e-186
1.3113e-186
9.9949e-187
7.6175e-187
5.8051e-187
4.4235e-187
3.3704e-187
2.5678e-187
1.9562e-187
1.4901e-187
1.1349e-187
8.6435e-188
6.5822e-188
5.0121e-188
3.8161e-188
2.9053e-188
2.2116e-188
1.6835e-188
1.2813e-188
9.7512e-189
7.4204e-189
5.6463e-189
4.2959e-189
3.2682e-189
2.4861e-189
1.891e-189
1.4382e-189
1.0938e-189
8.3173e-190
6.3241e-190
4.8081e-190
3.6552e-190
2.7785e-190
2.1119e-190
1.6051e-190
1.2198e-190
9.2688e-191
7.0425e-191
5.3505e-191
4.0646e-191
3.0875e-191
2.3451e-191
1.781e-191
1.3525e-191
1.027e-191
7.7975e-192
5.9198e-192
4.4939e-192
3.4111e-192
2.589e-192
1.9648e-192
1.491e-192
1.1313e-192
8.5836e-193
6.5119e-193
4.9398e-193
3.7469e-193
2.8418e-193
2.1551e-193
1.6342e-193
1.2391e-193
9.3947e-194
7.1221e-194
5.3987e-194
4.092e-194
3.1013e-194
2.3503e-194
1.7809e-194
1.3494e-194
1.0223e-194
7.7445e-195
5.8663e-195
4.4433e-195
3.3651e-195
2.5483e-195
1.9296e-195
1.461e-195
1.1061e-195
8.3729e-196
6.3377e-196
4.7968e-196
3.6302e-196
2.7471e-196
2.0786e-196
1.5727e-196
1.1898e-196
9.0001e-197
6.8076e-197
5.1487e-197
3.8937e-197
2.9444e-197
2.2263e-197
1.6832e-197
1.2724e-197
9.6186e-198
7.2701e-198
5.4946e-198
4.1523e-198
3.1376e-198
2.3707e-198
1.7911e-198
1.353e-198
1.022e-198
7.7193e-199
5.8299e-199
4.4025e-199
3.3243e-199
2.5099e-199
1.8949e-199
1.4304e-199
1.0797e-199
8.1491e-200
6.15e-200
4.6409e-200
3.5017e-200
2.642e-200
1.9931e-200
1.5035e-200
1.1341e-200
8.5532e-201
6.4503e-201
4.8639e-201
3.6674e-201
2.765e-201
2.0844e-201
1.5712e-201
1.1843e-201
8.9255e-202
6.7262e-202
5.0684e-202
3.8188e-202
2.877e-202
2.1673e-202
1.6325e-202
1.2296e-202
9.2604e-203
6.9735e-203
5.2509e-203
3.9535e-203
2.9764e-203
2.2405e-203
1.6865e-203
1.2693e-203
9.5524e-204
7.1882e-204
5.4087e-204
4.0693e-204
3.0614e-204
2.3029e-204
1.7321e-204
1.3027e-204
9.7968e-205
7.3668e-205
5.5391e-205
4.1644e-205
3.1306e-205
2.3532e-205
1.7687e-205
1.3293e-205
9.9895e-206
7.5063e-206
5.6398e-206
4.2371e-206
3.183e-206
2.3909e-206
1.7957e-206
1.3486e-206
1.0127e-206
7.6043e-207
5.7093e-207
4.2862e-207
3.2175e-207
2.4151e-207
1.8126e-207
1.3603e-207
1.0208e-207
7.6591e-208
5.7463e-208
4.3109e-208
3.2337e-208
2.4255e-208
1.8191e-208
1.3642e-208
1.0229e-208
7.6698e-209
5.7502e-209
4.3106e-209
3.2312e-209
2.4218e-209
1.815e-209
1.3601e-209
1.0192e-209
7.6361e-210
5.7208e-210
4.2855e-210
3.21e-210
2.4042e-210
1.8005e-210
1.3483e-210
1.0096e-210
7.5587e-211
5.6587e-211
4.2359e-211
3.1706e-211
2.373e-211
1.7758e-211
1.3289e-211
9.9429e-212
7.4389e-212
5.565e-212
4.1627e-212
3.1136e-212
2.3286e-212
1.7414e-212
1.3021e-212
9.7358e-213
7.2787e-213
5.4412e-213
4.0672e-213
3.0399e-213
2.2719e-213
1.6977e-213
1.2686e-213
9.478e-214
7.0808e-214
5.2894e-214
3.9509e-214
2.9508e-214
2.2037e-214
1.6456e-214
1.2287e-214
9.1736e-215
6.8485e-215
5.1122e-215
3.8157e-215
2.8478e-215
2.1252e-215
1.5858e-215
1.1832e-215
8.8278e-216
6.5855e-216
4.9123e-216
3.6639e-216
2.7325e-216
2.0377e-216
1.5194e-216
1.1329e-216
8.4459e-217
6.296e-217
4.693e-217
3.4978e-217
2.6067e-217
1.9425e-217
1.4474e-217
1.0784e-217
8.0338e-218
5.9845e-218
4.4575e-218
3.3199e-218
2.4724e-218
1.841e-218
1.3708e-218
1.0206e-218
7.5976e-219
5.6555e-219
4.2094e-219
3.1328e-219
2.3314e-219
1.7348e-219
1.2907e-219
9.6028e-220
7.1436e-220
5.3136e-220
3.9521e-220
2.9392e-220
2.1857e-220
1.6252e-220
1.2083e-220
8.9832e-221
6.6778e-221
4.9636e-221
3.6891e-221
2.7416e-221
2.0373e-221
1.5138e-221
1.1247e-221
8.355e-222
6.2063e-222
4.6098e-222
3.4237e-222
2.5425e-222
1.8879e-222
1.4018e-222
1.0407e-222
7.7258e-223
5.7347e-223
4.2564e-223
3.1589e-223
2.3442e-223
1.7394e-223
1.2906e-223
9.5746e-224
7.1026e-224
5.2683e-224
3.9074e-224
2.8978e-224
2.1489e-224
1.5933e-224
1.1813e-224
8.7577e-225
6.4919e-225
4.8119e-225
3.5663e-225
2.6429e-225
1.9584e-225
1.4511e-225
1.0751e-225
7.9641e-226
5.8994e-226
4.3695e-226
3.2361e-226
2.3964e-226
1.7745e-226
1.3138e-226
9.7269e-227
7.2006e-227
5.3299e-227
3.9448e-227
2.9194e-227
2.1604e-227
1.5986e-227
1.1827e-227
8.7498e-228
6.4725e-228
4.7875e-228
3.5408e-228
2.6185e-228
1.9363e-228
1.4317e-228
1.0585e-228
7.8252e-229
5.7843e-229
4.2754e-229
3.1598e-229
2.3351e-229
1.7254e-229
1.2749e-229
9.4186e-230
6.9578e-230
5.1394e-230
3.7959e-230
2.8034e-230
2.0702e-230
1.5286e-230
1.1286e-230
8.3321e-231
6.1507e-231
4.54e-231
3.3507e-231
2.4728e-231
1.8247e-231
1.3464e-231
9.9336e-232
7.3282e-232
5.4057e-232
3.9872e-232
2.9406e-232
2.1686e-232
1.5991e-232
1.179e-232
8.6925e-233
6.408e-233
4.7234e-233
3.4814e-233
2.5657e-233
1.8907e-233
1.3932e-233
1.0265e-233
7.5623e-234
5.5708e-234
4.1033e-234
3.0222e-234
2.2257e-234
1.639e-234
1.2068e-234
8.885e-235
6.541e-235
4.8149e-235
3.544e-235
2.6083e-235
1.9195e-235
1.4125e-235
1.0393e-235
7.646e-236
5.6248e-236
4.1375e-236
3.0432e-236
2.2381e-236
1.6458e-236
1.2102e-236
8.898e-237
6.5416e-237
4.8088e-237
3.5347e-237
2.5979e-237
1.9093e-237
1.403e-237
1.0309e-237
7.5742e-238
5.5643e-238
4.0874e-238
3.0023e-238
2.205e-238
1.6193e-238
1.1891e-238
8.7307e-239
6.4099e-239
4.7056e-239
3.4541e-239
2.5352e-239
1.8606e-239
1.3654e-239
1.0019e-239
7.3511e-240
5.3931e-240
3.9563e-240
2.902e-240
2.1284e-240
1.5609e-240
1.1447e-240
8.3931e-241
6.1536e-241
4.5113e-241
3.307e-241
2.4239e-241
1.7765e-241
1.3019e-241
9.5402e-242
6.9902e-242
5.1213e-242
3.7518e-242
2.7482e-242
2.0129e-242
1.4742e-242
1.0796e-242
7.9052e-243
5.788e-243
4.2375e-243
3.102e-243
2.2706e-243
1.6619e-243
1.2162e-243
8.9002e-244
6.5124e-244
4.7647e-244
3.4858e-244
2.5499e-244
1.8651e-244
1.3641e-244
9.9758e-245
7.2948e-245
5.3338e-245
3.8996e-245
2.8508e-245
2.0839e-245
1.5231e-245
1.1132e-245
8.1348e-246
5.9442e-246
4.3431e-246
3.173e-246
2.3179e-246
1.6931e-246
1.2366e-246
9.0313e-247
6.5951e-247
4.8156e-247
3.5159e-247
2.5668e-247
1.8737e-247
1.3677e-247
9.9819e-248
7.2846e-248
5.3157e-248
3.8786e-248
2.8298e-248
2.0644e-248
1.5059e-248
1.0983e-248
8.0104e-249
5.8416e-249
4.2596e-249
3.1058e-249
2.2643e-249
1.6506e-249
1.2032e-249
8.7693e-250
6.391e-250
4.6572e-250
3.3935e-250
2.4725e-250
1.8013e-250
1.3121e-250
9.5574e-251
6.9609e-251
5.0693e-251
3.6914e-251
2.6878e-251
1.9569e-251
1.4246e-251
1.037e-251
7.5479e-252
5.4933e-252
3.9976e-252
2.9089e-252
2.1165e-252
1.5398e-252
1.1201e-252
8.1479e-253
5.9262e-253
4.3099e-253
3.1341e-253
2.2789e-253
1.6569e-253
1.2046e-253
8.7564e-254
6.3647e-254
4.6259e-254
3.3618e-254
2.4429e-254
1.775e-254
1.2896e-254
9.3685e-255
6.8053e-255
4.9429e-255
3.5899e-255
2.607e-255
1.893e-255
1.3745e-255
9.9786e-256
7.2439e-256
5.2581e-256
3.8164e-256
2.7697e-256
2.0099e-256
1.4584e-256
1.0581e-256
7.6764e-257
5.5685e-257
4.0391e-257
2.9294e-257
2.1245e-257
1.5405e-257
1.117e-257
8.0985e-258
5.871e-258
4.2557e-258
3.0846e-258
2.2356e-258
1.6201e-258
1.1739e-258
8.5057e-259
6.1622e-259
4.464e-259
3.2335e-259
2.342e-259
1.6961e-259
1.2282e-259
8.8935e-260
6.4391e-260
4.6616e-260
3.3745e-260
2.4425e-260
1.7678e-260
1.2793e-260
9.2576e-261
6.6984e-261
4.8463e-261
3.5059e-261
2.536e-261
1.8343e-261
1.3266e-261
9.5936e-262
6.9371e-262
5.0157e-262
3.6262e-262
2.6214e-262
1.8948e-262
1.3695e-262
9.8975e-263
7.1523e-263
5.168e-263
3.7339e-263
2.6975e-263
1.9486e-263
1.4075e-263
1.0165e-263
7.3412e-264
5.3011e-264
3.8276e-264
2.7635e-264
1.995e-264
1.4401e-264
1.0394e-264
7.5015e-265
5.4134e-265
3.9062e-265
2.8184e-265
2.0333e-265
1.4668e-265
1.058e-265
7.631e-266
5.5034e-266
3.9686e-266
2.8616e-266
2.0632e-266
1.4874e-266
1.0722e-266
7.7282e-267
5.5699e-267
4.014e-267
2.8925e-267
2.0841e-267
1.5015e-267
1.0817e-267
7.7917e-268
5.6121e-268
4.0418e-268
2.9106e-268
2.0958e-268
1.509e-268
1.0864e-268
7.8206e-269
5.6293e-269
4.0516e-269
2.9158e-269
2.0983e-269
1.5098e-269
1.0862e-269
7.8146e-270
5.6214e-270
4.0433e-270
2.908e-270
2.0913e-270
1.5038e-270
1.0813e-270
7.7737e-271
5.5884e-271
4.017e-271
2.8872e-271
2.075e-271
1.4912e-271
1.0715e-271
7.6984e-272
5.5307e-272
3.9731e-272
2.8538e-272
2.0497e-272
1.472e-272
1.057e-272
7.5899e-273
5.4493e-273
3.912e-273
2.8082e-273
2.0156e-273
1.4466e-273
1.0381e-273
7.4494e-274
5.345e-274
3.8347e-274
2.7509e-274
1.9733e-274
1.4153e-274
1.015e-274
7.2789e-275
5.2193e-275
3.7421e-275
2.6828e-275
1.9232e-275
1.3785e-275
9.8799e-276
7.0805e-276
5.0738e-276
3.6355e-276
2.6047e-276
1.866e-276
1.3366e-276
9.5738e-277
6.8567e-277
4.9103e-277
3.5161e-277
2.5175e-277
1.8024e-277
1.2902e-277
9.2356e-278
6.6103e-278
4.7308e-278
3.3854e-278
2.4224e-278
1.7331e-278
1.2399e-278
8.8696e-279
6.3442e-279
4.5375e-279
3.245e-279
2.3204e-279
1.6591e-279
1.1862e-279
8.48e-280
6.0616e-280
4.3326e-280
3.0965e-280
2.2128e-280
1.5812e-280
1.1297e-280
8.0712e-281
5.7658e-281
4.1185e-281
2.9415e-281
2.1007e-281
1.5001e-281
1.0712e-281
7.6477e-282
5.4598e-282
3.8974e-282
2.7819e-282
1.9854e-282
1.4169e-282
1.0111e-282
7.2141e-283
5.1469e-283
3.6717e-283
2.6191e-283
1.8681e-283
1.3323e-283
9.5008e-284
6.7746e-284
4.8302e-284
3.4436e-284
2.4548e-284
1.7498e-284
1.2471e-284
8.8877e-285
6.3334e-285
4.5128e-285
3.2152e-285
2.2905e-285
1.6316e-285
1.1622e-285
8.277e-286
5.8944e-286
4.1973e-286
2.9885e-286
2.1277e-286
1.5146e-286
1.0782e-286
7.6738e-287
5.4613e-287
3.8864e-287
2.7654e-287
1.9675e-287
1.3998e-287
9.9573e-288
7.0826e-288
5.0374e-288
3.5824e-288
2.5474e-288
1.8113e-288
1.2878e-288
9.155e-289
6.5077e-289
4.6255e-289
3.2874e-289
2.3362e-289
1.66e-289
1.1795e-289
8.3796e-290
5.9527e-290
4.2283e-290
3.0032e-290
2.1328e-290
1.5146e-290
1.0754e-290
7.6355e-291
5.4207e-291
3.8479e-291
2.7312e-291
1.9385e-291
1.3757e-291
9.7617e-292
6.9263e-292
4.914e-292
3.486e-292
2.4728e-292
1.7539e-292
1.2439e-292
8.821e-293
6.2548e-293
4.4348e-293
3.1441e-293
2.2288e-293
1.5798e-293
1.1197e-293
7.9353e-294
5.6232e-294
3.9844e-294
2.8229e-294
1.9998e-294
1.4166e-294
1.0034e-294
7.1065e-295
5.0326e-295
3.5636e-295
2.5232e-295
1.7864e-295
1.2646e-295
8.9514e-296
6.3357e-296
4.4839e-296
3.173e-296
2.2452e-296
1.5885e-296
1.1238e-296
7.9499e-297
5.6232e-297
3.9771e-297
2.8126e-297
1.9889e-297
1.4063e-297
9.9424e-298
7.0287e-298
4.9684e-298
3.5117e-298
2.4819e-298
1.7539e-298
1.2393e-298
8.7566e-299
6.1864e-299
4.3702e-299
3.0869e-299
2.1803e-299
1.5398e-299
1.0873e-299
7.6776e-300
5.4206e-300
3.8268e-300
2.7013e-300
1.9067e-300
1.3457e-300
9.4967e-301
6.7013e-301
4.7283e-301
3.3359e-301
2.3533e-301
1.66e-301
1.1708e-301
8.2573e-302
5.823e-302
4.1059e-302
2.8949e-302
2.0409e-302
1.4387e-302
1.0141e-302
7.1474e-303
5.037e-303
3.5495e-303
2.501e-303
1.762e-303
1.2413e-303
8.7441e-304
6.1589e-304
4.3376e-304
3.0546e-304
2.1509e-304
1.5145e-304
1.0662e-304
7.5058e-305
5.2833e-305
3.7185e-305
2.617e-305
1.8416e-305
1.2958e-305
9.117e-306
6.4139e-306
4.5118e-306
3.1735e-306
2.232e-306
1.5696e-306
1.1038e-306
7.7607e-307
5.4562e-307
3.8357e-307
2.6962e-307
1.8951e-307
1.3319e-307
9.3594e-308
6.5766e-308
4.6207e-308
3.2462e-308
2.2804e-308
1.6018e-308
1.125e-308
7.9008e-309
5.548e-309
3.8956e-309
2.735e-309
1.9201e-309
1.3478e-309
9.4602e-310
6.6395e-310
4.6594e-310
3.2695e-310
2.294e-310
1.6094e-310
1.129e-310
7.9194e-311
5.5545e-311
3.8954e-311
2.7317e-311
1.9154e-311
1.3429e-311
9.4148e-312
6.5997e-312
4.6259e-312
3.2421e-312
2.2721e-312
1.5921e-312
1.1156e-312
7.8157e-313
5.4752e-313
3.8353e-313
2.6863e-313
1.8813e-313
1.3175e-313
9.2251e-314
6.459e-314
4.5219e-314
3.1654e-314
2.2157e-314
1.5508e-314
1.0853e-314
7.5944e-315
5.3138e-315
3.7178e-315
2.6009e-315
1.8193e-315
1.2725e-315
8.8999e-316
6.2238e-316
4.352e-316
3.0429e-316
2.1274e-316
1.4871e-316
1.0395e-316
7.2653e-317
5.0774e-317
3.5481e-317
2.4792e-317
1.7321e-317
1.21e-317
8.4512e-318
5.9027e-318
4.1216e-318
2.8776e-318
2.0087e-318
1.4015e-318
9.7804e-319
6.8153e-319
4.7515e-319
3.308e-319
2.3017e-319
1.5968e-319
1.1032e-319
7.6299e-320
5.2717e-320
3.5943e-320
2.4525e-320
1.6265e-320
1.043e-320
5.825e-321
3.3893e-321
1.6946e-321
4.8418e-322
0
0
0
0
0
0
0
0
0
0
0
0
0
0
0
0
0
0
0
0
0
0
0
0
0
0
0
0
0
0
0
0
0
0
0
0
0
0
0
0
0
0
0
0
0
0
0
0
0
0
0
0
0
0
0
0
0
0
0
0
0
0
0
0
0
0
0
0
0
0
0
0
0
0
0
0
0
0
0
0
0
0
0
0
0
0
0
0
0
0
0
0
0
0
0
0
0
0
0
0
0
0
0
0
0
0
0
0
0
0
0
0
0
0
0
0
0
0
0
0
0
0
0
0
0
0
0
0
0
0
0
0
0
0
0
0
0
0
0
0
0
0
0
0
0
0
0
0
0
0
0
0
0
0
0
0
0
0
0
0
0
0
0
0
0
0
0
0
0
0
0
0
0
0
0
0
0
0
0
0
0
0
0
0
0
0
0
0
0
0
0
0
0
0
0
0
0
0
0
0
0
0
0
0
0
0
0
0
0
0
0
0
0
0
0
0
0
0
0
0
0
0
0
0
0
0
0
0
0
0
0
0
0
0
0
0
0
0
0
0
0
0
0
0
0
0
0
0
0
0
0
0
0
0
0
0
0
0
0
0
0
0
0
0
0
0
0
0
0
0
0
0
0
0
0
0
0
0
0
0
0
0
0
0
0
0
0
0
0
0
0
0
0
0
0
0
0
0
0
0
0
0
0
0
0
0
0
0
0
0
0
0
0
0
0
0
0
0
0
0
0
0
0
0
0
0
0
0
0
0
0
0
0
0
0
0
0
0
0
0
0
0
0
0
0
0
0
0
0
0
0
0
0
0
0
0
0
0
0
0
0
0
0
0
0
0
0
0
0
0
0
0
0
0
0
0
0
0
0
0
0
0
0
0
0
0
0
0
0
0
0
0
0
0
0
0
0
0
0
0
0
0
0
0
0
0
0
0
0
0
0
0
0
0
0
0
0
0
0
0
0
0
0
0
0
0
0
0
0
0
0
0
0
0
0
0
0
0
0
0
0
0
0
0
0
0
0
0
0
0
0
0
0
0
0
0
0
0
0
0
0
0
0
0
0
0
0
0
0
0
0
0
0
0
0
0
0
0
0
0
0
0
0
0
0
0
0
0
0
0
0
0
0
0
0
0
0
0
0
0
0
0
0
0
0
0
0
0
0
0
0
0
0
0
0
0
0
0
0
0
0
0
0
0
0
0
0
0
0
0
0
0
0
0
0
0
0
0
0
0
0
0
0
0
0
0
0
0
0
0
0
0
0
0
0
0
0
0
0
0
0
0
0
0
0
0
0
0
0
0
0
0
0
0
0
0
0
0
0
0
0
0
0
0
0
0
0
0
0
0
0
0
0
0
0
0
0
0
0
0
0
0
0
0
0
0
0
0
0
0
0
0
0
0
0
0
0
0
0
0
0
0
0
0
0
0
0
0
0
0
0
0
0
0
0
0
0
0
0
0
0
0
0
0
0
0
0
0
0
0
0
0
0
0
0
0
0
0
0
0
0
0
0
0
0
0
0
0
0
0
0
0
0
0
0
0
0
0
0
0
0
0
0
0
0
0
0
0
0
0
0
0
0
0
0
0
0
0
0
0
0
0
0
0
0
0
0
0
0
0
0
0
0
0
0
0
0
0
0
0
0
0
0
0
0
0
0
0
0
0
0
0
0
0
0
0
0
0
0
0
0
0
0
0
0
0
0
0
0
0
0
0
0
0
0
0
0
0
0
0
0
0
0
0
0
0
0
0
0
0
0
0
0
0
0
0
0
0
0
0
0
0
0
0
0
0
0
0
0
0
0
0
0
0
0
0
0
0
0
0
0
0
0
0
0
0
0
0
0
0
0
0
0
0
0
0
0
0
0
0
0
0
0
0
0
0
0
0
0
0
0
0
0
0
0
0
0
0
0
0
0
0
0
0
0
0
0
0
0
0
0
0
0
0
0
0
0
0
0
0
0
0
0
0
0
0
0
0
0
0
0
0
0
0
0
0
0
0
0
0
0
0
0
0
0
0
0
0
0
0
0
0
0
0
0
0
0
0
0
0
0
0
0
0
0
0
0
0
0
0
0
0
0
0
0
0
0
0
0
0
0
0
0
0
0
0
0
0
0
0
0
0
0
0
0
0
0
0
0
0
0
0
0
0
0
0
0
0
0
0
0
0
0
0
0
0
0
0
0
0
0
0
0
0
0
0
0
0
0
0
0
0
0
0
0
0
0
0
0
0
0
0
0
0
0
0
0
0
0
0
0
0
0
0
0
0
0
0
0
0
0
0
0
0
0
0
0
0
0
0
0
0
0
0
0
0
0
0
0
0
0
0
0
0
0
0
0
0
0
0
0
0
0
0
0
0
0
0
0
0
0
0
0
0
0
0
0
0
0
0
0
0
0
0
0
0
0
0
0
0
0
0
0
0
0
0
0
0
0
0
0
0
0
0
0
0
0
0
0
0
0
0
0
0
0
0
0
0
0
0
0
0
0
0
0
0
0
0
0
0
0
0
0
0
0
0
0
0
0
0
0
0
0
0
0
0
0
0
0
0
0
0
0
0
0
0
0
0
0
0
0
0
0
0
0
0
0
0
0
0
0
0
0
0
0
0
0
0
0
0
0
0
0
0
0
0
0
0
0
0
0
0
0
0
0
0
0
0
0
0
0
0
0
0
0
0
0
0
0
0
0
0
0
0
0
0
0
0
0
0
0
0
0
0
0
0
0
0
0
0
0
0
0
0
0
0
0
0
0
0
0
0
0
0
0
0
0
0
0
0
0
0
0
0
0
0
0
0
0
0
0
0
0
0
0
0
0
0
0
0
0
0
0
0
0
0
0
0
0
0
0
0
0
0
0
0
0
0
0
0
0
0
0
0
0
0
0
0
0
0
0
0
0
0
0
0
0
0
0
0
0
0
0
0
0
0
0
0
0
0
0
0
0
0
0
0
0
0
0
0
0
0
0
0
0
0
0
0
0
0
0
0
0
0
0
0
0
0
0
0
0
0
0
0
0
0
0
0
0
0
0
0
0
0
0
0
0
0
0
0
0
0
0
0
0
0
0
0
0
0
0
0
0
0
0
0
0
0
0
0
0
0
0
0
0
0
0
0
0
0
0
0
0
0
0
0
0
0
0
0
0
0
0
0
0
0
0
0
0
0
0
0
0
0
0
0
0
0
0
0
0
0
0
0
0
0
0
0
0
0
0
0
0
0
0
0
0
0
0
0
0
0
0
0
0
0
0
0
0
0
0
0
0
0
0
0
0
0
0
0
0
0
0
0
0
0
0
0
0
0
0
0
0
0
0
0
0
0
0
0
0
0
0
0
0
0
0
0
0
0
0
0
0
0
0
0
0
0
0
0
0
0
0
0
0
0
0
0
0
0
0
0
0
0
0
0
0
0
0
0
0
0
0
0
0
0
0
0
0
0
0
0
0
0
0
0
0
0
