9.9754e-08
9.9603e-08
9.9451e-08
9.93e-08
9.915e-08
9.8999e-08
9.8849e-08
9.8698e-08
9.8548e-08
9.8399e-08
9.8249e-08
9.8099e-08
9.795e-08
9.7801e-08
9.7652e-08
9.7503e-08
9.7354e-08
9.7206e-08
9.7058e-08
9.691e-08
9.6762e-08
9.6614e-08
9.6467e-08
9.6319e-08
9.6172e-08
9.6025e-08
9.5878e-08
9.5732e-08
9.5585e-08
9.5439e-08
9.5293e-08
9.5147e-08
9.5001e-08
9.4855e-08
9.471e-08
9.4565e-08
9.442e-08
9.4275e-08
9.413e-08
9.3986e-08
9.3841e-08
9.3697e-08
9.3553e-08
9.3409e-08
9.3266e-08
9.3122e-08
9.2979e-08
9.2836e-08
9.2693e-08
9.255e-08
9.2407e-08
9.2265e-08
9.2123e-08
9.1981e-08
9.1839e-08
9.1697e-08
9.1555e-08
9.1414e-08
9.1273e-08
9.1132e-08
9.0991e-08
9.085e-08
9.071e-08
9.0569e-08
9.0429e-08
9.0289e-08
9.0149e-08
9.001e-08
8.987e-08
8.9731e-08
8.9592e-08
8.9453e-08
8.9314e-08
8.9175e-08
8.9037e-08
8.8899e-08
8.876e-08
8.8623e-08
8.8485e-08
8.8347e-08
8.821e-08
8.8072e-08
8.7935e-08
8.7798e-08
8.7662e-08
8.7525e-08
8.7389e-08
8.7252e-08
8.7116e-08
8.698e-08
8.6845e-08
8.6709e-08
8.6574e-08
8.6438e-08
8.6303e-08
8.6169e-08
8.6034e-08
8.5899e-08
8.5765e-08
8.5631e-08
8.5497e-08
8.5363e-08
8.5229e-08
8.5095e-08
8.4962e-08
8.4829e-08
8.4696e-08
8.4563e-08
8.443e-08
8.4297e-08
8.4165e-08
8.4033e-08
8.3901e-08
8.3769e-08
8.3637e-08
8.3506e-08
8.3374e-08
8.3243e-08
8.3112e-08
8.2981e-08
8.285e-08
8.272e-08
8.2589e-08
8.2459e-08
8.2329e-08
8.2199e-08
8.2069e-08
8.194e-08
8.181e-08
8.1681e-08
8.1552e-08
8.1423e-08
8.1294e-08
8.1166e-08
8.1037e-08
8.0909e-08
8.0781e-08
8.0653e-08
8.0525e-08
8.0397e-08
8.027e-08
8.0142e-08
8.0015e-08
7.9888e-08
7.9761e-08
7.9635e-08
7.9508e-08
7.9382e-08
7.9256e-08
7.913e-08
7.9004e-08
7.8878e-08
7.8753e-08
7.8627e-08
7.8502e-08
7.8377e-08
7.8252e-08
7.8127e-08
7.8003e-08
7.7878e-08
7.7754e-08
7.763e-08
7.7506e-08
7.7382e-08
7.7258e-08
7.7135e-08
7.7012e-08
7.6889e-08
7.6766e-08
7.6643e-08
7.652e-08
7.6397e-08
7.6275e-08
7.6153e-08
7.6031e-08
7.5909e-08
7.5787e-08
7.5666e-08
7.5544e-08
7.5423e-08
7.5302e-08
7.5181e-08
7.506e-08
7.4939e-08
7.4819e-08
7.4699e-08
7.4578e-08
7.4458e-08
7.4338e-08
7.4219e-08
7.4099e-08
7.398e-08
7.3861e-08
7.3741e-08
7.3622e-08
7.3504e-08
7.3385e-08
7.3267e-08
7.3148e-08
7.303e-08
7.2912e-08
7.2794e-08
7.2677e-08
7.2559e-08
7.2442e-08
7.2324e-08
7.2207e-08
7.209e-08
7.1974e-08
7.1857e-08
7.174e-08
7.1624e-08
7.1508e-08
7.1392e-08
7.1276e-08
7.116e-08
7.1045e-08
7.0929e-08
7.0814e-08
7.0699e-08
7.0584e-08
7.0469e-08
7.0354e-08
7.024e-08
7.0126e-08
7.0011e-08
6.9897e-08
6.9783e-08
6.967e-08
6.9556e-08
6.9443e-08
6.9329e-08
6.9216e-08
6.9103e-08
6.899e-08
6.8877e-08
6.8765e-08
6.8652e-08
6.854e-08
6.8428e-08
6.8316e-08
6.8204e-08
6.8093e-08
6.7981e-08
6.787e-08
6.7759e-08
6.7647e-08
6.7536e-08
6.7426e-08
6.7315e-08
6.7205e-08
6.7094e-08
6.6984e-08
6.6874e-08
6.6764e-08
6.6654e-08
6.6545e-08
6.6435e-08
6.6326e-08
6.6217e-08
6.6108e-08
6.5999e-08
6.589e-08
6.5782e-08
6.5673e-08
6.5565e-08
6.5457e-08
6.5349e-08
6.5241e-08
6.5133e-08
6.5026e-08
6.4918e-08
6.4811e-08
6.4704e-08
6.4597e-08
6.449e-08
6.4383e-08
6.4277e-08
6.417e-08
6.4064e-08
6.3958e-08
6.3852e-08
6.3746e-08
6.364e-08
6.3535e-08
6.3429e-08
6.3324e-08
6.3219e-08
6.3114e-08
6.3009e-08
6.2904e-08
6.28e-08
6.2695e-08
6.2591e-08
6.2487e-08
6.2383e-08
6.2279e-08
6.2175e-08
6.2072e-08
6.1968e-08
6.1865e-08
6.1762e-08
6.1659e-08
6.1556e-08
6.1453e-08
6.1351e-08
6.1248e-08
6.1146e-08
6.1044e-08
6.0942e-08
6.084e-08
6.0738e-08
6.0637e-08
6.0535e-08
6.0434e-08
6.0333e-08
6.0232e-08
6.0131e-08
6.003e-08
5.9929e-08
5.9829e-08
5.9728e-08
5.9628e-08
5.9528e-08
5.9428e-08
5.9328e-08
5.9229e-08
5.9129e-08
5.903e-08
5.8931e-08
5.8832e-08
5.8733e-08
5.8634e-08
5.8535e-08
5.8436e-08
5.8338e-08
5.824e-08
5.8142e-08
5.8044e-08
5.7946e-08
5.7848e-08
5.775e-08
5.7653e-08
5.7556e-08
5.7458e-08
5.7361e-08
5.7264e-08
5.7168e-08
5.7071e-08
5.6974e-08
5.6878e-08
5.6782e-08
5.6686e-08
5.659e-08
5.6494e-08
5.6398e-08
5.6303e-08
5.6207e-08
5.6112e-08
5.6017e-08
5.5922e-08
5.5827e-08
5.5732e-08
5.5637e-08
5.5543e-08
5.5448e-08
5.5354e-08
5.526e-08
5.5166e-08
5.5072e-08
5.4978e-08
5.4885e-08
5.4791e-08
5.4698e-08
5.4605e-08
5.4512e-08
5.4419e-08
5.4326e-08
5.4234e-08
5.4141e-08
5.4049e-08
5.3956e-08
5.3864e-08
5.3772e-08
5.368e-08
5.3589e-08
5.3497e-08
5.3406e-08
5.3314e-08
5.3223e-08
5.3132e-08
5.3041e-08
5.295e-08
5.286e-08
5.2769e-08
5.2679e-08
5.2588e-08
5.2498e-08
5.2408e-08
5.2318e-08
5.2228e-08
5.2139e-08
5.2049e-08
5.196e-08
5.1871e-08
5.1781e-08
5.1692e-08
5.1604e-08
5.1515e-08
5.1426e-08
5.1338e-08
5.1249e-08
5.1161e-08
5.1073e-08
5.0985e-08
5.0897e-08
5.0809e-08
5.0722e-08
5.0634e-08
5.0547e-08
5.046e-08
5.0373e-08
5.0286e-08
5.0199e-08
5.0112e-08
5.0026e-08
4.9939e-08
4.9853e-08
4.9767e-08
4.9681e-08
4.9595e-08
4.9509e-08
4.9423e-08
4.9337e-08
4.9252e-08
4.9167e-08
4.9082e-08
4.8996e-08
4.8911e-08
4.8827e-08
4.8742e-08
4.8657e-08
4.8573e-08
4.8489e-08
4.8404e-08
4.832e-08
4.8236e-08
4.8153e-08
4.8069e-08
4.7985e-08
4.7902e-08
4.7819e-08
4.7735e-08
4.7652e-08
4.7569e-08
4.7486e-08
4.7404e-08
4.7321e-08
4.7239e-08
4.7156e-08
4.7074e-08
4.6992e-08
4.691e-08
4.6828e-08
4.6747e-08
4.6665e-08
4.6583e-08
4.6502e-08
4.6421e-08
4.634e-08
4.6259e-08
4.6178e-08
4.6097e-08
4.6016e-08
4.5936e-08
4.5856e-08
4.5775e-08
4.5695e-08
4.5615e-08
4.5535e-08
4.5455e-08
4.5376e-08
4.5296e-08
4.5217e-08
4.5138e-08
4.5058e-08
4.4979e-08
4.49e-08
4.4822e-08
4.4743e-08
4.4664e-08
4.4586e-08
4.4508e-08
4.4429e-08
4.4351e-08
4.4273e-08
4.4195e-08
4.4118e-08
4.404e-08
4.3963e-08
4.3885e-08
4.3808e-08
4.3731e-08
4.3654e-08
4.3577e-08
4.35e-08
4.3423e-08
4.3347e-08
4.327e-08
4.3194e-08
4.3118e-08
4.3042e-08
4.2966e-08
4.289e-08
4.2814e-08
4.2739e-08
4.2663e-08
4.2588e-08
4.2512e-08
4.2437e-08
4.2362e-08
4.2287e-08
4.2213e-08
4.2138e-08
4.2063e-08
4.1989e-08
4.1915e-08
4.184e-08
4.1766e-08
4.1692e-08
4.1619e-08
4.1545e-08
4.1471e-08
4.1398e-08
4.1324e-08
4.1251e-08
4.1178e-08
4.1105e-08
4.1032e-08
4.0959e-08
4.0886e-08
4.0814e-08
4.0741e-08
4.0669e-08
4.0597e-08
4.0525e-08
4.0453e-08
4.0381e-08
4.0309e-08
4.0237e-08
4.0166e-08
4.0094e-08
4.0023e-08
3.9952e-08
3.9881e-08
3.981e-08
3.9739e-08
3.9668e-08
3.9597e-08
3.9527e-08
3.9456e-08
3.9386e-08
3.9316e-08
3.9246e-08
3.9176e-08
3.9106e-08
3.9036e-08
3.8967e-08
3.8897e-08
3.8828e-08
3.8758e-08
3.8689e-08
3.862e-08
3.8551e-08
3.8482e-08
3.8414e-08
3.8345e-08
3.8277e-08
3.8208e-08
3.814e-08
3.8072e-08
3.8004e-08
3.7936e-08
3.7868e-08
3.78e-08
3.7733e-08
3.7665e-08
3.7598e-08
3.753e-08
3.7463e-08
3.7396e-08
3.7329e-08
3.7263e-08
3.7196e-08
3.7129e-08
3.7063e-08
3.6996e-08
3.693e-08
3.6864e-08
3.6798e-08
3.6732e-08
3.6666e-08
3.66e-08
3.6535e-08
3.6469e-08
3.6404e-08
3.6339e-08
3.6273e-08
3.6208e-08
3.6143e-08
3.6079e-08
3.6014e-08
3.5949e-08
3.5885e-08
3.582e-08
3.5756e-08
3.5692e-08
3.5628e-08
3.5564e-08
3.55e-08
3.5436e-08
3.5372e-08
3.5309e-08
3.5246e-08
3.5182e-08
3.5119e-08
3.5056e-08
3.4993e-08
3.493e-08
3.4867e-08
3.4805e-08
3.4742e-08
3.468e-08
3.4617e-08
3.4555e-08
3.4493e-08
3.4431e-08
3.4369e-08
3.4307e-08
3.4245e-08
3.4184e-08
3.4122e-08
3.4061e-08
3.4e-08
3.3939e-08
3.3878e-08
3.3817e-08
3.3756e-08
3.3695e-08
3.3634e-08
3.3574e-08
3.3513e-08
3.3453e-08
3.3393e-08
3.3333e-08
3.3273e-08
3.3213e-08
3.3153e-08
3.3094e-08
3.3034e-08
3.2975e-08
3.2915e-08
3.2856e-08
3.2797e-08
3.2738e-08
3.2679e-08
3.262e-08
3.2561e-08
3.2503e-08
3.2444e-08
3.2386e-08
3.2328e-08
3.2269e-08
3.2211e-08
3.2153e-08
3.2095e-08
3.2038e-08
3.198e-08
3.1923e-08
3.1865e-08
3.1808e-08
3.175e-08
3.1693e-08
3.1636e-08
3.1579e-08
3.1523e-08
3.1466e-08
3.1409e-08
3.1353e-08
3.1296e-08
3.124e-08
3.1184e-08
3.1128e-08
3.1072e-08
3.1016e-08
3.096e-08
3.0905e-08
3.0849e-08
3.0794e-08
3.0738e-08
3.0683e-08
3.0628e-08
3.0573e-08
3.0518e-08
3.0463e-08
3.0408e-08
3.0354e-08
3.0299e-08
3.0245e-08
3.019e-08
3.0136e-08
3.0082e-08
3.0028e-08
2.9974e-08
2.992e-08
2.9867e-08
2.9813e-08
2.976e-08
2.9706e-08
2.9653e-08
2.96e-08
2.9547e-08
2.9494e-08
2.9441e-08
2.9388e-08
2.9335e-08
2.9283e-08
2.923e-08
2.9178e-08
2.9126e-08
2.9074e-08
2.9022e-08
2.897e-08
2.8918e-08
2.8866e-08
2.8814e-08
2.8763e-08
2.8711e-08
2.866e-08
2.8609e-08
2.8558e-08
2.8507e-08
2.8456e-08
2.8405e-08
2.8354e-08
2.8304e-08
2.8253e-08
2.8203e-08
2.8152e-08
2.8102e-08
2.8052e-08
2.8002e-08
2.7952e-08
2.7902e-08
2.7853e-08
2.7803e-08
2.7754e-08
2.7704e-08
2.7655e-08
2.7606e-08
2.7557e-08
2.7508e-08
2.7459e-08
2.741e-08
2.7361e-08
2.7313e-08
2.7264e-08
2.7216e-08
2.7168e-08
2.712e-08
2.7071e-08
2.7023e-08
2.6976e-08
2.6928e-08
2.688e-08
2.6833e-08
2.6785e-08
2.6738e-08
2.6691e-08
2.6643e-08
2.6596e-08
2.6549e-08
2.6503e-08
2.6456e-08
2.6409e-08
2.6363e-08
2.6316e-08
2.627e-08
2.6224e-08
2.6177e-08
2.6131e-08
2.6085e-08
2.604e-08
2.5994e-08
2.5948e-08
2.5903e-08
2.5857e-08
2.5812e-08
2.5767e-08
2.5722e-08
2.5677e-08
2.5632e-08
2.5587e-08
2.5542e-08
2.5498e-08
2.5453e-08
2.5409e-08
2.5364e-08
2.532e-08
2.5276e-08
2.5232e-08
2.5188e-08
2.5144e-08
2.51e-08
2.5057e-08
2.5013e-08
2.497e-08
2.4927e-08
2.4883e-08
2.484e-08
2.4797e-08
2.4754e-08
2.4712e-08
2.4669e-08
2.4626e-08
2.4584e-08
2.4541e-08
2.4499e-08
2.4457e-08
2.4415e-08
2.4373e-08
2.4331e-08
2.4289e-08
2.4247e-08
2.4206e-08
2.4164e-08
2.4123e-08
2.4082e-08
2.404e-08
2.3999e-08
2.3958e-08
2.3917e-08
2.3877e-08
2.3836e-08
2.3795e-08
2.3755e-08
2.3715e-08
2.3674e-08
2.3634e-08
2.3594e-08
2.3554e-08
2.3514e-08
2.3474e-08
2.3435e-08
2.3395e-08
2.3356e-08
2.3316e-08
2.3277e-08
2.3238e-08
2.3199e-08
2.316e-08
2.3121e-08
2.3082e-08
2.3044e-08
2.3005e-08
2.2967e-08
2.2928e-08
2.289e-08
2.2852e-08
2.2814e-08
2.2776e-08
2.2738e-08
2.27e-08
2.2663e-08
2.2625e-08
2.2588e-08
2.255e-08
2.2513e-08
2.2476e-08
2.2439e-08
2.2402e-08
2.2365e-08
2.2328e-08
2.2292e-08
2.2255e-08
2.2219e-08
2.2183e-08
2.2146e-08
2.211e-08
2.2074e-08
2.2038e-08
2.2003e-08
2.1967e-08
2.1931e-08
2.1896e-08
2.186e-08
2.1825e-08
2.179e-08
2.1755e-08
2.172e-08
2.1685e-08
2.165e-08
2.1615e-08
2.1581e-08
2.1546e-08
2.1512e-08
2.1478e-08
2.1444e-08
2.141e-08
2.1376e-08
2.1342e-08
2.1308e-08
2.1274e-08
2.1241e-08
2.1207e-08
2.1174e-08
2.1141e-08
2.1108e-08
2.1075e-08
2.1042e-08
2.1009e-08
2.0976e-08
2.0944e-08
2.0911e-08
2.0879e-08
2.0846e-08
2.0814e-08
2.0782e-08
2.075e-08
2.0718e-08
2.0687e-08
2.0655e-08
2.0623e-08
2.0592e-08
2.0561e-08
2.0529e-08
2.0498e-08
2.0467e-08
2.0436e-08
2.0405e-08
2.0375e-08
2.0344e-08
2.0313e-08
2.0283e-08
2.0253e-08
2.0223e-08
2.0192e-08
2.0162e-08
2.0133e-08
2.0103e-08
2.0073e-08
2.0044e-08
2.0014e-08
1.9985e-08
1.9956e-08
1.9926e-08
1.9897e-08
1.9868e-08
1.984e-08
1.9811e-08
1.9782e-08
1.9754e-08
1.9725e-08
1.9697e-08
1.9669e-08
1.9641e-08
1.9613e-08
1.9585e-08
1.9557e-08
1.953e-08
1.9502e-08
1.9475e-08
1.9447e-08
1.942e-08
1.9393e-08
1.9366e-08
1.9339e-08
1.9312e-08
1.9286e-08
1.9259e-08
1.9233e-08
1.9206e-08
1.918e-08
1.9154e-08
1.9128e-08
1.9102e-08
1.9076e-08
1.9051e-08
1.9025e-08
1.9e-08
1.8974e-08
1.8949e-08
1.8924e-08
1.8899e-08
1.8874e-08
1.8849e-08
1.8824e-08
1.88e-08
1.8775e-08
1.8751e-08
1.8727e-08
1.8702e-08
1.8678e-08
1.8655e-08
1.8631e-08
1.8607e-08
1.8583e-08
1.856e-08
1.8537e-08
1.8513e-08
1.849e-08
1.8467e-08
1.8444e-08
1.8421e-08
1.8399e-08
1.8376e-08
1.8354e-08
1.8331e-08
1.8309e-08
1.8287e-08
1.8265e-08
1.8243e-08
1.8221e-08
1.82e-08
1.8178e-08
1.8157e-08
1.8135e-08
1.8114e-08
1.8093e-08
1.8072e-08
1.8051e-08
1.803e-08
1.801e-08
1.7989e-08
1.7969e-08
1.7948e-08
1.7928e-08
1.7908e-08
1.7888e-08
1.7868e-08
1.7849e-08
1.7829e-08
1.781e-08
1.779e-08
1.7771e-08
1.7752e-08
1.7733e-08
1.7714e-08
1.7695e-08
1.7677e-08
1.7658e-08
1.764e-08
1.7621e-08
1.7603e-08
1.7585e-08
1.7567e-08
1.7549e-08
1.7532e-08
1.7514e-08
1.7497e-08
1.7479e-08
1.7462e-08
1.7445e-08
1.7428e-08
1.7411e-08
1.7394e-08
1.7378e-08
1.7361e-08
1.7345e-08
1.7328e-08
1.7312e-08
1.7296e-08
1.728e-08
1.7265e-08
1.7249e-08
1.7233e-08
1.7218e-08
1.7203e-08
1.7188e-08
1.7173e-08
1.7158e-08
1.7143e-08
1.7128e-08
1.7114e-08
1.7099e-08
1.7085e-08
1.7071e-08
1.7057e-08
1.7043e-08
1.7029e-08
1.7015e-08
1.7002e-08
1.6988e-08
1.6975e-08
1.6962e-08
1.6949e-08
1.6936e-08
1.6923e-08
1.6911e-08
1.6898e-08
1.6886e-08
1.6873e-08
1.6861e-08
1.6849e-08
1.6837e-08
1.6826e-08
1.6814e-08
1.6803e-08
1.6791e-08
1.678e-08
1.6769e-08
1.6758e-08
1.6747e-08
1.6736e-08
1.6726e-08
1.6715e-08
1.6705e-08
1.6695e-08
1.6685e-08
1.6675e-08
1.6665e-08
1.6655e-08
1.6646e-08
1.6637e-08
1.6627e-08
1.6618e-08
1.6609e-08
1.66e-08
1.6592e-08
1.6583e-08
1.6575e-08
1.6566e-08
1.6558e-08
1.655e-08
1.6542e-08
1.6534e-08
1.6527e-08
1.6519e-08
1.6512e-08
1.6505e-08
1.6498e-08
1.6491e-08
1.6484e-08
1.6477e-08
1.6471e-08
1.6464e-08
1.6458e-08
1.6452e-08
1.6446e-08
1.644e-08
1.6435e-08
1.6429e-08
1.6424e-08
1.6418e-08
1.6413e-08
1.6408e-08
1.6404e-08
1.6399e-08
1.6394e-08
1.639e-08
1.6386e-08
1.6382e-08
1.6378e-08
1.6374e-08
1.637e-08
1.6367e-08
1.6363e-08
1.636e-08
1.6357e-08
1.6354e-08
1.6351e-08
1.6348e-08
1.6346e-08
1.6344e-08
1.6341e-08
1.6339e-08
1.6337e-08
1.6336e-08
1.6334e-08
1.6333e-08
1.6331e-08
1.633e-08
1.6329e-08
1.6328e-08
1.6328e-08
1.6327e-08
1.6327e-08
1.6326e-08
1.6326e-08
1.6326e-08
1.6327e-08
1.6327e-08
1.6327e-08
1.6328e-08
1.6329e-08
1.633e-08
1.6331e-08
1.6332e-08
1.6334e-08
1.6336e-08
1.6337e-08
1.6339e-08
1.6341e-08
1.6344e-08
1.6346e-08
1.6349e-08
1.6351e-08
1.6354e-08
1.6357e-08
1.636e-08
1.6364e-08
1.6367e-08
1.6371e-08
1.6375e-08
1.6379e-08
1.6383e-08
1.6387e-08
1.6392e-08
1.6397e-08
1.6401e-08
1.6407e-08
1.6412e-08
1.6417e-08
1.6423e-08
1.6428e-08
1.6434e-08
1.644e-08
1.6446e-08
1.6453e-08
1.6459e-08
1.6466e-08
1.6473e-08
1.648e-08
1.6487e-08
1.6494e-08
1.6502e-08
1.6509e-08
1.6517e-08
1.6525e-08
1.6534e-08
1.6542e-08
1.6551e-08
1.6559e-08
1.6568e-08
1.6577e-08
1.6587e-08
1.6596e-08
1.6606e-08
1.6616e-08
1.6626e-08
1.6636e-08
1.6646e-08
1.6657e-08
1.6667e-08
1.6678e-08
1.6689e-08
1.67e-08
1.6712e-08
1.6723e-08
1.6735e-08
1.6747e-08
1.6759e-08
1.6772e-08
1.6784e-08
1.6797e-08
1.681e-08
1.6823e-08
1.6836e-08
1.685e-08
1.6863e-08
1.6877e-08
1.6891e-08
1.6905e-08
1.692e-08
1.6934e-08
1.6949e-08
1.6964e-08
1.6979e-08
1.6995e-08
1.701e-08
1.7026e-08
1.7042e-08
1.7058e-08
1.7074e-08
1.7091e-08
1.7108e-08
1.7124e-08
1.7142e-08
1.7159e-08
1.7176e-08
1.7194e-08
1.7212e-08
1.723e-08
1.7248e-08
1.7267e-08
1.7286e-08
1.7304e-08
1.7324e-08
1.7343e-08
1.7362e-08
1.7382e-08
1.7402e-08
1.7422e-08
1.7442e-08
1.7463e-08
1.7484e-08
1.7505e-08
1.7526e-08
1.7547e-08
1.7569e-08
1.7591e-08
1.7613e-08
1.7635e-08
1.7657e-08
1.768e-08
1.7703e-08
1.7726e-08
1.7749e-08
1.7773e-08
1.7796e-08
1.782e-08
1.7844e-08
1.7869e-08
1.7893e-08
1.7918e-08
1.7943e-08
1.7968e-08
1.7994e-08
1.8019e-08
1.8045e-08
1.8071e-08
1.8098e-08
1.8124e-08
1.8151e-08
1.8178e-08
1.8205e-08
1.8233e-08
1.826e-08
1.8288e-08
1.8317e-08
1.8345e-08
1.8374e-08
1.8402e-08
1.8431e-08
1.8461e-08
1.849e-08
1.852e-08
1.855e-08
1.858e-08
1.8611e-08
1.8641e-08
1.8672e-08
1.8703e-08
1.8735e-08
1.8767e-08
1.8798e-08
1.8831e-08
1.8863e-08
1.8896e-08
1.8928e-08
1.8961e-08
1.8995e-08
1.9028e-08
1.9062e-08
1.9096e-08
1.9131e-08
1.9165e-08
1.92e-08
1.9235e-08
1.927e-08
1.9306e-08
1.9342e-08
1.9378e-08
1.9414e-08
1.9451e-08
1.9487e-08
1.9525e-08
1.9562e-08
1.9599e-08
1.9637e-08
1.9675e-08
1.9714e-08
1.9752e-08
1.9791e-08
1.983e-08
1.987e-08
1.9909e-08
1.9949e-08
1.999e-08
2.003e-08
2.0071e-08
2.0112e-08
2.0153e-08
2.0195e-08
2.0236e-08
2.0278e-08
2.0321e-08
2.0363e-08
2.0406e-08
2.0449e-08
2.0493e-08
2.0536e-08
2.058e-08
2.0625e-08
2.0669e-08
2.0714e-08
2.0759e-08
2.0804e-08
2.085e-08
2.0896e-08
2.0942e-08
2.0989e-08
2.1035e-08
2.1082e-08
2.113e-08
2.1177e-08
2.1225e-08
2.1274e-08
2.1322e-08
2.1371e-08
2.142e-08
2.1469e-08
2.1519e-08
2.1569e-08
2.1619e-08
2.167e-08
2.172e-08
2.1772e-08
2.1823e-08
2.1875e-08
2.1927e-08
2.1979e-08
2.2032e-08
2.2085e-08
2.2138e-08
2.2191e-08
2.2245e-08
2.2299e-08
2.2354e-08
2.2409e-08
2.2464e-08
2.2519e-08
2.2575e-08
2.2631e-08
2.2687e-08
2.2744e-08
2.2801e-08
2.2858e-08
2.2916e-08
2.2974e-08
2.3032e-08
2.309e-08
2.3149e-08
2.3209e-08
2.3268e-08
2.3328e-08
2.3388e-08
2.3449e-08
2.3509e-08
2.3571e-08
2.3632e-08
2.3694e-08
2.3756e-08
2.3818e-08
2.3881e-08
2.3944e-08
2.4008e-08
2.4072e-08
2.4136e-08
2.42e-08
2.4265e-08
2.433e-08
2.4396e-08
2.4462e-08
2.4528e-08
2.4594e-08
2.4661e-08
2.4729e-08
2.4796e-08
2.4864e-08
2.4932e-08
2.5001e-08
2.507e-08
2.5139e-08
2.5209e-08
2.5279e-08
2.535e-08
2.542e-08
2.5492e-08
2.5563e-08
2.5635e-08
2.5707e-08
2.578e-08
2.5853e-08
2.5926e-08
2.6e-08
2.6074e-08
2.6148e-08
2.6223e-08
2.6298e-08
2.6374e-08
2.645e-08
2.6526e-08
2.6603e-08
2.668e-08
2.6757e-08
2.6835e-08
2.6913e-08
2.6992e-08
2.7071e-08
2.715e-08
2.723e-08
2.731e-08
2.7391e-08
2.7471e-08
2.7553e-08
2.7634e-08
2.7717e-08
2.7799e-08
2.7882e-08
2.7965e-08
2.8049e-08
2.8133e-08
2.8217e-08
2.8302e-08
2.8388e-08
2.8473e-08
2.8559e-08
2.8646e-08
2.8733e-08
2.882e-08
2.8908e-08
2.8996e-08
2.9085e-08
2.9174e-08
2.9263e-08
2.9353e-08
2.9443e-08
2.9534e-08
2.9625e-08
2.9716e-08
2.9808e-08
2.9901e-08
2.9994e-08
3.0087e-08
3.018e-08
3.0275e-08
3.0369e-08
3.0464e-08
3.0559e-08
3.0655e-08
3.0752e-08
3.0848e-08
3.0945e-08
3.1043e-08
3.1141e-08
3.124e-08
3.1339e-08
3.1438e-08
3.1538e-08
3.1638e-08
3.1739e-08
3.184e-08
3.1942e-08
3.2044e-08
3.2146e-08
3.225e-08
3.2353e-08
3.2457e-08
3.2561e-08
3.2666e-08
3.2772e-08
3.2878e-08
3.2984e-08
3.3091e-08
3.3198e-08
3.3306e-08
3.3414e-08
3.3523e-08
3.3632e-08
3.3741e-08
3.3852e-08
3.3962e-08
3.4073e-08
3.4185e-08
3.4297e-08
3.441e-08
3.4523e-08
3.4636e-08
3.475e-08
3.4865e-08
3.498e-08
3.5096e-08
3.5212e-08
3.5328e-08
3.5445e-08
3.5563e-08
3.5681e-08
3.58e-08
3.5919e-08
3.6038e-08
3.6158e-08
3.6279e-08
3.64e-08
3.6522e-08
3.6644e-08
3.6767e-08
3.689e-08
3.7014e-08
3.7138e-08
3.7263e-08
3.7389e-08
3.7515e-08
3.7641e-08
3.7768e-08
3.7896e-08
3.8024e-08
3.8152e-08
3.8282e-08
3.8411e-08
3.8542e-08
3.8672e-08
3.8804e-08
3.8936e-08
3.9068e-08
3.9201e-08
3.9335e-08
3.9469e-08
3.9604e-08
3.9739e-08
3.9875e-08
4.0011e-08
4.0148e-08
4.0286e-08
4.0424e-08
4.0563e-08
4.0702e-08
4.0842e-08
4.0982e-08
4.1123e-08
4.1265e-08
4.1407e-08
4.155e-08
4.1693e-08
4.1837e-08
4.1981e-08
4.2127e-08
4.2272e-08
4.2419e-08
4.2566e-08
4.2713e-08
4.2861e-08
4.301e-08
4.3159e-08
4.3309e-08
4.346e-08
4.3611e-08
4.3763e-08
4.3915e-08
4.4068e-08
4.4222e-08
4.4376e-08
4.4531e-08
4.4687e-08
4.4843e-08
4.5e-08
4.5157e-08
4.5315e-08
4.5474e-08
4.5634e-08
4.5794e-08
4.5954e-08
4.6115e-08
4.6277e-08
4.644e-08
4.6603e-08
4.6767e-08
4.6932e-08
4.7097e-08
4.7263e-08
4.7429e-08
4.7597e-08
4.7764e-08
4.7933e-08
4.8102e-08
4.8272e-08
4.8443e-08
4.8614e-08
4.8786e-08
4.8958e-08
4.9132e-08
4.9306e-08
4.948e-08
4.9656e-08
4.9832e-08
5.0008e-08
5.0186e-08
5.0364e-08
5.0543e-08
5.0722e-08
5.0902e-08
5.1083e-08
5.1265e-08
5.1447e-08
5.1631e-08
5.1814e-08
5.1999e-08
5.2184e-08
5.237e-08
5.2557e-08
5.2744e-08
5.2932e-08
5.3121e-08
5.3311e-08
5.3501e-08
5.3692e-08
5.3884e-08
5.4077e-08
5.427e-08
5.4464e-08
5.4659e-08
5.4855e-08
5.5051e-08
5.5248e-08
5.5446e-08
5.5644e-08
5.5844e-08
5.6044e-08
5.6245e-08
5.6447e-08
5.6649e-08
5.6852e-08
5.7056e-08
5.7261e-08
5.7467e-08
5.7673e-08
5.788e-08
5.8088e-08
5.8297e-08
5.8507e-08
5.8717e-08
5.8928e-08
5.914e-08
5.9353e-08
5.9566e-08
5.9781e-08
5.9996e-08
6.0212e-08
6.0429e-08
6.0647e-08
6.0865e-08
6.1084e-08
6.1305e-08
6.1526e-08
6.1747e-08
6.197e-08
6.2193e-08
6.2418e-08
6.2643e-08
6.2869e-08
6.3096e-08
6.3324e-08
6.3552e-08
6.3782e-08
6.4012e-08
6.4243e-08
6.4475e-08
6.4708e-08
6.4942e-08
6.5177e-08
6.5412e-08
6.5649e-08
6.5886e-08
6.6124e-08
6.6363e-08
6.6603e-08
6.6844e-08
6.7086e-08
6.7328e-08
6.7572e-08
6.7816e-08
6.8062e-08
6.8308e-08
6.8555e-08
6.8803e-08
6.9052e-08
6.9302e-08
6.9553e-08
6.9805e-08
7.0058e-08
7.0312e-08
7.0566e-08
7.0822e-08
7.1078e-08
7.1336e-08
7.1594e-08
7.1853e-08
7.2114e-08
7.2375e-08
7.2637e-08
7.29e-08
7.3164e-08
7.3429e-08
7.3696e-08
7.3963e-08
7.4231e-08
7.45e-08
7.477e-08
7.5041e-08
7.5313e-08
7.5585e-08
7.5859e-08
7.6134e-08
7.641e-08
7.6687e-08
7.6965e-08
7.7244e-08
7.7524e-08
7.7805e-08
7.8087e-08
7.837e-08
7.8654e-08
7.8939e-08
7.9225e-08
7.9513e-08
7.9801e-08
8.009e-08
8.038e-08
8.0672e-08
8.0964e-08
8.1258e-08
8.1552e-08
8.1848e-08
8.2144e-08
8.2442e-08
8.2741e-08
8.304e-08
8.3341e-08
8.3643e-08
8.3946e-08
8.4251e-08
8.4556e-08
8.4862e-08
8.517e-08
8.5478e-08
8.5788e-08
8.6099e-08
8.641e-08
8.6723e-08
8.7037e-08
8.7353e-08
8.7669e-08
8.7986e-08
8.8305e-08
8.8625e-08
8.8946e-08
8.9268e-08
8.9591e-08
8.9915e-08
9.024e-08
9.0567e-08
9.0895e-08
9.1224e-08
9.1554e-08
9.1885e-08
9.2217e-08
9.2551e-08
9.2886e-08
9.3222e-08
9.3559e-08
9.3897e-08
9.4237e-08
9.4577e-08
9.4919e-08
9.5262e-08
9.5607e-08
9.5952e-08
9.6299e-08
9.6647e-08
9.6996e-08
9.7346e-08
9.7698e-08
9.8051e-08
9.8405e-08
9.876e-08
9.9117e-08
9.9475e-08
9.9834e-08
1.0019e-07
1.0056e-07
1.0092e-07
1.0128e-07
1.0165e-07
1.0201e-07
1.0238e-07
1.0275e-07
1.0312e-07
1.0349e-07
1.0387e-07
1.0424e-07
1.0462e-07
1.0499e-07
1.0537e-07
1.0575e-07
1.0613e-07
1.0651e-07
1.069e-07
1.0728e-07
1.0767e-07
1.0806e-07
1.0845e-07
1.0884e-07
1.0923e-07
1.0962e-07
1.1001e-07
1.1041e-07
1.1081e-07
1.1121e-07
1.1161e-07
1.1201e-07
1.1241e-07
1.1281e-07
1.1322e-07
1.1362e-07
1.1403e-07
1.1444e-07
1.1485e-07
1.1526e-07
1.1568e-07
1.1609e-07
1.1651e-07
1.1693e-07
1.1735e-07
1.1777e-07
1.1819e-07
1.1861e-07
1.1904e-07
1.1946e-07
1.1989e-07
1.2032e-07
1.2075e-07
1.2119e-07
1.2162e-07
1.2205e-07
1.2249e-07
1.2293e-07
1.2337e-07
1.2381e-07
1.2425e-07
1.247e-07
1.2514e-07
1.2559e-07
1.2604e-07
1.2649e-07
1.2694e-07
1.2739e-07
1.2785e-07
1.283e-07
1.2876e-07
1.2922e-07
1.2968e-07
1.3015e-07
1.3061e-07
1.3108e-07
1.3154e-07
1.3201e-07
1.3248e-07
1.3295e-07
1.3343e-07
1.339e-07
1.3438e-07
1.3486e-07
1.3534e-07
1.3582e-07
1.363e-07
1.3679e-07
1.3727e-07
1.3776e-07
1.3825e-07
1.3874e-07
1.3923e-07
1.3973e-07
1.4022e-07
1.4072e-07
1.4122e-07
1.4172e-07
1.4222e-07
1.4273e-07
1.4324e-07
1.4374e-07
1.4425e-07
1.4476e-07
1.4528e-07
1.4579e-07
1.4631e-07
1.4682e-07
1.4734e-07
1.4787e-07
1.4839e-07
1.4891e-07
1.4944e-07
1.4997e-07
1.505e-07
1.5103e-07
1.5156e-07
1.521e-07
1.5264e-07
1.5317e-07
1.5372e-07
1.5426e-07
1.548e-07
1.5535e-07
1.559e-07
1.5644e-07
1.57e-07
1.5755e-07
1.581e-07
1.5866e-07
1.5922e-07
1.5978e-07
1.6034e-07
1.6091e-07
1.6147e-07
1.6204e-07
1.6261e-07
1.6318e-07
1.6375e-07
1.6433e-07
1.6491e-07
1.6548e-07
1.6607e-07
1.6665e-07
1.6723e-07
1.6782e-07
1.6841e-07
1.69e-07
1.6959e-07
1.7018e-07
1.7078e-07
1.7138e-07
1.7198e-07
1.7258e-07
1.7318e-07
1.7379e-07
1.744e-07
1.7501e-07
1.7562e-07
1.7623e-07
1.7685e-07
1.7747e-07
1.7808e-07
1.7871e-07
1.7933e-07
1.7996e-07
1.8058e-07
1.8121e-07
1.8184e-07
1.8248e-07
1.8311e-07
1.8375e-07
1.8439e-07
1.8503e-07
1.8568e-07
1.8632e-07
1.8697e-07
1.8762e-07
1.8827e-07
1.8893e-07
1.8958e-07
1.9024e-07
1.909e-07
1.9156e-07
1.9223e-07
1.929e-07
1.9357e-07
1.9424e-07
1.9491e-07
1.9558e-07
1.9626e-07
1.9694e-07
1.9762e-07
1.9831e-07
1.9899e-07
1.9968e-07
2.0037e-07
2.0107e-07
2.0176e-07
2.0246e-07
2.0316e-07
2.0386e-07
2.0456e-07
2.0527e-07
2.0598e-07
2.0669e-07
2.074e-07
2.0811e-07
2.0883e-07
2.0955e-07
2.1027e-07
2.11e-07
2.1172e-07
2.1245e-07
2.1318e-07
2.1391e-07
2.1465e-07
2.1539e-07
2.1613e-07
2.1687e-07
2.1762e-07
2.1836e-07
2.1911e-07
2.1986e-07
2.2062e-07
2.2137e-07
2.2213e-07
2.2289e-07
2.2366e-07
2.2442e-07
2.2519e-07
2.2596e-07
2.2673e-07
2.2751e-07
2.2829e-07
2.2907e-07
2.2985e-07
2.3064e-07
2.3142e-07
2.3221e-07
2.3301e-07
2.338e-07
2.346e-07
2.354e-07
2.362e-07
2.3701e-07
2.3781e-07
2.3862e-07
2.3944e-07
2.4025e-07
2.4107e-07
2.4189e-07
2.4271e-07
2.4354e-07
2.4436e-07
2.4519e-07
2.4603e-07
2.4686e-07
2.477e-07
2.4854e-07
2.4938e-07
2.5023e-07
2.5108e-07
2.5193e-07
2.5278e-07
2.5364e-07
2.5449e-07
2.5536e-07
2.5622e-07
2.5709e-07
2.5796e-07
2.5883e-07
2.597e-07
2.6058e-07
2.6146e-07
2.6234e-07
2.6323e-07
2.6411e-07
2.65e-07
2.659e-07
2.6679e-07
2.6769e-07
2.6859e-07
2.695e-07
2.7041e-07
2.7132e-07
2.7223e-07
2.7314e-07
2.7406e-07
2.7498e-07
2.7591e-07
2.7683e-07
2.7776e-07
2.7869e-07
2.7963e-07
2.8057e-07
2.8151e-07
2.8245e-07
2.834e-07
2.8435e-07
2.853e-07
2.8625e-07
2.8721e-07
2.8817e-07
2.8913e-07
2.901e-07
2.9107e-07
2.9204e-07
2.9302e-07
2.94e-07
2.9498e-07
2.9596e-07
2.9695e-07
2.9794e-07
2.9893e-07
2.9993e-07
3.0092e-07
3.0193e-07
3.0293e-07
3.0394e-07
3.0495e-07
3.0596e-07
3.0698e-07
3.08e-07
3.0902e-07
3.1005e-07
3.1108e-07
3.1211e-07
3.1315e-07
3.1418e-07
3.1523e-07
3.1627e-07
3.1732e-07
3.1837e-07
3.1942e-07
3.2048e-07
3.2154e-07
3.226e-07
3.2367e-07
3.2474e-07
3.2581e-07
3.2689e-07
3.2796e-07
3.2905e-07
3.3013e-07
3.3122e-07
3.3231e-07
3.3341e-07
3.3451e-07
3.3561e-07
3.3671e-07
3.3782e-07
3.3893e-07
3.4005e-07
3.4116e-07
3.4228e-07
3.4341e-07
3.4454e-07
3.4567e-07
3.468e-07
3.4794e-07
3.4908e-07
3.5022e-07
3.5137e-07
3.5252e-07
3.5368e-07
3.5484e-07
3.56e-07
3.5716e-07
3.5833e-07
3.595e-07
3.6067e-07
3.6185e-07
3.6303e-07
3.6422e-07
3.6541e-07
3.666e-07
3.678e-07
3.6899e-07
3.702e-07
3.714e-07
3.7261e-07
3.7382e-07
3.7504e-07
3.7626e-07
3.7748e-07
3.7871e-07
3.7994e-07
3.8118e-07
3.8241e-07
3.8365e-07
3.849e-07
3.8615e-07
3.874e-07
3.8866e-07
3.8991e-07
3.9118e-07
3.9244e-07
3.9371e-07
3.9499e-07
3.9627e-07
3.9755e-07
3.9883e-07
4.0012e-07
4.0141e-07
4.0271e-07
4.0401e-07
4.0531e-07
4.0662e-07
4.0793e-07
4.0924e-07
4.1056e-07
4.1188e-07
4.1321e-07
4.1454e-07
4.1587e-07
4.1721e-07
4.1855e-07
4.199e-07
4.2124e-07
4.226e-07
4.2395e-07
4.2531e-07
4.2668e-07
4.2805e-07
4.2942e-07
4.3079e-07
4.3217e-07
4.3356e-07
4.3494e-07
4.3634e-07
4.3773e-07
4.3913e-07
4.4053e-07
4.4194e-07
4.4335e-07
4.4477e-07
4.4619e-07
4.4761e-07
4.4904e-07
4.5047e-07
4.519e-07
4.5334e-07
4.5479e-07
4.5623e-07
4.5769e-07
4.5914e-07
4.606e-07
4.6206e-07
4.6353e-07
4.65e-07
4.6648e-07
4.6796e-07
4.6945e-07
4.7093e-07
4.7243e-07
4.7392e-07
4.7542e-07
4.7693e-07
4.7844e-07
4.7995e-07
4.8147e-07
4.8299e-07
4.8452e-07
4.8605e-07
4.8759e-07
4.8912e-07
4.9067e-07
4.9222e-07
4.9377e-07
4.9532e-07
4.9688e-07
4.9845e-07
5.0002e-07
5.0159e-07
5.0317e-07
5.0475e-07
5.0634e-07
5.0793e-07
5.0953e-07
5.1113e-07
5.1273e-07
5.1434e-07
5.1595e-07
5.1757e-07
5.1919e-07
5.2082e-07
5.2245e-07
5.2409e-07
5.2573e-07
5.2737e-07
5.2902e-07
5.3067e-07
5.3233e-07
5.34e-07
5.3566e-07
5.3733e-07
5.3901e-07
5.4069e-07
5.4238e-07
5.4407e-07
5.4576e-07
5.4746e-07
5.4917e-07
5.5088e-07
5.5259e-07
5.5431e-07
5.5603e-07
5.5776e-07
5.5949e-07
5.6123e-07
5.6297e-07
5.6471e-07
5.6647e-07
5.6822e-07
5.6998e-07
5.7175e-07
5.7352e-07
5.7529e-07
5.7707e-07
5.7886e-07
5.8065e-07
5.8244e-07
5.8424e-07
5.8604e-07
5.8785e-07
5.8967e-07
5.9149e-07
5.9331e-07
5.9514e-07
5.9697e-07
5.9881e-07
6.0065e-07
6.025e-07
6.0435e-07
6.0621e-07
6.0808e-07
6.0994e-07
6.1182e-07
6.1369e-07
6.1558e-07
6.1747e-07
6.1936e-07
6.2126e-07
6.2316e-07
6.2507e-07
6.2698e-07
6.289e-07
6.3083e-07
6.3275e-07
6.3469e-07
6.3663e-07
6.3857e-07
6.4052e-07
6.4248e-07
6.4444e-07
6.464e-07
6.4837e-07
6.5035e-07
6.5233e-07
6.5432e-07
6.5631e-07
6.583e-07
6.6031e-07
6.6231e-07
6.6433e-07
6.6634e-07
6.6837e-07
6.704e-07
6.7243e-07
6.7447e-07
6.7651e-07
6.7856e-07
6.8062e-07
6.8268e-07
6.8475e-07
6.8682e-07
6.8889e-07
6.9098e-07
6.9306e-07
6.9516e-07
6.9726e-07
6.9936e-07
7.0147e-07
7.0359e-07
7.0571e-07
7.0784e-07
7.0997e-07
7.1211e-07
7.1425e-07
7.164e-07
7.1855e-07
7.2071e-07
7.2288e-07
7.2505e-07
7.2723e-07
7.2941e-07
7.316e-07
7.3379e-07
7.3599e-07
7.382e-07
7.4041e-07
7.4262e-07
7.4485e-07
7.4708e-07
7.4931e-07
7.5155e-07
7.538e-07
7.5605e-07
7.583e-07
7.6057e-07
7.6284e-07
7.6511e-07
7.6739e-07
7.6968e-07
7.7197e-07
7.7427e-07
7.7657e-07
7.7888e-07
7.812e-07
7.8352e-07
7.8585e-07
7.8818e-07
7.9052e-07
7.9287e-07
7.9522e-07
7.9758e-07
7.9995e-07
8.0232e-07
8.0469e-07
8.0707e-07
8.0946e-07
8.1186e-07
8.1426e-07
8.1666e-07
8.1908e-07
8.215e-07
8.2392e-07
8.2635e-07
8.2879e-07
8.3123e-07
8.3368e-07
8.3614e-07
8.386e-07
8.4107e-07
8.4354e-07
8.4602e-07
8.4851e-07
8.51e-07
8.535e-07
8.5601e-07
8.5852e-07
8.6104e-07
8.6357e-07
8.661e-07
8.6864e-07
8.7118e-07
8.7373e-07
8.7629e-07
8.7885e-07
8.8142e-07
8.84e-07
8.8658e-07
8.8917e-07
8.9177e-07
8.9437e-07
8.9698e-07
8.9959e-07
9.0221e-07
9.0484e-07
9.0748e-07
9.1012e-07
9.1277e-07
9.1542e-07
9.1808e-07
9.2075e-07
9.2343e-07
9.2611e-07
9.2879e-07
9.3149e-07
9.3419e-07
9.369e-07
9.3961e-07
9.4233e-07
9.4506e-07
9.478e-07
9.5054e-07
9.5329e-07
9.5604e-07
9.5881e-07
9.6157e-07
9.6435e-07
9.6713e-07
9.6992e-07
9.7272e-07
9.7552e-07
9.7833e-07
9.8115e-07
9.8397e-07
9.868e-07
9.8964e-07
9.9249e-07
9.9534e-07
9.982e-07
1.0011e-06
1.0039e-06
1.0068e-06
1.0097e-06
1.0126e-06
1.0155e-06
1.0184e-06
1.0213e-06
1.0242e-06
1.0272e-06
1.0301e-06
1.0331e-06
1.036e-06
1.039e-06
1.0419e-06
1.0449e-06
1.0479e-06
1.0509e-06
1.0539e-06
1.0569e-06
1.0599e-06
1.0629e-06
1.0659e-06
1.0689e-06
1.072e-06
1.075e-06
1.0781e-06
1.0811e-06
1.0842e-06
1.0873e-06
1.0904e-06
1.0934e-06
1.0965e-06
1.0996e-06
1.1028e-06
1.1059e-06
1.109e-06
1.1121e-06
1.1153e-06
1.1184e-06
1.1216e-06
1.1247e-06
1.1279e-06
1.1311e-06
1.1343e-06
1.1375e-06
1.1407e-06
1.1439e-06
1.1471e-06
1.1503e-06
1.1536e-06
1.1568e-06
1.1601e-06
1.1633e-06
1.1666e-06
1.1698e-06
1.1731e-06
1.1764e-06
1.1797e-06
1.183e-06
1.1863e-06
1.1896e-06
1.193e-06
1.1963e-06
1.1996e-06
1.203e-06
1.2063e-06
1.2097e-06
1.2131e-06
1.2165e-06
1.2199e-06
1.2232e-06
1.2267e-06
1.2301e-06
1.2335e-06
1.2369e-06
1.2404e-06
1.2438e-06
1.2472e-06
1.2507e-06
1.2542e-06
1.2577e-06
1.2611e-06
1.2646e-06
1.2681e-06
1.2716e-06
1.2752e-06
1.2787e-06
1.2822e-06
1.2858e-06
1.2893e-06
1.2929e-06
1.2964e-06
1.3e-06
1.3036e-06
1.3072e-06
1.3108e-06
1.3144e-06
1.318e-06
1.3216e-06
1.3253e-06
1.3289e-06
1.3326e-06
1.3362e-06
1.3399e-06
1.3436e-06
1.3473e-06
1.351e-06
1.3547e-06
1.3584e-06
1.3621e-06
1.3658e-06
1.3695e-06
1.3733e-06
1.377e-06
1.3808e-06
1.3846e-06
1.3884e-06
1.3921e-06
1.3959e-06
1.3997e-06
1.4035e-06
1.4074e-06
1.4112e-06
1.415e-06
1.4189e-06
1.4227e-06
1.4266e-06
1.4305e-06
1.4344e-06
1.4383e-06
1.4422e-06
1.4461e-06
1.45e-06
1.4539e-06
1.4578e-06
1.4618e-06
1.4657e-06
1.4697e-06
1.4737e-06
1.4777e-06
1.4816e-06
1.4856e-06
1.4897e-06
1.4937e-06
1.4977e-06
1.5017e-06
1.5058e-06
1.5098e-06
1.5139e-06
1.518e-06
1.522e-06
1.5261e-06
1.5302e-06
1.5343e-06
1.5384e-06
1.5426e-06
1.5467e-06
1.5508e-06
1.555e-06
1.5592e-06
1.5633e-06
1.5675e-06
1.5717e-06
1.5759e-06
1.5801e-06
1.5843e-06
1.5885e-06
1.5928e-06
1.597e-06
1.6013e-06
1.6055e-06
1.6098e-06
1.6141e-06
1.6184e-06
1.6227e-06
1.627e-06
1.6313e-06
1.6357e-06
1.64e-06
1.6444e-06
1.6487e-06
1.6531e-06
1.6575e-06
1.6618e-06
1.6662e-06
1.6707e-06
1.6751e-06
1.6795e-06
1.6839e-06
1.6884e-06
1.6928e-06
1.6973e-06
1.7018e-06
1.7063e-06
1.7107e-06
1.7153e-06
1.7198e-06
1.7243e-06
1.7288e-06
1.7334e-06
1.7379e-06
1.7425e-06
1.7471e-06
1.7516e-06
1.7562e-06
1.7608e-06
1.7654e-06
1.7701e-06
1.7747e-06
1.7793e-06
1.784e-06
1.7886e-06
1.7933e-06
1.798e-06
1.8027e-06
1.8074e-06
1.8121e-06
1.8168e-06
1.8216e-06
1.8263e-06
1.8311e-06
1.8358e-06
1.8406e-06
1.8454e-06
1.8502e-06
1.855e-06
1.8598e-06
1.8646e-06
1.8694e-06
1.8743e-06
1.8791e-06
1.884e-06
1.8889e-06
1.8938e-06
1.8987e-06
1.9036e-06
1.9085e-06
1.9134e-06
1.9183e-06
1.9233e-06
1.9282e-06
1.9332e-06
1.9382e-06
1.9432e-06
1.9482e-06
1.9532e-06
1.9582e-06
1.9632e-06
1.9683e-06
1.9733e-06
1.9784e-06
1.9835e-06
1.9886e-06
1.9937e-06
1.9988e-06
2.0039e-06
2.009e-06
2.0141e-06
2.0193e-06
2.0244e-06
2.0296e-06
2.0348e-06
2.04e-06
2.0452e-06
2.0504e-06
2.0556e-06
2.0609e-06
2.0661e-06
2.0714e-06
2.0766e-06
2.0819e-06
2.0872e-06
2.0925e-06
2.0978e-06
2.1031e-06
2.1084e-06
2.1138e-06
2.1191e-06
2.1245e-06
2.1299e-06
2.1353e-06
2.1407e-06
2.1461e-06
2.1515e-06
2.1569e-06
2.1624e-06
2.1678e-06
2.1733e-06
2.1788e-06
2.1842e-06
2.1897e-06
2.1953e-06
2.2008e-06
2.2063e-06
2.2118e-06
2.2174e-06
2.223e-06
2.2285e-06
2.2341e-06
2.2397e-06
2.2453e-06
2.251e-06
2.2566e-06
2.2622e-06
2.2679e-06
2.2736e-06
2.2792e-06
2.2849e-06
2.2906e-06
2.2963e-06
2.3021e-06
2.3078e-06
2.3135e-06
2.3193e-06
2.3251e-06
2.3308e-06
2.3366e-06
2.3424e-06
2.3483e-06
2.3541e-06
2.3599e-06
2.3658e-06
2.3716e-06
2.3775e-06
2.3834e-06
2.3893e-06
2.3952e-06
2.4011e-06
2.4071e-06
2.413e-06
2.419e-06
2.4249e-06
2.4309e-06
2.4369e-06
2.4429e-06
2.4489e-06
2.4549e-06
2.461e-06
2.467e-06
2.4731e-06
2.4792e-06
2.4852e-06
2.4913e-06
2.4974e-06
2.5036e-06
2.5097e-06
2.5158e-06
2.522e-06
2.5282e-06
2.5344e-06
2.5405e-06
2.5468e-06
2.553e-06
2.5592e-06
2.5654e-06
2.5717e-06
2.578e-06
2.5842e-06
2.5905e-06
2.5968e-06
2.6031e-06
2.6095e-06
2.6158e-06
2.6222e-06
2.6285e-06
2.6349e-06
2.6413e-06
2.6477e-06
2.6541e-06
2.6605e-06
2.667e-06
2.6734e-06
2.6799e-06
2.6863e-06
2.6928e-06
2.6993e-06
2.7058e-06
2.7124e-06
2.7189e-06
2.7254e-06
2.732e-06
2.7386e-06
2.7452e-06
2.7518e-06
2.7584e-06
2.765e-06
2.7716e-06
2.7783e-06
2.7849e-06
2.7916e-06
2.7983e-06
2.805e-06
2.8117e-06
2.8184e-06
2.8252e-06
2.8319e-06
2.8387e-06
2.8455e-06
2.8522e-06
2.859e-06
2.8659e-06
2.8727e-06
2.8795e-06
2.8864e-06
2.8932e-06
2.9001e-06
2.907e-06
2.9139e-06
2.9208e-06
2.9277e-06
2.9347e-06
2.9416e-06
2.9486e-06
2.9556e-06
2.9626e-06
2.9696e-06
2.9766e-06
2.9836e-06
2.9907e-06
2.9977e-06
3.0048e-06
3.0119e-06
3.019e-06
3.0261e-06
3.0332e-06
3.0403e-06
3.0475e-06
3.0546e-06
3.0618e-06
3.069e-06
3.0762e-06
3.0834e-06
3.0906e-06
3.0979e-06
3.1051e-06
3.1124e-06
3.1197e-06
3.127e-06
3.1343e-06
3.1416e-06
3.1489e-06
3.1563e-06
3.1636e-06
3.171e-06
3.1784e-06
3.1858e-06
3.1932e-06
3.2006e-06
3.2081e-06
3.2155e-06
3.223e-06
3.2305e-06
3.238e-06
3.2455e-06
3.253e-06
3.2605e-06
3.2681e-06
3.2756e-06
3.2832e-06
3.2908e-06
3.2984e-06
3.306e-06
3.3136e-06
3.3213e-06
3.3289e-06
3.3366e-06
3.3443e-06
3.352e-06
3.3597e-06
3.3674e-06
3.3751e-06
3.3829e-06
3.3906e-06
3.3984e-06
3.4062e-06
3.414e-06
3.4218e-06
3.4297e-06
3.4375e-06
3.4454e-06
3.4532e-06
3.4611e-06
3.469e-06
3.4769e-06
3.4849e-06
3.4928e-06
3.5008e-06
3.5087e-06
3.5167e-06
3.5247e-06
3.5327e-06
3.5408e-06
3.5488e-06
3.5569e-06
3.5649e-06
3.573e-06
3.5811e-06
3.5892e-06
3.5973e-06
3.6055e-06
3.6136e-06
3.6218e-06
3.63e-06
3.6382e-06
3.6464e-06
3.6546e-06
3.6628e-06
3.6711e-06
3.6793e-06
3.6876e-06
3.6959e-06
3.7042e-06
3.7125e-06
3.7209e-06
3.7292e-06
3.7376e-06
3.746e-06
3.7543e-06
3.7628e-06
3.7712e-06
3.7796e-06
3.7881e-06
3.7965e-06
3.805e-06
3.8135e-06
3.822e-06
3.8305e-06
3.839e-06
3.8476e-06
3.8562e-06
3.8647e-06
3.8733e-06
3.8819e-06
3.8905e-06
3.8992e-06
3.9078e-06
3.9165e-06
3.9252e-06
3.9339e-06
3.9426e-06
3.9513e-06
3.96e-06
3.9688e-06
3.9775e-06
3.9863e-06
3.9951e-06
4.0039e-06
4.0127e-06
4.0216e-06
4.0304e-06
4.0393e-06
4.0482e-06
4.0571e-06
4.066e-06
4.0749e-06
4.0838e-06
4.0928e-06
4.1018e-06
4.1107e-06
4.1197e-06
4.1288e-06
4.1378e-06
4.1468e-06
4.1559e-06
4.165e-06
4.174e-06
4.1831e-06
4.1923e-06
4.2014e-06
4.2105e-06
4.2197e-06
4.2289e-06
4.2381e-06
4.2473e-06
4.2565e-06
4.2657e-06
4.275e-06
4.2842e-06
4.2935e-06
4.3028e-06
4.3121e-06
4.3214e-06
4.3308e-06
4.3401e-06
4.3495e-06
4.3589e-06
4.3683e-06
4.3777e-06
4.3871e-06
4.3965e-06
4.406e-06
4.4155e-06
4.425e-06
4.4345e-06
4.444e-06
4.4535e-06
4.4631e-06
4.4726e-06
4.4822e-06
4.4918e-06
4.5014e-06
4.511e-06
4.5207e-06
4.5303e-06
4.54e-06
4.5497e-06
4.5594e-06
4.5691e-06
4.5788e-06
4.5885e-06
4.5983e-06
4.6081e-06
4.6179e-06
4.6277e-06
4.6375e-06
4.6473e-06
4.6572e-06
4.667e-06
4.6769e-06
4.6868e-06
4.6967e-06
4.7066e-06
4.7166e-06
4.7265e-06
4.7365e-06
4.7465e-06
4.7565e-06
4.7665e-06
4.7765e-06
4.7866e-06
4.7966e-06
4.8067e-06
4.8168e-06
4.8269e-06
4.8371e-06
4.8472e-06
4.8573e-06
4.8675e-06
4.8777e-06
4.8879e-06
4.8981e-06
4.9083e-06
4.9186e-06
4.9289e-06
4.9391e-06
4.9494e-06
4.9597e-06
4.9701e-06
4.9804e-06
4.9908e-06
5.0011e-06
5.0115e-06
5.0219e-06
5.0323e-06
5.0428e-06
5.0532e-06
5.0637e-06
5.0741e-06
5.0846e-06
5.0951e-06
5.1057e-06
5.1162e-06
5.1268e-06
5.1373e-06
5.1479e-06
5.1585e-06
5.1691e-06
5.1798e-06
5.1904e-06
5.2011e-06
5.2118e-06
5.2225e-06
5.2332e-06
5.2439e-06
5.2547e-06
5.2654e-06
5.2762e-06
5.287e-06
5.2978e-06
5.3086e-06
5.3194e-06
5.3303e-06
5.3412e-06
5.352e-06
5.3629e-06
5.3739e-06
5.3848e-06
5.3957e-06
5.4067e-06
5.4177e-06
5.4287e-06
5.4397e-06
5.4507e-06
5.4617e-06
5.4728e-06
5.4839e-06
5.4949e-06
5.506e-06
5.5172e-06
5.5283e-06
5.5394e-06
5.5506e-06
5.5618e-06
5.573e-06
5.5842e-06
5.5954e-06
5.6067e-06
5.6179e-06
5.6292e-06
5.6405e-06
5.6518e-06
5.6631e-06
5.6745e-06
5.6858e-06
5.6972e-06
5.7086e-06
5.72e-06
5.7314e-06
5.7428e-06
5.7543e-06
5.7658e-06
5.7772e-06
5.7887e-06
5.8002e-06
5.8118e-06
5.8233e-06
5.8349e-06
5.8465e-06
5.858e-06
5.8697e-06
5.8813e-06
5.8929e-06
5.9046e-06
5.9162e-06
5.9279e-06
5.9396e-06
5.9514e-06
5.9631e-06
5.9748e-06
5.9866e-06
5.9984e-06
6.0102e-06
6.022e-06
6.0338e-06
6.0457e-06
6.0575e-06
6.0694e-06
6.0813e-06
6.0932e-06
6.1051e-06
6.1171e-06
6.129e-06
6.141e-06
6.153e-06
6.165e-06
6.177e-06
6.1891e-06
6.2011e-06
6.2132e-06
6.2253e-06
6.2374e-06
6.2495e-06
6.2616e-06
6.2738e-06
6.2859e-06
6.2981e-06
6.3103e-06
6.3225e-06
6.3347e-06
6.347e-06
6.3592e-06
6.3715e-06
6.3838e-06
6.3961e-06
6.4084e-06
6.4208e-06
6.4331e-06
6.4455e-06
6.4579e-06
6.4703e-06
6.4827e-06
6.4951e-06
6.5076e-06
6.5201e-06
6.5325e-06
6.545e-06
6.5576e-06
6.5701e-06
6.5826e-06
6.5952e-06
6.6078e-06
6.6204e-06
6.633e-06
6.6456e-06
6.6582e-06
6.6709e-06
6.6836e-06
6.6963e-06
6.709e-06
6.7217e-06
6.7344e-06
6.7472e-06
6.7599e-06
6.7727e-06
6.7855e-06
6.7983e-06
6.8112e-06
6.824e-06
6.8369e-06
6.8498e-06
6.8627e-06
6.8756e-06
6.8885e-06
6.9015e-06
6.9144e-06
6.9274e-06
6.9404e-06
6.9534e-06
6.9664e-06
6.9795e-06
6.9925e-06
7.0056e-06
7.0187e-06
7.0318e-06
7.0449e-06
7.058e-06
7.0712e-06
7.0843e-06
7.0975e-06
7.1107e-06
7.1239e-06
7.1372e-06
7.1504e-06
7.1637e-06
7.1769e-06
7.1902e-06
7.2036e-06
7.2169e-06
7.2302e-06
7.2436e-06
7.2569e-06
7.2703e-06
7.2837e-06
7.2972e-06
7.3106e-06
7.324e-06
7.3375e-06
7.351e-06
7.3645e-06
7.378e-06
7.3915e-06
7.4051e-06
7.4187e-06
7.4322e-06
7.4458e-06
7.4594e-06
7.4731e-06
7.4867e-06
7.5004e-06
7.514e-06
7.5277e-06
7.5414e-06
7.5551e-06
7.5689e-06
7.5826e-06
7.5964e-06
7.6102e-06
7.624e-06
7.6378e-06
7.6516e-06
7.6655e-06
7.6793e-06
7.6932e-06
7.7071e-06
7.721e-06
7.7349e-06
7.7489e-06
7.7628e-06
7.7768e-06
7.7908e-06
7.8048e-06
7.8188e-06
7.8329e-06
7.8469e-06
7.861e-06
7.8751e-06
7.8891e-06
7.9033e-06
7.9174e-06
7.9315e-06
7.9457e-06
7.9599e-06
7.9741e-06
7.9883e-06
8.0025e-06
8.0167e-06
8.031e-06
8.0452e-06
8.0595e-06
8.0738e-06
8.0881e-06
8.1025e-06
8.1168e-06
8.1312e-06
8.1456e-06
8.1599e-06
8.1744e-06
8.1888e-06
8.2032e-06
8.2177e-06
8.2321e-06
8.2466e-06
8.2611e-06
8.2756e-06
8.2902e-06
8.3047e-06
8.3193e-06
8.3339e-06
8.3485e-06
8.3631e-06
8.3777e-06
8.3923e-06
8.407e-06
8.4216e-06
8.4363e-06
8.451e-06
8.4657e-06
8.4805e-06
8.4952e-06
8.51e-06
8.5248e-06
8.5396e-06
8.5544e-06
8.5692e-06
8.584e-06
8.5989e-06
8.6137e-06
8.6286e-06
8.6435e-06
8.6584e-06
8.6734e-06
8.6883e-06
8.7033e-06
8.7182e-06
8.7332e-06
8.7482e-06
8.7633e-06
8.7783e-06
8.7933e-06
8.8084e-06
8.8235e-06
8.8386e-06
8.8537e-06
8.8688e-06
8.884e-06
8.8991e-06
8.9143e-06
8.9295e-06
8.9447e-06
8.9599e-06
8.9751e-06
8.9904e-06
9.0056e-06
9.0209e-06
9.0362e-06
9.0515e-06
9.0668e-06
9.0821e-06
9.0975e-06
9.1129e-06
9.1282e-06
9.1436e-06
9.159e-06
9.1745e-06
9.1899e-06
9.2054e-06
9.2208e-06
9.2363e-06
9.2518e-06
9.2673e-06
9.2828e-06
9.2984e-06
9.3139e-06
9.3295e-06
9.3451e-06
9.3607e-06
9.3763e-06
9.3919e-06
9.4076e-06
9.4233e-06
9.4389e-06
9.4546e-06
9.4703e-06
9.486e-06
9.5018e-06
9.5175e-06
9.5333e-06
9.549e-06
9.5648e-06
9.5806e-06
9.5965e-06
9.6123e-06
9.6281e-06
9.644e-06
9.6599e-06
9.6758e-06
9.6917e-06
9.7076e-06
9.7235e-06
9.7395e-06
9.7554e-06
9.7714e-06
9.7874e-06
9.8034e-06
9.8194e-06
9.8355e-06
9.8515e-06
9.8676e-06
9.8836e-06
9.8997e-06
9.9158e-06
9.9319e-06
9.9481e-06
9.9642e-06
9.9804e-06
9.9966e-06
1.0013e-05
1.0029e-05
1.0045e-05
1.0061e-05
1.0078e-05
1.0094e-05
1.011e-05
1.0126e-05
1.0143e-05
1.0159e-05
1.0175e-05
1.0192e-05
1.0208e-05
1.0224e-05
1.0241e-05
1.0257e-05
1.0274e-05
1.029e-05
1.0307e-05
1.0323e-05
1.0339e-05
1.0356e-05
1.0372e-05
1.0389e-05
1.0405e-05
1.0422e-05
1.0439e-05
1.0455e-05
1.0472e-05
1.0488e-05
1.0505e-05
1.0521e-05
1.0538e-05
1.0555e-05
1.0571e-05
1.0588e-05
1.0605e-05
1.0621e-05
1.0638e-05
1.0655e-05
1.0672e-05
1.0688e-05
1.0705e-05
1.0722e-05
1.0739e-05
1.0755e-05
1.0772e-05
1.0789e-05
1.0806e-05
1.0823e-05
1.084e-05
1.0857e-05
1.0873e-05
1.089e-05
1.0907e-05
1.0924e-05
1.0941e-05
1.0958e-05
1.0975e-05
1.0992e-05
1.1009e-05
1.1026e-05
1.1043e-05
1.106e-05
1.1077e-05
1.1094e-05
1.1111e-05
1.1128e-05
1.1145e-05
1.1163e-05
1.118e-05
1.1197e-05
1.1214e-05
1.1231e-05
1.1248e-05
1.1265e-05
1.1283e-05
1.13e-05
1.1317e-05
1.1334e-05
1.1352e-05
1.1369e-05
1.1386e-05
1.1403e-05
1.1421e-05
1.1438e-05
1.1455e-05
1.1473e-05
1.149e-05
1.1507e-05
1.1525e-05
1.1542e-05
1.156e-05
1.1577e-05
1.1594e-05
1.1612e-05
1.1629e-05
1.1647e-05
1.1664e-05
1.1682e-05
1.1699e-05
1.1717e-05
1.1734e-05
1.1752e-05
1.1769e-05
1.1787e-05
1.1804e-05
1.1822e-05
1.184e-05
1.1857e-05
1.1875e-05
1.1892e-05
1.191e-05
1.1928e-05
1.1945e-05
1.1963e-05
1.1981e-05
1.1998e-05
1.2016e-05
1.2034e-05
1.2052e-05
1.2069e-05
1.2087e-05
1.2105e-05
1.2123e-05
1.214e-05
1.2158e-05
1.2176e-05
1.2194e-05
1.2212e-05
1.2229e-05
1.2247e-05
1.2265e-05
1.2283e-05
1.2301e-05
1.2319e-05
1.2337e-05
1.2355e-05
1.2373e-05
1.239e-05
1.2408e-05
1.2426e-05
1.2444e-05
1.2462e-05
1.248e-05
1.2498e-05
1.2516e-05
1.2534e-05
1.2552e-05
1.257e-05
1.2588e-05
1.2607e-05
1.2625e-05
1.2643e-05
1.2661e-05
1.2679e-05
1.2697e-05
1.2715e-05
1.2733e-05
1.2751e-05
1.277e-05
1.2788e-05
1.2806e-05
1.2824e-05
1.2842e-05
1.2861e-05
1.2879e-05
1.2897e-05
1.2915e-05
1.2934e-05
1.2952e-05
1.297e-05
1.2988e-05
1.3007e-05
1.3025e-05
1.3043e-05
1.3062e-05
1.308e-05
1.3098e-05
1.3117e-05
1.3135e-05
1.3153e-05
1.3172e-05
1.319e-05
1.3209e-05
1.3227e-05
1.3245e-05
1.3264e-05
1.3282e-05
1.3301e-05
1.3319e-05
1.3338e-05
1.3356e-05
1.3375e-05
1.3393e-05
1.3412e-05
1.343e-05
1.3449e-05
1.3467e-05
1.3486e-05
1.3504e-05
1.3523e-05
1.3541e-05
1.356e-05
1.3579e-05
1.3597e-05
1.3616e-05
1.3634e-05
1.3653e-05
1.3672e-05
1.369e-05
1.3709e-05
1.3728e-05
1.3746e-05
1.3765e-05
1.3784e-05
1.3802e-05
1.3821e-05
1.384e-05
1.3858e-05
1.3877e-05
1.3896e-05
1.3915e-05
1.3933e-05
1.3952e-05
1.3971e-05
1.399e-05
1.4008e-05
1.4027e-05
1.4046e-05
1.4065e-05
1.4084e-05
1.4102e-05
1.4121e-05
1.414e-05
1.4159e-05
1.4178e-05
1.4197e-05
1.4216e-05
1.4234e-05
1.4253e-05
1.4272e-05
1.4291e-05
1.431e-05
1.4329e-05
1.4348e-05
1.4367e-05
1.4386e-05
1.4405e-05
1.4424e-05
1.4443e-05
1.4462e-05
1.4481e-05
1.45e-05
1.4519e-05
1.4538e-05
1.4557e-05
1.4576e-05
1.4595e-05
1.4614e-05
1.4633e-05
1.4652e-05
1.4671e-05
1.469e-05
1.4709e-05
1.4728e-05
1.4747e-05
1.4766e-05
1.4785e-05
1.4804e-05
1.4823e-05
1.4842e-05
1.4862e-05
1.4881e-05
1.49e-05
1.4919e-05
1.4938e-05
1.4957e-05
1.4976e-05
1.4996e-05
1.5015e-05
1.5034e-05
1.5053e-05
1.5072e-05
1.5091e-05
1.5111e-05
1.513e-05
1.5149e-05
1.5168e-05
1.5188e-05
1.5207e-05
1.5226e-05
1.5245e-05
1.5264e-05
1.5284e-05
1.5303e-05
1.5322e-05
1.5341e-05
1.5361e-05
1.538e-05
1.5399e-05
1.5419e-05
1.5438e-05
1.5457e-05
1.5476e-05
1.5496e-05
1.5515e-05
1.5534e-05
1.5554e-05
1.5573e-05
1.5592e-05
1.5612e-05
1.5631e-05
1.565e-05
1.567e-05
1.5689e-05
1.5709e-05
1.5728e-05
1.5747e-05
1.5767e-05
1.5786e-05
1.5805e-05
1.5825e-05
1.5844e-05
1.5864e-05
1.5883e-05
1.5902e-05
1.5922e-05
1.5941e-05
1.5961e-05
1.598e-05
1.6e-05
1.6019e-05
1.6038e-05
1.6058e-05
1.6077e-05
1.6097e-05
1.6116e-05
1.6136e-05
1.6155e-05
1.6175e-05
1.6194e-05
1.6214e-05
1.6233e-05
1.6252e-05
1.6272e-05
1.6291e-05
1.6311e-05
1.633e-05
1.635e-05
1.6369e-05
1.6389e-05
1.6408e-05
1.6428e-05
1.6447e-05
1.6467e-05
1.6487e-05
1.6506e-05
1.6526e-05
1.6545e-05
1.6565e-05
1.6584e-05
1.6604e-05
1.6623e-05
1.6643e-05
1.6662e-05
1.6682e-05
1.6701e-05
1.6721e-05
1.6741e-05
1.676e-05
1.678e-05
1.6799e-05
1.6819e-05
1.6838e-05
1.6858e-05
1.6878e-05
1.6897e-05
1.6917e-05
1.6936e-05
1.6956e-05
1.6975e-05
1.6995e-05
1.7015e-05
1.7034e-05
1.7054e-05
1.7073e-05
1.7093e-05
1.7113e-05
1.7132e-05
1.7152e-05
1.7171e-05
1.7191e-05
1.7211e-05
1.723e-05
1.725e-05
1.7269e-05
1.7289e-05
1.7309e-05
1.7328e-05
1.7348e-05
1.7367e-05
1.7387e-05
1.7407e-05
1.7426e-05
1.7446e-05
1.7466e-05
1.7485e-05
1.7505e-05
1.7524e-05
1.7544e-05
1.7564e-05
1.7583e-05
1.7603e-05
1.7623e-05
1.7642e-05
1.7662e-05
1.7681e-05
1.7701e-05
1.7721e-05
1.774e-05
1.776e-05
1.7779e-05
1.7799e-05
1.7819e-05
1.7838e-05
1.7858e-05
1.7878e-05
1.7897e-05
1.7917e-05
1.7936e-05
1.7956e-05
1.7976e-05
1.7995e-05
1.8015e-05
1.8035e-05
1.8054e-05
1.8074e-05
1.8093e-05
1.8113e-05
1.8133e-05
1.8152e-05
1.8172e-05
1.8192e-05
1.8211e-05
1.8231e-05
1.825e-05
1.827e-05
1.829e-05
1.8309e-05
1.8329e-05
1.8348e-05
1.8368e-05
1.8388e-05
1.8407e-05
1.8427e-05
1.8446e-05
1.8466e-05
1.8486e-05
1.8505e-05
1.8525e-05
1.8544e-05
1.8564e-05
1.8584e-05
1.8603e-05
1.8623e-05
1.8642e-05
1.8662e-05
1.8682e-05
1.8701e-05
1.8721e-05
1.874e-05
1.876e-05
1.8779e-05
1.8799e-05
1.8818e-05
1.8838e-05
1.8858e-05
1.8877e-05
1.8897e-05
1.8916e-05
1.8936e-05
1.8955e-05
1.8975e-05
1.8994e-05
1.9014e-05
1.9033e-05
1.9053e-05
1.9072e-05
1.9092e-05
1.9112e-05
1.9131e-05
1.9151e-05
1.917e-05
1.919e-05
1.9209e-05
1.9229e-05
1.9248e-05
1.9268e-05
1.9287e-05
1.9306e-05
1.9326e-05
1.9345e-05
1.9365e-05
1.9384e-05
1.9404e-05
1.9423e-05
1.9443e-05
1.9462e-05
1.9482e-05
1.9501e-05
1.952e-05
1.954e-05
1.9559e-05
1.9579e-05
1.9598e-05
1.9618e-05
1.9637e-05
1.9656e-05
1.9676e-05
1.9695e-05
1.9715e-05
1.9734e-05
1.9753e-05
1.9773e-05
1.9792e-05
1.9811e-05
1.9831e-05
1.985e-05
1.987e-05
1.9889e-05
1.9908e-05
1.9928e-05
1.9947e-05
1.9966e-05
1.9985e-05
2.0005e-05
2.0024e-05
2.0043e-05
2.0063e-05
2.0082e-05
2.0101e-05
2.0121e-05
2.014e-05
2.0159e-05
2.0178e-05
2.0198e-05
2.0217e-05
2.0236e-05
2.0255e-05
2.0274e-05
2.0294e-05
2.0313e-05
2.0332e-05
2.0351e-05
2.0371e-05
2.039e-05
2.0409e-05
2.0428e-05
2.0447e-05
2.0466e-05
2.0486e-05
2.0505e-05
2.0524e-05
2.0543e-05
2.0562e-05
2.0581e-05
2.06e-05
2.0619e-05
2.0638e-05
2.0658e-05
2.0677e-05
2.0696e-05
2.0715e-05
2.0734e-05
2.0753e-05
2.0772e-05
2.0791e-05
2.081e-05
2.0829e-05
2.0848e-05
2.0867e-05
2.0886e-05
2.0905e-05
2.0924e-05
2.0943e-05
2.0962e-05
2.0981e-05
2.1e-05
2.1019e-05
2.1038e-05
2.1057e-05
2.1075e-05
2.1094e-05
2.1113e-05
2.1132e-05
2.1151e-05
2.117e-05
2.1189e-05
2.1208e-05
2.1226e-05
2.1245e-05
2.1264e-05
2.1283e-05
2.1302e-05
2.132e-05
2.1339e-05
2.1358e-05
2.1377e-05
2.1395e-05
2.1414e-05
2.1433e-05
2.1452e-05
2.147e-05
2.1489e-05
2.1508e-05
2.1526e-05
2.1545e-05
2.1564e-05
2.1582e-05
2.1601e-05
2.162e-05
2.1638e-05
2.1657e-05
2.1676e-05
2.1694e-05
2.1713e-05
2.1731e-05
2.175e-05
2.1768e-05
2.1787e-05
2.1805e-05
2.1824e-05
2.1842e-05
2.1861e-05
2.1879e-05
2.1898e-05
2.1916e-05
2.1935e-05
2.1953e-05
2.1972e-05
2.199e-05
2.2009e-05
2.2027e-05
2.2045e-05
2.2064e-05
2.2082e-05
2.21e-05
2.2119e-05
2.2137e-05
2.2155e-05
2.2174e-05
2.2192e-05
2.221e-05
2.2229e-05
2.2247e-05
2.2265e-05
2.2283e-05
2.2301e-05
2.232e-05
2.2338e-05
2.2356e-05
2.2374e-05
2.2392e-05
2.241e-05
2.2429e-05
2.2447e-05
2.2465e-05
2.2483e-05
2.2501e-05
2.2519e-05
2.2537e-05
2.2555e-05
2.2573e-05
2.2591e-05
2.2609e-05
2.2627e-05
2.2645e-05
2.2663e-05
2.2681e-05
2.2699e-05
2.2717e-05
2.2735e-05
2.2753e-05
2.2771e-05
2.2788e-05
2.2806e-05
2.2824e-05
2.2842e-05
2.286e-05
2.2878e-05
2.2895e-05
2.2913e-05
2.2931e-05
2.2949e-05
2.2966e-05
2.2984e-05
2.3002e-05
2.3019e-05
2.3037e-05
2.3055e-05
2.3072e-05
2.309e-05
2.3108e-05
2.3125e-05
2.3143e-05
2.316e-05
2.3178e-05
2.3196e-05
2.3213e-05
2.3231e-05
2.3248e-05
2.3265e-05
2.3283e-05
2.33e-05
2.3318e-05
2.3335e-05
2.3353e-05
2.337e-05
2.3387e-05
2.3405e-05
2.3422e-05
2.3439e-05
2.3457e-05
2.3474e-05
2.3491e-05
2.3509e-05
2.3526e-05
2.3543e-05
2.356e-05
2.3577e-05
2.3595e-05
2.3612e-05
2.3629e-05
2.3646e-05
2.3663e-05
2.368e-05
2.3697e-05
2.3714e-05
2.3731e-05
2.3748e-05
2.3765e-05
2.3782e-05
2.3799e-05
2.3816e-05
2.3833e-05
2.385e-05
2.3867e-05
2.3884e-05
2.3901e-05
2.3918e-05
2.3935e-05
2.3952e-05
2.3968e-05
2.3985e-05
2.4002e-05
2.4019e-05
2.4035e-05
2.4052e-05
2.4069e-05
2.4085e-05
2.4102e-05
2.4119e-05
2.4135e-05
2.4152e-05
2.4169e-05
2.4185e-05
2.4202e-05
2.4218e-05
2.4235e-05
2.4251e-05
2.4268e-05
2.4284e-05
2.4301e-05
2.4317e-05
2.4334e-05
2.435e-05
2.4366e-05
2.4383e-05
2.4399e-05
2.4415e-05
2.4432e-05
2.4448e-05
2.4464e-05
2.4481e-05
2.4497e-05
2.4513e-05
2.4529e-05
2.4545e-05
2.4561e-05
2.4578e-05
2.4594e-05
2.461e-05
2.4626e-05
2.4642e-05
2.4658e-05
2.4674e-05
2.469e-05
2.4706e-05
2.4722e-05
2.4738e-05
2.4754e-05
2.477e-05
2.4785e-05
2.4801e-05
2.4817e-05
2.4833e-05
2.4849e-05
2.4865e-05
2.488e-05
2.4896e-05
2.4912e-05
2.4927e-05
2.4943e-05
2.4959e-05
2.4974e-05
2.499e-05
2.5006e-05
2.5021e-05
2.5037e-05
2.5052e-05
2.5068e-05
2.5083e-05
2.5099e-05
2.5114e-05
2.513e-05
2.5145e-05
2.516e-05
2.5176e-05
2.5191e-05
2.5206e-05
2.5222e-05
2.5237e-05
2.5252e-05
2.5267e-05
2.5283e-05
2.5298e-05
2.5313e-05
2.5328e-05
2.5343e-05
2.5358e-05
2.5373e-05
2.5388e-05
2.5404e-05
2.5419e-05
2.5434e-05
2.5449e-05
2.5463e-05
2.5478e-05
2.5493e-05
2.5508e-05
2.5523e-05
2.5538e-05
2.5553e-05
2.5567e-05
2.5582e-05
2.5597e-05
2.5612e-05
2.5626e-05
2.5641e-05
2.5656e-05
2.567e-05
2.5685e-05
2.57e-05
2.5714e-05
2.5729e-05
2.5743e-05
2.5758e-05
2.5772e-05
2.5787e-05
2.5801e-05
2.5815e-05
2.583e-05
2.5844e-05
2.5858e-05
2.5873e-05
2.5887e-05
2.5901e-05
2.5916e-05
2.593e-05
2.5944e-05
2.5958e-05
2.5972e-05
2.5986e-05
2.6e-05
2.6014e-05
2.6029e-05
2.6043e-05
2.6057e-05
2.6071e-05
2.6084e-05
2.6098e-05
2.6112e-05
2.6126e-05
2.614e-05
2.6154e-05
2.6168e-05
2.6181e-05
2.6195e-05
2.6209e-05
2.6223e-05
2.6236e-05
2.625e-05
2.6264e-05
2.6277e-05
2.6291e-05
2.6304e-05
2.6318e-05
2.6331e-05
2.6345e-05
2.6358e-05
2.6372e-05
2.6385e-05
2.6398e-05
2.6412e-05
2.6425e-05
2.6438e-05
2.6452e-05
2.6465e-05
2.6478e-05
2.6491e-05
2.6505e-05
2.6518e-05
2.6531e-05
2.6544e-05
2.6557e-05
2.657e-05
2.6583e-05
2.6596e-05
2.6609e-05
2.6622e-05
2.6635e-05
2.6648e-05
2.6661e-05
2.6673e-05
2.6686e-05
2.6699e-05
2.6712e-05
2.6724e-05
2.6737e-05
2.675e-05
2.6762e-05
2.6775e-05
2.6788e-05
2.68e-05
2.6813e-05
2.6825e-05
2.6838e-05
2.685e-05
2.6863e-05
2.6875e-05
2.6887e-05
2.69e-05
2.6912e-05
2.6924e-05
2.6937e-05
2.6949e-05
2.6961e-05
2.6973e-05
2.6986e-05
2.6998e-05
2.701e-05
2.7022e-05
2.7034e-05
2.7046e-05
2.7058e-05
2.707e-05
2.7082e-05
2.7094e-05
2.7106e-05
2.7118e-05
2.7129e-05
2.7141e-05
2.7153e-05
2.7165e-05
2.7176e-05
2.7188e-05
2.72e-05
2.7211e-05
2.7223e-05
2.7235e-05
2.7246e-05
2.7258e-05
2.7269e-05
2.7281e-05
2.7292e-05
2.7303e-05
2.7315e-05
2.7326e-05
2.7338e-05
2.7349e-05
2.736e-05
2.7371e-05
2.7383e-05
2.7394e-05
2.7405e-05
2.7416e-05
2.7427e-05
2.7438e-05
2.7449e-05
2.746e-05
2.7471e-05
2.7482e-05
2.7493e-05
2.7504e-05
2.7515e-05
2.7526e-05
2.7536e-05
2.7547e-05
2.7558e-05
2.7569e-05
2.7579e-05
2.759e-05
2.7601e-05
2.7611e-05
2.7622e-05
2.7632e-05
2.7643e-05
2.7653e-05
2.7664e-05
2.7674e-05
2.7685e-05
2.7695e-05
2.7705e-05
2.7716e-05
2.7726e-05
2.7736e-05
2.7746e-05
2.7756e-05
2.7767e-05
2.7777e-05
2.7787e-05
2.7797e-05
2.7807e-05
2.7817e-05
2.7827e-05
2.7837e-05
2.7847e-05
2.7857e-05
2.7866e-05
2.7876e-05
2.7886e-05
2.7896e-05
2.7906e-05
2.7915e-05
2.7925e-05
2.7935e-05
2.7944e-05
2.7954e-05
2.7963e-05
2.7973e-05
2.7982e-05
2.7992e-05
2.8001e-05
2.801e-05
2.802e-05
2.8029e-05
2.8038e-05
2.8048e-05
2.8057e-05
2.8066e-05
2.8075e-05
2.8084e-05
2.8094e-05
2.8103e-05
2.8112e-05
2.8121e-05
2.813e-05
2.8139e-05
2.8148e-05
2.8156e-05
2.8165e-05
2.8174e-05
2.8183e-05
2.8192e-05
2.82e-05
2.8209e-05
2.8218e-05
2.8226e-05
2.8235e-05
2.8244e-05
2.8252e-05
2.8261e-05
2.8269e-05
2.8278e-05
2.8286e-05
2.8294e-05
2.8303e-05
2.8311e-05
2.8319e-05
2.8328e-05
2.8336e-05
2.8344e-05
2.8352e-05
2.836e-05
2.8368e-05
2.8376e-05
2.8384e-05
2.8392e-05
2.84e-05
2.8408e-05
2.8416e-05
2.8424e-05
2.8432e-05
2.844e-05
2.8447e-05
2.8455e-05
2.8463e-05
2.8471e-05
2.8478e-05
2.8486e-05
2.8493e-05
2.8501e-05
2.8508e-05
2.8516e-05
2.8523e-05
2.8531e-05
2.8538e-05
2.8545e-05
2.8553e-05
2.856e-05
2.8567e-05
2.8575e-05
2.8582e-05
2.8589e-05
2.8596e-05
2.8603e-05
2.861e-05
2.8617e-05
2.8624e-05
2.8631e-05
2.8638e-05
2.8645e-05
2.8652e-05
2.8658e-05
2.8665e-05
2.8672e-05
2.8679e-05
2.8685e-05
2.8692e-05
2.8699e-05
2.8705e-05
2.8712e-05
2.8718e-05
2.8725e-05
2.8731e-05
2.8738e-05
2.8744e-05
2.875e-05
2.8757e-05
2.8763e-05
2.8769e-05
2.8775e-05
2.8782e-05
2.8788e-05
2.8794e-05
2.88e-05
2.8806e-05
2.8812e-05
2.8818e-05
2.8824e-05
2.883e-05
2.8836e-05
2.8842e-05
2.8847e-05
2.8853e-05
2.8859e-05
2.8865e-05
2.887e-05
2.8876e-05
2.8881e-05
2.8887e-05
2.8893e-05
2.8898e-05
2.8904e-05
2.8909e-05
2.8914e-05
2.892e-05
2.8925e-05
2.893e-05
2.8936e-05
2.8941e-05
2.8946e-05
2.8951e-05
2.8956e-05
2.8961e-05
2.8966e-05
2.8971e-05
2.8976e-05
2.8981e-05
2.8986e-05
2.8991e-05
2.8996e-05
2.9001e-05
2.9006e-05
2.901e-05
2.9015e-05
2.902e-05
2.9024e-05
2.9029e-05
2.9034e-05
2.9038e-05
2.9043e-05
2.9047e-05
2.9052e-05
2.9056e-05
2.906e-05
2.9065e-05
2.9069e-05
2.9073e-05
2.9077e-05
2.9082e-05
2.9086e-05
2.909e-05
2.9094e-05
2.9098e-05
2.9102e-05
2.9106e-05
2.911e-05
2.9114e-05
2.9118e-05
2.9122e-05
2.9125e-05
2.9129e-05
2.9133e-05
2.9137e-05
2.914e-05
2.9144e-05
2.9148e-05
2.9151e-05
2.9155e-05
2.9158e-05
2.9162e-05
2.9165e-05
2.9168e-05
2.9172e-05
2.9175e-05
2.9178e-05
2.9182e-05
2.9185e-05
2.9188e-05
2.9191e-05
2.9194e-05
2.9197e-05
2.92e-05
2.9203e-05
2.9206e-05
2.9209e-05
2.9212e-05
2.9215e-05
2.9218e-05
2.9221e-05
2.9223e-05
2.9226e-05
2.9229e-05
2.9231e-05
2.9234e-05
2.9237e-05
2.9239e-05
2.9242e-05
2.9244e-05
2.9246e-05
2.9249e-05
2.9251e-05
2.9254e-05
2.9256e-05
2.9258e-05
2.926e-05
2.9263e-05
2.9265e-05
2.9267e-05
2.9269e-05
2.9271e-05
2.9273e-05
2.9275e-05
2.9277e-05
2.9279e-05
2.9281e-05
2.9282e-05
2.9284e-05
2.9286e-05
2.9288e-05
2.9289e-05
2.9291e-05
2.9293e-05
2.9294e-05
2.9296e-05
2.9297e-05
2.9299e-05
2.93e-05
2.9302e-05
2.9303e-05
2.9304e-05
2.9306e-05
2.9307e-05
2.9308e-05
2.9309e-05
2.931e-05
2.9312e-05
2.9313e-05
2.9314e-05
2.9315e-05
2.9316e-05
2.9317e-05
2.9318e-05
2.9318e-05
2.9319e-05
2.932e-05
2.9321e-05
2.9322e-05
2.9322e-05
2.9323e-05
2.9324e-05
2.9324e-05
2.9325e-05
2.9325e-05
2.9326e-05
2.9326e-05
2.9327e-05
2.9327e-05
2.9327e-05
2.9328e-05
2.9328e-05
2.9328e-05
2.9328e-05
2.9328e-05
2.9328e-05
2.9329e-05
2.9329e-05
2.9329e-05
2.9329e-05
2.9329e-05
2.9328e-05
2.9328e-05
2.9328e-05
2.9328e-05
2.9328e-05
2.9327e-05
2.9327e-05
2.9327e-05
2.9326e-05
2.9326e-05
2.9326e-05
2.9325e-05
2.9325e-05
2.9324e-05
2.9323e-05
2.9323e-05
2.9322e-05
2.9321e-05
2.9321e-05
2.932e-05
2.9319e-05
2.9318e-05
2.9317e-05
2.9316e-05
2.9316e-05
2.9315e-05
2.9314e-05
2.9312e-05
2.9311e-05
2.931e-05
2.9309e-05
2.9308e-05
2.9307e-05
2.9305e-05
2.9304e-05
2.9303e-05
2.9301e-05
2.93e-05
2.9298e-05
2.9297e-05
2.9295e-05
2.9294e-05
2.9292e-05
2.9291e-05
2.9289e-05
2.9287e-05
2.9286e-05
2.9284e-05
2.9282e-05
2.928e-05
2.9278e-05
2.9276e-05
2.9274e-05
2.9272e-05
2.927e-05
2.9268e-05
2.9266e-05
2.9264e-05
2.9262e-05
2.926e-05
2.9258e-05
2.9255e-05
2.9253e-05
2.9251e-05
2.9248e-05
2.9246e-05
2.9243e-05
2.9241e-05
2.9239e-05
2.9236e-05
2.9233e-05
2.9231e-05
2.9228e-05
2.9225e-05
2.9223e-05
2.922e-05
2.9217e-05
2.9214e-05
2.9211e-05
2.9209e-05
2.9206e-05
2.9203e-05
2.92e-05
2.9197e-05
2.9193e-05
2.919e-05
2.9187e-05
2.9184e-05
2.9181e-05
2.9178e-05
2.9174e-05
2.9171e-05
2.9168e-05
2.9164e-05
2.9161e-05
2.9157e-05
2.9154e-05
2.915e-05
2.9147e-05
2.9143e-05
2.9139e-05
2.9136e-05
2.9132e-05
2.9128e-05
2.9125e-05
2.9121e-05
2.9117e-05
2.9113e-05
2.9109e-05
2.9105e-05
2.9101e-05
2.9097e-05
2.9093e-05
2.9089e-05
2.9085e-05
2.9081e-05
2.9076e-05
2.9072e-05
2.9068e-05
2.9064e-05
2.9059e-05
2.9055e-05
2.9051e-05
2.9046e-05
2.9042e-05
2.9037e-05
2.9033e-05
2.9028e-05
2.9023e-05
2.9019e-05
2.9014e-05
2.9009e-05
2.9005e-05
2.9e-05
2.8995e-05
2.899e-05
2.8985e-05
2.898e-05
2.8975e-05
2.897e-05
2.8965e-05
2.896e-05
2.8955e-05
2.895e-05
2.8945e-05
2.894e-05
2.8934e-05
2.8929e-05
2.8924e-05
2.8919e-05
2.8913e-05
2.8908e-05
2.8902e-05
2.8897e-05
2.8891e-05
2.8886e-05
2.888e-05
2.8875e-05
2.8869e-05
2.8863e-05
2.8858e-05
2.8852e-05
2.8846e-05
2.884e-05
2.8834e-05
2.8829e-05
2.8823e-05
2.8817e-05
2.8811e-05
2.8805e-05
2.8799e-05
2.8792e-05
2.8786e-05
2.878e-05
2.8774e-05
2.8768e-05
2.8762e-05
2.8755e-05
2.8749e-05
2.8743e-05
2.8736e-05
2.873e-05
2.8723e-05
2.8717e-05
2.871e-05
2.8704e-05
2.8697e-05
2.8691e-05
2.8684e-05
2.8677e-05
2.867e-05
2.8664e-05
2.8657e-05
2.865e-05
2.8643e-05
2.8636e-05
2.8629e-05
2.8623e-05
2.8616e-05
2.8609e-05
2.8601e-05
2.8594e-05
2.8587e-05
2.858e-05
2.8573e-05
2.8566e-05
2.8558e-05
2.8551e-05
2.8544e-05
2.8536e-05
2.8529e-05
2.8522e-05
2.8514e-05
2.8507e-05
2.8499e-05
2.8492e-05
2.8484e-05
2.8476e-05
2.8469e-05
2.8461e-05
2.8453e-05
2.8446e-05
2.8438e-05
2.843e-05
2.8422e-05
2.8414e-05
2.8407e-05
2.8399e-05
2.8391e-05
2.8383e-05
2.8375e-05
2.8366e-05
2.8358e-05
2.835e-05
2.8342e-05
2.8334e-05
2.8326e-05
2.8317e-05
2.8309e-05
2.8301e-05
2.8292e-05
2.8284e-05
2.8276e-05
2.8267e-05
2.8259e-05
2.825e-05
2.8242e-05
2.8233e-05
2.8224e-05
2.8216e-05
2.8207e-05
2.8198e-05
2.819e-05
2.8181e-05
2.8172e-05
2.8163e-05
2.8154e-05
2.8146e-05
2.8137e-05
2.8128e-05
2.8119e-05
2.811e-05
2.8101e-05
2.8092e-05
2.8082e-05
2.8073e-05
2.8064e-05
2.8055e-05
2.8046e-05
2.8036e-05
2.8027e-05
2.8018e-05
2.8008e-05
2.7999e-05
2.799e-05
2.798e-05
2.7971e-05
2.7961e-05
2.7952e-05
2.7942e-05
2.7932e-05
2.7923e-05
2.7913e-05
2.7903e-05
2.7894e-05
2.7884e-05
2.7874e-05
2.7864e-05
2.7854e-05
2.7844e-05
2.7835e-05
2.7825e-05
2.7815e-05
2.7805e-05
2.7795e-05
2.7785e-05
2.7774e-05
2.7764e-05
2.7754e-05
2.7744e-05
2.7734e-05
2.7723e-05
2.7713e-05
2.7703e-05
2.7693e-05
2.7682e-05
2.7672e-05
2.7661e-05
2.7651e-05
2.764e-05
2.763e-05
2.7619e-05
2.7609e-05
2.7598e-05
2.7588e-05
2.7577e-05
2.7566e-05
2.7555e-05
2.7545e-05
2.7534e-05
2.7523e-05
2.7512e-05
2.7501e-05
2.7491e-05
2.748e-05
2.7469e-05
2.7458e-05
2.7447e-05
2.7436e-05
2.7425e-05
2.7413e-05
2.7402e-05
2.7391e-05
2.738e-05
2.7369e-05
2.7358e-05
2.7346e-05
2.7335e-05
2.7324e-05
2.7312e-05
2.7301e-05
2.7289e-05
2.7278e-05
2.7267e-05
2.7255e-05
2.7244e-05
2.7232e-05
2.722e-05
2.7209e-05
2.7197e-05
2.7185e-05
2.7174e-05
2.7162e-05
2.715e-05
2.7138e-05
2.7127e-05
2.7115e-05
2.7103e-05
2.7091e-05
2.7079e-05
2.7067e-05
2.7055e-05
2.7043e-05
2.7031e-05
2.7019e-05
2.7007e-05
2.6995e-05
2.6983e-05
2.6971e-05
2.6958e-05
2.6946e-05
2.6934e-05
2.6922e-05
2.6909e-05
2.6897e-05
2.6885e-05
2.6872e-05
2.686e-05
2.6847e-05
2.6835e-05
2.6822e-05
2.681e-05
2.6797e-05
2.6785e-05
2.6772e-05
2.676e-05
2.6747e-05
2.6734e-05
2.6722e-05
2.6709e-05
2.6696e-05
2.6683e-05
2.667e-05
2.6658e-05
2.6645e-05
2.6632e-05
2.6619e-05
2.6606e-05
2.6593e-05
2.658e-05
2.6567e-05
2.6554e-05
2.6541e-05
2.6528e-05
2.6515e-05
2.6502e-05
2.6488e-05
2.6475e-05
2.6462e-05
2.6449e-05
2.6435e-05
2.6422e-05
2.6409e-05
2.6395e-05
2.6382e-05
2.6369e-05
2.6355e-05
2.6342e-05
2.6328e-05
2.6315e-05
2.6301e-05
2.6288e-05
2.6274e-05
2.626e-05
2.6247e-05
2.6233e-05
2.6219e-05
2.6206e-05
2.6192e-05
2.6178e-05
2.6164e-05
2.6151e-05
2.6137e-05
2.6123e-05
2.6109e-05
2.6095e-05
2.6081e-05
2.6067e-05
2.6053e-05
2.6039e-05
2.6025e-05
2.6011e-05
2.5997e-05
2.5983e-05
2.5969e-05
2.5955e-05
2.5941e-05
2.5926e-05
2.5912e-05
2.5898e-05
2.5884e-05
2.5869e-05
2.5855e-05
2.5841e-05
2.5826e-05
2.5812e-05
2.5798e-05
2.5783e-05
2.5769e-05
2.5754e-05
2.574e-05
2.5725e-05
2.5711e-05
2.5696e-05
2.5682e-05
2.5667e-05
2.5652e-05
2.5638e-05
2.5623e-05
2.5608e-05
2.5594e-05
2.5579e-05
2.5564e-05
2.5549e-05
2.5534e-05
2.552e-05
2.5505e-05
2.549e-05
2.5475e-05
2.546e-05
2.5445e-05
2.543e-05
2.5415e-05
2.54e-05
2.5385e-05
2.537e-05
2.5355e-05
2.534e-05
2.5325e-05
2.531e-05
2.5294e-05
2.5279e-05
2.5264e-05
2.5249e-05
2.5233e-05
2.5218e-05
2.5203e-05
2.5188e-05
2.5172e-05
2.5157e-05
2.5141e-05
2.5126e-05
2.5111e-05
2.5095e-05
2.508e-05
2.5064e-05
2.5049e-05
2.5033e-05
2.5018e-05
2.5002e-05
2.4986e-05
2.4971e-05
2.4955e-05
2.494e-05
2.4924e-05
2.4908e-05
2.4892e-05
2.4877e-05
2.4861e-05
2.4845e-05
2.4829e-05
2.4814e-05
2.4798e-05
2.4782e-05
2.4766e-05
2.475e-05
2.4734e-05
2.4718e-05
2.4702e-05
2.4686e-05
2.467e-05
2.4654e-05
2.4638e-05
2.4622e-05
2.4606e-05
2.459e-05
2.4574e-05
2.4558e-05
2.4542e-05
2.4525e-05
2.4509e-05
2.4493e-05
2.4477e-05
2.4461e-05
2.4444e-05
2.4428e-05
2.4412e-05
2.4395e-05
2.4379e-05
2.4363e-05
2.4346e-05
2.433e-05
2.4313e-05
2.4297e-05
2.4281e-05
2.4264e-05
2.4248e-05
2.4231e-05
2.4215e-05
2.4198e-05
2.4181e-05
2.4165e-05
2.4148e-05
2.4132e-05
2.4115e-05
2.4098e-05
2.4082e-05
2.4065e-05
2.4048e-05
2.4032e-05
2.4015e-05
2.3998e-05
2.3981e-05
2.3965e-05
2.3948e-05
2.3931e-05
2.3914e-05
2.3897e-05
2.388e-05
2.3863e-05
2.3846e-05
2.383e-05
2.3813e-05
2.3796e-05
2.3779e-05
2.3762e-05
2.3745e-05
2.3728e-05
2.3711e-05
2.3693e-05
2.3676e-05
2.3659e-05
2.3642e-05
2.3625e-05
2.3608e-05
2.3591e-05
2.3574e-05
2.3556e-05
2.3539e-05
2.3522e-05
2.3505e-05
2.3487e-05
2.347e-05
2.3453e-05
2.3435e-05
2.3418e-05
2.3401e-05
2.3383e-05
2.3366e-05
2.3349e-05
2.3331e-05
2.3314e-05
2.3296e-05
2.3279e-05
2.3262e-05
2.3244e-05
2.3227e-05
2.3209e-05
2.3192e-05
2.3174e-05
2.3156e-05
2.3139e-05
2.3121e-05
2.3104e-05
2.3086e-05
2.3068e-05
2.3051e-05
2.3033e-05
2.3015e-05
2.2998e-05
2.298e-05
2.2962e-05
2.2945e-05
2.2927e-05
2.2909e-05
2.2891e-05
2.2874e-05
2.2856e-05
2.2838e-05
2.282e-05
2.2802e-05
2.2784e-05
2.2767e-05
2.2749e-05
2.2731e-05
2.2713e-05
2.2695e-05
2.2677e-05
2.2659e-05
2.2641e-05
2.2623e-05
2.2605e-05
2.2587e-05
2.2569e-05
2.2551e-05
2.2533e-05
2.2515e-05
2.2497e-05
2.2479e-05
2.2461e-05
2.2443e-05
2.2424e-05
2.2406e-05
2.2388e-05
2.237e-05
2.2352e-05
2.2334e-05
2.2316e-05
2.2297e-05
2.2279e-05
2.2261e-05
2.2243e-05
2.2224e-05
2.2206e-05
2.2188e-05
2.217e-05
2.2151e-05
2.2133e-05
2.2115e-05
2.2096e-05
2.2078e-05
2.206e-05
2.2041e-05
2.2023e-05
2.2004e-05
2.1986e-05
2.1968e-05
2.1949e-05
2.1931e-05
2.1912e-05
2.1894e-05
2.1875e-05
2.1857e-05
2.1838e-05
2.182e-05
2.1801e-05
2.1783e-05
2.1764e-05
2.1746e-05
2.1727e-05
2.1708e-05
2.169e-05
2.1671e-05
2.1653e-05
2.1634e-05
2.1615e-05
2.1597e-05
2.1578e-05
2.156e-05
2.1541e-05
2.1522e-05
2.1504e-05
2.1485e-05
2.1466e-05
2.1447e-05
2.1429e-05
2.141e-05
2.1391e-05
2.1372e-05
2.1354e-05
2.1335e-05
2.1316e-05
2.1297e-05
2.1279e-05
2.126e-05
2.1241e-05
2.1222e-05
2.1203e-05
2.1184e-05
2.1166e-05
2.1147e-05
2.1128e-05
2.1109e-05
2.109e-05
2.1071e-05
2.1052e-05
2.1033e-05
2.1014e-05
2.0995e-05
2.0976e-05
2.0958e-05
2.0939e-05
2.092e-05
2.0901e-05
2.0882e-05
2.0863e-05
2.0844e-05
2.0825e-05
2.0806e-05
2.0787e-05
2.0768e-05
2.0749e-05
2.0729e-05
2.071e-05
2.0691e-05
2.0672e-05
2.0653e-05
2.0634e-05
2.0615e-05
2.0596e-05
2.0577e-05
2.0558e-05
2.0539e-05
2.0519e-05
2.05e-05
2.0481e-05
2.0462e-05
2.0443e-05
2.0424e-05
2.0405e-05
2.0385e-05
2.0366e-05
2.0347e-05
2.0328e-05
2.0309e-05
2.0289e-05
2.027e-05
2.0251e-05
2.0232e-05
2.0212e-05
2.0193e-05
2.0174e-05
2.0155e-05
2.0135e-05
2.0116e-05
2.0097e-05
2.0078e-05
2.0058e-05
2.0039e-05
2.002e-05
2e-05
1.9981e-05
1.9962e-05
1.9942e-05
1.9923e-05
1.9904e-05
1.9884e-05
1.9865e-05
1.9846e-05
1.9826e-05
1.9807e-05
1.9788e-05
1.9768e-05
1.9749e-05
1.973e-05
1.971e-05
1.9691e-05
1.9671e-05
1.9652e-05
1.9633e-05
1.9613e-05
1.9594e-05
1.9574e-05
1.9555e-05
1.9536e-05
1.9516e-05
1.9497e-05
1.9477e-05
1.9458e-05
1.9438e-05
1.9419e-05
1.9399e-05
1.938e-05
1.936e-05
1.9341e-05
1.9322e-05
1.9302e-05
1.9283e-05
1.9263e-05
1.9244e-05
1.9224e-05
1.9205e-05
1.9185e-05
1.9166e-05
1.9146e-05
1.9127e-05
1.9107e-05
1.9088e-05
1.9068e-05
1.9049e-05
1.9029e-05
1.9009e-05
1.899e-05
1.897e-05
1.8951e-05
1.8931e-05
1.8912e-05
1.8892e-05
1.8873e-05
1.8853e-05
1.8834e-05
1.8814e-05
1.8794e-05
1.8775e-05
1.8755e-05
1.8736e-05
1.8716e-05
1.8697e-05
1.8677e-05
1.8657e-05
1.8638e-05
1.8618e-05
1.8599e-05
1.8579e-05
1.856e-05
1.854e-05
1.852e-05
1.8501e-05
1.8481e-05
1.8462e-05
1.8442e-05
1.8422e-05
1.8403e-05
1.8383e-05
1.8364e-05
1.8344e-05
1.8324e-05
1.8305e-05
1.8285e-05
1.8266e-05
1.8246e-05
1.8226e-05
1.8207e-05
1.8187e-05
1.8167e-05
1.8148e-05
1.8128e-05
1.8109e-05
1.8089e-05
1.8069e-05
1.805e-05
1.803e-05
1.8011e-05
1.7991e-05
1.7971e-05
1.7952e-05
1.7932e-05
1.7912e-05
1.7893e-05
1.7873e-05
1.7854e-05
1.7834e-05
1.7814e-05
1.7795e-05
1.7775e-05
1.7755e-05
1.7736e-05
1.7716e-05
1.7697e-05
1.7677e-05
1.7657e-05
1.7638e-05
1.7618e-05
1.7598e-05
1.7579e-05
1.7559e-05
1.754e-05
1.752e-05
1.75e-05
1.7481e-05
1.7461e-05
1.7441e-05
1.7422e-05
1.7402e-05
1.7383e-05
1.7363e-05
1.7343e-05
1.7324e-05
1.7304e-05
1.7285e-05
1.7265e-05
1.7245e-05
1.7226e-05
1.7206e-05
1.7187e-05
1.7167e-05
1.7147e-05
1.7128e-05
1.7108e-05
1.7089e-05
1.7069e-05
1.7049e-05
1.703e-05
1.701e-05
1.6991e-05
1.6971e-05
1.6951e-05
1.6932e-05
1.6912e-05
1.6893e-05
1.6873e-05
1.6853e-05
1.6834e-05
1.6814e-05
1.6795e-05
1.6775e-05
1.6756e-05
1.6736e-05
1.6717e-05
1.6697e-05
1.6677e-05
1.6658e-05
1.6638e-05
1.6619e-05
1.6599e-05
1.658e-05
1.656e-05
1.6541e-05
1.6521e-05
1.6502e-05
1.6482e-05
1.6463e-05
1.6443e-05
1.6424e-05
1.6404e-05
1.6385e-05
1.6365e-05
1.6346e-05
1.6326e-05
1.6307e-05
1.6287e-05
1.6268e-05
1.6248e-05
1.6229e-05
1.6209e-05
1.619e-05
1.617e-05
1.6151e-05
1.6131e-05
1.6112e-05
1.6092e-05
1.6073e-05
1.6053e-05
1.6034e-05
1.6015e-05
1.5995e-05
1.5976e-05
1.5956e-05
1.5937e-05
1.5917e-05
1.5898e-05
1.5879e-05
1.5859e-05
1.584e-05
1.582e-05
1.5801e-05
1.5782e-05
1.5762e-05
1.5743e-05
1.5723e-05
1.5704e-05
1.5685e-05
1.5665e-05
1.5646e-05
1.5627e-05
1.5607e-05
1.5588e-05
1.5569e-05
1.5549e-05
1.553e-05
1.5511e-05
1.5491e-05
1.5472e-05
1.5453e-05
1.5433e-05
1.5414e-05
1.5395e-05
1.5376e-05
1.5356e-05
1.5337e-05
1.5318e-05
1.5299e-05
1.5279e-05
1.526e-05
1.5241e-05
1.5222e-05
1.5202e-05
1.5183e-05
1.5164e-05
1.5145e-05
1.5125e-05
1.5106e-05
1.5087e-05
1.5068e-05
1.5049e-05
1.503e-05
1.501e-05
1.4991e-05
1.4972e-05
1.4953e-05
1.4934e-05
1.4915e-05
1.4895e-05
1.4876e-05
1.4857e-05
1.4838e-05
1.4819e-05
1.48e-05
1.4781e-05
1.4762e-05
1.4743e-05
1.4724e-05
1.4705e-05
1.4685e-05
1.4666e-05
1.4647e-05
1.4628e-05
1.4609e-05
1.459e-05
1.4571e-05
1.4552e-05
1.4533e-05
1.4514e-05
1.4495e-05
1.4476e-05
1.4457e-05
1.4438e-05
1.4419e-05
1.44e-05
1.4381e-05
1.4363e-05
1.4344e-05
1.4325e-05
1.4306e-05
1.4287e-05
1.4268e-05
1.4249e-05
1.423e-05
1.4211e-05
1.4192e-05
1.4174e-05
1.4155e-05
1.4136e-05
1.4117e-05
1.4098e-05
1.4079e-05
1.4061e-05
1.4042e-05
1.4023e-05
1.4004e-05
1.3985e-05
1.3967e-05
1.3948e-05
1.3929e-05
1.391e-05
1.3892e-05
1.3873e-05
1.3854e-05
1.3835e-05
1.3817e-05
1.3798e-05
1.3779e-05
1.3761e-05
1.3742e-05
1.3723e-05
1.3705e-05
1.3686e-05
1.3667e-05
1.3649e-05
1.363e-05
1.3612e-05
1.3593e-05
1.3574e-05
1.3556e-05
1.3537e-05
1.3519e-05
1.35e-05
1.3481e-05
1.3463e-05
1.3444e-05
1.3426e-05
1.3407e-05
1.3389e-05
1.337e-05
1.3352e-05
1.3333e-05
1.3315e-05
1.3297e-05
1.3278e-05
1.326e-05
1.3241e-05
1.3223e-05
1.3204e-05
1.3186e-05
1.3168e-05
1.3149e-05
1.3131e-05
1.3112e-05
1.3094e-05
1.3076e-05
1.3057e-05
1.3039e-05
1.3021e-05
1.3003e-05
1.2984e-05
1.2966e-05
1.2948e-05
1.2929e-05
1.2911e-05
1.2893e-05
1.2875e-05
1.2856e-05
1.2838e-05
1.282e-05
1.2802e-05
1.2784e-05
1.2766e-05
1.2747e-05
1.2729e-05
1.2711e-05
1.2693e-05
1.2675e-05
1.2657e-05
1.2639e-05
1.2621e-05
1.2602e-05
1.2584e-05
1.2566e-05
1.2548e-05
1.253e-05
1.2512e-05
1.2494e-05
1.2476e-05
1.2458e-05
1.244e-05
1.2422e-05
1.2404e-05
1.2386e-05
1.2368e-05
1.235e-05
1.2333e-05
1.2315e-05
1.2297e-05
1.2279e-05
1.2261e-05
1.2243e-05
1.2225e-05
1.2207e-05
1.219e-05
1.2172e-05
1.2154e-05
1.2136e-05
1.2118e-05
1.2101e-05
1.2083e-05
1.2065e-05
1.2047e-05
1.203e-05
1.2012e-05
1.1994e-05
1.1977e-05
1.1959e-05
1.1941e-05
1.1924e-05
1.1906e-05
1.1888e-05
1.1871e-05
1.1853e-05
1.1836e-05
1.1818e-05
1.18e-05
1.1783e-05
1.1765e-05
1.1748e-05
1.173e-05
1.1713e-05
1.1695e-05
1.1678e-05
1.166e-05
1.1643e-05
1.1625e-05
1.1608e-05
1.159e-05
1.1573e-05
1.1556e-05
1.1538e-05
1.1521e-05
1.1503e-05
1.1486e-05
1.1469e-05
1.1451e-05
1.1434e-05
1.1417e-05
1.1399e-05
1.1382e-05
1.1365e-05
1.1348e-05
1.133e-05
1.1313e-05
1.1296e-05
1.1279e-05
1.1262e-05
1.1244e-05
1.1227e-05
1.121e-05
1.1193e-05
1.1176e-05
1.1159e-05
1.1142e-05
1.1124e-05
1.1107e-05
1.109e-05
1.1073e-05
1.1056e-05
1.1039e-05
1.1022e-05
1.1005e-05
1.0988e-05
1.0971e-05
1.0954e-05
1.0937e-05
1.092e-05
1.0903e-05
1.0886e-05
1.087e-05
1.0853e-05
1.0836e-05
1.0819e-05
1.0802e-05
1.0785e-05
1.0768e-05
1.0752e-05
1.0735e-05
1.0718e-05
1.0701e-05
1.0684e-05
1.0668e-05
1.0651e-05
1.0634e-05
1.0618e-05
1.0601e-05
1.0584e-05
1.0568e-05
1.0551e-05
1.0534e-05
1.0518e-05
1.0501e-05
1.0484e-05
1.0468e-05
1.0451e-05
1.0435e-05
1.0418e-05
1.0402e-05
1.0385e-05
1.0369e-05
1.0352e-05
1.0336e-05
1.0319e-05
1.0303e-05
1.0286e-05
1.027e-05
1.0253e-05
1.0237e-05
1.0221e-05
1.0204e-05
1.0188e-05
1.0172e-05
1.0155e-05
1.0139e-05
1.0123e-05
1.0106e-05
1.009e-05
1.0074e-05
1.0058e-05
1.0041e-05
1.0025e-05
1.0009e-05
9.9929e-06
9.9767e-06
9.9605e-06
9.9444e-06
9.9283e-06
9.9121e-06
9.896e-06
9.88e-06
9.8639e-06
9.8478e-06
9.8318e-06
9.8158e-06
9.7997e-06
9.7837e-06
9.7677e-06
9.7518e-06
9.7358e-06
9.7199e-06
9.7039e-06
9.688e-06
9.6721e-06
9.6562e-06
9.6404e-06
9.6245e-06
9.6087e-06
9.5928e-06
9.577e-06
9.5612e-06
9.5454e-06
9.5297e-06
9.5139e-06
9.4982e-06
9.4824e-06
9.4667e-06
9.451e-06
9.4353e-06
9.4197e-06
9.404e-06
9.3884e-06
9.3727e-06
9.3571e-06
9.3415e-06
9.326e-06
9.3104e-06
9.2948e-06
9.2793e-06
9.2638e-06
9.2483e-06
9.2328e-06
9.2173e-06
9.2018e-06
9.1864e-06
9.1709e-06
9.1555e-06
9.1401e-06
9.1247e-06
9.1093e-06
9.094e-06
9.0786e-06
9.0633e-06
9.048e-06
9.0327e-06
9.0174e-06
9.0021e-06
8.9869e-06
8.9716e-06
8.9564e-06
8.9412e-06
8.926e-06
8.9108e-06
8.8956e-06
8.8805e-06
8.8654e-06
8.8502e-06
8.8351e-06
8.82e-06
8.805e-06
8.7899e-06
8.7749e-06
8.7598e-06
8.7448e-06
8.7298e-06
8.7148e-06
8.6998e-06
8.6849e-06
8.6699e-06
8.655e-06
8.6401e-06
8.6252e-06
8.6103e-06
8.5955e-06
8.5806e-06
8.5658e-06
8.551e-06
8.5362e-06
8.5214e-06
8.5066e-06
8.4918e-06
8.4771e-06
8.4624e-06
8.4477e-06
8.433e-06
8.4183e-06
8.4036e-06
8.389e-06
8.3743e-06
8.3597e-06
8.3451e-06
8.3305e-06
8.3159e-06
8.3014e-06
8.2868e-06
8.2723e-06
8.2578e-06
8.2433e-06
8.2288e-06
8.2144e-06
8.1999e-06
8.1855e-06
8.171e-06
8.1566e-06
8.1423e-06
8.1279e-06
8.1135e-06
8.0992e-06
8.0849e-06
8.0705e-06
8.0562e-06
8.042e-06
8.0277e-06
8.0135e-06
7.9992e-06
7.985e-06
7.9708e-06
7.9566e-06
7.9424e-06
7.9283e-06
7.9141e-06
7.9e-06
7.8859e-06
7.8718e-06
7.8577e-06
7.8437e-06
7.8296e-06
7.8156e-06
7.8016e-06
7.7876e-06
7.7736e-06
7.7596e-06
7.7457e-06
7.7317e-06
7.7178e-06
7.7039e-06
7.69e-06
7.6762e-06
7.6623e-06
7.6485e-06
7.6346e-06
7.6208e-06
7.607e-06
7.5932e-06
7.5795e-06
7.5657e-06
7.552e-06
7.5383e-06
7.5246e-06
7.5109e-06
7.4972e-06
7.4836e-06
7.4699e-06
7.4563e-06
7.4427e-06
7.4291e-06
7.4155e-06
7.402e-06
7.3884e-06
7.3749e-06
7.3614e-06
7.3479e-06
7.3344e-06
7.321e-06
7.3075e-06
7.2941e-06
7.2807e-06
7.2673e-06
7.2539e-06
7.2405e-06
7.2272e-06
7.2138e-06
7.2005e-06
7.1872e-06
7.1739e-06
7.1606e-06
7.1474e-06
7.1341e-06
7.1209e-06
7.1077e-06
7.0945e-06
7.0813e-06
7.0682e-06
7.055e-06
7.0419e-06
7.0288e-06
7.0157e-06
7.0026e-06
6.9895e-06
6.9765e-06
6.9634e-06
6.9504e-06
6.9374e-06
6.9244e-06
6.9114e-06
6.8985e-06
6.8855e-06
6.8726e-06
6.8597e-06
6.8468e-06
6.8339e-06
6.8211e-06
6.8082e-06
6.7954e-06
6.7826e-06
6.7698e-06
6.757e-06
6.7442e-06
6.7315e-06
6.7188e-06
6.706e-06
6.6933e-06
6.6807e-06
6.668e-06
6.6553e-06
6.6427e-06
6.6301e-06
6.6175e-06
6.6049e-06
6.5923e-06
6.5797e-06
6.5672e-06
6.5547e-06
6.5422e-06
6.5297e-06
6.5172e-06
6.5047e-06
6.4923e-06
6.4799e-06
6.4674e-06
6.455e-06
6.4427e-06
6.4303e-06
6.4179e-06
6.4056e-06
6.3933e-06
6.381e-06
6.3687e-06
6.3564e-06
6.3442e-06
6.3319e-06
6.3197e-06
6.3075e-06
6.2953e-06
6.2831e-06
6.271e-06
6.2588e-06
6.2467e-06
6.2346e-06
6.2225e-06
6.2104e-06
6.1983e-06
6.1863e-06
6.1743e-06
6.1622e-06
6.1502e-06
6.1383e-06
6.1263e-06
6.1143e-06
6.1024e-06
6.0905e-06
6.0786e-06
6.0667e-06
6.0548e-06
6.0429e-06
6.0311e-06
6.0193e-06
6.0075e-06
5.9957e-06
5.9839e-06
5.9721e-06
5.9604e-06
5.9487e-06
5.9369e-06
5.9252e-06
5.9136e-06
5.9019e-06
5.8902e-06
5.8786e-06
5.867e-06
5.8554e-06
5.8438e-06
5.8322e-06
5.8207e-06
5.8091e-06
5.7976e-06
5.7861e-06
5.7746e-06
5.7631e-06
5.7516e-06
5.7402e-06
5.7288e-06
5.7174e-06
5.706e-06
5.6946e-06
5.6832e-06
5.6719e-06
5.6605e-06
5.6492e-06
5.6379e-06
5.6266e-06
5.6153e-06
5.6041e-06
5.5928e-06
5.5816e-06
5.5704e-06
5.5592e-06
5.548e-06
5.5369e-06
5.5257e-06
5.5146e-06
5.5035e-06
5.4924e-06
5.4813e-06
5.4702e-06
5.4592e-06
5.4481e-06
5.4371e-06
5.4261e-06
5.4151e-06
5.4042e-06
5.3932e-06
5.3823e-06
5.3713e-06
5.3604e-06
5.3495e-06
5.3386e-06
5.3278e-06
5.3169e-06
5.3061e-06
5.2953e-06
5.2845e-06
5.2737e-06
5.2629e-06
5.2522e-06
5.2414e-06
5.2307e-06
5.22e-06
5.2093e-06
5.1986e-06
5.188e-06
5.1773e-06
5.1667e-06
5.1561e-06
5.1455e-06
5.1349e-06
5.1243e-06
5.1138e-06
5.1032e-06
5.0927e-06
5.0822e-06
5.0717e-06
5.0612e-06
5.0508e-06
5.0403e-06
5.0299e-06
5.0195e-06
5.0091e-06
4.9987e-06
4.9884e-06
4.978e-06
4.9677e-06
4.9573e-06
4.947e-06
4.9368e-06
4.9265e-06
4.9162e-06
4.906e-06
4.8958e-06
4.8855e-06
4.8753e-06
4.8652e-06
4.855e-06
4.8448e-06
4.8347e-06
4.8246e-06
4.8145e-06
4.8044e-06
4.7943e-06
4.7843e-06
4.7742e-06
4.7642e-06
4.7542e-06
4.7442e-06
4.7342e-06
4.7242e-06
4.7143e-06
4.7043e-06
4.6944e-06
4.6845e-06
4.6746e-06
4.6647e-06
4.6549e-06
4.645e-06
4.6352e-06
4.6254e-06
4.6156e-06
4.6058e-06
4.596e-06
4.5863e-06
4.5765e-06
4.5668e-06
4.5571e-06
4.5474e-06
4.5377e-06
4.5281e-06
4.5184e-06
4.5088e-06
4.4992e-06
4.4896e-06
4.48e-06
4.4704e-06
4.4608e-06
4.4513e-06
4.4418e-06
4.4323e-06
4.4228e-06
4.4133e-06
4.4038e-06
4.3943e-06
4.3849e-06
4.3755e-06
4.3661e-06
4.3567e-06
4.3473e-06
4.3379e-06
4.3286e-06
4.3193e-06
4.3099e-06
4.3006e-06
4.2913e-06
4.2821e-06
4.2728e-06
4.2636e-06
4.2543e-06
4.2451e-06
4.2359e-06
4.2267e-06
4.2176e-06
4.2084e-06
4.1993e-06
4.1901e-06
4.181e-06
4.1719e-06
4.1628e-06
4.1538e-06
4.1447e-06
4.1357e-06
4.1267e-06
4.1176e-06
4.1087e-06
4.0997e-06
4.0907e-06
4.0818e-06
4.0728e-06
4.0639e-06
4.055e-06
4.0461e-06
4.0372e-06
4.0284e-06
4.0195e-06
4.0107e-06
4.0019e-06
3.9931e-06
3.9843e-06
3.9755e-06
3.9667e-06
3.958e-06
3.9493e-06
3.9405e-06
3.9318e-06
3.9231e-06
3.9145e-06
3.9058e-06
3.8972e-06
3.8885e-06
3.8799e-06
3.8713e-06
3.8627e-06
3.8541e-06
3.8456e-06
3.837e-06
3.8285e-06
3.82e-06
3.8115e-06
3.803e-06
3.7945e-06
3.7861e-06
3.7776e-06
3.7692e-06
3.7608e-06
3.7524e-06
3.744e-06
3.7356e-06
3.7273e-06
3.7189e-06
3.7106e-06
3.7023e-06
3.694e-06
3.6857e-06
3.6774e-06
3.6691e-06
3.6609e-06
3.6527e-06
3.6444e-06
3.6362e-06
3.628e-06
3.6199e-06
3.6117e-06
3.6036e-06
3.5954e-06
3.5873e-06
3.5792e-06
3.5711e-06
3.563e-06
3.555e-06
3.5469e-06
3.5389e-06
3.5309e-06
3.5228e-06
3.5149e-06
3.5069e-06
3.4989e-06
3.491e-06
3.483e-06
3.4751e-06
3.4672e-06
3.4593e-06
3.4514e-06
3.4435e-06
3.4357e-06
3.4278e-06
3.42e-06
3.4122e-06
3.4044e-06
3.3966e-06
3.3888e-06
3.3811e-06
3.3733e-06
3.3656e-06
3.3579e-06
3.3502e-06
3.3425e-06
3.3348e-06
3.3271e-06
3.3195e-06
3.3118e-06
3.3042e-06
3.2966e-06
3.289e-06
3.2814e-06
3.2738e-06
3.2663e-06
3.2587e-06
3.2512e-06
3.2437e-06
3.2362e-06
3.2287e-06
3.2212e-06
3.2138e-06
3.2063e-06
3.1989e-06
3.1915e-06
3.184e-06
3.1766e-06
3.1693e-06
3.1619e-06
3.1545e-06
3.1472e-06
3.1399e-06
3.1326e-06
3.1253e-06
3.118e-06
3.1107e-06
3.1034e-06
3.0962e-06
3.0889e-06
3.0817e-06
3.0745e-06
3.0673e-06
3.0601e-06
3.0529e-06
3.0458e-06
3.0386e-06
3.0315e-06
3.0244e-06
3.0173e-06
3.0102e-06
3.0031e-06
2.996e-06
2.989e-06
2.982e-06
2.9749e-06
2.9679e-06
2.9609e-06
2.9539e-06
2.9469e-06
2.94e-06
2.933e-06
2.9261e-06
2.9192e-06
2.9123e-06
2.9054e-06
2.8985e-06
2.8916e-06
2.8847e-06
2.8779e-06
2.8711e-06
2.8642e-06
2.8574e-06
2.8506e-06
2.8438e-06
2.8371e-06
2.8303e-06
2.8236e-06
2.8168e-06
2.8101e-06
2.8034e-06
2.7967e-06
2.79e-06
2.7834e-06
2.7767e-06
2.77e-06
2.7634e-06
2.7568e-06
2.7502e-06
2.7436e-06
2.737e-06
2.7304e-06
2.7239e-06
2.7173e-06
2.7108e-06
2.7043e-06
2.6978e-06
2.6913e-06
2.6848e-06
2.6783e-06
2.6719e-06
2.6654e-06
2.659e-06
2.6526e-06
2.6462e-06
2.6398e-06
2.6334e-06
2.627e-06
2.6206e-06
2.6143e-06
2.608e-06
2.6016e-06
2.5953e-06
2.589e-06
2.5827e-06
2.5765e-06
2.5702e-06
2.5639e-06
2.5577e-06
2.5515e-06
2.5453e-06
2.5391e-06
2.5329e-06
2.5267e-06
2.5205e-06
2.5144e-06
2.5082e-06
2.5021e-06
2.496e-06
2.4899e-06
2.4838e-06
2.4777e-06
2.4716e-06
2.4656e-06
2.4595e-06
2.4535e-06
2.4475e-06
2.4414e-06
2.4354e-06
2.4295e-06
2.4235e-06
2.4175e-06
2.4116e-06
2.4056e-06
2.3997e-06
2.3938e-06
2.3879e-06
2.382e-06
2.3761e-06
2.3702e-06
2.3644e-06
2.3585e-06
2.3527e-06
2.3469e-06
2.341e-06
2.3352e-06
2.3294e-06
2.3237e-06
2.3179e-06
2.3121e-06
2.3064e-06
2.3007e-06
2.2949e-06
2.2892e-06
2.2835e-06
2.2779e-06
2.2722e-06
2.2665e-06
2.2609e-06
2.2552e-06
2.2496e-06
2.244e-06
2.2384e-06
2.2328e-06
2.2272e-06
2.2216e-06
2.216e-06
2.2105e-06
2.205e-06
2.1994e-06
2.1939e-06
2.1884e-06
2.1829e-06
2.1774e-06
2.1719e-06
2.1665e-06
2.161e-06
2.1556e-06
2.1502e-06
2.1448e-06
2.1393e-06
2.134e-06
2.1286e-06
2.1232e-06
2.1178e-06
2.1125e-06
2.1071e-06
2.1018e-06
2.0965e-06
2.0912e-06
2.0859e-06
2.0806e-06
2.0753e-06
2.0701e-06
2.0648e-06
2.0596e-06
2.0543e-06
2.0491e-06
2.0439e-06
2.0387e-06
2.0335e-06
2.0283e-06
2.0232e-06
2.018e-06
2.0129e-06
2.0077e-06
2.0026e-06
1.9975e-06
1.9924e-06
1.9873e-06
1.9822e-06
1.9771e-06
1.9721e-06
1.967e-06
1.962e-06
1.957e-06
1.9519e-06
1.9469e-06
1.9419e-06
1.937e-06
1.932e-06
1.927e-06
1.9221e-06
1.9171e-06
1.9122e-06
1.9073e-06
1.9023e-06
1.8974e-06
1.8925e-06
1.8877e-06
1.8828e-06
1.8779e-06
1.8731e-06
1.8682e-06
1.8634e-06
1.8586e-06
1.8538e-06
1.849e-06
1.8442e-06
1.8394e-06
1.8346e-06
1.8299e-06
1.8251e-06
1.8204e-06
1.8156e-06
1.8109e-06
1.8062e-06
1.8015e-06
1.7968e-06
1.7921e-06
1.7875e-06
1.7828e-06
1.7782e-06
1.7735e-06
1.7689e-06
1.7643e-06
1.7597e-06
1.7551e-06
1.7505e-06
1.7459e-06
1.7413e-06
1.7368e-06
1.7322e-06
1.7277e-06
1.7231e-06
1.7186e-06
1.7141e-06
1.7096e-06
1.7051e-06
1.7006e-06
1.6962e-06
1.6917e-06
1.6872e-06
1.6828e-06
1.6784e-06
1.6739e-06
1.6695e-06
1.6651e-06
1.6607e-06
1.6563e-06
1.652e-06
1.6476e-06
1.6432e-06
1.6389e-06
1.6346e-06
1.6302e-06
1.6259e-06
1.6216e-06
1.6173e-06
1.613e-06
1.6087e-06
1.6044e-06
1.6002e-06
1.5959e-06
1.5917e-06
1.5875e-06
1.5832e-06
1.579e-06
1.5748e-06
1.5706e-06
1.5664e-06
1.5622e-06
1.5581e-06
1.5539e-06
1.5498e-06
1.5456e-06
1.5415e-06
1.5374e-06
1.5333e-06
1.5291e-06
1.5251e-06
1.521e-06
1.5169e-06
1.5128e-06
1.5088e-06
1.5047e-06
1.5007e-06
1.4966e-06
1.4926e-06
1.4886e-06
1.4846e-06
1.4806e-06
1.4766e-06
1.4726e-06
1.4687e-06
1.4647e-06
1.4607e-06
1.4568e-06
1.4529e-06
1.4489e-06
1.445e-06
1.4411e-06
1.4372e-06
1.4333e-06
1.4295e-06
1.4256e-06
1.4217e-06
1.4179e-06
1.414e-06
1.4102e-06
1.4064e-06
1.4025e-06
1.3987e-06
1.3949e-06
1.3911e-06
1.3873e-06
1.3836e-06
1.3798e-06
1.376e-06
1.3723e-06
1.3685e-06
1.3648e-06
1.3611e-06
1.3574e-06
1.3537e-06
1.35e-06
1.3463e-06
1.3426e-06
1.3389e-06
1.3352e-06
1.3316e-06
1.3279e-06
1.3243e-06
1.3207e-06
1.317e-06
1.3134e-06
1.3098e-06
1.3062e-06
1.3026e-06
1.299e-06
1.2955e-06
1.2919e-06
1.2883e-06
1.2848e-06
1.2813e-06
1.2777e-06
1.2742e-06
1.2707e-06
1.2672e-06
1.2637e-06
1.2602e-06
1.2567e-06
1.2532e-06
1.2498e-06
1.2463e-06
1.2428e-06
1.2394e-06
1.236e-06
1.2325e-06
1.2291e-06
1.2257e-06
1.2223e-06
1.2189e-06
1.2155e-06
1.2121e-06
1.2088e-06
1.2054e-06
1.202e-06
1.1987e-06
1.1954e-06
1.192e-06
1.1887e-06
1.1854e-06
1.1821e-06
1.1788e-06
1.1755e-06
1.1722e-06
1.1689e-06
1.1656e-06
1.1624e-06
1.1591e-06
1.1559e-06
1.1526e-06
1.1494e-06
1.1462e-06
1.143e-06
1.1398e-06
1.1366e-06
1.1334e-06
1.1302e-06
1.127e-06
1.1238e-06
1.1207e-06
1.1175e-06
1.1144e-06
1.1112e-06
1.1081e-06
1.105e-06
1.1018e-06
1.0987e-06
1.0956e-06
1.0925e-06
1.0895e-06
1.0864e-06
1.0833e-06
1.0802e-06
1.0772e-06
1.0741e-06
1.0711e-06
1.068e-06
1.065e-06
1.062e-06
1.059e-06
1.056e-06
1.053e-06
1.05e-06
1.047e-06
1.044e-06
1.041e-06
1.0381e-06
1.0351e-06
1.0322e-06
1.0292e-06
1.0263e-06
1.0234e-06
1.0204e-06
1.0175e-06
1.0146e-06
1.0117e-06
1.0088e-06
1.0059e-06
1.0031e-06
1.0002e-06
9.9733e-07
9.9447e-07
9.9162e-07
9.8877e-07
9.8594e-07
9.8311e-07
9.8028e-07
9.7747e-07
9.7466e-07
9.7186e-07
9.6906e-07
9.6627e-07
9.6349e-07
9.6072e-07
9.5795e-07
9.5519e-07
9.5243e-07
9.4968e-07
9.4694e-07
9.4421e-07
9.4148e-07
9.3876e-07
9.3605e-07
9.3334e-07
9.3064e-07
9.2795e-07
9.2526e-07
9.2258e-07
9.1991e-07
9.1724e-07
9.1458e-07
9.1192e-07
9.0928e-07
9.0664e-07
9.04e-07
9.0137e-07
8.9875e-07
8.9614e-07
8.9353e-07
8.9093e-07
8.8833e-07
8.8574e-07
8.8316e-07
8.8059e-07
8.7802e-07
8.7546e-07
8.729e-07
8.7035e-07
8.6781e-07
8.6527e-07
8.6274e-07
8.6021e-07
8.5769e-07
8.5518e-07
8.5268e-07
8.5018e-07
8.4769e-07
8.452e-07
8.4272e-07
8.4024e-07
8.3778e-07
8.3532e-07
8.3286e-07
8.3041e-07
8.2797e-07
8.2553e-07
8.231e-07
8.2068e-07
8.1826e-07
8.1585e-07
8.1344e-07
8.1104e-07
8.0865e-07
8.0626e-07
8.0388e-07
8.015e-07
7.9913e-07
7.9677e-07
7.9441e-07
7.9206e-07
7.8971e-07
7.8737e-07
7.8504e-07
7.8271e-07
7.8039e-07
7.7808e-07
7.7577e-07
7.7346e-07
7.7116e-07
7.6887e-07
7.6659e-07
7.6431e-07
7.6203e-07
7.5976e-07
7.575e-07
7.5524e-07
7.5299e-07
7.5075e-07
7.4851e-07
7.4627e-07
7.4405e-07
7.4182e-07
7.3961e-07
7.374e-07
7.3519e-07
7.3299e-07
7.308e-07
7.2861e-07
7.2643e-07
7.2425e-07
7.2208e-07
7.1991e-07
7.1775e-07
7.156e-07
7.1345e-07
7.1131e-07
7.0917e-07
7.0704e-07
7.0491e-07
7.0279e-07
7.0068e-07
6.9857e-07
6.9646e-07
6.9437e-07
6.9227e-07
6.9018e-07
6.881e-07
6.8603e-07
6.8395e-07
6.8189e-07
6.7983e-07
6.7777e-07
6.7572e-07
6.7368e-07
6.7164e-07
6.6961e-07
6.6758e-07
6.6555e-07
6.6354e-07
6.6152e-07
6.5952e-07
6.5752e-07
6.5552e-07
6.5353e-07
6.5154e-07
6.4956e-07
6.4759e-07
6.4562e-07
6.4365e-07
6.4169e-07
6.3974e-07
6.3779e-07
6.3584e-07
6.339e-07
6.3197e-07
6.3004e-07
6.2812e-07
6.262e-07
6.2429e-07
6.2238e-07
6.2047e-07
6.1858e-07
6.1668e-07
6.1479e-07
6.1291e-07
6.1103e-07
6.0916e-07
6.0729e-07
6.0543e-07
6.0357e-07
6.0172e-07
5.9987e-07
5.9803e-07
5.9619e-07
5.9436e-07
5.9253e-07
5.907e-07
5.8888e-07
5.8707e-07
5.8526e-07
5.8346e-07
5.8166e-07
5.7987e-07
5.7808e-07
5.7629e-07
5.7451e-07
5.7274e-07
5.7097e-07
5.692e-07
5.6744e-07
5.6568e-07
5.6393e-07
5.6219e-07
5.6045e-07
5.5871e-07
5.5698e-07
5.5525e-07
5.5353e-07
5.5181e-07
5.5009e-07
5.4839e-07
5.4668e-07
5.4498e-07
5.4329e-07
5.416e-07
5.3991e-07
5.3823e-07
5.3655e-07
5.3488e-07
5.3321e-07
5.3155e-07
5.2989e-07
5.2824e-07
5.2659e-07
5.2495e-07
5.2331e-07
5.2167e-07
5.2004e-07
5.1841e-07
5.1679e-07
5.1517e-07
5.1356e-07
5.1195e-07
5.1035e-07
5.0875e-07
5.0715e-07
5.0556e-07
5.0397e-07
5.0239e-07
5.0081e-07
4.9924e-07
4.9767e-07
4.961e-07
4.9454e-07
4.9299e-07
4.9143e-07
4.8989e-07
4.8834e-07
4.868e-07
4.8527e-07
4.8374e-07
4.8221e-07
4.8069e-07
4.7917e-07
4.7766e-07
4.7615e-07
4.7464e-07
4.7314e-07
4.7164e-07
4.7015e-07
4.6866e-07
4.6718e-07
4.657e-07
4.6422e-07
4.6275e-07
4.6128e-07
4.5982e-07
4.5836e-07
4.569e-07
4.5545e-07
4.54e-07
4.5256e-07
4.5112e-07
4.4968e-07
4.4825e-07
4.4682e-07
4.454e-07
4.4398e-07
4.4257e-07
4.4115e-07
4.3975e-07
4.3834e-07
4.3694e-07
4.3555e-07
4.3416e-07
4.3277e-07
4.3139e-07
4.3001e-07
4.2863e-07
4.2726e-07
4.2589e-07
4.2453e-07
4.2317e-07
4.2181e-07
4.2046e-07
4.1911e-07
4.1776e-07
4.1642e-07
4.1508e-07
4.1375e-07
4.1242e-07
4.1109e-07
4.0977e-07
4.0845e-07
4.0714e-07
4.0583e-07
4.0452e-07
4.0322e-07
4.0192e-07
4.0062e-07
3.9933e-07
3.9804e-07
3.9676e-07
3.9547e-07
3.942e-07
3.9292e-07
3.9165e-07
3.9039e-07
3.8912e-07
3.8786e-07
3.8661e-07
3.8536e-07
3.8411e-07
3.8286e-07
3.8162e-07
3.8038e-07
3.7915e-07
3.7792e-07
3.7669e-07
3.7547e-07
3.7425e-07
3.7303e-07
3.7182e-07
3.7061e-07
3.694e-07
3.682e-07
3.67e-07
3.6581e-07
3.6462e-07
3.6343e-07
3.6224e-07
3.6106e-07
3.5988e-07
3.5871e-07
3.5754e-07
3.5637e-07
3.552e-07
3.5404e-07
3.5288e-07
3.5173e-07
3.5058e-07
3.4943e-07
3.4829e-07
3.4715e-07
3.4601e-07
3.4488e-07
3.4374e-07
3.4262e-07
3.4149e-07
3.4037e-07
3.3925e-07
3.3814e-07
3.3703e-07
3.3592e-07
3.3482e-07
3.3371e-07
3.3262e-07
3.3152e-07
3.3043e-07
3.2934e-07
3.2826e-07
3.2717e-07
3.261e-07
3.2502e-07
3.2395e-07
3.2288e-07
3.2181e-07
3.2075e-07
3.1969e-07
3.1863e-07
3.1758e-07
3.1653e-07
3.1548e-07
3.1444e-07
3.134e-07
3.1236e-07
3.1132e-07
3.1029e-07
3.0926e-07
3.0824e-07
3.0722e-07
3.062e-07
3.0518e-07
3.0417e-07
3.0316e-07
3.0215e-07
3.0114e-07
3.0014e-07
2.9915e-07
2.9815e-07
2.9716e-07
2.9617e-07
2.9518e-07
2.942e-07
2.9322e-07
2.9224e-07
2.9127e-07
2.9029e-07
2.8933e-07
2.8836e-07
2.874e-07
2.8644e-07
2.8548e-07
2.8453e-07
2.8358e-07
2.8263e-07
2.8168e-07
2.8074e-07
2.798e-07
2.7886e-07
2.7793e-07
2.77e-07
2.7607e-07
2.7514e-07
2.7422e-07
2.733e-07
2.7238e-07
2.7147e-07
2.7056e-07
2.6965e-07
2.6874e-07
2.6784e-07
2.6694e-07
2.6604e-07
2.6515e-07
2.6426e-07
2.6337e-07
2.6248e-07
2.616e-07
2.6072e-07
2.5984e-07
2.5896e-07
2.5809e-07
2.5722e-07
2.5635e-07
2.5549e-07
2.5462e-07
2.5376e-07
2.5291e-07
2.5205e-07
2.512e-07
2.5035e-07
2.4951e-07
2.4866e-07
2.4782e-07
2.4698e-07
2.4615e-07
2.4531e-07
2.4448e-07
2.4366e-07
2.4283e-07
2.4201e-07
2.4119e-07
2.4037e-07
2.3955e-07
2.3874e-07
2.3793e-07
2.3712e-07
2.3632e-07
2.3552e-07
2.3472e-07
2.3392e-07
2.3312e-07
2.3233e-07
2.3154e-07
2.3075e-07
2.2997e-07
2.2919e-07
2.2841e-07
2.2763e-07
2.2685e-07
2.2608e-07
2.2531e-07
2.2454e-07
2.2378e-07
2.2302e-07
2.2226e-07
2.215e-07
2.2074e-07
2.1999e-07
2.1924e-07
2.1849e-07
2.1775e-07
2.17e-07
2.1626e-07
2.1552e-07
2.1479e-07
2.1405e-07
2.1332e-07
2.1259e-07
2.1187e-07
2.1114e-07
2.1042e-07
2.097e-07
2.0898e-07
2.0827e-07
2.0755e-07
2.0684e-07
2.0614e-07
2.0543e-07
2.0473e-07
2.0402e-07
2.0333e-07
2.0263e-07
2.0193e-07
2.0124e-07
2.0055e-07
1.9987e-07
1.9918e-07
1.985e-07
1.9782e-07
1.9714e-07
1.9646e-07
1.9579e-07
1.9512e-07
1.9445e-07
1.9378e-07
1.9311e-07
1.9245e-07
1.9179e-07
1.9113e-07
1.9048e-07
1.8982e-07
1.8917e-07
1.8852e-07
1.8787e-07
1.8723e-07
1.8658e-07
1.8594e-07
1.8531e-07
1.8467e-07
1.8403e-07
1.834e-07
1.8277e-07
1.8214e-07
1.8152e-07
1.8089e-07
1.8027e-07
1.7965e-07
1.7904e-07
1.7842e-07
1.7781e-07
1.772e-07
1.7659e-07
1.7598e-07
1.7538e-07
1.7477e-07
1.7417e-07
1.7357e-07
1.7298e-07
1.7238e-07
1.7179e-07
1.712e-07
1.7061e-07
1.7003e-07
1.6944e-07
1.6886e-07
1.6828e-07
1.677e-07
1.6713e-07
1.6655e-07
1.6598e-07
1.6541e-07
1.6484e-07
1.6428e-07
1.6372e-07
1.6315e-07
1.6259e-07
1.6204e-07
1.6148e-07
1.6093e-07
1.6038e-07
1.5983e-07
1.5928e-07
1.5873e-07
1.5819e-07
1.5765e-07
1.5711e-07
1.5657e-07
1.5604e-07
1.555e-07
1.5497e-07
1.5444e-07
1.5391e-07
1.5339e-07
1.5286e-07
1.5234e-07
1.5182e-07
1.513e-07
1.5079e-07
1.5027e-07
1.4976e-07
1.4925e-07
1.4874e-07
1.4824e-07
1.4773e-07
1.4723e-07
1.4673e-07
1.4623e-07
1.4573e-07
1.4524e-07
1.4475e-07
1.4426e-07
1.4377e-07
1.4328e-07
1.428e-07
1.4231e-07
1.4183e-07
1.4135e-07
1.4087e-07
1.404e-07
1.3992e-07
1.3945e-07
1.3898e-07
1.3851e-07
1.3805e-07
1.3758e-07
1.3712e-07
1.3666e-07
1.362e-07
1.3575e-07
1.3529e-07
1.3484e-07
1.3439e-07
1.3394e-07
1.3349e-07
1.3304e-07
1.326e-07
1.3216e-07
1.3172e-07
1.3128e-07
1.3085e-07
1.3041e-07
1.2998e-07
1.2955e-07
1.2912e-07
1.2869e-07
1.2827e-07
1.2785e-07
1.2742e-07
1.2701e-07
1.2659e-07
1.2617e-07
1.2576e-07
1.2535e-07
1.2494e-07
1.2453e-07
1.2412e-07
1.2372e-07
1.2332e-07
1.2291e-07
1.2252e-07
1.2212e-07
1.2172e-07
1.2133e-07
1.2094e-07
1.2055e-07
1.2016e-07
1.1978e-07
1.1939e-07
1.1901e-07
1.1863e-07
1.1825e-07
1.1788e-07
1.175e-07
1.1713e-07
1.1676e-07
1.1639e-07
1.1602e-07
1.1566e-07
1.1529e-07
1.1493e-07
1.1457e-07
1.1421e-07
1.1386e-07
1.135e-07
1.1315e-07
1.128e-07
1.1245e-07
1.1211e-07
1.1176e-07
1.1142e-07
1.1108e-07
1.1074e-07
1.104e-07
1.1007e-07
1.0974e-07
1.0941e-07
1.0908e-07
1.0875e-07
1.0842e-07
1.081e-07
1.0778e-07
1.0746e-07
1.0714e-07
1.0683e-07
