2.175e-09
2.1678e-09
2.1605e-09
2.1533e-09
2.1461e-09
2.1389e-09
2.1317e-09
2.1246e-09
2.1175e-09
2.1104e-09
2.1033e-09
2.0963e-09
2.0892e-09
2.0822e-09
2.0753e-09
2.0683e-09
2.0614e-09
2.0545e-09
2.0476e-09
2.0407e-09
2.0339e-09
2.0271e-09
2.0203e-09
2.0135e-09
2.0068e-09
2e-09
1.9933e-09
1.9867e-09
1.98e-09
1.9734e-09
1.9668e-09
1.9602e-09
1.9536e-09
1.947e-09
1.9405e-09
1.934e-09
1.9275e-09
1.9211e-09
1.9146e-09
1.9082e-09
1.9018e-09
1.8955e-09
1.8891e-09
1.8828e-09
1.8765e-09
1.8702e-09
1.8639e-09
1.8577e-09
1.8515e-09
1.8453e-09
1.8391e-09
1.833e-09
1.8268e-09
1.8207e-09
1.8146e-09
1.8086e-09
1.8025e-09
1.7965e-09
1.7905e-09
1.7845e-09
1.7786e-09
1.7726e-09
1.7667e-09
1.7608e-09
1.7549e-09
1.7491e-09
1.7432e-09
1.7374e-09
1.7316e-09
1.7258e-09
1.7201e-09
1.7144e-09
1.7087e-09
1.703e-09
1.6973e-09
1.6917e-09
1.686e-09
1.6804e-09
1.6748e-09
1.6693e-09
1.6637e-09
1.6582e-09
1.6527e-09
1.6472e-09
1.6417e-09
1.6363e-09
1.6309e-09
1.6255e-09
1.6201e-09
1.6147e-09
1.6094e-09
1.6041e-09
1.5988e-09
1.5935e-09
1.5882e-09
1.583e-09
1.5778e-09
1.5726e-09
1.5674e-09
1.5622e-09
1.5571e-09
1.552e-09
1.5469e-09
1.5418e-09
1.5367e-09
1.5317e-09
1.5267e-09
1.5217e-09
1.5167e-09
1.5117e-09
1.5068e-09
1.5018e-09
1.4969e-09
1.4921e-09
1.4872e-09
1.4823e-09
1.4775e-09
1.4727e-09
1.4679e-09
1.4632e-09
1.4584e-09
1.4537e-09
1.449e-09
1.4443e-09
1.4396e-09
1.435e-09
1.4303e-09
1.4257e-09
1.4211e-09
1.4166e-09
1.412e-09
1.4075e-09
1.4029e-09
1.3984e-09
1.394e-09
1.3895e-09
1.3851e-09
1.3806e-09
1.3762e-09
1.3719e-09
1.3675e-09
1.3631e-09
1.3588e-09
1.3545e-09
1.3502e-09
1.346e-09
1.3417e-09
1.3375e-09
1.3333e-09
1.3291e-09
1.3249e-09
1.3207e-09
1.3166e-09
1.3125e-09
1.3084e-09
1.3043e-09
1.3002e-09
1.2962e-09
1.2922e-09
1.2882e-09
1.2842e-09
1.2802e-09
1.2762e-09
1.2723e-09
1.2684e-09
1.2645e-09
1.2606e-09
1.2568e-09
1.2529e-09
1.2491e-09
1.2453e-09
1.2415e-09
1.2378e-09
1.234e-09
1.2303e-09
1.2266e-09
1.2229e-09
1.2192e-09
1.2155e-09
1.2119e-09
1.2083e-09
1.2047e-09
1.2011e-09
1.1976e-09
1.194e-09
1.1905e-09
1.187e-09
1.1835e-09
1.18e-09
1.1766e-09
1.1731e-09
1.1697e-09
1.1663e-09
1.1629e-09
1.1596e-09
1.1562e-09
1.1529e-09
1.1496e-09
1.1463e-09
1.1431e-09
1.1398e-09
1.1366e-09
1.1334e-09
1.1302e-09
1.127e-09
1.1238e-09
1.1207e-09
1.1176e-09
1.1145e-09
1.1114e-09
1.1083e-09
1.1053e-09
1.1023e-09
1.0992e-09
1.0962e-09
1.0933e-09
1.0903e-09
1.0874e-09
1.0845e-09
1.0816e-09
1.0787e-09
1.0758e-09
1.073e-09
1.0701e-09
1.0673e-09
1.0645e-09
1.0618e-09
1.059e-09
1.0563e-09
1.0536e-09
1.0509e-09
1.0482e-09
1.0455e-09
1.0429e-09
1.0403e-09
1.0377e-09
1.0351e-09
1.0325e-09
1.03e-09
1.0274e-09
1.0249e-09
1.0224e-09
1.0199e-09
1.0175e-09
1.015e-09
1.0126e-09
1.0102e-09
1.0078e-09
1.0055e-09
1.0031e-09
1.0008e-09
9.985e-10
9.9622e-10
9.9395e-10
9.9169e-10
9.8946e-10
9.8725e-10
9.8505e-10
9.8288e-10
9.8072e-10
9.7858e-10
9.7646e-10
9.7436e-10
9.7228e-10
9.7022e-10
9.6818e-10
9.6615e-10
9.6415e-10
9.6216e-10
9.602e-10
9.5825e-10
9.5632e-10
9.5441e-10
9.5252e-10
9.5065e-10
9.488e-10
9.4697e-10
9.4515e-10
9.4336e-10
9.4159e-10
9.3983e-10
9.381e-10
9.3638e-10
9.3468e-10
9.3301e-10
9.3135e-10
9.2971e-10
9.2809e-10
9.2649e-10
9.2491e-10
9.2336e-10
9.2182e-10
9.203e-10
9.188e-10
9.1732e-10
9.1586e-10
9.1442e-10
9.13e-10
9.116e-10
9.1021e-10
9.0885e-10
9.0751e-10
9.062e-10
9.049e-10
9.0362e-10
9.0236e-10
9.0112e-10
8.999e-10
8.987e-10
8.9752e-10
8.9637e-10
8.9523e-10
8.9411e-10
8.9302e-10
8.9194e-10
8.9089e-10
8.8986e-10
8.8885e-10
8.8785e-10
8.8688e-10
8.8593e-10
8.8501e-10
8.841e-10
8.8321e-10
8.8235e-10
8.815e-10
8.8068e-10
8.7988e-10
8.791e-10
8.7834e-10
8.776e-10
8.7689e-10
8.7619e-10
8.7552e-10
8.7487e-10
8.7424e-10
8.7364e-10
8.7305e-10
8.7249e-10
8.7195e-10
8.7143e-10
8.7093e-10
8.7046e-10
8.7e-10
8.6957e-10
8.6917e-10
8.6878e-10
8.6842e-10
8.6808e-10
8.6776e-10
8.6747e-10
8.6719e-10
8.6695e-10
8.6672e-10
8.6652e-10
8.6634e-10
8.6618e-10
8.6605e-10
8.6594e-10
8.6585e-10
8.6578e-10
8.6574e-10
8.6573e-10
8.6574e-10
8.6577e-10
8.6582e-10
8.659e-10
8.66e-10
8.6613e-10
8.6628e-10
8.6646e-10
8.6666e-10
8.6688e-10
8.6713e-10
8.674e-10
8.677e-10
8.6802e-10
8.6837e-10
8.6874e-10
8.6914e-10
8.6956e-10
8.7001e-10
8.7048e-10
8.7098e-10
8.715e-10
8.7205e-10
8.7262e-10
8.7322e-10
8.7385e-10
8.745e-10
8.7518e-10
8.7588e-10
8.7661e-10
8.7737e-10
8.7815e-10
8.7896e-10
8.798e-10
8.8066e-10
8.8155e-10
8.8246e-10
8.8341e-10
8.8438e-10
8.8538e-10
8.864e-10
8.8745e-10
8.8853e-10
8.8964e-10
8.9078e-10
8.9194e-10
8.9313e-10
8.9435e-10
8.956e-10
8.9688e-10
8.9818e-10
8.9951e-10
9.0088e-10
9.0227e-10
9.0369e-10
9.0514e-10
9.0661e-10
9.0812e-10
9.0966e-10
9.1122e-10
9.1282e-10
9.1445e-10
9.161e-10
9.1779e-10
9.195e-10
9.2125e-10
9.2303e-10
9.2483e-10
9.2667e-10
9.2854e-10
9.3044e-10
9.3237e-10
9.3433e-10
9.3633e-10
9.3835e-10
9.4041e-10
9.425e-10
9.4462e-10
9.4677e-10
9.4896e-10
9.5117e-10
9.5342e-10
9.5571e-10
9.5802e-10
9.6037e-10
9.6275e-10
9.6517e-10
9.6761e-10
9.701e-10
9.7261e-10
9.7516e-10
9.7775e-10
9.8036e-10
9.8302e-10
9.857e-10
9.8842e-10
9.9118e-10
9.9397e-10
9.968e-10
9.9966e-10
1.0026e-09
1.0055e-09
1.0085e-09
1.0115e-09
1.0145e-09
1.0176e-09
1.0207e-09
1.0239e-09
1.027e-09
1.0303e-09
1.0335e-09
1.0368e-09
1.0402e-09
1.0435e-09
1.047e-09
1.0504e-09
1.0539e-09
1.0574e-09
1.061e-09
1.0646e-09
1.0682e-09
1.0719e-09
1.0757e-09
1.0794e-09
1.0832e-09
1.0871e-09
1.091e-09
1.0949e-09
1.0988e-09
1.1028e-09
1.1069e-09
1.111e-09
1.1151e-09
1.1193e-09
1.1235e-09
1.1278e-09
1.1321e-09
1.1364e-09
1.1408e-09
1.1452e-09
1.1497e-09
1.1542e-09
1.1588e-09
1.1634e-09
1.168e-09
1.1727e-09
1.1774e-09
1.1822e-09
1.187e-09
1.1919e-09
1.1968e-09
1.2018e-09
1.2068e-09
1.2119e-09
1.217e-09
1.2221e-09
1.2273e-09
1.2325e-09
1.2378e-09
1.2432e-09
1.2486e-09
1.254e-09
1.2595e-09
1.265e-09
1.2706e-09
1.2762e-09
1.2819e-09
1.2876e-09
1.2934e-09
1.2992e-09
1.3051e-09
1.311e-09
1.317e-09
1.3231e-09
1.3291e-09
1.3353e-09
1.3415e-09
1.3477e-09
1.354e-09
1.3604e-09
1.3668e-09
1.3732e-09
1.3797e-09
1.3863e-09
1.3929e-09
1.3996e-09
1.4063e-09
1.4131e-09
1.4199e-09
1.4268e-09
1.4338e-09
1.4408e-09
1.4478e-09
1.455e-09
1.4621e-09
1.4694e-09
1.4767e-09
1.484e-09
1.4914e-09
1.4989e-09
1.5064e-09
1.514e-09
1.5217e-09
1.5294e-09
1.5372e-09
1.545e-09
1.5529e-09
1.5608e-09
1.5689e-09
1.5769e-09
1.5851e-09
1.5933e-09
1.6016e-09
1.6099e-09
1.6183e-09
1.6267e-09
1.6353e-09
1.6439e-09
1.6525e-09
1.6612e-09
1.67e-09
1.6789e-09
1.6878e-09
1.6968e-09
1.7059e-09
1.715e-09
1.7242e-09
1.7335e-09
1.7428e-09
1.7522e-09
1.7617e-09
1.7712e-09
1.7808e-09
1.7905e-09
1.8003e-09
1.8101e-09
1.82e-09
1.83e-09
1.84e-09
1.8501e-09
1.8603e-09
1.8706e-09
1.8809e-09
1.8914e-09
1.9019e-09
1.9124e-09
1.9231e-09
1.9338e-09
1.9446e-09
1.9555e-09
1.9664e-09
1.9775e-09
1.9886e-09
1.9998e-09
2.0111e-09
2.0224e-09
2.0339e-09
2.0454e-09
2.057e-09
2.0687e-09
2.0804e-09
2.0923e-09
2.1042e-09
2.1162e-09
2.1283e-09
2.1405e-09
2.1528e-09
2.1651e-09
2.1776e-09
2.1901e-09
2.2027e-09
2.2154e-09
2.2282e-09
2.2411e-09
2.2541e-09
2.2671e-09
2.2803e-09
2.2935e-09
2.3069e-09
2.3203e-09
2.3338e-09
2.3474e-09
2.3611e-09
2.3749e-09
2.3888e-09
2.4028e-09
2.4169e-09
2.4311e-09
2.4453e-09
2.4597e-09
2.4742e-09
2.4887e-09
2.5034e-09
2.5182e-09
2.5331e-09
2.548e-09
2.5631e-09
2.5783e-09
2.5935e-09
2.6089e-09
2.6244e-09
2.64e-09
2.6557e-09
2.6715e-09
2.6874e-09
2.7034e-09
2.7195e-09
2.7357e-09
2.752e-09
2.7685e-09
2.785e-09
2.8016e-09
2.8184e-09
2.8353e-09
2.8523e-09
2.8694e-09
2.8866e-09
2.9039e-09
2.9214e-09
2.9389e-09
2.9566e-09
2.9744e-09
2.9923e-09
3.0103e-09
3.0284e-09
3.0467e-09
3.0651e-09
3.0836e-09
3.1022e-09
3.1209e-09
3.1398e-09
3.1588e-09
3.1779e-09
3.1971e-09
3.2165e-09
3.236e-09
3.2556e-09
3.2753e-09
3.2952e-09
3.3152e-09
3.3353e-09
3.3556e-09
3.3759e-09
3.3965e-09
3.4171e-09
3.4379e-09
3.4588e-09
3.4798e-09
3.501e-09
3.5223e-09
3.5438e-09
3.5654e-09
3.5871e-09
3.609e-09
3.631e-09
3.6531e-09
3.6754e-09
3.6979e-09
3.7204e-09
3.7432e-09
3.766e-09
3.789e-09
3.8122e-09
3.8355e-09
3.8589e-09
3.8825e-09
3.9063e-09
3.9302e-09
3.9542e-09
3.9784e-09
4.0028e-09
4.0273e-09
4.0519e-09
4.0767e-09
4.1017e-09
4.1268e-09
4.1521e-09
4.1776e-09
4.2032e-09
4.2289e-09
4.2549e-09
4.2809e-09
4.3072e-09
4.3336e-09
4.3602e-09
4.3869e-09
4.4138e-09
4.4409e-09
4.4682e-09
4.4956e-09
4.5232e-09
4.5509e-09
4.5788e-09
4.6069e-09
4.6352e-09
4.6637e-09
4.6923e-09
4.7211e-09
4.7501e-09
4.7793e-09
4.8086e-09
4.8381e-09
4.8678e-09
4.8977e-09
4.9278e-09
4.958e-09
4.9885e-09
5.0191e-09
5.0499e-09
5.0809e-09
5.1121e-09
5.1435e-09
5.1751e-09
5.2069e-09
5.2389e-09
5.271e-09
5.3034e-09
5.3359e-09
5.3687e-09
5.4017e-09
5.4348e-09
5.4682e-09
5.5017e-09
5.5355e-09
5.5695e-09
5.6037e-09
5.638e-09
5.6726e-09
5.7074e-09
5.7425e-09
5.7777e-09
5.8131e-09
5.8488e-09
5.8847e-09
5.9207e-09
5.957e-09
5.9936e-09
6.0303e-09
6.0673e-09
6.1045e-09
6.1419e-09
6.1795e-09
6.2174e-09
6.2555e-09
6.2938e-09
6.3324e-09
6.3711e-09
6.4102e-09
6.4494e-09
6.4889e-09
6.5286e-09
6.5686e-09
6.6088e-09
6.6492e-09
6.6899e-09
6.7308e-09
6.772e-09
6.8134e-09
6.8551e-09
6.897e-09
6.9391e-09
6.9815e-09
7.0242e-09
7.0671e-09
7.1103e-09
7.1537e-09
7.1974e-09
7.2413e-09
7.2856e-09
7.33e-09
7.3747e-09
7.4197e-09
7.465e-09
7.5105e-09
7.5563e-09
7.6024e-09
7.6487e-09
7.6953e-09
7.7422e-09
7.7894e-09
7.8368e-09
7.8846e-09
7.9326e-09
7.9809e-09
8.0294e-09
8.0783e-09
8.1274e-09
8.1768e-09
8.2266e-09
8.2766e-09
8.3269e-09
8.3775e-09
8.4284e-09
8.4796e-09
8.5311e-09
8.5829e-09
8.635e-09
8.6874e-09
8.7401e-09
8.7931e-09
8.8464e-09
8.9e-09
8.954e-09
9.0082e-09
9.0628e-09
9.1177e-09
9.1729e-09
9.2284e-09
9.2843e-09
9.3405e-09
9.397e-09
9.4538e-09
9.511e-09
9.5685e-09
9.6263e-09
9.6845e-09
9.743e-09
9.8018e-09
9.861e-09
9.9205e-09
9.9804e-09
1.0041e-08
1.0101e-08
1.0162e-08
1.0223e-08
1.0285e-08
1.0347e-08
1.0409e-08
1.0472e-08
1.0535e-08
1.0598e-08
1.0662e-08
1.0726e-08
1.0791e-08
1.0856e-08
1.0921e-08
1.0986e-08
1.1052e-08
1.1119e-08
1.1185e-08
1.1253e-08
1.132e-08
1.1388e-08
1.1456e-08
1.1525e-08
1.1594e-08
1.1663e-08
1.1733e-08
1.1804e-08
1.1874e-08
1.1945e-08
1.2017e-08
1.2089e-08
1.2161e-08
1.2234e-08
1.2307e-08
1.238e-08
1.2454e-08
1.2528e-08
1.2603e-08
1.2678e-08
1.2754e-08
1.283e-08
1.2907e-08
1.2983e-08
1.3061e-08
1.3139e-08
1.3217e-08
1.3295e-08
1.3375e-08
1.3454e-08
1.3534e-08
1.3615e-08
1.3695e-08
1.3777e-08
1.3859e-08
1.3941e-08
1.4024e-08
1.4107e-08
1.419e-08
1.4275e-08
1.4359e-08
1.4444e-08
1.453e-08
1.4616e-08
1.4702e-08
1.4789e-08
1.4877e-08
1.4965e-08
1.5053e-08
1.5142e-08
1.5232e-08
1.5322e-08
1.5412e-08
1.5503e-08
1.5595e-08
1.5686e-08
1.5779e-08
1.5872e-08
1.5966e-08
1.606e-08
1.6154e-08
1.6249e-08
1.6345e-08
1.6441e-08
1.6538e-08
1.6635e-08
1.6733e-08
1.6831e-08
1.693e-08
1.7029e-08
1.7129e-08
1.723e-08
1.7331e-08
1.7432e-08
1.7534e-08
1.7637e-08
1.774e-08
1.7844e-08
1.7949e-08
1.8054e-08
1.8159e-08
1.8265e-08
1.8372e-08
1.8479e-08
1.8587e-08
1.8696e-08
1.8805e-08
1.8915e-08
1.9025e-08
1.9136e-08
1.9247e-08
1.936e-08
1.9472e-08
1.9586e-08
1.97e-08
1.9814e-08
1.9929e-08
2.0045e-08
2.0162e-08
2.0279e-08
2.0397e-08
2.0515e-08
2.0634e-08
2.0754e-08
2.0874e-08
2.0995e-08
2.1117e-08
2.1239e-08
2.1362e-08
2.1486e-08
2.161e-08
2.1735e-08
2.1861e-08
2.1987e-08
2.2114e-08
2.2242e-08
2.2371e-08
2.25e-08
2.2629e-08
2.276e-08
2.2891e-08
2.3023e-08
2.3156e-08
2.3289e-08
2.3423e-08
2.3558e-08
2.3694e-08
2.383e-08
2.3967e-08
2.4105e-08
2.4243e-08
2.4382e-08
2.4522e-08
2.4663e-08
2.4804e-08
2.4947e-08
2.509e-08
2.5233e-08
2.5378e-08
2.5523e-08
2.5669e-08
2.5816e-08
2.5964e-08
2.6112e-08
2.6261e-08
2.6412e-08
2.6562e-08
2.6714e-08
2.6866e-08
2.702e-08
2.7174e-08
2.7329e-08
2.7484e-08
2.7641e-08
2.7798e-08
2.7956e-08
2.8116e-08
2.8275e-08
2.8436e-08
2.8598e-08
2.876e-08
2.8924e-08
2.9088e-08
2.9253e-08
2.9419e-08
2.9585e-08
2.9753e-08
2.9922e-08
3.0091e-08
3.0262e-08
3.0433e-08
3.0605e-08
3.0778e-08
3.0952e-08
3.1127e-08
3.1303e-08
3.1479e-08
3.1657e-08
3.1836e-08
3.2015e-08
3.2196e-08
3.2377e-08
3.256e-08
3.2743e-08
3.2927e-08
3.3113e-08
3.3299e-08
3.3486e-08
3.3674e-08
3.3863e-08
3.4054e-08
3.4245e-08
3.4437e-08
3.463e-08
3.4824e-08
3.5019e-08
3.5216e-08
3.5413e-08
3.5611e-08
3.581e-08
3.6011e-08
3.6212e-08
3.6415e-08
3.6618e-08
3.6823e-08
3.7028e-08
3.7235e-08
3.7443e-08
3.7651e-08
3.7861e-08
3.8072e-08
3.8284e-08
3.8497e-08
3.8712e-08
3.8927e-08
3.9144e-08
3.9361e-08
3.958e-08
3.98e-08
4.0021e-08
4.0243e-08
4.0466e-08
4.0691e-08
4.0916e-08
4.1143e-08
4.1371e-08
4.16e-08
4.183e-08
4.2062e-08
4.2294e-08
4.2528e-08
4.2763e-08
4.2999e-08
4.3237e-08
4.3475e-08
4.3715e-08
4.3956e-08
4.4199e-08
4.4442e-08
4.4687e-08
4.4933e-08
4.518e-08
4.5429e-08
4.5679e-08
4.593e-08
4.6182e-08
4.6436e-08
4.6691e-08
4.6947e-08
4.7205e-08
4.7464e-08
4.7724e-08
4.7986e-08
4.8248e-08
4.8513e-08
4.8778e-08
4.9045e-08
4.9313e-08
4.9583e-08
4.9854e-08
5.0126e-08
5.04e-08
5.0675e-08
5.0951e-08
5.1229e-08
5.1509e-08
5.1789e-08
5.2071e-08
5.2355e-08
5.264e-08
5.2926e-08
5.3214e-08
5.3503e-08
5.3794e-08
5.4086e-08
5.438e-08
5.4675e-08
5.4972e-08
5.527e-08
5.5569e-08
5.587e-08
5.6173e-08
5.6477e-08
5.6783e-08
5.709e-08
5.7399e-08
5.7709e-08
5.8021e-08
5.8334e-08
5.8649e-08
5.8965e-08
5.9283e-08
5.9603e-08
5.9924e-08
6.0247e-08
6.0571e-08
6.0898e-08
6.1225e-08
6.1554e-08
6.1885e-08
6.2218e-08
6.2552e-08
6.2888e-08
6.3226e-08
6.3565e-08
6.3906e-08
6.4248e-08
6.4593e-08
6.4938e-08
6.5286e-08
6.5636e-08
6.5987e-08
6.634e-08
6.6694e-08
6.705e-08
6.7409e-08
6.7768e-08
6.813e-08
6.8493e-08
6.8859e-08
6.9226e-08
6.9594e-08
6.9965e-08
7.0337e-08
7.0712e-08
7.1088e-08
7.1466e-08
7.1845e-08
7.2227e-08
7.2611e-08
7.2996e-08
7.3383e-08
7.3772e-08
7.4163e-08
7.4556e-08
7.4951e-08
7.5348e-08
7.5747e-08
7.6147e-08
7.655e-08
7.6955e-08
7.7361e-08
7.777e-08
7.818e-08
7.8593e-08
7.9007e-08
7.9424e-08
7.9842e-08
8.0263e-08
8.0685e-08
8.111e-08
8.1537e-08
8.1965e-08
8.2396e-08
8.2829e-08
8.3264e-08
8.3701e-08
8.414e-08
8.4582e-08
8.5025e-08
8.5471e-08
8.5918e-08
8.6368e-08
8.682e-08
8.7275e-08
8.7731e-08
8.819e-08
8.865e-08
8.9113e-08
8.9579e-08
9.0046e-08
9.0516e-08
9.0988e-08
9.1462e-08
9.1938e-08
9.2417e-08
9.2898e-08
9.3381e-08
9.3867e-08
9.4355e-08
9.4845e-08
9.5338e-08
9.5833e-08
9.633e-08
9.683e-08
9.7332e-08
9.7836e-08
9.8343e-08
9.8852e-08
9.9364e-08
9.9878e-08
1.0039e-07
1.0091e-07
1.0144e-07
1.0196e-07
1.0249e-07
1.0301e-07
1.0355e-07
1.0408e-07
1.0462e-07
1.0515e-07
1.057e-07
1.0624e-07
1.0679e-07
1.0734e-07
1.0789e-07
1.0844e-07
1.09e-07
1.0956e-07
1.1012e-07
1.1069e-07
1.1125e-07
1.1182e-07
1.124e-07
1.1297e-07
1.1355e-07
1.1413e-07
1.1471e-07
1.153e-07
1.1589e-07
1.1648e-07
1.1708e-07
1.1767e-07
1.1827e-07
1.1888e-07
1.1948e-07
1.2009e-07
1.207e-07
1.2132e-07
1.2193e-07
1.2255e-07
1.2318e-07
1.238e-07
1.2443e-07
1.2506e-07
1.257e-07
1.2633e-07
1.2697e-07
1.2762e-07
1.2826e-07
1.2891e-07
1.2957e-07
1.3022e-07
1.3088e-07
1.3154e-07
1.3221e-07
1.3287e-07
1.3354e-07
1.3422e-07
1.3489e-07
1.3557e-07
1.3626e-07
1.3694e-07
1.3763e-07
1.3832e-07
1.3902e-07
1.3972e-07
1.4042e-07
1.4113e-07
1.4183e-07
1.4255e-07
1.4326e-07
1.4398e-07
1.447e-07
1.4543e-07
1.4615e-07
1.4688e-07
1.4762e-07
1.4836e-07
1.491e-07
1.4984e-07
1.5059e-07
1.5134e-07
1.521e-07
1.5286e-07
1.5362e-07
1.5438e-07
1.5515e-07
1.5593e-07
1.567e-07
1.5748e-07
1.5826e-07
1.5905e-07
1.5984e-07
1.6063e-07
1.6143e-07
1.6223e-07
1.6303e-07
1.6384e-07
1.6465e-07
1.6547e-07
1.6629e-07
1.6711e-07
1.6794e-07
1.6877e-07
1.696e-07
1.7044e-07
1.7128e-07
1.7212e-07
1.7297e-07
1.7382e-07
1.7468e-07
1.7554e-07
1.764e-07
1.7727e-07
1.7814e-07
1.7902e-07
1.799e-07
1.8078e-07
1.8167e-07
1.8256e-07
1.8346e-07
1.8436e-07
1.8526e-07
1.8617e-07
1.8708e-07
1.8799e-07
1.8891e-07
1.8984e-07
1.9076e-07
1.9169e-07
1.9263e-07
1.9357e-07
1.9451e-07
1.9546e-07
1.9641e-07
1.9737e-07
1.9833e-07
1.993e-07
2.0027e-07
2.0124e-07
2.0222e-07
2.032e-07
2.0419e-07
2.0518e-07
2.0617e-07
2.0717e-07
2.0818e-07
2.0918e-07
2.102e-07
2.1121e-07
2.1224e-07
2.1326e-07
2.1429e-07
2.1533e-07
2.1637e-07
2.1741e-07
2.1846e-07
2.1951e-07
2.2057e-07
2.2163e-07
2.227e-07
2.2377e-07
2.2485e-07
2.2593e-07
2.2701e-07
2.281e-07
2.292e-07
2.303e-07
2.314e-07
2.3251e-07
2.3363e-07
2.3475e-07
2.3587e-07
2.37e-07
2.3813e-07
2.3927e-07
2.4042e-07
2.4156e-07
2.4272e-07
2.4387e-07
2.4504e-07
2.4621e-07
2.4738e-07
2.4856e-07
2.4974e-07
2.5093e-07
2.5212e-07
2.5332e-07
2.5453e-07
2.5573e-07
2.5695e-07
2.5817e-07
2.5939e-07
2.6062e-07
2.6186e-07
2.631e-07
2.6434e-07
2.6559e-07
2.6685e-07
2.6811e-07
2.6938e-07
2.7065e-07
2.7193e-07
2.7321e-07
2.745e-07
2.7579e-07
2.7709e-07
2.784e-07
2.7971e-07
2.8102e-07
2.8234e-07
2.8367e-07
2.85e-07
2.8634e-07
2.8769e-07
2.8904e-07
2.9039e-07
2.9175e-07
2.9312e-07
2.9449e-07
2.9587e-07
2.9726e-07
2.9864e-07
3.0004e-07
3.0144e-07
3.0285e-07
3.0426e-07
3.0568e-07
3.0711e-07
3.0854e-07
3.0998e-07
3.1142e-07
3.1287e-07
3.1432e-07
3.1578e-07
3.1725e-07
3.1873e-07
3.2021e-07
3.2169e-07
3.2318e-07
3.2468e-07
3.2619e-07
3.277e-07
3.2921e-07
3.3074e-07
3.3227e-07
3.338e-07
3.3534e-07
3.3689e-07
3.3845e-07
3.4001e-07
3.4158e-07
3.4315e-07
3.4473e-07
3.4632e-07
3.4791e-07
3.4951e-07
3.5112e-07
3.5273e-07
3.5435e-07
3.5598e-07
3.5761e-07
3.5925e-07
3.609e-07
3.6255e-07
3.6421e-07
3.6588e-07
3.6756e-07
3.6924e-07
3.7092e-07
3.7262e-07
3.7432e-07
3.7603e-07
3.7774e-07
3.7947e-07
3.812e-07
3.8293e-07
3.8468e-07
3.8643e-07
3.8818e-07
3.8995e-07
3.9172e-07
3.935e-07
3.9529e-07
3.9708e-07
3.9888e-07
4.0069e-07
4.025e-07
4.0433e-07
4.0616e-07
4.0799e-07
4.0984e-07
4.1169e-07
4.1355e-07
4.1542e-07
4.1729e-07
4.1918e-07
4.2107e-07
4.2296e-07
4.2487e-07
4.2678e-07
4.287e-07
4.3063e-07
4.3256e-07
4.3451e-07
4.3646e-07
4.3842e-07
4.4038e-07
4.4236e-07
4.4434e-07
4.4633e-07
4.4833e-07
4.5034e-07
4.5235e-07
4.5437e-07
4.564e-07
4.5844e-07
4.6049e-07
4.6254e-07
4.646e-07
4.6667e-07
4.6875e-07
4.7084e-07
4.7293e-07
4.7504e-07
4.7715e-07
4.7927e-07
4.814e-07
4.8354e-07
4.8568e-07
4.8784e-07
4.9e-07
4.9217e-07
4.9435e-07
4.9654e-07
4.9873e-07
5.0094e-07
5.0315e-07
5.0537e-07
5.076e-07
5.0984e-07
5.1209e-07
5.1435e-07
5.1661e-07
5.1889e-07
5.2117e-07
5.2347e-07
5.2577e-07
5.2808e-07
5.304e-07
5.3272e-07
5.3506e-07
5.3741e-07
5.3976e-07
5.4213e-07
5.445e-07
5.4689e-07
5.4928e-07
5.5168e-07
5.5409e-07
5.5651e-07
5.5894e-07
5.6138e-07
5.6383e-07
5.6628e-07
5.6875e-07
5.7123e-07
5.7371e-07
5.7621e-07
5.7871e-07
5.8123e-07
5.8375e-07
5.8629e-07
5.8883e-07
5.9138e-07
5.9395e-07
5.9652e-07
5.991e-07
6.0169e-07
6.043e-07
6.0691e-07
6.0953e-07
6.1216e-07
6.148e-07
6.1746e-07
6.2012e-07
6.2279e-07
6.2547e-07
6.2817e-07
6.3087e-07
6.3358e-07
6.3631e-07
6.3904e-07
6.4178e-07
6.4454e-07
6.473e-07
6.5008e-07
6.5286e-07
6.5566e-07
6.5847e-07
6.6128e-07
6.6411e-07
6.6695e-07
6.698e-07
6.7266e-07
6.7553e-07
6.7841e-07
6.813e-07
6.842e-07
6.8712e-07
6.9004e-07
6.9297e-07
6.9592e-07
6.9888e-07
7.0185e-07
7.0482e-07
7.0781e-07
7.1082e-07
7.1383e-07
7.1685e-07
7.1989e-07
7.2293e-07
7.2599e-07
7.2906e-07
7.3214e-07
7.3523e-07
7.3833e-07
7.4145e-07
7.4457e-07
7.4771e-07
7.5086e-07
7.5402e-07
7.5719e-07
7.6037e-07
7.6357e-07
7.6678e-07
7.6999e-07
7.7323e-07
7.7647e-07
7.7972e-07
7.8299e-07
7.8627e-07
7.8956e-07
7.9286e-07
7.9617e-07
7.995e-07
8.0284e-07
8.0619e-07
8.0955e-07
8.1292e-07
8.1631e-07
8.1971e-07
8.2312e-07
8.2655e-07
8.2998e-07
8.3343e-07
8.3689e-07
8.4037e-07
8.4385e-07
8.4735e-07
8.5086e-07
8.5439e-07
8.5792e-07
8.6147e-07
8.6504e-07
8.6861e-07
8.722e-07
8.758e-07
8.7941e-07
8.8304e-07
8.8668e-07
8.9033e-07
8.94e-07
8.9768e-07
9.0137e-07
9.0507e-07
9.0879e-07
9.1252e-07
9.1627e-07
9.2003e-07
9.238e-07
9.2758e-07
9.3138e-07
9.3519e-07
9.3902e-07
9.4286e-07
9.4671e-07
9.5058e-07
9.5446e-07
9.5835e-07
9.6226e-07
9.6618e-07
9.7011e-07
9.7406e-07
9.7803e-07
9.82e-07
9.8599e-07
9.9e-07
9.9402e-07
9.9805e-07
1.0021e-06
1.0062e-06
1.0102e-06
1.0143e-06
1.0184e-06
1.0225e-06
1.0267e-06
1.0308e-06
1.035e-06
1.0392e-06
1.0434e-06
1.0476e-06
1.0518e-06
1.056e-06
1.0603e-06
1.0645e-06
1.0688e-06
1.0731e-06
1.0774e-06
1.0817e-06
1.0861e-06
1.0904e-06
1.0948e-06
1.0992e-06
1.1036e-06
1.108e-06
1.1124e-06
1.1168e-06
1.1213e-06
1.1258e-06
1.1303e-06
1.1348e-06
1.1393e-06
1.1438e-06
1.1484e-06
1.1529e-06
1.1575e-06
1.1621e-06
1.1667e-06
1.1714e-06
1.176e-06
1.1807e-06
1.1854e-06
1.19e-06
1.1948e-06
1.1995e-06
1.2042e-06
1.209e-06
1.2137e-06
1.2185e-06
1.2233e-06
1.2282e-06
1.233e-06
1.2379e-06
1.2427e-06
1.2476e-06
1.2525e-06
1.2574e-06
1.2624e-06
1.2673e-06
1.2723e-06
1.2773e-06
1.2823e-06
1.2873e-06
1.2923e-06
1.2974e-06
1.3025e-06
1.3075e-06
1.3126e-06
1.3178e-06
1.3229e-06
1.3281e-06
1.3332e-06
1.3384e-06
1.3436e-06
1.3488e-06
1.3541e-06
1.3593e-06
1.3646e-06
1.3699e-06
1.3752e-06
1.3805e-06
1.3859e-06
1.3913e-06
1.3966e-06
1.402e-06
1.4074e-06
1.4129e-06
1.4183e-06
1.4238e-06
1.4293e-06
1.4348e-06
1.4403e-06
1.4459e-06
1.4514e-06
1.457e-06
1.4626e-06
1.4682e-06
1.4738e-06
1.4795e-06
1.4852e-06
1.4908e-06
1.4965e-06
1.5023e-06
1.508e-06
1.5138e-06
1.5196e-06
1.5253e-06
1.5312e-06
1.537e-06
1.5429e-06
1.5487e-06
1.5546e-06
1.5605e-06
1.5665e-06
1.5724e-06
1.5784e-06
1.5844e-06
1.5904e-06
1.5964e-06
1.6024e-06
1.6085e-06
1.6146e-06
1.6207e-06
1.6268e-06
1.633e-06
1.6391e-06
1.6453e-06
1.6515e-06
1.6577e-06
1.664e-06
1.6702e-06
1.6765e-06
1.6828e-06
1.6891e-06
1.6955e-06
1.7018e-06
1.7082e-06
1.7146e-06
1.721e-06
1.7275e-06
1.7339e-06
1.7404e-06
1.7469e-06
1.7534e-06
1.76e-06
1.7665e-06
1.7731e-06
1.7797e-06
1.7863e-06
1.793e-06
1.7997e-06
1.8063e-06
1.8131e-06
1.8198e-06
1.8265e-06
1.8333e-06
1.8401e-06
1.8469e-06
1.8537e-06
1.8606e-06
1.8675e-06
1.8744e-06
1.8813e-06
1.8882e-06
1.8952e-06
1.9022e-06
1.9092e-06
1.9162e-06
1.9232e-06
1.9303e-06
1.9374e-06
1.9445e-06
1.9516e-06
1.9588e-06
1.966e-06
1.9732e-06
1.9804e-06
1.9876e-06
1.9949e-06
2.0022e-06
2.0095e-06
2.0168e-06
2.0242e-06
2.0316e-06
2.039e-06
2.0464e-06
2.0538e-06
2.0613e-06
2.0688e-06
2.0763e-06
2.0838e-06
2.0914e-06
2.0989e-06
2.1065e-06
2.1142e-06
2.1218e-06
2.1295e-06
2.1372e-06
2.1449e-06
2.1526e-06
2.1604e-06
2.1682e-06
2.176e-06
2.1838e-06
2.1917e-06
2.1996e-06
2.2075e-06
2.2154e-06
2.2233e-06
2.2313e-06
2.2393e-06
2.2473e-06
2.2554e-06
2.2634e-06
2.2715e-06
2.2796e-06
2.2878e-06
2.2959e-06
2.3041e-06
2.3123e-06
2.3206e-06
2.3288e-06
2.3371e-06
2.3454e-06
2.3538e-06
2.3621e-06
2.3705e-06
2.3789e-06
2.3873e-06
2.3958e-06
2.4043e-06
2.4128e-06
2.4213e-06
2.4298e-06
2.4384e-06
2.447e-06
2.4556e-06
2.4643e-06
2.473e-06
2.4817e-06
2.4904e-06
2.4992e-06
2.5079e-06
2.5167e-06
2.5256e-06
2.5344e-06
2.5433e-06
2.5522e-06
2.5611e-06
2.5701e-06
2.5791e-06
2.5881e-06
2.5971e-06
2.6062e-06
2.6152e-06
2.6244e-06
2.6335e-06
2.6427e-06
2.6518e-06
2.6611e-06
2.6703e-06
2.6796e-06
2.6888e-06
2.6982e-06
2.7075e-06
2.7169e-06
2.7263e-06
2.7357e-06
2.7452e-06
2.7546e-06
2.7641e-06
2.7737e-06
2.7832e-06
2.7928e-06
2.8024e-06
2.812e-06
2.8217e-06
2.8314e-06
2.8411e-06
2.8509e-06
2.8606e-06
2.8704e-06
2.8802e-06
2.8901e-06
2.9e-06
2.9099e-06
2.9198e-06
2.9298e-06
2.9398e-06
2.9498e-06
2.9598e-06
2.9699e-06
2.98e-06
2.9901e-06
3.0003e-06
3.0105e-06
3.0207e-06
3.0309e-06
3.0412e-06
3.0515e-06
3.0618e-06
3.0721e-06
3.0825e-06
3.0929e-06
3.1034e-06
3.1138e-06
3.1243e-06
3.1348e-06
3.1454e-06
3.156e-06
3.1666e-06
3.1772e-06
3.1879e-06
3.1986e-06
3.2093e-06
3.22e-06
3.2308e-06
3.2416e-06
3.2524e-06
3.2633e-06
3.2742e-06
3.2851e-06
3.2961e-06
3.3071e-06
3.3181e-06
3.3291e-06
3.3402e-06
3.3513e-06
3.3624e-06
3.3736e-06
3.3847e-06
3.396e-06
3.4072e-06
3.4185e-06
3.4298e-06
3.4411e-06
3.4525e-06
3.4639e-06
3.4753e-06
3.4867e-06
3.4982e-06
3.5097e-06
3.5213e-06
3.5329e-06
3.5445e-06
3.5561e-06
3.5678e-06
3.5795e-06
3.5912e-06
3.6029e-06
3.6147e-06
3.6265e-06
3.6384e-06
3.6503e-06
3.6622e-06
3.6741e-06
3.6861e-06
3.6981e-06
3.7101e-06
3.7222e-06
3.7343e-06
3.7464e-06
3.7585e-06
3.7707e-06
3.7829e-06
3.7952e-06
3.8075e-06
3.8198e-06
3.8321e-06
3.8445e-06
3.8569e-06
3.8693e-06
3.8818e-06
3.8943e-06
3.9068e-06
3.9194e-06
3.932e-06
3.9446e-06
3.9573e-06
3.97e-06
3.9827e-06
3.9954e-06
4.0082e-06
4.021e-06
4.0339e-06
4.0468e-06
4.0597e-06
4.0726e-06
4.0856e-06
4.0986e-06
4.1116e-06
4.1247e-06
4.1378e-06
4.151e-06
4.1641e-06
4.1773e-06
4.1906e-06
4.2038e-06
4.2171e-06
4.2305e-06
4.2438e-06
4.2572e-06
4.2707e-06
4.2841e-06
4.2976e-06
4.3112e-06
4.3247e-06
4.3383e-06
4.3519e-06
4.3656e-06
4.3793e-06
4.393e-06
4.4068e-06
4.4206e-06
4.4344e-06
4.4483e-06
4.4622e-06
4.4761e-06
4.4901e-06
4.5041e-06
4.5181e-06
4.5322e-06
4.5463e-06
4.5604e-06
4.5745e-06
4.5887e-06
4.603e-06
4.6172e-06
4.6315e-06
4.6459e-06
4.6602e-06
4.6746e-06
4.6891e-06
4.7036e-06
4.7181e-06
4.7326e-06
4.7472e-06
4.7618e-06
4.7764e-06
4.7911e-06
4.8058e-06
4.8205e-06
4.8353e-06
4.8501e-06
4.865e-06
4.8799e-06
4.8948e-06
4.9097e-06
4.9247e-06
4.9397e-06
4.9548e-06
4.9699e-06
4.985e-06
5.0002e-06
5.0154e-06
5.0306e-06
5.0459e-06
5.0612e-06
5.0765e-06
5.0919e-06
5.1073e-06
5.1227e-06
5.1382e-06
5.1537e-06
5.1693e-06
5.1848e-06
5.2005e-06
5.2161e-06
5.2318e-06
5.2475e-06
5.2633e-06
5.2791e-06
5.2949e-06
5.3108e-06
5.3267e-06
5.3426e-06
5.3586e-06
5.3746e-06
5.3906e-06
5.4067e-06
5.4228e-06
5.439e-06
5.4552e-06
5.4714e-06
5.4877e-06
5.504e-06
5.5203e-06
5.5367e-06
5.5531e-06
5.5695e-06
5.586e-06
5.6025e-06
5.6191e-06
5.6357e-06
5.6523e-06
5.6689e-06
5.6856e-06
5.7024e-06
5.7191e-06
5.7359e-06
5.7528e-06
5.7697e-06
5.7866e-06
5.8035e-06
5.8205e-06
5.8376e-06
5.8546e-06
5.8717e-06
5.8889e-06
5.906e-06
5.9232e-06
5.9405e-06
5.9578e-06
5.9751e-06
5.9925e-06
6.0098e-06
6.0273e-06
6.0447e-06
6.0623e-06
6.0798e-06
6.0974e-06
6.115e-06
6.1327e-06
6.1503e-06
6.1681e-06
6.1858e-06
6.2037e-06
6.2215e-06
6.2394e-06
6.2573e-06
6.2752e-06
6.2932e-06
6.3113e-06
6.3293e-06
6.3474e-06
6.3656e-06
6.3838e-06
6.402e-06
6.4202e-06
6.4385e-06
6.4569e-06
6.4752e-06
6.4936e-06
6.5121e-06
6.5306e-06
6.5491e-06
6.5676e-06
6.5862e-06
6.6049e-06
6.6235e-06
6.6423e-06
6.661e-06
6.6798e-06
6.6986e-06
6.7175e-06
6.7364e-06
6.7553e-06
6.7743e-06
6.7933e-06
6.8124e-06
6.8315e-06
6.8506e-06
6.8698e-06
6.889e-06
6.9082e-06
6.9275e-06
6.9468e-06
6.9662e-06
6.9856e-06
7.005e-06
7.0245e-06
7.044e-06
7.0636e-06
7.0831e-06
7.1028e-06
7.1224e-06
7.1421e-06
7.1619e-06
7.1817e-06
7.2015e-06
7.2214e-06
7.2413e-06
7.2612e-06
7.2812e-06
7.3012e-06
7.3212e-06
7.3413e-06
7.3615e-06
7.3816e-06
7.4019e-06
7.4221e-06
7.4424e-06
7.4627e-06
7.4831e-06
7.5035e-06
7.5239e-06
7.5444e-06
7.5649e-06
7.5855e-06
7.6061e-06
7.6267e-06
7.6474e-06
7.6681e-06
7.6889e-06
7.7097e-06
7.7305e-06
7.7514e-06
7.7723e-06
7.7932e-06
7.8142e-06
7.8352e-06
7.8563e-06
7.8774e-06
7.8986e-06
7.9197e-06
7.941e-06
7.9622e-06
7.9835e-06
8.0049e-06
8.0263e-06
8.0477e-06
8.0691e-06
8.0906e-06
8.1122e-06
8.1337e-06
8.1554e-06
8.177e-06
8.1987e-06
8.2204e-06
8.2422e-06
8.264e-06
8.2859e-06
8.3078e-06
8.3297e-06
8.3517e-06
8.3737e-06
8.3957e-06
8.4178e-06
8.4399e-06
8.4621e-06
8.4843e-06
8.5066e-06
8.5288e-06
8.5512e-06
8.5735e-06
8.5959e-06
8.6184e-06
8.6408e-06
8.6634e-06
8.6859e-06
8.7085e-06
8.7312e-06
8.7538e-06
8.7766e-06
8.7993e-06
8.8221e-06
8.8449e-06
8.8678e-06
8.8907e-06
8.9137e-06
8.9367e-06
8.9597e-06
8.9828e-06
9.0059e-06
9.029e-06
9.0522e-06
9.0755e-06
9.0987e-06
9.122e-06
9.1454e-06
9.1688e-06
9.1922e-06
9.2157e-06
9.2392e-06
9.2627e-06
9.2863e-06
9.3099e-06
9.3336e-06
9.3573e-06
9.381e-06
9.4048e-06
9.4286e-06
9.4525e-06
9.4764e-06
9.5003e-06
9.5243e-06
9.5483e-06
9.5724e-06
9.5964e-06
9.6206e-06
9.6448e-06
9.669e-06
9.6932e-06
9.7175e-06
9.7418e-06
9.7662e-06
9.7906e-06
9.8151e-06
9.8395e-06
9.8641e-06
9.8886e-06
9.9132e-06
9.9379e-06
9.9626e-06
9.9873e-06
1.0012e-05
1.0037e-05
1.0062e-05
1.0087e-05
1.0111e-05
1.0136e-05
1.0161e-05
1.0186e-05
1.0212e-05
1.0237e-05
1.0262e-05
1.0287e-05
1.0312e-05
1.0337e-05
1.0363e-05
1.0388e-05
1.0413e-05
1.0439e-05
1.0464e-05
1.049e-05
1.0515e-05
1.0541e-05
1.0567e-05
1.0592e-05
1.0618e-05
1.0644e-05
1.0669e-05
1.0695e-05
1.0721e-05
1.0747e-05
1.0773e-05
1.0799e-05
1.0825e-05
1.0851e-05
1.0877e-05
1.0903e-05
1.0929e-05
1.0955e-05
1.0982e-05
1.1008e-05
1.1034e-05
1.1061e-05
1.1087e-05
1.1113e-05
1.114e-05
1.1166e-05
1.1193e-05
1.1219e-05
1.1246e-05
1.1273e-05
1.1299e-05
1.1326e-05
1.1353e-05
1.138e-05
1.1407e-05
1.1433e-05
1.146e-05
1.1487e-05
1.1514e-05
1.1541e-05
1.1568e-05
1.1596e-05
1.1623e-05
1.165e-05
1.1677e-05
1.1704e-05
1.1732e-05
1.1759e-05
1.1786e-05
1.1814e-05
1.1841e-05
1.1869e-05
1.1896e-05
1.1924e-05
1.1951e-05
1.1979e-05
1.2007e-05
1.2034e-05
1.2062e-05
1.209e-05
1.2118e-05
1.2146e-05
1.2173e-05
1.2201e-05
1.2229e-05
1.2257e-05
1.2285e-05
1.2313e-05
1.2342e-05
1.237e-05
1.2398e-05
1.2426e-05
1.2454e-05
1.2483e-05
1.2511e-05
1.2539e-05
1.2568e-05
1.2596e-05
1.2625e-05
1.2653e-05
1.2682e-05
1.271e-05
1.2739e-05
1.2768e-05
1.2796e-05
1.2825e-05
1.2854e-05
1.2883e-05
1.2911e-05
1.294e-05
1.2969e-05
1.2998e-05
1.3027e-05
1.3056e-05
1.3085e-05
1.3114e-05
1.3143e-05
1.3172e-05
1.3202e-05
1.3231e-05
1.326e-05
1.3289e-05
1.3319e-05
1.3348e-05
1.3378e-05
1.3407e-05
1.3436e-05
1.3466e-05
1.3495e-05
1.3525e-05
1.3555e-05
1.3584e-05
1.3614e-05
1.3644e-05
1.3673e-05
1.3703e-05
1.3733e-05
1.3763e-05
1.3793e-05
1.3823e-05
1.3853e-05
1.3883e-05
1.3913e-05
1.3943e-05
1.3973e-05
1.4003e-05
1.4033e-05
1.4063e-05
1.4094e-05
1.4124e-05
1.4154e-05
1.4184e-05
1.4215e-05
1.4245e-05
1.4276e-05
1.4306e-05
1.4336e-05
1.4367e-05
1.4398e-05
1.4428e-05
1.4459e-05
1.4489e-05
1.452e-05
1.4551e-05
1.4582e-05
1.4612e-05
1.4643e-05
1.4674e-05
1.4705e-05
1.4736e-05
1.4767e-05
1.4798e-05
1.4829e-05
1.486e-05
1.4891e-05
1.4922e-05
1.4953e-05
1.4984e-05
1.5016e-05
1.5047e-05
1.5078e-05
1.5109e-05
1.5141e-05
1.5172e-05
1.5203e-05
1.5235e-05
1.5266e-05
1.5298e-05
1.5329e-05
1.5361e-05
1.5392e-05
1.5424e-05
1.5456e-05
1.5487e-05
1.5519e-05
1.5551e-05
1.5582e-05
1.5614e-05
1.5646e-05
1.5678e-05
1.571e-05
1.5742e-05
1.5774e-05
1.5806e-05
1.5838e-05
1.587e-05
1.5902e-05
1.5934e-05
1.5966e-05
1.5998e-05
1.603e-05
1.6062e-05
1.6095e-05
1.6127e-05
1.6159e-05
1.6191e-05
1.6224e-05
1.6256e-05
1.6289e-05
1.6321e-05
1.6353e-05
1.6386e-05
1.6418e-05
1.6451e-05
1.6484e-05
1.6516e-05
1.6549e-05
1.6581e-05
1.6614e-05
1.6647e-05
1.668e-05
1.6712e-05
1.6745e-05
1.6778e-05
1.6811e-05
1.6844e-05
1.6876e-05
1.6909e-05
1.6942e-05
1.6975e-05
1.7008e-05
1.7041e-05
1.7074e-05
1.7107e-05
1.7141e-05
1.7174e-05
1.7207e-05
1.724e-05
1.7273e-05
1.7307e-05
1.734e-05
1.7373e-05
1.7406e-05
1.744e-05
1.7473e-05
1.7506e-05
1.754e-05
1.7573e-05
1.7607e-05
1.764e-05
1.7674e-05
1.7707e-05
1.7741e-05
1.7774e-05
1.7808e-05
1.7842e-05
1.7875e-05
1.7909e-05
1.7943e-05
1.7976e-05
1.801e-05
1.8044e-05
1.8078e-05
1.8111e-05
1.8145e-05
1.8179e-05
1.8213e-05
1.8247e-05
1.8281e-05
1.8315e-05
1.8349e-05
1.8383e-05
1.8417e-05
1.8451e-05
1.8485e-05
1.8519e-05
1.8553e-05
1.8587e-05
1.8621e-05
1.8656e-05
1.869e-05
1.8724e-05
1.8758e-05
1.8792e-05
1.8827e-05
1.8861e-05
1.8895e-05
1.893e-05
1.8964e-05
1.8998e-05
1.9033e-05
1.9067e-05
1.9102e-05
1.9136e-05
1.9171e-05
1.9205e-05
1.924e-05
1.9274e-05
1.9309e-05
1.9343e-05
1.9378e-05
1.9412e-05
1.9447e-05
1.9482e-05
1.9516e-05
1.9551e-05
1.9586e-05
1.962e-05
1.9655e-05
1.969e-05
1.9725e-05
1.9759e-05
1.9794e-05
1.9829e-05
1.9864e-05
1.9899e-05
1.9934e-05
1.9968e-05
2.0003e-05
2.0038e-05
2.0073e-05
2.0108e-05
2.0143e-05
2.0178e-05
2.0213e-05
2.0248e-05
2.0283e-05
2.0318e-05
2.0353e-05
2.0388e-05
2.0423e-05
2.0459e-05
2.0494e-05
2.0529e-05
2.0564e-05
2.0599e-05
2.0634e-05
2.067e-05
2.0705e-05
2.074e-05
2.0775e-05
2.081e-05
2.0846e-05
2.0881e-05
2.0916e-05
2.0952e-05
2.0987e-05
2.1022e-05
2.1058e-05
2.1093e-05
2.1128e-05
2.1164e-05
2.1199e-05
2.1234e-05
2.127e-05
2.1305e-05
2.1341e-05
2.1376e-05
2.1412e-05
2.1447e-05
2.1483e-05
2.1518e-05
2.1554e-05
2.1589e-05
2.1625e-05
2.166e-05
2.1696e-05
2.1731e-05
2.1767e-05
2.1802e-05
2.1838e-05
2.1874e-05
2.1909e-05
2.1945e-05
2.198e-05
2.2016e-05
2.2052e-05
2.2087e-05
2.2123e-05
2.2159e-05
2.2194e-05
2.223e-05
2.2266e-05
2.2301e-05
2.2337e-05
2.2373e-05
2.2408e-05
2.2444e-05
2.248e-05
2.2516e-05
2.2551e-05
2.2587e-05
2.2623e-05
2.2659e-05
2.2694e-05
2.273e-05
2.2766e-05
2.2802e-05
2.2838e-05
2.2873e-05
2.2909e-05
2.2945e-05
2.2981e-05
2.3017e-05
2.3052e-05
2.3088e-05
2.3124e-05
2.316e-05
2.3196e-05
2.3232e-05
2.3267e-05
2.3303e-05
2.3339e-05
2.3375e-05
2.3411e-05
2.3447e-05
2.3483e-05
2.3518e-05
2.3554e-05
2.359e-05
2.3626e-05
2.3662e-05
2.3698e-05
2.3734e-05
2.3769e-05
2.3805e-05
2.3841e-05
2.3877e-05
2.3913e-05
2.3949e-05
2.3985e-05
2.4021e-05
2.4057e-05
2.4092e-05
2.4128e-05
2.4164e-05
2.42e-05
2.4236e-05
2.4272e-05
2.4308e-05
2.4344e-05
2.4379e-05
2.4415e-05
2.4451e-05
2.4487e-05
2.4523e-05
2.4559e-05
2.4595e-05
2.4631e-05
2.4666e-05
2.4702e-05
2.4738e-05
2.4774e-05
2.481e-05
2.4846e-05
2.4882e-05
2.4917e-05
2.4953e-05
2.4989e-05
2.5025e-05
2.5061e-05
2.5097e-05
2.5132e-05
2.5168e-05
2.5204e-05
2.524e-05
2.5276e-05
2.5311e-05
2.5347e-05
2.5383e-05
2.5419e-05
2.5454e-05
2.549e-05
2.5526e-05
2.5562e-05
2.5597e-05
2.5633e-05
2.5669e-05
2.5705e-05
2.574e-05
2.5776e-05
2.5812e-05
2.5847e-05
2.5883e-05
2.5919e-05
2.5954e-05
2.599e-05
2.6026e-05
2.6061e-05
2.6097e-05
2.6133e-05
2.6168e-05
2.6204e-05
2.6239e-05
2.6275e-05
2.6311e-05
2.6346e-05
2.6382e-05
2.6417e-05
2.6453e-05
2.6488e-05
2.6524e-05
2.6559e-05
2.6595e-05
2.663e-05
2.6666e-05
2.6701e-05
2.6736e-05
2.6772e-05
2.6807e-05
2.6843e-05
2.6878e-05
2.6913e-05
2.6949e-05
2.6984e-05
2.7019e-05
2.7055e-05
2.709e-05
2.7125e-05
2.7161e-05
2.7196e-05
2.7231e-05
2.7266e-05
2.7301e-05
2.7337e-05
2.7372e-05
2.7407e-05
2.7442e-05
2.7477e-05
2.7512e-05
2.7547e-05
2.7583e-05
2.7618e-05
2.7653e-05
2.7688e-05
2.7723e-05
2.7758e-05
2.7793e-05
2.7828e-05
2.7863e-05
2.7897e-05
2.7932e-05
2.7967e-05
2.8002e-05
2.8037e-05
2.8072e-05
2.8107e-05
2.8141e-05
2.8176e-05
2.8211e-05
2.8246e-05
2.828e-05
2.8315e-05
2.835e-05
2.8384e-05
2.8419e-05
2.8454e-05
2.8488e-05
2.8523e-05
2.8557e-05
2.8592e-05
2.8626e-05
2.8661e-05
2.8695e-05
2.873e-05
2.8764e-05
2.8798e-05
2.8833e-05
2.8867e-05
2.8901e-05
2.8936e-05
2.897e-05
2.9004e-05
2.9038e-05
2.9073e-05
2.9107e-05
2.9141e-05
2.9175e-05
2.9209e-05
2.9243e-05
2.9277e-05
2.9311e-05
2.9345e-05
2.9379e-05
2.9413e-05
2.9447e-05
2.9481e-05
2.9515e-05
2.9549e-05
2.9583e-05
2.9616e-05
2.965e-05
2.9684e-05
2.9718e-05
2.9751e-05
2.9785e-05
2.9818e-05
2.9852e-05
2.9886e-05
2.9919e-05
2.9953e-05
2.9986e-05
3.002e-05
3.0053e-05
3.0086e-05
3.012e-05
3.0153e-05
3.0186e-05
3.022e-05
3.0253e-05
3.0286e-05
3.0319e-05
3.0352e-05
3.0385e-05
3.0418e-05
3.0452e-05
3.0485e-05
3.0518e-05
3.055e-05
3.0583e-05
3.0616e-05
3.0649e-05
3.0682e-05
3.0715e-05
3.0747e-05
3.078e-05
3.0813e-05
3.0845e-05
3.0878e-05
3.0911e-05
3.0943e-05
3.0976e-05
3.1008e-05
3.1041e-05
3.1073e-05
3.1105e-05
3.1138e-05
3.117e-05
3.1202e-05
3.1235e-05
3.1267e-05
3.1299e-05
3.1331e-05
3.1363e-05
3.1395e-05
3.1427e-05
3.1459e-05
3.1491e-05
3.1523e-05
3.1555e-05
3.1587e-05
3.1618e-05
3.165e-05
3.1682e-05
3.1714e-05
3.1745e-05
3.1777e-05
3.1808e-05
3.184e-05
3.1871e-05
3.1903e-05
3.1934e-05
3.1965e-05
3.1997e-05
3.2028e-05
3.2059e-05
3.209e-05
3.2122e-05
3.2153e-05
3.2184e-05
3.2215e-05
3.2246e-05
3.2277e-05
3.2308e-05
3.2338e-05
3.2369e-05
3.24e-05
3.2431e-05
3.2461e-05
3.2492e-05
3.2523e-05
3.2553e-05
3.2584e-05
3.2614e-05
3.2645e-05
3.2675e-05
3.2705e-05
3.2736e-05
3.2766e-05
3.2796e-05
3.2826e-05
3.2856e-05
3.2886e-05
3.2916e-05
3.2946e-05
3.2976e-05
3.3006e-05
3.3036e-05
3.3066e-05
3.3095e-05
3.3125e-05
3.3155e-05
3.3184e-05
3.3214e-05
3.3243e-05
3.3273e-05
3.3302e-05
3.3332e-05
3.3361e-05
3.339e-05
3.3419e-05
3.3448e-05
3.3478e-05
3.3507e-05
3.3536e-05
3.3565e-05
3.3594e-05
3.3622e-05
3.3651e-05
3.368e-05
3.3709e-05
3.3737e-05
3.3766e-05
3.3794e-05
3.3823e-05
3.3851e-05
3.388e-05
3.3908e-05
3.3937e-05
3.3965e-05
3.3993e-05
3.4021e-05
3.4049e-05
3.4077e-05
3.4105e-05
3.4133e-05
3.4161e-05
3.4189e-05
3.4217e-05
3.4244e-05
3.4272e-05
3.43e-05
3.4327e-05
3.4355e-05
3.4382e-05
3.441e-05
3.4437e-05
3.4464e-05
3.4491e-05
3.4519e-05
3.4546e-05
3.4573e-05
3.46e-05
3.4627e-05
3.4654e-05
3.468e-05
3.4707e-05
3.4734e-05
3.4761e-05
3.4787e-05
3.4814e-05
3.484e-05
3.4867e-05
3.4893e-05
3.492e-05
3.4946e-05
3.4972e-05
3.4998e-05
3.5024e-05
3.505e-05
3.5076e-05
3.5102e-05
3.5128e-05
3.5154e-05
3.518e-05
3.5205e-05
3.5231e-05
3.5256e-05
3.5282e-05
3.5307e-05
3.5333e-05
3.5358e-05
3.5383e-05
3.5409e-05
3.5434e-05
3.5459e-05
3.5484e-05
3.5509e-05
3.5534e-05
3.5558e-05
3.5583e-05
3.5608e-05
3.5633e-05
3.5657e-05
3.5682e-05
3.5706e-05
3.5731e-05
3.5755e-05
3.5779e-05
3.5803e-05
3.5828e-05
3.5852e-05
3.5876e-05
3.59e-05
3.5923e-05
3.5947e-05
3.5971e-05
3.5995e-05
3.6018e-05
3.6042e-05
3.6065e-05
3.6089e-05
3.6112e-05
3.6136e-05
3.6159e-05
3.6182e-05
3.6205e-05
3.6228e-05
3.6251e-05
3.6274e-05
3.6297e-05
3.632e-05
3.6342e-05
3.6365e-05
3.6388e-05
3.641e-05
3.6433e-05
3.6455e-05
3.6477e-05
3.65e-05
3.6522e-05
3.6544e-05
3.6566e-05
3.6588e-05
3.661e-05
3.6632e-05
3.6653e-05
3.6675e-05
3.6697e-05
3.6718e-05
3.674e-05
3.6761e-05
3.6783e-05
3.6804e-05
3.6825e-05
3.6846e-05
3.6867e-05
3.6888e-05
3.6909e-05
3.693e-05
3.6951e-05
3.6972e-05
3.6992e-05
3.7013e-05
3.7033e-05
3.7054e-05
3.7074e-05
3.7094e-05
3.7115e-05
3.7135e-05
3.7155e-05
3.7175e-05
3.7195e-05
3.7215e-05
3.7235e-05
3.7254e-05
3.7274e-05
3.7293e-05
3.7313e-05
3.7332e-05
3.7352e-05
3.7371e-05
3.739e-05
3.7409e-05
3.7428e-05
3.7447e-05
3.7466e-05
3.7485e-05
3.7504e-05
3.7523e-05
3.7541e-05
3.756e-05
3.7578e-05
3.7597e-05
3.7615e-05
3.7633e-05
3.7651e-05
3.767e-05
3.7688e-05
3.7706e-05
3.7723e-05
3.7741e-05
3.7759e-05
3.7777e-05
3.7794e-05
3.7812e-05
3.7829e-05
3.7846e-05
3.7864e-05
3.7881e-05
3.7898e-05
3.7915e-05
3.7932e-05
3.7949e-05
3.7966e-05
3.7982e-05
3.7999e-05
3.8016e-05
3.8032e-05
3.8049e-05
3.8065e-05
3.8081e-05
3.8097e-05
3.8114e-05
3.813e-05
3.8145e-05
3.8161e-05
3.8177e-05
3.8193e-05
3.8209e-05
3.8224e-05
3.824e-05
3.8255e-05
3.827e-05
3.8286e-05
3.8301e-05
3.8316e-05
3.8331e-05
3.8346e-05
3.8361e-05
3.8375e-05
3.839e-05
3.8405e-05
3.8419e-05
3.8434e-05
3.8448e-05
3.8462e-05
3.8477e-05
3.8491e-05
3.8505e-05
3.8519e-05
3.8533e-05
3.8546e-05
3.856e-05
3.8574e-05
3.8587e-05
3.8601e-05
3.8614e-05
3.8628e-05
3.8641e-05
3.8654e-05
3.8667e-05
3.868e-05
3.8693e-05
3.8706e-05
3.8718e-05
3.8731e-05
3.8744e-05
3.8756e-05
3.8769e-05
3.8781e-05
3.8793e-05
3.8805e-05
3.8818e-05
3.883e-05
3.8841e-05
3.8853e-05
3.8865e-05
3.8877e-05
3.8888e-05
3.89e-05
3.8911e-05
3.8923e-05
3.8934e-05
3.8945e-05
3.8956e-05
3.8967e-05
3.8978e-05
3.8989e-05
3.9e-05
3.901e-05
3.9021e-05
3.9031e-05
3.9042e-05
3.9052e-05
3.9063e-05
3.9073e-05
3.9083e-05
3.9093e-05
3.9103e-05
3.9113e-05
3.9122e-05
3.9132e-05
3.9142e-05
3.9151e-05
3.916e-05
3.917e-05
3.9179e-05
3.9188e-05
3.9197e-05
3.9206e-05
3.9215e-05
3.9224e-05
3.9233e-05
3.9241e-05
3.925e-05
3.9258e-05
3.9267e-05
3.9275e-05
3.9283e-05
3.9291e-05
3.9299e-05
3.9307e-05
3.9315e-05
3.9323e-05
3.9331e-05
3.9338e-05
3.9346e-05
3.9353e-05
3.9361e-05
3.9368e-05
3.9375e-05
3.9382e-05
3.9389e-05
3.9396e-05
3.9403e-05
3.941e-05
3.9416e-05
3.9423e-05
3.943e-05
3.9436e-05
3.9442e-05
3.9449e-05
3.9455e-05
3.9461e-05
3.9467e-05
3.9473e-05
3.9478e-05
3.9484e-05
3.949e-05
3.9495e-05
3.9501e-05
3.9506e-05
3.9511e-05
3.9517e-05
3.9522e-05
3.9527e-05
3.9532e-05
3.9536e-05
3.9541e-05
3.9546e-05
3.955e-05
3.9555e-05
3.9559e-05
3.9564e-05
3.9568e-05
3.9572e-05
3.9576e-05
3.958e-05
3.9584e-05
3.9588e-05
3.9591e-05
3.9595e-05
3.9599e-05
3.9602e-05
3.9605e-05
3.9609e-05
3.9612e-05
3.9615e-05
3.9618e-05
3.9621e-05
3.9624e-05
3.9626e-05
3.9629e-05
3.9632e-05
3.9634e-05
3.9636e-05
3.9639e-05
3.9641e-05
3.9643e-05
3.9645e-05
3.9647e-05
3.9649e-05
3.9651e-05
3.9652e-05
3.9654e-05
3.9655e-05
3.9657e-05
3.9658e-05
3.9659e-05
3.9661e-05
3.9662e-05
3.9663e-05
3.9664e-05
3.9664e-05
3.9665e-05
3.9666e-05
3.9666e-05
3.9667e-05
3.9667e-05
3.9667e-05
3.9667e-05
3.9668e-05
3.9668e-05
3.9667e-05
3.9667e-05
3.9667e-05
3.9667e-05
3.9666e-05
3.9666e-05
3.9665e-05
3.9664e-05
3.9664e-05
3.9663e-05
3.9662e-05
3.9661e-05
3.966e-05
3.9658e-05
3.9657e-05
3.9656e-05
3.9654e-05
3.9653e-05
3.9651e-05
3.9649e-05
3.9647e-05
3.9645e-05
3.9643e-05
3.9641e-05
3.9639e-05
3.9637e-05
3.9634e-05
3.9632e-05
3.9629e-05
3.9627e-05
3.9624e-05
3.9621e-05
3.9618e-05
3.9615e-05
3.9612e-05
3.9609e-05
3.9606e-05
3.9602e-05
3.9599e-05
3.9595e-05
3.9592e-05
3.9588e-05
3.9584e-05
3.9581e-05
3.9577e-05
3.9573e-05
3.9568e-05
3.9564e-05
3.956e-05
3.9555e-05
3.9551e-05
3.9546e-05
3.9542e-05
3.9537e-05
3.9532e-05
3.9527e-05
3.9522e-05
3.9517e-05
3.9512e-05
3.9507e-05
3.9501e-05
3.9496e-05
3.949e-05
3.9485e-05
3.9479e-05
3.9473e-05
3.9467e-05
3.9461e-05
3.9455e-05
3.9449e-05
3.9443e-05
3.9437e-05
3.943e-05
3.9424e-05
3.9417e-05
3.9411e-05
3.9404e-05
3.9397e-05
3.939e-05
3.9383e-05
3.9376e-05
3.9369e-05
3.9362e-05
3.9354e-05
3.9347e-05
3.9339e-05
3.9332e-05
3.9324e-05
3.9316e-05
3.9308e-05
3.93e-05
3.9292e-05
3.9284e-05
3.9276e-05
3.9268e-05
3.9259e-05
3.9251e-05
3.9242e-05
3.9234e-05
3.9225e-05
3.9216e-05
3.9207e-05
3.9198e-05
3.9189e-05
3.918e-05
3.9171e-05
3.9161e-05
3.9152e-05
3.9143e-05
3.9133e-05
3.9123e-05
3.9114e-05
3.9104e-05
3.9094e-05
3.9084e-05
3.9074e-05
3.9064e-05
3.9053e-05
3.9043e-05
3.9033e-05
3.9022e-05
3.9012e-05
3.9001e-05
3.899e-05
3.8979e-05
3.8968e-05
3.8957e-05
3.8946e-05
3.8935e-05
3.8924e-05
3.8913e-05
3.8901e-05
3.889e-05
3.8878e-05
3.8866e-05
3.8855e-05
3.8843e-05
3.8831e-05
3.8819e-05
3.8807e-05
3.8795e-05
3.8782e-05
3.877e-05
3.8758e-05
3.8745e-05
3.8733e-05
3.872e-05
3.8707e-05
3.8694e-05
3.8681e-05
3.8668e-05
3.8655e-05
3.8642e-05
3.8629e-05
3.8616e-05
3.8602e-05
3.8589e-05
3.8575e-05
3.8562e-05
3.8548e-05
3.8534e-05
3.852e-05
3.8506e-05
3.8492e-05
3.8478e-05
3.8464e-05
3.845e-05
3.8435e-05
3.8421e-05
3.8406e-05
3.8392e-05
3.8377e-05
3.8362e-05
3.8347e-05
3.8332e-05
3.8317e-05
3.8302e-05
3.8287e-05
3.8272e-05
3.8257e-05
3.8241e-05
3.8226e-05
3.821e-05
3.8195e-05
3.8179e-05
3.8163e-05
3.8147e-05
3.8131e-05
3.8115e-05
3.8099e-05
3.8083e-05
3.8067e-05
3.805e-05
3.8034e-05
3.8018e-05
3.8001e-05
3.7984e-05
3.7968e-05
3.7951e-05
3.7934e-05
3.7917e-05
3.79e-05
3.7883e-05
3.7866e-05
3.7848e-05
3.7831e-05
3.7814e-05
3.7796e-05
3.7779e-05
3.7761e-05
3.7743e-05
3.7725e-05
3.7708e-05
3.769e-05
3.7672e-05
3.7654e-05
3.7635e-05
3.7617e-05
3.7599e-05
3.758e-05
3.7562e-05
3.7543e-05
3.7525e-05
3.7506e-05
3.7487e-05
3.7468e-05
3.745e-05
3.7431e-05
3.7412e-05
3.7392e-05
3.7373e-05
3.7354e-05
3.7335e-05
3.7315e-05
3.7296e-05
3.7276e-05
3.7256e-05
3.7237e-05
3.7217e-05
3.7197e-05
3.7177e-05
3.7157e-05
3.7137e-05
3.7117e-05
3.7097e-05
3.7076e-05
3.7056e-05
3.7036e-05
3.7015e-05
3.6995e-05
3.6974e-05
3.6953e-05
3.6932e-05
3.6912e-05
3.6891e-05
3.687e-05
3.6849e-05
3.6827e-05
3.6806e-05
3.6785e-05
3.6764e-05
3.6742e-05
3.6721e-05
3.6699e-05
3.6677e-05
3.6656e-05
3.6634e-05
3.6612e-05
3.659e-05
3.6568e-05
3.6546e-05
3.6524e-05
3.6502e-05
3.648e-05
3.6457e-05
3.6435e-05
3.6413e-05
3.639e-05
3.6368e-05
3.6345e-05
3.6322e-05
3.6299e-05
3.6277e-05
3.6254e-05
3.6231e-05
3.6208e-05
3.6185e-05
3.6161e-05
3.6138e-05
3.6115e-05
3.6092e-05
3.6068e-05
3.6045e-05
3.6021e-05
3.5997e-05
3.5974e-05
3.595e-05
3.5926e-05
3.5902e-05
3.5878e-05
3.5854e-05
3.583e-05
3.5806e-05
3.5782e-05
3.5758e-05
3.5733e-05
3.5709e-05
3.5684e-05
3.566e-05
3.5635e-05
3.5611e-05
3.5586e-05
3.5561e-05
3.5536e-05
3.5512e-05
3.5487e-05
3.5462e-05
3.5436e-05
3.5411e-05
3.5386e-05
3.5361e-05
3.5336e-05
3.531e-05
3.5285e-05
3.5259e-05
3.5234e-05
3.5208e-05
3.5182e-05
3.5157e-05
3.5131e-05
3.5105e-05
3.5079e-05
3.5053e-05
3.5027e-05
3.5001e-05
3.4975e-05
3.4949e-05
3.4922e-05
3.4896e-05
3.487e-05
3.4843e-05
3.4817e-05
3.479e-05
3.4764e-05
3.4737e-05
3.471e-05
3.4683e-05
3.4657e-05
3.463e-05
3.4603e-05
3.4576e-05
3.4549e-05
3.4522e-05
3.4494e-05
3.4467e-05
3.444e-05
3.4413e-05
3.4385e-05
3.4358e-05
3.433e-05
3.4303e-05
3.4275e-05
3.4247e-05
3.422e-05
3.4192e-05
3.4164e-05
3.4136e-05
3.4108e-05
3.408e-05
3.4052e-05
3.4024e-05
3.3996e-05
3.3968e-05
3.394e-05
3.3911e-05
3.3883e-05
3.3855e-05
3.3826e-05
3.3798e-05
3.3769e-05
3.374e-05
3.3712e-05
3.3683e-05
3.3654e-05
3.3626e-05
3.3597e-05
3.3568e-05
3.3539e-05
3.351e-05
3.3481e-05
3.3452e-05
3.3423e-05
3.3393e-05
3.3364e-05
3.3335e-05
3.3305e-05
3.3276e-05
3.3247e-05
3.3217e-05
3.3188e-05
3.3158e-05
3.3128e-05
3.3099e-05
3.3069e-05
3.3039e-05
3.3009e-05
3.2979e-05
3.295e-05
3.292e-05
3.289e-05
3.286e-05
3.2829e-05
3.2799e-05
3.2769e-05
3.2739e-05
3.2709e-05
3.2678e-05
3.2648e-05
3.2617e-05
3.2587e-05
3.2557e-05
3.2526e-05
3.2495e-05
3.2465e-05
3.2434e-05
3.2403e-05
3.2373e-05
3.2342e-05
3.2311e-05
3.228e-05
3.2249e-05
3.2218e-05
3.2187e-05
3.2156e-05
3.2125e-05
3.2094e-05
3.2063e-05
3.2031e-05
3.2e-05
3.1969e-05
3.1938e-05
3.1906e-05
3.1875e-05
3.1843e-05
3.1812e-05
3.178e-05
3.1749e-05
3.1717e-05
3.1685e-05
3.1654e-05
3.1622e-05
3.159e-05
3.1558e-05
3.1526e-05
3.1495e-05
3.1463e-05
3.1431e-05
3.1399e-05
3.1367e-05
3.1335e-05
3.1302e-05
3.127e-05
3.1238e-05
3.1206e-05
3.1174e-05
3.1141e-05
3.1109e-05
3.1077e-05
3.1044e-05
3.1012e-05
3.0979e-05
3.0947e-05
3.0914e-05
3.0882e-05
3.0849e-05
3.0816e-05
3.0784e-05
3.0751e-05
3.0718e-05
3.0686e-05
3.0653e-05
3.062e-05
3.0587e-05
3.0554e-05
3.0521e-05
3.0488e-05
3.0455e-05
3.0422e-05
3.0389e-05
3.0356e-05
3.0323e-05
3.029e-05
3.0256e-05
3.0223e-05
3.019e-05
3.0157e-05
3.0123e-05
3.009e-05
3.0057e-05
3.0023e-05
2.999e-05
2.9956e-05
2.9923e-05
2.9889e-05
2.9856e-05
2.9822e-05
2.9789e-05
2.9755e-05
2.9721e-05
2.9688e-05
2.9654e-05
2.962e-05
2.9586e-05
2.9552e-05
2.9519e-05
2.9485e-05
2.9451e-05
2.9417e-05
2.9383e-05
2.9349e-05
2.9315e-05
2.9281e-05
2.9247e-05
2.9213e-05
2.9179e-05
2.9145e-05
2.9111e-05
2.9076e-05
2.9042e-05
2.9008e-05
2.8974e-05
2.894e-05
2.8905e-05
2.8871e-05
2.8837e-05
2.8802e-05
2.8768e-05
2.8733e-05
2.8699e-05
2.8665e-05
2.863e-05
2.8596e-05
2.8561e-05
2.8527e-05
2.8492e-05
2.8457e-05
2.8423e-05
2.8388e-05
2.8354e-05
2.8319e-05
2.8284e-05
2.8249e-05
2.8215e-05
2.818e-05
2.8145e-05
2.811e-05
2.8076e-05
2.8041e-05
2.8006e-05
2.7971e-05
2.7936e-05
2.7901e-05
2.7866e-05
2.7831e-05
2.7796e-05
2.7762e-05
2.7727e-05
2.7692e-05
2.7657e-05
2.7621e-05
2.7586e-05
2.7551e-05
2.7516e-05
2.7481e-05
2.7446e-05
2.7411e-05
2.7376e-05
2.7341e-05
2.7305e-05
2.727e-05
2.7235e-05
2.72e-05
2.7164e-05
2.7129e-05
2.7094e-05
2.7059e-05
2.7023e-05
2.6988e-05
2.6953e-05
2.6917e-05
2.6882e-05
2.6847e-05
2.6811e-05
2.6776e-05
2.674e-05
2.6705e-05
2.6669e-05
2.6634e-05
2.6599e-05
2.6563e-05
2.6528e-05
2.6492e-05
2.6457e-05
2.6421e-05
2.6386e-05
2.635e-05
2.6314e-05
2.6279e-05
2.6243e-05
2.6208e-05
2.6172e-05
2.6137e-05
2.6101e-05
2.6065e-05
2.603e-05
2.5994e-05
2.5958e-05
2.5923e-05
2.5887e-05
2.5851e-05
2.5816e-05
2.578e-05
2.5744e-05
2.5709e-05
2.5673e-05
2.5637e-05
2.5601e-05
2.5566e-05
2.553e-05
2.5494e-05
2.5458e-05
2.5423e-05
2.5387e-05
2.5351e-05
2.5315e-05
2.528e-05
2.5244e-05
2.5208e-05
2.5172e-05
2.5136e-05
2.5101e-05
2.5065e-05
2.5029e-05
2.4993e-05
2.4957e-05
2.4921e-05
2.4886e-05
2.485e-05
2.4814e-05
2.4778e-05
2.4742e-05
2.4706e-05
2.467e-05
2.4635e-05
2.4599e-05
2.4563e-05
2.4527e-05
2.4491e-05
2.4455e-05
2.4419e-05
2.4383e-05
2.4348e-05
2.4312e-05
2.4276e-05
2.424e-05
2.4204e-05
2.4168e-05
2.4132e-05
2.4096e-05
2.4061e-05
2.4025e-05
2.3989e-05
2.3953e-05
2.3917e-05
2.3881e-05
2.3845e-05
2.3809e-05
2.3773e-05
2.3738e-05
2.3702e-05
2.3666e-05
2.363e-05
2.3594e-05
2.3558e-05
2.3522e-05
2.3486e-05
2.3451e-05
2.3415e-05
2.3379e-05
2.3343e-05
2.3307e-05
2.3271e-05
2.3235e-05
2.32e-05
2.3164e-05
2.3128e-05
2.3092e-05
2.3056e-05
2.3021e-05
2.2985e-05
2.2949e-05
2.2913e-05
2.2877e-05
2.2841e-05
2.2806e-05
2.277e-05
2.2734e-05
2.2698e-05
2.2663e-05
2.2627e-05
2.2591e-05
2.2555e-05
2.252e-05
2.2484e-05
2.2448e-05
2.2412e-05
2.2377e-05
2.2341e-05
2.2305e-05
2.227e-05
2.2234e-05
2.2198e-05
2.2163e-05
2.2127e-05
2.2091e-05
2.2056e-05
2.202e-05
2.1984e-05
2.1949e-05
2.1913e-05
2.1877e-05
2.1842e-05
2.1806e-05
2.1771e-05
2.1735e-05
2.17e-05
2.1664e-05
2.1628e-05
2.1593e-05
2.1557e-05
2.1522e-05
2.1486e-05
2.1451e-05
2.1416e-05
2.138e-05
2.1345e-05
2.1309e-05
2.1274e-05
2.1238e-05
2.1203e-05
2.1168e-05
2.1132e-05
2.1097e-05
2.1061e-05
2.1026e-05
2.0991e-05
2.0955e-05
2.092e-05
2.0885e-05
2.085e-05
2.0814e-05
2.0779e-05
2.0744e-05
2.0709e-05
2.0673e-05
2.0638e-05
2.0603e-05
2.0568e-05
2.0533e-05
2.0498e-05
2.0462e-05
2.0427e-05
2.0392e-05
2.0357e-05
2.0322e-05
2.0287e-05
2.0252e-05
2.0217e-05
2.0182e-05
2.0147e-05
2.0112e-05
2.0077e-05
2.0042e-05
2.0007e-05
1.9972e-05
1.9937e-05
1.9903e-05
1.9868e-05
1.9833e-05
1.9798e-05
1.9763e-05
1.9728e-05
1.9694e-05
1.9659e-05
1.9624e-05
1.9589e-05
1.9555e-05
1.952e-05
1.9485e-05
1.9451e-05
1.9416e-05
1.9382e-05
1.9347e-05
1.9312e-05
1.9278e-05
1.9243e-05
1.9209e-05
1.9174e-05
1.914e-05
1.9105e-05
1.9071e-05
1.9037e-05
1.9002e-05
1.8968e-05
1.8933e-05
1.8899e-05
1.8865e-05
1.883e-05
1.8796e-05
1.8762e-05
1.8728e-05
1.8694e-05
1.8659e-05
1.8625e-05
1.8591e-05
1.8557e-05
1.8523e-05
1.8489e-05
1.8455e-05
1.8421e-05
1.8387e-05
1.8353e-05
1.8319e-05
1.8285e-05
1.8251e-05
1.8217e-05
1.8183e-05
1.8149e-05
1.8115e-05
1.8081e-05
1.8048e-05
1.8014e-05
1.798e-05
1.7946e-05
1.7913e-05
1.7879e-05
1.7845e-05
1.7812e-05
1.7778e-05
1.7745e-05
1.7711e-05
1.7677e-05
1.7644e-05
1.761e-05
1.7577e-05
1.7544e-05
1.751e-05
1.7477e-05
1.7443e-05
1.741e-05
1.7377e-05
1.7343e-05
1.731e-05
1.7277e-05
1.7244e-05
1.7211e-05
1.7177e-05
1.7144e-05
1.7111e-05
1.7078e-05
1.7045e-05
1.7012e-05
1.6979e-05
1.6946e-05
1.6913e-05
1.688e-05
1.6847e-05
1.6814e-05
1.6782e-05
1.6749e-05
1.6716e-05
1.6683e-05
1.665e-05
1.6618e-05
1.6585e-05
1.6552e-05
1.652e-05
1.6487e-05
1.6455e-05
1.6422e-05
1.6389e-05
1.6357e-05
1.6325e-05
1.6292e-05
1.626e-05
1.6227e-05
1.6195e-05
1.6163e-05
1.613e-05
1.6098e-05
1.6066e-05
1.6034e-05
1.6002e-05
1.5969e-05
1.5937e-05
1.5905e-05
1.5873e-05
1.5841e-05
1.5809e-05
1.5777e-05
1.5745e-05
1.5713e-05
1.5681e-05
1.565e-05
1.5618e-05
1.5586e-05
1.5554e-05
1.5522e-05
1.5491e-05
1.5459e-05
1.5427e-05
1.5396e-05
1.5364e-05
1.5333e-05
1.5301e-05
1.527e-05
1.5238e-05
1.5207e-05
1.5175e-05
1.5144e-05
1.5113e-05
1.5081e-05
1.505e-05
1.5019e-05
1.4988e-05
1.4957e-05
1.4925e-05
1.4894e-05
1.4863e-05
1.4832e-05
1.4801e-05
1.477e-05
1.4739e-05
1.4708e-05
1.4677e-05
1.4647e-05
1.4616e-05
1.4585e-05
1.4554e-05
1.4524e-05
1.4493e-05
1.4462e-05
1.4432e-05
1.4401e-05
1.437e-05
1.434e-05
1.4309e-05
1.4279e-05
1.4248e-05
1.4218e-05
1.4188e-05
1.4157e-05
1.4127e-05
1.4097e-05
1.4067e-05
1.4036e-05
1.4006e-05
1.3976e-05
1.3946e-05
1.3916e-05
1.3886e-05
1.3856e-05
1.3826e-05
1.3796e-05
1.3766e-05
1.3736e-05
1.3707e-05
1.3677e-05
1.3647e-05
1.3617e-05
1.3588e-05
1.3558e-05
1.3528e-05
1.3499e-05
1.3469e-05
1.344e-05
1.341e-05
1.3381e-05
1.3351e-05
1.3322e-05
1.3293e-05
1.3263e-05
1.3234e-05
1.3205e-05
1.3176e-05
1.3147e-05
1.3117e-05
1.3088e-05
1.3059e-05
1.303e-05
1.3001e-05
1.2972e-05
1.2943e-05
1.2915e-05
1.2886e-05
1.2857e-05
1.2828e-05
1.2799e-05
1.2771e-05
1.2742e-05
1.2713e-05
1.2685e-05
1.2656e-05
1.2628e-05
1.2599e-05
1.2571e-05
1.2542e-05
1.2514e-05
1.2486e-05
1.2457e-05
1.2429e-05
1.2401e-05
1.2373e-05
1.2345e-05
1.2316e-05
1.2288e-05
1.226e-05
1.2232e-05
1.2204e-05
1.2176e-05
1.2149e-05
1.2121e-05
1.2093e-05
1.2065e-05
1.2037e-05
1.201e-05
1.1982e-05
1.1954e-05
1.1927e-05
1.1899e-05
1.1872e-05
1.1844e-05
1.1817e-05
1.1789e-05
1.1762e-05
1.1735e-05
1.1707e-05
1.168e-05
1.1653e-05
1.1626e-05
1.1599e-05
1.1571e-05
1.1544e-05
1.1517e-05
1.149e-05
1.1463e-05
1.1436e-05
1.141e-05
1.1383e-05
1.1356e-05
1.1329e-05
1.1302e-05
1.1276e-05
1.1249e-05
1.1222e-05
1.1196e-05
1.1169e-05
1.1143e-05
1.1116e-05
1.109e-05
1.1064e-05
1.1037e-05
1.1011e-05
1.0985e-05
1.0958e-05
1.0932e-05
1.0906e-05
1.088e-05
1.0854e-05
1.0828e-05
1.0802e-05
1.0776e-05
1.075e-05
1.0724e-05
1.0698e-05
1.0672e-05
1.0647e-05
1.0621e-05
1.0595e-05
1.0569e-05
1.0544e-05
1.0518e-05
1.0493e-05
1.0467e-05
1.0442e-05
1.0416e-05
1.0391e-05
1.0366e-05
1.034e-05
1.0315e-05
1.029e-05
1.0265e-05
1.0239e-05
1.0214e-05
1.0189e-05
1.0164e-05
1.0139e-05
1.0114e-05
1.0089e-05
1.0064e-05
1.004e-05
1.0015e-05
9.99e-06
9.9653e-06
9.9406e-06
9.9159e-06
9.8913e-06
9.8668e-06
9.8422e-06
9.8177e-06
9.7933e-06
9.7689e-06
9.7445e-06
9.7202e-06
9.6959e-06
9.6716e-06
9.6474e-06
9.6232e-06
9.5991e-06
9.575e-06
9.5509e-06
9.5269e-06
9.5029e-06
9.479e-06
9.4551e-06
9.4312e-06
9.4074e-06
9.3836e-06
9.3599e-06
9.3362e-06
9.3125e-06
9.2889e-06
9.2653e-06
9.2417e-06
9.2182e-06
9.1948e-06
9.1713e-06
9.1479e-06
9.1246e-06
9.1013e-06
9.078e-06
9.0548e-06
9.0316e-06
9.0084e-06
8.9853e-06
8.9622e-06
8.9392e-06
8.9162e-06
8.8933e-06
8.8703e-06
8.8475e-06
8.8246e-06
8.8018e-06
8.7791e-06
8.7563e-06
8.7337e-06
8.711e-06
8.6884e-06
8.6658e-06
8.6433e-06
8.6208e-06
8.5984e-06
8.576e-06
8.5536e-06
8.5313e-06
8.509e-06
8.4867e-06
8.4645e-06
8.4424e-06
8.4202e-06
8.3981e-06
8.3761e-06
8.3541e-06
8.3321e-06
8.3102e-06
8.2883e-06
8.2664e-06
8.2446e-06
8.2228e-06
8.2011e-06
8.1794e-06
8.1577e-06
8.1361e-06
8.1145e-06
8.093e-06
8.0715e-06
8.05e-06
8.0286e-06
8.0072e-06
7.9859e-06
7.9646e-06
7.9433e-06
7.9221e-06
7.9009e-06
7.8797e-06
7.8586e-06
7.8376e-06
7.8165e-06
7.7955e-06
7.7746e-06
7.7537e-06
7.7328e-06
7.7119e-06
7.6911e-06
7.6704e-06
7.6497e-06
7.629e-06
7.6083e-06
7.5877e-06
7.5672e-06
7.5467e-06
7.5262e-06
7.5057e-06
7.4853e-06
7.4649e-06
7.4446e-06
7.4243e-06
7.4041e-06
7.3839e-06
7.3637e-06
7.3435e-06
7.3234e-06
7.3034e-06
7.2834e-06
7.2634e-06
7.2434e-06
7.2235e-06
7.2037e-06
7.1838e-06
7.1641e-06
7.1443e-06
7.1246e-06
7.1049e-06
7.0853e-06
7.0657e-06
7.0461e-06
7.0266e-06
7.0071e-06
6.9877e-06
6.9683e-06
6.9489e-06
6.9296e-06
6.9103e-06
6.8911e-06
6.8719e-06
6.8527e-06
6.8336e-06
6.8145e-06
6.7954e-06
6.7764e-06
6.7574e-06
6.7385e-06
6.7196e-06
6.7007e-06
6.6819e-06
6.6631e-06
6.6443e-06
6.6256e-06
6.6069e-06
6.5883e-06
6.5697e-06
6.5511e-06
6.5326e-06
6.5141e-06
6.4957e-06
6.4772e-06
6.4589e-06
6.4405e-06
6.4222e-06
6.404e-06
6.3858e-06
6.3676e-06
6.3494e-06
6.3313e-06
6.3132e-06
6.2952e-06
6.2772e-06
6.2593e-06
6.2413e-06
6.2234e-06
6.2056e-06
6.1878e-06
6.17e-06
6.1523e-06
6.1346e-06
6.1169e-06
6.0993e-06
6.0817e-06
6.0642e-06
6.0467e-06
6.0292e-06
6.0118e-06
5.9944e-06
5.977e-06
5.9597e-06
5.9424e-06
5.9251e-06
5.9079e-06
5.8907e-06
5.8736e-06
5.8565e-06
5.8394e-06
5.8224e-06
5.8054e-06
5.7884e-06
5.7715e-06
5.7546e-06
5.7378e-06
5.721e-06
5.7042e-06
5.6875e-06
5.6708e-06
5.6541e-06
5.6375e-06
5.6209e-06
5.6043e-06
5.5878e-06
5.5713e-06
5.5549e-06
5.5385e-06
5.5221e-06
5.5058e-06
5.4895e-06
5.4732e-06
5.457e-06
5.4408e-06
5.4246e-06
5.4085e-06
5.3924e-06
5.3764e-06
5.3603e-06
5.3444e-06
5.3284e-06
5.3125e-06
5.2966e-06
5.2808e-06
5.265e-06
5.2492e-06
5.2335e-06
5.2178e-06
5.2022e-06
5.1865e-06
5.171e-06
5.1554e-06
5.1399e-06
5.1244e-06
5.109e-06
5.0936e-06
5.0782e-06
5.0628e-06
5.0475e-06
5.0323e-06
5.017e-06
5.0018e-06
4.9867e-06
4.9715e-06
4.9564e-06
4.9414e-06
4.9264e-06
4.9114e-06
4.8964e-06
4.8815e-06
4.8666e-06
4.8518e-06
4.8369e-06
4.8222e-06
4.8074e-06
4.7927e-06
4.778e-06
4.7634e-06
4.7488e-06
4.7342e-06
4.7196e-06
4.7051e-06
4.6907e-06
4.6762e-06
4.6618e-06
4.6474e-06
4.6331e-06
4.6188e-06
4.6045e-06
4.5903e-06
4.5761e-06
4.5619e-06
4.5478e-06
4.5337e-06
4.5196e-06
4.5056e-06
4.4916e-06
4.4776e-06
4.4637e-06
4.4498e-06
4.4359e-06
4.4221e-06
4.4083e-06
4.3945e-06
4.3808e-06
4.3671e-06
4.3534e-06
4.3398e-06
4.3262e-06
4.3126e-06
4.2991e-06
4.2856e-06
4.2721e-06
4.2587e-06
4.2453e-06
4.2319e-06
4.2186e-06
4.2053e-06
4.192e-06
4.1788e-06
4.1656e-06
4.1524e-06
4.1392e-06
4.1261e-06
4.1131e-06
4.1e-06
4.087e-06
4.074e-06
4.0611e-06
4.0482e-06
4.0353e-06
4.0224e-06
4.0096e-06
3.9968e-06
3.9841e-06
3.9713e-06
3.9586e-06
3.946e-06
3.9334e-06
3.9208e-06
3.9082e-06
3.8957e-06
3.8832e-06
3.8707e-06
3.8583e-06
3.8458e-06
3.8335e-06
3.8211e-06
3.8088e-06
3.7965e-06
3.7843e-06
3.7721e-06
3.7599e-06
3.7477e-06
3.7356e-06
3.7235e-06
3.7114e-06
3.6994e-06
3.6874e-06
3.6754e-06
3.6635e-06
3.6516e-06
3.6397e-06
3.6278e-06
3.616e-06
3.6042e-06
3.5925e-06
3.5807e-06
3.569e-06
3.5574e-06
3.5457e-06
3.5341e-06
3.5225e-06
3.511e-06
3.4995e-06
3.488e-06
3.4765e-06
3.4651e-06
3.4537e-06
3.4424e-06
3.431e-06
3.4197e-06
3.4084e-06
3.3972e-06
3.386e-06
3.3748e-06
3.3636e-06
3.3525e-06
3.3414e-06
3.3303e-06
3.3193e-06
3.3083e-06
3.2973e-06
3.2863e-06
3.2754e-06
3.2645e-06
3.2536e-06
3.2428e-06
3.232e-06
3.2212e-06
3.2105e-06
3.1997e-06
3.189e-06
3.1784e-06
3.1677e-06
3.1571e-06
3.1465e-06
3.136e-06
3.1255e-06
3.115e-06
3.1045e-06
3.0941e-06
3.0837e-06
3.0733e-06
3.0629e-06
3.0526e-06
3.0423e-06
3.032e-06
3.0218e-06
3.0116e-06
3.0014e-06
2.9912e-06
2.9811e-06
2.971e-06
2.9609e-06
2.9509e-06
2.9409e-06
2.9309e-06
2.9209e-06
2.911e-06
2.9011e-06
2.8912e-06
2.8813e-06
2.8715e-06
2.8617e-06
2.8519e-06
2.8422e-06
2.8325e-06
2.8228e-06
2.8131e-06
2.8035e-06
2.7938e-06
2.7843e-06
2.7747e-06
2.7652e-06
2.7557e-06
2.7462e-06
2.7367e-06
2.7273e-06
2.7179e-06
2.7085e-06
2.6992e-06
2.6899e-06
2.6806e-06
2.6713e-06
2.6621e-06
2.6528e-06
2.6437e-06
2.6345e-06
2.6254e-06
2.6162e-06
2.6072e-06
2.5981e-06
2.5891e-06
2.58e-06
2.5711e-06
2.5621e-06
2.5532e-06
2.5443e-06
2.5354e-06
2.5265e-06
2.5177e-06
2.5089e-06
2.5001e-06
2.4914e-06
2.4826e-06
2.4739e-06
2.4652e-06
2.4566e-06
2.448e-06
2.4394e-06
2.4308e-06
2.4222e-06
2.4137e-06
2.4052e-06
2.3967e-06
2.3882e-06
2.3798e-06
2.3714e-06
2.363e-06
2.3547e-06
2.3463e-06
2.338e-06
2.3297e-06
2.3215e-06
2.3132e-06
2.305e-06
2.2968e-06
2.2887e-06
2.2805e-06
2.2724e-06
2.2643e-06
2.2562e-06
2.2482e-06
2.2402e-06
2.2322e-06
2.2242e-06
2.2162e-06
2.2083e-06
2.2004e-06
2.1925e-06
2.1847e-06
2.1768e-06
2.169e-06
2.1612e-06
2.1535e-06
2.1457e-06
2.138e-06
2.1303e-06
2.1227e-06
2.115e-06
2.1074e-06
2.0998e-06
2.0922e-06
2.0846e-06
2.0771e-06
2.0696e-06
2.0621e-06
2.0546e-06
2.0472e-06
2.0398e-06
2.0324e-06
2.025e-06
2.0176e-06
2.0103e-06
2.003e-06
1.9957e-06
1.9884e-06
1.9812e-06
1.974e-06
1.9667e-06
1.9596e-06
1.9524e-06
1.9453e-06
1.9382e-06
1.9311e-06
1.924e-06
1.917e-06
1.9099e-06
1.9029e-06
1.8959e-06
1.889e-06
1.882e-06
1.8751e-06
1.8682e-06
1.8613e-06
1.8545e-06
1.8476e-06
1.8408e-06
1.834e-06
1.8273e-06
1.8205e-06
1.8138e-06
1.8071e-06
1.8004e-06
1.7937e-06
1.7871e-06
1.7804e-06
1.7738e-06
1.7672e-06
1.7607e-06
1.7541e-06
1.7476e-06
1.7411e-06
1.7346e-06
1.7282e-06
1.7217e-06
1.7153e-06
1.7089e-06
1.7025e-06
1.6962e-06
1.6898e-06
1.6835e-06
1.6772e-06
1.6709e-06
1.6646e-06
1.6584e-06
1.6522e-06
1.646e-06
1.6398e-06
1.6336e-06
1.6275e-06
1.6214e-06
1.6153e-06
1.6092e-06
1.6031e-06
1.5971e-06
1.591e-06
1.585e-06
1.579e-06
1.5731e-06
1.5671e-06
1.5612e-06
1.5553e-06
1.5494e-06
1.5435e-06
1.5376e-06
1.5318e-06
1.526e-06
1.5202e-06
1.5144e-06
1.5086e-06
1.5029e-06
1.4972e-06
1.4915e-06
1.4858e-06
1.4801e-06
1.4744e-06
1.4688e-06
1.4632e-06
1.4576e-06
1.452e-06
1.4465e-06
1.4409e-06
1.4354e-06
1.4299e-06
1.4244e-06
1.4189e-06
1.4135e-06
1.408e-06
1.4026e-06
1.3972e-06
1.3918e-06
1.3865e-06
1.3811e-06
1.3758e-06
1.3705e-06
1.3652e-06
1.3599e-06
1.3547e-06
1.3494e-06
1.3442e-06
1.339e-06
1.3338e-06
1.3286e-06
1.3235e-06
1.3183e-06
1.3132e-06
1.3081e-06
1.303e-06
1.2979e-06
1.2929e-06
1.2878e-06
1.2828e-06
1.2778e-06
1.2728e-06
1.2679e-06
1.2629e-06
1.258e-06
1.253e-06
1.2481e-06
1.2433e-06
1.2384e-06
1.2335e-06
1.2287e-06
1.2239e-06
1.2191e-06
1.2143e-06
1.2095e-06
1.2047e-06
1.2e-06
1.1953e-06
1.1906e-06
1.1859e-06
1.1812e-06
1.1765e-06
1.1719e-06
1.1672e-06
1.1626e-06
1.158e-06
1.1534e-06
1.1489e-06
1.1443e-06
1.1398e-06
1.1353e-06
1.1308e-06
1.1263e-06
1.1218e-06
1.1173e-06
1.1129e-06
1.1085e-06
1.104e-06
1.0996e-06
1.0953e-06
1.0909e-06
1.0865e-06
1.0822e-06
1.0779e-06
1.0736e-06
1.0693e-06
1.065e-06
1.0607e-06
1.0565e-06
1.0522e-06
1.048e-06
1.0438e-06
1.0396e-06
1.0354e-06
1.0313e-06
1.0271e-06
1.023e-06
1.0189e-06
1.0148e-06
1.0107e-06
1.0066e-06
1.0025e-06
9.9849e-07
9.9445e-07
9.9043e-07
9.8642e-07
9.8243e-07
9.7845e-07
9.7449e-07
9.7054e-07
9.666e-07
9.6268e-07
9.5877e-07
9.5488e-07
9.51e-07
9.4713e-07
9.4327e-07
9.3943e-07
9.3561e-07
9.3179e-07
9.2799e-07
9.2421e-07
9.2043e-07
9.1667e-07
9.1293e-07
9.092e-07
9.0548e-07
9.0177e-07
8.9808e-07
8.944e-07
8.9073e-07
8.8707e-07
8.8343e-07
8.798e-07
8.7619e-07
8.7259e-07
8.69e-07
8.6542e-07
8.6186e-07
8.5831e-07
8.5477e-07
8.5124e-07
8.4773e-07
8.4423e-07
8.4074e-07
8.3727e-07
8.338e-07
8.3035e-07
8.2692e-07
8.2349e-07
8.2008e-07
8.1668e-07
8.1329e-07
8.0991e-07
8.0655e-07
8.032e-07
7.9986e-07
7.9653e-07
7.9321e-07
7.8991e-07
7.8662e-07
7.8334e-07
7.8007e-07
7.7682e-07
7.7357e-07
7.7034e-07
7.6712e-07
7.6391e-07
7.6072e-07
7.5753e-07
7.5436e-07
7.512e-07
7.4805e-07
7.4491e-07
7.4178e-07
7.3867e-07
7.3556e-07
7.3247e-07
7.2939e-07
7.2632e-07
7.2326e-07
7.2021e-07
7.1718e-07
7.1415e-07
7.1114e-07
7.0814e-07
7.0515e-07
7.0217e-07
6.992e-07
6.9624e-07
6.9329e-07
6.9035e-07
6.8743e-07
6.8451e-07
6.8161e-07
6.7872e-07
6.7584e-07
6.7296e-07
6.701e-07
6.6725e-07
6.6441e-07
6.6159e-07
6.5877e-07
6.5596e-07
6.5316e-07
6.5038e-07
6.476e-07
6.4483e-07
6.4208e-07
6.3933e-07
6.366e-07
6.3388e-07
6.3116e-07
6.2846e-07
6.2576e-07
6.2308e-07
6.2041e-07
6.1774e-07
6.1509e-07
6.1245e-07
6.0981e-07
6.0719e-07
6.0458e-07
6.0197e-07
5.9938e-07
5.968e-07
5.9422e-07
5.9166e-07
5.891e-07
5.8656e-07
5.8402e-07
5.815e-07
5.7898e-07
5.7648e-07
5.7398e-07
5.7149e-07
5.6902e-07
5.6655e-07
5.6409e-07
5.6164e-07
5.592e-07
5.5677e-07
5.5435e-07
5.5194e-07
5.4954e-07
5.4714e-07
5.4476e-07
5.4238e-07
5.4002e-07
5.3766e-07
5.3531e-07
5.3298e-07
5.3065e-07
5.2833e-07
5.2601e-07
5.2371e-07
5.2142e-07
5.1913e-07
5.1686e-07
5.1459e-07
5.1233e-07
5.1008e-07
5.0784e-07
5.0561e-07
5.0339e-07
5.0117e-07
4.9897e-07
4.9677e-07
4.9458e-07
4.924e-07
4.9023e-07
4.8807e-07
4.8591e-07
4.8377e-07
4.8163e-07
4.795e-07
4.7738e-07
4.7526e-07
4.7316e-07
4.7106e-07
4.6898e-07
4.669e-07
4.6482e-07
4.6276e-07
4.6071e-07
4.5866e-07
4.5662e-07
4.5459e-07
4.5257e-07
4.5055e-07
4.4854e-07
4.4654e-07
4.4455e-07
4.4257e-07
4.4059e-07
4.3863e-07
4.3667e-07
4.3472e-07
4.3277e-07
4.3083e-07
4.2891e-07
4.2698e-07
4.2507e-07
4.2317e-07
4.2127e-07
4.1938e-07
4.1749e-07
4.1562e-07
4.1375e-07
4.1189e-07
4.1004e-07
4.0819e-07
4.0635e-07
4.0452e-07
4.027e-07
4.0088e-07
3.9907e-07
3.9727e-07
3.9548e-07
3.9369e-07
3.9191e-07
3.9014e-07
3.8837e-07
3.8661e-07
3.8486e-07
3.8312e-07
3.8138e-07
3.7965e-07
3.7793e-07
3.7621e-07
3.745e-07
3.728e-07
3.7111e-07
3.6942e-07
3.6774e-07
3.6606e-07
3.6439e-07
3.6273e-07
3.6108e-07
3.5943e-07
3.5779e-07
3.5615e-07
3.5453e-07
3.5291e-07
3.5129e-07
3.4968e-07
3.4808e-07
3.4649e-07
3.449e-07
3.4332e-07
3.4174e-07
3.4018e-07
3.3861e-07
3.3706e-07
3.3551e-07
3.3397e-07
3.3243e-07
3.309e-07
3.2937e-07
3.2786e-07
3.2635e-07
3.2484e-07
3.2334e-07
3.2185e-07
3.2036e-07
3.1888e-07
3.1741e-07
3.1594e-07
3.1448e-07
3.1302e-07
3.1157e-07
3.1013e-07
3.0869e-07
3.0726e-07
3.0583e-07
3.0441e-07
3.03e-07
3.0159e-07
3.0019e-07
2.9879e-07
2.974e-07
2.9602e-07
2.9464e-07
2.9327e-07
2.919e-07
2.9054e-07
2.8918e-07
2.8783e-07
2.8649e-07
2.8515e-07
2.8381e-07
2.8249e-07
2.8116e-07
2.7985e-07
2.7854e-07
2.7723e-07
2.7593e-07
2.7464e-07
2.7335e-07
2.7206e-07
2.7078e-07
2.6951e-07
2.6824e-07
2.6698e-07
2.6573e-07
2.6447e-07
2.6323e-07
2.6199e-07
2.6075e-07
2.5952e-07
2.583e-07
2.5708e-07
2.5586e-07
2.5465e-07
2.5345e-07
2.5225e-07
2.5106e-07
2.4987e-07
2.4868e-07
2.475e-07
2.4633e-07
2.4516e-07
2.44e-07
2.4284e-07
2.4168e-07
2.4054e-07
2.3939e-07
2.3825e-07
2.3712e-07
2.3599e-07
2.3486e-07
2.3375e-07
2.3263e-07
2.3152e-07
2.3042e-07
2.2932e-07
2.2822e-07
2.2713e-07
2.2604e-07
2.2496e-07
2.2388e-07
2.2281e-07
2.2174e-07
2.2068e-07
2.1962e-07
2.1857e-07
2.1752e-07
2.1648e-07
2.1544e-07
2.144e-07
2.1337e-07
2.1234e-07
2.1132e-07
2.103e-07
2.0929e-07
2.0828e-07
2.0728e-07
2.0628e-07
2.0528e-07
2.0429e-07
2.033e-07
2.0232e-07
2.0134e-07
2.0037e-07
1.994e-07
1.9843e-07
1.9747e-07
1.9651e-07
1.9556e-07
1.9461e-07
1.9367e-07
1.9273e-07
1.9179e-07
1.9086e-07
1.8993e-07
1.8901e-07
1.8809e-07
1.8717e-07
1.8626e-07
1.8535e-07
1.8445e-07
1.8355e-07
1.8265e-07
1.8176e-07
1.8087e-07
1.7999e-07
1.7911e-07
1.7823e-07
1.7736e-07
1.7649e-07
1.7563e-07
1.7477e-07
1.7391e-07
1.7306e-07
1.7221e-07
1.7137e-07
1.7052e-07
1.6969e-07
1.6885e-07
1.6802e-07
1.672e-07
1.6637e-07
1.6555e-07
1.6474e-07
1.6393e-07
1.6312e-07
1.6231e-07
1.6151e-07
1.6071e-07
1.5992e-07
1.5913e-07
1.5834e-07
1.5756e-07
1.5678e-07
1.56e-07
1.5523e-07
1.5446e-07
1.537e-07
1.5293e-07
1.5218e-07
1.5142e-07
1.5067e-07
1.4992e-07
1.4917e-07
1.4843e-07
1.4769e-07
1.4696e-07
1.4623e-07
1.455e-07
1.4477e-07
1.4405e-07
1.4333e-07
1.4262e-07
1.4191e-07
1.412e-07
1.4049e-07
1.3979e-07
1.3909e-07
1.3839e-07
1.377e-07
1.3701e-07
1.3633e-07
1.3564e-07
1.3496e-07
1.3428e-07
1.3361e-07
1.3294e-07
1.3227e-07
1.3161e-07
1.3095e-07
1.3029e-07
1.2963e-07
1.2898e-07
1.2833e-07
1.2768e-07
1.2704e-07
1.264e-07
1.2576e-07
1.2513e-07
1.2449e-07
1.2386e-07
1.2324e-07
1.2262e-07
1.2199e-07
1.2138e-07
1.2076e-07
1.2015e-07
1.1954e-07
1.1894e-07
1.1833e-07
1.1773e-07
1.1713e-07
1.1654e-07
1.1595e-07
1.1536e-07
1.1477e-07
1.1419e-07
1.1361e-07
1.1303e-07
1.1245e-07
1.1188e-07
1.1131e-07
1.1074e-07
1.1018e-07
1.0961e-07
1.0905e-07
1.085e-07
1.0794e-07
1.0739e-07
1.0684e-07
1.0629e-07
1.0575e-07
1.0521e-07
1.0467e-07
1.0413e-07
1.036e-07
1.0306e-07
1.0254e-07
1.0201e-07
1.0148e-07
1.0096e-07
1.0044e-07
9.9927e-08
9.9413e-08
9.8901e-08
9.8391e-08
9.7884e-08
9.7379e-08
9.6877e-08
9.6377e-08
9.5879e-08
9.5384e-08
9.4891e-08
9.4401e-08
9.3913e-08
9.3427e-08
9.2943e-08
9.2462e-08
9.1983e-08
9.1506e-08
9.1031e-08
9.0559e-08
9.0089e-08
8.9622e-08
8.9156e-08
8.8693e-08
8.8232e-08
8.7773e-08
8.7316e-08
8.6862e-08
8.6409e-08
8.5959e-08
8.5511e-08
8.5065e-08
8.4622e-08
8.418e-08
8.3741e-08
8.3303e-08
8.2868e-08
8.2435e-08
8.2004e-08
8.1575e-08
8.1148e-08
8.0723e-08
8.03e-08
7.9879e-08
7.946e-08
7.9044e-08
7.8629e-08
7.8216e-08
7.7805e-08
7.7397e-08
7.699e-08
7.6585e-08
7.6182e-08
7.5781e-08
7.5382e-08
7.4985e-08
7.459e-08
7.4197e-08
7.3806e-08
7.3416e-08
7.3029e-08
7.2643e-08
7.2259e-08
7.1877e-08
7.1497e-08
7.1119e-08
7.0743e-08
7.0368e-08
6.9996e-08
6.9625e-08
6.9256e-08
6.8889e-08
6.8523e-08
6.816e-08
6.7798e-08
6.7438e-08
6.7079e-08
6.6723e-08
6.6368e-08
6.6015e-08
6.5663e-08
6.5314e-08
6.4966e-08
6.462e-08
6.4275e-08
6.3932e-08
6.3591e-08
6.3252e-08
6.2914e-08
6.2578e-08
6.2244e-08
6.1911e-08
6.158e-08
6.125e-08
6.0922e-08
6.0596e-08
6.0271e-08
5.9948e-08
5.9627e-08
5.9307e-08
5.8989e-08
5.8672e-08
5.8357e-08
5.8043e-08
5.7731e-08
5.7421e-08
5.7112e-08
5.6804e-08
5.6499e-08
5.6194e-08
5.5891e-08
5.559e-08
5.529e-08
5.4992e-08
5.4695e-08
5.44e-08
5.4106e-08
5.3814e-08
5.3523e-08
5.3233e-08
5.2945e-08
5.2658e-08
5.2373e-08
5.209e-08
5.1807e-08
5.1526e-08
5.1247e-08
5.0969e-08
5.0692e-08
5.0417e-08
5.0143e-08
4.987e-08
4.9599e-08
4.9329e-08
4.9061e-08
4.8794e-08
4.8528e-08
4.8264e-08
4.8001e-08
4.7739e-08
4.7478e-08
4.7219e-08
4.6962e-08
4.6705e-08
4.645e-08
4.6196e-08
4.5943e-08
4.5692e-08
4.5442e-08
4.5193e-08
4.4946e-08
4.4699e-08
4.4454e-08
4.421e-08
4.3968e-08
4.3727e-08
4.3487e-08
4.3248e-08
4.301e-08
4.2774e-08
4.2538e-08
4.2304e-08
4.2072e-08
4.184e-08
4.1609e-08
4.138e-08
4.1152e-08
4.0925e-08
4.0699e-08
4.0475e-08
4.0251e-08
4.0029e-08
3.9808e-08
3.9588e-08
3.9369e-08
3.9151e-08
3.8934e-08
3.8719e-08
3.8504e-08
3.8291e-08
3.8078e-08
3.7867e-08
3.7657e-08
3.7448e-08
3.724e-08
3.7033e-08
3.6828e-08
3.6623e-08
3.6419e-08
3.6217e-08
3.6015e-08
3.5814e-08
3.5615e-08
3.5417e-08
3.5219e-08
3.5023e-08
3.4827e-08
3.4633e-08
3.444e-08
3.4247e-08
3.4056e-08
3.3865e-08
3.3676e-08
3.3488e-08
3.33e-08
3.3114e-08
3.2928e-08
3.2744e-08
3.256e-08
3.2378e-08
3.2196e-08
3.2015e-08
3.1836e-08
3.1657e-08
3.1479e-08
3.1302e-08
3.1126e-08
3.0951e-08
3.0777e-08
3.0603e-08
3.0431e-08
3.026e-08
3.0089e-08
2.9919e-08
2.9751e-08
2.9583e-08
2.9416e-08
2.925e-08
2.9084e-08
2.892e-08
2.8756e-08
2.8594e-08
2.8432e-08
2.8271e-08
2.8111e-08
2.7952e-08
2.7793e-08
2.7636e-08
2.7479e-08
2.7323e-08
2.7168e-08
2.7014e-08
2.686e-08
2.6707e-08
2.6556e-08
2.6405e-08
2.6254e-08
2.6105e-08
2.5956e-08
2.5808e-08
2.5661e-08
2.5515e-08
2.537e-08
2.5225e-08
2.5081e-08
2.4938e-08
2.4795e-08
2.4654e-08
2.4513e-08
2.4372e-08
2.4233e-08
2.4094e-08
2.3956e-08
2.3819e-08
2.3683e-08
2.3547e-08
2.3412e-08
2.3278e-08
2.3144e-08
2.3011e-08
2.2879e-08
2.2748e-08
2.2617e-08
2.2487e-08
2.2358e-08
2.2229e-08
2.2101e-08
2.1974e-08
2.1847e-08
2.1721e-08
2.1596e-08
2.1471e-08
2.1348e-08
2.1224e-08
2.1102e-08
2.098e-08
2.0859e-08
2.0738e-08
2.0618e-08
2.0499e-08
2.038e-08
2.0262e-08
2.0145e-08
2.0028e-08
1.9912e-08
1.9797e-08
1.9682e-08
1.9568e-08
1.9454e-08
1.9341e-08
1.9229e-08
1.9117e-08
1.9006e-08
1.8895e-08
1.8785e-08
1.8676e-08
1.8567e-08
1.8459e-08
1.8352e-08
1.8245e-08
1.8138e-08
1.8033e-08
1.7927e-08
1.7823e-08
1.7719e-08
1.7615e-08
1.7512e-08
1.741e-08
1.7308e-08
1.7207e-08
1.7106e-08
1.7006e-08
1.6906e-08
1.6807e-08
1.6709e-08
1.6611e-08
1.6513e-08
1.6416e-08
1.632e-08
1.6224e-08
1.6129e-08
1.6034e-08
1.594e-08
1.5846e-08
1.5753e-08
1.566e-08
1.5568e-08
1.5476e-08
1.5385e-08
1.5294e-08
1.5204e-08
1.5114e-08
1.5025e-08
1.4936e-08
1.4848e-08
1.476e-08
1.4673e-08
1.4586e-08
1.45e-08
1.4414e-08
1.4329e-08
1.4244e-08
1.416e-08
1.4076e-08
1.3992e-08
1.3909e-08
1.3827e-08
1.3745e-08
1.3663e-08
1.3582e-08
1.3501e-08
1.3421e-08
1.3341e-08
1.3262e-08
1.3183e-08
1.3104e-08
1.3026e-08
1.2949e-08
1.2872e-08
1.2795e-08
1.2719e-08
1.2643e-08
1.2567e-08
1.2492e-08
1.2418e-08
1.2343e-08
1.227e-08
1.2196e-08
1.2123e-08
1.2051e-08
1.1979e-08
1.1907e-08
1.1836e-08
1.1765e-08
1.1694e-08
1.1624e-08
1.1554e-08
1.1485e-08
1.1416e-08
1.1347e-08
1.1279e-08
1.1211e-08
1.1144e-08
1.1077e-08
1.101e-08
1.0944e-08
1.0878e-08
1.0813e-08
1.0747e-08
1.0683e-08
1.0618e-08
1.0554e-08
1.0491e-08
1.0427e-08
1.0364e-08
1.0302e-08
1.0239e-08
1.0177e-08
1.0116e-08
1.0055e-08
9.9938e-09
9.9333e-09
9.8732e-09
9.8133e-09
9.7539e-09
9.6947e-09
9.6359e-09
9.5774e-09
9.5193e-09
9.4615e-09
9.404e-09
9.3469e-09
9.2901e-09
9.2336e-09
9.1774e-09
9.1216e-09
9.066e-09
9.0108e-09
8.9559e-09
8.9013e-09
8.8471e-09
8.7931e-09
8.7395e-09
8.6861e-09
8.6331e-09
8.5804e-09
8.528e-09
8.4758e-09
8.424e-09
8.3725e-09
8.3213e-09
8.2703e-09
8.2197e-09
8.1693e-09
8.1193e-09
8.0695e-09
8.02e-09
7.9708e-09
7.9219e-09
7.8733e-09
7.8249e-09
7.7769e-09
7.7291e-09
7.6816e-09
7.6343e-09
7.5874e-09
7.5407e-09
7.4942e-09
7.4481e-09
7.4022e-09
7.3566e-09
7.3112e-09
7.2661e-09
7.2213e-09
7.1767e-09
7.1324e-09
7.0884e-09
7.0446e-09
7.0011e-09
6.9578e-09
6.9147e-09
6.872e-09
6.8294e-09
6.7871e-09
6.7451e-09
6.7033e-09
6.6618e-09
6.6204e-09
6.5794e-09
6.5386e-09
6.498e-09
6.4576e-09
6.4175e-09
6.3776e-09
6.338e-09
6.2986e-09
6.2594e-09
6.2205e-09
6.1817e-09
6.1432e-09
6.105e-09
6.0669e-09
6.0291e-09
5.9915e-09
5.9541e-09
5.917e-09
5.88e-09
5.8433e-09
5.8068e-09
5.7705e-09
5.7345e-09
5.6986e-09
5.663e-09
5.6275e-09
5.5923e-09
5.5573e-09
5.5225e-09
5.4878e-09
5.4534e-09
5.4192e-09
5.3852e-09
5.3514e-09
5.3179e-09
5.2845e-09
5.2513e-09
5.2183e-09
5.1855e-09
5.1528e-09
5.1204e-09
5.0882e-09
5.0562e-09
5.0243e-09
4.9927e-09
4.9612e-09
4.9299e-09
4.8988e-09
4.8679e-09
4.8372e-09
4.8067e-09
4.7763e-09
4.7461e-09
4.7161e-09
4.6863e-09
4.6567e-09
4.6272e-09
4.5979e-09
4.5688e-09
4.5399e-09
4.5111e-09
4.4826e-09
4.4541e-09
4.4259e-09
4.3978e-09
4.3699e-09
4.3422e-09
4.3146e-09
4.2872e-09
4.2599e-09
4.2328e-09
4.2059e-09
4.1792e-09
4.1526e-09
4.1261e-09
4.0999e-09
4.0737e-09
4.0478e-09
4.022e-09
3.9963e-09
3.9708e-09
3.9455e-09
3.9203e-09
3.8953e-09
3.8704e-09
3.8456e-09
3.8211e-09
3.7966e-09
3.7723e-09
3.7482e-09
3.7242e-09
3.7004e-09
3.6766e-09
3.6531e-09
3.6297e-09
3.6064e-09
3.5833e-09
3.5603e-09
3.5374e-09
3.5147e-09
3.4921e-09
3.4697e-09
3.4474e-09
3.4252e-09
3.4032e-09
3.3813e-09
3.3595e-09
3.3379e-09
3.3164e-09
3.295e-09
3.2738e-09
3.2527e-09
3.2317e-09
3.2108e-09
3.1901e-09
3.1695e-09
3.149e-09
3.1287e-09
3.1085e-09
3.0884e-09
3.0684e-09
3.0485e-09
3.0288e-09
3.0092e-09
2.9897e-09
2.9703e-09
2.9511e-09
2.9319e-09
2.9129e-09
2.894e-09
2.8753e-09
2.8566e-09
2.838e-09
2.8196e-09
2.8013e-09
2.7831e-09
2.765e-09
2.747e-09
2.7291e-09
2.7113e-09
2.6937e-09
2.6761e-09
2.6587e-09
2.6414e-09
2.6241e-09
2.607e-09
2.59e-09
2.5731e-09
2.5563e-09
2.5396e-09
2.523e-09
2.5065e-09
2.4901e-09
2.4738e-09
2.4576e-09
2.4416e-09
2.4256e-09
2.4097e-09
2.3939e-09
2.3782e-09
2.3626e-09
2.3471e-09
2.3317e-09
2.3164e-09
2.3012e-09
2.2861e-09
2.2711e-09
2.2562e-09
2.2413e-09
2.2266e-09
2.2119e-09
2.1974e-09
2.1829e-09
2.1685e-09
2.1543e-09
2.1401e-09
2.126e-09
2.1119e-09
2.098e-09
2.0842e-09
2.0704e-09
2.0567e-09
2.0431e-09
2.0297e-09
2.0162e-09
2.0029e-09
1.9897e-09
1.9765e-09
1.9634e-09
1.9504e-09
1.9375e-09
1.9247e-09
1.9119e-09
1.8992e-09
1.8866e-09
1.8741e-09
1.8617e-09
1.8493e-09
1.837e-09
1.8248e-09
1.8127e-09
1.8007e-09
1.7887e-09
1.7768e-09
1.765e-09
1.7532e-09
1.7416e-09
1.73e-09
1.7184e-09
1.707e-09
1.6956e-09
1.6843e-09
1.6731e-09
1.6619e-09
1.6508e-09
1.6398e-09
1.6288e-09
1.6179e-09
1.6071e-09
1.5964e-09
1.5857e-09
1.5751e-09
1.5645e-09
1.5541e-09
1.5437e-09
1.5333e-09
1.523e-09
1.5128e-09
1.5027e-09
1.4926e-09
1.4826e-09
1.4726e-09
1.4627e-09
1.4529e-09
1.4432e-09
1.4335e-09
1.4238e-09
1.4142e-09
1.4047e-09
1.3953e-09
1.3859e-09
1.3765e-09
1.3673e-09
1.358e-09
1.3489e-09
1.3398e-09
1.3308e-09
1.3218e-09
1.3129e-09
1.304e-09
1.2952e-09
1.2864e-09
1.2777e-09
1.2691e-09
1.2605e-09
1.252e-09
1.2435e-09
1.2351e-09
1.2267e-09
1.2184e-09
1.2101e-09
1.2019e-09
1.1938e-09
1.1857e-09
1.1776e-09
1.1697e-09
1.1617e-09
1.1538e-09
1.146e-09
1.1382e-09
1.1305e-09
1.1228e-09
1.1151e-09
1.1075e-09
1.1e-09
1.0925e-09
1.0851e-09
1.0777e-09
1.0703e-09
1.063e-09
1.0558e-09
1.0486e-09
1.0414e-09
1.0343e-09
1.0272e-09
1.0202e-09
1.0132e-09
1.0063e-09
9.9943e-10
9.9259e-10
9.858e-10
9.7905e-10
9.7235e-10
9.6568e-10
9.5907e-10
9.5249e-10
9.4596e-10
9.3947e-10
9.3303e-10
9.2662e-10
9.2026e-10
9.1394e-10
9.0766e-10
9.0142e-10
8.9523e-10
8.8907e-10
8.8296e-10
8.7688e-10
8.7084e-10
8.6485e-10
8.5889e-10
8.5297e-10
8.4709e-10
8.4125e-10
8.3545e-10
8.2969e-10
8.2396e-10
8.1828e-10
8.1262e-10
8.0701e-10
8.0143e-10
7.959e-10
7.9039e-10
7.8493e-10
7.7949e-10
7.741e-10
7.6874e-10
7.6342e-10
7.5813e-10
7.5287e-10
7.4766e-10
7.4247e-10
7.3732e-10
7.3221e-10
7.2712e-10
7.2207e-10
7.1706e-10
7.1208e-10
7.0713e-10
7.0221e-10
6.9733e-10
6.9248e-10
6.8766e-10
6.8287e-10
6.7812e-10
6.734e-10
6.687e-10
6.6404e-10
6.5941e-10
6.5482e-10
6.5025e-10
6.4571e-10
6.412e-10
6.3673e-10
6.3228e-10
6.2786e-10
6.2347e-10
6.1911e-10
6.1478e-10
6.1048e-10
6.0621e-10
6.0197e-10
5.9775e-10
5.9356e-10
5.894e-10
5.8527e-10
5.8117e-10
5.7709e-10
5.7304e-10
5.6902e-10
5.6503e-10
5.6106e-10
5.5712e-10
5.532e-10
5.4931e-10
5.4545e-10
5.4162e-10
5.378e-10
5.3402e-10
5.3026e-10
5.2653e-10
5.2282e-10
5.1913e-10
5.1547e-10
5.1184e-10
5.0823e-10
5.0464e-10
5.0108e-10
4.9754e-10
4.9403e-10
4.9054e-10
4.8707e-10
4.8363e-10
4.8021e-10
4.7681e-10
4.7344e-10
4.7009e-10
4.6676e-10
4.6345e-10
4.6017e-10
4.5691e-10
4.5367e-10
4.5045e-10
4.4726e-10
4.4409e-10
4.4093e-10
4.378e-10
4.3469e-10
4.3161e-10
4.2854e-10
4.2549e-10
4.2247e-10
4.1946e-10
4.1648e-10
4.1351e-10
4.1057e-10
4.0764e-10
4.0474e-10
4.0186e-10
3.9899e-10
3.9615e-10
3.9332e-10
3.9051e-10
3.8773e-10
3.8496e-10
3.8221e-10
3.7948e-10
3.7677e-10
3.7407e-10
3.714e-10
3.6874e-10
3.661e-10
3.6348e-10
3.6088e-10
3.583e-10
3.5573e-10
3.5318e-10
3.5065e-10
3.4813e-10
3.4564e-10
3.4316e-10
3.4069e-10
3.3825e-10
3.3582e-10
3.3341e-10
3.3101e-10
3.2863e-10
3.2627e-10
3.2392e-10
3.2159e-10
3.1928e-10
3.1698e-10
3.147e-10
3.1243e-10
3.1018e-10
3.0794e-10
3.0572e-10
3.0352e-10
3.0133e-10
2.9915e-10
2.9699e-10
2.9485e-10
2.9272e-10
2.906e-10
2.885e-10
2.8642e-10
2.8434e-10
2.8229e-10
2.8024e-10
2.7822e-10
2.762e-10
2.742e-10
2.7221e-10
2.7024e-10
2.6828e-10
2.6634e-10
2.644e-10
2.6249e-10
2.6058e-10
2.5869e-10
2.5681e-10
2.5494e-10
2.5309e-10
2.5125e-10
2.4942e-10
2.4761e-10
2.4581e-10
2.4402e-10
2.4224e-10
2.4048e-10
2.3872e-10
2.3699e-10
2.3526e-10
2.3354e-10
2.3184e-10
2.3015e-10
2.2847e-10
2.268e-10
2.2514e-10
2.235e-10
2.2186e-10
2.2024e-10
2.1863e-10
2.1703e-10
2.1545e-10
2.1387e-10
2.123e-10
2.1075e-10
2.092e-10
2.0767e-10
2.0615e-10
2.0464e-10
2.0314e-10
2.0165e-10
2.0017e-10
1.987e-10
1.9724e-10
1.9579e-10
1.9435e-10
1.9292e-10
1.9151e-10
1.901e-10
1.887e-10
1.8731e-10
1.8593e-10
1.8456e-10
1.832e-10
1.8185e-10
1.8051e-10
1.7918e-10
1.7786e-10
1.7655e-10
1.7525e-10
1.7395e-10
1.7267e-10
1.7139e-10
1.7013e-10
1.6887e-10
1.6762e-10
1.6638e-10
1.6515e-10
1.6393e-10
1.6272e-10
1.6151e-10
1.6032e-10
1.5913e-10
1.5795e-10
1.5678e-10
1.5562e-10
1.5446e-10
1.5332e-10
1.5218e-10
1.5105e-10
1.4993e-10
1.4882e-10
1.4771e-10
1.4661e-10
1.4552e-10
1.4444e-10
1.4337e-10
1.423e-10
1.4124e-10
1.4019e-10
1.3915e-10
1.3811e-10
1.3708e-10
1.3606e-10
1.3504e-10
1.3404e-10
1.3304e-10
1.3204e-10
1.3106e-10
1.3008e-10
1.2911e-10
1.2814e-10
1.2719e-10
1.2624e-10
1.2529e-10
1.2435e-10
1.2342e-10
1.225e-10
1.2158e-10
1.2067e-10
1.1977e-10
1.1887e-10
1.1798e-10
1.171e-10
1.1622e-10
1.1535e-10
1.1448e-10
1.1362e-10
1.1277e-10
1.1192e-10
1.1108e-10
1.1025e-10
1.0942e-10
1.0859e-10
1.0778e-10
1.0697e-10
1.0616e-10
1.0536e-10
1.0457e-10
1.0378e-10
1.03e-10
1.0222e-10
1.0145e-10
1.0069e-10
9.9927e-11
9.9173e-11
9.8425e-11
9.7682e-11
9.6944e-11
9.6212e-11
9.5485e-11
9.4763e-11
9.4046e-11
9.3335e-11
9.2629e-11
9.1928e-11
9.1232e-11
9.0541e-11
8.9855e-11
8.9174e-11
8.8498e-11
8.7827e-11
8.7161e-11
8.65e-11
8.5844e-11
8.5192e-11
8.4546e-11
8.3903e-11
8.3266e-11
8.2633e-11
8.2005e-11
8.1382e-11
8.0763e-11
8.0148e-11
7.9538e-11
7.8933e-11
7.8332e-11
7.7735e-11
7.7143e-11
7.6555e-11
7.5972e-11
7.5392e-11
7.4817e-11
7.4246e-11
7.368e-11
7.3117e-11
7.2559e-11
7.2005e-11
7.1454e-11
7.0908e-11
7.0366e-11
6.9828e-11
6.9294e-11
6.8764e-11
6.8237e-11
6.7715e-11
6.7196e-11
6.6681e-11
6.6171e-11
6.5663e-11
6.516e-11
6.466e-11
6.4164e-11
6.3672e-11
6.3183e-11
6.2698e-11
6.2216e-11
6.1738e-11
6.1264e-11
6.0793e-11
6.0325e-11
5.9861e-11
5.9401e-11
5.8944e-11
5.849e-11
5.8039e-11
5.7592e-11
5.7149e-11
5.6708e-11
5.6271e-11
5.5837e-11
5.5406e-11
5.4979e-11
5.4555e-11
5.4133e-11
5.3715e-11
5.33e-11
5.2888e-11
5.248e-11
5.2074e-11
5.1671e-11
5.1272e-11
5.0875e-11
5.0481e-11
5.009e-11
4.9702e-11
4.9317e-11
4.8935e-11
4.8556e-11
4.8179e-11
4.7806e-11
4.7435e-11
4.7067e-11
4.6701e-11
4.6339e-11
4.5979e-11
4.5622e-11
4.5267e-11
4.4915e-11
4.4566e-11
4.4219e-11
4.3875e-11
4.3534e-11
4.3195e-11
4.2859e-11
4.2525e-11
4.2193e-11
4.1865e-11
4.1538e-11
4.1214e-11
4.0893e-11
4.0574e-11
4.0257e-11
3.9943e-11
3.9631e-11
3.9322e-11
3.9014e-11
3.8709e-11
3.8407e-11
3.8106e-11
3.7808e-11
3.7513e-11
3.7219e-11
3.6928e-11
3.6638e-11
3.6351e-11
3.6067e-11
3.5784e-11
3.5503e-11
3.5225e-11
3.4949e-11
3.4675e-11
3.4402e-11
3.4132e-11
3.3864e-11
3.3598e-11
3.3334e-11
3.3072e-11
3.2812e-11
3.2554e-11
3.2298e-11
3.2044e-11
3.1792e-11
3.1542e-11
3.1293e-11
3.1047e-11
3.0802e-11
3.0559e-11
3.0318e-11
3.0079e-11
2.9842e-11
2.9607e-11
2.9373e-11
2.9141e-11
2.8911e-11
2.8683e-11
2.8456e-11
2.8231e-11
2.8008e-11
2.7786e-11
2.7567e-11
2.7348e-11
2.7132e-11
2.6917e-11
2.6704e-11
2.6492e-11
2.6283e-11
2.6074e-11
2.5868e-11
2.5662e-11
2.5459e-11
2.5257e-11
2.5056e-11
2.4857e-11
2.466e-11
2.4464e-11
2.427e-11
2.4077e-11
2.3886e-11
2.3696e-11
2.3507e-11
2.332e-11
2.3134e-11
2.295e-11
2.2768e-11
2.2586e-11
2.2406e-11
2.2228e-11
2.205e-11
2.1875e-11
2.17e-11
2.1527e-11
2.1355e-11
2.1185e-11
2.1016e-11
2.0848e-11
2.0681e-11
2.0516e-11
2.0352e-11
2.0189e-11
2.0028e-11
1.9867e-11
1.9708e-11
1.9551e-11
1.9394e-11
1.9239e-11
1.9085e-11
1.8932e-11
1.878e-11
1.8629e-11
1.848e-11
1.8332e-11
1.8185e-11
1.8039e-11
1.7894e-11
1.775e-11
1.7607e-11
1.7466e-11
1.7326e-11
1.7186e-11
1.7048e-11
1.6911e-11
1.6775e-11
1.664e-11
1.6506e-11
1.6373e-11
1.6241e-11
1.611e-11
1.598e-11
1.5851e-11
1.5724e-11
1.5597e-11
1.5471e-11
1.5346e-11
1.5222e-11
1.5099e-11
1.4977e-11
1.4856e-11
1.4736e-11
1.4617e-11
1.4499e-11
1.4381e-11
1.4265e-11
1.415e-11
1.4035e-11
1.3921e-11
1.3809e-11
1.3697e-11
1.3586e-11
1.3476e-11
1.3366e-11
1.3258e-11
1.315e-11
1.3044e-11
1.2938e-11
1.2833e-11
1.2729e-11
1.2625e-11
1.2523e-11
1.2421e-11
1.232e-11
1.222e-11
1.212e-11
1.2022e-11
1.1924e-11
1.1827e-11
1.173e-11
1.1635e-11
1.154e-11
1.1446e-11
1.1353e-11
1.126e-11
1.1168e-11
1.1077e-11
1.0987e-11
1.0897e-11
1.0808e-11
1.072e-11
1.0632e-11
1.0545e-11
1.0459e-11
1.0373e-11
1.0289e-11
1.0204e-11
1.0121e-11
1.0038e-11
9.9558e-12
9.8743e-12
9.7934e-12
9.7131e-12
9.6335e-12
9.5545e-12
9.4762e-12
9.3984e-12
9.3213e-12
9.2448e-12
9.1689e-12
9.0936e-12
9.0189e-12
8.9448e-12
8.8713e-12
8.7983e-12
8.726e-12
8.6542e-12
8.583e-12
8.5124e-12
8.4423e-12
8.3728e-12
8.3038e-12
8.2354e-12
8.1675e-12
8.1002e-12
8.0334e-12
7.9671e-12
7.9014e-12
7.8362e-12
7.7715e-12
7.7073e-12
7.6437e-12
7.5805e-12
7.5179e-12
7.4558e-12
7.3941e-12
7.333e-12
7.2723e-12
7.2121e-12
7.1525e-12
7.0932e-12
7.0345e-12
6.9762e-12
6.9184e-12
6.8611e-12
6.8042e-12
6.7478e-12
6.6918e-12
6.6363e-12
6.5812e-12
6.5266e-12
6.4724e-12
6.4187e-12
6.3654e-12
6.3125e-12
6.26e-12
6.2079e-12
6.1563e-12
6.1051e-12
6.0543e-12
6.0039e-12
5.9539e-12
5.9044e-12
5.8552e-12
5.8064e-12
5.758e-12
5.71e-12
5.6624e-12
5.6152e-12
5.5683e-12
5.5219e-12
5.4758e-12
5.43e-12
5.3847e-12
5.3397e-12
5.2951e-12
5.2508e-12
5.2069e-12
5.1634e-12
5.1202e-12
5.0774e-12
5.0349e-12
4.9927e-12
4.9509e-12
4.9095e-12
4.8683e-12
4.8275e-12
4.7871e-12
4.7469e-12
4.7071e-12
4.6676e-12
4.6285e-12
4.5896e-12
4.5511e-12
4.5129e-12
4.4749e-12
4.4373e-12
4.4001e-12
4.3631e-12
4.3264e-12
4.29e-12
4.2539e-12
4.2181e-12
4.1826e-12
4.1474e-12
4.1124e-12
4.0778e-12
4.0434e-12
4.0094e-12
3.9756e-12
3.942e-12
3.9088e-12
3.8758e-12
3.8431e-12
3.8106e-12
3.7785e-12
3.7465e-12
3.7149e-12
3.6835e-12
3.6524e-12
3.6215e-12
3.5909e-12
3.5605e-12
3.5304e-12
3.5005e-12
3.4708e-12
3.4414e-12
3.4123e-12
3.3834e-12
3.3547e-12
3.3263e-12
3.2981e-12
3.2701e-12
3.2423e-12
3.2148e-12
3.1875e-12
3.1605e-12
3.1336e-12
3.107e-12
3.0806e-12
3.0544e-12
3.0285e-12
3.0027e-12
2.9772e-12
2.9518e-12
2.9267e-12
2.9018e-12
2.8771e-12
2.8526e-12
2.8283e-12
2.8042e-12
2.7803e-12
2.7566e-12
2.7331e-12
2.7098e-12
2.6866e-12
2.6637e-12
2.641e-12
2.6184e-12
2.5961e-12
2.5739e-12
2.5519e-12
2.5301e-12
2.5084e-12
2.487e-12
2.4657e-12
2.4446e-12
2.4237e-12
2.4029e-12
2.3824e-12
2.362e-12
2.3417e-12
2.3217e-12
2.3018e-12
2.282e-12
2.2624e-12
2.243e-12
2.2238e-12
2.2047e-12
2.1858e-12
2.167e-12
2.1484e-12
2.1299e-12
2.1116e-12
2.0935e-12
2.0755e-12
2.0576e-12
2.0399e-12
2.0224e-12
2.005e-12
1.9877e-12
1.9706e-12
1.9536e-12
1.9368e-12
1.9201e-12
1.9035e-12
1.8871e-12
1.8708e-12
1.8547e-12
1.8387e-12
1.8228e-12
1.8071e-12
1.7915e-12
1.776e-12
1.7607e-12
1.7454e-12
1.7304e-12
1.7154e-12
1.7006e-12
1.6858e-12
1.6713e-12
1.6568e-12
1.6424e-12
1.6282e-12
1.6141e-12
1.6001e-12
1.5863e-12
1.5725e-12
1.5589e-12
1.5454e-12
1.5319e-12
1.5187e-12
1.5055e-12
1.4924e-12
1.4794e-12
1.4666e-12
1.4538e-12
1.4412e-12
1.4287e-12
1.4163e-12
1.4039e-12
1.3917e-12
1.3796e-12
1.3676e-12
1.3557e-12
1.3439e-12
1.3322e-12
1.3206e-12
1.3091e-12
1.2977e-12
1.2863e-12
1.2751e-12
1.264e-12
1.253e-12
1.242e-12
1.2312e-12
1.2204e-12
1.2098e-12
1.1992e-12
1.1887e-12
1.1783e-12
1.168e-12
1.1578e-12
1.1477e-12
1.1376e-12
1.1277e-12
1.1178e-12
1.108e-12
1.0983e-12
1.0887e-12
1.0792e-12
1.0697e-12
1.0603e-12
1.051e-12
1.0418e-12
1.0327e-12
1.0236e-12
1.0146e-12
1.0057e-12
9.9686e-13
9.881e-13
9.7942e-13
9.7081e-13
9.6227e-13
9.5381e-13
9.4542e-13
9.371e-13
9.2885e-13
9.2067e-13
9.1257e-13
9.0453e-13
8.9656e-13
8.8866e-13
8.8083e-13
8.7306e-13
8.6536e-13
8.5773e-13
8.5016e-13
8.4266e-13
8.3522e-13
8.2784e-13
8.2053e-13
8.1328e-13
8.061e-13
7.9897e-13
7.9191e-13
7.8491e-13
7.7796e-13
7.7108e-13
7.6426e-13
7.5749e-13
7.5078e-13
7.4413e-13
7.3754e-13
7.3101e-13
7.2453e-13
7.1811e-13
7.1174e-13
7.0543e-13
6.9917e-13
6.9296e-13
6.8681e-13
6.8071e-13
6.7467e-13
6.6868e-13
6.6274e-13
6.5685e-13
6.5101e-13
6.4522e-13
6.3948e-13
6.3379e-13
6.2815e-13
6.2256e-13
6.1702e-13
6.1153e-13
6.0608e-13
6.0068e-13
5.9533e-13
5.9002e-13
5.8476e-13
5.7955e-13
5.7438e-13
5.6925e-13
5.6417e-13
5.5914e-13
5.5414e-13
5.4919e-13
5.4429e-13
5.3943e-13
5.346e-13
5.2982e-13
5.2509e-13
5.2039e-13
5.1574e-13
5.1112e-13
5.0655e-13
5.0201e-13
4.9752e-13
4.9306e-13
4.8864e-13
4.8426e-13
4.7992e-13
4.7562e-13
4.7135e-13
4.6713e-13
4.6294e-13
4.5878e-13
4.5466e-13
4.5058e-13
4.4653e-13
4.4252e-13
4.3855e-13
4.3461e-13
4.307e-13
4.2683e-13
4.2299e-13
4.1918e-13
4.1541e-13
4.1167e-13
4.0796e-13
4.0429e-13
4.0065e-13
3.9704e-13
3.9346e-13
3.8992e-13
3.864e-13
3.8292e-13
3.7946e-13
3.7604e-13
3.7265e-13
3.6928e-13
3.6595e-13
3.6264e-13
3.5937e-13
3.5612e-13
3.529e-13
3.4971e-13
3.4655e-13
3.4342e-13
3.4031e-13
3.3723e-13
3.3418e-13
3.3116e-13
3.2816e-13
3.2519e-13
3.2224e-13
3.1932e-13
3.1643e-13
3.1356e-13
3.1072e-13
3.079e-13
3.051e-13
3.0234e-13
2.9959e-13
2.9687e-13
2.9418e-13
2.9151e-13
2.8886e-13
2.8623e-13
2.8363e-13
2.8106e-13
2.785e-13
2.7597e-13
2.7346e-13
2.7097e-13
2.685e-13
2.6606e-13
2.6364e-13
2.6124e-13
2.5886e-13
2.565e-13
2.5416e-13
2.5185e-13
2.4955e-13
2.4727e-13
2.4502e-13
2.4278e-13
2.4057e-13
2.3837e-13
2.362e-13
2.3404e-13
2.319e-13
2.2979e-13
2.2769e-13
2.2561e-13
2.2354e-13
2.215e-13
2.1947e-13
2.1747e-13
2.1548e-13
2.1351e-13
2.1155e-13
2.0962e-13
2.077e-13
2.058e-13
2.0391e-13
2.0204e-13
2.0019e-13
1.9836e-13
1.9654e-13
1.9474e-13
1.9295e-13
1.9118e-13
1.8943e-13
1.8769e-13
1.8597e-13
1.8426e-13
1.8257e-13
1.8089e-13
1.7923e-13
1.7758e-13
1.7595e-13
1.7433e-13
1.7273e-13
1.7114e-13
1.6957e-13
1.6801e-13
1.6647e-13
1.6493e-13
1.6342e-13
1.6191e-13
1.6042e-13
1.5895e-13
1.5748e-13
1.5603e-13
1.5459e-13
1.5317e-13
1.5176e-13
1.5036e-13
1.4898e-13
1.476e-13
1.4624e-13
1.4489e-13
1.4356e-13
1.4223e-13
1.4092e-13
1.3962e-13
1.3833e-13
1.3706e-13
1.3579e-13
1.3454e-13
1.3329e-13
1.3206e-13
1.3084e-13
1.2964e-13
1.2844e-13
1.2725e-13
1.2608e-13
1.2491e-13
1.2376e-13
1.2261e-13
1.2148e-13
1.2036e-13
1.1925e-13
1.1814e-13
1.1705e-13
1.1597e-13
1.149e-13
1.1383e-13
1.1278e-13
1.1174e-13
1.1071e-13
1.0968e-13
1.0867e-13
1.0766e-13
1.0667e-13
1.0568e-13
1.047e-13
1.0373e-13
1.0277e-13
1.0182e-13
1.0088e-13
9.9948e-14
9.9023e-14
9.8107e-14
9.72e-14
9.6301e-14
9.541e-14
9.4528e-14
9.3654e-14
9.2788e-14
9.193e-14
9.108e-14
9.0238e-14
8.9404e-14
8.8577e-14
8.7759e-14
8.6948e-14
8.6145e-14
8.5349e-14
8.456e-14
8.378e-14
8.3006e-14
8.224e-14
8.1481e-14
8.0729e-14
7.9984e-14
7.9246e-14
7.8516e-14
7.7792e-14
7.7075e-14
7.6365e-14
7.5661e-14
7.4965e-14
7.4275e-14
7.3591e-14
7.2914e-14
7.2244e-14
7.158e-14
7.0922e-14
7.0271e-14
6.9626e-14
6.8987e-14
6.8354e-14
6.7727e-14
6.7107e-14
6.6492e-14
6.5884e-14
6.5281e-14
6.4684e-14
6.4093e-14
6.3508e-14
6.2929e-14
6.2355e-14
6.1787e-14
6.1224e-14
6.0667e-14
6.0116e-14
5.957e-14
5.9029e-14
5.8494e-14
5.7964e-14
5.7439e-14
5.692e-14
5.6405e-14
5.5896e-14
5.5392e-14
5.4894e-14
5.44e-14
5.3911e-14
5.3427e-14
5.2948e-14
5.2474e-14
5.2005e-14
5.1541e-14
5.1081e-14
5.0626e-14
5.0176e-14
4.9731e-14
4.929e-14
4.8854e-14
4.8422e-14
4.7995e-14
4.7572e-14
4.7154e-14
4.6741e-14
4.6331e-14
4.5927e-14
4.5526e-14
4.513e-14
4.4738e-14
4.435e-14
4.3967e-14
4.3588e-14
4.3213e-14
4.2842e-14
4.2475e-14
4.2113e-14
4.1754e-14
4.14e-14
4.1049e-14
4.0703e-14
4.036e-14
4.0022e-14
3.9687e-14
3.9356e-14
3.9029e-14
3.8706e-14
3.8387e-14
3.8072e-14
3.776e-14
3.7452e-14
3.7148e-14
3.6848e-14
3.6551e-14
3.6258e-14
3.5969e-14
3.5683e-14
3.5401e-14
3.5122e-14
3.4848e-14
3.4576e-14
3.4308e-14
3.4044e-14
3.3784e-14
3.3526e-14
3.3273e-14
3.3023e-14
3.2776e-14
3.2533e-14
3.2293e-14
3.2056e-14
3.1823e-14
3.1594e-14
3.1367e-14
3.1145e-14
3.0925e-14
3.0709e-14
3.0496e-14
3.0287e-14
3.008e-14
2.9878e-14
2.9678e-14
2.9482e-14
2.9289e-14
2.9099e-14
2.8913e-14
2.873e-14
2.855e-14
2.8373e-14
2.82e-14
2.803e-14
2.7863e-14
2.7699e-14
2.7539e-14
2.7381e-14
2.7227e-14
2.7077e-14
2.6929e-14
2.6785e-14
2.6644e-14
2.6506e-14
2.6371e-14
2.624e-14
2.6111e-14
2.5986e-14
2.5865e-14
2.5746e-14
2.5631e-14
2.5519e-14
