7.0656e-12
7.0236e-12
6.982e-12
6.9409e-12
6.9002e-12
6.8599e-12
6.8201e-12
6.7807e-12
6.7417e-12
6.7031e-12
6.665e-12
6.6273e-12
6.5901e-12
6.5532e-12
6.5168e-12
6.4808e-12
6.4452e-12
6.4101e-12
6.3753e-12
6.341e-12
6.3071e-12
6.2736e-12
6.2405e-12
6.2079e-12
6.1756e-12
6.1438e-12
6.1124e-12
6.0814e-12
6.0508e-12
6.0206e-12
5.9909e-12
5.9615e-12
5.9325e-12
5.904e-12
5.8759e-12
5.8481e-12
5.8208e-12
5.7939e-12
5.7674e-12
5.7413e-12
5.7156e-12
5.6903e-12
5.6655e-12
5.641e-12
5.6169e-12
5.5932e-12
5.57e-12
5.5471e-12
5.5247e-12
5.5026e-12
5.481e-12
5.4598e-12
5.4389e-12
5.4185e-12
5.3985e-12
5.3789e-12
5.3597e-12
5.3409e-12
5.3225e-12
5.3045e-12
5.2869e-12
5.2697e-12
5.2529e-12
5.2366e-12
5.2206e-12
5.2051e-12
5.1899e-12
5.1752e-12
5.1609e-12
5.147e-12
5.1335e-12
5.1204e-12
5.1077e-12
5.0954e-12
5.0836e-12
5.0722e-12
5.0611e-12
5.0505e-12
5.0404e-12
5.0306e-12
5.0213e-12
5.0123e-12
5.0038e-12
4.9957e-12
4.9881e-12
4.9808e-12
4.974e-12
4.9676e-12
4.9617e-12
4.9562e-12
4.9511e-12
4.9464e-12
4.9422e-12
4.9384e-12
4.935e-12
4.9321e-12
4.9296e-12
4.9276e-12
4.926e-12
4.9248e-12
4.9241e-12
4.9239e-12
4.9241e-12
4.9247e-12
4.9258e-12
4.9274e-12
4.9294e-12
4.9318e-12
4.9348e-12
4.9381e-12
4.942e-12
4.9463e-12
4.9511e-12
4.9564e-12
4.9621e-12
4.9683e-12
4.975e-12
4.9822e-12
4.9899e-12
4.998e-12
5.0067e-12
5.0158e-12
5.0254e-12
5.0355e-12
5.0462e-12
5.0573e-12
5.0689e-12
5.081e-12
5.0937e-12
5.1069e-12
5.1205e-12
5.1347e-12
5.1495e-12
5.1647e-12
5.1805e-12
5.1968e-12
5.2137e-12
5.2311e-12
5.249e-12
5.2675e-12
5.2865e-12
5.3061e-12
5.3263e-12
5.347e-12
5.3682e-12
5.3901e-12
5.4125e-12
5.4355e-12
5.4591e-12
5.4833e-12
5.508e-12
5.5334e-12
5.5593e-12
5.5859e-12
5.613e-12
5.6408e-12
5.6692e-12
5.6982e-12
5.7278e-12
5.7581e-12
5.789e-12
5.8205e-12
5.8527e-12
5.8855e-12
5.919e-12
5.9532e-12
5.988e-12
6.0235e-12
6.0596e-12
6.0965e-12
6.134e-12
6.1722e-12
6.2111e-12
6.2508e-12
6.2911e-12
6.3321e-12
6.3739e-12
6.4164e-12
6.4596e-12
6.5036e-12
6.5483e-12
6.5938e-12
6.64e-12
6.687e-12
6.7347e-12
6.7833e-12
6.8326e-12
6.8827e-12
6.9336e-12
6.9853e-12
7.0378e-12
7.0912e-12
7.1454e-12
7.2004e-12
7.2562e-12
7.3129e-12
7.3705e-12
7.4289e-12
7.4882e-12
7.5483e-12
7.6094e-12
7.6713e-12
7.7342e-12
7.7979e-12
7.8626e-12
7.9282e-12
7.9948e-12
8.0622e-12
8.1307e-12
8.2001e-12
8.2705e-12
8.3418e-12
8.4142e-12
8.4875e-12
8.5619e-12
8.6373e-12
8.7137e-12
8.7911e-12
8.8696e-12
8.9491e-12
9.0297e-12
9.1114e-12
9.1942e-12
9.278e-12
9.363e-12
9.4491e-12
9.5363e-12
9.6247e-12
9.7142e-12
9.8049e-12
9.8967e-12
9.9897e-12
1.0084e-11
1.0179e-11
1.0276e-11
1.0374e-11
1.0473e-11
1.0573e-11
1.0675e-11
1.0778e-11
1.0882e-11
1.0988e-11
1.1095e-11
1.1203e-11
1.1312e-11
1.1423e-11
1.1535e-11
1.1649e-11
1.1764e-11
1.188e-11
1.1998e-11
1.2117e-11
1.2238e-11
1.236e-11
1.2484e-11
1.2609e-11
1.2736e-11
1.2864e-11
1.2994e-11
1.3125e-11
1.3258e-11
1.3392e-11
1.3528e-11
1.3666e-11
1.3805e-11
1.3946e-11
1.4089e-11
1.4233e-11
1.4379e-11
1.4527e-11
1.4676e-11
1.4827e-11
1.498e-11
1.5135e-11
1.5292e-11
1.545e-11
1.561e-11
1.5772e-11
1.5936e-11
1.6102e-11
1.627e-11
1.6439e-11
1.6611e-11
1.6785e-11
1.696e-11
1.7138e-11
1.7317e-11
1.7499e-11
1.7683e-11
1.7869e-11
1.8057e-11
1.8247e-11
1.8439e-11
1.8634e-11
1.883e-11
1.9029e-11
1.923e-11
1.9434e-11
1.9639e-11
1.9847e-11
2.0058e-11
2.027e-11
2.0485e-11
2.0703e-11
2.0923e-11
2.1145e-11
2.137e-11
2.1597e-11
2.1827e-11
2.206e-11
2.2295e-11
2.2532e-11
2.2773e-11
2.3016e-11
2.3261e-11
2.351e-11
2.3761e-11
2.4015e-11
2.4271e-11
2.4531e-11
2.4793e-11
2.5058e-11
2.5327e-11
2.5598e-11
2.5872e-11
2.6149e-11
2.6429e-11
2.6712e-11
2.6998e-11
2.7288e-11
2.758e-11
2.7876e-11
2.8175e-11
2.8477e-11
2.8783e-11
2.9091e-11
2.9404e-11
2.9719e-11
3.0038e-11
3.036e-11
3.0686e-11
3.1016e-11
3.1349e-11
3.1685e-11
3.2026e-11
3.2369e-11
3.2717e-11
3.3068e-11
3.3424e-11
3.3782e-11
3.4145e-11
3.4512e-11
3.4883e-11
3.5257e-11
3.5636e-11
3.6018e-11
3.6405e-11
3.6796e-11
3.7191e-11
3.759e-11
3.7994e-11
3.8402e-11
3.8814e-11
3.923e-11
3.9651e-11
4.0077e-11
4.0507e-11
4.0941e-11
4.1381e-11
4.1824e-11
4.2273e-11
4.2726e-11
4.3184e-11
4.3647e-11
4.4115e-11
4.4588e-11
4.5065e-11
4.5548e-11
4.6036e-11
4.6529e-11
4.7027e-11
4.7531e-11
4.804e-11
4.8554e-11
4.9073e-11
4.9598e-11
5.0129e-11
5.0665e-11
5.1207e-11
5.1754e-11
5.2307e-11
5.2866e-11
5.3431e-11
5.4001e-11
5.4578e-11
5.5161e-11
5.5749e-11
5.6344e-11
5.6945e-11
5.7552e-11
5.8166e-11
5.8786e-11
5.9413e-11
6.0046e-11
6.0685e-11
6.1331e-11
6.1984e-11
6.2644e-11
6.3311e-11
6.3984e-11
6.4665e-11
6.5352e-11
6.6047e-11
6.6749e-11
6.7458e-11
6.8174e-11
6.8898e-11
6.9629e-11
7.0368e-11
7.1114e-11
7.1868e-11
7.263e-11
7.34e-11
7.4178e-11
7.4963e-11
7.5757e-11
7.6559e-11
7.7369e-11
7.8188e-11
7.9015e-11
7.985e-11
8.0694e-11
8.1547e-11
8.2408e-11
8.3278e-11
8.4157e-11
8.5045e-11
8.5942e-11
8.6848e-11
8.7764e-11
8.8689e-11
8.9623e-11
9.0567e-11
9.152e-11
9.2483e-11
9.3456e-11
9.4439e-11
9.5432e-11
9.6435e-11
9.7448e-11
9.8472e-11
9.9506e-11
1.0055e-10
1.016e-10
1.0267e-10
1.0375e-10
1.0483e-10
1.0593e-10
1.0704e-10
1.0816e-10
1.093e-10
1.1044e-10
1.1159e-10
1.1276e-10
1.1394e-10
1.1513e-10
1.1633e-10
1.1755e-10
1.1877e-10
1.2001e-10
1.2126e-10
1.2253e-10
1.238e-10
1.2509e-10
1.264e-10
1.2771e-10
1.2904e-10
1.3038e-10
1.3174e-10
1.3311e-10
1.3449e-10
1.3589e-10
1.373e-10
1.3872e-10
1.4016e-10
1.4162e-10
1.4308e-10
1.4457e-10
1.4607e-10
1.4758e-10
1.4911e-10
1.5065e-10
1.5221e-10
1.5378e-10
1.5537e-10
1.5697e-10
1.586e-10
1.6023e-10
1.6189e-10
1.6356e-10
1.6524e-10
1.6695e-10
1.6867e-10
1.704e-10
1.7216e-10
1.7393e-10
1.7572e-10
1.7753e-10
1.7935e-10
1.8119e-10
1.8306e-10
1.8493e-10
1.8683e-10
1.8875e-10
1.9069e-10
1.9264e-10
1.9461e-10
1.9661e-10
1.9862e-10
2.0065e-10
2.0271e-10
2.0478e-10
2.0687e-10
2.0899e-10
2.1112e-10
2.1328e-10
2.1545e-10
2.1765e-10
2.1987e-10
2.2211e-10
2.2438e-10
2.2666e-10
2.2897e-10
2.313e-10
2.3366e-10
2.3603e-10
2.3843e-10
2.4085e-10
2.433e-10
2.4577e-10
2.4827e-10
2.5079e-10
2.5333e-10
2.559e-10
2.5849e-10
2.6111e-10
2.6375e-10
2.6642e-10
2.6912e-10
2.7184e-10
2.7459e-10
2.7736e-10
2.8016e-10
2.8299e-10
2.8585e-10
2.8873e-10
2.9164e-10
2.9458e-10
2.9755e-10
3.0055e-10
3.0357e-10
3.0663e-10
3.0971e-10
3.1283e-10
3.1597e-10
3.1915e-10
3.2235e-10
3.2559e-10
3.2885e-10
3.3215e-10
3.3548e-10
3.3885e-10
3.4224e-10
3.4567e-10
3.4913e-10
3.5262e-10
3.5615e-10
3.5971e-10
3.633e-10
3.6693e-10
3.7059e-10
3.7429e-10
3.7803e-10
3.818e-10
3.856e-10
3.8945e-10
3.9332e-10
3.9724e-10
4.0119e-10
4.0518e-10
4.0921e-10
4.1328e-10
4.1739e-10
4.2153e-10
4.2572e-10
4.2994e-10
4.3421e-10
4.3851e-10
4.4286e-10
4.4724e-10
4.5167e-10
4.5614e-10
4.6065e-10
4.6521e-10
4.6981e-10
4.7445e-10
4.7914e-10
4.8387e-10
4.8864e-10
4.9346e-10
4.9833e-10
5.0324e-10
5.082e-10
5.132e-10
5.1825e-10
5.2335e-10
5.285e-10
5.337e-10
5.3894e-10
5.4423e-10
5.4958e-10
5.5497e-10
5.6042e-10
5.6591e-10
5.7146e-10
5.7706e-10
5.8271e-10
5.8841e-10
5.9417e-10
5.9998e-10
6.0585e-10
6.1177e-10
6.1774e-10
6.2378e-10
6.2986e-10
6.3601e-10
6.4221e-10
6.4847e-10
6.5479e-10
6.6117e-10
6.676e-10
6.741e-10
6.8066e-10
6.8727e-10
6.9395e-10
7.0069e-10
7.075e-10
7.1437e-10
7.213e-10
7.2829e-10
7.3535e-10
7.4248e-10
7.4967e-10
7.5692e-10
7.6425e-10
7.7164e-10
7.791e-10
7.8663e-10
7.9423e-10
8.019e-10
8.0964e-10
8.1745e-10
8.2533e-10
8.3328e-10
8.4131e-10
8.4942e-10
8.5759e-10
8.6584e-10
8.7417e-10
8.8258e-10
8.9106e-10
8.9962e-10
9.0825e-10
9.1697e-10
9.2577e-10
9.3464e-10
9.436e-10
9.5264e-10
9.6176e-10
9.7097e-10
9.8026e-10
9.8963e-10
9.991e-10
1.0086e-09
1.0183e-09
1.028e-09
1.0378e-09
1.0477e-09
1.0577e-09
1.0678e-09
1.0779e-09
1.0882e-09
1.0986e-09
1.109e-09
1.1196e-09
1.1302e-09
1.1409e-09
1.1518e-09
1.1627e-09
1.1737e-09
1.1849e-09
1.1961e-09
1.2074e-09
1.2189e-09
1.2304e-09
1.2421e-09
1.2538e-09
1.2657e-09
1.2776e-09
1.2897e-09
1.3019e-09
1.3142e-09
1.3266e-09
1.3391e-09
1.3517e-09
1.3644e-09
1.3773e-09
1.3902e-09
1.4033e-09
1.4165e-09
1.4298e-09
1.4433e-09
1.4568e-09
1.4705e-09
1.4843e-09
1.4982e-09
1.5123e-09
1.5264e-09
1.5407e-09
1.5552e-09
1.5697e-09
1.5844e-09
1.5992e-09
1.6142e-09
1.6292e-09
1.6444e-09
1.6598e-09
1.6753e-09
1.6909e-09
1.7067e-09
1.7226e-09
1.7386e-09
1.7548e-09
1.7711e-09
1.7876e-09
1.8042e-09
1.821e-09
1.8379e-09
1.8549e-09
1.8722e-09
1.8895e-09
1.907e-09
1.9247e-09
1.9425e-09
1.9605e-09
1.9787e-09
1.997e-09
2.0154e-09
2.034e-09
2.0528e-09
2.0718e-09
2.0909e-09
2.1102e-09
2.1297e-09
2.1493e-09
2.1691e-09
2.1891e-09
2.2092e-09
2.2295e-09
2.25e-09
2.2707e-09
2.2916e-09
2.3126e-09
2.3338e-09
2.3552e-09
2.3768e-09
2.3986e-09
2.4206e-09
2.4428e-09
2.4651e-09
2.4877e-09
2.5104e-09
2.5334e-09
2.5565e-09
2.5799e-09
2.6034e-09
2.6272e-09
2.6511e-09
2.6753e-09
2.6997e-09
2.7243e-09
2.7491e-09
2.7741e-09
2.7993e-09
2.8248e-09
2.8504e-09
2.8763e-09
2.9024e-09
2.9288e-09
2.9553e-09
2.9821e-09
3.0091e-09
3.0364e-09
3.0639e-09
3.0916e-09
3.1196e-09
3.1478e-09
3.1762e-09
3.2049e-09
3.2338e-09
3.263e-09
3.2924e-09
3.3221e-09
3.352e-09
3.3822e-09
3.4127e-09
3.4434e-09
3.4744e-09
3.5056e-09
3.5371e-09
3.5689e-09
3.6009e-09
3.6332e-09
3.6658e-09
3.6987e-09
3.7318e-09
3.7652e-09
3.7989e-09
3.8329e-09
3.8672e-09
3.9018e-09
3.9367e-09
3.9718e-09
4.0073e-09
4.043e-09
4.0791e-09
4.1155e-09
4.1521e-09
4.1891e-09
4.2264e-09
4.264e-09
4.3019e-09
4.3402e-09
4.3787e-09
4.4176e-09
4.4568e-09
4.4964e-09
4.5363e-09
4.5765e-09
4.617e-09
4.6579e-09
4.6991e-09
4.7407e-09
4.7826e-09
4.8249e-09
4.8675e-09
4.9105e-09
4.9539e-09
4.9976e-09
5.0417e-09
5.0861e-09
5.1309e-09
5.1761e-09
5.2216e-09
5.2676e-09
5.3139e-09
5.3606e-09
5.4077e-09
5.4552e-09
5.503e-09
5.5513e-09
5.6e-09
5.6491e-09
5.6986e-09
5.7485e-09
5.7988e-09
5.8495e-09
5.9006e-09
5.9522e-09
6.0042e-09
6.0566e-09
6.1095e-09
6.1627e-09
6.2165e-09
6.2706e-09
6.3252e-09
6.3803e-09
6.4358e-09
6.4918e-09
6.5482e-09
6.6051e-09
6.6625e-09
6.7203e-09
6.7786e-09
6.8374e-09
6.8967e-09
6.9564e-09
7.0167e-09
7.0774e-09
7.1386e-09
7.2003e-09
7.2626e-09
7.3253e-09
7.3885e-09
7.4523e-09
7.5166e-09
7.5814e-09
7.6467e-09
7.7126e-09
7.779e-09
7.8459e-09
7.9134e-09
7.9814e-09
8.05e-09
8.1192e-09
8.1888e-09
8.2591e-09
8.3299e-09
8.4013e-09
8.4733e-09
8.5459e-09
8.619e-09
8.6927e-09
8.7671e-09
8.842e-09
8.9175e-09
8.9937e-09
9.0704e-09
9.1478e-09
9.2258e-09
9.3044e-09
9.3836e-09
9.4635e-09
9.544e-09
9.6252e-09
9.707e-09
9.7895e-09
9.8726e-09
9.9564e-09
1.0041e-08
1.0126e-08
1.0212e-08
1.0298e-08
1.0386e-08
1.0473e-08
1.0562e-08
1.0651e-08
1.0741e-08
1.0832e-08
1.0923e-08
1.1016e-08
1.1109e-08
1.1202e-08
1.1297e-08
1.1392e-08
1.1488e-08
1.1584e-08
1.1682e-08
1.178e-08
1.1879e-08
1.1978e-08
1.2079e-08
1.218e-08
1.2282e-08
1.2385e-08
1.2489e-08
1.2594e-08
1.2699e-08
1.2805e-08
1.2912e-08
1.302e-08
1.3129e-08
1.3238e-08
1.3349e-08
1.346e-08
1.3572e-08
1.3685e-08
1.3799e-08
1.3914e-08
1.403e-08
1.4146e-08
1.4264e-08
1.4382e-08
1.4501e-08
1.4622e-08
1.4743e-08
1.4865e-08
1.4988e-08
1.5112e-08
1.5237e-08
1.5363e-08
1.549e-08
1.5618e-08
1.5747e-08
1.5877e-08
1.6008e-08
1.614e-08
1.6273e-08
1.6407e-08
1.6542e-08
1.6679e-08
1.6816e-08
1.6954e-08
1.7093e-08
1.7234e-08
1.7375e-08
1.7518e-08
1.7661e-08
1.7806e-08
1.7952e-08
1.8099e-08
1.8247e-08
1.8396e-08
1.8546e-08
1.8698e-08
1.8851e-08
1.9004e-08
1.9159e-08
1.9316e-08
1.9473e-08
1.9632e-08
1.9791e-08
1.9952e-08
2.0115e-08
2.0278e-08
2.0443e-08
2.0609e-08
2.0776e-08
2.0945e-08
2.1114e-08
2.1286e-08
2.1458e-08
2.1632e-08
2.1807e-08
2.1983e-08
2.2161e-08
2.234e-08
2.252e-08
2.2702e-08
2.2885e-08
2.3069e-08
2.3255e-08
2.3442e-08
2.3631e-08
2.3821e-08
2.4013e-08
2.4206e-08
2.44e-08
2.4596e-08
2.4793e-08
2.4992e-08
2.5192e-08
2.5394e-08
2.5597e-08
2.5802e-08
2.6009e-08
2.6217e-08
2.6426e-08
2.6637e-08
2.685e-08
2.7064e-08
2.728e-08
2.7497e-08
2.7716e-08
2.7937e-08
2.8159e-08
2.8383e-08
2.8608e-08
2.8836e-08
2.9065e-08
2.9295e-08
2.9528e-08
2.9762e-08
2.9997e-08
3.0235e-08
3.0474e-08
3.0715e-08
3.0958e-08
3.1203e-08
3.1449e-08
3.1697e-08
3.1948e-08
3.2199e-08
3.2453e-08
3.2709e-08
3.2966e-08
3.3226e-08
3.3487e-08
3.375e-08
3.4015e-08
3.4282e-08
3.4552e-08
3.4823e-08
3.5095e-08
3.537e-08
3.5647e-08
3.5926e-08
3.6207e-08
3.6491e-08
3.6776e-08
3.7063e-08
3.7352e-08
3.7644e-08
3.7937e-08
3.8233e-08
3.8531e-08
3.883e-08
3.9133e-08
3.9437e-08
3.9743e-08
4.0052e-08
4.0363e-08
4.0676e-08
4.0992e-08
4.131e-08
4.163e-08
4.1952e-08
4.2277e-08
4.2604e-08
4.2933e-08
4.3265e-08
4.3599e-08
4.3935e-08
4.4274e-08
4.4615e-08
4.4959e-08
4.5305e-08
4.5654e-08
4.6005e-08
4.6359e-08
4.6715e-08
4.7074e-08
4.7435e-08
4.7799e-08
4.8166e-08
4.8535e-08
4.8907e-08
4.9281e-08
4.9658e-08
5.0038e-08
5.042e-08
5.0805e-08
5.1193e-08
5.1584e-08
5.1977e-08
5.2373e-08
5.2772e-08
5.3174e-08
5.3579e-08
5.3986e-08
5.4396e-08
5.481e-08
5.5226e-08
5.5645e-08
5.6067e-08
5.6492e-08
5.692e-08
5.7351e-08
5.7785e-08
5.8222e-08
5.8662e-08
5.9105e-08
5.9551e-08
6.0001e-08
6.0453e-08
6.0909e-08
6.1368e-08
6.183e-08
6.2295e-08
6.2764e-08
6.3236e-08
6.3711e-08
6.4189e-08
6.4671e-08
6.5156e-08
6.5644e-08
6.6136e-08
6.6631e-08
6.713e-08
6.7632e-08
6.8138e-08
6.8647e-08
6.9159e-08
6.9675e-08
7.0195e-08
7.0718e-08
7.1245e-08
7.1776e-08
7.231e-08
7.2848e-08
7.3389e-08
7.3934e-08
7.4483e-08
7.5036e-08
7.5593e-08
7.6153e-08
7.6717e-08
7.7285e-08
7.7857e-08
7.8433e-08
7.9013e-08
7.9596e-08
8.0184e-08
8.0776e-08
8.1371e-08
8.1971e-08
8.2575e-08
8.3183e-08
8.3795e-08
8.4411e-08
8.5032e-08
8.5656e-08
8.6285e-08
8.6918e-08
8.7556e-08
8.8197e-08
8.8843e-08
8.9494e-08
9.0148e-08
9.0808e-08
9.1471e-08
9.2139e-08
9.2812e-08
9.3489e-08
9.4171e-08
9.4857e-08
9.5548e-08
9.6243e-08
9.6943e-08
9.7648e-08
9.8358e-08
9.9072e-08
9.9791e-08
1.0051e-07
1.0124e-07
1.0198e-07
1.0272e-07
1.0346e-07
1.0421e-07
1.0496e-07
1.0572e-07
1.0648e-07
1.0725e-07
1.0802e-07
1.088e-07
1.0959e-07
1.1038e-07
1.1117e-07
1.1197e-07
1.1277e-07
1.1358e-07
1.144e-07
1.1522e-07
1.1605e-07
1.1688e-07
1.1771e-07
1.1856e-07
1.1941e-07
1.2026e-07
1.2112e-07
1.2198e-07
1.2285e-07
1.2373e-07
1.2461e-07
1.255e-07
1.2639e-07
1.2729e-07
1.282e-07
1.2911e-07
1.3003e-07
1.3095e-07
1.3188e-07
1.3281e-07
1.3375e-07
1.347e-07
1.3565e-07
1.3661e-07
1.3758e-07
1.3855e-07
1.3953e-07
1.4052e-07
1.4151e-07
1.425e-07
1.4351e-07
1.4452e-07
1.4554e-07
1.4656e-07
1.4759e-07
1.4863e-07
1.4967e-07
1.5072e-07
1.5178e-07
1.5284e-07
1.5391e-07
1.5499e-07
1.5607e-07
1.5716e-07
1.5826e-07
1.5936e-07
1.6048e-07
1.616e-07
1.6272e-07
1.6385e-07
1.65e-07
1.6614e-07
1.673e-07
1.6846e-07
1.6963e-07
1.7081e-07
1.7199e-07
1.7319e-07
1.7438e-07
1.7559e-07
1.7681e-07
1.7803e-07
1.7926e-07
1.805e-07
1.8174e-07
1.83e-07
1.8426e-07
1.8553e-07
1.8681e-07
1.8809e-07
1.8939e-07
1.9069e-07
1.92e-07
1.9332e-07
1.9464e-07
1.9598e-07
1.9732e-07
1.9867e-07
2.0003e-07
2.014e-07
2.0278e-07
2.0416e-07
2.0555e-07
2.0696e-07
2.0837e-07
2.0979e-07
2.1122e-07
2.1265e-07
2.141e-07
2.1556e-07
2.1702e-07
2.1849e-07
2.1998e-07
2.2147e-07
2.2297e-07
2.2448e-07
2.26e-07
2.2753e-07
2.2907e-07
2.3061e-07
2.3217e-07
2.3374e-07
2.3531e-07
2.369e-07
2.385e-07
2.401e-07
2.4172e-07
2.4334e-07
2.4498e-07
2.4662e-07
2.4828e-07
2.4994e-07
2.5162e-07
2.533e-07
2.55e-07
2.567e-07
2.5842e-07
2.6015e-07
2.6188e-07
2.6363e-07
2.6539e-07
2.6716e-07
2.6894e-07
2.7073e-07
2.7253e-07
2.7434e-07
2.7616e-07
2.78e-07
2.7984e-07
2.817e-07
2.8356e-07
2.8544e-07
2.8733e-07
2.8923e-07
2.9114e-07
2.9307e-07
2.95e-07
2.9695e-07
2.989e-07
3.0087e-07
3.0285e-07
3.0485e-07
3.0685e-07
3.0887e-07
3.109e-07
3.1294e-07
3.1499e-07
3.1706e-07
3.1913e-07
3.2122e-07
3.2333e-07
3.2544e-07
3.2757e-07
3.2971e-07
3.3186e-07
3.3402e-07
3.362e-07
3.3839e-07
3.4059e-07
3.4281e-07
3.4504e-07
3.4728e-07
3.4953e-07
3.518e-07
3.5408e-07
3.5638e-07
3.5869e-07
3.6101e-07
3.6334e-07
3.6569e-07
3.6805e-07
3.7043e-07
3.7282e-07
3.7522e-07
3.7764e-07
3.8007e-07
3.8252e-07
3.8498e-07
3.8745e-07
3.8994e-07
3.9244e-07
3.9496e-07
3.9749e-07
4.0004e-07
4.026e-07
4.0517e-07
4.0776e-07
4.1037e-07
4.1299e-07
4.1562e-07
4.1827e-07
4.2094e-07
4.2362e-07
4.2632e-07
4.2903e-07
4.3175e-07
4.345e-07
4.3725e-07
4.4003e-07
4.4282e-07
4.4562e-07
4.4844e-07
4.5128e-07
4.5413e-07
4.57e-07
4.5989e-07
4.6279e-07
4.6571e-07
4.6864e-07
4.7159e-07
4.7456e-07
4.7754e-07
4.8054e-07
4.8356e-07
4.866e-07
4.8965e-07
4.9272e-07
4.958e-07
4.9891e-07
5.0203e-07
5.0517e-07
5.0832e-07
5.1149e-07
5.1468e-07
5.1789e-07
5.2112e-07
5.2436e-07
5.2763e-07
5.3091e-07
5.3421e-07
5.3752e-07
5.4086e-07
5.4421e-07
5.4758e-07
5.5098e-07
5.5438e-07
5.5781e-07
5.6126e-07
5.6473e-07
5.6821e-07
5.7172e-07
5.7524e-07
5.7878e-07
5.8235e-07
5.8593e-07
5.8953e-07
5.9315e-07
5.9679e-07
6.0045e-07
6.0413e-07
6.0783e-07
6.1155e-07
6.1529e-07
6.1906e-07
6.2284e-07
6.2664e-07
6.3046e-07
6.3431e-07
6.3817e-07
6.4206e-07
6.4596e-07
6.4989e-07
6.5384e-07
6.5781e-07
6.618e-07
6.6581e-07
6.6984e-07
6.739e-07
6.7798e-07
6.8208e-07
6.862e-07
6.9034e-07
6.9451e-07
6.9869e-07
7.029e-07
7.0714e-07
7.1139e-07
7.1567e-07
7.1997e-07
7.2429e-07
7.2864e-07
7.3301e-07
7.374e-07
7.4182e-07
7.4625e-07
7.5072e-07
7.552e-07
7.5971e-07
7.6425e-07
7.688e-07
7.7338e-07
7.7799e-07
7.8262e-07
7.8727e-07
7.9195e-07
7.9665e-07
8.0138e-07
8.0613e-07
8.1091e-07
8.1571e-07
8.2053e-07
8.2539e-07
8.3026e-07
8.3516e-07
8.4009e-07
8.4505e-07
8.5002e-07
8.5503e-07
8.6006e-07
8.6512e-07
8.702e-07
8.7531e-07
8.8044e-07
8.856e-07
8.9079e-07
8.9601e-07
9.0125e-07
9.0652e-07
9.1181e-07
9.1714e-07
9.2249e-07
9.2786e-07
9.3327e-07
9.387e-07
9.4416e-07
9.4965e-07
9.5517e-07
9.6071e-07
9.6628e-07
9.7188e-07
9.7751e-07
9.8317e-07
9.8885e-07
9.9457e-07
1.0003e-06
1.0061e-06
1.0119e-06
1.0177e-06
1.0236e-06
1.0295e-06
1.0354e-06
1.0413e-06
1.0473e-06
1.0533e-06
1.0594e-06
1.0654e-06
1.0715e-06
1.0777e-06
1.0838e-06
1.09e-06
1.0962e-06
1.1025e-06
1.1088e-06
1.1151e-06
1.1214e-06
1.1278e-06
1.1342e-06
1.1407e-06
1.1471e-06
1.1536e-06
1.1602e-06
1.1667e-06
1.1733e-06
1.18e-06
1.1866e-06
1.1933e-06
1.2001e-06
1.2068e-06
1.2136e-06
1.2205e-06
1.2273e-06
1.2342e-06
1.2412e-06
1.2481e-06
1.2551e-06
1.2622e-06
1.2692e-06
1.2763e-06
1.2835e-06
1.2906e-06
1.2979e-06
1.3051e-06
1.3124e-06
1.3197e-06
1.327e-06
1.3344e-06
1.3418e-06
1.3493e-06
1.3568e-06
1.3643e-06
1.3718e-06
1.3794e-06
1.3871e-06
1.3947e-06
1.4024e-06
1.4102e-06
1.418e-06
1.4258e-06
1.4336e-06
1.4415e-06
1.4495e-06
1.4574e-06
1.4654e-06
1.4735e-06
1.4815e-06
1.4897e-06
1.4978e-06
1.506e-06
1.5142e-06
1.5225e-06
1.5308e-06
1.5392e-06
1.5476e-06
1.556e-06
1.5644e-06
1.573e-06
1.5815e-06
1.5901e-06
1.5987e-06
1.6074e-06
1.6161e-06
1.6248e-06
1.6336e-06
1.6424e-06
1.6513e-06
1.6602e-06
1.6692e-06
1.6782e-06
1.6872e-06
1.6963e-06
1.7054e-06
1.7145e-06
1.7237e-06
1.733e-06
1.7423e-06
1.7516e-06
1.761e-06
1.7704e-06
1.7798e-06
1.7893e-06
1.7989e-06
1.8085e-06
1.8181e-06
1.8278e-06
1.8375e-06
1.8472e-06
1.857e-06
1.8669e-06
1.8768e-06
1.8867e-06
1.8967e-06
1.9067e-06
1.9168e-06
1.9269e-06
1.9371e-06
1.9473e-06
1.9575e-06
1.9678e-06
1.9782e-06
1.9886e-06
1.999e-06
2.0095e-06
2.02e-06
2.0306e-06
2.0412e-06
2.0519e-06
2.0626e-06
2.0734e-06
2.0842e-06
2.0951e-06
2.106e-06
2.1169e-06
2.128e-06
2.139e-06
2.1501e-06
2.1613e-06
2.1725e-06
2.1837e-06
2.195e-06
2.2064e-06
2.2178e-06
2.2292e-06
2.2407e-06
2.2522e-06
2.2638e-06
2.2755e-06
2.2872e-06
2.2989e-06
2.3107e-06
2.3226e-06
2.3345e-06
2.3464e-06
2.3584e-06
2.3705e-06
2.3826e-06
2.3948e-06
2.407e-06
2.4192e-06
2.4316e-06
2.4439e-06
2.4563e-06
2.4688e-06
2.4813e-06
2.4939e-06
2.5066e-06
2.5192e-06
2.532e-06
2.5448e-06
2.5576e-06
2.5705e-06
2.5835e-06
2.5965e-06
2.6096e-06
2.6227e-06
2.6359e-06
2.6491e-06
2.6624e-06
2.6757e-06
2.6891e-06
2.7026e-06
2.7161e-06
2.7296e-06
2.7433e-06
2.7569e-06
2.7707e-06
2.7845e-06
2.7983e-06
2.8122e-06
2.8262e-06
2.8402e-06
2.8543e-06
2.8684e-06
2.8826e-06
2.8969e-06
2.9112e-06
2.9256e-06
2.94e-06
2.9545e-06
2.969e-06
2.9836e-06
2.9983e-06
3.013e-06
3.0278e-06
3.0427e-06
3.0576e-06
3.0725e-06
3.0876e-06
3.1026e-06
3.1178e-06
3.133e-06
3.1483e-06
3.1636e-06
3.179e-06
3.1944e-06
3.21e-06
3.2255e-06
3.2412e-06
3.2569e-06
3.2726e-06
3.2885e-06
3.3044e-06
3.3203e-06
3.3363e-06
3.3524e-06
3.3686e-06
3.3848e-06
3.401e-06
3.4174e-06
3.4338e-06
3.4502e-06
3.4668e-06
3.4833e-06
3.5e-06
3.5167e-06
3.5335e-06
3.5504e-06
3.5673e-06
3.5843e-06
3.6013e-06
3.6184e-06
3.6356e-06
3.6529e-06
3.6702e-06
3.6876e-06
3.705e-06
3.7225e-06
3.7401e-06
3.7578e-06
3.7755e-06
3.7933e-06
3.8111e-06
3.8291e-06
3.847e-06
3.8651e-06
3.8832e-06
3.9014e-06
3.9197e-06
3.938e-06
3.9564e-06
3.9749e-06
3.9935e-06
4.0121e-06
4.0308e-06
4.0495e-06
4.0683e-06
4.0872e-06
4.1062e-06
4.1252e-06
4.1443e-06
4.1635e-06
4.1828e-06
4.2021e-06
4.2215e-06
4.2409e-06
4.2605e-06
4.2801e-06
4.2998e-06
4.3195e-06
4.3394e-06
4.3593e-06
4.3792e-06
4.3993e-06
4.4194e-06
4.4396e-06
4.4599e-06
4.4802e-06
4.5006e-06
4.5211e-06
4.5417e-06
4.5623e-06
4.583e-06
4.6038e-06
4.6247e-06
4.6456e-06
4.6666e-06
4.6877e-06
4.7089e-06
4.7301e-06
4.7514e-06
4.7728e-06
4.7943e-06
4.8159e-06
4.8375e-06
4.8592e-06
4.881e-06
4.9028e-06
4.9247e-06
4.9468e-06
4.9688e-06
4.991e-06
5.0133e-06
5.0356e-06
5.058e-06
5.0805e-06
5.103e-06
5.1256e-06
5.1484e-06
5.1712e-06
5.194e-06
5.217e-06
5.24e-06
5.2631e-06
5.2863e-06
5.3096e-06
5.333e-06
5.3564e-06
5.3799e-06
5.4035e-06
5.4272e-06
5.4509e-06
5.4748e-06
5.4987e-06
5.5227e-06
5.5468e-06
5.571e-06
5.5952e-06
5.6195e-06
5.6439e-06
5.6684e-06
5.693e-06
5.7177e-06
5.7424e-06
5.7672e-06
5.7922e-06
5.8171e-06
5.8422e-06
5.8674e-06
5.8926e-06
5.918e-06
5.9434e-06
5.9689e-06
5.9945e-06
6.0201e-06
6.0459e-06
6.0717e-06
6.0976e-06
6.1236e-06
6.1497e-06
6.1759e-06
6.2022e-06
6.2285e-06
6.255e-06
6.2815e-06
6.3081e-06
6.3348e-06
6.3616e-06
6.3884e-06
6.4154e-06
6.4424e-06
6.4695e-06
6.4968e-06
6.5241e-06
6.5515e-06
6.5789e-06
6.6065e-06
6.6342e-06
6.6619e-06
6.6897e-06
6.7176e-06
6.7457e-06
6.7738e-06
6.8019e-06
6.8302e-06
6.8586e-06
6.887e-06
6.9156e-06
6.9442e-06
6.9729e-06
7.0017e-06
7.0306e-06
7.0596e-06
7.0887e-06
7.1179e-06
7.1471e-06
7.1765e-06
7.2059e-06
7.2355e-06
7.2651e-06
7.2948e-06
7.3246e-06
7.3545e-06
7.3845e-06
7.4146e-06
7.4447e-06
7.475e-06
7.5053e-06
7.5358e-06
7.5663e-06
7.597e-06
7.6277e-06
7.6585e-06
7.6894e-06
7.7204e-06
7.7515e-06
7.7827e-06
7.814e-06
7.8454e-06
7.8768e-06
7.9084e-06
7.94e-06
7.9718e-06
8.0036e-06
8.0356e-06
8.0676e-06
8.0997e-06
8.1319e-06
8.1642e-06
8.1966e-06
8.2291e-06
8.2617e-06
8.2944e-06
8.3272e-06
8.3601e-06
8.3931e-06
8.4261e-06
8.4593e-06
8.4926e-06
8.5259e-06
8.5594e-06
8.5929e-06
8.6265e-06
8.6603e-06
8.6941e-06
8.728e-06
8.7621e-06
8.7962e-06
8.8304e-06
8.8647e-06
8.8991e-06
8.9336e-06
8.9682e-06
9.0029e-06
9.0377e-06
9.0726e-06
9.1076e-06
9.1427e-06
9.1779e-06
9.2132e-06
9.2486e-06
9.284e-06
9.3196e-06
9.3553e-06
9.391e-06
9.4269e-06
9.4629e-06
9.4989e-06
9.5351e-06
9.5714e-06
9.6077e-06
9.6442e-06
9.6807e-06
9.7174e-06
9.7541e-06
9.791e-06
9.8279e-06
9.8649e-06
9.9021e-06
9.9393e-06
9.9767e-06
1.0014e-05
1.0052e-05
1.0089e-05
1.0127e-05
1.0165e-05
1.0203e-05
1.0241e-05
1.0279e-05
1.0317e-05
1.0355e-05
1.0394e-05
1.0432e-05
1.0471e-05
1.051e-05
1.0549e-05
1.0588e-05
1.0627e-05
1.0666e-05
1.0705e-05
1.0744e-05
1.0784e-05
1.0823e-05
1.0863e-05
1.0903e-05
1.0942e-05
1.0982e-05
1.1022e-05
1.1062e-05
1.1103e-05
1.1143e-05
1.1183e-05
1.1224e-05
1.1265e-05
1.1305e-05
1.1346e-05
1.1387e-05
1.1428e-05
1.1469e-05
1.151e-05
1.1552e-05
1.1593e-05
1.1635e-05
1.1676e-05
1.1718e-05
1.176e-05
1.1802e-05
1.1844e-05
1.1886e-05
1.1928e-05
1.197e-05
1.2013e-05
1.2055e-05
1.2098e-05
1.2141e-05
1.2184e-05
1.2227e-05
1.227e-05
1.2313e-05
1.2356e-05
1.2399e-05
1.2443e-05
1.2486e-05
1.253e-05
1.2574e-05
1.2617e-05
1.2661e-05
1.2705e-05
1.2749e-05
1.2794e-05
1.2838e-05
1.2882e-05
1.2927e-05
1.2972e-05
1.3016e-05
1.3061e-05
1.3106e-05
1.3151e-05
1.3196e-05
1.3242e-05
1.3287e-05
1.3332e-05
1.3378e-05
1.3423e-05
1.3469e-05
1.3515e-05
1.3561e-05
1.3607e-05
1.3653e-05
1.3699e-05
1.3746e-05
1.3792e-05
1.3839e-05
1.3885e-05
1.3932e-05
1.3979e-05
1.4026e-05
1.4073e-05
1.412e-05
1.4167e-05
1.4214e-05
1.4262e-05
1.4309e-05
1.4357e-05
1.4405e-05
1.4453e-05
1.45e-05
1.4548e-05
1.4597e-05
1.4645e-05
1.4693e-05
1.4741e-05
1.479e-05
1.4839e-05
1.4887e-05
1.4936e-05
1.4985e-05
1.5034e-05
1.5083e-05
1.5132e-05
1.5182e-05
1.5231e-05
1.528e-05
1.533e-05
1.538e-05
1.5429e-05
1.5479e-05
1.5529e-05
1.5579e-05
1.5629e-05
1.568e-05
1.573e-05
1.5781e-05
1.5831e-05
1.5882e-05
1.5932e-05
1.5983e-05
1.6034e-05
1.6085e-05
1.6136e-05
1.6188e-05
1.6239e-05
1.629e-05
1.6342e-05
1.6393e-05
1.6445e-05
1.6497e-05
1.6549e-05
1.6601e-05
1.6653e-05
1.6705e-05
1.6757e-05
1.6809e-05
1.6862e-05
1.6914e-05
1.6967e-05
1.702e-05
1.7073e-05
1.7126e-05
1.7179e-05
1.7232e-05
1.7285e-05
1.7338e-05
1.7391e-05
1.7445e-05
1.7498e-05
1.7552e-05
1.7606e-05
1.766e-05
1.7714e-05
1.7768e-05
1.7822e-05
1.7876e-05
1.793e-05
1.7984e-05
1.8039e-05
1.8093e-05
1.8148e-05
1.8203e-05
1.8258e-05
1.8313e-05
1.8368e-05
1.8423e-05
1.8478e-05
1.8533e-05
1.8588e-05
1.8644e-05
1.8699e-05
1.8755e-05
1.8811e-05
1.8866e-05
1.8922e-05
1.8978e-05
1.9034e-05
1.909e-05
1.9147e-05
1.9203e-05
1.9259e-05
1.9316e-05
1.9372e-05
1.9429e-05
1.9486e-05
1.9543e-05
1.9599e-05
1.9656e-05
1.9714e-05
1.9771e-05
1.9828e-05
1.9885e-05
1.9943e-05
2e-05
2.0058e-05
2.0115e-05
2.0173e-05
2.0231e-05
2.0289e-05
2.0347e-05
2.0405e-05
2.0463e-05
2.0521e-05
2.0579e-05
2.0638e-05
2.0696e-05
2.0755e-05
2.0813e-05
2.0872e-05
2.0931e-05
2.099e-05
2.1049e-05
2.1108e-05
2.1167e-05
2.1226e-05
2.1285e-05
2.1344e-05
2.1404e-05
2.1463e-05
2.1523e-05
2.1582e-05
2.1642e-05
2.1702e-05
2.1762e-05
2.1822e-05
2.1882e-05
2.1942e-05
2.2002e-05
2.2062e-05
2.2122e-05
2.2183e-05
2.2243e-05
2.2304e-05
2.2364e-05
2.2425e-05
2.2486e-05
2.2546e-05
2.2607e-05
2.2668e-05
2.2729e-05
2.279e-05
2.2851e-05
2.2912e-05
2.2974e-05
2.3035e-05
2.3097e-05
2.3158e-05
2.322e-05
2.3281e-05
2.3343e-05
2.3405e-05
2.3466e-05
2.3528e-05
2.359e-05
2.3652e-05
2.3714e-05
2.3776e-05
2.3839e-05
2.3901e-05
2.3963e-05
2.4026e-05
2.4088e-05
2.4151e-05
2.4213e-05
2.4276e-05
2.4338e-05
2.4401e-05
2.4464e-05
2.4527e-05
2.459e-05
2.4653e-05
2.4716e-05
2.4779e-05
2.4842e-05
2.4905e-05
2.4969e-05
2.5032e-05
2.5095e-05
2.5159e-05
2.5222e-05
2.5286e-05
2.535e-05
2.5413e-05
2.5477e-05
2.5541e-05
2.5605e-05
2.5669e-05
2.5732e-05
2.5796e-05
2.5861e-05
2.5925e-05
2.5989e-05
2.6053e-05
2.6117e-05
2.6182e-05
2.6246e-05
2.631e-05
2.6375e-05
2.6439e-05
2.6504e-05
2.6568e-05
2.6633e-05
2.6698e-05
2.6762e-05
2.6827e-05
2.6892e-05
2.6957e-05
2.7022e-05
2.7087e-05
2.7152e-05
2.7217e-05
2.7282e-05
2.7347e-05
2.7412e-05
2.7477e-05
2.7543e-05
2.7608e-05
2.7673e-05
2.7739e-05
2.7804e-05
2.7869e-05
2.7935e-05
2.8e-05
2.8066e-05
2.8132e-05
2.8197e-05
2.8263e-05
2.8329e-05
2.8394e-05
2.846e-05
2.8526e-05
2.8592e-05
2.8658e-05
2.8724e-05
2.8789e-05
2.8855e-05
2.8921e-05
2.8987e-05
2.9054e-05
2.912e-05
2.9186e-05
2.9252e-05
2.9318e-05
2.9384e-05
2.9451e-05
2.9517e-05
2.9583e-05
2.9649e-05
2.9716e-05
2.9782e-05
2.9848e-05
2.9915e-05
2.9981e-05
3.0048e-05
3.0114e-05
3.0181e-05
3.0247e-05
3.0314e-05
3.038e-05
3.0447e-05
3.0514e-05
3.058e-05
3.0647e-05
3.0713e-05
3.078e-05
3.0847e-05
3.0914e-05
3.098e-05
3.1047e-05
3.1114e-05
3.1181e-05
3.1247e-05
3.1314e-05
3.1381e-05
3.1448e-05
3.1515e-05
3.1581e-05
3.1648e-05
3.1715e-05
3.1782e-05
3.1849e-05
3.1916e-05
3.1983e-05
3.205e-05
3.2116e-05
3.2183e-05
3.225e-05
3.2317e-05
3.2384e-05
3.2451e-05
3.2518e-05
3.2585e-05
3.2652e-05
3.2719e-05
3.2786e-05
3.2853e-05
3.292e-05
3.2987e-05
3.3054e-05
3.3121e-05
3.3187e-05
3.3254e-05
3.3321e-05
3.3388e-05
3.3455e-05
3.3522e-05
3.3589e-05
3.3656e-05
3.3723e-05
3.379e-05
3.3857e-05
3.3924e-05
3.399e-05
3.4057e-05
3.4124e-05
3.4191e-05
3.4258e-05
3.4325e-05
3.4391e-05
3.4458e-05
3.4525e-05
3.4592e-05
3.4658e-05
3.4725e-05
3.4792e-05
3.4859e-05
3.4925e-05
3.4992e-05
3.5059e-05
3.5125e-05
3.5192e-05
3.5258e-05
3.5325e-05
3.5392e-05
3.5458e-05
3.5525e-05
3.5591e-05
3.5658e-05
3.5724e-05
3.579e-05
3.5857e-05
3.5923e-05
3.5989e-05
3.6056e-05
3.6122e-05
3.6188e-05
3.6255e-05
3.6321e-05
3.6387e-05
3.6453e-05
3.6519e-05
3.6585e-05
3.6651e-05
3.6717e-05
3.6783e-05
3.6849e-05
3.6915e-05
3.6981e-05
3.7047e-05
3.7112e-05
3.7178e-05
3.7244e-05
3.731e-05
3.7375e-05
3.7441e-05
3.7506e-05
3.7572e-05
3.7637e-05
3.7703e-05
3.7768e-05
3.7834e-05
3.7899e-05
3.7964e-05
3.8029e-05
3.8094e-05
3.816e-05
3.8225e-05
3.829e-05
3.8355e-05
3.842e-05
3.8484e-05
3.8549e-05
3.8614e-05
3.8679e-05
3.8743e-05
3.8808e-05
3.8873e-05
3.8937e-05
3.9002e-05
3.9066e-05
3.913e-05
3.9195e-05
3.9259e-05
3.9323e-05
3.9387e-05
3.9451e-05
3.9515e-05
3.9579e-05
3.9643e-05
3.9707e-05
3.977e-05
3.9834e-05
3.9898e-05
3.9961e-05
4.0025e-05
4.0088e-05
4.0152e-05
4.0215e-05
4.0278e-05
4.0341e-05
4.0404e-05
4.0467e-05
4.053e-05
4.0593e-05
4.0656e-05
4.0719e-05
4.0781e-05
4.0844e-05
4.0906e-05
4.0969e-05
4.1031e-05
4.1094e-05
4.1156e-05
4.1218e-05
4.128e-05
4.1342e-05
4.1404e-05
4.1466e-05
4.1527e-05
4.1589e-05
4.1651e-05
4.1712e-05
4.1774e-05
4.1835e-05
4.1896e-05
4.1957e-05
4.2018e-05
4.2079e-05
4.214e-05
4.2201e-05
4.2262e-05
4.2322e-05
4.2383e-05
4.2443e-05
4.2504e-05
4.2564e-05
4.2624e-05
4.2684e-05
4.2744e-05
4.2804e-05
4.2864e-05
4.2924e-05
4.2984e-05
4.3043e-05
4.3103e-05
4.3162e-05
4.3221e-05
4.328e-05
4.3339e-05
4.3398e-05
4.3457e-05
4.3516e-05
4.3574e-05
4.3633e-05
4.3691e-05
4.375e-05
4.3808e-05
4.3866e-05
4.3924e-05
4.3982e-05
4.404e-05
4.4098e-05
4.4155e-05
4.4213e-05
4.427e-05
4.4327e-05
4.4385e-05
4.4442e-05
4.4499e-05
4.4555e-05
4.4612e-05
4.4669e-05
4.4725e-05
4.4782e-05
4.4838e-05
4.4894e-05
4.495e-05
4.5006e-05
4.5062e-05
4.5117e-05
4.5173e-05
4.5228e-05
4.5284e-05
4.5339e-05
4.5394e-05
4.5449e-05
4.5504e-05
4.5558e-05
4.5613e-05
4.5667e-05
4.5722e-05
4.5776e-05
4.583e-05
4.5884e-05
4.5938e-05
4.5992e-05
4.6045e-05
4.6099e-05
4.6152e-05
4.6205e-05
4.6258e-05
4.6311e-05
4.6364e-05
4.6416e-05
4.6469e-05
4.6521e-05
4.6574e-05
4.6626e-05
4.6678e-05
4.673e-05
4.6781e-05
4.6833e-05
4.6884e-05
4.6936e-05
4.6987e-05
4.7038e-05
4.7089e-05
4.7139e-05
4.719e-05
4.7241e-05
4.7291e-05
4.7341e-05
4.7391e-05
4.7441e-05
4.7491e-05
4.754e-05
4.759e-05
4.7639e-05
4.7688e-05
4.7737e-05
4.7786e-05
4.7835e-05
4.7883e-05
4.7932e-05
4.798e-05
4.8028e-05
4.8076e-05
4.8124e-05
4.8172e-05
4.8219e-05
4.8266e-05
4.8314e-05
4.8361e-05
4.8408e-05
4.8454e-05
4.8501e-05
4.8547e-05
4.8594e-05
4.864e-05
4.8686e-05
4.8731e-05
4.8777e-05
4.8823e-05
4.8868e-05
4.8913e-05
4.8958e-05
4.9003e-05
4.9047e-05
4.9092e-05
4.9136e-05
4.918e-05
4.9224e-05
4.9268e-05
4.9312e-05
4.9356e-05
4.9399e-05
4.9442e-05
4.9485e-05
4.9528e-05
4.9571e-05
4.9613e-05
4.9655e-05
4.9698e-05
4.974e-05
4.9781e-05
4.9823e-05
4.9865e-05
4.9906e-05
4.9947e-05
4.9988e-05
5.0029e-05
5.0069e-05
5.011e-05
5.015e-05
5.019e-05
5.023e-05
5.027e-05
5.0309e-05
5.0349e-05
5.0388e-05
5.0427e-05
5.0466e-05
5.0504e-05
5.0543e-05
5.0581e-05
5.0619e-05
5.0657e-05
5.0695e-05
5.0733e-05
5.077e-05
5.0807e-05
5.0844e-05
5.0881e-05
5.0918e-05
5.0954e-05
5.099e-05
5.1026e-05
5.1062e-05
5.1098e-05
5.1134e-05
5.1169e-05
5.1204e-05
5.1239e-05
5.1274e-05
5.1309e-05
5.1343e-05
5.1377e-05
5.1411e-05
5.1445e-05
5.1479e-05
5.1512e-05
5.1545e-05
5.1578e-05
5.1611e-05
5.1644e-05
5.1676e-05
5.1709e-05
5.1741e-05
5.1773e-05
5.1804e-05
5.1836e-05
5.1867e-05
5.1898e-05
5.1929e-05
5.196e-05
5.1991e-05
5.2021e-05
5.2051e-05
5.2081e-05
5.2111e-05
5.214e-05
5.217e-05
5.2199e-05
5.2228e-05
5.2256e-05
5.2285e-05
5.2313e-05
5.2341e-05
5.2369e-05
5.2397e-05
5.2424e-05
5.2452e-05
5.2479e-05
5.2506e-05
5.2533e-05
5.2559e-05
5.2585e-05
5.2611e-05
5.2637e-05
5.2663e-05
5.2688e-05
5.2714e-05
5.2739e-05
5.2764e-05
5.2788e-05
5.2813e-05
5.2837e-05
5.2861e-05
5.2885e-05
5.2908e-05
5.2932e-05
5.2955e-05
5.2978e-05
5.3001e-05
5.3023e-05
5.3046e-05
5.3068e-05
5.309e-05
5.3111e-05
5.3133e-05
5.3154e-05
5.3175e-05
5.3196e-05
5.3217e-05
5.3237e-05
5.3257e-05
5.3277e-05
5.3297e-05
5.3317e-05
5.3336e-05
5.3355e-05
5.3374e-05
5.3393e-05
5.3411e-05
5.343e-05
5.3448e-05
5.3466e-05
5.3483e-05
5.3501e-05
5.3518e-05
5.3535e-05
5.3552e-05
5.3568e-05
5.3585e-05
5.3601e-05
5.3617e-05
5.3632e-05
5.3648e-05
5.3663e-05
5.3678e-05
5.3693e-05
5.3708e-05
5.3722e-05
5.3736e-05
5.375e-05
5.3764e-05
5.3777e-05
5.3791e-05
5.3804e-05
5.3817e-05
5.3829e-05
5.3842e-05
5.3854e-05
5.3866e-05
5.3877e-05
5.3889e-05
5.39e-05
5.3911e-05
5.3922e-05
5.3933e-05
5.3943e-05
5.3953e-05
5.3963e-05
5.3973e-05
5.3983e-05
5.3992e-05
5.4001e-05
5.401e-05
5.4019e-05
5.4027e-05
5.4035e-05
5.4043e-05
5.4051e-05
5.4058e-05
5.4066e-05
5.4073e-05
5.408e-05
5.4086e-05
5.4093e-05
5.4099e-05
5.4105e-05
5.4111e-05
5.4116e-05
5.4121e-05
5.4126e-05
5.4131e-05
5.4136e-05
5.414e-05
5.4144e-05
5.4148e-05
5.4152e-05
5.4156e-05
5.4159e-05
5.4162e-05
5.4165e-05
5.4167e-05
5.417e-05
5.4172e-05
5.4174e-05
5.4175e-05
5.4177e-05
5.4178e-05
5.4179e-05
5.418e-05
5.418e-05
5.4181e-05
5.4181e-05
5.4181e-05
5.418e-05
5.418e-05
5.4179e-05
5.4178e-05
5.4177e-05
5.4175e-05
5.4174e-05
5.4172e-05
5.417e-05
5.4167e-05
5.4165e-05
5.4162e-05
5.4159e-05
5.4156e-05
5.4152e-05
5.4148e-05
5.4145e-05
5.414e-05
5.4136e-05
5.4131e-05
5.4127e-05
5.4122e-05
5.4116e-05
5.4111e-05
5.4105e-05
5.4099e-05
5.4093e-05
5.4087e-05
5.408e-05
5.4073e-05
5.4066e-05
5.4059e-05
5.4051e-05
5.4043e-05
5.4036e-05
5.4027e-05
5.4019e-05
5.401e-05
5.4001e-05
5.3992e-05
5.3983e-05
5.3974e-05
5.3964e-05
5.3954e-05
5.3944e-05
5.3933e-05
5.3923e-05
5.3912e-05
5.3901e-05
5.3889e-05
5.3878e-05
5.3866e-05
5.3854e-05
5.3842e-05
5.383e-05
5.3817e-05
5.3804e-05
5.3791e-05
5.3778e-05
5.3764e-05
5.3751e-05
5.3737e-05
5.3723e-05
5.3708e-05
5.3694e-05
5.3679e-05
5.3664e-05
5.3649e-05
5.3633e-05
5.3617e-05
5.3602e-05
5.3585e-05
5.3569e-05
5.3552e-05
5.3536e-05
5.3519e-05
5.3502e-05
5.3484e-05
5.3466e-05
5.3449e-05
5.3431e-05
5.3412e-05
5.3394e-05
5.3375e-05
5.3356e-05
5.3337e-05
5.3318e-05
5.3298e-05
5.3278e-05
5.3258e-05
5.3238e-05
5.3218e-05
5.3197e-05
5.3176e-05
5.3155e-05
5.3134e-05
5.3112e-05
5.3091e-05
5.3069e-05
5.3047e-05
5.3024e-05
5.3002e-05
5.2979e-05
5.2956e-05
5.2933e-05
5.2909e-05
5.2886e-05
5.2862e-05
5.2838e-05
5.2814e-05
5.2789e-05
5.2765e-05
5.274e-05
5.2715e-05
5.269e-05
5.2664e-05
5.2638e-05
5.2612e-05
5.2586e-05
5.256e-05
5.2534e-05
5.2507e-05
5.248e-05
5.2453e-05
5.2426e-05
5.2398e-05
5.237e-05
5.2342e-05
5.2314e-05
5.2286e-05
5.2258e-05
5.2229e-05
5.22e-05
5.2171e-05
5.2141e-05
5.2112e-05
5.2082e-05
5.2052e-05
5.2022e-05
5.1992e-05
5.1961e-05
5.1931e-05
5.19e-05
5.1869e-05
5.1837e-05
5.1806e-05
5.1774e-05
5.1742e-05
5.171e-05
5.1678e-05
5.1645e-05
5.1613e-05
5.158e-05
5.1547e-05
5.1513e-05
5.148e-05
5.1446e-05
5.1413e-05
5.1379e-05
5.1344e-05
5.131e-05
5.1275e-05
5.1241e-05
5.1206e-05
5.117e-05
5.1135e-05
5.11e-05
5.1064e-05
5.1028e-05
5.0992e-05
5.0956e-05
5.0919e-05
5.0883e-05
5.0846e-05
5.0809e-05
5.0771e-05
5.0734e-05
5.0697e-05
5.0659e-05
5.0621e-05
5.0583e-05
5.0544e-05
5.0506e-05
5.0467e-05
5.0428e-05
5.0389e-05
5.035e-05
5.0311e-05
5.0271e-05
5.0232e-05
5.0192e-05
5.0152e-05
5.0111e-05
5.0071e-05
5.003e-05
4.999e-05
4.9949e-05
4.9908e-05
4.9866e-05
4.9825e-05
4.9783e-05
4.9741e-05
4.9699e-05
4.9657e-05
4.9615e-05
4.9572e-05
4.953e-05
4.9487e-05
4.9444e-05
4.9401e-05
4.9357e-05
4.9314e-05
4.927e-05
4.9226e-05
4.9182e-05
4.9138e-05
4.9094e-05
4.9049e-05
4.9005e-05
4.896e-05
4.8915e-05
4.887e-05
4.8824e-05
4.8779e-05
4.8733e-05
4.8688e-05
4.8642e-05
4.8596e-05
4.8549e-05
4.8503e-05
4.8456e-05
4.841e-05
4.8363e-05
4.8316e-05
4.8268e-05
4.8221e-05
4.8174e-05
4.8126e-05
4.8078e-05
4.803e-05
4.7982e-05
4.7934e-05
4.7885e-05
4.7837e-05
4.7788e-05
4.7739e-05
4.769e-05
4.7641e-05
4.7592e-05
4.7542e-05
4.7493e-05
4.7443e-05
4.7393e-05
4.7343e-05
4.7293e-05
4.7243e-05
4.7192e-05
4.7142e-05
4.7091e-05
4.704e-05
4.6989e-05
4.6938e-05
4.6886e-05
4.6835e-05
4.6783e-05
4.6732e-05
4.668e-05
4.6628e-05
4.6576e-05
4.6524e-05
4.6471e-05
4.6419e-05
4.6366e-05
4.6313e-05
4.626e-05
4.6207e-05
4.6154e-05
4.6101e-05
4.6047e-05
4.5994e-05
4.594e-05
4.5886e-05
4.5832e-05
4.5778e-05
4.5724e-05
4.567e-05
4.5615e-05
4.5561e-05
4.5506e-05
4.5451e-05
4.5396e-05
4.5341e-05
4.5286e-05
4.5231e-05
4.5175e-05
4.512e-05
4.5064e-05
4.5008e-05
4.4952e-05
4.4896e-05
4.484e-05
4.4784e-05
4.4727e-05
4.4671e-05
4.4614e-05
4.4558e-05
4.4501e-05
4.4444e-05
4.4387e-05
4.433e-05
4.4272e-05
4.4215e-05
4.4158e-05
4.41e-05
4.4042e-05
4.3985e-05
4.3927e-05
4.3869e-05
4.381e-05
4.3752e-05
4.3694e-05
4.3635e-05
4.3577e-05
4.3518e-05
4.346e-05
4.3401e-05
4.3342e-05
4.3283e-05
4.3224e-05
4.3164e-05
4.3105e-05
4.3046e-05
4.2986e-05
4.2926e-05
4.2867e-05
4.2807e-05
4.2747e-05
4.2687e-05
4.2627e-05
4.2567e-05
4.2506e-05
4.2446e-05
4.2386e-05
4.2325e-05
4.2264e-05
4.2204e-05
4.2143e-05
4.2082e-05
4.2021e-05
4.196e-05
4.1899e-05
4.1837e-05
4.1776e-05
4.1715e-05
4.1653e-05
4.1592e-05
4.153e-05
4.1468e-05
4.1406e-05
4.1345e-05
4.1283e-05
4.122e-05
4.1158e-05
4.1096e-05
4.1034e-05
4.0971e-05
4.0909e-05
4.0847e-05
4.0784e-05
4.0721e-05
4.0659e-05
4.0596e-05
4.0533e-05
4.047e-05
4.0407e-05
4.0344e-05
4.0281e-05
4.0217e-05
4.0154e-05
4.0091e-05
4.0027e-05
3.9964e-05
3.99e-05
3.9837e-05
3.9773e-05
3.9709e-05
3.9646e-05
3.9582e-05
3.9518e-05
3.9454e-05
3.939e-05
3.9326e-05
3.9261e-05
3.9197e-05
3.9133e-05
3.9069e-05
3.9004e-05
3.894e-05
3.8875e-05
3.8811e-05
3.8746e-05
3.8681e-05
3.8617e-05
3.8552e-05
3.8487e-05
3.8422e-05
3.8357e-05
3.8292e-05
3.8227e-05
3.8162e-05
3.8097e-05
3.8032e-05
3.7967e-05
3.7902e-05
3.7836e-05
3.7771e-05
3.7706e-05
3.764e-05
3.7575e-05
3.7509e-05
3.7444e-05
3.7378e-05
3.7312e-05
3.7247e-05
3.7181e-05
3.7115e-05
3.7049e-05
3.6984e-05
3.6918e-05
3.6852e-05
3.6786e-05
3.672e-05
3.6654e-05
3.6588e-05
3.6522e-05
3.6456e-05
3.639e-05
3.6323e-05
3.6257e-05
3.6191e-05
3.6125e-05
3.6059e-05
3.5992e-05
3.5926e-05
3.586e-05
3.5793e-05
3.5727e-05
3.566e-05
3.5594e-05
3.5527e-05
3.5461e-05
3.5394e-05
3.5328e-05
3.5261e-05
3.5195e-05
3.5128e-05
3.5061e-05
3.4995e-05
3.4928e-05
3.4861e-05
3.4795e-05
3.4728e-05
3.4661e-05
3.4595e-05
3.4528e-05
3.4461e-05
3.4394e-05
3.4327e-05
3.4261e-05
3.4194e-05
3.4127e-05
3.406e-05
3.3993e-05
3.3926e-05
3.3859e-05
3.3793e-05
3.3726e-05
3.3659e-05
3.3592e-05
3.3525e-05
3.3458e-05
3.3391e-05
3.3324e-05
3.3257e-05
3.319e-05
3.3123e-05
3.3056e-05
3.2989e-05
3.2922e-05
3.2856e-05
3.2789e-05
3.2722e-05
3.2655e-05
3.2588e-05
3.2521e-05
3.2454e-05
3.2387e-05
3.232e-05
3.2253e-05
3.2186e-05
3.2119e-05
3.2052e-05
3.1985e-05
3.1919e-05
3.1852e-05
3.1785e-05
3.1718e-05
3.1651e-05
3.1584e-05
3.1517e-05
3.1451e-05
3.1384e-05
3.1317e-05
3.125e-05
3.1183e-05
3.1117e-05
3.105e-05
3.0983e-05
3.0916e-05
3.085e-05
3.0783e-05
3.0716e-05
3.065e-05
3.0583e-05
3.0516e-05
3.045e-05
3.0383e-05
3.0317e-05
3.025e-05
3.0184e-05
3.0117e-05
3.0051e-05
2.9984e-05
2.9918e-05
2.9851e-05
2.9785e-05
2.9719e-05
2.9652e-05
2.9586e-05
2.952e-05
2.9453e-05
2.9387e-05
2.9321e-05
2.9255e-05
2.9189e-05
2.9122e-05
2.9056e-05
2.899e-05
2.8924e-05
2.8858e-05
2.8792e-05
2.8726e-05
2.866e-05
2.8595e-05
2.8529e-05
2.8463e-05
2.8397e-05
2.8331e-05
2.8266e-05
2.82e-05
2.8134e-05
2.8069e-05
2.8003e-05
2.7938e-05
2.7872e-05
2.7807e-05
2.7741e-05
2.7676e-05
2.7611e-05
2.7545e-05
2.748e-05
2.7415e-05
2.735e-05
2.7285e-05
2.7219e-05
2.7154e-05
2.7089e-05
2.7024e-05
2.696e-05
2.6895e-05
2.683e-05
2.6765e-05
2.67e-05
2.6636e-05
2.6571e-05
2.6506e-05
2.6442e-05
2.6377e-05
2.6313e-05
2.6249e-05
2.6184e-05
2.612e-05
2.6056e-05
2.5991e-05
2.5927e-05
2.5863e-05
2.5799e-05
2.5735e-05
2.5671e-05
2.5607e-05
2.5543e-05
2.548e-05
2.5416e-05
2.5352e-05
2.5289e-05
2.5225e-05
2.5162e-05
2.5098e-05
2.5035e-05
2.4971e-05
2.4908e-05
2.4845e-05
2.4782e-05
2.4719e-05
2.4655e-05
2.4592e-05
2.453e-05
2.4467e-05
2.4404e-05
2.4341e-05
2.4278e-05
2.4216e-05
2.4153e-05
2.4091e-05
2.4028e-05
2.3966e-05
2.3903e-05
2.3841e-05
2.3779e-05
2.3717e-05
2.3655e-05
2.3593e-05
2.3531e-05
2.3469e-05
2.3407e-05
2.3345e-05
2.3284e-05
2.3222e-05
2.3161e-05
2.3099e-05
2.3038e-05
2.2976e-05
2.2915e-05
2.2854e-05
2.2793e-05
2.2732e-05
2.2671e-05
2.261e-05
2.2549e-05
2.2488e-05
2.2427e-05
2.2367e-05
2.2306e-05
2.2246e-05
2.2185e-05
2.2125e-05
2.2065e-05
2.2004e-05
2.1944e-05
2.1884e-05
2.1824e-05
2.1764e-05
2.1704e-05
2.1645e-05
2.1585e-05
2.1525e-05
2.1466e-05
2.1406e-05
2.1347e-05
2.1288e-05
2.1228e-05
2.1169e-05
2.111e-05
2.1051e-05
2.0992e-05
2.0933e-05
2.0875e-05
2.0816e-05
2.0757e-05
2.0699e-05
2.064e-05
2.0582e-05
2.0524e-05
2.0465e-05
2.0407e-05
2.0349e-05
2.0291e-05
2.0233e-05
2.0175e-05
2.0118e-05
2.006e-05
2.0003e-05
1.9945e-05
1.9888e-05
1.983e-05
1.9773e-05
1.9716e-05
1.9659e-05
1.9602e-05
1.9545e-05
1.9488e-05
1.9431e-05
1.9375e-05
1.9318e-05
1.9262e-05
1.9205e-05
1.9149e-05
1.9093e-05
1.9037e-05
1.8981e-05
1.8925e-05
1.8869e-05
1.8813e-05
1.8757e-05
1.8702e-05
1.8646e-05
1.8591e-05
1.8535e-05
1.848e-05
1.8425e-05
1.837e-05
1.8315e-05
1.826e-05
1.8205e-05
1.815e-05
1.8096e-05
1.8041e-05
1.7987e-05
1.7932e-05
1.7878e-05
1.7824e-05
1.777e-05
1.7716e-05
1.7662e-05
1.7608e-05
1.7554e-05
1.7501e-05
1.7447e-05
1.7394e-05
1.734e-05
1.7287e-05
1.7234e-05
1.7181e-05
1.7128e-05
1.7075e-05
1.7022e-05
1.6969e-05
1.6917e-05
1.6864e-05
1.6812e-05
1.6759e-05
1.6707e-05
1.6655e-05
1.6603e-05
1.6551e-05
1.6499e-05
1.6447e-05
1.6396e-05
1.6344e-05
1.6292e-05
1.6241e-05
1.619e-05
1.6139e-05
1.6087e-05
1.6036e-05
1.5985e-05
1.5935e-05
1.5884e-05
1.5833e-05
1.5783e-05
1.5732e-05
1.5682e-05
1.5632e-05
1.5581e-05
1.5531e-05
1.5481e-05
1.5432e-05
1.5382e-05
1.5332e-05
1.5283e-05
1.5233e-05
1.5184e-05
1.5134e-05
1.5085e-05
1.5036e-05
1.4987e-05
1.4938e-05
1.4889e-05
1.4841e-05
1.4792e-05
1.4744e-05
1.4695e-05
1.4647e-05
1.4599e-05
1.4551e-05
1.4502e-05
1.4455e-05
1.4407e-05
1.4359e-05
1.4311e-05
1.4264e-05
1.4216e-05
1.4169e-05
1.4122e-05
1.4075e-05
1.4028e-05
1.3981e-05
1.3934e-05
1.3887e-05
1.3841e-05
1.3794e-05
1.3748e-05
1.3701e-05
1.3655e-05
1.3609e-05
1.3563e-05
1.3517e-05
1.3471e-05
1.3425e-05
1.338e-05
1.3334e-05
1.3289e-05
1.3243e-05
1.3198e-05
1.3153e-05
1.3108e-05
1.3063e-05
1.3018e-05
1.2974e-05
1.2929e-05
1.2884e-05
1.284e-05
1.2796e-05
1.2751e-05
1.2707e-05
1.2663e-05
1.2619e-05
1.2575e-05
1.2532e-05
1.2488e-05
1.2445e-05
1.2401e-05
1.2358e-05
1.2315e-05
1.2271e-05
1.2228e-05
1.2185e-05
1.2143e-05
1.21e-05
1.2057e-05
1.2015e-05
1.1972e-05
1.193e-05
1.1888e-05
1.1846e-05
1.1804e-05
1.1762e-05
1.172e-05
1.1678e-05
1.1636e-05
1.1595e-05
1.1553e-05
1.1512e-05
1.1471e-05
1.143e-05
1.1389e-05
1.1348e-05
1.1307e-05
1.1266e-05
1.1226e-05
1.1185e-05
1.1145e-05
1.1104e-05
1.1064e-05
1.1024e-05
1.0984e-05
1.0944e-05
1.0904e-05
1.0865e-05
1.0825e-05
1.0785e-05
1.0746e-05
1.0707e-05
1.0667e-05
1.0628e-05
1.0589e-05
1.055e-05
1.0511e-05
1.0473e-05
1.0434e-05
1.0396e-05
1.0357e-05
1.0319e-05
1.0281e-05
1.0242e-05
1.0204e-05
1.0166e-05
1.0129e-05
1.0091e-05
1.0053e-05
1.0016e-05
9.9783e-06
9.9409e-06
9.9037e-06
9.8665e-06
9.8295e-06
9.7925e-06
9.7557e-06
9.7189e-06
9.6823e-06
9.6457e-06
9.6093e-06
9.5729e-06
9.5367e-06
9.5005e-06
9.4644e-06
9.4285e-06
9.3926e-06
9.3568e-06
9.3211e-06
9.2856e-06
9.2501e-06
9.2147e-06
9.1794e-06
9.1442e-06
9.1091e-06
9.0741e-06
9.0392e-06
9.0044e-06
8.9697e-06
8.9351e-06
8.9006e-06
8.8662e-06
8.8319e-06
8.7977e-06
8.7635e-06
8.7295e-06
8.6956e-06
8.6617e-06
8.628e-06
8.5943e-06
8.5608e-06
8.5273e-06
8.494e-06
8.4607e-06
8.4276e-06
8.3945e-06
8.3615e-06
8.3286e-06
8.2958e-06
8.2631e-06
8.2305e-06
8.198e-06
8.1656e-06
8.1333e-06
8.1011e-06
8.069e-06
8.0369e-06
8.005e-06
7.9732e-06
7.9414e-06
7.9097e-06
7.8782e-06
7.8467e-06
7.8153e-06
7.784e-06
7.7529e-06
7.7218e-06
7.6908e-06
7.6598e-06
7.629e-06
7.5983e-06
7.5677e-06
7.5371e-06
7.5067e-06
7.4763e-06
7.446e-06
7.4159e-06
7.3858e-06
7.3558e-06
7.3259e-06
7.2961e-06
7.2664e-06
7.2367e-06
7.2072e-06
7.1777e-06
7.1484e-06
7.1191e-06
7.09e-06
7.0609e-06
7.0319e-06
7.003e-06
6.9742e-06
6.9454e-06
6.9168e-06
6.8883e-06
6.8598e-06
6.8314e-06
6.8032e-06
6.775e-06
6.7469e-06
6.7189e-06
6.6909e-06
6.6631e-06
6.6354e-06
6.6077e-06
6.5801e-06
6.5526e-06
6.5253e-06
6.4979e-06
6.4707e-06
6.4436e-06
6.4166e-06
6.3896e-06
6.3627e-06
6.3359e-06
6.3092e-06
6.2826e-06
6.2561e-06
6.2297e-06
6.2033e-06
6.177e-06
6.1509e-06
6.1248e-06
6.0988e-06
6.0728e-06
6.047e-06
6.0212e-06
5.9956e-06
5.97e-06
5.9445e-06
5.9191e-06
5.8937e-06
5.8685e-06
5.8433e-06
5.8182e-06
5.7932e-06
5.7683e-06
5.7435e-06
5.7187e-06
5.6941e-06
5.6695e-06
5.645e-06
5.6206e-06
5.5963e-06
5.572e-06
5.5478e-06
5.5237e-06
5.4997e-06
5.4758e-06
5.452e-06
5.4282e-06
5.4045e-06
5.3809e-06
5.3574e-06
5.334e-06
5.3106e-06
5.2873e-06
5.2641e-06
5.241e-06
5.218e-06
5.195e-06
5.1722e-06
5.1494e-06
5.1266e-06
5.104e-06
5.0814e-06
5.059e-06
5.0366e-06
5.0142e-06
4.992e-06
4.9698e-06
4.9477e-06
4.9257e-06
4.9038e-06
4.8819e-06
4.8601e-06
4.8384e-06
4.8168e-06
4.7952e-06
4.7738e-06
4.7524e-06
4.7311e-06
4.7098e-06
4.6886e-06
4.6675e-06
4.6465e-06
4.6256e-06
4.6047e-06
4.5839e-06
4.5632e-06
4.5426e-06
4.522e-06
4.5015e-06
4.4811e-06
4.4607e-06
4.4405e-06
4.4203e-06
4.4002e-06
4.3801e-06
4.3601e-06
4.3402e-06
4.3204e-06
4.3006e-06
4.281e-06
4.2613e-06
4.2418e-06
4.2223e-06
4.2029e-06
4.1836e-06
4.1644e-06
4.1452e-06
4.1261e-06
4.107e-06
4.0881e-06
4.0692e-06
4.0503e-06
4.0316e-06
4.0129e-06
3.9943e-06
3.9757e-06
3.9572e-06
3.9388e-06
3.9205e-06
3.9022e-06
3.884e-06
3.8659e-06
3.8478e-06
3.8298e-06
3.8119e-06
3.7941e-06
3.7763e-06
3.7585e-06
3.7409e-06
3.7233e-06
3.7058e-06
3.6883e-06
3.6709e-06
3.6536e-06
3.6364e-06
3.6192e-06
3.6021e-06
3.585e-06
3.568e-06
3.5511e-06
3.5343e-06
3.5175e-06
3.5007e-06
3.4841e-06
3.4675e-06
3.451e-06
3.4345e-06
3.4181e-06
3.4017e-06
3.3855e-06
3.3693e-06
3.3531e-06
3.337e-06
3.321e-06
3.3051e-06
3.2892e-06
3.2733e-06
3.2576e-06
3.2419e-06
3.2262e-06
3.2106e-06
3.1951e-06
3.1797e-06
3.1643e-06
3.1489e-06
3.1337e-06
3.1185e-06
3.1033e-06
3.0882e-06
3.0732e-06
3.0582e-06
3.0433e-06
3.0285e-06
3.0137e-06
2.9989e-06
2.9843e-06
2.9697e-06
2.9551e-06
2.9406e-06
2.9262e-06
2.9118e-06
2.8975e-06
2.8833e-06
2.8691e-06
2.8549e-06
2.8408e-06
2.8268e-06
2.8128e-06
2.7989e-06
2.7851e-06
2.7713e-06
2.7576e-06
2.7439e-06
2.7302e-06
2.7167e-06
2.7032e-06
2.6897e-06
2.6763e-06
2.663e-06
2.6497e-06
2.6364e-06
2.6233e-06
2.6101e-06
2.5971e-06
2.5841e-06
2.5711e-06
2.5582e-06
2.5453e-06
2.5325e-06
2.5198e-06
2.5071e-06
2.4945e-06
2.4819e-06
2.4694e-06
2.4569e-06
2.4445e-06
2.4321e-06
2.4198e-06
2.4075e-06
2.3953e-06
2.3831e-06
2.371e-06
2.359e-06
2.347e-06
2.335e-06
2.3231e-06
2.3113e-06
2.2995e-06
2.2877e-06
2.276e-06
2.2644e-06
2.2528e-06
2.2412e-06
2.2297e-06
2.2183e-06
2.2069e-06
2.1955e-06
2.1842e-06
2.173e-06
2.1618e-06
2.1506e-06
2.1395e-06
2.1284e-06
2.1174e-06
2.1065e-06
2.0956e-06
2.0847e-06
2.0739e-06
2.0631e-06
2.0524e-06
2.0417e-06
2.0311e-06
2.0205e-06
2.01e-06
1.9995e-06
1.989e-06
1.9787e-06
1.9683e-06
1.958e-06
1.9477e-06
1.9375e-06
1.9274e-06
1.9173e-06
1.9072e-06
1.8971e-06
1.8872e-06
1.8772e-06
1.8673e-06
1.8575e-06
1.8477e-06
1.8379e-06
1.8282e-06
1.8185e-06
1.8089e-06
1.7993e-06
1.7898e-06
1.7803e-06
1.7708e-06
1.7614e-06
1.752e-06
1.7427e-06
1.7334e-06
1.7242e-06
1.715e-06
1.7058e-06
1.6967e-06
1.6876e-06
1.6786e-06
1.6696e-06
1.6606e-06
1.6517e-06
1.6428e-06
1.634e-06
1.6252e-06
1.6165e-06
1.6078e-06
1.5991e-06
1.5905e-06
1.5819e-06
1.5733e-06
1.5648e-06
1.5564e-06
1.5479e-06
1.5395e-06
1.5312e-06
1.5229e-06
1.5146e-06
1.5064e-06
1.4982e-06
1.49e-06
1.4819e-06
1.4738e-06
1.4658e-06
1.4578e-06
1.4498e-06
1.4419e-06
1.434e-06
1.4261e-06
1.4183e-06
1.4105e-06
1.4028e-06
1.3951e-06
1.3874e-06
1.3798e-06
1.3722e-06
1.3646e-06
1.3571e-06
1.3496e-06
1.3422e-06
1.3347e-06
1.3274e-06
1.32e-06
1.3127e-06
1.3054e-06
1.2982e-06
1.291e-06
1.2838e-06
1.2767e-06
1.2696e-06
1.2625e-06
1.2554e-06
1.2484e-06
1.2415e-06
1.2345e-06
1.2276e-06
1.2208e-06
1.2139e-06
1.2071e-06
1.2004e-06
1.1936e-06
1.1869e-06
1.1803e-06
1.1736e-06
1.167e-06
1.1605e-06
1.1539e-06
1.1474e-06
1.141e-06
1.1345e-06
1.1281e-06
1.1217e-06
1.1154e-06
1.1091e-06
1.1028e-06
1.0965e-06
1.0903e-06
1.0841e-06
1.0779e-06
1.0718e-06
1.0657e-06
1.0596e-06
1.0536e-06
1.0476e-06
1.0416e-06
1.0357e-06
1.0297e-06
1.0238e-06
1.018e-06
1.0121e-06
1.0063e-06
1.0006e-06
9.9483e-07
9.8911e-07
9.8342e-07
9.7777e-07
9.7214e-07
9.6653e-07
9.6096e-07
9.5542e-07
9.499e-07
9.4441e-07
9.3895e-07
9.3351e-07
9.2811e-07
9.2273e-07
9.1738e-07
9.1205e-07
9.0676e-07
9.0149e-07
8.9624e-07
8.9103e-07
8.8584e-07
8.8068e-07
8.7554e-07
8.7043e-07
8.6535e-07
8.6029e-07
8.5526e-07
8.5025e-07
8.4527e-07
8.4032e-07
8.3539e-07
8.3048e-07
8.2561e-07
8.2075e-07
8.1593e-07
8.1112e-07
8.0635e-07
8.0159e-07
7.9686e-07
7.9216e-07
7.8748e-07
7.8283e-07
7.782e-07
7.7359e-07
7.6901e-07
7.6445e-07
7.5992e-07
7.5541e-07
7.5092e-07
7.4646e-07
7.4202e-07
7.376e-07
7.3321e-07
7.2884e-07
7.2449e-07
7.2017e-07
7.1586e-07
7.1159e-07
7.0733e-07
7.031e-07
6.9889e-07
6.947e-07
6.9053e-07
6.8639e-07
6.8226e-07
6.7816e-07
6.7409e-07
6.7003e-07
6.6599e-07
6.6198e-07
6.5799e-07
6.5402e-07
6.5007e-07
6.4614e-07
6.4223e-07
6.3835e-07
6.3448e-07
6.3064e-07
6.2681e-07
6.2301e-07
6.1923e-07
6.1547e-07
6.1172e-07
6.08e-07
6.043e-07
6.0062e-07
5.9696e-07
5.9331e-07
5.8969e-07
5.8609e-07
5.8251e-07
5.7894e-07
5.754e-07
5.7188e-07
5.6837e-07
5.6489e-07
5.6142e-07
5.5797e-07
5.5454e-07
5.5113e-07
5.4774e-07
5.4437e-07
5.4101e-07
5.3767e-07
5.3436e-07
5.3106e-07
5.2778e-07
5.2451e-07
5.2127e-07
5.1804e-07
5.1483e-07
5.1164e-07
5.0847e-07
5.0531e-07
5.0217e-07
4.9905e-07
4.9594e-07
4.9286e-07
4.8979e-07
4.8674e-07
4.837e-07
4.8068e-07
4.7768e-07
4.7469e-07
4.7173e-07
4.6877e-07
4.6584e-07
4.6292e-07
4.6002e-07
4.5713e-07
4.5426e-07
4.5141e-07
4.4857e-07
4.4575e-07
4.4294e-07
4.4015e-07
4.3738e-07
4.3462e-07
4.3188e-07
4.2915e-07
4.2644e-07
4.2374e-07
4.2106e-07
4.184e-07
4.1574e-07
4.1311e-07
4.1049e-07
4.0788e-07
4.0529e-07
4.0272e-07
4.0015e-07
3.9761e-07
3.9508e-07
3.9256e-07
3.9005e-07
3.8757e-07
3.8509e-07
3.8263e-07
3.8018e-07
3.7775e-07
3.7533e-07
3.7293e-07
3.7054e-07
3.6816e-07
3.658e-07
3.6345e-07
3.6111e-07
3.5879e-07
3.5648e-07
3.5419e-07
3.5191e-07
3.4964e-07
3.4738e-07
3.4514e-07
3.4291e-07
3.4069e-07
3.3849e-07
3.363e-07
3.3412e-07
3.3196e-07
3.298e-07
3.2766e-07
3.2554e-07
3.2342e-07
3.2132e-07
3.1923e-07
3.1715e-07
3.1509e-07
3.1303e-07
3.1099e-07
3.0896e-07
3.0695e-07
3.0494e-07
3.0295e-07
3.0096e-07
2.9899e-07
2.9704e-07
2.9509e-07
2.9315e-07
2.9123e-07
2.8932e-07
2.8742e-07
2.8553e-07
2.8365e-07
2.8178e-07
2.7993e-07
2.7808e-07
2.7625e-07
2.7442e-07
2.7261e-07
2.7081e-07
2.6902e-07
2.6724e-07
2.6547e-07
2.6371e-07
2.6196e-07
2.6023e-07
2.585e-07
2.5678e-07
2.5508e-07
2.5338e-07
2.5169e-07
2.5002e-07
2.4835e-07
2.467e-07
2.4505e-07
2.4342e-07
2.4179e-07
2.4018e-07
2.3857e-07
2.3697e-07
2.3539e-07
2.3381e-07
2.3224e-07
2.3069e-07
2.2914e-07
2.276e-07
2.2607e-07
2.2455e-07
2.2304e-07
2.2154e-07
2.2005e-07
2.1856e-07
2.1709e-07
2.1562e-07
2.1417e-07
2.1272e-07
2.1128e-07
2.0985e-07
2.0843e-07
2.0702e-07
2.0562e-07
2.0423e-07
2.0284e-07
2.0146e-07
2.0009e-07
1.9873e-07
1.9738e-07
1.9604e-07
1.947e-07
1.9338e-07
1.9206e-07
1.9075e-07
1.8945e-07
1.8815e-07
1.8687e-07
1.8559e-07
1.8432e-07
1.8306e-07
1.818e-07
1.8056e-07
1.7932e-07
1.7809e-07
1.7686e-07
1.7565e-07
1.7444e-07
1.7324e-07
1.7205e-07
1.7086e-07
1.6969e-07
1.6852e-07
1.6735e-07
1.662e-07
1.6505e-07
1.6391e-07
1.6277e-07
1.6165e-07
1.6053e-07
1.5942e-07
1.5831e-07
1.5721e-07
1.5612e-07
1.5504e-07
1.5396e-07
1.5289e-07
1.5182e-07
1.5077e-07
1.4972e-07
1.4867e-07
1.4764e-07
1.4661e-07
1.4558e-07
1.4457e-07
1.4356e-07
1.4255e-07
1.4155e-07
1.4056e-07
1.3958e-07
1.386e-07
1.3763e-07
1.3666e-07
1.357e-07
1.3475e-07
1.338e-07
1.3286e-07
1.3192e-07
1.3099e-07
1.3007e-07
1.2915e-07
1.2824e-07
1.2733e-07
1.2644e-07
1.2554e-07
1.2465e-07
1.2377e-07
1.2289e-07
1.2202e-07
1.2116e-07
1.203e-07
1.1945e-07
1.186e-07
1.1775e-07
1.1692e-07
1.1608e-07
1.1526e-07
1.1444e-07
1.1362e-07
1.1281e-07
1.1201e-07
1.1121e-07
1.1041e-07
1.0962e-07
1.0884e-07
1.0806e-07
1.0729e-07
1.0652e-07
1.0575e-07
1.05e-07
1.0424e-07
1.0349e-07
1.0275e-07
1.0201e-07
1.0128e-07
1.0055e-07
9.9825e-08
9.9106e-08
9.8391e-08
9.7682e-08
9.6977e-08
9.6276e-08
9.5581e-08
9.4889e-08
9.4203e-08
9.3521e-08
9.2844e-08
9.2171e-08
9.1503e-08
9.0839e-08
9.018e-08
8.9525e-08
8.8874e-08
8.8228e-08
8.7586e-08
8.6948e-08
8.6315e-08
8.5686e-08
8.5061e-08
8.4441e-08
8.3824e-08
8.3212e-08
8.2604e-08
8.2e-08
8.14e-08
8.0804e-08
8.0212e-08
7.9624e-08
7.904e-08
7.846e-08
7.7884e-08
7.7312e-08
7.6744e-08
7.618e-08
7.5619e-08
7.5062e-08
7.4509e-08
7.396e-08
7.3415e-08
7.2873e-08
7.2335e-08
7.1801e-08
7.127e-08
7.0743e-08
7.022e-08
6.97e-08
6.9184e-08
6.8671e-08
6.8162e-08
6.7656e-08
6.7154e-08
6.6655e-08
6.616e-08
6.5668e-08
6.5179e-08
6.4694e-08
6.4212e-08
6.3733e-08
6.3258e-08
6.2786e-08
6.2318e-08
6.1852e-08
6.139e-08
6.0931e-08
6.0475e-08
6.0022e-08
5.9573e-08
5.9126e-08
5.8683e-08
5.8243e-08
5.7806e-08
5.7371e-08
5.694e-08
5.6512e-08
5.6087e-08
5.5665e-08
5.5246e-08
5.483e-08
5.4416e-08
5.4006e-08
5.3598e-08
5.3193e-08
5.2791e-08
5.2392e-08
5.1996e-08
5.1603e-08
5.1212e-08
5.0824e-08
5.0439e-08
5.0056e-08
4.9676e-08
4.9299e-08
4.8925e-08
4.8553e-08
4.8183e-08
4.7817e-08
4.7453e-08
4.7091e-08
4.6732e-08
4.6376e-08
4.6022e-08
4.5671e-08
4.5322e-08
4.4976e-08
4.4632e-08
4.429e-08
4.3951e-08
4.3615e-08
4.3281e-08
4.2949e-08
4.2619e-08
4.2292e-08
4.1967e-08
4.1645e-08
4.1325e-08
4.1007e-08
4.0691e-08
4.0378e-08
4.0067e-08
3.9758e-08
3.9452e-08
3.9147e-08
3.8845e-08
3.8545e-08
3.8247e-08
3.7951e-08
3.7658e-08
3.7366e-08
3.7077e-08
3.6789e-08
3.6504e-08
3.6221e-08
3.594e-08
3.5661e-08
3.5384e-08
3.5109e-08
3.4836e-08
3.4565e-08
3.4295e-08
3.4028e-08
3.3763e-08
3.35e-08
3.3238e-08
3.2979e-08
3.2721e-08
3.2466e-08
3.2212e-08
3.196e-08
3.171e-08
3.1461e-08
3.1215e-08
3.097e-08
3.0727e-08
3.0486e-08
3.0247e-08
3.0009e-08
2.9773e-08
2.9539e-08
2.9306e-08
2.9076e-08
2.8847e-08
2.8619e-08
2.8394e-08
2.817e-08
2.7947e-08
2.7727e-08
2.7508e-08
2.729e-08
2.7074e-08
2.686e-08
2.6647e-08
2.6436e-08
2.6227e-08
2.6019e-08
2.5812e-08
2.5607e-08
2.5404e-08
2.5202e-08
2.5002e-08
2.4803e-08
2.4605e-08
2.441e-08
2.4215e-08
2.4022e-08
2.383e-08
2.364e-08
2.3452e-08
2.3264e-08
2.3078e-08
2.2894e-08
2.2711e-08
2.2529e-08
2.2348e-08
2.2169e-08
2.1992e-08
2.1815e-08
2.164e-08
2.1466e-08
2.1294e-08
2.1123e-08
2.0953e-08
2.0784e-08
2.0617e-08
2.0451e-08
2.0286e-08
2.0123e-08
1.996e-08
1.9799e-08
1.9639e-08
1.9481e-08
1.9323e-08
1.9167e-08
1.9012e-08
1.8858e-08
1.8705e-08
1.8554e-08
1.8403e-08
1.8254e-08
1.8106e-08
1.7959e-08
1.7813e-08
1.7668e-08
1.7525e-08
1.7382e-08
1.724e-08
1.71e-08
1.6961e-08
1.6822e-08
1.6685e-08
1.6549e-08
1.6414e-08
1.628e-08
1.6147e-08
1.6015e-08
1.5884e-08
1.5754e-08
1.5625e-08
1.5497e-08
1.537e-08
1.5244e-08
1.5118e-08
1.4994e-08
1.4871e-08
1.4749e-08
1.4628e-08
1.4507e-08
1.4388e-08
1.4269e-08
1.4152e-08
1.4035e-08
1.392e-08
1.3805e-08
1.3691e-08
1.3578e-08
1.3465e-08
1.3354e-08
1.3244e-08
1.3134e-08
1.3025e-08
1.2917e-08
1.281e-08
1.2704e-08
1.2599e-08
1.2494e-08
1.239e-08
1.2287e-08
1.2185e-08
1.2084e-08
1.1983e-08
1.1884e-08
1.1785e-08
1.1686e-08
1.1589e-08
1.1492e-08
1.1396e-08
1.1301e-08
1.1207e-08
1.1113e-08
1.102e-08
1.0928e-08
1.0836e-08
1.0746e-08
1.0656e-08
1.0566e-08
1.0478e-08
1.039e-08
1.0303e-08
1.0216e-08
1.013e-08
1.0045e-08
9.9606e-09
9.8767e-09
9.7936e-09
9.7111e-09
9.6292e-09
9.548e-09
9.4675e-09
9.3876e-09
9.3083e-09
9.2296e-09
9.1516e-09
9.0742e-09
8.9974e-09
8.9213e-09
8.8457e-09
8.7708e-09
8.6964e-09
8.6226e-09
8.5495e-09
8.4769e-09
8.4049e-09
8.3335e-09
8.2626e-09
8.1923e-09
8.1226e-09
8.0534e-09
7.9848e-09
7.9168e-09
7.8493e-09
7.7823e-09
7.7159e-09
7.65e-09
7.5846e-09
7.5198e-09
7.4555e-09
7.3917e-09
7.3284e-09
7.2657e-09
7.2034e-09
7.1417e-09
7.0804e-09
7.0197e-09
6.9594e-09
6.8996e-09
6.8403e-09
6.7815e-09
6.7232e-09
6.6654e-09
6.608e-09
6.5511e-09
6.4946e-09
6.4386e-09
6.3831e-09
6.328e-09
6.2733e-09
6.2192e-09
6.1654e-09
6.1121e-09
6.0592e-09
6.0068e-09
5.9548e-09
5.9032e-09
5.852e-09
5.8013e-09
5.751e-09
5.701e-09
5.6515e-09
5.6024e-09
5.5537e-09
5.5055e-09
5.4576e-09
5.4101e-09
5.3629e-09
5.3162e-09
5.2699e-09
5.2239e-09
5.1783e-09
5.1331e-09
5.0883e-09
5.0439e-09
4.9998e-09
4.9561e-09
4.9127e-09
4.8697e-09
4.827e-09
4.7847e-09
4.7428e-09
4.7012e-09
4.66e-09
4.6191e-09
4.5785e-09
4.5383e-09
4.4984e-09
4.4588e-09
4.4196e-09
4.3807e-09
4.3421e-09
4.3038e-09
4.2659e-09
4.2283e-09
4.191e-09
4.154e-09
4.1173e-09
4.0809e-09
4.0448e-09
4.0091e-09
3.9736e-09
3.9384e-09
3.9035e-09
3.869e-09
3.8347e-09
3.8007e-09
3.7669e-09
3.7335e-09
3.7003e-09
3.6675e-09
3.6349e-09
3.6025e-09
3.5705e-09
3.5387e-09
3.5072e-09
3.4759e-09
3.445e-09
3.4142e-09
3.3838e-09
3.3536e-09
3.3236e-09
3.2939e-09
3.2645e-09
3.2353e-09
3.2063e-09
3.1776e-09
3.1492e-09
3.121e-09
3.093e-09
3.0653e-09
3.0378e-09
3.0105e-09
2.9835e-09
2.9567e-09
2.9301e-09
2.9037e-09
2.8776e-09
2.8517e-09
2.826e-09
2.8006e-09
2.7753e-09
2.7503e-09
2.7255e-09
2.7009e-09
2.6765e-09
2.6524e-09
2.6284e-09
2.6046e-09
2.5811e-09
2.5577e-09
2.5345e-09
2.5116e-09
2.4888e-09
2.4663e-09
2.4439e-09
2.4217e-09
2.3997e-09
2.3779e-09
2.3563e-09
2.3349e-09
2.3137e-09
2.2926e-09
2.2718e-09
2.2511e-09
2.2306e-09
2.2102e-09
2.1901e-09
2.1701e-09
2.1503e-09
2.1306e-09
2.1112e-09
2.0919e-09
2.0728e-09
2.0538e-09
2.035e-09
2.0164e-09
1.9979e-09
1.9796e-09
1.9614e-09
1.9434e-09
1.9256e-09
1.9079e-09
1.8904e-09
1.873e-09
1.8558e-09
1.8387e-09
1.8218e-09
1.805e-09
1.7884e-09
1.7719e-09
1.7556e-09
1.7394e-09
1.7234e-09
1.7075e-09
1.6917e-09
1.6761e-09
1.6606e-09
1.6452e-09
1.63e-09
1.6149e-09
1.6e-09
1.5851e-09
1.5705e-09
1.5559e-09
1.5415e-09
1.5272e-09
1.513e-09
1.4989e-09
1.485e-09
1.4712e-09
1.4575e-09
1.4439e-09
1.4305e-09
1.4172e-09
1.404e-09
1.3909e-09
1.3779e-09
1.3651e-09
1.3523e-09
1.3397e-09
1.3272e-09
1.3148e-09
1.3025e-09
1.2903e-09
1.2782e-09
1.2663e-09
1.2544e-09
1.2427e-09
1.231e-09
1.2195e-09
1.208e-09
1.1967e-09
1.1854e-09
1.1743e-09
1.1633e-09
1.1523e-09
1.1415e-09
1.1307e-09
1.1201e-09
1.1095e-09
1.0991e-09
1.0887e-09
1.0785e-09
1.0683e-09
1.0582e-09
1.0482e-09
1.0383e-09
1.0285e-09
1.0188e-09
1.0091e-09
9.9957e-10
9.9011e-10
9.8073e-10
9.7143e-10
9.6222e-10
9.531e-10
9.4405e-10
9.3509e-10
9.2621e-10
9.1741e-10
9.0869e-10
9.0004e-10
8.9148e-10
8.83e-10
8.7459e-10
8.6626e-10
8.58e-10
8.4982e-10
8.4171e-10
8.3368e-10
8.2572e-10
8.1784e-10
8.1002e-10
8.0228e-10
7.946e-10
7.87e-10
7.7947e-10
7.7201e-10
7.6461e-10
7.5728e-10
7.5002e-10
7.4283e-10
7.357e-10
7.2864e-10
7.2164e-10
7.147e-10
7.0783e-10
7.0103e-10
6.9428e-10
6.876e-10
6.8098e-10
6.7442e-10
6.6792e-10
6.6148e-10
6.551e-10
6.4878e-10
6.4251e-10
6.3631e-10
6.3016e-10
6.2407e-10
6.1803e-10
6.1205e-10
6.0613e-10
6.0026e-10
5.9445e-10
5.8869e-10
5.8298e-10
5.7732e-10
5.7172e-10
5.6617e-10
5.6067e-10
5.5523e-10
5.4983e-10
5.4448e-10
5.3919e-10
5.3394e-10
5.2874e-10
5.2359e-10
5.1849e-10
5.1344e-10
5.0843e-10
5.0347e-10
4.9855e-10
4.9368e-10
4.8886e-10
4.8408e-10
4.7935e-10
4.7466e-10
4.7002e-10
4.6542e-10
4.6086e-10
4.5634e-10
4.5187e-10
4.4744e-10
4.4305e-10
4.387e-10
4.3439e-10
4.3013e-10
4.259e-10
4.2171e-10
4.1757e-10
4.1346e-10
4.0939e-10
4.0536e-10
4.0136e-10
3.9741e-10
3.9349e-10
3.8961e-10
3.8576e-10
3.8196e-10
3.7818e-10
3.7445e-10
3.7075e-10
3.6708e-10
3.6345e-10
3.5985e-10
3.5629e-10
3.5276e-10
3.4927e-10
3.458e-10
3.4237e-10
3.3898e-10
3.3561e-10
3.3228e-10
3.2898e-10
3.2571e-10
3.2247e-10
3.1927e-10
3.1609e-10
3.1294e-10
3.0983e-10
3.0674e-10
3.0368e-10
3.0066e-10
2.9766e-10
2.9469e-10
2.9174e-10
2.8883e-10
2.8595e-10
2.8309e-10
2.8026e-10
2.7745e-10
2.7468e-10
2.7193e-10
2.692e-10
2.6651e-10
2.6383e-10
2.6119e-10
2.5857e-10
2.5597e-10
2.534e-10
2.5086e-10
2.4834e-10
2.4584e-10
2.4337e-10
2.4092e-10
2.385e-10
2.3609e-10
2.3372e-10
2.3136e-10
2.2903e-10
2.2672e-10
2.2443e-10
2.2217e-10
2.1992e-10
2.177e-10
2.155e-10
2.1332e-10
2.1116e-10
2.0903e-10
2.0691e-10
2.0482e-10
2.0274e-10
2.0069e-10
1.9865e-10
1.9664e-10
1.9464e-10
1.9267e-10
1.9071e-10
1.8877e-10
1.8685e-10
1.8495e-10
1.8307e-10
1.8121e-10
1.7937e-10
1.7754e-10
1.7573e-10
1.7394e-10
1.7217e-10
1.7041e-10
1.6867e-10
1.6695e-10
1.6524e-10
1.6356e-10
1.6188e-10
1.6023e-10
1.5859e-10
1.5697e-10
1.5536e-10
1.5377e-10
1.5219e-10
1.5063e-10
1.4909e-10
1.4756e-10
1.4604e-10
1.4455e-10
1.4306e-10
1.4159e-10
1.4014e-10
1.3869e-10
1.3727e-10
1.3586e-10
1.3446e-10
1.3307e-10
1.317e-10
1.3034e-10
1.29e-10
1.2767e-10
1.2635e-10
1.2505e-10
1.2376e-10
1.2248e-10
1.2121e-10
1.1996e-10
1.1872e-10
1.1749e-10
1.1627e-10
1.1507e-10
1.1388e-10
1.127e-10
1.1153e-10
1.1037e-10
1.0922e-10
1.0809e-10
1.0697e-10
1.0586e-10
1.0476e-10
1.0367e-10
1.0259e-10
1.0152e-10
1.0046e-10
9.9419e-11
9.8383e-11
9.7358e-11
9.6343e-11
9.5338e-11
9.4343e-11
9.3358e-11
9.2383e-11
9.1418e-11
9.0463e-11
8.9517e-11
8.8581e-11
8.7654e-11
8.6736e-11
8.5828e-11
8.4929e-11
8.4039e-11
8.3158e-11
8.2286e-11
8.1422e-11
8.0568e-11
7.9722e-11
7.8884e-11
7.8055e-11
7.7235e-11
7.6423e-11
7.5619e-11
7.4823e-11
7.4035e-11
7.3255e-11
7.2483e-11
7.1719e-11
7.0963e-11
7.0214e-11
6.9473e-11
6.874e-11
6.8014e-11
6.7295e-11
6.6584e-11
6.588e-11
6.5183e-11
6.4493e-11
6.381e-11
6.3134e-11
6.2466e-11
6.1803e-11
6.1148e-11
6.05e-11
5.9858e-11
5.9222e-11
5.8593e-11
5.7971e-11
5.7355e-11
5.6745e-11
5.6142e-11
5.5544e-11
5.4953e-11
5.4368e-11
5.3789e-11
5.3216e-11
5.2648e-11
5.2087e-11
5.1531e-11
5.0981e-11
5.0437e-11
4.9898e-11
4.9365e-11
4.8837e-11
4.8315e-11
4.7798e-11
4.7287e-11
4.678e-11
4.6279e-11
4.5784e-11
4.5293e-11
4.4807e-11
4.4327e-11
4.3851e-11
4.338e-11
4.2914e-11
4.2453e-11
4.1997e-11
4.1546e-11
4.1099e-11
4.0657e-11
4.0219e-11
3.9786e-11
3.9358e-11
3.8934e-11
3.8514e-11
3.8099e-11
3.7688e-11
3.7281e-11
3.6878e-11
3.648e-11
3.6086e-11
3.5696e-11
3.531e-11
3.4928e-11
3.455e-11
3.4176e-11
3.3806e-11
3.344e-11
3.3077e-11
3.2719e-11
3.2364e-11
3.2013e-11
3.1665e-11
3.1322e-11
3.0981e-11
3.0645e-11
3.0312e-11
2.9982e-11
2.9656e-11
2.9333e-11
2.9014e-11
2.8698e-11
2.8385e-11
2.8076e-11
2.777e-11
2.7467e-11
2.7167e-11
2.6871e-11
2.6577e-11
2.6287e-11
2.6e-11
2.5716e-11
2.5434e-11
2.5156e-11
2.4881e-11
2.4608e-11
2.4339e-11
2.4072e-11
2.3808e-11
2.3547e-11
2.3289e-11
2.3034e-11
2.2781e-11
2.2531e-11
2.2283e-11
2.2038e-11
2.1796e-11
2.1556e-11
2.1319e-11
2.1085e-11
2.0852e-11
2.0623e-11
2.0396e-11
2.0171e-11
1.9948e-11
1.9728e-11
1.9511e-11
1.9295e-11
1.9082e-11
1.8871e-11
1.8663e-11
1.8457e-11
1.8252e-11
1.8051e-11
1.7851e-11
1.7653e-11
1.7458e-11
1.7264e-11
1.7073e-11
1.6884e-11
1.6696e-11
1.6511e-11
1.6328e-11
1.6147e-11
1.5967e-11
1.579e-11
1.5614e-11
1.5441e-11
1.5269e-11
1.5099e-11
1.4931e-11
1.4765e-11
1.46e-11
1.4437e-11
1.4276e-11
1.4117e-11
1.396e-11
1.3804e-11
1.365e-11
1.3497e-11
1.3346e-11
1.3197e-11
1.305e-11
1.2904e-11
1.2759e-11
1.2617e-11
1.2475e-11
1.2336e-11
1.2197e-11
1.2061e-11
1.1925e-11
1.1791e-11
1.1659e-11
1.1528e-11
1.1399e-11
1.1271e-11
1.1144e-11
1.1019e-11
1.0895e-11
1.0772e-11
1.0651e-11
1.0531e-11
1.0412e-11
1.0295e-11
1.0179e-11
1.0064e-11
9.9508e-12
9.8385e-12
9.7274e-12
9.6176e-12
9.5089e-12
9.4015e-12
9.2952e-12
9.1901e-12
9.0861e-12
8.9833e-12
8.8816e-12
8.781e-12
8.6815e-12
8.5831e-12
8.4858e-12
8.3896e-12
8.2944e-12
8.2002e-12
8.1071e-12
8.0151e-12
7.924e-12
7.8339e-12
7.7448e-12
7.6567e-12
7.5696e-12
7.4835e-12
7.3982e-12
7.314e-12
7.2306e-12
7.1482e-12
7.0667e-12
6.9861e-12
6.9064e-12
6.8275e-12
6.7496e-12
6.6724e-12
6.5962e-12
6.5208e-12
6.4462e-12
6.3725e-12
6.2995e-12
6.2274e-12
6.1561e-12
6.0856e-12
6.0158e-12
5.9469e-12
5.8787e-12
5.8112e-12
5.7445e-12
5.6786e-12
5.6133e-12
5.5488e-12
5.4851e-12
5.422e-12
5.3596e-12
5.298e-12
5.237e-12
5.1767e-12
5.1171e-12
5.0581e-12
4.9998e-12
4.9422e-12
4.8852e-12
4.8288e-12
4.773e-12
4.7179e-12
4.6634e-12
4.6096e-12
4.5563e-12
4.5036e-12
4.4515e-12
4.4e-12
4.349e-12
4.2987e-12
4.2489e-12
4.1997e-12
4.151e-12
4.1028e-12
4.0552e-12
4.0082e-12
3.9617e-12
3.9157e-12
3.8702e-12
3.8252e-12
3.7807e-12
3.7368e-12
3.6933e-12
3.6503e-12
3.6078e-12
3.5658e-12
3.5243e-12
3.4832e-12
3.4426e-12
3.4024e-12
3.3627e-12
3.3235e-12
3.2847e-12
3.2463e-12
3.2084e-12
3.1709e-12
3.1339e-12
3.0972e-12
3.061e-12
3.0252e-12
2.9897e-12
2.9547e-12
2.9201e-12
2.8859e-12
2.8521e-12
2.8186e-12
2.7855e-12
2.7529e-12
2.7205e-12
2.6886e-12
2.657e-12
2.6258e-12
2.5949e-12
2.5644e-12
2.5342e-12
2.5044e-12
2.4749e-12
2.4458e-12
2.417e-12
2.3885e-12
2.3603e-12
2.3325e-12
2.305e-12
2.2778e-12
2.2509e-12
2.2243e-12
2.198e-12
2.172e-12
2.1464e-12
2.121e-12
2.0959e-12
2.0711e-12
2.0466e-12
2.0223e-12
1.9984e-12
1.9747e-12
1.9513e-12
1.9282e-12
1.9053e-12
1.8827e-12
1.8603e-12
1.8382e-12
1.8164e-12
1.7948e-12
1.7735e-12
1.7524e-12
1.7315e-12
1.7109e-12
1.6906e-12
1.6704e-12
1.6505e-12
1.6309e-12
1.6114e-12
1.5922e-12
1.5732e-12
1.5544e-12
1.5359e-12
1.5176e-12
1.4994e-12
1.4815e-12
1.4638e-12
1.4463e-12
1.429e-12
1.4119e-12
1.395e-12
1.3783e-12
1.3618e-12
1.3455e-12
1.3293e-12
1.3134e-12
1.2977e-12
1.2821e-12
1.2667e-12
1.2515e-12
1.2365e-12
1.2216e-12
1.2069e-12
1.1924e-12
1.1781e-12
1.1639e-12
1.1499e-12
1.136e-12
1.1224e-12
1.1088e-12
1.0955e-12
1.0823e-12
1.0692e-12
1.0563e-12
1.0436e-12
1.031e-12
1.0185e-12
1.0062e-12
9.9407e-13
9.8205e-13
9.7018e-13
9.5844e-13
9.4684e-13
9.3538e-13
9.2406e-13
9.1286e-13
9.018e-13
8.9087e-13
8.8007e-13
8.6939e-13
8.5885e-13
8.4842e-13
8.3812e-13
8.2794e-13
8.1788e-13
8.0794e-13
7.9812e-13
7.8841e-13
7.7882e-13
7.6934e-13
7.5998e-13
7.5072e-13
7.4157e-13
7.3254e-13
7.2361e-13
7.1478e-13
7.0606e-13
6.9745e-13
6.8893e-13
6.8052e-13
6.7221e-13
6.6399e-13
6.5588e-13
6.4786e-13
6.3993e-13
6.321e-13
6.2437e-13
6.1672e-13
6.0917e-13
6.017e-13
5.9433e-13
5.8704e-13
5.7984e-13
5.7273e-13
5.657e-13
5.5876e-13
5.5189e-13
5.4511e-13
5.3841e-13
5.318e-13
5.2526e-13
5.1879e-13
5.1241e-13
5.061e-13
4.9987e-13
4.9371e-13
4.8763e-13
4.8162e-13
4.7568e-13
4.6981e-13
4.6402e-13
4.5829e-13
4.5263e-13
4.4704e-13
4.4152e-13
4.3606e-13
4.3067e-13
4.2534e-13
4.2008e-13
4.1488e-13
4.0975e-13
4.0467e-13
3.9966e-13
3.9471e-13
3.8982e-13
3.8498e-13
3.8021e-13
3.7549e-13
3.7083e-13
3.6622e-13
3.6168e-13
3.5718e-13
3.5274e-13
3.4836e-13
3.4403e-13
3.3975e-13
3.3552e-13
3.3134e-13
3.2721e-13
3.2314e-13
3.1911e-13
3.1513e-13
3.112e-13
3.0732e-13
3.0349e-13
2.997e-13
2.9596e-13
2.9226e-13
2.8861e-13
2.85e-13
2.8144e-13
2.7792e-13
2.7444e-13
2.7101e-13
2.6762e-13
2.6426e-13
2.6095e-13
2.5768e-13
2.5445e-13
2.5126e-13
2.4811e-13
2.45e-13
2.4192e-13
2.3889e-13
2.3589e-13
2.3292e-13
2.2999e-13
2.271e-13
2.2425e-13
2.2143e-13
2.1864e-13
2.1589e-13
2.1317e-13
2.1048e-13
2.0783e-13
2.0521e-13
2.0262e-13
2.0007e-13
1.9754e-13
1.9505e-13
1.9259e-13
1.9016e-13
1.8775e-13
1.8538e-13
1.8304e-13
1.8072e-13
1.7844e-13
1.7618e-13
1.7395e-13
1.7175e-13
1.6957e-13
1.6742e-13
1.653e-13
1.632e-13
1.6113e-13
1.5909e-13
1.5707e-13
1.5508e-13
1.5311e-13
1.5116e-13
1.4924e-13
1.4735e-13
1.4547e-13
1.4362e-13
1.4179e-13
1.3999e-13
1.3821e-13
1.3645e-13
1.3471e-13
1.3299e-13
1.313e-13
1.2962e-13
1.2797e-13
1.2634e-13
1.2472e-13
1.2313e-13
1.2156e-13
1.2e-13
1.1847e-13
1.1696e-13
1.1546e-13
1.1398e-13
1.1252e-13
1.1108e-13
1.0966e-13
1.0826e-13
1.0687e-13
1.055e-13
1.0415e-13
1.0281e-13
1.0149e-13
1.0019e-13
9.8904e-14
9.7634e-14
9.6379e-14
9.5141e-14
9.3918e-14
9.271e-14
9.1518e-14
9.034e-14
8.9177e-14
8.8029e-14
8.6895e-14
8.5776e-14
8.467e-14
8.3579e-14
8.2501e-14
8.1437e-14
8.0386e-14
7.9348e-14
7.8324e-14
7.7312e-14
7.6313e-14
7.5327e-14
7.4353e-14
7.3392e-14
7.2442e-14
7.1505e-14
7.0579e-14
6.9665e-14
6.8763e-14
6.7872e-14
6.6992e-14
6.6124e-14
6.5266e-14
6.4419e-14
6.3583e-14
6.2758e-14
6.1943e-14
6.1138e-14
6.0344e-14
5.956e-14
5.8785e-14
5.8021e-14
5.7266e-14
5.652e-14
5.5785e-14
5.5058e-14
5.4341e-14
5.3633e-14
5.2934e-14
5.2243e-14
5.1562e-14
5.0889e-14
5.0225e-14
4.9569e-14
4.8922e-14
4.8283e-14
4.7652e-14
4.7029e-14
4.6414e-14
4.5807e-14
4.5208e-14
4.4616e-14
4.4032e-14
4.3455e-14
4.2886e-14
4.2324e-14
4.1769e-14
4.1222e-14
4.0681e-14
4.0147e-14
3.962e-14
3.91e-14
3.8586e-14
3.808e-14
3.7579e-14
3.7085e-14
3.6597e-14
3.6116e-14
3.5641e-14
3.5172e-14
3.4709e-14
3.4252e-14
3.38e-14
3.3355e-14
3.2915e-14
3.2481e-14
3.2053e-14
3.163e-14
3.1212e-14
3.08e-14
3.0393e-14
2.9992e-14
2.9596e-14
2.9204e-14
2.8818e-14
2.8437e-14
2.8061e-14
2.7689e-14
2.7323e-14
2.6961e-14
2.6604e-14
2.6251e-14
2.5903e-14
2.556e-14
2.5221e-14
2.4886e-14
2.4556e-14
2.423e-14
2.3908e-14
2.359e-14
2.3277e-14
2.2967e-14
2.2662e-14
2.2361e-14
2.2063e-14
2.1769e-14
2.148e-14
2.1194e-14
2.0911e-14
2.0633e-14
2.0358e-14
2.0086e-14
1.9818e-14
1.9554e-14
1.9293e-14
1.9035e-14
1.8781e-14
1.853e-14
1.8283e-14
1.8038e-14
1.7797e-14
1.7559e-14
1.7324e-14
1.7092e-14
1.6863e-14
1.6638e-14
1.6415e-14
1.6195e-14
1.5978e-14
1.5763e-14
1.5552e-14
1.5343e-14
1.5137e-14
1.4934e-14
1.4734e-14
1.4536e-14
1.4341e-14
1.4148e-14
1.3958e-14
1.377e-14
1.3585e-14
1.3402e-14
1.3221e-14
1.3043e-14
1.2868e-14
1.2694e-14
1.2523e-14
1.2354e-14
1.2188e-14
1.2023e-14
1.1861e-14
1.1701e-14
1.1543e-14
1.1387e-14
1.1233e-14
1.1082e-14
1.0932e-14
1.0784e-14
1.0638e-14
1.0494e-14
1.0352e-14
1.0212e-14
1.0074e-14
9.9372e-15
9.8025e-15
9.6696e-15
9.5385e-15
9.4092e-15
9.2815e-15
9.1555e-15
9.0312e-15
8.9086e-15
8.7876e-15
8.6682e-15
8.5504e-15
8.4341e-15
8.3194e-15
8.2062e-15
8.0946e-15
7.9844e-15
7.8757e-15
7.7684e-15
7.6625e-15
7.5581e-15
7.4551e-15
7.3534e-15
7.2531e-15
7.1541e-15
7.0565e-15
6.9601e-15
6.8651e-15
6.7713e-15
6.6788e-15
6.5875e-15
6.4974e-15
6.4085e-15
6.3208e-15
6.2343e-15
6.149e-15
6.0648e-15
5.9817e-15
5.8997e-15
5.8189e-15
5.7391e-15
5.6604e-15
5.5827e-15
5.5061e-15
5.4305e-15
5.356e-15
5.2824e-15
5.2098e-15
5.1382e-15
5.0676e-15
4.9979e-15
4.9292e-15
4.8613e-15
4.7944e-15
4.7284e-15
4.6633e-15
4.5991e-15
4.5357e-15
4.4732e-15
4.4115e-15
4.3506e-15
4.2906e-15
4.2314e-15
4.173e-15
4.1154e-15
4.0585e-15
4.0024e-15
3.9471e-15
3.8926e-15
3.8387e-15
3.7856e-15
3.7332e-15
3.6816e-15
3.6306e-15
3.5803e-15
3.5307e-15
3.4818e-15
3.4335e-15
3.3859e-15
3.3389e-15
3.2926e-15
3.2469e-15
3.2018e-15
3.1574e-15
3.1135e-15
3.0703e-15
3.0276e-15
2.9855e-15
2.944e-15
2.903e-15
2.8626e-15
2.8228e-15
2.7835e-15
2.7447e-15
2.7065e-15
2.6688e-15
2.6316e-15
2.5949e-15
2.5587e-15
2.523e-15
2.4878e-15
2.453e-15
2.4188e-15
2.385e-15
2.3517e-15
2.3188e-15
2.2864e-15
2.2544e-15
2.2229e-15
2.1918e-15
2.1611e-15
2.1308e-15
2.101e-15
2.0716e-15
2.0425e-15
2.0139e-15
1.9857e-15
1.9578e-15
1.9303e-15
1.9032e-15
1.8765e-15
1.8502e-15
1.8242e-15
1.7986e-15
1.7733e-15
1.7484e-15
1.7238e-15
1.6995e-15
1.6756e-15
1.652e-15
1.6288e-15
1.6058e-15
1.5832e-15
1.5609e-15
1.5389e-15
1.5172e-15
1.4958e-15
1.4747e-15
1.4539e-15
1.4334e-15
1.4131e-15
1.3932e-15
1.3735e-15
1.3541e-15
1.3349e-15
1.3161e-15
1.2974e-15
1.2791e-15
1.261e-15
1.2431e-15
1.2255e-15
1.2082e-15
1.191e-15
1.1742e-15
1.1575e-15
1.1411e-15
1.1249e-15
1.109e-15
1.0932e-15
1.0777e-15
1.0624e-15
1.0473e-15
1.0324e-15
1.0177e-15
1.0033e-15
9.89e-16
9.7493e-16
9.6106e-16
9.4738e-16
9.3389e-16
9.2059e-16
9.0747e-16
8.9454e-16
8.8179e-16
8.6922e-16
8.5682e-16
8.446e-16
8.3254e-16
8.2066e-16
8.0894e-16
7.9738e-16
7.8599e-16
7.7476e-16
7.6368e-16
7.5276e-16
7.4199e-16
7.3138e-16
7.2091e-16
7.1059e-16
7.0041e-16
6.9038e-16
6.8049e-16
6.7074e-16
6.6112e-16
6.5164e-16
6.4229e-16
6.3308e-16
6.2399e-16
6.1503e-16
6.062e-16
5.9749e-16
5.889e-16
5.8044e-16
5.7209e-16
5.6387e-16
5.5575e-16
5.4776e-16
5.3987e-16
5.321e-16
5.2444e-16
5.1688e-16
5.0943e-16
5.0209e-16
4.9485e-16
4.8771e-16
4.8068e-16
4.7374e-16
4.669e-16
4.6016e-16
4.5351e-16
4.4696e-16
4.405e-16
4.3414e-16
4.2786e-16
4.2167e-16
4.1557e-16
4.0956e-16
4.0363e-16
3.9778e-16
3.9202e-16
3.8634e-16
3.8074e-16
3.7522e-16
3.6978e-16
3.6442e-16
3.5913e-16
3.5392e-16
3.4878e-16
3.4372e-16
3.3873e-16
3.338e-16
3.2895e-16
3.2417e-16
3.1946e-16
3.1481e-16
3.1023e-16
3.0572e-16
3.0126e-16
2.9688e-16
2.9255e-16
2.8829e-16
2.8409e-16
2.7995e-16
2.7587e-16
2.7184e-16
2.6788e-16
2.6397e-16
2.6011e-16
2.5631e-16
2.5257e-16
2.4888e-16
2.4524e-16
2.4166e-16
2.3812e-16
2.3464e-16
2.3121e-16
2.2782e-16
2.2449e-16
2.212e-16
2.1796e-16
2.1477e-16
2.1162e-16
2.0852e-16
2.0546e-16
2.0245e-16
1.9948e-16
1.9655e-16
1.9366e-16
1.9082e-16
1.8802e-16
1.8525e-16
1.8253e-16
1.7985e-16
1.772e-16
1.746e-16
1.7203e-16
1.695e-16
1.67e-16
1.6454e-16
1.6212e-16
1.5973e-16
1.5738e-16
1.5506e-16
1.5277e-16
1.5052e-16
1.483e-16
1.4611e-16
1.4395e-16
1.4183e-16
1.3973e-16
1.3767e-16
1.3563e-16
1.3363e-16
1.3165e-16
1.297e-16
1.2778e-16
1.2589e-16
1.2403e-16
1.2219e-16
1.2038e-16
1.186e-16
1.1684e-16
1.1511e-16
1.134e-16
1.1172e-16
1.1006e-16
1.0843e-16
1.0682e-16
1.0524e-16
1.0367e-16
1.0213e-16
1.0061e-16
9.9119e-17
9.7645e-17
9.6193e-17
9.4762e-17
9.3352e-17
9.1962e-17
9.0593e-17
8.9244e-17
8.7914e-17
8.6604e-17
8.5314e-17
8.4042e-17
8.2788e-17
8.1553e-17
8.0336e-17
7.9137e-17
7.7956e-17
7.6792e-17
7.5645e-17
7.4514e-17
7.3401e-17
7.2303e-17
7.1222e-17
7.0157e-17
6.9107e-17
6.8073e-17
6.7054e-17
6.6049e-17
6.506e-17
6.4085e-17
6.3125e-17
6.2179e-17
6.1246e-17
6.0328e-17
5.9422e-17
5.8531e-17
5.7652e-17
5.6786e-17
5.5933e-17
5.5093e-17
5.4265e-17
5.345e-17
5.2646e-17
5.1854e-17
5.1074e-17
5.0305e-17
4.9548e-17
4.8802e-17
4.8067e-17
4.7343e-17
4.663e-17
4.5927e-17
4.5234e-17
4.4552e-17
4.388e-17
4.3218e-17
4.2566e-17
4.1923e-17
4.129e-17
4.0666e-17
4.0052e-17
3.9447e-17
3.885e-17
3.8263e-17
3.7684e-17
3.7114e-17
3.6552e-17
3.5999e-17
3.5454e-17
3.4917e-17
3.4388e-17
3.3867e-17
3.3353e-17
3.2847e-17
3.2349e-17
3.1859e-17
3.1375e-17
3.0899e-17
3.043e-17
2.9968e-17
2.9512e-17
2.9064e-17
2.8622e-17
2.8187e-17
2.7758e-17
2.7336e-17
2.692e-17
2.651e-17
2.6107e-17
2.5709e-17
2.5318e-17
2.4932e-17
2.4552e-17
2.4178e-17
2.3809e-17
2.3446e-17
2.3088e-17
2.2736e-17
2.2389e-17
2.2047e-17
2.171e-17
2.1378e-17
2.1052e-17
2.073e-17
2.0413e-17
2.0101e-17
1.9793e-17
1.949e-17
1.9192e-17
1.8898e-17
1.8609e-17
1.8324e-17
1.8043e-17
1.7767e-17
1.7494e-17
1.7226e-17
1.6962e-17
1.6701e-17
1.6445e-17
1.6193e-17
1.5944e-17
1.5699e-17
1.5458e-17
1.522e-17
1.4987e-17
1.4756e-17
1.4529e-17
1.4306e-17
1.4086e-17
1.3869e-17
1.3655e-17
1.3445e-17
1.3238e-17
1.3034e-17
1.2833e-17
1.2635e-17
1.244e-17
1.2248e-17
1.2059e-17
1.1873e-17
1.169e-17
1.151e-17
1.1332e-17
1.1157e-17
1.0984e-17
1.0815e-17
1.0647e-17
1.0483e-17
1.0321e-17
1.0161e-17
1.0004e-17
9.8487e-18
9.6962e-18
9.546e-18
9.3981e-18
9.2525e-18
9.109e-18
8.9678e-18
8.8287e-18
8.6917e-18
8.5568e-18
8.424e-18
8.2932e-18
8.1644e-18
8.0376e-18
7.9127e-18
7.7897e-18
7.6686e-18
7.5494e-18
7.4319e-18
7.3163e-18
7.2024e-18
7.0903e-18
6.9799e-18
6.8712e-18
6.7641e-18
6.6587e-18
6.5549e-18
6.4527e-18
6.3521e-18
6.253e-18
6.1554e-18
6.0594e-18
5.9648e-18
5.8716e-18
5.7799e-18
5.6896e-18
5.6007e-18
5.5131e-18
5.4269e-18
5.342e-18
5.2584e-18
5.1762e-18
5.0951e-18
5.0154e-18
4.9368e-18
4.8595e-18
4.7833e-18
4.7084e-18
4.6345e-18
4.5619e-18
4.4903e-18
4.4199e-18
4.3505e-18
4.2822e-18
4.215e-18
4.1488e-18
4.0836e-18
4.0194e-18
3.9562e-18
3.894e-18
3.8328e-18
3.7725e-18
3.7131e-18
3.6547e-18
3.5972e-18
3.5405e-18
3.4847e-18
3.4298e-18
3.3758e-18
3.3226e-18
3.2702e-18
3.2186e-18
3.1678e-18
3.1179e-18
3.0686e-18
3.0202e-18
2.9725e-18
2.9255e-18
2.8793e-18
2.8338e-18
2.789e-18
2.7449e-18
2.7015e-18
2.6588e-18
2.6167e-18
2.5753e-18
2.5345e-18
2.4944e-18
2.4548e-18
2.4159e-18
2.3777e-18
2.34e-18
2.3029e-18
2.2663e-18
2.2304e-18
2.195e-18
2.1601e-18
2.1258e-18
2.0921e-18
2.0588e-18
2.0261e-18
1.9939e-18
1.9622e-18
1.931e-18
1.9003e-18
1.8701e-18
1.8403e-18
1.811e-18
1.7822e-18
1.7538e-18
1.7259e-18
1.6984e-18
1.6713e-18
1.6446e-18
1.6184e-18
1.5926e-18
1.5672e-18
1.5422e-18
1.5176e-18
1.4933e-18
1.4695e-18
1.446e-18
1.4229e-18
1.4001e-18
1.3778e-18
1.3557e-18
1.334e-18
1.3127e-18
1.2917e-18
1.271e-18
1.2507e-18
1.2306e-18
1.2109e-18
1.1915e-18
1.1724e-18
1.1536e-18
1.1351e-18
1.1169e-18
1.099e-18
1.0813e-18
1.064e-18
1.0469e-18
1.0301e-18
1.0135e-18
9.9725e-19
9.8122e-19
9.6544e-19
9.4991e-19
9.3463e-19
9.196e-19
9.048e-19
8.9023e-19
8.759e-19
8.6179e-19
8.479e-19
8.3424e-19
8.2079e-19
8.0756e-19
7.9454e-19
7.8172e-19
7.6911e-19
7.5669e-19
7.4448e-19
7.3246e-19
7.2063e-19
7.0899e-19
6.9753e-19
6.8625e-19
6.7516e-19
6.6424e-19
6.535e-19
6.4292e-19
6.3252e-19
6.2228e-19
6.122e-19
6.0229e-19
5.9253e-19
5.8293e-19
5.7348e-19
5.6418e-19
5.5503e-19
5.4603e-19
5.3717e-19
5.2845e-19
5.1987e-19
5.1143e-19
5.0313e-19
4.9495e-19
4.8691e-19
4.79e-19
4.7121e-19
4.6355e-19
4.5601e-19
4.4859e-19
4.4129e-19
4.341e-19
4.2704e-19
4.2008e-19
4.1324e-19
4.065e-19
3.9988e-19
3.9336e-19
3.8695e-19
3.8063e-19
3.7442e-19
3.6831e-19
3.623e-19
3.5639e-19
3.5057e-19
3.4484e-19
3.3921e-19
3.3366e-19
3.2821e-19
3.2284e-19
3.1756e-19
3.1237e-19
3.0725e-19
3.0222e-19
2.9728e-19
2.9241e-19
2.8762e-19
2.8291e-19
2.7827e-19
2.7371e-19
2.6922e-19
2.6481e-19
2.6046e-19
2.5619e-19
2.5198e-19
2.4785e-19
2.4378e-19
2.3977e-19
2.3583e-19
2.3196e-19
2.2815e-19
2.2439e-19
2.207e-19
2.1707e-19
2.135e-19
2.0999e-19
2.0653e-19
2.0313e-19
1.9979e-19
1.9649e-19
1.9326e-19
1.9007e-19
1.8694e-19
1.8385e-19
1.8082e-19
1.7784e-19
1.749e-19
1.7202e-19
1.6918e-19
1.6638e-19
1.6363e-19
1.6093e-19
1.5827e-19
1.5565e-19
1.5308e-19
1.5055e-19
1.4806e-19
1.4561e-19
1.432e-19
1.4083e-19
1.385e-19
1.362e-19
1.3395e-19
1.3173e-19
1.2954e-19
1.2739e-19
1.2528e-19
1.232e-19
1.2116e-19
1.1915e-19
1.1717e-19
1.1522e-19
1.1331e-19
1.1143e-19
1.0958e-19
1.0776e-19
1.0596e-19
1.042e-19
1.0247e-19
1.0076e-19
9.9087e-20
9.7438e-20
9.5816e-20
9.422e-20
9.2651e-20
9.1107e-20
8.9588e-20
8.8095e-20
8.6626e-20
8.5181e-20
8.376e-20
8.2363e-20
8.0988e-20
7.9636e-20
7.8306e-20
7.6998e-20
7.5712e-20
7.4447e-20
7.3202e-20
7.1979e-20
7.0775e-20
6.9591e-20
6.8427e-20
6.7282e-20
6.6155e-20
6.5048e-20
6.3958e-20
6.2887e-20
6.1833e-20
6.0797e-20
5.9778e-20
5.8775e-20
5.779e-20
5.682e-20
5.5867e-20
5.4929e-20
5.4007e-20
5.31e-20
5.2208e-20
5.1331e-20
5.0468e-20
4.962e-20
4.8786e-20
4.7965e-20
4.7159e-20
4.6365e-20
4.5585e-20
4.4818e-20
4.4063e-20
4.3321e-20
4.2591e-20
4.1873e-20
4.1168e-20
4.0474e-20
3.9791e-20
3.912e-20
3.846e-20
3.7811e-20
3.7173e-20
3.6546e-20
3.5928e-20
3.5322e-20
3.4725e-20
3.4138e-20
3.3561e-20
3.2994e-20
3.2436e-20
3.1887e-20
3.1348e-20
3.0817e-20
3.0295e-20
2.9782e-20
2.9278e-20
2.8782e-20
2.8295e-20
2.7815e-20
2.7343e-20
2.688e-20
2.6424e-20
2.5976e-20
2.5535e-20
2.5102e-20
2.4676e-20
2.4257e-20
2.3845e-20
2.3439e-20
2.3041e-20
2.265e-20
2.2265e-20
2.1886e-20
2.1514e-20
2.1148e-20
2.0788e-20
2.0434e-20
2.0086e-20
1.9744e-20
1.9408e-20
1.9077e-20
1.8752e-20
1.8432e-20
1.8118e-20
1.7809e-20
1.7505e-20
1.7207e-20
1.6913e-20
1.6624e-20
1.634e-20
1.6061e-20
1.5787e-20
1.5517e-20
1.5252e-20
1.4991e-20
1.4735e-20
1.4483e-20
1.4235e-20
1.3992e-20
1.3752e-20
1.3517e-20
1.3285e-20
1.3058e-20
1.2834e-20
1.2614e-20
1.2398e-20
1.2186e-20
1.1977e-20
1.1771e-20
1.1569e-20
1.1371e-20
1.1176e-20
1.0984e-20
1.0795e-20
1.061e-20
1.0427e-20
1.0248e-20
1.0072e-20
9.8989e-21
9.7287e-21
9.5613e-21
9.3969e-21
9.2351e-21
9.0762e-21
8.9199e-21
8.7663e-21
8.6153e-21
8.4669e-21
8.321e-21
8.1776e-21
8.0366e-21
7.898e-21
7.7617e-21
7.6278e-21
7.4962e-21
7.3668e-21
7.2396e-21
7.1146e-21
6.9917e-21
6.8709e-21
6.7521e-21
6.6354e-21
6.5207e-21
6.4079e-21
6.2971e-21
6.1881e-21
6.081e-21
5.9758e-21
5.8723e-21
5.7706e-21
5.6706e-21
5.5724e-21
5.4758e-21
5.3809e-21
5.2876e-21
5.1959e-21
5.1058e-21
5.0172e-21
4.9301e-21
4.8445e-21
4.7604e-21
4.6777e-21
4.5964e-21
4.5166e-21
4.4381e-21
4.3609e-21
4.2851e-21
4.2106e-21
4.1373e-21
4.0653e-21
3.9946e-21
3.9251e-21
3.8567e-21
3.7895e-21
3.7235e-21
3.6586e-21
3.5949e-21
3.5322e-21
3.4706e-21
3.4101e-21
3.3506e-21
3.2921e-21
3.2347e-21
3.1782e-21
3.1227e-21
3.0682e-21
3.0146e-21
2.9619e-21
2.9101e-21
2.8593e-21
2.8093e-21
2.7601e-21
2.7118e-21
2.6644e-21
2.6178e-21
2.5719e-21
2.5269e-21
2.4826e-21
2.4391e-21
2.3964e-21
2.3544e-21
2.3131e-21
2.2726e-21
2.2327e-21
2.1935e-21
2.1551e-21
2.1172e-21
2.0801e-21
2.0435e-21
2.0076e-21
1.9724e-21
1.9377e-21
1.9037e-21
1.8702e-21
1.8373e-21
1.805e-21
1.7732e-21
1.742e-21
1.7114e-21
1.6813e-21
1.6517e-21
1.6226e-21
1.594e-21
1.5659e-21
1.5383e-21
1.5112e-21
1.4845e-21
1.4583e-21
1.4326e-21
1.4073e-21
1.3825e-21
1.3581e-21
1.3341e-21
1.3106e-21
1.2874e-21
1.2647e-21
1.2423e-21
1.2203e-21
1.1988e-21
1.1776e-21
1.1567e-21
1.1363e-21
1.1162e-21
1.0964e-21
1.077e-21
1.0579e-21
1.0392e-21
1.0208e-21
1.0027e-21
9.849e-22
9.6744e-22
9.5028e-22
9.3342e-22
9.1686e-22
9.0059e-22
8.8461e-22
8.689e-22
8.5347e-22
8.3831e-22
8.2341e-22
8.0878e-22
7.944e-22
7.8028e-22
7.664e-22
7.5277e-22
7.3938e-22
7.2622e-22
7.133e-22
7.006e-22
6.8812e-22
6.7586e-22
6.6382e-22
6.5199e-22
6.4037e-22
6.2895e-22
6.1774e-22
6.0672e-22
5.959e-22
5.8526e-22
5.7482e-22
5.6455e-22
5.5447e-22
5.4457e-22
5.3484e-22
5.2528e-22
5.159e-22
5.0667e-22
4.9761e-22
4.8871e-22
4.7997e-22
4.7138e-22
4.6295e-22
4.5466e-22
4.4652e-22
4.3852e-22
4.3066e-22
4.2295e-22
4.1537e-22
4.0792e-22
4.0061e-22
3.9342e-22
3.8637e-22
3.7943e-22
3.7262e-22
3.6593e-22
3.5936e-22
3.5291e-22
3.4657e-22
3.4034e-22
3.3423e-22
3.2822e-22
3.2232e-22
3.1652e-22
3.1083e-22
3.0524e-22
2.9974e-22
2.9435e-22
2.8905e-22
2.8384e-22
2.7873e-22
2.7371e-22
2.6878e-22
2.6393e-22
2.5918e-22
2.545e-22
2.4991e-22
2.454e-22
2.4098e-22
2.3663e-22
2.3235e-22
2.2816e-22
2.2404e-22
2.1999e-22
2.1602e-22
2.1211e-22
2.0828e-22
2.0451e-22
2.0081e-22
1.9718e-22
1.9361e-22
1.9011e-22
1.8667e-22
1.8329e-22
1.7997e-22
1.7671e-22
1.7351e-22
1.7036e-22
1.6728e-22
1.6424e-22
1.6126e-22
1.5834e-22
1.5547e-22
1.5265e-22
1.4988e-22
1.4715e-22
1.4448e-22
1.4186e-22
1.3928e-22
1.3675e-22
1.3426e-22
1.3182e-22
1.2943e-22
1.2707e-22
1.2476e-22
1.2249e-22
1.2026e-22
1.1807e-22
1.1592e-22
1.1381e-22
1.1174e-22
1.097e-22
1.077e-22
1.0574e-22
1.0381e-22
1.0192e-22
1.0006e-22
9.8235e-23
9.6443e-23
9.4682e-23
9.2954e-23
9.1256e-23
8.959e-23
8.7953e-23
8.6346e-23
8.4768e-23
8.3218e-23
8.1697e-23
8.0202e-23
7.8735e-23
7.7295e-23
7.588e-23
7.4491e-23
7.3127e-23
7.1788e-23
7.0473e-23
6.9182e-23
6.7914e-23
6.6669e-23
6.5447e-23
6.4247e-23
6.3068e-23
6.1911e-23
6.0775e-23
5.966e-23
5.8565e-23
5.7489e-23
5.6433e-23
5.5397e-23
5.4379e-23
5.3379e-23
5.2398e-23
5.1435e-23
5.0489e-23
4.956e-23
4.8648e-23
4.7753e-23
4.6874e-23
4.6011e-23
4.5164e-23
4.4332e-23
4.3515e-23
4.2713e-23
4.1926e-23
4.1153e-23
4.0394e-23
3.9649e-23
3.8918e-23
3.82e-23
3.7495e-23
3.6802e-23
3.6123e-23
3.5456e-23
3.4801e-23
3.4158e-23
3.3527e-23
3.2907e-23
3.2298e-23
3.1701e-23
3.1115e-23
3.0539e-23
2.9974e-23
2.9419e-23
2.8875e-23
2.834e-23
2.7815e-23
2.73e-23
2.6794e-23
2.6297e-23
2.581e-23
2.5331e-23
2.4862e-23
2.44e-23
2.3948e-23
2.3503e-23
2.3067e-23
2.2639e-23
2.2218e-23
2.1806e-23
2.1401e-23
2.1003e-23
2.0613e-23
2.0229e-23
1.9853e-23
1.9484e-23
1.9121e-23
1.8766e-23
1.8416e-23
1.8074e-23
1.7737e-23
1.7407e-23
1.7083e-23
1.6764e-23
1.6452e-23
1.6145e-23
1.5844e-23
1.5549e-23
1.5259e-23
1.4974e-23
1.4695e-23
1.442e-23
1.4151e-23
1.3887e-23
1.3628e-23
1.3373e-23
1.3123e-23
1.2878e-23
1.2637e-23
1.2401e-23
1.2169e-23
1.1941e-23
1.1718e-23
1.1499e-23
1.1284e-23
1.1072e-23
1.0865e-23
1.0662e-23
1.0462e-23
1.0266e-23
1.0073e-23
9.8846e-24
9.6993e-24
9.5174e-24
9.3388e-24
9.1636e-24
8.9917e-24
8.8229e-24
8.6573e-24
8.4947e-24
8.3352e-24
8.1786e-24
8.0249e-24
7.8741e-24
7.7261e-24
7.5808e-24
7.4382e-24
7.2983e-24
7.161e-24
7.0262e-24
6.894e-24
6.7642e-24
6.6368e-24
6.5118e-24
6.3891e-24
6.2688e-24
6.1506e-24
6.0347e-24
5.9209e-24
5.8092e-24
5.6996e-24
5.5921e-24
5.4866e-24
5.383e-24
5.2814e-24
5.1817e-24
5.0838e-24
4.9877e-24
4.8935e-24
4.801e-24
4.7102e-24
4.6212e-24
4.5338e-24
4.448e-24
4.3639e-24
4.2813e-24
4.2003e-24
4.1207e-24
4.0427e-24
3.9661e-24
3.891e-24
3.8173e-24
3.7449e-24
3.6739e-24
3.6043e-24
3.5359e-24
3.4688e-24
3.403e-24
3.3384e-24
3.2751e-24
3.2129e-24
3.1519e-24
3.092e-24
3.0333e-24
2.9756e-24
2.9191e-24
2.8636e-24
2.8091e-24
2.7557e-24
2.7033e-24
2.6519e-24
2.6014e-24
2.5519e-24
2.5033e-24
2.4556e-24
2.4089e-24
2.363e-24
2.3179e-24
2.2738e-24
2.2304e-24
2.1879e-24
2.1462e-24
2.1052e-24
2.0651e-24
2.0257e-24
1.987e-24
1.9491e-24
1.9118e-24
1.8753e-24
1.8395e-24
1.8044e-24
1.7699e-24
1.736e-24
1.7028e-24
1.6703e-24
1.6383e-24
1.607e-24
1.5762e-24
1.5461e-24
1.5165e-24
1.4874e-24
1.4589e-24
1.431e-24
1.4036e-24
1.3767e-24
1.3503e-24
1.3244e-24
1.299e-24
1.2741e-24
1.2496e-24
1.2257e-24
1.2021e-24
1.1791e-24
1.1564e-24
1.1342e-24
1.1124e-24
1.0911e-24
1.0701e-24
1.0495e-24
1.0293e-24
1.0095e-24
9.9013e-25
9.7108e-25
9.524e-25
9.3407e-25
9.1608e-25
8.9845e-25
8.8114e-25
8.6417e-25
8.4752e-25
8.3119e-25
8.1517e-25
7.9945e-25
7.8404e-25
7.6892e-25
7.5408e-25
7.3953e-25
7.2526e-25
7.1126e-25
6.9753e-25
6.8406e-25
6.7085e-25
6.5789e-25
6.4517e-25
6.327e-25
6.2047e-25
6.0848e-25
5.9671e-25
5.8517e-25
5.7384e-25
5.6274e-25
5.5185e-25
5.4116e-25
5.3068e-25
5.2041e-25
5.1032e-25
5.0044e-25
4.9074e-25
4.8123e-25
4.719e-25
4.6274e-25
4.5377e-25
4.4496e-25
4.3633e-25
4.2786e-25
4.1956e-25
4.1141e-25
4.0342e-25
3.9558e-25
3.879e-25
3.8036e-25
3.7297e-25
3.6572e-25
3.586e-25
3.5163e-25
3.4479e-25
3.3808e-25
3.315e-25
3.2505e-25
3.1872e-25
3.1251e-25
3.0642e-25
3.0046e-25
2.946e-25
2.8886e-25
2.8323e-25
2.7771e-25
2.7229e-25
2.6698e-25
2.6177e-25
2.5666e-25
2.5165e-25
2.4674e-25
2.4192e-25
2.372e-25
2.3256e-25
2.2802e-25
2.2356e-25
2.1919e-25
2.1491e-25
2.107e-25
2.0658e-25
2.0254e-25
1.9858e-25
1.9469e-25
1.9088e-25
1.8714e-25
1.8348e-25
1.7988e-25
1.7636e-25
1.729e-25
1.6951e-25
1.6619e-25
1.6293e-25
1.5974e-25
1.566e-25
1.5353e-25
1.5052e-25
1.4756e-25
1.4467e-25
1.4183e-25
1.3904e-25
1.3631e-25
1.3363e-25
1.31e-25
1.2843e-25
1.259e-25
1.2343e-25
1.21e-25
1.1862e-25
1.1629e-25
1.14e-25
1.1175e-25
1.0955e-25
1.074e-25
1.0528e-25
1.0321e-25
1.0117e-25
9.9179e-26
9.7224e-26
9.5307e-26
9.3427e-26
9.1584e-26
8.9777e-26
8.8005e-26
8.6268e-26
8.4565e-26
8.2896e-26
8.1258e-26
7.9653e-26
7.8079e-26
7.6536e-26
7.5024e-26
7.354e-26
7.2086e-26
7.066e-26
6.9263e-26
6.7892e-26
6.6549e-26
6.5231e-26
6.394e-26
6.2674e-26
6.1432e-26
6.0215e-26
5.9022e-26
5.7853e-26
5.6706e-26
5.5582e-26
5.4479e-26
5.3399e-26
5.234e-26
5.1301e-26
5.0283e-26
4.9285e-26
4.8306e-26
4.7347e-26
4.6407e-26
4.5485e-26
4.4581e-26
4.3695e-26
4.2827e-26
4.1975e-26
4.114e-26
4.0322e-26
3.952e-26
3.8734e-26
3.7963e-26
3.7207e-26
3.6467e-26
3.574e-26
3.5029e-26
3.4331e-26
3.3647e-26
3.2976e-26
3.2319e-26
3.1675e-26
3.1043e-26
3.0424e-26
2.9817e-26
2.9223e-26
2.864e-26
2.8068e-26
2.7508e-26
2.6959e-26
2.642e-26
2.5893e-26
2.5375e-26
2.4869e-26
2.4372e-26
2.3885e-26
2.3407e-26
2.2939e-26
2.2481e-26
2.2031e-26
2.159e-26
2.1158e-26
2.0735e-26
2.032e-26
1.9913e-26
1.9515e-26
1.9124e-26
1.8741e-26
1.8366e-26
1.7998e-26
1.7638e-26
1.7284e-26
1.6938e-26
1.6598e-26
1.6266e-26
1.594e-26
1.562e-26
1.5307e-26
1.5e-26
1.4699e-26
1.4405e-26
1.4116e-26
1.3833e-26
1.3555e-26
1.3283e-26
1.3017e-26
1.2755e-26
1.25e-26
1.2249e-26
1.2003e-26
1.1762e-26
1.1526e-26
1.1295e-26
1.1068e-26
1.0846e-26
1.0628e-26
1.0415e-26
1.0206e-26
1.0001e-26
9.8004e-27
9.6038e-27
9.4111e-27
9.2223e-27
9.0373e-27
8.8561e-27
8.6785e-27
8.5045e-27
8.334e-27
8.167e-27
8.0033e-27
7.843e-27
7.6859e-27
7.532e-27
7.3812e-27
7.2335e-27
7.0888e-27
6.947e-27
6.8082e-27
6.6721e-27
6.5389e-27
6.4084e-27
6.2805e-27
6.1553e-27
6.0326e-27
5.9125e-27
5.7948e-27
5.6796e-27
5.5667e-27
5.4562e-27
5.3479e-27
5.2419e-27
5.1381e-27
5.0365e-27
4.9369e-27
4.8395e-27
4.7441e-27
4.6507e-27
4.5592e-27
4.4697e-27
4.3821e-27
4.2963e-27
4.2123e-27
4.1302e-27
4.0497e-27
3.971e-27
3.894e-27
3.8187e-27
3.7449e-27
3.6728e-27
3.6022e-27
3.5332e-27
3.4657e-27
3.3997e-27
3.3351e-27
3.272e-27
3.2102e-27
3.1499e-27
3.0909e-27
3.0332e-27
2.9769e-27
2.9218e-27
2.8681e-27
2.8155e-27
2.7642e-27
2.7141e-27
2.6652e-27
2.6175e-27
2.5709e-27
2.5254e-27
2.481e-27
2.4378e-27
2.3956e-27
2.3545e-27
2.3144e-27
2.2753e-27
2.2373e-27
2.2003e-27
2.1642e-27
2.1292e-27
2.0951e-27
2.0619e-27
2.0297e-27
1.9984e-27
1.968e-27
1.9386e-27
1.91e-27
1.8823e-27
1.8554e-27
1.8294e-27
1.8043e-27
1.78e-27
1.7566e-27
1.734e-27
1.7122e-27
1.6912e-27
1.6711e-27
1.6517e-27
1.6331e-27
1.6153e-27
1.5983e-27
1.5821e-27
1.5667e-27
1.552e-27
1.5381e-27
1.525e-27
1.5126e-27
1.501e-27
1.4901e-27
1.4801e-27
1.4707e-27
1.4621e-27
1.4543e-27
1.4472e-27
1.4409e-27
