2.5855e-16
2.5653e-16
2.5459e-16
2.5272e-16
2.5093e-16
2.4922e-16
2.4758e-16
2.4601e-16
2.4452e-16
2.431e-16
2.4176e-16
2.4049e-16
2.3929e-16
2.3817e-16
2.3712e-16
2.3615e-16
2.3525e-16
2.3443e-16
2.3368e-16
2.33e-16
2.324e-16
2.3188e-16
2.3142e-16
2.3105e-16
2.3075e-16
2.3052e-16
2.3037e-16
2.303e-16
2.303e-16
2.3038e-16
2.3054e-16
2.3078e-16
2.3109e-16
2.3148e-16
2.3195e-16
2.325e-16
2.3313e-16
2.3384e-16
2.3463e-16
2.3551e-16
2.3646e-16
2.375e-16
2.3862e-16
2.3983e-16
2.4112e-16
2.425e-16
2.4396e-16
2.4551e-16
2.4715e-16
2.4888e-16
2.507e-16
2.5261e-16
2.5462e-16
2.5671e-16
2.589e-16
2.6119e-16
2.6357e-16
2.6605e-16
2.6863e-16
2.7131e-16
2.7409e-16
2.7697e-16
2.7995e-16
2.8305e-16
2.8624e-16
2.8955e-16
2.9296e-16
2.9649e-16
3.0013e-16
3.0388e-16
3.0775e-16
3.1174e-16
3.1584e-16
3.2007e-16
3.2442e-16
3.2889e-16
3.3349e-16
3.3822e-16
3.4308e-16
3.4807e-16
3.532e-16
3.5846e-16
3.6386e-16
3.6941e-16
3.7509e-16
3.8092e-16
3.8691e-16
3.9304e-16
3.9932e-16
4.0576e-16
4.1236e-16
4.1911e-16
4.2604e-16
4.3312e-16
4.4038e-16
4.4781e-16
4.5541e-16
4.632e-16
4.7116e-16
4.7931e-16
4.8764e-16
4.9617e-16
5.0489e-16
5.1381e-16
5.2293e-16
5.3225e-16
5.4178e-16
5.5153e-16
5.6149e-16
5.7167e-16
5.8207e-16
5.927e-16
6.0356e-16
6.1466e-16
6.26e-16
6.3759e-16
6.4942e-16
6.6151e-16
6.7385e-16
6.8646e-16
6.9934e-16
7.1249e-16
7.2592e-16
7.3963e-16
7.5363e-16
7.6792e-16
7.8251e-16
7.9741e-16
8.1261e-16
8.2813e-16
8.4398e-16
8.6015e-16
8.7666e-16
8.935e-16
9.107e-16
9.2824e-16
9.4615e-16
9.6442e-16
9.8307e-16
1.0021e-15
1.0215e-15
1.0413e-15
1.0615e-15
1.0821e-15
1.1032e-15
1.1246e-15
1.1465e-15
1.1689e-15
1.1917e-15
1.2149e-15
1.2386e-15
1.2628e-15
1.2875e-15
1.3126e-15
1.3383e-15
1.3645e-15
1.3912e-15
1.4184e-15
1.4462e-15
1.4745e-15
1.5034e-15
1.5329e-15
1.5629e-15
1.5935e-15
1.6248e-15
1.6567e-15
1.6892e-15
1.7223e-15
1.7561e-15
1.7905e-15
1.8257e-15
1.8615e-15
1.898e-15
1.9352e-15
1.9732e-15
2.0119e-15
2.0514e-15
2.0917e-15
2.1327e-15
2.1745e-15
2.2172e-15
2.2607e-15
2.305e-15
2.3502e-15
2.3963e-15
2.4432e-15
2.4911e-15
2.5399e-15
2.5897e-15
2.6404e-15
2.6922e-15
2.7449e-15
2.7986e-15
2.8534e-15
2.9092e-15
2.9662e-15
3.0242e-15
3.0833e-15
3.1436e-15
3.2051e-15
3.2677e-15
3.3315e-15
3.3966e-15
3.4629e-15
3.5305e-15
3.5994e-15
3.6696e-15
3.7412e-15
3.8142e-15
3.8885e-15
3.9643e-15
4.0415e-15
4.1202e-15
4.2004e-15
4.2821e-15
4.3655e-15
4.4504e-15
4.5369e-15
4.6251e-15
4.7149e-15
4.8065e-15
4.8998e-15
4.9949e-15
5.0918e-15
5.1906e-15
5.2912e-15
5.3938e-15
5.4983e-15
5.6048e-15
5.7133e-15
5.8239e-15
5.9365e-15
6.0513e-15
6.1683e-15
6.2875e-15
6.409e-15
6.5327e-15
6.6588e-15
6.7873e-15
6.9182e-15
7.0516e-15
7.1875e-15
7.326e-15
7.4671e-15
7.6109e-15
7.7573e-15
7.9065e-15
8.0586e-15
8.2135e-15
8.3713e-15
8.5321e-15
8.6959e-15
8.8628e-15
9.0328e-15
9.206e-15
9.3824e-15
9.5622e-15
9.7453e-15
9.9319e-15
1.0122e-14
1.0316e-14
1.0513e-14
1.0714e-14
1.0919e-14
1.1127e-14
1.1339e-14
1.1556e-14
1.1776e-14
1.2001e-14
1.223e-14
1.2463e-14
1.27e-14
1.2942e-14
1.3188e-14
1.3439e-14
1.3694e-14
1.3954e-14
1.422e-14
1.449e-14
1.4765e-14
1.5045e-14
1.533e-14
1.5621e-14
1.5917e-14
1.6218e-14
1.6525e-14
1.6838e-14
1.7156e-14
1.7481e-14
1.7811e-14
1.8148e-14
1.849e-14
1.8839e-14
1.9195e-14
1.9557e-14
1.9926e-14
2.0301e-14
2.0684e-14
2.1073e-14
2.147e-14
2.1874e-14
2.2285e-14
2.2704e-14
2.3131e-14
2.3565e-14
2.4007e-14
2.4458e-14
2.4917e-14
2.5384e-14
2.586e-14
2.6344e-14
2.6837e-14
2.734e-14
2.7851e-14
2.8372e-14
2.8902e-14
2.9442e-14
2.9992e-14
3.0552e-14
3.1122e-14
3.1703e-14
3.2294e-14
3.2896e-14
3.3509e-14
3.4133e-14
3.4768e-14
3.5415e-14
3.6074e-14
3.6744e-14
3.7427e-14
3.8122e-14
3.883e-14
3.955e-14
4.0284e-14
4.1031e-14
4.1791e-14
4.2565e-14
4.3354e-14
4.4156e-14
4.4973e-14
4.5805e-14
4.6651e-14
4.7513e-14
4.8391e-14
4.9284e-14
5.0194e-14
5.1119e-14
5.2062e-14
5.3021e-14
5.3998e-14
5.4992e-14
5.6004e-14
5.7034e-14
5.8083e-14
5.9151e-14
6.0237e-14
6.1344e-14
6.247e-14
6.3616e-14
6.4783e-14
6.597e-14
6.7179e-14
6.8409e-14
6.9662e-14
7.0937e-14
7.2234e-14
7.3555e-14
7.4899e-14
7.6267e-14
7.766e-14
7.9077e-14
8.052e-14
8.1988e-14
8.3483e-14
8.5004e-14
8.6552e-14
8.8127e-14
8.9731e-14
9.1362e-14
9.3023e-14
9.4714e-14
9.6434e-14
9.8185e-14
9.9966e-14
1.0178e-13
1.0362e-13
1.055e-13
1.0741e-13
1.0936e-13
1.1134e-13
1.1335e-13
1.154e-13
1.1749e-13
1.1961e-13
1.2177e-13
1.2397e-13
1.262e-13
1.2848e-13
1.308e-13
1.3315e-13
1.3555e-13
1.3799e-13
1.4047e-13
1.43e-13
1.4557e-13
1.4819e-13
1.5085e-13
1.5356e-13
1.5631e-13
1.5912e-13
1.6197e-13
1.6487e-13
1.6783e-13
1.7083e-13
1.7389e-13
1.77e-13
1.8016e-13
1.8338e-13
1.8666e-13
1.8999e-13
1.9338e-13
1.9683e-13
2.0034e-13
2.0392e-13
2.0755e-13
2.1124e-13
2.15e-13
2.1883e-13
2.2272e-13
2.2668e-13
2.3071e-13
2.3481e-13
2.3897e-13
2.4321e-13
2.4753e-13
2.5192e-13
2.5638e-13
2.6092e-13
2.6554e-13
2.7024e-13
2.7502e-13
2.7988e-13
2.8483e-13
2.8986e-13
2.9498e-13
3.0018e-13
3.0548e-13
3.1086e-13
3.1634e-13
3.2191e-13
3.2758e-13
3.3335e-13
3.3921e-13
3.4518e-13
3.5124e-13
3.5741e-13
3.6369e-13
3.7007e-13
3.7656e-13
3.8317e-13
3.8988e-13
3.9671e-13
4.0366e-13
4.1072e-13
4.1791e-13
4.2522e-13
4.3265e-13
4.4021e-13
4.4789e-13
4.5571e-13
4.6366e-13
4.7175e-13
4.7997e-13
4.8833e-13
4.9684e-13
5.0548e-13
5.1428e-13
5.2322e-13
5.3232e-13
5.4156e-13
5.5097e-13
5.6053e-13
5.7026e-13
5.8015e-13
5.902e-13
6.0043e-13
6.1083e-13
6.214e-13
6.3215e-13
6.4308e-13
6.542e-13
6.655e-13
6.7699e-13
6.8868e-13
7.0056e-13
7.1264e-13
7.2492e-13
7.3741e-13
7.5011e-13
7.6302e-13
7.7615e-13
7.895e-13
8.0307e-13
8.1687e-13
8.3089e-13
8.4516e-13
8.5966e-13
8.744e-13
8.8938e-13
9.0462e-13
9.2011e-13
9.3586e-13
9.5187e-13
9.6815e-13
9.847e-13
1.0015e-12
1.0186e-12
1.036e-12
1.0537e-12
1.0716e-12
1.0899e-12
1.1085e-12
1.1274e-12
1.1465e-12
1.166e-12
1.1859e-12
1.206e-12
1.2265e-12
1.2473e-12
1.2685e-12
1.29e-12
1.3119e-12
1.3341e-12
1.3567e-12
1.3797e-12
1.4031e-12
1.4268e-12
1.4509e-12
1.4754e-12
1.5003e-12
1.5257e-12
1.5514e-12
1.5776e-12
1.6042e-12
1.6312e-12
1.6587e-12
1.6866e-12
1.715e-12
1.7438e-12
1.7732e-12
1.8029e-12
1.8332e-12
1.864e-12
1.8953e-12
1.9271e-12
1.9594e-12
1.9922e-12
2.0256e-12
2.0595e-12
2.0939e-12
2.1289e-12
2.1645e-12
2.2007e-12
2.2374e-12
2.2748e-12
2.3127e-12
2.3513e-12
2.3904e-12
2.4303e-12
2.4707e-12
2.5118e-12
2.5536e-12
2.5961e-12
2.6392e-12
2.6831e-12
2.7276e-12
2.7729e-12
2.8188e-12
2.8656e-12
2.9131e-12
2.9613e-12
3.0103e-12
3.0601e-12
3.1107e-12
3.1621e-12
3.2144e-12
3.2675e-12
3.3214e-12
3.3762e-12
3.4319e-12
3.4884e-12
3.5459e-12
3.6043e-12
3.6636e-12
3.7238e-12
3.7851e-12
3.8473e-12
3.9104e-12
3.9746e-12
4.0399e-12
4.1061e-12
4.1734e-12
4.2418e-12
4.3113e-12
4.3818e-12
4.4535e-12
4.5263e-12
4.6003e-12
4.6755e-12
4.7518e-12
4.8294e-12
4.9081e-12
4.9882e-12
5.0694e-12
5.152e-12
5.2359e-12
5.3211e-12
5.4076e-12
5.4955e-12
5.5848e-12
5.6755e-12
5.7676e-12
5.8612e-12
5.9562e-12
6.0528e-12
6.1508e-12
6.2504e-12
6.3516e-12
6.4543e-12
6.5587e-12
6.6646e-12
6.7723e-12
6.8816e-12
6.9926e-12
7.1054e-12
7.2199e-12
7.3363e-12
7.4544e-12
7.5744e-12
7.6962e-12
7.82e-12
7.9456e-12
8.0733e-12
8.2029e-12
8.3345e-12
8.4682e-12
8.6039e-12
8.7418e-12
8.8818e-12
9.0239e-12
9.1683e-12
9.3149e-12
9.4638e-12
9.6149e-12
9.7685e-12
9.9243e-12
1.0083e-11
1.0243e-11
1.0407e-11
1.0572e-11
1.0741e-11
1.0911e-11
1.1085e-11
1.1261e-11
1.144e-11
1.1622e-11
1.1806e-11
1.1993e-11
1.2184e-11
1.2377e-11
1.2573e-11
1.2772e-11
1.2974e-11
1.3179e-11
1.3387e-11
1.3599e-11
1.3813e-11
1.4031e-11
1.4253e-11
1.4477e-11
1.4706e-11
1.4937e-11
1.5172e-11
1.5411e-11
1.5653e-11
1.5899e-11
1.6149e-11
1.6403e-11
1.666e-11
1.6921e-11
1.7187e-11
1.7456e-11
1.7729e-11
1.8007e-11
1.8288e-11
1.8574e-11
1.8865e-11
1.9159e-11
1.9459e-11
1.9762e-11
2.007e-11
2.0383e-11
2.0701e-11
2.1023e-11
2.135e-11
2.1683e-11
2.202e-11
2.2362e-11
2.2709e-11
2.3062e-11
2.342e-11
2.3783e-11
2.4151e-11
2.4526e-11
2.4905e-11
2.5291e-11
2.5682e-11
2.6079e-11
2.6482e-11
2.6891e-11
2.7306e-11
2.7727e-11
2.8155e-11
2.8589e-11
2.9029e-11
2.9476e-11
2.993e-11
3.039e-11
3.0857e-11
3.1331e-11
3.1812e-11
3.23e-11
3.2796e-11
3.3299e-11
3.3809e-11
3.4327e-11
3.4852e-11
3.5385e-11
3.5927e-11
3.6476e-11
3.7033e-11
3.7598e-11
3.8172e-11
3.8754e-11
3.9345e-11
3.9944e-11
4.0552e-11
4.117e-11
4.1796e-11
4.2431e-11
4.3076e-11
4.373e-11
4.4394e-11
4.5067e-11
4.5751e-11
4.6444e-11
4.7148e-11
4.7861e-11
4.8585e-11
4.932e-11
5.0066e-11
5.0822e-11
5.1589e-11
5.2368e-11
5.3158e-11
5.3959e-11
5.4772e-11
5.5597e-11
5.6433e-11
5.7282e-11
5.8144e-11
5.9017e-11
5.9904e-11
6.0803e-11
6.1715e-11
6.264e-11
6.3579e-11
6.4531e-11
6.5497e-11
6.6477e-11
6.7471e-11
6.848e-11
6.9503e-11
7.054e-11
7.1593e-11
7.2661e-11
7.3744e-11
7.4842e-11
7.5957e-11
7.7087e-11
7.8234e-11
7.9397e-11
8.0576e-11
8.1773e-11
8.2986e-11
8.4217e-11
8.5466e-11
8.6732e-11
8.8017e-11
8.932e-11
9.0641e-11
9.1981e-11
9.334e-11
9.4719e-11
9.6117e-11
9.7535e-11
9.8973e-11
1.0043e-10
1.0191e-10
1.0341e-10
1.0493e-10
1.0648e-10
1.0804e-10
1.0963e-10
1.1124e-10
1.1287e-10
1.1452e-10
1.162e-10
1.1791e-10
1.1963e-10
1.2138e-10
1.2316e-10
1.2496e-10
1.2678e-10
1.2863e-10
1.3051e-10
1.3241e-10
1.3434e-10
1.363e-10
1.3829e-10
1.403e-10
1.4234e-10
1.4441e-10
1.4651e-10
1.4863e-10
1.5079e-10
1.5298e-10
1.552e-10
1.5744e-10
1.5972e-10
1.6204e-10
1.6438e-10
1.6676e-10
1.6917e-10
1.7161e-10
1.7408e-10
1.766e-10
1.7914e-10
1.8172e-10
1.8434e-10
1.8699e-10
1.8968e-10
1.9241e-10
1.9517e-10
1.9798e-10
2.0082e-10
2.037e-10
2.0662e-10
2.0958e-10
2.1258e-10
2.1562e-10
2.1871e-10
2.2183e-10
2.25e-10
2.2822e-10
2.3147e-10
2.3477e-10
2.3812e-10
2.4151e-10
2.4495e-10
2.4844e-10
2.5197e-10
2.5555e-10
2.5918e-10
2.6287e-10
2.666e-10
2.7038e-10
2.7421e-10
2.7809e-10
2.8203e-10
2.8602e-10
2.9007e-10
2.9417e-10
2.9832e-10
3.0254e-10
3.0681e-10
3.1113e-10
3.1552e-10
3.1996e-10
3.2447e-10
3.2903e-10
3.3366e-10
3.3835e-10
3.431e-10
3.4792e-10
3.528e-10
3.5775e-10
3.6276e-10
3.6784e-10
3.7299e-10
3.7821e-10
3.835e-10
3.8886e-10
3.9429e-10
3.9979e-10
4.0537e-10
4.1102e-10
4.1675e-10
4.2255e-10
4.2844e-10
4.344e-10
4.4044e-10
4.4656e-10
4.5276e-10
4.5904e-10
4.6541e-10
4.7186e-10
4.784e-10
4.8502e-10
4.9173e-10
4.9853e-10
5.0542e-10
5.1241e-10
5.1948e-10
5.2665e-10
5.3391e-10
5.4127e-10
5.4873e-10
5.5628e-10
5.6393e-10
5.7169e-10
5.7954e-10
5.875e-10
5.9557e-10
6.0374e-10
6.1201e-10
6.204e-10
6.289e-10
6.375e-10
6.4622e-10
6.5506e-10
6.6401e-10
6.7307e-10
6.8226e-10
6.9156e-10
7.0099e-10
7.1054e-10
7.2021e-10
7.3001e-10
7.3994e-10
7.4999e-10
7.6018e-10
7.705e-10
7.8095e-10
7.9154e-10
8.0226e-10
8.1313e-10
8.2413e-10
8.3528e-10
8.4657e-10
8.58e-10
8.6959e-10
8.8132e-10
8.9321e-10
9.0525e-10
9.1744e-10
9.2979e-10
9.423e-10
9.5497e-10
9.678e-10
9.808e-10
9.9396e-10
1.0073e-09
1.0208e-09
1.0345e-09
1.0483e-09
1.0624e-09
1.0766e-09
1.0909e-09
1.1055e-09
1.1203e-09
1.1352e-09
1.1504e-09
1.1657e-09
1.1812e-09
1.1969e-09
1.2129e-09
1.229e-09
1.2453e-09
1.2618e-09
1.2786e-09
1.2955e-09
1.3127e-09
1.3301e-09
1.3477e-09
1.3655e-09
1.3836e-09
1.4019e-09
1.4204e-09
1.4391e-09
1.4581e-09
1.4773e-09
1.4968e-09
1.5165e-09
1.5364e-09
1.5566e-09
1.5771e-09
1.5978e-09
1.6188e-09
1.64e-09
1.6615e-09
1.6833e-09
1.7053e-09
1.7276e-09
1.7502e-09
1.7731e-09
1.7963e-09
1.8197e-09
1.8434e-09
1.8675e-09
1.8918e-09
1.9164e-09
1.9414e-09
1.9666e-09
1.9922e-09
2.0181e-09
2.0443e-09
2.0708e-09
2.0976e-09
2.1248e-09
2.1523e-09
2.1802e-09
2.2084e-09
2.2369e-09
2.2658e-09
2.295e-09
2.3246e-09
2.3546e-09
2.385e-09
2.4157e-09
2.4468e-09
2.4782e-09
2.5101e-09
2.5423e-09
2.5749e-09
2.608e-09
2.6414e-09
2.6753e-09
2.7095e-09
2.7442e-09
2.7793e-09
2.8148e-09
2.8507e-09
2.8871e-09
2.924e-09
2.9612e-09
2.999e-09
3.0371e-09
3.0758e-09
3.1149e-09
3.1545e-09
3.1946e-09
3.2351e-09
3.2761e-09
3.3177e-09
3.3597e-09
3.4022e-09
3.4453e-09
3.4888e-09
3.5329e-09
3.5775e-09
3.6227e-09
3.6684e-09
3.7146e-09
3.7614e-09
3.8087e-09
3.8567e-09
3.9051e-09
3.9542e-09
4.0039e-09
4.0541e-09
4.1049e-09
4.1564e-09
4.2084e-09
4.2611e-09
4.3144e-09
4.3683e-09
4.4229e-09
4.4781e-09
4.534e-09
4.5905e-09
4.6477e-09
4.7056e-09
4.7641e-09
4.8234e-09
4.8833e-09
4.944e-09
5.0054e-09
5.0674e-09
5.1303e-09
5.1938e-09
5.2581e-09
5.3232e-09
5.389e-09
5.4556e-09
5.5229e-09
5.5911e-09
5.66e-09
5.7298e-09
5.8003e-09
5.8717e-09
5.9439e-09
6.017e-09
6.0909e-09
6.1657e-09
6.2413e-09
6.3178e-09
6.3953e-09
6.4736e-09
6.5528e-09
6.6329e-09
6.7139e-09
6.7959e-09
6.8789e-09
6.9628e-09
7.0476e-09
7.1335e-09
7.2203e-09
7.3081e-09
7.3969e-09
7.4868e-09
7.5777e-09
7.6696e-09
7.7626e-09
7.8566e-09
7.9518e-09
8.048e-09
8.1453e-09
8.2437e-09
8.3433e-09
8.4439e-09
8.5458e-09
8.6488e-09
8.7529e-09
8.8583e-09
8.9648e-09
9.0726e-09
9.1815e-09
9.2917e-09
9.4032e-09
9.5159e-09
9.6299e-09
9.7452e-09
9.8618e-09
9.9797e-09
1.0099e-08
1.022e-08
1.0341e-08
1.0465e-08
1.0589e-08
1.0716e-08
1.0843e-08
1.0972e-08
1.1102e-08
1.1234e-08
1.1368e-08
1.1502e-08
1.1639e-08
1.1776e-08
1.1916e-08
1.2057e-08
1.2199e-08
1.2343e-08
1.2489e-08
1.2636e-08
1.2785e-08
1.2936e-08
1.3088e-08
1.3242e-08
1.3398e-08
1.3555e-08
1.3714e-08
1.3875e-08
1.4038e-08
1.4202e-08
1.4369e-08
1.4537e-08
1.4707e-08
1.4879e-08
1.5052e-08
1.5228e-08
1.5405e-08
1.5585e-08
1.5766e-08
1.595e-08
1.6135e-08
1.6323e-08
1.6512e-08
1.6704e-08
1.6898e-08
1.7093e-08
1.7291e-08
1.7491e-08
1.7694e-08
1.7898e-08
1.8105e-08
1.8314e-08
1.8525e-08
1.8738e-08
1.8954e-08
1.9172e-08
1.9393e-08
1.9616e-08
1.9841e-08
2.0068e-08
2.0299e-08
2.0531e-08
2.0766e-08
2.1004e-08
2.1244e-08
2.1487e-08
2.1732e-08
2.198e-08
2.2231e-08
2.2484e-08
2.274e-08
2.2999e-08
2.3261e-08
2.3525e-08
2.3792e-08
2.4062e-08
2.4335e-08
2.4611e-08
2.4889e-08
2.5171e-08
2.5455e-08
2.5743e-08
2.6034e-08
2.6328e-08
2.6624e-08
2.6924e-08
2.7227e-08
2.7534e-08
2.7843e-08
2.8156e-08
2.8472e-08
2.8792e-08
2.9115e-08
2.9441e-08
2.977e-08
3.0103e-08
3.044e-08
3.078e-08
3.1124e-08
3.1471e-08
3.1822e-08
3.2176e-08
3.2534e-08
3.2896e-08
3.3262e-08
3.3631e-08
3.4004e-08
3.4382e-08
3.4763e-08
3.5148e-08
3.5537e-08
3.593e-08
3.6327e-08
3.6728e-08
3.7133e-08
3.7543e-08
3.7956e-08
3.8374e-08
3.8797e-08
3.9223e-08
3.9654e-08
4.009e-08
4.0529e-08
4.0974e-08
4.1423e-08
4.1876e-08
4.2334e-08
4.2797e-08
4.3264e-08
4.3737e-08
4.4214e-08
4.4696e-08
4.5182e-08
4.5674e-08
4.6171e-08
4.6673e-08
4.7179e-08
4.7691e-08
4.8208e-08
4.8731e-08
4.9258e-08
4.9791e-08
5.033e-08
5.0873e-08
5.1423e-08
5.1977e-08
5.2538e-08
5.3104e-08
5.3675e-08
5.4252e-08
5.4836e-08
5.5424e-08
5.6019e-08
5.662e-08
5.7227e-08
5.7839e-08
5.8458e-08
5.9083e-08
5.9714e-08
6.0352e-08
6.0996e-08
6.1646e-08
6.2303e-08
6.2966e-08
6.3635e-08
6.4312e-08
6.4995e-08
6.5684e-08
6.6381e-08
6.7084e-08
6.7794e-08
6.8512e-08
6.9236e-08
6.9967e-08
7.0706e-08
7.1451e-08
7.2205e-08
7.2965e-08
7.3733e-08
7.4508e-08
7.5291e-08
7.6082e-08
7.688e-08
7.7686e-08
7.85e-08
7.9321e-08
8.0151e-08
8.0989e-08
8.1834e-08
8.2688e-08
8.3551e-08
8.4421e-08
8.53e-08
8.6188e-08
8.7084e-08
8.7988e-08
8.8902e-08
8.9824e-08
9.0755e-08
9.1694e-08
9.2643e-08
9.3601e-08
9.4568e-08
9.5544e-08
9.653e-08
9.7525e-08
9.853e-08
9.9544e-08
1.0057e-07
1.016e-07
1.0264e-07
1.037e-07
1.0476e-07
1.0583e-07
1.0692e-07
1.0801e-07
1.0911e-07
1.1023e-07
1.1135e-07
1.1249e-07
1.1363e-07
1.1479e-07
1.1596e-07
1.1714e-07
1.1833e-07
1.1953e-07
1.2074e-07
1.2196e-07
1.232e-07
1.2444e-07
1.257e-07
1.2697e-07
1.2825e-07
1.2955e-07
1.3085e-07
1.3217e-07
1.335e-07
1.3484e-07
1.3619e-07
1.3756e-07
1.3894e-07
1.4033e-07
1.4174e-07
1.4316e-07
1.4459e-07
1.4603e-07
1.4749e-07
1.4896e-07
1.5044e-07
1.5194e-07
1.5345e-07
1.5498e-07
1.5652e-07
1.5807e-07
1.5964e-07
1.6122e-07
1.6282e-07
1.6443e-07
1.6605e-07
1.6769e-07
1.6935e-07
1.7102e-07
1.727e-07
1.744e-07
1.7612e-07
1.7785e-07
1.796e-07
1.8136e-07
1.8314e-07
1.8493e-07
1.8674e-07
1.8857e-07
1.9041e-07
1.9227e-07
1.9414e-07
1.9604e-07
1.9795e-07
1.9987e-07
2.0182e-07
2.0378e-07
2.0576e-07
2.0775e-07
2.0977e-07
2.118e-07
2.1385e-07
2.1591e-07
2.18e-07
2.201e-07
2.2223e-07
2.2437e-07
2.2653e-07
2.2871e-07
2.3091e-07
2.3312e-07
2.3536e-07
2.3762e-07
2.3989e-07
2.4219e-07
2.4451e-07
2.4684e-07
2.492e-07
2.5158e-07
2.5398e-07
2.564e-07
2.5884e-07
2.613e-07
2.6378e-07
2.6628e-07
2.6881e-07
2.7136e-07
2.7393e-07
2.7652e-07
2.7913e-07
2.8177e-07
2.8443e-07
2.8711e-07
2.8981e-07
2.9254e-07
2.9529e-07
2.9807e-07
3.0087e-07
3.0369e-07
3.0654e-07
3.0941e-07
3.123e-07
3.1522e-07
3.1817e-07
3.2114e-07
3.2413e-07
3.2715e-07
3.302e-07
3.3327e-07
3.3637e-07
3.3949e-07
3.4264e-07
3.4581e-07
3.4902e-07
3.5225e-07
3.555e-07
3.5879e-07
3.621e-07
3.6544e-07
3.688e-07
3.722e-07
3.7562e-07
3.7907e-07
3.8255e-07
3.8606e-07
3.896e-07
3.9317e-07
3.9677e-07
4.004e-07
4.0405e-07
4.0774e-07
4.1146e-07
4.1521e-07
4.1898e-07
4.2279e-07
4.2664e-07
4.3051e-07
4.3441e-07
4.3835e-07
4.4232e-07
4.4632e-07
4.5035e-07
4.5442e-07
4.5852e-07
4.6265e-07
4.6682e-07
4.7102e-07
4.7525e-07
4.7952e-07
4.8383e-07
4.8816e-07
4.9254e-07
4.9695e-07
5.0139e-07
5.0587e-07
5.1038e-07
5.1494e-07
5.1952e-07
5.2415e-07
5.2881e-07
5.3351e-07
5.3825e-07
5.4302e-07
5.4783e-07
5.5268e-07
5.5757e-07
5.625e-07
5.6747e-07
5.7247e-07
5.7752e-07
5.8261e-07
5.8773e-07
5.929e-07
5.9811e-07
6.0335e-07
6.0864e-07
6.1397e-07
6.1935e-07
6.2476e-07
6.3022e-07
6.3572e-07
6.4126e-07
6.4685e-07
6.5248e-07
6.5815e-07
6.6387e-07
6.6963e-07
6.7543e-07
6.8129e-07
6.8718e-07
6.9312e-07
6.9911e-07
7.0515e-07
7.1123e-07
7.1735e-07
7.2353e-07
7.2975e-07
7.3602e-07
7.4234e-07
7.487e-07
7.5511e-07
7.6158e-07
7.6809e-07
7.7465e-07
7.8126e-07
7.8793e-07
7.9464e-07
8.014e-07
8.0822e-07
8.1508e-07
8.22e-07
8.2897e-07
8.3599e-07
8.4307e-07
8.502e-07
8.5738e-07
8.6461e-07
8.719e-07
8.7925e-07
8.8665e-07
8.941e-07
9.0161e-07
9.0918e-07
9.168e-07
9.2448e-07
9.3221e-07
9.4001e-07
9.4786e-07
9.5577e-07
9.6373e-07
9.7176e-07
9.7984e-07
9.8799e-07
9.9619e-07
1.0045e-06
1.0128e-06
1.0212e-06
1.0296e-06
1.0381e-06
1.0467e-06
1.0553e-06
1.064e-06
1.0728e-06
1.0816e-06
1.0905e-06
1.0994e-06
1.1085e-06
1.1175e-06
1.1267e-06
1.1359e-06
1.1452e-06
1.1545e-06
1.1639e-06
1.1734e-06
1.183e-06
1.1926e-06
1.2023e-06
1.212e-06
1.2218e-06
1.2317e-06
1.2417e-06
1.2517e-06
1.2618e-06
1.272e-06
1.2823e-06
1.2926e-06
1.303e-06
1.3134e-06
1.324e-06
1.3346e-06
1.3453e-06
1.356e-06
1.3669e-06
1.3778e-06
1.3888e-06
1.3998e-06
1.411e-06
1.4222e-06
1.4335e-06
1.4449e-06
1.4563e-06
1.4679e-06
1.4795e-06
1.4912e-06
1.503e-06
1.5148e-06
1.5268e-06
1.5388e-06
1.5509e-06
1.5631e-06
1.5753e-06
1.5877e-06
1.6001e-06
1.6127e-06
1.6253e-06
1.638e-06
1.6507e-06
1.6636e-06
1.6765e-06
1.6896e-06
1.7027e-06
1.7159e-06
1.7292e-06
1.7426e-06
1.7561e-06
1.7697e-06
1.7834e-06
1.7971e-06
1.811e-06
1.8249e-06
1.8389e-06
1.8531e-06
1.8673e-06
1.8816e-06
1.896e-06
1.9105e-06
1.9251e-06
1.9398e-06
1.9546e-06
1.9695e-06
1.9845e-06
1.9996e-06
2.0147e-06
2.03e-06
2.0454e-06
2.0609e-06
2.0765e-06
2.0922e-06
2.108e-06
2.1238e-06
2.1398e-06
2.1559e-06
2.1721e-06
2.1884e-06
2.2049e-06
2.2214e-06
2.238e-06
2.2547e-06
2.2716e-06
2.2885e-06
2.3055e-06
2.3227e-06
2.34e-06
2.3574e-06
2.3748e-06
2.3924e-06
2.4102e-06
2.428e-06
2.4459e-06
2.464e-06
2.4821e-06
2.5004e-06
2.5188e-06
2.5373e-06
2.5559e-06
2.5747e-06
2.5935e-06
2.6125e-06
2.6316e-06
2.6508e-06
2.6701e-06
2.6896e-06
2.7091e-06
2.7288e-06
2.7486e-06
2.7686e-06
2.7886e-06
2.8088e-06
2.8291e-06
2.8495e-06
2.8701e-06
2.8907e-06
2.9115e-06
2.9325e-06
2.9535e-06
2.9747e-06
2.996e-06
3.0175e-06
3.039e-06
3.0607e-06
3.0826e-06
3.1045e-06
3.1266e-06
3.1488e-06
3.1712e-06
3.1937e-06
3.2163e-06
3.2391e-06
3.262e-06
3.285e-06
3.3082e-06
3.3315e-06
3.3549e-06
3.3785e-06
3.4022e-06
3.4261e-06
3.4501e-06
3.4742e-06
3.4985e-06
3.5229e-06
3.5475e-06
3.5722e-06
3.597e-06
3.622e-06
3.6471e-06
3.6724e-06
3.6979e-06
3.7234e-06
3.7492e-06
3.775e-06
3.8011e-06
3.8272e-06
3.8536e-06
3.88e-06
3.9066e-06
3.9334e-06
3.9603e-06
3.9874e-06
4.0147e-06
4.042e-06
4.0696e-06
4.0973e-06
4.1251e-06
4.1531e-06
4.1813e-06
4.2096e-06
4.2381e-06
4.2667e-06
4.2955e-06
4.3245e-06
4.3536e-06
4.3829e-06
4.4123e-06
4.442e-06
4.4717e-06
4.5017e-06
4.5318e-06
4.562e-06
4.5924e-06
4.623e-06
4.6538e-06
4.6847e-06
4.7158e-06
4.7471e-06
4.7785e-06
4.8101e-06
4.8419e-06
4.8739e-06
4.906e-06
4.9383e-06
4.9708e-06
5.0034e-06
5.0362e-06
5.0692e-06
5.1024e-06
5.1357e-06
5.1692e-06
5.2029e-06
5.2368e-06
5.2709e-06
5.3051e-06
5.3395e-06
5.3741e-06
5.4089e-06
5.4438e-06
5.479e-06
5.5143e-06
5.5498e-06
5.5855e-06
5.6214e-06
5.6574e-06
5.6937e-06
5.7301e-06
5.7667e-06
5.8036e-06
5.8406e-06
5.8778e-06
5.9151e-06
5.9527e-06
5.9905e-06
6.0284e-06
6.0666e-06
6.1049e-06
6.1434e-06
6.1822e-06
6.2211e-06
6.2602e-06
6.2995e-06
6.339e-06
6.3787e-06
6.4186e-06
6.4588e-06
6.4991e-06
6.5396e-06
6.5803e-06
6.6212e-06
6.6623e-06
6.7036e-06
6.7451e-06
6.7868e-06
6.8287e-06
6.8709e-06
6.9132e-06
6.9557e-06
6.9985e-06
7.0414e-06
7.0846e-06
7.1279e-06
7.1715e-06
7.2153e-06
7.2593e-06
7.3035e-06
7.3479e-06
7.3925e-06
7.4373e-06
7.4824e-06
7.5277e-06
7.5731e-06
7.6188e-06
7.6647e-06
7.7108e-06
7.7572e-06
7.8037e-06
7.8505e-06
7.8975e-06
7.9447e-06
7.9921e-06
8.0398e-06
8.0876e-06
8.1357e-06
8.184e-06
8.2326e-06
8.2813e-06
8.3303e-06
8.3795e-06
8.4289e-06
8.4786e-06
8.5284e-06
8.5785e-06
8.6289e-06
8.6794e-06
8.7302e-06
8.7812e-06
8.8324e-06
8.8839e-06
8.9356e-06
8.9875e-06
9.0396e-06
9.092e-06
9.1446e-06
9.1975e-06
9.2506e-06
9.3039e-06
9.3574e-06
9.4112e-06
9.4652e-06
9.5194e-06
9.5739e-06
9.6286e-06
9.6836e-06
9.7388e-06
9.7942e-06
9.8499e-06
9.9058e-06
9.9619e-06
1.0018e-05
1.0075e-05
1.0132e-05
1.0189e-05
1.0246e-05
1.0304e-05
1.0362e-05
1.042e-05
1.0478e-05
1.0537e-05
1.0595e-05
1.0654e-05
1.0714e-05
1.0773e-05
1.0833e-05
1.0893e-05
1.0953e-05
1.1014e-05
1.1074e-05
1.1135e-05
1.1197e-05
1.1258e-05
1.132e-05
1.1382e-05
1.1444e-05
1.1507e-05
1.1569e-05
1.1632e-05
1.1696e-05
1.1759e-05
1.1823e-05
1.1887e-05
1.1951e-05
1.2016e-05
1.208e-05
1.2145e-05
1.2211e-05
1.2276e-05
1.2342e-05
1.2408e-05
1.2474e-05
1.2541e-05
1.2607e-05
1.2675e-05
1.2742e-05
1.2809e-05
1.2877e-05
1.2945e-05
1.3014e-05
1.3082e-05
1.3151e-05
1.322e-05
1.3289e-05
1.3359e-05
1.3429e-05
1.3499e-05
1.3569e-05
1.364e-05
1.3711e-05
1.3782e-05
1.3854e-05
1.3925e-05
1.3997e-05
1.4069e-05
1.4142e-05
1.4215e-05
1.4288e-05
1.4361e-05
1.4434e-05
1.4508e-05
1.4582e-05
1.4656e-05
1.4731e-05
1.4806e-05
1.4881e-05
1.4956e-05
1.5032e-05
1.5108e-05
1.5184e-05
1.526e-05
1.5337e-05
1.5414e-05
1.5491e-05
1.5568e-05
1.5646e-05
1.5724e-05
1.5802e-05
1.5881e-05
1.596e-05
1.6039e-05
1.6118e-05
1.6197e-05
1.6277e-05
1.6357e-05
1.6438e-05
1.6518e-05
1.6599e-05
1.668e-05
1.6762e-05
1.6843e-05
1.6925e-05
1.7007e-05
1.709e-05
1.7173e-05
1.7256e-05
1.7339e-05
1.7422e-05
1.7506e-05
1.759e-05
1.7674e-05
1.7759e-05
1.7844e-05
1.7929e-05
1.8014e-05
1.81e-05
1.8186e-05
1.8272e-05
1.8358e-05
1.8445e-05
1.8532e-05
1.8619e-05
1.8707e-05
1.8794e-05
1.8882e-05
1.8971e-05
1.9059e-05
1.9148e-05
1.9237e-05
1.9326e-05
1.9416e-05
1.9506e-05
1.9596e-05
1.9686e-05
1.9777e-05
1.9867e-05
1.9959e-05
2.005e-05
2.0142e-05
2.0233e-05
2.0326e-05
2.0418e-05
2.0511e-05
2.0604e-05
2.0697e-05
2.079e-05
2.0884e-05
2.0978e-05
2.1072e-05
2.1166e-05
2.1261e-05
2.1356e-05
2.1451e-05
2.1547e-05
2.1643e-05
2.1739e-05
2.1835e-05
2.1931e-05
2.2028e-05
2.2125e-05
2.2222e-05
2.232e-05
2.2418e-05
2.2516e-05
2.2614e-05
2.2712e-05
2.2811e-05
2.291e-05
2.3009e-05
2.3109e-05
2.3209e-05
2.3309e-05
2.3409e-05
2.3509e-05
2.361e-05
2.3711e-05
2.3812e-05
2.3914e-05
2.4015e-05
2.4117e-05
2.4219e-05
2.4322e-05
2.4424e-05
2.4527e-05
2.463e-05
2.4734e-05
2.4837e-05
2.4941e-05
2.5045e-05
2.515e-05
2.5254e-05
2.5359e-05
2.5464e-05
2.5569e-05
2.5675e-05
2.578e-05
2.5886e-05
2.5993e-05
2.6099e-05
2.6206e-05
2.6312e-05
2.6419e-05
2.6527e-05
2.6634e-05
2.6742e-05
2.685e-05
2.6958e-05
2.7067e-05
2.7175e-05
2.7284e-05
2.7393e-05
2.7503e-05
2.7612e-05
2.7722e-05
2.7832e-05
2.7942e-05
2.8052e-05
2.8163e-05
2.8274e-05
2.8385e-05
2.8496e-05
2.8608e-05
2.8719e-05
2.8831e-05
2.8943e-05
2.9055e-05
2.9168e-05
2.9281e-05
2.9393e-05
2.9507e-05
2.962e-05
2.9733e-05
2.9847e-05
2.9961e-05
3.0075e-05
3.0189e-05
3.0304e-05
3.0418e-05
3.0533e-05
3.0648e-05
3.0763e-05
3.0879e-05
3.0995e-05
3.111e-05
3.1226e-05
3.1342e-05
3.1459e-05
3.1575e-05
3.1692e-05
3.1809e-05
3.1926e-05
3.2043e-05
3.2161e-05
3.2278e-05
3.2396e-05
3.2514e-05
3.2632e-05
3.2751e-05
3.2869e-05
3.2988e-05
3.3106e-05
3.3225e-05
3.3344e-05
3.3464e-05
3.3583e-05
3.3703e-05
3.3823e-05
3.3943e-05
3.4063e-05
3.4183e-05
3.4303e-05
3.4424e-05
3.4544e-05
3.4665e-05
3.4786e-05
3.4907e-05
3.5029e-05
3.515e-05
3.5272e-05
3.5393e-05
3.5515e-05
3.5637e-05
3.5759e-05
3.5882e-05
3.6004e-05
3.6126e-05
3.6249e-05
3.6372e-05
3.6495e-05
3.6618e-05
3.6741e-05
3.6864e-05
3.6988e-05
3.7111e-05
3.7235e-05
3.7358e-05
3.7482e-05
3.7606e-05
3.773e-05
3.7855e-05
3.7979e-05
3.8103e-05
3.8228e-05
3.8352e-05
3.8477e-05
3.8602e-05
3.8727e-05
3.8852e-05
3.8977e-05
3.9102e-05
3.9228e-05
3.9353e-05
3.9478e-05
3.9604e-05
3.973e-05
3.9855e-05
3.9981e-05
4.0107e-05
4.0233e-05
4.0359e-05
4.0485e-05
4.0611e-05
4.0738e-05
4.0864e-05
4.099e-05
4.1117e-05
4.1243e-05
4.137e-05
4.1497e-05
4.1623e-05
4.175e-05
4.1877e-05
4.2004e-05
4.2131e-05
4.2258e-05
4.2385e-05
4.2512e-05
4.2639e-05
4.2766e-05
4.2893e-05
4.3021e-05
4.3148e-05
4.3275e-05
4.3403e-05
4.353e-05
4.3657e-05
4.3785e-05
4.3912e-05
4.404e-05
4.4167e-05
4.4295e-05
4.4422e-05
4.455e-05
4.4677e-05
4.4805e-05
4.4932e-05
4.506e-05
4.5188e-05
4.5315e-05
4.5443e-05
4.557e-05
4.5698e-05
4.5826e-05
4.5953e-05
4.6081e-05
4.6208e-05
4.6336e-05
4.6463e-05
4.6591e-05
4.6718e-05
4.6846e-05
4.6973e-05
4.7101e-05
4.7228e-05
4.7355e-05
4.7483e-05
4.761e-05
4.7737e-05
4.7864e-05
4.7992e-05
4.8119e-05
4.8246e-05
4.8373e-05
4.85e-05
4.8627e-05
4.8754e-05
4.8881e-05
4.9007e-05
4.9134e-05
4.9261e-05
4.9387e-05
4.9514e-05
4.964e-05
4.9767e-05
4.9893e-05
5.0019e-05
5.0145e-05
5.0271e-05
5.0397e-05
5.0523e-05
5.0649e-05
5.0775e-05
5.0901e-05
5.1026e-05
5.1152e-05
5.1277e-05
5.1402e-05
5.1527e-05
5.1652e-05
5.1777e-05
5.1902e-05
5.2027e-05
5.2152e-05
5.2276e-05
5.2401e-05
5.2525e-05
5.2649e-05
5.2773e-05
5.2897e-05
5.3021e-05
5.3144e-05
5.3268e-05
5.3391e-05
5.3514e-05
5.3637e-05
5.376e-05
5.3883e-05
5.4006e-05
5.4128e-05
5.4251e-05
5.4373e-05
5.4495e-05
5.4617e-05
5.4739e-05
5.486e-05
5.4982e-05
5.5103e-05
5.5224e-05
5.5345e-05
5.5466e-05
5.5586e-05
5.5707e-05
5.5827e-05
5.5947e-05
5.6067e-05
5.6186e-05
5.6306e-05
5.6425e-05
5.6544e-05
5.6663e-05
5.6781e-05
5.69e-05
5.7018e-05
5.7136e-05
5.7254e-05
5.7372e-05
5.7489e-05
5.7606e-05
5.7723e-05
5.784e-05
5.7957e-05
5.8073e-05
5.8189e-05
5.8305e-05
5.842e-05
5.8536e-05
5.8651e-05
5.8766e-05
5.8881e-05
5.8995e-05
5.9109e-05
5.9223e-05
5.9337e-05
5.945e-05
5.9563e-05
5.9676e-05
5.9789e-05
5.9901e-05
6.0014e-05
6.0125e-05
6.0237e-05
6.0348e-05
6.046e-05
6.057e-05
6.0681e-05
6.0791e-05
6.0901e-05
6.1011e-05
6.112e-05
6.1229e-05
6.1338e-05
6.1447e-05
6.1555e-05
6.1663e-05
6.177e-05
6.1878e-05
6.1985e-05
6.2091e-05
6.2198e-05
6.2304e-05
6.241e-05
6.2515e-05
6.262e-05
6.2725e-05
6.283e-05
6.2934e-05
6.3038e-05
6.3141e-05
6.3244e-05
6.3347e-05
6.345e-05
6.3552e-05
6.3654e-05
6.3755e-05
6.3857e-05
6.3957e-05
6.4058e-05
6.4158e-05
6.4258e-05
6.4357e-05
6.4456e-05
6.4555e-05
6.4653e-05
6.4751e-05
6.4849e-05
6.4946e-05
6.5043e-05
6.514e-05
6.5236e-05
6.5332e-05
6.5427e-05
6.5522e-05
6.5617e-05
6.5711e-05
6.5805e-05
6.5898e-05
6.5991e-05
6.6084e-05
6.6176e-05
6.6268e-05
6.636e-05
6.6451e-05
6.6542e-05
6.6632e-05
6.6722e-05
6.6811e-05
6.69e-05
6.6989e-05
6.7077e-05
6.7165e-05
6.7253e-05
6.734e-05
6.7426e-05
6.7513e-05
6.7598e-05
6.7684e-05
6.7768e-05
6.7853e-05
6.7937e-05
6.8021e-05
6.8104e-05
6.8186e-05
6.8269e-05
6.8351e-05
6.8432e-05
6.8513e-05
6.8593e-05
6.8674e-05
6.8753e-05
6.8832e-05
6.8911e-05
6.8989e-05
6.9067e-05
6.9144e-05
6.9221e-05
6.9298e-05
6.9374e-05
6.9449e-05
6.9524e-05
6.9599e-05
6.9673e-05
6.9746e-05
6.9819e-05
6.9892e-05
6.9964e-05
7.0036e-05
7.0107e-05
7.0178e-05
7.0248e-05
7.0318e-05
7.0387e-05
7.0456e-05
7.0524e-05
7.0592e-05
7.0659e-05
7.0726e-05
7.0792e-05
7.0858e-05
7.0924e-05
7.0988e-05
7.1053e-05
7.1116e-05
7.118e-05
7.1243e-05
7.1305e-05
7.1367e-05
7.1428e-05
7.1489e-05
7.1549e-05
7.1609e-05
7.1668e-05
7.1726e-05
7.1785e-05
7.1842e-05
7.1899e-05
7.1956e-05
7.2012e-05
7.2068e-05
7.2123e-05
7.2177e-05
7.2231e-05
7.2284e-05
7.2337e-05
7.239e-05
7.2442e-05
7.2493e-05
7.2544e-05
7.2594e-05
7.2643e-05
7.2693e-05
7.2741e-05
7.2789e-05
7.2837e-05
7.2884e-05
7.293e-05
7.2976e-05
7.3021e-05
7.3066e-05
7.311e-05
7.3154e-05
7.3197e-05
7.324e-05
7.3282e-05
7.3323e-05
7.3364e-05
7.3404e-05
7.3444e-05
7.3483e-05
7.3522e-05
7.356e-05
7.3597e-05
7.3634e-05
7.3671e-05
7.3707e-05
7.3742e-05
7.3777e-05
7.3811e-05
7.3844e-05
7.3877e-05
7.391e-05
7.3942e-05
7.3973e-05
7.4004e-05
7.4034e-05
7.4063e-05
7.4092e-05
7.4121e-05
7.4149e-05
7.4176e-05
7.4203e-05
7.4229e-05
7.4254e-05
7.4279e-05
7.4303e-05
7.4327e-05
7.435e-05
7.4373e-05
7.4395e-05
7.4417e-05
7.4438e-05
7.4458e-05
7.4478e-05
7.4497e-05
7.4515e-05
7.4533e-05
7.4551e-05
7.4567e-05
7.4584e-05
7.4599e-05
7.4614e-05
7.4629e-05
7.4643e-05
7.4656e-05
7.4669e-05
7.4681e-05
7.4692e-05
7.4703e-05
7.4713e-05
7.4723e-05
7.4732e-05
7.4741e-05
7.4749e-05
7.4756e-05
7.4763e-05
7.4769e-05
7.4775e-05
7.478e-05
7.4784e-05
7.4788e-05
7.4791e-05
7.4794e-05
7.4796e-05
7.4797e-05
7.4798e-05
7.4799e-05
7.4798e-05
7.4797e-05
7.4796e-05
7.4794e-05
7.4791e-05
7.4788e-05
7.4784e-05
7.478e-05
7.4775e-05
7.4769e-05
7.4763e-05
7.4756e-05
7.4748e-05
7.4741e-05
7.4732e-05
7.4723e-05
7.4713e-05
7.4703e-05
7.4692e-05
7.468e-05
7.4668e-05
7.4655e-05
7.4642e-05
7.4628e-05
7.4614e-05
7.4599e-05
7.4583e-05
7.4567e-05
7.455e-05
7.4533e-05
7.4515e-05
7.4496e-05
7.4477e-05
7.4457e-05
7.4437e-05
7.4416e-05
7.4394e-05
7.4372e-05
7.435e-05
7.4326e-05
7.4303e-05
7.4278e-05
7.4253e-05
7.4228e-05
7.4201e-05
7.4175e-05
7.4147e-05
7.412e-05
7.4091e-05
7.4062e-05
7.4033e-05
7.4002e-05
7.3972e-05
7.394e-05
7.3909e-05
7.3876e-05
7.3843e-05
7.3809e-05
7.3775e-05
7.3741e-05
7.3705e-05
7.3669e-05
7.3633e-05
7.3596e-05
7.3558e-05
7.352e-05
7.3482e-05
7.3442e-05
7.3403e-05
7.3362e-05
7.3321e-05
7.328e-05
7.3238e-05
7.3195e-05
7.3152e-05
7.3109e-05
7.3064e-05
7.302e-05
7.2974e-05
7.2928e-05
7.2882e-05
7.2835e-05
7.2787e-05
7.2739e-05
7.2691e-05
7.2642e-05
7.2592e-05
7.2542e-05
7.2491e-05
7.244e-05
7.2388e-05
7.2335e-05
7.2282e-05
7.2229e-05
7.2175e-05
7.212e-05
7.2065e-05
7.201e-05
7.1954e-05
7.1897e-05
7.184e-05
7.1782e-05
7.1724e-05
7.1665e-05
7.1606e-05
7.1547e-05
7.1486e-05
7.1425e-05
7.1364e-05
7.1302e-05
7.124e-05
7.1177e-05
7.1114e-05
7.105e-05
7.0986e-05
7.0921e-05
7.0856e-05
7.079e-05
7.0724e-05
7.0657e-05
7.0589e-05
7.0522e-05
7.0453e-05
7.0384e-05
7.0315e-05
7.0245e-05
7.0175e-05
7.0104e-05
7.0033e-05
6.9961e-05
6.9889e-05
6.9817e-05
6.9743e-05
6.967e-05
6.9596e-05
6.9521e-05
6.9446e-05
6.9371e-05
6.9295e-05
6.9218e-05
6.9141e-05
6.9064e-05
6.8986e-05
6.8908e-05
6.8829e-05
6.875e-05
6.867e-05
6.859e-05
6.851e-05
6.8429e-05
6.8347e-05
6.8266e-05
6.8183e-05
6.8101e-05
6.8017e-05
6.7934e-05
6.785e-05
6.7765e-05
6.768e-05
6.7595e-05
6.7509e-05
6.7423e-05
6.7336e-05
6.7249e-05
6.7162e-05
6.7074e-05
6.6986e-05
6.6897e-05
6.6808e-05
6.6718e-05
6.6629e-05
6.6538e-05
6.6447e-05
6.6356e-05
6.6265e-05
6.6173e-05
6.6081e-05
6.5988e-05
6.5895e-05
6.5801e-05
6.5707e-05
6.5613e-05
6.5518e-05
6.5423e-05
6.5328e-05
6.5232e-05
6.5136e-05
6.5039e-05
6.4943e-05
6.4845e-05
6.4748e-05
6.465e-05
6.4551e-05
6.4453e-05
6.4353e-05
6.4254e-05
6.4154e-05
6.4054e-05
6.3954e-05
6.3853e-05
6.3752e-05
6.365e-05
6.3548e-05
6.3446e-05
6.3343e-05
6.324e-05
6.3137e-05
6.3034e-05
6.293e-05
6.2826e-05
6.2721e-05
6.2616e-05
6.2511e-05
6.2406e-05
6.23e-05
6.2194e-05
6.2087e-05
6.1981e-05
6.1874e-05
6.1766e-05
6.1659e-05
6.1551e-05
6.1442e-05
6.1334e-05
6.1225e-05
6.1116e-05
6.1007e-05
6.0897e-05
6.0787e-05
6.0677e-05
6.0566e-05
6.0455e-05
6.0344e-05
6.0233e-05
6.0121e-05
6.0009e-05
5.9897e-05
5.9785e-05
5.9672e-05
5.9559e-05
5.9446e-05
5.9332e-05
5.9219e-05
5.9105e-05
5.8991e-05
5.8876e-05
5.8762e-05
5.8647e-05
5.8531e-05
5.8416e-05
5.83e-05
5.8185e-05
5.8068e-05
5.7952e-05
5.7836e-05
5.7719e-05
5.7602e-05
5.7485e-05
5.7367e-05
5.725e-05
5.7132e-05
5.7014e-05
5.6895e-05
5.6777e-05
5.6658e-05
5.6539e-05
5.642e-05
5.6301e-05
5.6182e-05
5.6062e-05
5.5942e-05
5.5822e-05
5.5702e-05
5.5582e-05
5.5461e-05
5.534e-05
5.5219e-05
5.5098e-05
5.4977e-05
5.4856e-05
5.4734e-05
5.4612e-05
5.449e-05
5.4368e-05
5.4246e-05
5.4124e-05
5.4001e-05
5.3879e-05
5.3756e-05
5.3633e-05
5.351e-05
5.3387e-05
5.3263e-05
5.314e-05
5.3016e-05
5.2892e-05
5.2768e-05
5.2644e-05
5.252e-05
5.2396e-05
5.2271e-05
5.2147e-05
5.2022e-05
5.1898e-05
5.1773e-05
5.1648e-05
5.1523e-05
5.1398e-05
5.1272e-05
5.1147e-05
5.1021e-05
5.0896e-05
5.077e-05
5.0644e-05
5.0519e-05
5.0393e-05
5.0267e-05
5.0141e-05
5.0014e-05
4.9888e-05
4.9762e-05
4.9636e-05
4.9509e-05
4.9383e-05
4.9256e-05
4.9129e-05
4.9003e-05
4.8876e-05
4.8749e-05
4.8622e-05
4.8495e-05
4.8368e-05
4.8241e-05
4.8114e-05
4.7987e-05
4.786e-05
4.7733e-05
4.7605e-05
4.7478e-05
4.7351e-05
4.7223e-05
4.7096e-05
4.6968e-05
4.6841e-05
4.6714e-05
4.6586e-05
4.6459e-05
4.6331e-05
4.6204e-05
4.6076e-05
4.5948e-05
4.5821e-05
4.5693e-05
4.5566e-05
4.5438e-05
4.531e-05
4.5183e-05
4.5055e-05
4.4928e-05
4.48e-05
4.4673e-05
4.4545e-05
4.4417e-05
4.429e-05
4.4162e-05
4.4035e-05
4.3907e-05
4.378e-05
4.3653e-05
4.3525e-05
4.3398e-05
4.327e-05
4.3143e-05
4.3016e-05
4.2889e-05
4.2761e-05
4.2634e-05
4.2507e-05
4.238e-05
4.2253e-05
4.2126e-05
4.1999e-05
4.1872e-05
4.1746e-05
4.1619e-05
4.1492e-05
4.1365e-05
4.1239e-05
4.1112e-05
4.0986e-05
4.0859e-05
4.0733e-05
4.0607e-05
4.0481e-05
4.0354e-05
4.0228e-05
4.0102e-05
3.9977e-05
3.9851e-05
3.9725e-05
3.9599e-05
3.9474e-05
3.9348e-05
3.9223e-05
3.9098e-05
3.8972e-05
3.8847e-05
3.8722e-05
3.8597e-05
3.8473e-05
3.8348e-05
3.8223e-05
3.8099e-05
3.7974e-05
3.785e-05
3.7726e-05
3.7602e-05
3.7478e-05
3.7354e-05
3.723e-05
3.7107e-05
3.6983e-05
3.686e-05
3.6736e-05
3.6613e-05
3.649e-05
3.6367e-05
3.6245e-05
3.6122e-05
3.5999e-05
3.5877e-05
3.5755e-05
3.5633e-05
3.5511e-05
3.5389e-05
3.5267e-05
3.5146e-05
3.5024e-05
3.4903e-05
3.4782e-05
3.4661e-05
3.454e-05
3.4419e-05
3.4299e-05
3.4178e-05
3.4058e-05
3.3938e-05
3.3818e-05
3.3699e-05
3.3579e-05
3.3459e-05
3.334e-05
3.3221e-05
3.3102e-05
3.2983e-05
3.2865e-05
3.2746e-05
3.2628e-05
3.251e-05
3.2392e-05
3.2274e-05
3.2157e-05
3.2039e-05
3.1922e-05
3.1805e-05
3.1688e-05
3.1571e-05
3.1455e-05
3.1338e-05
3.1222e-05
3.1106e-05
3.099e-05
3.0875e-05
3.0759e-05
3.0644e-05
3.0529e-05
3.0414e-05
3.03e-05
3.0185e-05
3.0071e-05
2.9957e-05
2.9843e-05
2.9729e-05
2.9616e-05
2.9502e-05
2.9389e-05
2.9277e-05
2.9164e-05
2.9051e-05
2.8939e-05
2.8827e-05
2.8715e-05
2.8604e-05
2.8492e-05
2.8381e-05
2.827e-05
2.8159e-05
2.8049e-05
2.7938e-05
2.7828e-05
2.7718e-05
2.7608e-05
2.7499e-05
2.7389e-05
2.728e-05
2.7172e-05
2.7063e-05
2.6954e-05
2.6846e-05
2.6738e-05
2.6631e-05
2.6523e-05
2.6416e-05
2.6309e-05
2.6202e-05
2.6095e-05
2.5989e-05
2.5883e-05
2.5777e-05
2.5671e-05
2.5566e-05
2.546e-05
2.5355e-05
2.5251e-05
2.5146e-05
2.5042e-05
2.4938e-05
2.4834e-05
2.473e-05
2.4627e-05
2.4524e-05
2.4421e-05
2.4318e-05
2.4216e-05
2.4114e-05
2.4012e-05
2.391e-05
2.3809e-05
2.3707e-05
2.3606e-05
2.3506e-05
2.3405e-05
2.3305e-05
2.3205e-05
2.3105e-05
2.3006e-05
2.2907e-05
2.2808e-05
2.2709e-05
2.261e-05
2.2512e-05
2.2414e-05
2.2316e-05
2.2219e-05
2.2122e-05
2.2025e-05
2.1928e-05
2.1832e-05
2.1735e-05
2.1639e-05
2.1544e-05
2.1448e-05
2.1353e-05
2.1258e-05
2.1163e-05
2.1069e-05
2.0975e-05
2.0881e-05
2.0787e-05
2.0694e-05
2.06e-05
2.0507e-05
2.0415e-05
2.0322e-05
2.023e-05
2.0138e-05
2.0047e-05
1.9955e-05
1.9864e-05
1.9773e-05
1.9683e-05
1.9593e-05
1.9503e-05
1.9413e-05
1.9323e-05
1.9234e-05
1.9145e-05
1.9056e-05
1.8968e-05
1.8879e-05
1.8791e-05
1.8704e-05
1.8616e-05
1.8529e-05
1.8442e-05
1.8355e-05
1.8269e-05
1.8183e-05
1.8097e-05
1.8011e-05
1.7926e-05
1.7841e-05
1.7756e-05
1.7672e-05
1.7587e-05
1.7503e-05
1.742e-05
1.7336e-05
1.7253e-05
1.717e-05
1.7087e-05
1.7005e-05
1.6923e-05
1.6841e-05
1.6759e-05
1.6678e-05
1.6596e-05
1.6516e-05
1.6435e-05
1.6355e-05
1.6275e-05
1.6195e-05
1.6115e-05
1.6036e-05
1.5957e-05
1.5878e-05
1.58e-05
1.5721e-05
1.5643e-05
1.5566e-05
1.5488e-05
1.5411e-05
1.5334e-05
1.5258e-05
1.5181e-05
1.5105e-05
1.5029e-05
1.4954e-05
1.4878e-05
1.4803e-05
1.4728e-05
1.4654e-05
1.458e-05
1.4506e-05
1.4432e-05
1.4358e-05
1.4285e-05
1.4212e-05
1.4139e-05
1.4067e-05
1.3995e-05
1.3923e-05
1.3851e-05
1.378e-05
1.3709e-05
1.3638e-05
1.3567e-05
1.3497e-05
1.3427e-05
1.3357e-05
1.3287e-05
1.3218e-05
1.3149e-05
1.308e-05
1.3011e-05
1.2943e-05
1.2875e-05
1.2807e-05
1.274e-05
1.2672e-05
1.2605e-05
1.2539e-05
1.2472e-05
1.2406e-05
1.234e-05
1.2274e-05
1.2209e-05
1.2143e-05
1.2078e-05
1.2014e-05
1.1949e-05
1.1885e-05
1.1821e-05
1.1757e-05
1.1694e-05
1.163e-05
1.1567e-05
1.1505e-05
1.1442e-05
1.138e-05
1.1318e-05
1.1256e-05
1.1195e-05
1.1134e-05
1.1073e-05
1.1012e-05
1.0951e-05
1.0891e-05
1.0831e-05
1.0771e-05
1.0712e-05
1.0652e-05
1.0593e-05
1.0535e-05
1.0476e-05
1.0418e-05
1.036e-05
1.0302e-05
1.0244e-05
1.0187e-05
1.013e-05
1.0073e-05
1.0017e-05
9.9601e-06
9.904e-06
9.8481e-06
9.7925e-06
9.7371e-06
9.6819e-06
9.6269e-06
9.5722e-06
9.5178e-06
9.4635e-06
9.4095e-06
9.3557e-06
9.3022e-06
9.2489e-06
9.1958e-06
9.143e-06
9.0904e-06
9.038e-06
8.9859e-06
8.934e-06
8.8823e-06
8.8308e-06
8.7796e-06
8.7286e-06
8.6779e-06
8.6273e-06
8.577e-06
8.5269e-06
8.477e-06
8.4274e-06
8.378e-06
8.3288e-06
8.2798e-06
8.2311e-06
8.1826e-06
8.1343e-06
8.0862e-06
8.0383e-06
7.9907e-06
7.9433e-06
7.8961e-06
7.8491e-06
7.8023e-06
7.7558e-06
7.7095e-06
7.6633e-06
7.6174e-06
7.5718e-06
7.5263e-06
7.481e-06
7.436e-06
7.3912e-06
7.3465e-06
7.3021e-06
7.2579e-06
7.214e-06
7.1702e-06
7.1266e-06
7.0833e-06
7.0401e-06
6.9972e-06
6.9544e-06
6.9119e-06
6.8696e-06
6.8275e-06
6.7856e-06
6.7439e-06
6.7024e-06
6.6611e-06
6.62e-06
6.5791e-06
6.5384e-06
6.4979e-06
6.4576e-06
6.4175e-06
6.3776e-06
6.3379e-06
6.2984e-06
6.2591e-06
6.2199e-06
6.181e-06
6.1423e-06
6.1038e-06
6.0654e-06
6.0273e-06
5.9894e-06
5.9516e-06
5.914e-06
5.8767e-06
5.8395e-06
5.8025e-06
5.7657e-06
5.7291e-06
5.6926e-06
5.6564e-06
5.6203e-06
5.5845e-06
5.5488e-06
5.5133e-06
5.478e-06
5.4428e-06
5.4079e-06
5.3731e-06
5.3385e-06
5.3041e-06
5.2699e-06
5.2358e-06
5.202e-06
5.1683e-06
5.1348e-06
5.1014e-06
5.0683e-06
5.0353e-06
5.0025e-06
4.9698e-06
4.9374e-06
4.9051e-06
4.873e-06
4.841e-06
4.8092e-06
4.7776e-06
4.7462e-06
4.715e-06
4.6839e-06
4.6529e-06
4.6222e-06
4.5916e-06
4.5612e-06
4.5309e-06
4.5008e-06
4.4709e-06
4.4411e-06
4.4115e-06
4.3821e-06
4.3528e-06
4.3237e-06
4.2947e-06
4.2659e-06
4.2373e-06
4.2088e-06
4.1805e-06
4.1524e-06
4.1244e-06
4.0965e-06
4.0688e-06
4.0413e-06
4.0139e-06
3.9867e-06
3.9596e-06
3.9327e-06
3.9059e-06
3.8793e-06
3.8528e-06
3.8265e-06
3.8003e-06
3.7743e-06
3.7485e-06
3.7227e-06
3.6972e-06
3.6717e-06
3.6465e-06
3.6213e-06
3.5963e-06
3.5715e-06
3.5468e-06
3.5222e-06
3.4978e-06
3.4735e-06
3.4494e-06
3.4254e-06
3.4016e-06
3.3778e-06
3.3543e-06
3.3308e-06
3.3075e-06
3.2844e-06
3.2613e-06
3.2384e-06
3.2157e-06
3.1931e-06
3.1706e-06
3.1482e-06
3.126e-06
3.1039e-06
3.082e-06
3.0601e-06
3.0384e-06
3.0169e-06
2.9954e-06
2.9741e-06
2.953e-06
2.9319e-06
2.911e-06
2.8902e-06
2.8695e-06
2.849e-06
2.8286e-06
2.8083e-06
2.7881e-06
2.768e-06
2.7481e-06
2.7283e-06
2.7086e-06
2.689e-06
2.6696e-06
2.6503e-06
2.6311e-06
2.612e-06
2.593e-06
2.5742e-06
2.5554e-06
2.5368e-06
2.5183e-06
2.4999e-06
2.4817e-06
2.4635e-06
2.4455e-06
2.4275e-06
2.4097e-06
2.392e-06
2.3744e-06
2.3569e-06
2.3395e-06
2.3223e-06
2.3051e-06
2.2881e-06
2.2711e-06
2.2543e-06
2.2376e-06
2.2209e-06
2.2044e-06
2.188e-06
2.1717e-06
2.1555e-06
2.1394e-06
2.1234e-06
2.1076e-06
2.0918e-06
2.0761e-06
2.0605e-06
2.045e-06
2.0296e-06
2.0144e-06
1.9992e-06
1.9841e-06
1.9691e-06
1.9542e-06
1.9394e-06
1.9247e-06
1.9101e-06
1.8956e-06
1.8812e-06
1.8669e-06
1.8527e-06
1.8386e-06
1.8246e-06
1.8106e-06
1.7968e-06
1.783e-06
1.7694e-06
1.7558e-06
1.7423e-06
1.7289e-06
1.7156e-06
1.7024e-06
1.6893e-06
1.6762e-06
1.6633e-06
1.6504e-06
1.6376e-06
1.625e-06
1.6123e-06
1.5998e-06
1.5874e-06
1.575e-06
1.5628e-06
1.5506e-06
1.5385e-06
1.5265e-06
1.5145e-06
1.5027e-06
1.4909e-06
1.4792e-06
1.4676e-06
1.4561e-06
1.4446e-06
1.4332e-06
1.4219e-06
1.4107e-06
1.3996e-06
1.3885e-06
1.3775e-06
1.3666e-06
1.3558e-06
1.345e-06
1.3343e-06
1.3237e-06
1.3132e-06
1.3027e-06
1.2923e-06
1.282e-06
1.2718e-06
1.2616e-06
1.2515e-06
1.2415e-06
1.2315e-06
1.2216e-06
1.2118e-06
1.202e-06
1.1924e-06
1.1827e-06
1.1732e-06
1.1637e-06
1.1543e-06
1.145e-06
1.1357e-06
1.1265e-06
1.1173e-06
1.1083e-06
1.0992e-06
1.0903e-06
1.0814e-06
1.0726e-06
1.0638e-06
1.0551e-06
1.0465e-06
1.0379e-06
1.0294e-06
1.021e-06
1.0126e-06
1.0043e-06
9.9601e-07
9.8781e-07
9.7966e-07
9.7158e-07
9.6356e-07
9.5559e-07
9.4768e-07
9.3984e-07
9.3204e-07
9.2431e-07
9.1663e-07
9.0901e-07
9.0145e-07
8.9394e-07
8.8649e-07
8.7909e-07
8.7175e-07
8.6446e-07
8.5722e-07
8.5004e-07
8.4291e-07
8.3584e-07
8.2882e-07
8.2185e-07
8.1493e-07
8.0807e-07
8.0126e-07
7.9449e-07
7.8778e-07
7.8112e-07
7.7451e-07
7.6795e-07
7.6144e-07
7.5498e-07
7.4857e-07
7.422e-07
7.3589e-07
7.2962e-07
7.234e-07
7.1722e-07
7.111e-07
7.0502e-07
6.9899e-07
6.93e-07
6.8706e-07
6.8116e-07
6.7531e-07
6.6951e-07
6.6375e-07
6.5803e-07
6.5236e-07
6.4673e-07
6.4115e-07
6.3561e-07
6.3011e-07
6.2465e-07
6.1924e-07
6.1387e-07
6.0854e-07
6.0325e-07
5.98e-07
5.9279e-07
5.8763e-07
5.825e-07
5.7742e-07
5.7237e-07
5.6737e-07
5.624e-07
5.5748e-07
5.5259e-07
5.4774e-07
5.4293e-07
5.3815e-07
5.3342e-07
5.2872e-07
5.2406e-07
5.1943e-07
5.1485e-07
5.103e-07
5.0578e-07
5.013e-07
4.9686e-07
4.9245e-07
4.8808e-07
4.8374e-07
4.7944e-07
4.7517e-07
4.7094e-07
4.6674e-07
4.6257e-07
4.5844e-07
4.5434e-07
4.5028e-07
4.4624e-07
4.4224e-07
4.3828e-07
4.3434e-07
4.3044e-07
4.2656e-07
4.2272e-07
4.1891e-07
4.1513e-07
4.1139e-07
4.0767e-07
4.0398e-07
4.0033e-07
3.967e-07
3.931e-07
3.8954e-07
3.86e-07
3.8249e-07
3.7901e-07
3.7556e-07
3.7214e-07
3.6874e-07
3.6538e-07
3.6204e-07
3.5873e-07
3.5544e-07
3.5219e-07
3.4896e-07
3.4576e-07
3.4258e-07
3.3943e-07
3.3631e-07
3.3321e-07
3.3014e-07
3.271e-07
3.2408e-07
3.2108e-07
3.1811e-07
3.1517e-07
3.1225e-07
3.0936e-07
3.0649e-07
3.0364e-07
3.0082e-07
2.9802e-07
2.9525e-07
2.925e-07
2.8977e-07
2.8706e-07
2.8438e-07
2.8172e-07
2.7909e-07
2.7647e-07
2.7388e-07
2.7131e-07
2.6877e-07
2.6624e-07
2.6374e-07
2.6126e-07
2.588e-07
2.5636e-07
2.5394e-07
2.5154e-07
2.4916e-07
2.4681e-07
2.4447e-07
2.4215e-07
2.3986e-07
2.3758e-07
2.3532e-07
2.3309e-07
2.3087e-07
2.2867e-07
2.2649e-07
2.2433e-07
2.2219e-07
2.2007e-07
2.1797e-07
2.1588e-07
2.1381e-07
2.1176e-07
2.0973e-07
2.0772e-07
2.0572e-07
2.0375e-07
2.0179e-07
1.9984e-07
1.9792e-07
1.9601e-07
1.9411e-07
1.9224e-07
1.9038e-07
1.8854e-07
1.8671e-07
1.849e-07
1.8311e-07
1.8133e-07
1.7957e-07
1.7782e-07
1.7609e-07
1.7438e-07
1.7268e-07
1.7099e-07
1.6932e-07
1.6767e-07
1.6603e-07
1.644e-07
1.6279e-07
1.612e-07
1.5962e-07
1.5805e-07
1.565e-07
1.5496e-07
1.5343e-07
1.5192e-07
1.5042e-07
1.4894e-07
1.4747e-07
1.4601e-07
1.4457e-07
1.4314e-07
1.4172e-07
1.4031e-07
1.3892e-07
1.3754e-07
1.3618e-07
1.3482e-07
1.3348e-07
1.3215e-07
1.3083e-07
1.2953e-07
1.2823e-07
1.2695e-07
1.2568e-07
1.2443e-07
1.2318e-07
1.2195e-07
1.2072e-07
1.1951e-07
1.1831e-07
1.1712e-07
1.1594e-07
1.1478e-07
1.1362e-07
1.1247e-07
1.1134e-07
1.1021e-07
1.091e-07
1.08e-07
1.069e-07
1.0582e-07
1.0475e-07
1.0368e-07
1.0263e-07
1.0159e-07
1.0055e-07
9.953e-08
9.8516e-08
9.7512e-08
9.6517e-08
9.5532e-08
9.4556e-08
9.3589e-08
9.2631e-08
9.1682e-08
9.0743e-08
8.9812e-08
8.889e-08
8.7977e-08
8.7072e-08
8.6177e-08
8.5289e-08
8.4411e-08
8.354e-08
8.2678e-08
8.1824e-08
8.0978e-08
8.0141e-08
7.9311e-08
7.849e-08
7.7676e-08
7.687e-08
7.6072e-08
7.5282e-08
7.4499e-08
7.3724e-08
7.2956e-08
7.2196e-08
7.1443e-08
7.0697e-08
6.9959e-08
6.9227e-08
6.8503e-08
6.7786e-08
6.7076e-08
6.6373e-08
6.5676e-08
6.4987e-08
6.4304e-08
6.3628e-08
6.2958e-08
6.2295e-08
6.1639e-08
6.0989e-08
6.0345e-08
5.9708e-08
5.9076e-08
5.8451e-08
5.7833e-08
5.722e-08
5.6613e-08
5.6013e-08
5.5418e-08
5.4829e-08
5.4246e-08
5.3669e-08
5.3098e-08
5.2532e-08
5.1972e-08
5.1417e-08
5.0868e-08
5.0324e-08
4.9786e-08
4.9253e-08
4.8726e-08
4.8203e-08
4.7686e-08
4.7174e-08
4.6668e-08
4.6166e-08
4.5669e-08
4.5178e-08
4.4691e-08
4.4209e-08
4.3732e-08
4.326e-08
4.2792e-08
4.233e-08
4.1872e-08
4.1418e-08
4.0969e-08
4.0525e-08
4.0085e-08
3.965e-08
3.9219e-08
3.8793e-08
3.8371e-08
3.7953e-08
3.7539e-08
3.713e-08
3.6724e-08
3.6323e-08
3.5926e-08
3.5533e-08
3.5144e-08
3.4759e-08
3.4378e-08
3.4001e-08
3.3628e-08
3.3259e-08
3.2893e-08
3.2531e-08
3.2173e-08
3.1819e-08
3.1468e-08
3.1121e-08
3.0777e-08
3.0437e-08
3.0101e-08
2.9768e-08
2.9438e-08
2.9112e-08
2.8789e-08
2.847e-08
2.8154e-08
2.7841e-08
2.7531e-08
2.7225e-08
2.6922e-08
2.6622e-08
2.6325e-08
2.6032e-08
2.5741e-08
2.5453e-08
2.5169e-08
2.4887e-08
2.4609e-08
2.4333e-08
2.406e-08
2.379e-08
2.3523e-08
2.3259e-08
2.2997e-08
2.2738e-08
2.2482e-08
2.2229e-08
2.1979e-08
2.1731e-08
2.1485e-08
2.1242e-08
2.1002e-08
2.0765e-08
2.053e-08
2.0297e-08
2.0067e-08
1.9839e-08
1.9614e-08
1.9391e-08
1.9171e-08
1.8953e-08
1.8737e-08
1.8524e-08
1.8312e-08
1.8103e-08
1.7897e-08
1.7692e-08
1.749e-08
1.729e-08
1.7092e-08
1.6896e-08
1.6703e-08
1.6511e-08
1.6322e-08
1.6134e-08
1.5949e-08
1.5765e-08
1.5584e-08
1.5404e-08
1.5227e-08
1.5051e-08
1.4878e-08
1.4706e-08
1.4536e-08
1.4368e-08
1.4202e-08
1.4037e-08
1.3874e-08
1.3714e-08
1.3554e-08
1.3397e-08
1.3241e-08
1.3088e-08
1.2935e-08
1.2785e-08
1.2636e-08
1.2488e-08
1.2343e-08
1.2199e-08
1.2056e-08
1.1915e-08
1.1776e-08
1.1638e-08
1.1502e-08
1.1367e-08
1.1234e-08
1.1102e-08
1.0971e-08
1.0843e-08
1.0715e-08
1.0589e-08
1.0464e-08
1.0341e-08
1.0219e-08
1.0098e-08
9.9793e-09
9.8614e-09
9.7448e-09
9.6295e-09
9.5155e-09
9.4028e-09
9.2914e-09
9.1812e-09
9.0722e-09
8.9645e-09
8.8579e-09
8.7526e-09
8.6484e-09
8.5455e-09
8.4436e-09
8.343e-09
8.2434e-09
8.145e-09
8.0477e-09
7.9515e-09
7.8564e-09
7.7623e-09
7.6694e-09
7.5774e-09
7.4866e-09
7.3967e-09
7.3079e-09
7.2201e-09
7.1333e-09
7.0474e-09
6.9626e-09
6.8787e-09
6.7958e-09
6.7138e-09
6.6327e-09
6.5526e-09
6.4734e-09
6.3951e-09
6.3177e-09
6.2412e-09
6.1656e-09
6.0908e-09
6.0169e-09
5.9438e-09
5.8716e-09
5.8002e-09
5.7297e-09
5.6599e-09
5.591e-09
5.5228e-09
5.4555e-09
5.3889e-09
5.3231e-09
5.258e-09
5.1937e-09
5.1302e-09
5.0674e-09
5.0053e-09
4.9439e-09
4.8833e-09
4.8234e-09
4.7641e-09
4.7056e-09
4.6477e-09
4.5905e-09
4.534e-09
4.4781e-09
4.4229e-09
4.3683e-09
4.3144e-09
4.2611e-09
4.2084e-09
4.1564e-09
4.1049e-09
4.0541e-09
4.0039e-09
3.9542e-09
3.9052e-09
3.8567e-09
3.8088e-09
3.7614e-09
3.7146e-09
3.6684e-09
3.6227e-09
3.5776e-09
3.5329e-09
3.4889e-09
3.4453e-09
3.4023e-09
3.3597e-09
3.3177e-09
3.2762e-09
3.2351e-09
3.1946e-09
3.1545e-09
3.1149e-09
3.0758e-09
3.0372e-09
2.999e-09
2.9613e-09
2.924e-09
2.8872e-09
2.8508e-09
2.8148e-09
2.7793e-09
2.7442e-09
2.7096e-09
2.6753e-09
2.6415e-09
2.608e-09
2.575e-09
2.5424e-09
2.5101e-09
2.4783e-09
2.4468e-09
2.4157e-09
2.385e-09
2.3547e-09
2.3247e-09
2.2951e-09
2.2659e-09
2.237e-09
2.2084e-09
2.1802e-09
2.1524e-09
2.1249e-09
2.0977e-09
2.0708e-09
2.0443e-09
2.0181e-09
1.9923e-09
1.9667e-09
1.9415e-09
1.9165e-09
1.8919e-09
1.8676e-09
1.8435e-09
1.8198e-09
1.7963e-09
1.7732e-09
1.7503e-09
1.7277e-09
1.7054e-09
1.6834e-09
1.6616e-09
1.6401e-09
1.6189e-09
1.5979e-09
1.5772e-09
1.5567e-09
1.5365e-09
1.5166e-09
1.4969e-09
1.4774e-09
1.4582e-09
1.4392e-09
1.4205e-09
1.4019e-09
1.3837e-09
1.3656e-09
1.3478e-09
1.3302e-09
1.3128e-09
1.2956e-09
1.2787e-09
1.2619e-09
1.2454e-09
1.2291e-09
1.2129e-09
1.197e-09
1.1813e-09
1.1658e-09
1.1504e-09
1.1353e-09
1.1204e-09
1.1056e-09
1.091e-09
1.0766e-09
1.0624e-09
1.0484e-09
1.0346e-09
1.0209e-09
1.0074e-09
9.9404e-10
9.8087e-10
9.6788e-10
9.5504e-10
9.4237e-10
9.2987e-10
9.1751e-10
9.0532e-10
8.9328e-10
8.814e-10
8.6966e-10
8.5808e-10
8.4664e-10
8.3535e-10
8.242e-10
8.132e-10
8.0233e-10
7.9161e-10
7.8102e-10
7.7057e-10
7.6025e-10
7.5006e-10
7.4001e-10
7.3008e-10
7.2028e-10
7.1061e-10
7.0106e-10
6.9163e-10
6.8232e-10
6.7314e-10
6.6407e-10
6.5512e-10
6.4629e-10
6.3757e-10
6.2896e-10
6.2047e-10
6.1208e-10
6.038e-10
5.9563e-10
5.8757e-10
5.7961e-10
5.7175e-10
5.64e-10
5.5634e-10
5.4879e-10
5.4133e-10
5.3397e-10
5.2671e-10
5.1954e-10
5.1247e-10
5.0548e-10
4.9859e-10
4.9179e-10
4.8508e-10
4.7845e-10
4.7192e-10
4.6546e-10
4.591e-10
4.5281e-10
4.4661e-10
4.4049e-10
4.3445e-10
4.2849e-10
4.2261e-10
4.1681e-10
4.1108e-10
4.0542e-10
3.9985e-10
3.9434e-10
3.8891e-10
3.8355e-10
3.7826e-10
3.7304e-10
3.6789e-10
3.6281e-10
3.578e-10
3.5285e-10
3.4797e-10
3.4315e-10
3.384e-10
3.3371e-10
3.2908e-10
3.2451e-10
3.2001e-10
3.1556e-10
3.1118e-10
3.0685e-10
3.0258e-10
2.9837e-10
2.9421e-10
2.9011e-10
2.8607e-10
2.8208e-10
2.7814e-10
2.7425e-10
2.7042e-10
2.6664e-10
2.6291e-10
2.5923e-10
2.556e-10
2.5201e-10
2.4848e-10
2.4499e-10
2.4155e-10
2.3816e-10
2.3481e-10
2.3151e-10
2.2825e-10
2.2504e-10
2.2187e-10
2.1874e-10
2.1566e-10
2.1262e-10
2.0962e-10
2.0665e-10
2.0373e-10
2.0085e-10
1.9801e-10
1.9521e-10
1.9244e-10
1.8972e-10
1.8703e-10
1.8437e-10
1.8176e-10
1.7917e-10
1.7663e-10
1.7412e-10
1.7164e-10
1.692e-10
1.6679e-10
1.6441e-10
1.6207e-10
1.5975e-10
1.5747e-10
1.5523e-10
1.5301e-10
1.5082e-10
1.4866e-10
1.4654e-10
1.4444e-10
1.4237e-10
1.4033e-10
1.3831e-10
1.3633e-10
1.3437e-10
1.3244e-10
1.3054e-10
1.2866e-10
1.2681e-10
1.2498e-10
1.2318e-10
1.2141e-10
1.1966e-10
1.1793e-10
1.1623e-10
1.1455e-10
1.1289e-10
1.1126e-10
1.0965e-10
1.0806e-10
1.065e-10
1.0496e-10
1.0343e-10
1.0193e-10
1.0045e-10
9.8995e-11
9.7557e-11
9.6139e-11
9.474e-11
9.3362e-11
9.2002e-11
9.0662e-11
8.934e-11
8.8037e-11
8.6753e-11
8.5486e-11
8.4237e-11
8.3006e-11
8.1792e-11
8.0596e-11
7.9416e-11
7.8253e-11
7.7106e-11
7.5975e-11
7.4861e-11
7.3762e-11
7.2679e-11
7.1611e-11
7.0558e-11
6.952e-11
6.8497e-11
6.7488e-11
6.6494e-11
6.5514e-11
6.4548e-11
6.3595e-11
6.2656e-11
6.1731e-11
6.0818e-11
5.9919e-11
5.9033e-11
5.8159e-11
5.7297e-11
5.6448e-11
5.5611e-11
5.4787e-11
5.3973e-11
5.3172e-11
5.2382e-11
5.1603e-11
5.0836e-11
5.0079e-11
4.9334e-11
4.8599e-11
4.7875e-11
4.7161e-11
4.6457e-11
4.5764e-11
4.508e-11
4.4406e-11
4.3743e-11
4.3088e-11
4.2443e-11
4.1808e-11
4.1181e-11
4.0564e-11
3.9956e-11
3.9356e-11
3.8765e-11
3.8183e-11
3.7609e-11
3.7044e-11
3.6486e-11
3.5937e-11
3.5396e-11
3.4863e-11
3.4337e-11
3.3819e-11
3.3309e-11
3.2806e-11
3.231e-11
3.1822e-11
3.1341e-11
3.0867e-11
3.0399e-11
2.9939e-11
2.9485e-11
2.9038e-11
2.8598e-11
2.8164e-11
2.7736e-11
2.7315e-11
2.69e-11
2.649e-11
2.6087e-11
2.569e-11
2.5299e-11
2.4913e-11
2.4534e-11
2.4159e-11
2.3791e-11
2.3427e-11
2.3069e-11
2.2717e-11
2.2369e-11
2.2027e-11
2.169e-11
2.1358e-11
2.103e-11
2.0708e-11
2.039e-11
2.0077e-11
1.9769e-11
1.9465e-11
1.9166e-11
1.8871e-11
1.8581e-11
1.8295e-11
1.8013e-11
1.7735e-11
1.7462e-11
1.7193e-11
1.6927e-11
1.6666e-11
1.6408e-11
1.6155e-11
1.5905e-11
1.5659e-11
1.5417e-11
1.5178e-11
1.4943e-11
1.4711e-11
1.4483e-11
1.4258e-11
1.4037e-11
1.3818e-11
1.3604e-11
1.3392e-11
1.3184e-11
1.2979e-11
1.2776e-11
1.2577e-11
1.2381e-11
1.2188e-11
1.1998e-11
1.1811e-11
1.1626e-11
1.1444e-11
1.1266e-11
1.1089e-11
1.0916e-11
1.0745e-11
1.0576e-11
1.0411e-11
1.0247e-11
1.0087e-11
9.9283e-12
9.7723e-12
9.6188e-12
9.4676e-12
9.3186e-12
9.172e-12
9.0276e-12
8.8854e-12
8.7453e-12
8.6074e-12
8.4716e-12
8.3379e-12
8.2062e-12
8.0766e-12
7.9489e-12
7.8232e-12
7.6994e-12
7.5775e-12
7.4575e-12
7.3393e-12
7.223e-12
7.1084e-12
6.9956e-12
6.8845e-12
6.7752e-12
6.6675e-12
6.5615e-12
6.4571e-12
6.3543e-12
6.2531e-12
6.1535e-12
6.0554e-12
5.9588e-12
5.8638e-12
5.7702e-12
5.678e-12
5.5873e-12
5.498e-12
5.41e-12
5.3235e-12
5.2382e-12
5.1543e-12
5.0717e-12
4.9904e-12
4.9104e-12
4.8316e-12
4.754e-12
4.6776e-12
4.6024e-12
4.5284e-12
4.4556e-12
4.3839e-12
4.3133e-12
4.2438e-12
4.1754e-12
4.108e-12
4.0418e-12
3.9765e-12
3.9123e-12
3.8491e-12
3.7869e-12
3.7256e-12
3.6653e-12
3.606e-12
3.5476e-12
3.4901e-12
3.4335e-12
3.3778e-12
3.323e-12
3.2691e-12
3.216e-12
3.1637e-12
3.1123e-12
3.0616e-12
3.0118e-12
2.9628e-12
2.9145e-12
2.867e-12
2.8203e-12
2.7743e-12
2.729e-12
2.6844e-12
2.6406e-12
2.5974e-12
2.5549e-12
2.5131e-12
2.472e-12
2.4315e-12
2.3917e-12
2.3525e-12
2.3139e-12
2.2759e-12
2.2386e-12
2.2018e-12
2.1656e-12
2.13e-12
2.095e-12
2.0605e-12
2.0266e-12
1.9932e-12
1.9604e-12
1.9281e-12
1.8963e-12
1.865e-12
1.8342e-12
1.8039e-12
1.7741e-12
1.7448e-12
1.7159e-12
1.6875e-12
1.6596e-12
1.6321e-12
1.6051e-12
1.5785e-12
1.5523e-12
1.5265e-12
1.5012e-12
1.4762e-12
1.4517e-12
1.4276e-12
1.4038e-12
1.3805e-12
1.3575e-12
1.3349e-12
1.3126e-12
1.2908e-12
1.2692e-12
1.2481e-12
1.2272e-12
1.2067e-12
1.1866e-12
1.1667e-12
1.1472e-12
1.128e-12
1.1091e-12
1.0905e-12
1.0723e-12
1.0543e-12
1.0366e-12
1.0192e-12
1.0021e-12
9.8528e-13
9.6872e-13
9.5244e-13
9.3642e-13
9.2066e-13
9.0516e-13
8.8992e-13
8.7492e-13
8.6018e-13
8.4567e-13
8.314e-13
8.1736e-13
8.0356e-13
7.8998e-13
7.7663e-13
7.6349e-13
7.5057e-13
7.3787e-13
7.2537e-13
7.1308e-13
7.01e-13
6.8911e-13
6.7742e-13
6.6592e-13
6.5461e-13
6.4349e-13
6.3255e-13
6.2179e-13
6.1121e-13
6.0081e-13
5.9058e-13
5.8052e-13
5.7062e-13
5.6089e-13
5.5132e-13
5.4191e-13
5.3266e-13
5.2356e-13
5.1461e-13
5.0581e-13
4.9716e-13
4.8865e-13
4.8029e-13
4.7206e-13
4.6397e-13
4.5601e-13
4.4819e-13
4.405e-13
4.3294e-13
4.255e-13
4.1819e-13
4.11e-13
4.0393e-13
3.9698e-13
3.9014e-13
3.8343e-13
3.7682e-13
3.7032e-13
3.6394e-13
3.5766e-13
3.5148e-13
3.4541e-13
3.3944e-13
3.3358e-13
3.2781e-13
3.2214e-13
3.1656e-13
3.1108e-13
3.0569e-13
3.0039e-13
2.9518e-13
2.9006e-13
2.8503e-13
2.8008e-13
2.7521e-13
2.7043e-13
2.6573e-13
2.6111e-13
2.5656e-13
2.521e-13
2.4771e-13
2.4339e-13
2.3915e-13
2.3498e-13
2.3088e-13
2.2685e-13
2.2288e-13
2.1899e-13
2.1516e-13
2.114e-13
2.077e-13
2.0407e-13
2.0049e-13
1.9698e-13
1.9353e-13
1.9013e-13
1.868e-13
1.8352e-13
1.803e-13
1.7713e-13
1.7402e-13
1.7096e-13
1.6795e-13
1.65e-13
1.6209e-13
1.5924e-13
1.5643e-13
1.5367e-13
1.5096e-13
1.483e-13
1.4568e-13
1.4311e-13
1.4058e-13
1.381e-13
1.3566e-13
1.3326e-13
1.309e-13
1.2858e-13
1.263e-13
1.2407e-13
1.2187e-13
1.197e-13
1.1758e-13
1.1549e-13
1.1344e-13
1.1143e-13
1.0945e-13
1.075e-13
1.0559e-13
1.0371e-13
1.0186e-13
1.0005e-13
9.8264e-14
9.6512e-14
9.479e-14
9.3099e-14
9.1437e-14
8.9804e-14
8.8199e-14
8.6622e-14
8.5073e-14
8.3551e-14
8.2056e-14
8.0586e-14
7.9143e-14
7.7724e-14
7.633e-14
7.4961e-14
7.3616e-14
7.2294e-14
7.0996e-14
6.972e-14
6.8467e-14
6.7235e-14
6.6026e-14
6.4837e-14
6.367e-14
6.2523e-14
6.1396e-14
6.0289e-14
5.9201e-14
5.8133e-14
5.7083e-14
5.6052e-14
5.5039e-14
5.4044e-14
5.3067e-14
5.2107e-14
5.1163e-14
5.0237e-14
4.9327e-14
4.8433e-14
4.7555e-14
4.6692e-14
4.5845e-14
4.5012e-14
4.4195e-14
4.3392e-14
4.2603e-14
4.1828e-14
4.1067e-14
4.0319e-14
3.9585e-14
3.8864e-14
3.8156e-14
3.746e-14
3.6777e-14
3.6106e-14
3.5446e-14
3.4799e-14
3.4163e-14
3.3539e-14
3.2925e-14
3.2323e-14
3.1731e-14
3.115e-14
3.058e-14
3.0019e-14
2.9469e-14
2.8928e-14
2.8398e-14
2.7876e-14
2.7364e-14
2.6862e-14
2.6368e-14
2.5883e-14
2.5407e-14
2.4939e-14
2.448e-14
2.4029e-14
2.3586e-14
2.3152e-14
2.2725e-14
2.2305e-14
2.1894e-14
2.1489e-14
2.1092e-14
2.0702e-14
2.032e-14
1.9944e-14
1.9575e-14
1.9212e-14
1.8857e-14
1.8507e-14
1.8164e-14
1.7827e-14
1.7497e-14
1.7172e-14
1.6853e-14
1.654e-14
1.6233e-14
1.5931e-14
1.5635e-14
1.5344e-14
1.5058e-14
1.4778e-14
1.4502e-14
1.4232e-14
1.3967e-14
1.3706e-14
1.345e-14
1.3199e-14
1.2953e-14
1.2711e-14
1.2473e-14
1.224e-14
1.2011e-14
1.1786e-14
1.1566e-14
1.1349e-14
1.1136e-14
1.0928e-14
1.0723e-14
1.0521e-14
1.0324e-14
1.013e-14
9.9399e-15
9.7531e-15
9.5697e-15
9.3897e-15
9.2131e-15
9.0396e-15
8.8694e-15
8.7023e-15
8.5383e-15
8.3773e-15
8.2193e-15
8.0642e-15
7.912e-15
7.7626e-15
7.6159e-15
7.472e-15
7.3307e-15
7.192e-15
7.0559e-15
6.9223e-15
6.7912e-15
6.6625e-15
6.5363e-15
6.4123e-15
6.2907e-15
6.1713e-15
6.0541e-15
5.9391e-15
5.8263e-15
5.7155e-15
5.6068e-15
5.5001e-15
5.3955e-15
5.2927e-15
5.1919e-15
5.093e-15
4.9959e-15
4.9006e-15
4.8071e-15
4.7154e-15
4.6253e-15
4.537e-15
4.4503e-15
4.3652e-15
4.2817e-15
4.1998e-15
4.1194e-15
4.0405e-15
3.9631e-15
3.8871e-15
3.8126e-15
3.7395e-15
3.6677e-15
3.5973e-15
3.5282e-15
3.4605e-15
3.394e-15
3.3287e-15
3.2647e-15
3.2019e-15
3.1402e-15
3.0798e-15
3.0204e-15
2.9622e-15
2.9051e-15
2.8491e-15
2.7941e-15
2.7401e-15
2.6872e-15
2.6353e-15
2.5844e-15
2.5344e-15
2.4854e-15
2.4373e-15
2.3901e-15
2.3438e-15
2.2984e-15
2.2539e-15
2.2102e-15
2.1673e-15
2.1252e-15
2.084e-15
2.0435e-15
2.0038e-15
1.9649e-15
1.9266e-15
1.8892e-15
1.8524e-15
1.8163e-15
1.781e-15
1.7463e-15
1.7122e-15
1.6789e-15
1.6461e-15
1.614e-15
1.5825e-15
1.5516e-15
1.5213e-15
1.4915e-15
1.4624e-15
1.4338e-15
1.4057e-15
1.3782e-15
1.3512e-15
1.3247e-15
1.2988e-15
1.2733e-15
1.2483e-15
1.2238e-15
1.1998e-15
1.1762e-15
1.1531e-15
1.1305e-15
1.1082e-15
1.0864e-15
1.0651e-15
1.0441e-15
1.0235e-15
1.0034e-15
9.8361e-16
9.6422e-16
9.452e-16
9.2655e-16
9.0826e-16
8.9033e-16
8.7274e-16
8.5549e-16
8.3858e-16
8.2199e-16
8.0573e-16
7.8978e-16
7.7414e-16
7.5881e-16
7.4377e-16
7.2903e-16
7.1457e-16
7.0039e-16
6.8649e-16
6.7286e-16
6.595e-16
6.4639e-16
6.3354e-16
6.2095e-16
6.0859e-16
5.9648e-16
5.8461e-16
5.7296e-16
5.6155e-16
5.5035e-16
5.3938e-16
5.2862e-16
5.1807e-16
5.0773e-16
4.9759e-16
4.8765e-16
4.779e-16
4.6835e-16
4.5898e-16
4.4979e-16
4.4079e-16
4.3196e-16
4.2331e-16
4.1483e-16
4.0651e-16
3.9836e-16
3.9036e-16
3.8253e-16
3.7485e-16
3.6732e-16
3.5994e-16
3.527e-16
3.4561e-16
3.3865e-16
3.3184e-16
3.2516e-16
3.1861e-16
3.1219e-16
3.0589e-16
2.9973e-16
2.9368e-16
2.8775e-16
2.8194e-16
2.7625e-16
2.7067e-16
2.652e-16
2.5984e-16
2.5458e-16
2.4943e-16
2.4438e-16
2.3943e-16
2.3458e-16
2.2983e-16
2.2517e-16
2.206e-16
2.1613e-16
2.1174e-16
2.0744e-16
2.0323e-16
1.991e-16
1.9505e-16
1.9108e-16
1.872e-16
1.8339e-16
1.7965e-16
1.7599e-16
1.7241e-16
1.6889e-16
1.6545e-16
1.6208e-16
1.5877e-16
1.5553e-16
1.5235e-16
1.4924e-16
1.4619e-16
1.432e-16
1.4027e-16
1.374e-16
1.3459e-16
1.3183e-16
1.2913e-16
1.2649e-16
1.2389e-16
1.2135e-16
1.1886e-16
1.1643e-16
1.1404e-16
1.1169e-16
1.094e-16
1.0715e-16
1.0495e-16
1.0279e-16
1.0067e-16
9.8602e-17
9.6571e-17
9.4582e-17
9.2633e-17
9.0724e-17
8.8853e-17
8.702e-17
8.5224e-17
8.3464e-17
8.1741e-17
8.0052e-17
7.8397e-17
7.6776e-17
7.5188e-17
7.3632e-17
7.2108e-17
7.0615e-17
6.9152e-17
6.7719e-17
6.6315e-17
6.494e-17
6.3593e-17
6.2273e-17
6.098e-17
5.9714e-17
5.8473e-17
5.7258e-17
5.6067e-17
5.4901e-17
5.3759e-17
5.2639e-17
5.1543e-17
5.047e-17
4.9418e-17
4.8388e-17
4.7379e-17
4.639e-17
4.5422e-17
4.4474e-17
4.3545e-17
4.2635e-17
4.1744e-17
4.0871e-17
4.0016e-17
3.9179e-17
3.8359e-17
3.7556e-17
3.6769e-17
3.5998e-17
3.5244e-17
3.4505e-17
3.3781e-17
3.3072e-17
3.2378e-17
3.1698e-17
3.1032e-17
3.038e-17
2.9741e-17
2.9115e-17
2.8503e-17
2.7903e-17
2.7315e-17
2.674e-17
2.6176e-17
2.5625e-17
2.5084e-17
2.4555e-17
2.4037e-17
2.353e-17
2.3033e-17
2.2546e-17
2.207e-17
2.1603e-17
2.1146e-17
2.0699e-17
2.0261e-17
1.9832e-17
1.9412e-17
1.9e-17
1.8598e-17
1.8203e-17
1.7817e-17
1.7439e-17
1.7069e-17
1.6707e-17
1.6352e-17
1.6004e-17
1.5664e-17
1.5331e-17
1.5005e-17
1.4686e-17
1.4373e-17
1.4067e-17
1.3767e-17
1.3474e-17
1.3187e-17
1.2905e-17
1.263e-17
1.236e-17
1.2097e-17
1.1838e-17
1.1585e-17
1.1338e-17
1.1095e-17
1.0858e-17
1.0626e-17
1.0398e-17
1.0175e-17
9.9575e-18
9.7442e-18
9.5353e-18
9.3308e-18
9.1307e-18
8.9348e-18
8.743e-18
8.5552e-18
8.3714e-18
8.1915e-18
8.0155e-18
7.8431e-18
7.6744e-18
7.5092e-18
7.3475e-18
7.1893e-18
7.0344e-18
6.8828e-18
6.7344e-18
6.5892e-18
6.447e-18
6.3079e-18
6.1717e-18
6.0384e-18
5.908e-18
5.7803e-18
5.6553e-18
5.533e-18
5.4133e-18
5.2961e-18
5.1814e-18
5.0692e-18
4.9594e-18
4.8519e-18
4.7467e-18
4.6437e-18
4.5429e-18
4.4443e-18
4.3478e-18
4.2534e-18
4.161e-18
4.0705e-18
3.982e-18
3.8954e-18
3.8106e-18
3.7277e-18
3.6465e-18
3.5671e-18
3.4893e-18
3.4133e-18
3.3388e-18
3.266e-18
3.1947e-18
3.125e-18
3.0568e-18
2.99e-18
2.9246e-18
2.8607e-18
2.7981e-18
2.7369e-18
2.677e-18
2.6184e-18
2.5611e-18
2.505e-18
2.4501e-18
2.3964e-18
2.3438e-18
2.2924e-18
2.2421e-18
2.1929e-18
2.1447e-18
2.0976e-18
2.0515e-18
2.0064e-18
1.9623e-18
1.9191e-18
1.8769e-18
1.8355e-18
1.7951e-18
1.7556e-18
1.7169e-18
1.679e-18
1.642e-18
1.6058e-18
1.5703e-18
1.5357e-18
1.5017e-18
1.4686e-18
1.4361e-18
1.4044e-18
1.3733e-18
1.3429e-18
1.3132e-18
1.2841e-18
1.2557e-18
1.2279e-18
1.2007e-18
1.174e-18
1.148e-18
1.1225e-18
1.0976e-18
1.0732e-18
1.0494e-18
1.0261e-18
1.0033e-18
9.8099e-19
9.5917e-19
9.3783e-19
9.1696e-19
8.9655e-19
8.7658e-19
8.5705e-19
8.3795e-19
8.1927e-19
8.01e-19
7.8313e-19
7.6565e-19
7.4856e-19
7.3184e-19
7.1549e-19
6.995e-19
6.8386e-19
6.6857e-19
6.5361e-19
6.3899e-19
6.2468e-19
6.1069e-19
5.9701e-19
5.8363e-19
5.7055e-19
5.5775e-19
5.4524e-19
5.33e-19
5.2104e-19
5.0934e-19
4.979e-19
4.8671e-19
4.7577e-19
4.6507e-19
4.5461e-19
4.4438e-19
4.3437e-19
4.2459e-19
4.1503e-19
4.0568e-19
3.9653e-19
3.8759e-19
3.7885e-19
3.703e-19
3.6194e-19
3.5377e-19
3.4578e-19
3.3796e-19
3.3032e-19
3.2286e-19
3.1555e-19
3.0841e-19
3.0143e-19
2.9461e-19
2.8793e-19
2.8141e-19
2.7503e-19
2.688e-19
2.627e-19
2.5674e-19
2.5091e-19
2.4522e-19
2.3965e-19
2.342e-19
2.2888e-19
2.2368e-19
2.1859e-19
2.1362e-19
2.0876e-19
2.04e-19
1.9936e-19
1.9482e-19
1.9038e-19
1.8604e-19
1.8179e-19
1.7765e-19
1.7359e-19
1.6963e-19
1.6576e-19
1.6197e-19
1.5827e-19
1.5465e-19
1.5111e-19
1.4766e-19
1.4428e-19
1.4098e-19
1.3775e-19
1.3459e-19
1.3151e-19
1.285e-19
1.2555e-19
1.2267e-19
1.1986e-19
1.171e-19
1.1442e-19
1.1179e-19
1.0922e-19
1.0671e-19
1.0426e-19
1.0186e-19
9.9516e-20
9.7226e-20
9.4987e-20
9.28e-20
9.0662e-20
8.8573e-20
8.6531e-20
8.4536e-20
8.2586e-20
8.068e-20
7.8818e-20
7.6998e-20
7.522e-20
7.3482e-20
7.1783e-20
7.0123e-20
6.8502e-20
6.6917e-20
6.5368e-20
6.3855e-20
6.2376e-20
6.0931e-20
5.9519e-20
5.8139e-20
5.679e-20
5.5473e-20
5.4186e-20
5.2928e-20
5.1699e-20
5.0498e-20
4.9324e-20
4.8178e-20
4.7058e-20
4.5963e-20
4.4894e-20
4.3849e-20
4.2828e-20
4.183e-20
4.0856e-20
3.9903e-20
3.8973e-20
3.8064e-20
3.7176e-20
3.6309e-20
3.5461e-20
3.4633e-20
3.3824e-20
3.3033e-20
3.2261e-20
3.1507e-20
3.077e-20
3.005e-20
2.9346e-20
2.8659e-20
2.7988e-20
2.7332e-20
2.6692e-20
2.6066e-20
2.5454e-20
2.4857e-20
2.4274e-20
2.3704e-20
2.3147e-20
2.2604e-20
2.2072e-20
2.1554e-20
2.1047e-20
2.0552e-20
2.0068e-20
1.9596e-20
1.9134e-20
1.8684e-20
1.8243e-20
1.7813e-20
1.7393e-20
1.6983e-20
1.6583e-20
1.6191e-20
1.5809e-20
1.5436e-20
1.5071e-20
1.4715e-20
1.4367e-20
1.4027e-20
1.3695e-20
1.3371e-20
1.3055e-20
1.2746e-20
1.2444e-20
1.2149e-20
1.1861e-20
1.158e-20
1.1305e-20
1.1037e-20
1.0775e-20
1.0519e-20
1.027e-20
1.0026e-20
9.7874e-21
9.5547e-21
9.3275e-21
9.1057e-21
8.889e-21
8.6775e-21
8.4709e-21
8.2691e-21
8.0721e-21
7.8797e-21
7.6919e-21
7.5085e-21
7.3293e-21
7.1544e-21
6.9837e-21
6.8169e-21
6.6541e-21
6.4951e-21
6.3399e-21
6.1883e-21
6.0403e-21
5.8958e-21
5.7547e-21
5.6169e-21
5.4824e-21
5.3511e-21
5.2228e-21
5.0976e-21
4.9754e-21
4.8561e-21
4.7395e-21
4.6258e-21
4.5147e-21
4.4063e-21
4.3004e-21
4.1971e-21
4.0962e-21
3.9977e-21
3.9015e-21
3.8076e-21
3.716e-21
3.6265e-21
3.5391e-21
3.4539e-21
3.3706e-21
3.2894e-21
3.21e-21
3.1326e-21
3.057e-21
2.9832e-21
2.9112e-21
2.8408e-21
2.7722e-21
2.7052e-21
2.6398e-21
2.5759e-21
2.5136e-21
2.4528e-21
2.3934e-21
2.3354e-21
2.2788e-21
2.2236e-21
2.1697e-21
2.1171e-21
2.0657e-21
2.0156e-21
1.9667e-21
1.919e-21
1.8723e-21
1.8269e-21
1.7825e-21
1.7391e-21
1.6968e-21
1.6556e-21
1.6153e-21
1.576e-21
1.5376e-21
1.5001e-21
1.4636e-21
1.4279e-21
1.3931e-21
1.3591e-21
1.326e-21
1.2936e-21
1.262e-21
1.2312e-21
1.2011e-21
1.1718e-21
1.1432e-21
1.1152e-21
1.0879e-21
1.0613e-21
1.0353e-21
1.01e-21
9.8526e-22
9.6113e-22
9.3757e-22
9.1459e-22
8.9217e-22
8.7029e-22
8.4894e-22
8.281e-22
8.0777e-22
7.8793e-22
7.6858e-22
7.4969e-22
7.3126e-22
7.1328e-22
6.9574e-22
6.7862e-22
6.6192e-22
6.4562e-22
6.2973e-22
6.1421e-22
5.9908e-22
5.8431e-22
5.699e-22
5.5584e-22
5.4213e-22
5.2875e-22
5.157e-22
5.0296e-22
4.9054e-22
4.7841e-22
4.6659e-22
4.5505e-22
4.4379e-22
4.3281e-22
4.221e-22
4.1165e-22
4.0146e-22
3.9151e-22
3.8181e-22
3.7234e-22
3.6311e-22
3.541e-22
3.4532e-22
3.3675e-22
3.2839e-22
3.2023e-22
3.1228e-22
3.0452e-22
2.9695e-22
2.8956e-22
2.8236e-22
2.7533e-22
2.6848e-22
2.618e-22
2.5528e-22
2.4892e-22
2.4271e-22
2.3666e-22
2.3076e-22
2.2501e-22
2.1939e-22
2.1392e-22
2.0858e-22
2.0337e-22
1.9829e-22
1.9333e-22
1.885e-22
1.8379e-22
1.7919e-22
1.7471e-22
1.7033e-22
1.6607e-22
1.6191e-22
1.5785e-22
1.539e-22
1.5004e-22
1.4628e-22
1.4261e-22
1.3903e-22
1.3554e-22
1.3214e-22
1.2882e-22
1.2558e-22
1.2243e-22
1.1935e-22
1.1635e-22
1.1342e-22
1.1057e-22
1.0779e-22
1.0507e-22
1.0243e-22
9.9848e-23
9.7332e-23
9.4879e-23
9.2487e-23
9.0154e-23
8.788e-23
8.5662e-23
8.35e-23
8.1391e-23
7.9335e-23
7.7331e-23
7.5376e-23
7.3471e-23
7.1612e-23
6.9801e-23
6.8034e-23
6.6312e-23
6.4633e-23
6.2996e-23
6.14e-23
5.9844e-23
5.8327e-23
5.6848e-23
5.5406e-23
5.4e-23
5.2629e-23
5.1293e-23
4.999e-23
4.872e-23
4.7482e-23
4.6275e-23
4.5098e-23
4.3951e-23
4.2833e-23
4.1742e-23
4.068e-23
3.9644e-23
3.8634e-23
3.7649e-23
3.669e-23
3.5754e-23
3.4842e-23
3.3953e-23
3.3087e-23
3.2242e-23
3.1419e-23
3.0616e-23
2.9834e-23
2.9071e-23
2.8328e-23
2.7603e-23
2.6897e-23
2.6209e-23
2.5538e-23
2.4884e-23
2.4247e-23
2.3625e-23
2.302e-23
2.243e-23
2.1855e-23
2.1294e-23
2.0747e-23
2.0215e-23
1.9696e-23
1.919e-23
1.8697e-23
1.8217e-23
1.7748e-23
1.7292e-23
1.6847e-23
1.6414e-23
1.5991e-23
1.558e-23
1.5178e-23
1.4787e-23
1.4406e-23
1.4035e-23
1.3673e-23
1.332e-23
1.2977e-23
1.2642e-23
1.2316e-23
1.1998e-23
1.1688e-23
1.1386e-23
1.1091e-23
1.0805e-23
1.0525e-23
1.0253e-23
9.9877e-24
9.7291e-24
9.4772e-24
9.2318e-24
8.9926e-24
8.7596e-24
8.5325e-24
8.3113e-24
8.0957e-24
7.8857e-24
7.681e-24
7.4816e-24
7.2873e-24
7.098e-24
6.9136e-24
6.7339e-24
6.5588e-24
6.3882e-24
6.222e-24
6.0601e-24
5.9024e-24
5.7487e-24
5.599e-24
5.4531e-24
5.311e-24
5.1725e-24
5.0377e-24
4.9063e-24
4.7782e-24
4.6535e-24
4.532e-24
4.4137e-24
4.2984e-24
4.1861e-24
4.0767e-24
3.9701e-24
3.8662e-24
3.7651e-24
3.6666e-24
3.5706e-24
3.4771e-24
3.386e-24
3.2973e-24
3.2109e-24
3.1267e-24
3.0447e-24
2.9649e-24
2.8871e-24
2.8113e-24
2.7375e-24
2.6656e-24
2.5956e-24
2.5274e-24
2.461e-24
2.3963e-24
2.3332e-24
2.2719e-24
2.2121e-24
2.1538e-24
2.0971e-24
2.0419e-24
1.9881e-24
1.9357e-24
1.8847e-24
1.835e-24
1.7866e-24
1.7394e-24
1.6935e-24
1.6488e-24
1.6053e-24
1.5629e-24
1.5216e-24
1.4814e-24
1.4422e-24
1.4041e-24
1.3669e-24
1.3307e-24
1.2955e-24
1.2612e-24
1.2278e-24
1.1953e-24
1.1636e-24
1.1328e-24
1.1027e-24
1.0735e-24
1.045e-24
1.0173e-24
9.9027e-25
9.6398e-25
9.3837e-25
9.1344e-25
8.8916e-25
8.6552e-25
8.4251e-25
8.201e-25
7.9828e-25
7.7703e-25
7.5634e-25
7.362e-25
7.1659e-25
6.975e-25
6.789e-25
6.608e-25
6.4318e-25
6.2602e-25
6.0932e-25
5.9305e-25
5.7722e-25
5.618e-25
5.4679e-25
5.3218e-25
5.1796e-25
5.0411e-25
4.9062e-25
4.775e-25
4.6472e-25
4.5228e-25
4.4017e-25
4.2838e-25
4.169e-25
4.0573e-25
3.9485e-25
3.8426e-25
3.7396e-25
3.6392e-25
3.5415e-25
3.4465e-25
3.3539e-25
3.2638e-25
3.1761e-25
3.0908e-25
3.0077e-25
2.9268e-25
2.848e-25
2.7714e-25
2.6968e-25
2.6242e-25
2.5535e-25
2.4848e-25
2.4178e-25
2.3526e-25
2.2892e-25
2.2275e-25
2.1674e-25
2.1089e-25
2.052e-25
1.9966e-25
1.9426e-25
1.8901e-25
1.8391e-25
1.7894e-25
1.741e-25
1.6939e-25
1.6481e-25
1.6035e-25
1.5601e-25
1.5178e-25
1.4767e-25
1.4367e-25
1.3978e-25
1.3599e-25
1.323e-25
1.2871e-25
1.2522e-25
1.2182e-25
1.1851e-25
1.153e-25
1.1216e-25
1.0912e-25
1.0615e-25
1.0327e-25
1.0046e-25
9.7725e-26
9.5066e-26
9.2479e-26
8.9961e-26
8.7511e-26
8.5127e-26
8.2808e-26
8.0551e-26
7.8355e-26
7.6218e-26
7.4139e-26
7.2116e-26
7.0148e-26
6.8233e-26
6.637e-26
6.4557e-26
6.2793e-26
6.1077e-26
5.9407e-26
5.7782e-26
5.6202e-26
5.4664e-26
5.3168e-26
5.1712e-26
5.0296e-26
4.8918e-26
4.7578e-26
4.6274e-26
4.5005e-26
4.3771e-26
4.257e-26
4.1402e-26
4.0266e-26
3.916e-26
3.8085e-26
3.7039e-26
3.6021e-26
3.5031e-26
3.4068e-26
3.3131e-26
3.222e-26
3.1333e-26
3.0471e-26
2.9632e-26
2.8816e-26
2.8022e-26
2.725e-26
2.6499e-26
2.5768e-26
2.5058e-26
2.4366e-26
2.3694e-26
2.304e-26
2.2404e-26
2.1785e-26
2.1184e-26
2.0598e-26
2.0029e-26
1.9475e-26
1.8937e-26
1.8413e-26
1.7903e-26
1.7408e-26
1.6926e-26
1.6457e-26
1.6001e-26
1.5558e-26
1.5127e-26
1.4707e-26
1.4299e-26
1.3903e-26
1.3517e-26
1.3142e-26
1.2777e-26
1.2422e-26
1.2077e-26
1.1742e-26
1.1415e-26
1.1098e-26
1.0789e-26
1.0489e-26
1.0197e-26
9.9135e-27
9.6376e-27
9.3692e-27
9.1082e-27
8.8544e-27
8.6077e-27
8.3677e-27
8.1344e-27
7.9075e-27
7.6869e-27
7.4723e-27
7.2637e-27
7.0609e-27
6.8637e-27
6.6719e-27
6.4855e-27
6.3042e-27
6.1279e-27
5.9565e-27
5.7898e-27
5.6278e-27
5.4703e-27
5.3171e-27
5.1682e-27
5.0234e-27
4.8826e-27
4.7458e-27
4.6127e-27
4.4833e-27
4.3575e-27
4.2353e-27
4.1164e-27
4.0008e-27
3.8884e-27
3.7792e-27
3.673e-27
3.5698e-27
3.4694e-27
3.3718e-27
3.277e-27
3.1848e-27
3.0951e-27
3.008e-27
2.9233e-27
2.8409e-27
2.7609e-27
2.6831e-27
2.6074e-27
2.5339e-27
2.4624e-27
2.3929e-27
2.3254e-27
2.2597e-27
2.1959e-27
2.1339e-27
2.0736e-27
2.015e-27
1.958e-27
1.9027e-27
1.8489e-27
1.7966e-27
1.7457e-27
1.6963e-27
1.6483e-27
1.6016e-27
1.5562e-27
1.5121e-27
1.4692e-27
1.4276e-27
1.3871e-27
1.3477e-27
1.3095e-27
1.2723e-27
1.2362e-27
1.2011e-27
1.167e-27
1.1338e-27
1.1016e-27
1.0703e-27
1.0398e-27
1.0103e-27
9.815e-28
9.5357e-28
9.2642e-28
9.0004e-28
8.744e-28
8.4949e-28
8.2528e-28
8.0175e-28
7.7889e-28
7.5667e-28
7.3508e-28
7.1411e-28
6.9372e-28
6.7391e-28
6.5466e-28
6.3596e-28
6.1779e-28
6.0013e-28
5.8297e-28
5.663e-28
5.501e-28
5.3435e-28
5.1906e-28
5.042e-28
4.8976e-28
4.7573e-28
4.621e-28
4.4885e-28
4.3599e-28
4.2348e-28
4.1133e-28
3.9953e-28
3.8807e-28
3.7693e-28
3.661e-28
3.5559e-28
3.4537e-28
3.3545e-28
3.258e-28
3.1643e-28
3.0733e-28
2.9849e-28
2.899e-28
2.8156e-28
2.7345e-28
2.6558e-28
2.5792e-28
2.5049e-28
2.4327e-28
2.3626e-28
2.2945e-28
2.2283e-28
2.164e-28
2.1015e-28
2.0409e-28
1.9819e-28
1.9247e-28
1.8691e-28
1.8151e-28
1.7626e-28
1.7116e-28
1.6621e-28
1.614e-28
1.5673e-28
1.522e-28
1.4779e-28
1.4351e-28
1.3935e-28
1.3531e-28
1.3139e-28
1.2758e-28
1.2388e-28
1.2029e-28
1.168e-28
1.1341e-28
1.1012e-28
1.0692e-28
1.0381e-28
1.008e-28
9.7868e-29
9.5023e-29
9.226e-29
8.9577e-29
8.6971e-29
8.444e-29
8.1982e-29
7.9596e-29
7.7278e-29
7.5026e-29
7.284e-29
7.0717e-29
6.8656e-29
6.6654e-29
6.4709e-29
6.2821e-29
6.0988e-29
5.9208e-29
5.7479e-29
5.58e-29
5.417e-29
5.2587e-29
5.105e-29
4.9557e-29
4.8108e-29
4.6701e-29
4.5334e-29
4.4007e-29
4.2719e-29
4.1468e-29
4.0253e-29
3.9074e-29
3.7929e-29
3.6817e-29
3.5737e-29
3.4689e-29
3.3672e-29
3.2683e-29
3.1724e-29
3.0793e-29
2.9888e-29
2.901e-29
2.8158e-29
2.733e-29
2.6527e-29
2.5747e-29
2.4989e-29
2.4254e-29
2.354e-29
2.2847e-29
2.2175e-29
2.1522e-29
2.0888e-29
2.0272e-29
1.9675e-29
1.9094e-29
1.8531e-29
1.7985e-29
1.7454e-29
1.6939e-29
1.6439e-29
1.5953e-29
1.5482e-29
1.5025e-29
1.4581e-29
1.415e-29
1.3731e-29
1.3325e-29
1.2931e-29
1.2548e-29
1.2177e-29
1.1816e-29
1.1467e-29
1.1127e-29
1.0797e-29
1.0477e-29
1.0167e-29
9.8652e-30
9.5726e-30
9.2886e-30
9.0129e-30
8.7454e-30
8.4857e-30
8.2337e-30
7.9891e-30
7.7517e-30
7.5214e-30
7.2977e-30
7.0807e-30
6.8701e-30
6.6657e-30
6.4674e-30
6.2748e-30
6.088e-30
5.9067e-30
5.7307e-30
5.56e-30
5.3942e-30
5.2334e-30
5.0774e-30
4.9259e-30
4.7789e-30
4.6363e-30
4.4979e-30
4.3636e-30
4.2333e-30
4.1068e-30
3.9841e-30
3.865e-30
3.7494e-30
3.6373e-30
3.5285e-30
3.4229e-30
3.3205e-30
3.2211e-30
3.1246e-30
3.031e-30
2.9402e-30
2.8521e-30
2.7666e-30
2.6837e-30
2.6032e-30
2.5251e-30
2.4493e-30
2.3758e-30
2.3045e-30
2.2353e-30
2.1682e-30
2.103e-30
2.0398e-30
1.9785e-30
1.919e-30
1.8613e-30
1.8053e-30
1.751e-30
1.6983e-30
1.6472e-30
1.5976e-30
1.5495e-30
1.5028e-30
1.4575e-30
1.4136e-30
1.3709e-30
1.3296e-30
1.2895e-30
1.2506e-30
1.2128e-30
1.1762e-30
1.1407e-30
1.1062e-30
1.0728e-30
1.0404e-30
1.0089e-30
9.7844e-31
9.4885e-31
9.2014e-31
8.923e-31
8.653e-31
8.391e-31
8.1369e-31
7.8904e-31
7.6514e-31
7.4195e-31
7.1946e-31
6.9765e-31
6.7649e-31
6.5597e-31
6.3606e-31
6.1676e-31
5.9804e-31
5.7988e-31
5.6226e-31
5.4518e-31
5.2861e-31
5.1254e-31
4.9696e-31
4.8185e-31
4.6719e-31
4.5297e-31
4.3919e-31
4.2582e-31
4.1285e-31
4.0028e-31
3.8808e-31
3.7626e-31
3.6479e-31
3.5367e-31
3.4288e-31
3.3242e-31
3.2228e-31
3.1244e-31
3.0291e-31
2.9366e-31
2.8469e-31
2.7599e-31
2.6756e-31
2.5938e-31
2.5145e-31
2.4376e-31
2.363e-31
2.2907e-31
2.2206e-31
2.1526e-31
2.0867e-31
2.0228e-31
1.9609e-31
1.9008e-31
1.8425e-31
1.786e-31
1.7313e-31
1.6782e-31
1.6267e-31
1.5768e-31
1.5284e-31
1.4814e-31
1.4359e-31
1.3918e-31
1.3491e-31
1.3076e-31
1.2674e-31
1.2284e-31
1.1906e-31
1.154e-31
1.1185e-31
1.0841e-31
1.0507e-31
1.0183e-31
9.8697e-32
9.5656e-32
9.2708e-32
8.985e-32
8.708e-32
8.4394e-32
8.1791e-32
7.9267e-32
7.682e-32
7.4449e-32
7.215e-32
6.9921e-32
6.7761e-32
6.5667e-32
6.3637e-32
6.167e-32
5.9763e-32
5.7914e-32
5.6122e-32
5.4385e-32
5.2702e-32
5.107e-32
4.9488e-32
4.7955e-32
4.6469e-32
4.5029e-32
4.3633e-32
4.228e-32
4.0968e-32
3.9697e-32
3.8465e-32
3.7271e-32
3.6114e-32
3.4992e-32
3.3905e-32
3.2852e-32
3.1831e-32
3.0841e-32
2.9882e-32
2.8953e-32
2.8052e-32
2.7179e-32
2.6333e-32
2.5514e-32
2.4719e-32
2.3949e-32
2.3203e-32
2.248e-32
2.1779e-32
2.11e-32
2.0442e-32
1.9804e-32
1.9187e-32
1.8588e-32
1.8007e-32
1.7445e-32
1.69e-32
1.6372e-32
1.5861e-32
1.5365e-32
1.4885e-32
1.4419e-32
1.3968e-32
1.3531e-32
1.3108e-32
1.2697e-32
1.23e-32
1.1915e-32
1.1542e-32
1.118e-32
1.083e-32
1.049e-32
1.0161e-32
9.8425e-33
9.5337e-33
9.2345e-33
8.9447e-33
8.6639e-33
8.3919e-33
8.1283e-33
7.8729e-33
7.6255e-33
7.3858e-33
7.1536e-33
6.9287e-33
6.7107e-33
6.4996e-33
6.2951e-33
6.0969e-33
5.9049e-33
5.719e-33
5.5388e-33
5.3643e-33
5.1952e-33
5.0315e-33
4.8728e-33
4.7191e-33
4.5703e-33
4.4261e-33
4.2864e-33
4.151e-33
4.02e-33
3.893e-33
3.77e-33
3.6509e-33
3.5355e-33
3.4237e-33
3.3154e-33
3.2106e-33
3.109e-33
3.0106e-33
2.9153e-33
2.823e-33
2.7336e-33
2.647e-33
2.5631e-33
2.4819e-33
2.4032e-33
2.327e-33
2.2532e-33
2.1818e-33
2.1125e-33
2.0455e-33
1.9805e-33
1.9177e-33
1.8567e-33
1.7978e-33
1.7406e-33
1.6853e-33
1.6317e-33
1.5798e-33
1.5296e-33
1.4809e-33
1.4338e-33
1.3882e-33
1.344e-33
1.3012e-33
1.2597e-33
1.2196e-33
1.1807e-33
1.1431e-33
1.1066e-33
1.0713e-33
1.0372e-33
1.0041e-33
9.7204e-34
9.4101e-34
9.1096e-34
8.8187e-34
8.537e-34
8.2642e-34
8.0001e-34
7.7443e-34
7.4967e-34
7.2569e-34
7.0248e-34
6.8e-34
6.5823e-34
6.3716e-34
6.1676e-34
5.97e-34
5.7788e-34
5.5936e-34
5.4143e-34
5.2407e-34
5.0727e-34
4.91e-34
4.7525e-34
4.5999e-34
4.4523e-34
4.3094e-34
4.171e-34
4.037e-34
3.9073e-34
3.7817e-34
3.6602e-34
3.5425e-34
3.4286e-34
3.3183e-34
3.2115e-34
3.1082e-34
3.0081e-34
2.9113e-34
2.8175e-34
2.7267e-34
2.6389e-34
2.5538e-34
2.4715e-34
2.3918e-34
2.3147e-34
2.24e-34
2.1677e-34
2.0978e-34
2.03e-34
1.9645e-34
1.9011e-34
1.8396e-34
1.7802e-34
1.7227e-34
1.667e-34
1.6131e-34
1.5609e-34
1.5104e-34
1.4615e-34
1.4142e-34
1.3684e-34
1.3241e-34
1.2812e-34
1.2397e-34
1.1996e-34
1.1607e-34
1.1231e-34
1.0866e-34
1.0514e-34
1.0173e-34
9.8427e-35
9.5232e-35
9.214e-35
8.9148e-35
8.6253e-35
8.3451e-35
8.0739e-35
7.8114e-35
7.5575e-35
7.3117e-35
7.0739e-35
6.8437e-35
6.621e-35
6.4055e-35
6.197e-35
5.9952e-35
5.7999e-35
5.6109e-35
5.4281e-35
5.2511e-35
5.0799e-35
4.9143e-35
4.754e-35
4.5989e-35
4.4488e-35
4.3036e-35
4.1631e-35
4.0271e-35
3.8956e-35
3.7683e-35
3.6452e-35
3.526e-35
3.4107e-35
3.2992e-35
3.1913e-35
3.0869e-35
2.9858e-35
2.8881e-35
2.7935e-35
2.7021e-35
2.6135e-35
2.5279e-35
2.4451e-35
2.3649e-35
2.2874e-35
2.2124e-35
2.1398e-35
2.0696e-35
2.0017e-35
1.936e-35
1.8724e-35
1.8109e-35
1.7514e-35
1.6939e-35
1.6382e-35
1.5844e-35
1.5323e-35
1.4819e-35
1.4331e-35
1.386e-35
1.3404e-35
1.2963e-35
1.2536e-35
1.2123e-35
1.1724e-35
1.1337e-35
1.0964e-35
1.0602e-35
1.0253e-35
9.9146e-36
9.5876e-36
9.2713e-36
8.9653e-36
8.6694e-36
8.3831e-36
8.1063e-36
7.8385e-36
7.5795e-36
7.3291e-36
7.0868e-36
6.8525e-36
6.6259e-36
6.4067e-36
6.1947e-36
5.9897e-36
5.7915e-36
5.5997e-36
5.4143e-36
5.235e-36
5.0615e-36
4.8938e-36
4.7316e-36
4.5747e-36
4.423e-36
4.2763e-36
4.1344e-36
3.9972e-36
3.8645e-36
3.7362e-36
3.6122e-36
3.4922e-36
3.3762e-36
3.264e-36
3.1555e-36
3.0506e-36
2.9491e-36
2.851e-36
2.7562e-36
2.6645e-36
2.5758e-36
2.49e-36
2.4071e-36
2.3269e-36
2.2494e-36
2.1745e-36
2.102e-36
2.0319e-36
1.9642e-36
1.8986e-36
1.8353e-36
1.7741e-36
1.7149e-36
1.6576e-36
1.6023e-36
1.5487e-36
1.497e-36
1.447e-36
1.3986e-36
1.3519e-36
1.3067e-36
1.263e-36
1.2207e-36
1.1799e-36
1.1404e-36
1.1022e-36
1.0653e-36
1.0296e-36
9.9513e-37
9.6179e-37
9.2956e-37
8.984e-37
8.6828e-37
8.3916e-37
8.1101e-37
7.838e-37
7.5749e-37
7.3207e-37
7.0749e-37
6.8373e-37
6.6076e-37
6.3856e-37
6.171e-37
5.9636e-37
5.7631e-37
5.5693e-37
5.382e-37
5.2009e-37
5.0259e-37
4.8567e-37
4.6932e-37
4.5352e-37
4.3824e-37
4.2348e-37
4.0921e-37
3.9542e-37
3.8208e-37
3.692e-37
3.5675e-37
3.4471e-37
3.3308e-37
3.2184e-37
3.1098e-37
3.0047e-37
2.9033e-37
2.8052e-37
2.7104e-37
2.6188e-37
2.5303e-37
2.4447e-37
2.362e-37
2.2821e-37
2.2049e-37
2.1303e-37
2.0582e-37
1.9885e-37
1.9212e-37
1.8561e-37
1.7932e-37
1.7324e-37
1.6737e-37
1.617e-37
1.5621e-37
1.5092e-37
1.458e-37
1.4085e-37
1.3607e-37
1.3145e-37
1.2698e-37
1.2267e-37
1.185e-37
1.1448e-37
1.1059e-37
1.0683e-37
1.0319e-37
9.9685e-38
9.6294e-38
9.3017e-38
8.9852e-38
8.6793e-38
8.3838e-38
8.0983e-38
7.8224e-38
7.5559e-38
7.2984e-38
7.0496e-38
6.8092e-38
6.577e-38
6.3527e-38
6.136e-38
5.9266e-38
5.7243e-38
5.5288e-38
5.34e-38
5.1577e-38
4.9815e-38
4.8112e-38
4.6468e-38
4.4879e-38
4.3345e-38
4.1862e-38
4.043e-38
3.9047e-38
3.771e-38
3.642e-38
3.5173e-38
3.3968e-38
3.2804e-38
3.168e-38
3.0595e-38
2.9546e-38
2.8533e-38
2.7555e-38
2.6609e-38
2.5696e-38
2.4815e-38
2.3963e-38
2.314e-38
2.2346e-38
2.1578e-38
2.0837e-38
2.0121e-38
1.9429e-38
1.8761e-38
1.8116e-38
1.7493e-38
1.6891e-38
1.631e-38
1.5749e-38
1.5207e-38
1.4683e-38
1.4178e-38
1.3689e-38
1.3218e-38
1.2762e-38
1.2322e-38
1.1897e-38
1.1487e-38
1.1091e-38
1.0708e-38
1.0339e-38
9.9818e-39
9.6373e-39
9.3045e-39
8.9831e-39
8.6728e-39
8.3731e-39
8.0837e-39
7.8043e-39
7.5345e-39
7.2739e-39
7.0223e-39
6.7793e-39
6.5447e-39
6.3182e-39
6.0994e-39
5.8882e-39
5.6843e-39
5.4873e-39
5.2972e-39
5.1136e-39
4.9363e-39
4.7651e-39
4.5999e-39
4.4403e-39
4.2862e-39
4.1375e-39
3.9938e-39
3.8552e-39
3.7213e-39
3.592e-39
3.4672e-39
3.3467e-39
3.2304e-39
3.1181e-39
3.0097e-39
2.905e-39
2.8039e-39
2.7063e-39
2.6122e-39
2.5212e-39
2.4334e-39
2.3487e-39
2.2669e-39
2.1879e-39
2.1116e-39
2.038e-39
1.967e-39
1.8984e-39
1.8321e-39
1.7682e-39
1.7065e-39
1.647e-39
1.5895e-39
1.534e-39
1.4804e-39
1.4287e-39
1.3787e-39
1.3306e-39
1.284e-39
1.2391e-39
1.1958e-39
1.154e-39
1.1136e-39
1.0746e-39
1.037e-39
1.0007e-39
9.6566e-40
9.3184e-40
8.9919e-40
8.6768e-40
8.3727e-40
8.0792e-40
7.7959e-40
7.5225e-40
7.2586e-40
7.0039e-40
6.7581e-40
6.5209e-40
6.2919e-40
6.071e-40
5.8577e-40
5.6519e-40
5.4533e-40
5.2616e-40
5.0766e-40
4.8981e-40
4.7259e-40
4.5596e-40
4.3992e-40
4.2443e-40
4.0949e-40
3.9507e-40
3.8116e-40
3.6774e-40
3.5478e-40
3.4228e-40
3.3021e-40
3.1857e-40
3.0734e-40
2.965e-40
2.8604e-40
2.7594e-40
2.662e-40
2.5681e-40
2.4774e-40
2.3899e-40
2.3055e-40
2.224e-40
2.1454e-40
2.0696e-40
1.9964e-40
1.9258e-40
1.8577e-40
1.792e-40
1.7286e-40
1.6674e-40
1.6084e-40
1.5514e-40
1.4965e-40
1.4435e-40
1.3923e-40
1.343e-40
1.2954e-40
1.2495e-40
1.2051e-40
1.1624e-40
1.1212e-40
1.0814e-40
1.043e-40
1.006e-40
9.7025e-41
9.3579e-41
9.0255e-41
8.7048e-41
8.3955e-41
8.0971e-41
7.8092e-41
7.5315e-41
7.2636e-41
7.0052e-41
6.7559e-41
6.5155e-41
6.2835e-41
6.0598e-41
5.844e-41
5.6358e-41
5.435e-41
5.2413e-41
5.0545e-41
4.8743e-41
4.7005e-41
4.5328e-41
4.3711e-41
4.2151e-41
4.0647e-41
3.9196e-41
3.7796e-41
3.6447e-41
3.5145e-41
3.3889e-41
3.2678e-41
3.151e-41
3.0383e-41
2.9297e-41
2.8249e-41
2.7238e-41
2.6264e-41
2.5324e-41
2.4417e-41
2.3543e-41
2.27e-41
2.1887e-41
2.1103e-41
2.0346e-41
1.9617e-41
1.8914e-41
1.8236e-41
1.7582e-41
1.6951e-41
1.6343e-41
1.5756e-41
1.5191e-41
1.4645e-41
1.4119e-41
1.3612e-41
1.3123e-41
1.2651e-41
1.2197e-41
1.1758e-41
1.1335e-41
1.0928e-41
1.0535e-41
1.0156e-41
9.7902e-42
9.4377e-42
9.098e-42
8.7703e-42
8.4544e-42
8.1499e-42
7.8562e-42
7.573e-42
7.3e-42
7.0368e-42
6.783e-42
6.5384e-42
6.3025e-42
6.075e-42
5.8558e-42
5.6443e-42
5.4405e-42
5.244e-42
5.0546e-42
4.872e-42
4.6959e-42
4.5261e-42
4.3625e-42
4.2047e-42
4.0526e-42
3.906e-42
3.7647e-42
3.6284e-42
3.4971e-42
3.3704e-42
3.2484e-42
3.1307e-42
3.0173e-42
2.9079e-42
2.8025e-42
2.7009e-42
2.603e-42
2.5086e-42
2.4176e-42
2.3298e-42
2.2453e-42
2.1638e-42
2.0852e-42
2.0095e-42
1.9365e-42
1.8661e-42
1.7983e-42
1.733e-42
1.67e-42
1.6092e-42
1.5507e-42
1.4943e-42
1.4399e-42
1.3875e-42
1.337e-42
1.2883e-42
1.2414e-42
1.1962e-42
1.1526e-42
1.1106e-42
1.0702e-42
1.0311e-42
9.9355e-43
9.5732e-43
9.224e-43
8.8875e-43
8.5632e-43
8.2506e-43
7.9494e-43
7.6591e-43
7.3794e-43
7.1099e-43
6.8501e-43
6.5997e-43
6.3585e-43
6.126e-43
5.902e-43
5.6862e-43
5.4781e-43
5.2777e-43
5.0845e-43
4.8984e-43
4.7191e-43
4.5463e-43
4.3797e-43
4.2193e-43
4.0647e-43
3.9157e-43
3.7722e-43
3.6338e-43
3.5006e-43
3.3722e-43
3.2484e-43
3.1292e-43
3.0144e-43
2.9037e-43
2.7971e-43
2.6944e-43
2.5954e-43
2.5e-43
2.4081e-43
2.3196e-43
2.2343e-43
2.1522e-43
2.073e-43
1.9968e-43
1.9233e-43
1.8525e-43
1.7843e-43
1.7186e-43
1.6553e-43
1.5943e-43
1.5356e-43
1.479e-43
1.4245e-43
1.372e-43
1.3214e-43
1.2727e-43
1.2257e-43
1.1805e-43
1.1369e-43
1.095e-43
1.0545e-43
1.0156e-43
9.781e-44
9.4197e-44
9.0716e-44
8.7364e-44
8.4134e-44
8.1024e-44
7.8028e-44
7.5142e-44
7.2362e-44
6.9684e-44
6.7105e-44
6.4621e-44
6.2229e-44
5.9924e-44
5.7705e-44
5.5567e-44
5.3508e-44
5.1525e-44
4.9615e-44
4.7775e-44
4.6003e-44
4.4297e-44
4.2653e-44
4.1071e-44
3.9546e-44
3.8078e-44
3.6664e-44
3.5303e-44
3.3991e-44
3.2728e-44
3.1512e-44
3.0341e-44
2.9213e-44
2.8126e-44
2.708e-44
2.6073e-44
2.5103e-44
2.4169e-44
2.3269e-44
2.2403e-44
2.1568e-44
2.0765e-44
1.9992e-44
1.9247e-44
1.8529e-44
1.7839e-44
1.7174e-44
1.6533e-44
1.5916e-44
1.5323e-44
1.4751e-44
1.42e-44
1.367e-44
1.316e-44
1.2668e-44
1.2195e-44
1.174e-44
1.1301e-44
1.0879e-44
1.0472e-44
1.008e-44
9.7034e-45
9.3404e-45
8.991e-45
8.6545e-45
8.3306e-45
8.0187e-45
7.7185e-45
7.4294e-45
7.1511e-45
6.8832e-45
6.6252e-45
6.3769e-45
6.1378e-45
5.9077e-45
5.6861e-45
5.4728e-45
5.2675e-45
5.0698e-45
4.8795e-45
4.6963e-45
4.52e-45
4.3502e-45
4.1868e-45
4.0295e-45
3.8781e-45
3.7323e-45
3.592e-45
3.4569e-45
3.3269e-45
3.2017e-45
3.0813e-45
2.9653e-45
2.8537e-45
2.7462e-45
2.6428e-45
2.5433e-45
2.4475e-45
2.3552e-45
2.2665e-45
2.181e-45
2.0988e-45
2.0197e-45
1.9435e-45
1.8702e-45
1.7996e-45
1.7317e-45
1.6663e-45
1.6034e-45
1.5429e-45
1.4846e-45
1.4285e-45
1.3745e-45
1.3226e-45
1.2726e-45
1.2245e-45
1.1782e-45
1.1336e-45
1.0907e-45
1.0494e-45
1.0097e-45
9.7149e-46
9.3471e-46
8.9931e-46
8.6525e-46
8.3247e-46
8.0092e-46
7.7057e-46
7.4136e-46
7.1325e-46
6.862e-46
6.6017e-46
6.3512e-46
6.1102e-46
5.8783e-46
5.6552e-46
5.4404e-46
5.2338e-46
5.035e-46
4.8437e-46
4.6597e-46
4.4826e-46
4.3122e-46
4.1482e-46
3.9905e-46
3.8387e-46
3.6926e-46
3.5521e-46
3.4169e-46
3.2868e-46
3.1617e-46
3.0413e-46
2.9254e-46
2.814e-46
2.7068e-46
2.6036e-46
2.5043e-46
2.4089e-46
2.317e-46
2.2286e-46
2.1436e-46
2.0618e-46
1.9831e-46
1.9074e-46
1.8346e-46
1.7645e-46
1.6971e-46
1.6323e-46
1.5699e-46
1.5099e-46
1.4522e-46
1.3966e-46
1.3432e-46
1.2919e-46
1.2424e-46
1.1949e-46
1.1492e-46
1.1052e-46
1.0628e-46
1.0221e-46
9.8299e-47
9.4533e-47
9.0911e-47
8.7426e-47
8.4075e-47
8.0851e-47
7.7751e-47
7.4768e-47
7.19e-47
6.9141e-47
6.6487e-47
6.3935e-47
6.148e-47
5.9119e-47
5.6848e-47
5.4664e-47
5.2564e-47
5.0544e-47
4.8601e-47
4.6732e-47
4.4935e-47
4.3207e-47
4.1544e-47
3.9946e-47
3.8408e-47
3.693e-47
3.5508e-47
3.4141e-47
3.2826e-47
3.1561e-47
3.0345e-47
2.9175e-47
2.8051e-47
2.6969e-47
2.5929e-47
2.4929e-47
2.3967e-47
2.3043e-47
2.2153e-47
2.1298e-47
2.0476e-47
1.9685e-47
1.8925e-47
1.8194e-47
1.7491e-47
1.6815e-47
1.6165e-47
1.554e-47
1.4939e-47
1.4361e-47
1.3806e-47
1.3272e-47
1.2758e-47
1.2264e-47
1.1789e-47
1.1333e-47
1.0894e-47
1.0472e-47
1.0066e-47
9.676e-48
9.301e-48
8.9404e-48
8.5937e-48
8.2605e-48
7.94e-48
7.632e-48
7.3358e-48
7.0511e-48
6.7773e-48
6.5142e-48
6.2612e-48
6.018e-48
5.7842e-48
5.5594e-48
5.3433e-48
5.1356e-48
4.9359e-48
4.744e-48
4.5594e-48
4.3821e-48
4.2115e-48
4.0476e-48
3.8901e-48
3.7386e-48
3.593e-48
3.4531e-48
3.3185e-48
3.1892e-48
3.0649e-48
2.9455e-48
2.8306e-48
2.7202e-48
2.6141e-48
2.5121e-48
2.4141e-48
2.3199e-48
2.2294e-48
2.1423e-48
2.0587e-48
1.9783e-48
1.901e-48
1.8267e-48
1.7553e-48
1.6867e-48
1.6208e-48
1.5574e-48
1.4965e-48
1.4379e-48
1.3817e-48
1.3276e-48
1.2756e-48
1.2257e-48
1.1777e-48
1.1316e-48
1.0873e-48
1.0447e-48
1.0037e-48
9.6439e-49
9.2658e-49
8.9025e-49
8.5534e-49
8.2179e-49
7.8955e-49
7.5857e-49
7.288e-49
7.0019e-49
6.727e-49
6.4628e-49
6.209e-49
5.965e-49
5.7306e-49
5.5054e-49
5.289e-49
5.0811e-49
4.8813e-49
4.6893e-49
4.5048e-49
4.3276e-49
4.1573e-49
3.9936e-49
3.8364e-49
3.6854e-49
3.5402e-49
3.4008e-49
3.2668e-49
3.138e-49
3.0143e-49
2.8955e-49
2.7813e-49
2.6717e-49
2.5663e-49
2.465e-49
2.3678e-49
2.2743e-49
2.1845e-49
2.0983e-49
2.0154e-49
1.9358e-49
1.8593e-49
1.7859e-49
1.7153e-49
1.6475e-49
1.5824e-49
1.5198e-49
1.4597e-49
1.4019e-49
1.3465e-49
1.2932e-49
1.242e-49
1.1928e-49
1.1456e-49
1.1002e-49
1.0566e-49
1.0148e-49
9.7456e-50
9.3593e-50
8.9883e-50
8.6319e-50
8.2896e-50
7.9608e-50
7.645e-50
7.3416e-50
7.0502e-50
6.7704e-50
6.5016e-50
6.2434e-50
5.9954e-50
5.7572e-50
5.5285e-50
5.3088e-50
5.0978e-50
4.8951e-50
4.7004e-50
4.5135e-50
4.334e-50
4.1615e-50
3.9959e-50
3.8369e-50
3.6841e-50
3.5374e-50
3.3966e-50
3.2613e-50
3.1313e-50
3.0066e-50
2.8867e-50
2.7717e-50
2.6612e-50
2.555e-50
2.4531e-50
2.3553e-50
2.2613e-50
2.171e-50
2.0844e-50
2.0012e-50
1.9213e-50
1.8445e-50
1.7708e-50
1.7001e-50
1.6322e-50
1.5669e-50
1.5043e-50
1.4441e-50
1.3864e-50
1.3309e-50
1.2777e-50
1.2265e-50
1.1775e-50
1.1303e-50
1.0851e-50
1.0416e-50
9.999e-51
9.5984e-51
9.2138e-51
8.8446e-51
8.4901e-51
8.1497e-51
7.8229e-51
7.5092e-51
7.208e-51
6.9188e-51
6.6411e-51
6.3746e-51
6.1187e-51
5.873e-51
5.6371e-51
5.4107e-51
5.1934e-51
4.9847e-51
4.7843e-51
4.592e-51
4.4074e-51
4.2302e-51
4.06e-51
3.8967e-51
3.7399e-51
3.5894e-51
3.445e-51
3.3063e-51
3.1731e-51
3.0453e-51
2.9227e-51
2.8049e-51
2.6919e-51
2.5834e-51
2.4793e-51
2.3793e-51
2.2834e-51
2.1913e-51
2.1029e-51
2.018e-51
1.9366e-51
1.8584e-51
1.7834e-51
1.7114e-51
1.6423e-51
1.5759e-51
1.5123e-51
1.4511e-51
1.3925e-51
1.3362e-51
1.2822e-51
1.2303e-51
1.1806e-51
1.1328e-51
1.087e-51
1.043e-51
1.0008e-51
9.6025e-52
9.2137e-52
8.8406e-52
8.4825e-52
8.1388e-52
7.809e-52
7.4925e-52
7.1888e-52
6.8974e-52
6.6177e-52
6.3493e-52
6.0917e-52
5.8446e-52
5.6074e-52
5.3798e-52
5.1614e-52
4.9519e-52
4.7508e-52
4.5578e-52
4.3727e-52
4.195e-52
4.0246e-52
3.861e-52
3.704e-52
3.5535e-52
3.409e-52
3.2703e-52
3.1373e-52
3.0097e-52
2.8872e-52
2.7698e-52
2.657e-52
2.5489e-52
2.4451e-52
2.3456e-52
2.2501e-52
2.1585e-52
2.0705e-52
1.9862e-52
1.9053e-52
1.8277e-52
1.7532e-52
1.6818e-52
1.6133e-52
1.5476e-52
1.4845e-52
1.424e-52
1.366e-52
1.3104e-52
1.257e-52
1.2058e-52
1.1567e-52
1.1096e-52
1.0644e-52
1.0211e-52
9.7952e-53
9.3966e-53
9.0145e-53
8.648e-53
8.2966e-53
7.9596e-53
7.6365e-53
7.3267e-53
7.0296e-53
6.7449e-53
6.4719e-53
6.2102e-53
5.9594e-53
5.719e-53
5.4886e-53
5.2678e-53
5.0563e-53
4.8536e-53
4.6594e-53
4.4734e-53
4.2953e-53
4.1247e-53
3.9613e-53
3.805e-53
3.6553e-53
3.5121e-53
3.3751e-53
3.2441e-53
3.1188e-53
2.999e-53
2.8846e-53
2.7753e-53
2.6709e-53
2.5712e-53
2.4762e-53
2.3855e-53
2.2992e-53
2.2169e-53
2.1386e-53
2.0642e-53
1.9935e-53
1.9264e-53
1.8628e-53
1.8025e-53
1.7456e-53
1.6918e-53
1.6411e-53
1.5934e-53
1.5487e-53
1.5068e-53
1.4678e-53
1.4314e-53
1.3977e-53
1.3667e-53
1.3382e-53
1.3122e-53
1.2888e-53
1.2678e-53
1.2492e-53
1.2331e-53
1.2193e-53
1.2079e-53
1.1989e-53
1.1922e-53
1.1879e-53
