3.0872e-10
3.0737e-10
3.0603e-10
3.0469e-10
3.0336e-10
3.0204e-10
3.0073e-10
2.9942e-10
2.9812e-10
2.9682e-10
2.9553e-10
2.9425e-10
2.9298e-10
2.9171e-10
2.9045e-10
2.8919e-10
2.8794e-10
2.867e-10
2.8547e-10
2.8424e-10
2.8302e-10
2.818e-10
2.8059e-10
2.7939e-10
2.7819e-10
2.77e-10
2.7582e-10
2.7464e-10
2.7347e-10
2.7231e-10
2.7115e-10
2.7e-10
2.6885e-10
2.6771e-10
2.6658e-10
2.6546e-10
2.6434e-10
2.6322e-10
2.6212e-10
2.6101e-10
2.5992e-10
2.5883e-10
2.5775e-10
2.5667e-10
2.556e-10
2.5454e-10
2.5348e-10
2.5243e-10
2.5139e-10
2.5035e-10
2.4931e-10
2.4829e-10
2.4727e-10
2.4625e-10
2.4524e-10
2.4424e-10
2.4325e-10
2.4226e-10
2.4127e-10
2.403e-10
2.3932e-10
2.3836e-10
2.374e-10
2.3644e-10
2.355e-10
2.3456e-10
2.3362e-10
2.3269e-10
2.3177e-10
2.3085e-10
2.2994e-10
2.2903e-10
2.2813e-10
2.2724e-10
2.2635e-10
2.2547e-10
2.2459e-10
2.2372e-10
2.2286e-10
2.22e-10
2.2115e-10
2.203e-10
2.1946e-10
2.1862e-10
2.178e-10
2.1697e-10
2.1616e-10
2.1534e-10
2.1454e-10
2.1374e-10
2.1295e-10
2.1216e-10
2.1138e-10
2.106e-10
2.0983e-10
2.0906e-10
2.0831e-10
2.0755e-10
2.0681e-10
2.0607e-10
2.0533e-10
2.046e-10
2.0388e-10
2.0316e-10
2.0245e-10
2.0174e-10
2.0104e-10
2.0034e-10
1.9966e-10
1.9897e-10
1.9829e-10
1.9762e-10
1.9696e-10
1.963e-10
1.9564e-10
1.9499e-10
1.9435e-10
1.9371e-10
1.9308e-10
1.9246e-10
1.9184e-10
1.9123e-10
1.9062e-10
1.9002e-10
1.8942e-10
1.8883e-10
1.8824e-10
1.8766e-10
1.8709e-10
1.8652e-10
1.8596e-10
1.8541e-10
1.8486e-10
1.8431e-10
1.8377e-10
1.8324e-10
1.8272e-10
1.822e-10
1.8168e-10
1.8117e-10
1.8067e-10
1.8017e-10
1.7968e-10
1.7919e-10
1.7871e-10
1.7824e-10
1.7777e-10
1.7731e-10
1.7685e-10
1.764e-10
1.7596e-10
1.7552e-10
1.7509e-10
1.7466e-10
1.7424e-10
1.7382e-10
1.7341e-10
1.7301e-10
1.7261e-10
1.7222e-10
1.7184e-10
1.7146e-10
1.7109e-10
1.7072e-10
1.7036e-10
1.7e-10
1.6965e-10
1.6931e-10
1.6897e-10
1.6864e-10
1.6832e-10
1.68e-10
1.6769e-10
1.6738e-10
1.6708e-10
1.6679e-10
1.665e-10
1.6622e-10
1.6594e-10
1.6567e-10
1.6541e-10
1.6515e-10
1.649e-10
1.6465e-10
1.6442e-10
1.6418e-10
1.6396e-10
1.6374e-10
1.6352e-10
1.6332e-10
1.6312e-10
1.6292e-10
1.6273e-10
1.6255e-10
1.6238e-10
1.6221e-10
1.6205e-10
1.6189e-10
1.6174e-10
1.616e-10
1.6146e-10
1.6133e-10
1.6121e-10
1.6109e-10
1.6098e-10
1.6088e-10
1.6079e-10
1.607e-10
1.6061e-10
1.6054e-10
1.6047e-10
1.604e-10
1.6035e-10
1.603e-10
1.6025e-10
1.6022e-10
1.6019e-10
1.6017e-10
1.6015e-10
1.6014e-10
1.6014e-10
1.6015e-10
1.6016e-10
1.6018e-10
1.6021e-10
1.6024e-10
1.6028e-10
1.6033e-10
1.6039e-10
1.6045e-10
1.6052e-10
1.606e-10
1.6068e-10
1.6077e-10
1.6087e-10
1.6098e-10
1.6109e-10
1.6121e-10
1.6134e-10
1.6148e-10
1.6162e-10
1.6177e-10
1.6193e-10
1.621e-10
1.6227e-10
1.6245e-10
1.6264e-10
1.6284e-10
1.6304e-10
1.6326e-10
1.6348e-10
1.6371e-10
1.6394e-10
1.6419e-10
1.6444e-10
1.647e-10
1.6497e-10
1.6525e-10
1.6553e-10
1.6582e-10
1.6613e-10
1.6643e-10
1.6675e-10
1.6708e-10
1.6741e-10
1.6776e-10
1.6811e-10
1.6847e-10
1.6884e-10
1.6921e-10
1.696e-10
1.6999e-10
1.704e-10
1.7081e-10
1.7123e-10
1.7166e-10
1.721e-10
1.7255e-10
1.73e-10
1.7347e-10
1.7394e-10
1.7443e-10
1.7492e-10
1.7542e-10
1.7594e-10
1.7646e-10
1.7699e-10
1.7753e-10
1.7808e-10
1.7864e-10
1.792e-10
1.7978e-10
1.8037e-10
1.8097e-10
1.8158e-10
1.8219e-10
1.8282e-10
1.8346e-10
1.8411e-10
1.8476e-10
1.8543e-10
1.8611e-10
1.868e-10
1.8749e-10
1.882e-10
1.8892e-10
1.8965e-10
1.9039e-10
1.9114e-10
1.9191e-10
1.9268e-10
1.9346e-10
1.9426e-10
1.9506e-10
1.9588e-10
1.967e-10
1.9754e-10
1.9839e-10
1.9925e-10
2.0012e-10
2.0101e-10
2.019e-10
2.0281e-10
2.0373e-10
2.0466e-10
2.056e-10
2.0655e-10
2.0752e-10
2.085e-10
2.0949e-10
2.1049e-10
2.115e-10
2.1253e-10
2.1357e-10
2.1462e-10
2.1568e-10
2.1676e-10
2.1785e-10
2.1895e-10
2.2006e-10
2.2119e-10
2.2233e-10
2.2348e-10
2.2465e-10
2.2583e-10
2.2702e-10
2.2823e-10
2.2945e-10
2.3068e-10
2.3193e-10
2.3319e-10
2.3446e-10
2.3575e-10
2.3706e-10
2.3837e-10
2.397e-10
2.4105e-10
2.4241e-10
2.4378e-10
2.4517e-10
2.4658e-10
2.48e-10
2.4943e-10
2.5088e-10
2.5234e-10
2.5382e-10
2.5531e-10
2.5682e-10
2.5835e-10
2.5989e-10
2.6144e-10
2.6302e-10
2.646e-10
2.6621e-10
2.6783e-10
2.6946e-10
2.7111e-10
2.7278e-10
2.7447e-10
2.7617e-10
2.7789e-10
2.7963e-10
2.8138e-10
2.8315e-10
2.8493e-10
2.8674e-10
2.8856e-10
2.904e-10
2.9226e-10
2.9413e-10
2.9602e-10
2.9794e-10
2.9986e-10
3.0181e-10
3.0378e-10
3.0576e-10
3.0776e-10
3.0979e-10
3.1183e-10
3.1389e-10
3.1597e-10
3.1806e-10
3.2018e-10
3.2232e-10
3.2448e-10
3.2665e-10
3.2885e-10
3.3107e-10
3.333e-10
3.3556e-10
3.3784e-10
3.4014e-10
3.4246e-10
3.448e-10
3.4716e-10
3.4954e-10
3.5195e-10
3.5438e-10
3.5682e-10
3.5929e-10
3.6178e-10
3.643e-10
3.6683e-10
3.6939e-10
3.7197e-10
3.7458e-10
3.7721e-10
3.7986e-10
3.8253e-10
3.8523e-10
3.8795e-10
3.9069e-10
3.9346e-10
3.9625e-10
3.9907e-10
4.0191e-10
4.0478e-10
4.0767e-10
4.1058e-10
4.1352e-10
4.1649e-10
4.1948e-10
4.225e-10
4.2554e-10
4.2861e-10
4.317e-10
4.3482e-10
4.3797e-10
4.4115e-10
4.4435e-10
4.4758e-10
4.5083e-10
4.5412e-10
4.5743e-10
4.6077e-10
4.6413e-10
4.6753e-10
4.7095e-10
4.7441e-10
4.7789e-10
4.814e-10
4.8494e-10
4.8851e-10
4.9211e-10
4.9574e-10
4.994e-10
5.0309e-10
5.0681e-10
5.1056e-10
5.1434e-10
5.1815e-10
5.22e-10
5.2587e-10
5.2978e-10
5.3372e-10
5.3769e-10
5.417e-10
5.4574e-10
5.4981e-10
5.5391e-10
5.5805e-10
5.6222e-10
5.6643e-10
5.7067e-10
5.7494e-10
5.7925e-10
5.8359e-10
5.8797e-10
5.9238e-10
5.9683e-10
6.0132e-10
6.0584e-10
6.104e-10
6.1499e-10
6.1962e-10
6.2429e-10
6.29e-10
6.3374e-10
6.3853e-10
6.4335e-10
6.482e-10
6.531e-10
6.5804e-10
6.6301e-10
6.6803e-10
6.7309e-10
6.7818e-10
6.8332e-10
6.8849e-10
6.9371e-10
6.9897e-10
7.0427e-10
7.0961e-10
7.15e-10
7.2043e-10
7.259e-10
7.3141e-10
7.3697e-10
7.4257e-10
7.4821e-10
7.539e-10
7.5963e-10
7.6541e-10
7.7123e-10
7.771e-10
7.8302e-10
7.8898e-10
7.9498e-10
8.0104e-10
8.0714e-10
8.1329e-10
8.1949e-10
8.2573e-10
8.3202e-10
8.3837e-10
8.4476e-10
8.512e-10
8.5769e-10
8.6423e-10
8.7082e-10
8.7747e-10
8.8416e-10
8.9091e-10
8.977e-10
9.0455e-10
9.1146e-10
9.1841e-10
9.2542e-10
9.3249e-10
9.396e-10
9.4678e-10
9.54e-10
9.6128e-10
9.6862e-10
9.7602e-10
9.8347e-10
9.9098e-10
9.9854e-10
1.0062e-09
1.0138e-09
1.0216e-09
1.0294e-09
1.0372e-09
1.0452e-09
1.0531e-09
1.0612e-09
1.0693e-09
1.0774e-09
1.0857e-09
1.0939e-09
1.1023e-09
1.1107e-09
1.1192e-09
1.1277e-09
1.1363e-09
1.145e-09
1.1537e-09
1.1625e-09
1.1714e-09
1.1803e-09
1.1893e-09
1.1984e-09
1.2075e-09
1.2167e-09
1.226e-09
1.2353e-09
1.2448e-09
1.2542e-09
1.2638e-09
1.2734e-09
1.2831e-09
1.2929e-09
1.3027e-09
1.3127e-09
1.3226e-09
1.3327e-09
1.3429e-09
1.3531e-09
1.3634e-09
1.3737e-09
1.3842e-09
1.3947e-09
1.4053e-09
1.416e-09
1.4267e-09
1.4376e-09
1.4485e-09
1.4595e-09
1.4706e-09
1.4818e-09
1.493e-09
1.5043e-09
1.5157e-09
1.5272e-09
1.5388e-09
1.5505e-09
1.5623e-09
1.5741e-09
1.586e-09
1.598e-09
1.6101e-09
1.6223e-09
1.6346e-09
1.647e-09
1.6595e-09
1.672e-09
1.6847e-09
1.6974e-09
1.7102e-09
1.7232e-09
1.7362e-09
1.7493e-09
1.7625e-09
1.7758e-09
1.7893e-09
1.8028e-09
1.8164e-09
1.8301e-09
1.8439e-09
1.8578e-09
1.8718e-09
1.8859e-09
1.9001e-09
1.9144e-09
1.9288e-09
1.9434e-09
1.958e-09
1.9727e-09
1.9876e-09
2.0025e-09
2.0176e-09
2.0327e-09
2.048e-09
2.0634e-09
2.0789e-09
2.0945e-09
2.1102e-09
2.126e-09
2.142e-09
2.1581e-09
2.1742e-09
2.1905e-09
2.207e-09
2.2235e-09
2.2401e-09
2.2569e-09
2.2738e-09
2.2908e-09
2.308e-09
2.3252e-09
2.3426e-09
2.3601e-09
2.3777e-09
2.3955e-09
2.4134e-09
2.4314e-09
2.4495e-09
2.4678e-09
2.4862e-09
2.5047e-09
2.5234e-09
2.5422e-09
2.5611e-09
2.5802e-09
2.5994e-09
2.6188e-09
2.6382e-09
2.6579e-09
2.6776e-09
2.6975e-09
2.7176e-09
2.7377e-09
2.7581e-09
2.7785e-09
2.7992e-09
2.8199e-09
2.8408e-09
2.8619e-09
2.8831e-09
2.9044e-09
2.9259e-09
2.9476e-09
2.9694e-09
2.9914e-09
3.0135e-09
3.0358e-09
3.0582e-09
3.0808e-09
3.1036e-09
3.1265e-09
3.1495e-09
3.1728e-09
3.1962e-09
3.2197e-09
3.2435e-09
3.2674e-09
3.2914e-09
3.3156e-09
3.34e-09
3.3646e-09
3.3894e-09
3.4143e-09
3.4394e-09
3.4646e-09
3.4901e-09
3.5157e-09
3.5415e-09
3.5675e-09
3.5937e-09
3.62e-09
3.6465e-09
3.6732e-09
3.7001e-09
3.7272e-09
3.7545e-09
3.782e-09
3.8096e-09
3.8375e-09
3.8655e-09
3.8938e-09
3.9222e-09
3.9508e-09
3.9797e-09
4.0087e-09
4.0379e-09
4.0674e-09
4.097e-09
4.1268e-09
4.1569e-09
4.1871e-09
4.2176e-09
4.2483e-09
4.2792e-09
4.3103e-09
4.3416e-09
4.3731e-09
4.4049e-09
4.4368e-09
4.469e-09
4.5014e-09
4.5341e-09
4.5669e-09
4.6e-09
4.6333e-09
4.6668e-09
4.7006e-09
4.7346e-09
4.7688e-09
4.8033e-09
4.838e-09
4.873e-09
4.9081e-09
4.9436e-09
4.9792e-09
5.0151e-09
5.0513e-09
5.0877e-09
5.1243e-09
5.1612e-09
5.1984e-09
5.2358e-09
5.2734e-09
5.3113e-09
5.3495e-09
5.3879e-09
5.4266e-09
5.4656e-09
5.5048e-09
5.5443e-09
5.5841e-09
5.6241e-09
5.6644e-09
5.7049e-09
5.7458e-09
5.7869e-09
5.8283e-09
5.87e-09
5.9119e-09
5.9542e-09
5.9967e-09
6.0395e-09
6.0826e-09
6.126e-09
6.1697e-09
6.2137e-09
6.258e-09
6.3026e-09
6.3474e-09
6.3926e-09
6.4381e-09
6.4839e-09
6.53e-09
6.5764e-09
6.6231e-09
6.6702e-09
6.7175e-09
6.7652e-09
6.8131e-09
6.8615e-09
6.9101e-09
6.959e-09
7.0083e-09
7.0579e-09
7.1079e-09
7.1581e-09
7.2088e-09
7.2597e-09
7.311e-09
7.3626e-09
7.4146e-09
7.4669e-09
7.5196e-09
7.5726e-09
7.626e-09
7.6797e-09
7.7338e-09
7.7882e-09
7.8431e-09
7.8982e-09
7.9538e-09
8.0097e-09
8.0659e-09
8.1226e-09
8.1796e-09
8.237e-09
8.2948e-09
8.3529e-09
8.4115e-09
8.4704e-09
8.5297e-09
8.5894e-09
8.6495e-09
8.7101e-09
8.771e-09
8.8323e-09
8.894e-09
8.9561e-09
9.0186e-09
9.0815e-09
9.1449e-09
9.2086e-09
9.2728e-09
9.3374e-09
9.4024e-09
9.4679e-09
9.5338e-09
9.6001e-09
9.6668e-09
9.734e-09
9.8016e-09
9.8697e-09
9.9382e-09
1.0007e-08
1.0077e-08
1.0146e-08
1.0217e-08
1.0287e-08
1.0359e-08
1.043e-08
1.0503e-08
1.0575e-08
1.0648e-08
1.0722e-08
1.0796e-08
1.087e-08
1.0946e-08
1.1021e-08
1.1097e-08
1.1174e-08
1.1251e-08
1.1328e-08
1.1406e-08
1.1484e-08
1.1563e-08
1.1643e-08
1.1723e-08
1.1804e-08
1.1885e-08
1.1966e-08
1.2048e-08
1.2131e-08
1.2214e-08
1.2298e-08
1.2382e-08
1.2467e-08
1.2552e-08
1.2638e-08
1.2725e-08
1.2812e-08
1.2899e-08
1.2987e-08
1.3076e-08
1.3165e-08
1.3255e-08
1.3345e-08
1.3436e-08
1.3528e-08
1.362e-08
1.3713e-08
1.3806e-08
1.39e-08
1.3994e-08
1.409e-08
1.4185e-08
1.4282e-08
1.4379e-08
1.4476e-08
1.4574e-08
1.4673e-08
1.4772e-08
1.4873e-08
1.4973e-08
1.5075e-08
1.5177e-08
1.5279e-08
1.5382e-08
1.5486e-08
1.5591e-08
1.5696e-08
1.5802e-08
1.5909e-08
1.6016e-08
1.6124e-08
1.6233e-08
1.6342e-08
1.6452e-08
1.6563e-08
1.6674e-08
1.6786e-08
1.6899e-08
1.7012e-08
1.7127e-08
1.7242e-08
1.7357e-08
1.7474e-08
1.7591e-08
1.7709e-08
1.7827e-08
1.7947e-08
1.8067e-08
1.8187e-08
1.8309e-08
1.8431e-08
1.8554e-08
1.8678e-08
1.8803e-08
1.8928e-08
1.9055e-08
1.9182e-08
1.9309e-08
1.9438e-08
1.9567e-08
1.9698e-08
1.9829e-08
1.9961e-08
2.0093e-08
2.0227e-08
2.0361e-08
2.0496e-08
2.0632e-08
2.0769e-08
2.0907e-08
2.1045e-08
2.1184e-08
2.1325e-08
2.1466e-08
2.1608e-08
2.1751e-08
2.1894e-08
2.2039e-08
2.2184e-08
2.2331e-08
2.2478e-08
2.2626e-08
2.2776e-08
2.2926e-08
2.3077e-08
2.3229e-08
2.3381e-08
2.3535e-08
2.369e-08
2.3846e-08
2.4002e-08
2.416e-08
2.4318e-08
2.4478e-08
2.4638e-08
2.48e-08
2.4962e-08
2.5126e-08
2.529e-08
2.5456e-08
2.5622e-08
2.579e-08
2.5958e-08
2.6128e-08
2.6298e-08
2.647e-08
2.6643e-08
2.6816e-08
2.6991e-08
2.7167e-08
2.7344e-08
2.7522e-08
2.7701e-08
2.7881e-08
2.8062e-08
2.8244e-08
2.8428e-08
2.8612e-08
2.8798e-08
2.8985e-08
2.9173e-08
2.9362e-08
2.9552e-08
2.9743e-08
2.9936e-08
3.0129e-08
3.0324e-08
3.052e-08
3.0717e-08
3.0916e-08
3.1115e-08
3.1316e-08
3.1518e-08
3.1721e-08
3.1925e-08
3.2131e-08
3.2338e-08
3.2546e-08
3.2755e-08
3.2966e-08
3.3177e-08
3.3391e-08
3.3605e-08
3.3821e-08
3.4037e-08
3.4256e-08
3.4475e-08
3.4696e-08
3.4918e-08
3.5142e-08
3.5366e-08
3.5593e-08
3.582e-08
3.6049e-08
3.6279e-08
3.6511e-08
3.6744e-08
3.6978e-08
3.7214e-08
3.7451e-08
3.7689e-08
3.7929e-08
3.817e-08
3.8413e-08
3.8657e-08
3.8903e-08
3.915e-08
3.9399e-08
3.9649e-08
3.99e-08
4.0153e-08
4.0407e-08
4.0663e-08
4.0921e-08
4.118e-08
4.144e-08
4.1702e-08
4.1966e-08
4.2231e-08
4.2498e-08
4.2766e-08
4.3036e-08
4.3307e-08
4.358e-08
4.3854e-08
4.413e-08
4.4408e-08
4.4688e-08
4.4969e-08
4.5251e-08
4.5536e-08
4.5821e-08
4.6109e-08
4.6398e-08
4.6689e-08
4.6982e-08
4.7276e-08
4.7572e-08
4.787e-08
4.817e-08
4.8471e-08
4.8774e-08
4.9079e-08
4.9385e-08
4.9694e-08
5.0004e-08
5.0315e-08
5.0629e-08
5.0945e-08
5.1262e-08
5.1581e-08
5.1902e-08
5.2225e-08
5.2549e-08
5.2876e-08
5.3204e-08
5.3535e-08
5.3867e-08
5.4201e-08
5.4537e-08
5.4875e-08
5.5215e-08
5.5557e-08
5.59e-08
5.6246e-08
5.6594e-08
5.6944e-08
5.7295e-08
5.7649e-08
5.8005e-08
5.8363e-08
5.8722e-08
5.9084e-08
5.9448e-08
5.9814e-08
6.0182e-08
6.0553e-08
6.0925e-08
6.1299e-08
6.1676e-08
6.2054e-08
6.2435e-08
6.2818e-08
6.3203e-08
6.3591e-08
6.398e-08
6.4372e-08
6.4766e-08
6.5162e-08
6.556e-08
6.5961e-08
6.6364e-08
6.6769e-08
6.7176e-08
6.7586e-08
6.7998e-08
6.8412e-08
6.8829e-08
6.9248e-08
6.967e-08
7.0093e-08
7.0519e-08
7.0948e-08
7.1379e-08
7.1812e-08
7.2248e-08
7.2686e-08
7.3127e-08
7.357e-08
7.4015e-08
7.4464e-08
7.4914e-08
7.5367e-08
7.5823e-08
7.6281e-08
7.6742e-08
7.7205e-08
7.7671e-08
7.8139e-08
7.861e-08
7.9084e-08
7.956e-08
8.0039e-08
8.052e-08
8.1005e-08
8.1492e-08
8.1981e-08
8.2473e-08
8.2968e-08
8.3466e-08
8.3967e-08
8.447e-08
8.4976e-08
8.5485e-08
8.5996e-08
8.6511e-08
8.7028e-08
8.7548e-08
8.8071e-08
8.8597e-08
8.9126e-08
8.9657e-08
9.0192e-08
9.0729e-08
9.127e-08
9.1813e-08
9.236e-08
9.2909e-08
9.3461e-08
9.4017e-08
9.4575e-08
9.5136e-08
9.5701e-08
9.6268e-08
9.6839e-08
9.7413e-08
9.799e-08
9.857e-08
9.9153e-08
9.9739e-08
1.0033e-07
1.0092e-07
1.0152e-07
1.0212e-07
1.0272e-07
1.0332e-07
1.0393e-07
1.0455e-07
1.0516e-07
1.0578e-07
1.064e-07
1.0703e-07
1.0766e-07
1.0829e-07
1.0892e-07
1.0956e-07
1.1021e-07
1.1085e-07
1.115e-07
1.1216e-07
1.1281e-07
1.1347e-07
1.1414e-07
1.148e-07
1.1547e-07
1.1615e-07
1.1683e-07
1.1751e-07
1.1819e-07
1.1888e-07
1.1957e-07
1.2027e-07
1.2097e-07
1.2167e-07
1.2238e-07
1.2309e-07
1.2381e-07
1.2452e-07
1.2525e-07
1.2597e-07
1.267e-07
1.2744e-07
1.2818e-07
1.2892e-07
1.2966e-07
1.3041e-07
1.3117e-07
1.3192e-07
1.3269e-07
1.3345e-07
1.3422e-07
1.3499e-07
1.3577e-07
1.3655e-07
1.3734e-07
1.3813e-07
1.3892e-07
1.3972e-07
1.4053e-07
1.4133e-07
1.4214e-07
1.4296e-07
1.4378e-07
1.446e-07
1.4543e-07
1.4626e-07
1.471e-07
1.4794e-07
1.4879e-07
1.4964e-07
1.5049e-07
1.5135e-07
1.5221e-07
1.5308e-07
1.5395e-07
1.5483e-07
1.5571e-07
1.566e-07
1.5749e-07
1.5839e-07
1.5928e-07
1.6019e-07
1.611e-07
1.6201e-07
1.6293e-07
1.6385e-07
1.6478e-07
1.6572e-07
1.6665e-07
1.676e-07
1.6854e-07
1.695e-07
1.7045e-07
1.7142e-07
1.7238e-07
1.7335e-07
1.7433e-07
1.7531e-07
1.763e-07
1.7729e-07
1.7829e-07
1.7929e-07
1.803e-07
1.8131e-07
1.8233e-07
1.8335e-07
1.8438e-07
1.8541e-07
1.8645e-07
1.875e-07
1.8855e-07
1.896e-07
1.9066e-07
1.9173e-07
1.928e-07
1.9387e-07
1.9495e-07
1.9604e-07
1.9713e-07
1.9823e-07
1.9934e-07
2.0044e-07
2.0156e-07
2.0268e-07
2.0381e-07
2.0494e-07
2.0608e-07
2.0722e-07
2.0837e-07
2.0952e-07
2.1068e-07
2.1185e-07
2.1302e-07
2.142e-07
2.1538e-07
2.1657e-07
2.1777e-07
2.1897e-07
2.2018e-07
2.2139e-07
2.2261e-07
2.2384e-07
2.2507e-07
2.2631e-07
2.2755e-07
2.288e-07
2.3006e-07
2.3132e-07
2.3259e-07
2.3387e-07
2.3515e-07
2.3644e-07
2.3773e-07
2.3903e-07
2.4034e-07
2.4166e-07
2.4298e-07
2.443e-07
2.4564e-07
2.4698e-07
2.4832e-07
2.4968e-07
2.5104e-07
2.524e-07
2.5378e-07
2.5516e-07
2.5654e-07
2.5794e-07
2.5934e-07
2.6075e-07
2.6216e-07
2.6358e-07
2.6501e-07
2.6645e-07
2.6789e-07
2.6934e-07
2.7079e-07
2.7226e-07
2.7373e-07
2.7521e-07
2.7669e-07
2.7818e-07
2.7968e-07
2.8119e-07
2.827e-07
2.8422e-07
2.8575e-07
2.8729e-07
2.8883e-07
2.9038e-07
2.9194e-07
2.9351e-07
2.9508e-07
2.9666e-07
2.9825e-07
2.9985e-07
3.0145e-07
3.0307e-07
3.0468e-07
3.0631e-07
3.0795e-07
3.0959e-07
3.1124e-07
3.129e-07
3.1457e-07
3.1624e-07
3.1793e-07
3.1962e-07
3.2131e-07
3.2302e-07
3.2474e-07
3.2646e-07
3.2819e-07
3.2993e-07
3.3168e-07
3.3344e-07
3.352e-07
3.3697e-07
3.3876e-07
3.4055e-07
3.4235e-07
3.4415e-07
3.4597e-07
3.4779e-07
3.4963e-07
3.5147e-07
3.5332e-07
3.5518e-07
3.5704e-07
3.5892e-07
3.6081e-07
3.627e-07
3.646e-07
3.6651e-07
3.6844e-07
3.7037e-07
3.723e-07
3.7425e-07
3.7621e-07
3.7818e-07
3.8015e-07
3.8214e-07
3.8413e-07
3.8614e-07
3.8815e-07
3.9017e-07
3.922e-07
3.9424e-07
3.9629e-07
3.9835e-07
4.0042e-07
4.025e-07
4.0459e-07
4.0669e-07
4.088e-07
4.1092e-07
4.1304e-07
4.1518e-07
4.1733e-07
4.1949e-07
4.2166e-07
4.2383e-07
4.2602e-07
4.2822e-07
4.3043e-07
4.3264e-07
4.3487e-07
4.3711e-07
4.3936e-07
4.4162e-07
4.4389e-07
4.4617e-07
4.4846e-07
4.5076e-07
4.5307e-07
4.5539e-07
4.5772e-07
4.6006e-07
4.6242e-07
4.6478e-07
4.6716e-07
4.6954e-07
4.7194e-07
4.7435e-07
4.7677e-07
4.7919e-07
4.8164e-07
4.8409e-07
4.8655e-07
4.8902e-07
4.9151e-07
4.94e-07
4.9651e-07
4.9903e-07
5.0156e-07
5.041e-07
5.0665e-07
5.0922e-07
5.1179e-07
5.1438e-07
5.1698e-07
5.1959e-07
5.2221e-07
5.2485e-07
5.2749e-07
5.3015e-07
5.3282e-07
5.355e-07
5.382e-07
5.409e-07
5.4362e-07
5.4635e-07
5.4909e-07
5.5184e-07
5.5461e-07
5.5739e-07
5.6018e-07
5.6298e-07
5.658e-07
5.6863e-07
5.7147e-07
5.7432e-07
5.7719e-07
5.8007e-07
5.8296e-07
5.8586e-07
5.8878e-07
5.9171e-07
5.9465e-07
5.976e-07
6.0057e-07
6.0355e-07
6.0655e-07
6.0956e-07
6.1258e-07
6.1561e-07
6.1866e-07
6.2172e-07
6.2479e-07
6.2788e-07
6.3098e-07
6.3409e-07
6.3722e-07
6.4036e-07
6.4352e-07
6.4669e-07
6.4987e-07
6.5307e-07
6.5628e-07
6.595e-07
6.6274e-07
6.6599e-07
6.6926e-07
6.7254e-07
6.7583e-07
6.7914e-07
6.8246e-07
6.858e-07
6.8915e-07
6.9252e-07
6.959e-07
6.9929e-07
7.027e-07
7.0612e-07
7.0956e-07
7.1302e-07
7.1648e-07
7.1997e-07
7.2347e-07
7.2698e-07
7.3051e-07
7.3405e-07
7.3761e-07
7.4118e-07
7.4477e-07
7.4837e-07
7.5199e-07
7.5562e-07
7.5927e-07
7.6294e-07
7.6662e-07
7.7031e-07
7.7403e-07
7.7775e-07
7.815e-07
7.8526e-07
7.8903e-07
7.9282e-07
7.9663e-07
8.0045e-07
8.0429e-07
8.0814e-07
8.1201e-07
8.159e-07
8.198e-07
8.2372e-07
8.2766e-07
8.3161e-07
8.3558e-07
8.3957e-07
8.4357e-07
8.4759e-07
8.5162e-07
8.5568e-07
8.5974e-07
8.6383e-07
8.6793e-07
8.7205e-07
8.7619e-07
8.8034e-07
8.8452e-07
8.887e-07
8.9291e-07
8.9713e-07
9.0137e-07
9.0563e-07
9.0991e-07
9.142e-07
9.1851e-07
9.2284e-07
9.2719e-07
9.3155e-07
9.3593e-07
9.4033e-07
9.4475e-07
9.4919e-07
9.5364e-07
9.5811e-07
9.626e-07
9.6711e-07
9.7164e-07
9.7619e-07
9.8075e-07
9.8533e-07
9.8993e-07
9.9455e-07
9.9919e-07
1.0039e-06
1.0085e-06
1.0132e-06
1.0179e-06
1.0227e-06
1.0274e-06
1.0322e-06
1.037e-06
1.0418e-06
1.0466e-06
1.0515e-06
1.0563e-06
1.0612e-06
1.0661e-06
1.0711e-06
1.076e-06
1.081e-06
1.086e-06
1.091e-06
1.096e-06
1.101e-06
1.1061e-06
1.1112e-06
1.1163e-06
1.1214e-06
1.1266e-06
1.1317e-06
1.1369e-06
1.1421e-06
1.1474e-06
1.1526e-06
1.1579e-06
1.1632e-06
1.1685e-06
1.1738e-06
1.1792e-06
1.1845e-06
1.1899e-06
1.1954e-06
1.2008e-06
1.2063e-06
1.2117e-06
1.2172e-06
1.2228e-06
1.2283e-06
1.2339e-06
1.2395e-06
1.2451e-06
1.2507e-06
1.2564e-06
1.262e-06
1.2677e-06
1.2735e-06
1.2792e-06
1.285e-06
1.2908e-06
1.2966e-06
1.3024e-06
1.3083e-06
1.3141e-06
1.32e-06
1.326e-06
1.3319e-06
1.3379e-06
1.3439e-06
1.3499e-06
1.3559e-06
1.362e-06
1.3681e-06
1.3742e-06
1.3803e-06
1.3865e-06
1.3926e-06
1.3988e-06
1.4051e-06
1.4113e-06
1.4176e-06
1.4239e-06
1.4302e-06
1.4365e-06
1.4429e-06
1.4493e-06
1.4557e-06
1.4621e-06
1.4686e-06
1.4751e-06
1.4816e-06
1.4882e-06
1.4947e-06
1.5013e-06
1.5079e-06
1.5146e-06
1.5212e-06
1.5279e-06
1.5346e-06
1.5413e-06
1.5481e-06
1.5549e-06
1.5617e-06
1.5685e-06
1.5754e-06
1.5823e-06
1.5892e-06
1.5962e-06
1.6031e-06
1.6101e-06
1.6171e-06
1.6242e-06
1.6312e-06
1.6383e-06
1.6455e-06
1.6526e-06
1.6598e-06
1.667e-06
1.6742e-06
1.6815e-06
1.6887e-06
1.696e-06
1.7034e-06
1.7107e-06
1.7181e-06
1.7255e-06
1.733e-06
1.7405e-06
1.748e-06
1.7555e-06
1.763e-06
1.7706e-06
1.7782e-06
1.7858e-06
1.7935e-06
1.8012e-06
1.8089e-06
1.8167e-06
1.8244e-06
1.8322e-06
1.8401e-06
1.8479e-06
1.8558e-06
1.8637e-06
1.8716e-06
1.8796e-06
1.8876e-06
1.8956e-06
1.9037e-06
1.9118e-06
1.9199e-06
1.928e-06
1.9362e-06
1.9444e-06
1.9526e-06
1.9609e-06
1.9692e-06
1.9775e-06
1.9859e-06
1.9942e-06
2.0026e-06
2.0111e-06
2.0195e-06
2.028e-06
2.0366e-06
2.0451e-06
2.0537e-06
2.0623e-06
2.071e-06
2.0796e-06
2.0884e-06
2.0971e-06
2.1059e-06
2.1147e-06
2.1235e-06
2.1324e-06
2.1412e-06
2.1502e-06
2.1591e-06
2.1681e-06
2.1771e-06
2.1862e-06
2.1952e-06
2.2044e-06
2.2135e-06
2.2227e-06
2.2319e-06
2.2411e-06
2.2504e-06
2.2597e-06
2.269e-06
2.2784e-06
2.2878e-06
2.2972e-06
2.3067e-06
2.3162e-06
2.3257e-06
2.3352e-06
2.3448e-06
2.3545e-06
2.3641e-06
2.3738e-06
2.3835e-06
2.3933e-06
2.4031e-06
2.4129e-06
2.4227e-06
2.4326e-06
2.4426e-06
2.4525e-06
2.4625e-06
2.4725e-06
2.4826e-06
2.4927e-06
2.5028e-06
2.5129e-06
2.5231e-06
2.5334e-06
2.5436e-06
2.5539e-06
2.5642e-06
2.5746e-06
2.585e-06
2.5954e-06
2.6059e-06
2.6164e-06
2.6269e-06
2.6375e-06
2.6481e-06
2.6588e-06
2.6694e-06
2.6801e-06
2.6909e-06
2.7017e-06
2.7125e-06
2.7233e-06
2.7342e-06
2.7452e-06
2.7561e-06
2.7671e-06
2.7782e-06
2.7892e-06
2.8003e-06
2.8115e-06
2.8226e-06
2.8339e-06
2.8451e-06
2.8564e-06
2.8677e-06
2.8791e-06
2.8905e-06
2.9019e-06
2.9134e-06
2.9249e-06
2.9364e-06
2.948e-06
2.9596e-06
2.9713e-06
2.983e-06
2.9947e-06
3.0065e-06
3.0183e-06
3.0301e-06
3.042e-06
3.0539e-06
3.0659e-06
3.0779e-06
3.0899e-06
3.102e-06
3.1141e-06
3.1263e-06
3.1384e-06
3.1507e-06
3.1629e-06
3.1752e-06
3.1876e-06
3.2e-06
3.2124e-06
3.2248e-06
3.2373e-06
3.2499e-06
3.2625e-06
3.2751e-06
3.2877e-06
3.3004e-06
3.3132e-06
3.3259e-06
3.3388e-06
3.3516e-06
3.3645e-06
3.3774e-06
3.3904e-06
3.4034e-06
3.4165e-06
3.4296e-06
3.4427e-06
3.4559e-06
3.4691e-06
3.4824e-06
3.4957e-06
3.509e-06
3.5224e-06
3.5358e-06
3.5493e-06
3.5628e-06
3.5763e-06
3.5899e-06
3.6035e-06
3.6172e-06
3.6309e-06
3.6446e-06
3.6584e-06
3.6723e-06
3.6861e-06
3.7001e-06
3.714e-06
3.728e-06
3.7421e-06
3.7562e-06
3.7703e-06
3.7845e-06
3.7987e-06
3.8129e-06
3.8272e-06
3.8416e-06
3.8559e-06
3.8704e-06
3.8848e-06
3.8994e-06
3.9139e-06
3.9285e-06
3.9432e-06
3.9578e-06
3.9726e-06
3.9873e-06
4.0022e-06
4.017e-06
4.0319e-06
4.0469e-06
4.0619e-06
4.0769e-06
4.092e-06
4.1071e-06
4.1223e-06
4.1375e-06
4.1527e-06
4.168e-06
4.1834e-06
4.1988e-06
4.2142e-06
4.2297e-06
4.2452e-06
4.2608e-06
4.2764e-06
4.292e-06
4.3078e-06
4.3235e-06
4.3393e-06
4.3551e-06
4.371e-06
4.3869e-06
4.4029e-06
4.4189e-06
4.435e-06
4.4511e-06
4.4673e-06
4.4835e-06
4.4997e-06
4.516e-06
4.5324e-06
4.5488e-06
4.5652e-06
4.5817e-06
4.5982e-06
4.6148e-06
4.6314e-06
4.6481e-06
4.6648e-06
4.6815e-06
4.6984e-06
4.7152e-06
4.7321e-06
4.7491e-06
4.7661e-06
4.7831e-06
4.8002e-06
4.8173e-06
4.8345e-06
4.8517e-06
4.869e-06
4.8864e-06
4.9037e-06
4.9212e-06
4.9386e-06
4.9561e-06
4.9737e-06
4.9913e-06
5.009e-06
5.0267e-06
5.0445e-06
5.0623e-06
5.0801e-06
5.098e-06
5.116e-06
5.134e-06
5.152e-06
5.1701e-06
5.1883e-06
5.2065e-06
5.2247e-06
5.243e-06
5.2614e-06
5.2798e-06
5.2982e-06
5.3167e-06
5.3352e-06
5.3538e-06
5.3725e-06
5.3912e-06
5.4099e-06
5.4287e-06
5.4475e-06
5.4664e-06
5.4854e-06
5.5044e-06
5.5234e-06
5.5425e-06
5.5616e-06
5.5808e-06
5.6001e-06
5.6193e-06
5.6387e-06
5.6581e-06
5.6775e-06
5.697e-06
5.7166e-06
5.7361e-06
5.7558e-06
5.7755e-06
5.7952e-06
5.815e-06
5.8349e-06
5.8548e-06
5.8747e-06
5.8947e-06
5.9148e-06
5.9349e-06
5.955e-06
5.9753e-06
5.9955e-06
6.0158e-06
6.0362e-06
6.0566e-06
6.0771e-06
6.0976e-06
6.1182e-06
6.1388e-06
6.1594e-06
6.1802e-06
6.2009e-06
6.2218e-06
6.2427e-06
6.2636e-06
6.2846e-06
6.3056e-06
6.3267e-06
6.3479e-06
6.369e-06
6.3903e-06
6.4116e-06
6.433e-06
6.4544e-06
6.4758e-06
6.4973e-06
6.5189e-06
6.5405e-06
6.5622e-06
6.5839e-06
6.6057e-06
6.6275e-06
6.6494e-06
6.6713e-06
6.6933e-06
6.7154e-06
6.7375e-06
6.7596e-06
6.7818e-06
6.8041e-06
6.8264e-06
6.8488e-06
6.8712e-06
6.8937e-06
6.9162e-06
6.9388e-06
6.9614e-06
6.9841e-06
7.0068e-06
7.0296e-06
7.0525e-06
7.0754e-06
7.0983e-06
7.1214e-06
7.1444e-06
7.1675e-06
7.1907e-06
7.2139e-06
7.2372e-06
7.2606e-06
7.284e-06
7.3074e-06
7.3309e-06
7.3545e-06
7.3781e-06
7.4018e-06
7.4255e-06
7.4493e-06
7.4731e-06
7.497e-06
7.5209e-06
7.5449e-06
7.569e-06
7.5931e-06
7.6172e-06
7.6415e-06
7.6657e-06
7.6901e-06
7.7144e-06
7.7389e-06
7.7634e-06
7.7879e-06
7.8125e-06
7.8372e-06
7.8619e-06
7.8867e-06
7.9115e-06
7.9364e-06
7.9613e-06
7.9863e-06
8.0114e-06
8.0365e-06
8.0616e-06
8.0868e-06
8.1121e-06
8.1374e-06
8.1628e-06
8.1883e-06
8.2138e-06
8.2393e-06
8.2649e-06
8.2906e-06
8.3163e-06
8.3421e-06
8.3679e-06
8.3938e-06
8.4197e-06
8.4457e-06
8.4718e-06
8.4979e-06
8.5241e-06
8.5503e-06
8.5766e-06
8.6029e-06
8.6293e-06
8.6558e-06
8.6823e-06
8.7088e-06
8.7355e-06
8.7621e-06
8.7889e-06
8.8157e-06
8.8425e-06
8.8694e-06
8.8964e-06
8.9234e-06
8.9505e-06
8.9776e-06
9.0048e-06
9.032e-06
9.0593e-06
9.0867e-06
9.1141e-06
9.1415e-06
9.1691e-06
9.1966e-06
9.2243e-06
9.252e-06
9.2797e-06
9.3075e-06
9.3354e-06
9.3633e-06
9.3913e-06
9.4193e-06
9.4474e-06
9.4756e-06
9.5038e-06
9.5321e-06
9.5604e-06
9.5888e-06
9.6172e-06
9.6457e-06
9.6742e-06
9.7028e-06
9.7315e-06
9.7602e-06
9.789e-06
9.8178e-06
9.8467e-06
9.8757e-06
9.9047e-06
9.9337e-06
9.9628e-06
9.992e-06
1.0021e-05
1.0051e-05
1.008e-05
1.0109e-05
1.0139e-05
1.0168e-05
1.0198e-05
1.0227e-05
1.0257e-05
1.0287e-05
1.0317e-05
1.0347e-05
1.0376e-05
1.0406e-05
1.0436e-05
1.0467e-05
1.0497e-05
1.0527e-05
1.0557e-05
1.0587e-05
1.0618e-05
1.0648e-05
1.0679e-05
1.0709e-05
1.074e-05
1.077e-05
1.0801e-05
1.0832e-05
1.0863e-05
1.0894e-05
1.0925e-05
1.0956e-05
1.0987e-05
1.1018e-05
1.1049e-05
1.108e-05
1.1111e-05
1.1143e-05
1.1174e-05
1.1206e-05
1.1237e-05
1.1269e-05
1.13e-05
1.1332e-05
1.1364e-05
1.1395e-05
1.1427e-05
1.1459e-05
1.1491e-05
1.1523e-05
1.1555e-05
1.1587e-05
1.162e-05
1.1652e-05
1.1684e-05
1.1716e-05
1.1749e-05
1.1781e-05
1.1814e-05
1.1846e-05
1.1879e-05
1.1912e-05
1.1944e-05
1.1977e-05
1.201e-05
1.2043e-05
1.2076e-05
1.2109e-05
1.2142e-05
1.2175e-05
1.2208e-05
1.2242e-05
1.2275e-05
1.2308e-05
1.2342e-05
1.2375e-05
1.2409e-05
1.2442e-05
1.2476e-05
1.251e-05
1.2543e-05
1.2577e-05
1.2611e-05
1.2645e-05
1.2679e-05
1.2713e-05
1.2747e-05
1.2781e-05
1.2815e-05
1.2849e-05
1.2884e-05
1.2918e-05
1.2952e-05
1.2987e-05
1.3021e-05
1.3056e-05
1.3091e-05
1.3125e-05
1.316e-05
1.3195e-05
1.323e-05
1.3264e-05
1.3299e-05
1.3334e-05
1.3369e-05
1.3405e-05
1.344e-05
1.3475e-05
1.351e-05
1.3546e-05
1.3581e-05
1.3616e-05
1.3652e-05
1.3687e-05
1.3723e-05
1.3759e-05
1.3794e-05
1.383e-05
1.3866e-05
1.3902e-05
1.3938e-05
1.3974e-05
1.401e-05
1.4046e-05
1.4082e-05
1.4118e-05
1.4154e-05
1.4191e-05
1.4227e-05
1.4263e-05
1.43e-05
1.4336e-05
1.4373e-05
1.4409e-05
1.4446e-05
1.4483e-05
1.4519e-05
1.4556e-05
1.4593e-05
1.463e-05
1.4667e-05
1.4704e-05
1.4741e-05
1.4778e-05
1.4815e-05
1.4852e-05
1.489e-05
1.4927e-05
1.4964e-05
1.5002e-05
1.5039e-05
1.5077e-05
1.5114e-05
1.5152e-05
1.519e-05
1.5227e-05
1.5265e-05
1.5303e-05
1.5341e-05
1.5379e-05
1.5417e-05
1.5455e-05
1.5493e-05
1.5531e-05
1.5569e-05
1.5607e-05
1.5646e-05
1.5684e-05
1.5722e-05
1.5761e-05
1.5799e-05
1.5838e-05
1.5876e-05
1.5915e-05
1.5954e-05
1.5992e-05
1.6031e-05
1.607e-05
1.6109e-05
1.6148e-05
1.6187e-05
1.6226e-05
1.6265e-05
1.6304e-05
1.6343e-05
1.6382e-05
1.6421e-05
1.6461e-05
1.65e-05
1.6539e-05
1.6579e-05
1.6618e-05
1.6658e-05
1.6697e-05
1.6737e-05
1.6776e-05
1.6816e-05
1.6856e-05
1.6896e-05
1.6936e-05
1.6975e-05
1.7015e-05
1.7055e-05
1.7095e-05
1.7135e-05
1.7176e-05
1.7216e-05
1.7256e-05
1.7296e-05
1.7336e-05
1.7377e-05
1.7417e-05
1.7458e-05
1.7498e-05
1.7539e-05
1.7579e-05
1.762e-05
1.766e-05
1.7701e-05
1.7742e-05
1.7783e-05
1.7823e-05
1.7864e-05
1.7905e-05
1.7946e-05
1.7987e-05
1.8028e-05
1.8069e-05
1.811e-05
1.8151e-05
1.8193e-05
1.8234e-05
1.8275e-05
1.8316e-05
1.8358e-05
1.8399e-05
1.8441e-05
1.8482e-05
1.8524e-05
1.8565e-05
1.8607e-05
1.8648e-05
1.869e-05
1.8732e-05
1.8774e-05
1.8815e-05
1.8857e-05
1.8899e-05
1.8941e-05
1.8983e-05
1.9025e-05
1.9067e-05
1.9109e-05
1.9151e-05
1.9193e-05
1.9236e-05
1.9278e-05
1.932e-05
1.9362e-05
1.9405e-05
1.9447e-05
1.949e-05
1.9532e-05
1.9575e-05
1.9617e-05
1.966e-05
1.9702e-05
1.9745e-05
1.9788e-05
1.983e-05
1.9873e-05
1.9916e-05
1.9959e-05
2.0001e-05
2.0044e-05
2.0087e-05
2.013e-05
2.0173e-05
2.0216e-05
2.0259e-05
2.0302e-05
2.0345e-05
2.0389e-05
2.0432e-05
2.0475e-05
2.0518e-05
2.0562e-05
2.0605e-05
2.0648e-05
2.0692e-05
2.0735e-05
2.0779e-05
2.0822e-05
2.0866e-05
2.0909e-05
2.0953e-05
2.0996e-05
2.104e-05
2.1084e-05
2.1127e-05
2.1171e-05
2.1215e-05
2.1259e-05
2.1302e-05
2.1346e-05
2.139e-05
2.1434e-05
2.1478e-05
2.1522e-05
2.1566e-05
2.161e-05
2.1654e-05
2.1698e-05
2.1742e-05
2.1786e-05
2.1831e-05
2.1875e-05
2.1919e-05
2.1963e-05
2.2008e-05
2.2052e-05
2.2096e-05
2.2141e-05
2.2185e-05
2.2229e-05
2.2274e-05
2.2318e-05
2.2363e-05
2.2407e-05
2.2452e-05
2.2496e-05
2.2541e-05
2.2585e-05
2.263e-05
2.2675e-05
2.2719e-05
2.2764e-05
2.2809e-05
2.2854e-05
2.2898e-05
2.2943e-05
2.2988e-05
2.3033e-05
2.3078e-05
2.3123e-05
2.3167e-05
2.3212e-05
2.3257e-05
2.3302e-05
2.3347e-05
2.3392e-05
2.3437e-05
2.3482e-05
2.3527e-05
2.3572e-05
2.3618e-05
2.3663e-05
2.3708e-05
2.3753e-05
2.3798e-05
2.3843e-05
2.3889e-05
2.3934e-05
2.3979e-05
2.4024e-05
2.407e-05
2.4115e-05
2.416e-05
2.4206e-05
2.4251e-05
2.4296e-05
2.4342e-05
2.4387e-05
2.4432e-05
2.4478e-05
2.4523e-05
2.4569e-05
2.4614e-05
2.466e-05
2.4705e-05
2.4751e-05
2.4796e-05
2.4842e-05
2.4887e-05
2.4933e-05
2.4978e-05
2.5024e-05
2.507e-05
2.5115e-05
2.5161e-05
2.5206e-05
2.5252e-05
2.5298e-05
2.5343e-05
2.5389e-05
2.5435e-05
2.548e-05
2.5526e-05
2.5572e-05
2.5618e-05
2.5663e-05
2.5709e-05
2.5755e-05
2.5801e-05
2.5846e-05
2.5892e-05
2.5938e-05
2.5984e-05
2.6029e-05
2.6075e-05
2.6121e-05
2.6167e-05
2.6213e-05
2.6259e-05
2.6304e-05
2.635e-05
2.6396e-05
2.6442e-05
2.6488e-05
2.6534e-05
2.6579e-05
2.6625e-05
2.6671e-05
2.6717e-05
2.6763e-05
2.6809e-05
2.6855e-05
2.69e-05
2.6946e-05
2.6992e-05
2.7038e-05
2.7084e-05
2.713e-05
2.7176e-05
2.7222e-05
2.7267e-05
2.7313e-05
2.7359e-05
2.7405e-05
2.7451e-05
2.7497e-05
2.7543e-05
2.7589e-05
2.7634e-05
2.768e-05
2.7726e-05
2.7772e-05
2.7818e-05
2.7864e-05
2.791e-05
2.7955e-05
2.8001e-05
2.8047e-05
2.8093e-05
2.8139e-05
2.8185e-05
2.823e-05
2.8276e-05
2.8322e-05
2.8368e-05
2.8414e-05
2.8459e-05
2.8505e-05
2.8551e-05
2.8597e-05
2.8642e-05
2.8688e-05
2.8734e-05
2.878e-05
2.8825e-05
2.8871e-05
2.8917e-05
2.8963e-05
2.9008e-05
2.9054e-05
2.91e-05
2.9145e-05
2.9191e-05
2.9236e-05
2.9282e-05
2.9328e-05
2.9373e-05
2.9419e-05
2.9464e-05
2.951e-05
2.9555e-05
2.9601e-05
2.9646e-05
2.9692e-05
2.9737e-05
2.9783e-05
2.9828e-05
2.9874e-05
2.9919e-05
2.9965e-05
3.001e-05
3.0055e-05
3.0101e-05
3.0146e-05
3.0191e-05
3.0237e-05
3.0282e-05
3.0327e-05
3.0372e-05
3.0418e-05
3.0463e-05
3.0508e-05
3.0553e-05
3.0598e-05
3.0643e-05
3.0688e-05
3.0734e-05
3.0779e-05
3.0824e-05
3.0869e-05
3.0914e-05
3.0959e-05
3.1004e-05
3.1048e-05
3.1093e-05
3.1138e-05
3.1183e-05
3.1228e-05
3.1273e-05
3.1317e-05
3.1362e-05
3.1407e-05
3.1452e-05
3.1496e-05
3.1541e-05
3.1586e-05
3.163e-05
3.1675e-05
3.1719e-05
3.1764e-05
3.1808e-05
3.1853e-05
3.1897e-05
3.1942e-05
3.1986e-05
3.203e-05
3.2075e-05
3.2119e-05
3.2163e-05
3.2207e-05
3.2252e-05
3.2296e-05
3.234e-05
3.2384e-05
3.2428e-05
3.2472e-05
3.2516e-05
3.256e-05
3.2604e-05
3.2648e-05
3.2692e-05
3.2736e-05
3.2779e-05
3.2823e-05
3.2867e-05
3.2911e-05
3.2954e-05
3.2998e-05
3.3041e-05
3.3085e-05
3.3128e-05
3.3172e-05
3.3215e-05
3.3259e-05
3.3302e-05
3.3345e-05
3.3389e-05
3.3432e-05
3.3475e-05
3.3518e-05
3.3561e-05
3.3605e-05
3.3648e-05
3.3691e-05
3.3734e-05
3.3776e-05
3.3819e-05
3.3862e-05
3.3905e-05
3.3948e-05
3.399e-05
3.4033e-05
3.4076e-05
3.4118e-05
3.4161e-05
3.4203e-05
3.4246e-05
3.4288e-05
3.4331e-05
3.4373e-05
3.4415e-05
3.4457e-05
3.45e-05
3.4542e-05
3.4584e-05
3.4626e-05
3.4668e-05
3.471e-05
3.4752e-05
3.4793e-05
3.4835e-05
3.4877e-05
3.4919e-05
3.496e-05
3.5002e-05
3.5043e-05
3.5085e-05
3.5126e-05
3.5168e-05
3.5209e-05
3.525e-05
3.5292e-05
3.5333e-05
3.5374e-05
3.5415e-05
3.5456e-05
3.5497e-05
3.5538e-05
3.5579e-05
3.562e-05
3.566e-05
3.5701e-05
3.5742e-05
3.5782e-05
3.5823e-05
3.5863e-05
3.5904e-05
3.5944e-05
3.5984e-05
3.6025e-05
3.6065e-05
3.6105e-05
3.6145e-05
3.6185e-05
3.6225e-05
3.6265e-05
3.6305e-05
3.6345e-05
3.6384e-05
3.6424e-05
3.6464e-05
3.6503e-05
3.6543e-05
3.6582e-05
3.6621e-05
3.6661e-05
3.67e-05
3.6739e-05
3.6778e-05
3.6817e-05
3.6856e-05
3.6895e-05
3.6934e-05
3.6973e-05
3.7012e-05
3.705e-05
3.7089e-05
3.7127e-05
3.7166e-05
3.7204e-05
3.7243e-05
3.7281e-05
3.7319e-05
3.7357e-05
3.7395e-05
3.7433e-05
3.7471e-05
3.7509e-05
3.7547e-05
3.7585e-05
3.7622e-05
3.766e-05
3.7697e-05
3.7735e-05
3.7772e-05
3.7809e-05
3.7847e-05
3.7884e-05
3.7921e-05
3.7958e-05
3.7995e-05
3.8032e-05
3.8069e-05
3.8105e-05
3.8142e-05
3.8179e-05
3.8215e-05
3.8252e-05
3.8288e-05
3.8324e-05
3.836e-05
3.8397e-05
3.8433e-05
3.8469e-05
3.8504e-05
3.854e-05
3.8576e-05
3.8612e-05
3.8647e-05
3.8683e-05
3.8718e-05
3.8754e-05
3.8789e-05
3.8824e-05
3.8859e-05
3.8894e-05
3.8929e-05
3.8964e-05
3.8999e-05
3.9034e-05
3.9069e-05
3.9103e-05
3.9138e-05
3.9172e-05
3.9206e-05
3.9241e-05
3.9275e-05
3.9309e-05
3.9343e-05
3.9377e-05
3.9411e-05
3.9444e-05
3.9478e-05
3.9512e-05
3.9545e-05
3.9579e-05
3.9612e-05
3.9645e-05
3.9678e-05
3.9712e-05
3.9745e-05
3.9777e-05
3.981e-05
3.9843e-05
3.9876e-05
3.9908e-05
3.9941e-05
3.9973e-05
4.0005e-05
4.0038e-05
4.007e-05
4.0102e-05
4.0134e-05
4.0166e-05
4.0197e-05
4.0229e-05
4.0261e-05
4.0292e-05
4.0324e-05
4.0355e-05
4.0386e-05
4.0417e-05
4.0449e-05
4.0479e-05
4.051e-05
4.0541e-05
4.0572e-05
4.0602e-05
4.0633e-05
4.0663e-05
4.0694e-05
4.0724e-05
4.0754e-05
4.0784e-05
4.0814e-05
4.0844e-05
4.0874e-05
4.0903e-05
4.0933e-05
4.0962e-05
4.0992e-05
4.1021e-05
4.105e-05
4.1079e-05
4.1108e-05
4.1137e-05
4.1166e-05
4.1195e-05
4.1223e-05
4.1252e-05
4.128e-05
4.1309e-05
4.1337e-05
4.1365e-05
4.1393e-05
4.1421e-05
4.1449e-05
4.1476e-05
4.1504e-05
4.1532e-05
4.1559e-05
4.1586e-05
4.1613e-05
4.1641e-05
4.1668e-05
4.1695e-05
4.1721e-05
4.1748e-05
4.1775e-05
4.1801e-05
4.1828e-05
4.1854e-05
4.188e-05
4.1906e-05
4.1932e-05
4.1958e-05
4.1984e-05
4.201e-05
4.2035e-05
4.2061e-05
4.2086e-05
4.2111e-05
4.2137e-05
4.2162e-05
4.2187e-05
4.2211e-05
4.2236e-05
4.2261e-05
4.2285e-05
4.231e-05
4.2334e-05
4.2358e-05
4.2382e-05
4.2406e-05
4.243e-05
4.2454e-05
4.2478e-05
4.2501e-05
4.2525e-05
4.2548e-05
4.2571e-05
4.2595e-05
4.2618e-05
4.2641e-05
4.2663e-05
4.2686e-05
4.2709e-05
4.2731e-05
4.2754e-05
4.2776e-05
4.2798e-05
4.282e-05
4.2842e-05
4.2864e-05
4.2886e-05
4.2907e-05
4.2929e-05
4.295e-05
4.2971e-05
4.2992e-05
4.3013e-05
4.3034e-05
4.3055e-05
4.3076e-05
4.3097e-05
4.3117e-05
4.3137e-05
4.3158e-05
4.3178e-05
4.3198e-05
4.3218e-05
4.3238e-05
4.3257e-05
4.3277e-05
4.3296e-05
4.3316e-05
4.3335e-05
4.3354e-05
4.3373e-05
4.3392e-05
4.3411e-05
4.3429e-05
4.3448e-05
4.3466e-05
4.3485e-05
4.3503e-05
4.3521e-05
4.3539e-05
4.3557e-05
4.3574e-05
4.3592e-05
4.361e-05
4.3627e-05
4.3644e-05
4.3661e-05
4.3678e-05
4.3695e-05
4.3712e-05
4.3729e-05
4.3745e-05
4.3762e-05
4.3778e-05
4.3794e-05
4.381e-05
4.3826e-05
4.3842e-05
4.3858e-05
4.3873e-05
4.3889e-05
4.3904e-05
4.392e-05
4.3935e-05
4.395e-05
4.3965e-05
4.3979e-05
4.3994e-05
4.4009e-05
4.4023e-05
4.4037e-05
4.4051e-05
4.4065e-05
4.4079e-05
4.4093e-05
4.4107e-05
4.412e-05
4.4134e-05
4.4147e-05
4.416e-05
4.4173e-05
4.4186e-05
4.4199e-05
4.4212e-05
4.4225e-05
4.4237e-05
4.4249e-05
4.4262e-05
4.4274e-05
4.4286e-05
4.4297e-05
4.4309e-05
4.4321e-05
4.4332e-05
4.4344e-05
4.4355e-05
4.4366e-05
4.4377e-05
4.4388e-05
4.4399e-05
4.4409e-05
4.442e-05
4.443e-05
4.444e-05
4.445e-05
4.446e-05
4.447e-05
4.448e-05
4.449e-05
4.4499e-05
4.4509e-05
4.4518e-05
4.4527e-05
4.4536e-05
4.4545e-05
4.4554e-05
4.4562e-05
4.4571e-05
4.4579e-05
4.4587e-05
4.4596e-05
4.4604e-05
4.4611e-05
4.4619e-05
4.4627e-05
4.4634e-05
4.4642e-05
4.4649e-05
4.4656e-05
4.4663e-05
4.467e-05
4.4677e-05
4.4683e-05
4.469e-05
4.4696e-05
4.4702e-05
4.4708e-05
4.4714e-05
4.472e-05
4.4726e-05
4.4732e-05
4.4737e-05
4.4743e-05
4.4748e-05
4.4753e-05
4.4758e-05
4.4763e-05
4.4767e-05
4.4772e-05
4.4776e-05
4.4781e-05
4.4785e-05
4.4789e-05
4.4793e-05
4.4797e-05
4.4801e-05
4.4804e-05
4.4808e-05
4.4811e-05
4.4814e-05
4.4817e-05
4.482e-05
4.4823e-05
4.4826e-05
4.4828e-05
4.4831e-05
4.4833e-05
4.4835e-05
4.4837e-05
4.4839e-05
4.4841e-05
4.4843e-05
4.4844e-05
4.4846e-05
4.4847e-05
4.4848e-05
4.4849e-05
4.485e-05
4.4851e-05
4.4851e-05
4.4852e-05
4.4852e-05
4.4853e-05
4.4853e-05
4.4853e-05
4.4853e-05
4.4852e-05
4.4852e-05
4.4851e-05
4.4851e-05
4.485e-05
4.4849e-05
4.4848e-05
4.4847e-05
4.4846e-05
4.4844e-05
4.4843e-05
4.4841e-05
4.4839e-05
4.4838e-05
4.4836e-05
4.4833e-05
4.4831e-05
4.4829e-05
4.4826e-05
4.4824e-05
4.4821e-05
4.4818e-05
4.4815e-05
4.4812e-05
4.4808e-05
4.4805e-05
4.4801e-05
4.4798e-05
4.4794e-05
4.479e-05
4.4786e-05
4.4782e-05
4.4777e-05
4.4773e-05
4.4768e-05
4.4764e-05
4.4759e-05
4.4754e-05
4.4749e-05
4.4744e-05
4.4738e-05
4.4733e-05
4.4727e-05
4.4721e-05
4.4716e-05
4.471e-05
4.4704e-05
4.4697e-05
4.4691e-05
4.4685e-05
4.4678e-05
4.4671e-05
4.4664e-05
4.4657e-05
4.465e-05
4.4643e-05
4.4636e-05
4.4628e-05
4.4621e-05
4.4613e-05
4.4605e-05
4.4597e-05
4.4589e-05
4.4581e-05
4.4572e-05
4.4564e-05
4.4555e-05
4.4547e-05
4.4538e-05
4.4529e-05
4.452e-05
4.451e-05
4.4501e-05
4.4492e-05
4.4482e-05
4.4472e-05
4.4462e-05
4.4452e-05
4.4442e-05
4.4432e-05
4.4422e-05
4.4411e-05
4.4401e-05
4.439e-05
4.4379e-05
4.4368e-05
4.4357e-05
4.4346e-05
4.4334e-05
4.4323e-05
4.4311e-05
4.43e-05
4.4288e-05
4.4276e-05
4.4264e-05
4.4252e-05
4.4239e-05
4.4227e-05
4.4214e-05
4.4202e-05
4.4189e-05
4.4176e-05
4.4163e-05
4.415e-05
4.4136e-05
4.4123e-05
4.4109e-05
4.4096e-05
4.4082e-05
4.4068e-05
4.4054e-05
4.404e-05
4.4026e-05
4.4011e-05
4.3997e-05
4.3982e-05
4.3967e-05
4.3952e-05
4.3938e-05
4.3922e-05
4.3907e-05
4.3892e-05
4.3876e-05
4.3861e-05
4.3845e-05
4.3829e-05
4.3813e-05
4.3797e-05
4.3781e-05
4.3765e-05
4.3748e-05
4.3732e-05
4.3715e-05
4.3698e-05
4.3682e-05
4.3665e-05
4.3647e-05
4.363e-05
4.3613e-05
4.3595e-05
4.3578e-05
4.356e-05
4.3542e-05
4.3524e-05
4.3506e-05
4.3488e-05
4.347e-05
4.3451e-05
4.3433e-05
4.3414e-05
4.3395e-05
4.3377e-05
4.3358e-05
4.3338e-05
4.3319e-05
4.33e-05
4.3281e-05
4.3261e-05
4.3241e-05
4.3221e-05
4.3202e-05
4.3182e-05
4.3161e-05
4.3141e-05
4.3121e-05
4.31e-05
4.308e-05
4.3059e-05
4.3038e-05
4.3017e-05
4.2996e-05
4.2975e-05
4.2954e-05
4.2933e-05
4.2911e-05
4.289e-05
4.2868e-05
4.2846e-05
4.2824e-05
4.2802e-05
4.278e-05
4.2758e-05
4.2735e-05
4.2713e-05
4.269e-05
4.2668e-05
4.2645e-05
4.2622e-05
4.2599e-05
4.2576e-05
4.2553e-05
4.2529e-05
4.2506e-05
4.2482e-05
4.2459e-05
4.2435e-05
4.2411e-05
4.2387e-05
4.2363e-05
4.2339e-05
4.2314e-05
4.229e-05
4.2265e-05
4.2241e-05
4.2216e-05
4.2191e-05
4.2166e-05
4.2141e-05
4.2116e-05
4.2091e-05
4.2065e-05
4.204e-05
4.2014e-05
4.1989e-05
4.1963e-05
4.1937e-05
4.1911e-05
4.1885e-05
4.1859e-05
4.1833e-05
4.1806e-05
4.178e-05
4.1753e-05
4.1726e-05
4.17e-05
4.1673e-05
4.1646e-05
4.1619e-05
4.1591e-05
4.1564e-05
4.1537e-05
4.1509e-05
4.1482e-05
4.1454e-05
4.1426e-05
4.1398e-05
4.137e-05
4.1342e-05
4.1314e-05
4.1286e-05
4.1257e-05
4.1229e-05
4.12e-05
4.1171e-05
4.1143e-05
4.1114e-05
4.1085e-05
4.1056e-05
4.1027e-05
4.0997e-05
4.0968e-05
4.0938e-05
4.0909e-05
4.0879e-05
4.0849e-05
4.082e-05
4.079e-05
4.076e-05
4.073e-05
4.0699e-05
4.0669e-05
4.0639e-05
4.0608e-05
4.0578e-05
4.0547e-05
4.0516e-05
4.0485e-05
4.0454e-05
4.0423e-05
4.0392e-05
4.0361e-05
4.033e-05
4.0298e-05
4.0267e-05
4.0235e-05
4.0203e-05
4.0172e-05
4.014e-05
4.0108e-05
4.0076e-05
4.0044e-05
4.0012e-05
3.9979e-05
3.9947e-05
3.9914e-05
3.9882e-05
3.9849e-05
3.9816e-05
3.9784e-05
3.9751e-05
3.9718e-05
3.9685e-05
3.9652e-05
3.9618e-05
3.9585e-05
3.9552e-05
3.9518e-05
3.9484e-05
3.9451e-05
3.9417e-05
3.9383e-05
3.9349e-05
3.9315e-05
3.9281e-05
3.9247e-05
3.9213e-05
3.9179e-05
3.9144e-05
3.911e-05
3.9075e-05
3.904e-05
3.9006e-05
3.8971e-05
3.8936e-05
3.8901e-05
3.8866e-05
3.8831e-05
3.8796e-05
3.876e-05
3.8725e-05
3.869e-05
3.8654e-05
3.8618e-05
3.8583e-05
3.8547e-05
3.8511e-05
3.8475e-05
3.8439e-05
3.8403e-05
3.8367e-05
3.8331e-05
3.8295e-05
3.8258e-05
3.8222e-05
3.8185e-05
3.8149e-05
3.8112e-05
3.8076e-05
3.8039e-05
3.8002e-05
3.7965e-05
3.7928e-05
3.7891e-05
3.7854e-05
3.7816e-05
3.7779e-05
3.7742e-05
3.7704e-05
3.7667e-05
3.7629e-05
3.7592e-05
3.7554e-05
3.7516e-05
3.7478e-05
3.744e-05
3.7402e-05
3.7364e-05
3.7326e-05
3.7288e-05
3.725e-05
3.7211e-05
3.7173e-05
3.7135e-05
3.7096e-05
3.7058e-05
3.7019e-05
3.698e-05
3.6941e-05
3.6903e-05
3.6864e-05
3.6825e-05
3.6786e-05
3.6747e-05
3.6707e-05
3.6668e-05
3.6629e-05
3.659e-05
3.655e-05
3.6511e-05
3.6471e-05
3.6432e-05
3.6392e-05
3.6352e-05
3.6312e-05
3.6273e-05
3.6233e-05
3.6193e-05
3.6153e-05
3.6113e-05
3.6072e-05
3.6032e-05
3.5992e-05
3.5952e-05
3.5911e-05
3.5871e-05
3.5831e-05
3.579e-05
3.5749e-05
3.5709e-05
3.5668e-05
3.5627e-05
3.5587e-05
3.5546e-05
3.5505e-05
3.5464e-05
3.5423e-05
3.5382e-05
3.5341e-05
3.5299e-05
3.5258e-05
3.5217e-05
3.5176e-05
3.5134e-05
3.5093e-05
3.5051e-05
3.501e-05
3.4968e-05
3.4927e-05
3.4885e-05
3.4843e-05
3.4801e-05
3.4759e-05
3.4718e-05
3.4676e-05
3.4634e-05
3.4592e-05
3.455e-05
3.4507e-05
3.4465e-05
3.4423e-05
3.4381e-05
3.4339e-05
3.4296e-05
3.4254e-05
3.4211e-05
3.4169e-05
3.4126e-05
3.4084e-05
3.4041e-05
3.3998e-05
3.3956e-05
3.3913e-05
3.387e-05
3.3827e-05
3.3785e-05
3.3742e-05
3.3699e-05
3.3656e-05
3.3613e-05
3.357e-05
3.3526e-05
3.3483e-05
3.344e-05
3.3397e-05
3.3354e-05
3.331e-05
3.3267e-05
3.3224e-05
3.318e-05
3.3137e-05
3.3093e-05
3.305e-05
3.3006e-05
3.2962e-05
3.2919e-05
3.2875e-05
3.2831e-05
3.2788e-05
3.2744e-05
3.27e-05
3.2656e-05
3.2612e-05
3.2568e-05
3.2524e-05
3.248e-05
3.2436e-05
3.2392e-05
3.2348e-05
3.2304e-05
3.226e-05
3.2216e-05
3.2172e-05
3.2127e-05
3.2083e-05
3.2039e-05
3.1994e-05
3.195e-05
3.1906e-05
3.1861e-05
3.1817e-05
3.1772e-05
3.1728e-05
3.1683e-05
3.1639e-05
3.1594e-05
3.1549e-05
3.1505e-05
3.146e-05
3.1415e-05
3.1371e-05
3.1326e-05
3.1281e-05
3.1236e-05
3.1192e-05
3.1147e-05
3.1102e-05
3.1057e-05
3.1012e-05
3.0967e-05
3.0922e-05
3.0877e-05
3.0832e-05
3.0787e-05
3.0742e-05
3.0697e-05
3.0652e-05
3.0607e-05
3.0562e-05
3.0516e-05
3.0471e-05
3.0426e-05
3.0381e-05
3.0336e-05
3.029e-05
3.0245e-05
3.02e-05
3.0154e-05
3.0109e-05
3.0064e-05
3.0018e-05
2.9973e-05
2.9928e-05
2.9882e-05
2.9837e-05
2.9791e-05
2.9746e-05
2.97e-05
2.9655e-05
2.9609e-05
2.9564e-05
2.9518e-05
2.9473e-05
2.9427e-05
2.9382e-05
2.9336e-05
2.9291e-05
2.9245e-05
2.9199e-05
2.9154e-05
2.9108e-05
2.9062e-05
2.9017e-05
2.8971e-05
2.8925e-05
2.888e-05
2.8834e-05
2.8788e-05
2.8743e-05
2.8697e-05
2.8651e-05
2.8605e-05
2.856e-05
2.8514e-05
2.8468e-05
2.8422e-05
2.8376e-05
2.8331e-05
2.8285e-05
2.8239e-05
2.8193e-05
2.8147e-05
2.8102e-05
2.8056e-05
2.801e-05
2.7964e-05
2.7918e-05
2.7872e-05
2.7827e-05
2.7781e-05
2.7735e-05
2.7689e-05
2.7643e-05
2.7597e-05
2.7551e-05
2.7506e-05
2.746e-05
2.7414e-05
2.7368e-05
2.7322e-05
2.7276e-05
2.723e-05
2.7184e-05
2.7138e-05
2.7093e-05
2.7047e-05
2.7001e-05
2.6955e-05
2.6909e-05
2.6863e-05
2.6817e-05
2.6771e-05
2.6726e-05
2.668e-05
2.6634e-05
2.6588e-05
2.6542e-05
2.6496e-05
2.645e-05
2.6405e-05
2.6359e-05
2.6313e-05
2.6267e-05
2.6221e-05
2.6176e-05
2.613e-05
2.6084e-05
2.6038e-05
2.5992e-05
2.5947e-05
2.5901e-05
2.5855e-05
2.5809e-05
2.5763e-05
2.5718e-05
2.5672e-05
2.5626e-05
2.5581e-05
2.5535e-05
2.5489e-05
2.5443e-05
2.5398e-05
2.5352e-05
2.5306e-05
2.5261e-05
2.5215e-05
2.5169e-05
2.5124e-05
2.5078e-05
2.5033e-05
2.4987e-05
2.4941e-05
2.4896e-05
2.485e-05
2.4805e-05
2.4759e-05
2.4714e-05
2.4668e-05
2.4623e-05
2.4577e-05
2.4532e-05
2.4486e-05
2.4441e-05
2.4396e-05
2.435e-05
2.4305e-05
2.4259e-05
2.4214e-05
2.4169e-05
2.4123e-05
2.4078e-05
2.4033e-05
2.3988e-05
2.3942e-05
2.3897e-05
2.3852e-05
2.3807e-05
2.3761e-05
2.3716e-05
2.3671e-05
2.3626e-05
2.3581e-05
2.3536e-05
2.3491e-05
2.3446e-05
2.3401e-05
2.3356e-05
2.3311e-05
2.3266e-05
2.3221e-05
2.3176e-05
2.3131e-05
2.3086e-05
2.3041e-05
2.2996e-05
2.2952e-05
2.2907e-05
2.2862e-05
2.2817e-05
2.2773e-05
2.2728e-05
2.2683e-05
2.2639e-05
2.2594e-05
2.2549e-05
2.2505e-05
2.246e-05
2.2416e-05
2.2371e-05
2.2327e-05
2.2282e-05
2.2238e-05
2.2193e-05
2.2149e-05
2.2105e-05
2.206e-05
2.2016e-05
2.1972e-05
2.1927e-05
2.1883e-05
2.1839e-05
2.1795e-05
2.1751e-05
2.1706e-05
2.1662e-05
2.1618e-05
2.1574e-05
2.153e-05
2.1486e-05
2.1442e-05
2.1398e-05
2.1355e-05
2.1311e-05
2.1267e-05
2.1223e-05
2.1179e-05
2.1136e-05
2.1092e-05
2.1048e-05
2.1005e-05
2.0961e-05
2.0917e-05
2.0874e-05
2.083e-05
2.0787e-05
2.0743e-05
2.07e-05
2.0656e-05
2.0613e-05
2.057e-05
2.0526e-05
2.0483e-05
2.044e-05
2.0397e-05
2.0354e-05
2.031e-05
2.0267e-05
2.0224e-05
2.0181e-05
2.0138e-05
2.0095e-05
2.0052e-05
2.001e-05
1.9967e-05
1.9924e-05
1.9881e-05
1.9838e-05
1.9796e-05
1.9753e-05
1.971e-05
1.9668e-05
1.9625e-05
1.9583e-05
1.954e-05
1.9498e-05
1.9455e-05
1.9413e-05
1.937e-05
1.9328e-05
1.9286e-05
1.9244e-05
1.9201e-05
1.9159e-05
1.9117e-05
1.9075e-05
1.9033e-05
1.8991e-05
1.8949e-05
1.8907e-05
1.8865e-05
1.8823e-05
1.8781e-05
1.874e-05
1.8698e-05
1.8656e-05
1.8615e-05
1.8573e-05
1.8531e-05
1.849e-05
1.8448e-05
1.8407e-05
1.8366e-05
1.8324e-05
1.8283e-05
1.8242e-05
1.82e-05
1.8159e-05
1.8118e-05
1.8077e-05
1.8036e-05
1.7995e-05
1.7954e-05
1.7913e-05
1.7872e-05
1.7831e-05
1.779e-05
1.7749e-05
1.7709e-05
1.7668e-05
1.7627e-05
1.7587e-05
1.7546e-05
1.7506e-05
1.7465e-05
1.7425e-05
1.7384e-05
1.7344e-05
1.7304e-05
1.7263e-05
1.7223e-05
1.7183e-05
1.7143e-05
1.7103e-05
1.7063e-05
1.7023e-05
1.6983e-05
1.6943e-05
1.6903e-05
1.6863e-05
1.6824e-05
1.6784e-05
1.6744e-05
1.6705e-05
1.6665e-05
1.6626e-05
1.6586e-05
1.6547e-05
1.6507e-05
1.6468e-05
1.6429e-05
1.6389e-05
1.635e-05
1.6311e-05
1.6272e-05
1.6233e-05
1.6194e-05
1.6155e-05
1.6116e-05
1.6077e-05
1.6038e-05
1.6e-05
1.5961e-05
1.5922e-05
1.5884e-05
1.5845e-05
1.5806e-05
1.5768e-05
1.573e-05
1.5691e-05
1.5653e-05
1.5615e-05
1.5576e-05
1.5538e-05
1.55e-05
1.5462e-05
1.5424e-05
1.5386e-05
1.5348e-05
1.531e-05
1.5272e-05
1.5235e-05
1.5197e-05
1.5159e-05
1.5121e-05
1.5084e-05
1.5046e-05
1.5009e-05
1.4971e-05
1.4934e-05
1.4897e-05
1.4859e-05
1.4822e-05
1.4785e-05
1.4748e-05
1.4711e-05
1.4674e-05
1.4637e-05
1.46e-05
1.4563e-05
1.4526e-05
1.449e-05
1.4453e-05
1.4416e-05
1.438e-05
1.4343e-05
1.4307e-05
1.427e-05
1.4234e-05
1.4197e-05
1.4161e-05
1.4125e-05
1.4089e-05
1.4052e-05
1.4016e-05
1.398e-05
1.3944e-05
1.3908e-05
1.3873e-05
1.3837e-05
1.3801e-05
1.3765e-05
1.373e-05
1.3694e-05
1.3659e-05
1.3623e-05
1.3588e-05
1.3552e-05
1.3517e-05
1.3482e-05
1.3446e-05
1.3411e-05
1.3376e-05
1.3341e-05
1.3306e-05
1.3271e-05
1.3236e-05
1.3201e-05
1.3167e-05
1.3132e-05
1.3097e-05
1.3062e-05
1.3028e-05
1.2993e-05
1.2959e-05
1.2924e-05
1.289e-05
1.2856e-05
1.2822e-05
1.2787e-05
1.2753e-05
1.2719e-05
1.2685e-05
1.2651e-05
1.2617e-05
1.2583e-05
1.255e-05
1.2516e-05
1.2482e-05
1.2449e-05
1.2415e-05
1.2381e-05
1.2348e-05
1.2314e-05
1.2281e-05
1.2248e-05
1.2215e-05
1.2181e-05
1.2148e-05
1.2115e-05
1.2082e-05
1.2049e-05
1.2016e-05
1.1983e-05
1.1951e-05
1.1918e-05
1.1885e-05
1.1852e-05
1.182e-05
1.1787e-05
1.1755e-05
1.1722e-05
1.169e-05
1.1658e-05
1.1626e-05
1.1593e-05
1.1561e-05
1.1529e-05
1.1497e-05
1.1465e-05
1.1433e-05
1.1401e-05
1.137e-05
1.1338e-05
1.1306e-05
1.1275e-05
1.1243e-05
1.1211e-05
1.118e-05
1.1149e-05
1.1117e-05
1.1086e-05
1.1055e-05
1.1024e-05
1.0992e-05
1.0961e-05
1.093e-05
1.0899e-05
1.0869e-05
1.0838e-05
1.0807e-05
1.0776e-05
1.0746e-05
1.0715e-05
1.0684e-05
1.0654e-05
1.0624e-05
1.0593e-05
1.0563e-05
1.0533e-05
1.0502e-05
1.0472e-05
1.0442e-05
1.0412e-05
1.0382e-05
1.0352e-05
1.0322e-05
1.0292e-05
1.0263e-05
1.0233e-05
1.0203e-05
1.0174e-05
1.0144e-05
1.0115e-05
1.0085e-05
1.0056e-05
1.0027e-05
9.9975e-06
9.9683e-06
9.9392e-06
9.9101e-06
9.8811e-06
9.8521e-06
9.8232e-06
9.7944e-06
9.7656e-06
9.7369e-06
9.7082e-06
9.6796e-06
9.651e-06
9.6225e-06
9.5941e-06
9.5657e-06
9.5374e-06
9.5091e-06
9.4809e-06
9.4527e-06
9.4246e-06
9.3966e-06
9.3686e-06
9.3406e-06
9.3128e-06
9.285e-06
9.2572e-06
9.2295e-06
9.2018e-06
9.1742e-06
9.1467e-06
9.1192e-06
9.0918e-06
9.0644e-06
9.0371e-06
9.0099e-06
8.9827e-06
8.9555e-06
8.9285e-06
8.9014e-06
8.8745e-06
8.8476e-06
8.8207e-06
8.7939e-06
8.7672e-06
8.7405e-06
8.7138e-06
8.6873e-06
8.6607e-06
8.6343e-06
8.6079e-06
8.5815e-06
8.5552e-06
8.529e-06
8.5028e-06
8.4767e-06
8.4506e-06
8.4246e-06
8.3987e-06
8.3728e-06
8.3469e-06
8.3211e-06
8.2954e-06
8.2697e-06
8.2441e-06
8.2186e-06
8.1931e-06
8.1676e-06
8.1422e-06
8.1169e-06
8.0916e-06
8.0664e-06
8.0412e-06
8.0161e-06
7.991e-06
7.966e-06
7.9411e-06
7.9162e-06
7.8913e-06
7.8665e-06
7.8418e-06
7.8172e-06
7.7925e-06
7.768e-06
7.7435e-06
7.719e-06
7.6946e-06
7.6703e-06
7.646e-06
7.6218e-06
7.5976e-06
7.5735e-06
7.5494e-06
7.5254e-06
7.5015e-06
7.4776e-06
7.4537e-06
7.4299e-06
7.4062e-06
7.3825e-06
7.3589e-06
7.3353e-06
7.3118e-06
7.2884e-06
7.265e-06
7.2416e-06
7.2183e-06
7.1951e-06
7.1719e-06
7.1488e-06
7.1257e-06
7.1027e-06
7.0797e-06
7.0568e-06
7.0339e-06
7.0111e-06
6.9884e-06
6.9657e-06
6.943e-06
6.9204e-06
6.8979e-06
6.8754e-06
6.853e-06
6.8306e-06
6.8083e-06
6.786e-06
6.7638e-06
6.7416e-06
6.7195e-06
6.6975e-06
6.6755e-06
6.6535e-06
6.6316e-06
6.6098e-06
6.588e-06
6.5663e-06
6.5446e-06
6.523e-06
6.5014e-06
6.4799e-06
6.4584e-06
6.437e-06
6.4156e-06
6.3943e-06
6.373e-06
6.3518e-06
6.3307e-06
6.3096e-06
6.2885e-06
6.2675e-06
6.2466e-06
6.2257e-06
6.2049e-06
6.1841e-06
6.1633e-06
6.1426e-06
6.122e-06
6.1014e-06
6.0809e-06
6.0604e-06
6.04e-06
6.0196e-06
5.9993e-06
5.9791e-06
5.9588e-06
5.9387e-06
5.9186e-06
5.8985e-06
5.8785e-06
5.8585e-06
5.8386e-06
5.8188e-06
5.7989e-06
5.7792e-06
5.7595e-06
5.7398e-06
5.7202e-06
5.7007e-06
5.6812e-06
5.6617e-06
5.6423e-06
5.623e-06
5.6037e-06
5.5844e-06
5.5652e-06
5.5461e-06
5.527e-06
5.5079e-06
5.4889e-06
5.47e-06
5.4511e-06
5.4322e-06
5.4134e-06
5.3947e-06
5.376e-06
5.3573e-06
5.3387e-06
5.3202e-06
5.3017e-06
5.2832e-06
5.2648e-06
5.2465e-06
5.2282e-06
5.2099e-06
5.1917e-06
5.1735e-06
5.1554e-06
5.1374e-06
5.1194e-06
5.1014e-06
5.0835e-06
5.0656e-06
5.0478e-06
5.03e-06
5.0123e-06
4.9946e-06
4.977e-06
4.9594e-06
4.9419e-06
4.9244e-06
4.907e-06
4.8896e-06
4.8723e-06
4.855e-06
4.8377e-06
4.8206e-06
4.8034e-06
4.7863e-06
4.7693e-06
4.7522e-06
4.7353e-06
4.7184e-06
4.7015e-06
4.6847e-06
4.6679e-06
4.6512e-06
4.6345e-06
4.6179e-06
4.6013e-06
4.5848e-06
4.5683e-06
4.5518e-06
4.5354e-06
4.5191e-06
4.5028e-06
4.4865e-06
4.4703e-06
4.4542e-06
4.438e-06
4.422e-06
4.4059e-06
4.3899e-06
4.374e-06
4.3581e-06
4.3423e-06
4.3265e-06
4.3107e-06
4.295e-06
4.2793e-06
4.2637e-06
4.2481e-06
4.2326e-06
4.2171e-06
4.2017e-06
4.1863e-06
4.1709e-06
4.1556e-06
4.1403e-06
4.1251e-06
4.1099e-06
4.0948e-06
4.0797e-06
4.0647e-06
4.0497e-06
4.0347e-06
4.0198e-06
4.0049e-06
3.9901e-06
3.9753e-06
3.9606e-06
3.9459e-06
3.9313e-06
3.9167e-06
3.9021e-06
3.8876e-06
3.8731e-06
3.8587e-06
3.8443e-06
3.8299e-06
3.8156e-06
3.8013e-06
3.7871e-06
3.7729e-06
3.7588e-06
3.7447e-06
3.7307e-06
3.7166e-06
3.7027e-06
3.6888e-06
3.6749e-06
3.661e-06
3.6472e-06
3.6335e-06
3.6197e-06
3.6061e-06
3.5924e-06
3.5788e-06
3.5653e-06
3.5518e-06
3.5383e-06
3.5249e-06
3.5115e-06
3.4982e-06
3.4848e-06
3.4716e-06
3.4584e-06
3.4452e-06
3.432e-06
3.4189e-06
3.4059e-06
3.3928e-06
3.3799e-06
3.3669e-06
3.354e-06
3.3412e-06
3.3283e-06
3.3156e-06
3.3028e-06
3.2901e-06
3.2774e-06
3.2648e-06
3.2522e-06
3.2397e-06
3.2272e-06
3.2147e-06
3.2023e-06
3.1899e-06
3.1776e-06
3.1652e-06
3.153e-06
3.1407e-06
3.1285e-06
3.1164e-06
3.1043e-06
3.0922e-06
3.0801e-06
3.0681e-06
3.0562e-06
3.0443e-06
3.0324e-06
3.0205e-06
3.0087e-06
2.9969e-06
2.9852e-06
2.9735e-06
2.9618e-06
2.9502e-06
2.9386e-06
2.9271e-06
2.9155e-06
2.9041e-06
2.8926e-06
2.8812e-06
2.8698e-06
2.8585e-06
2.8472e-06
2.836e-06
2.8247e-06
2.8136e-06
2.8024e-06
2.7913e-06
2.7802e-06
2.7692e-06
2.7582e-06
2.7472e-06
2.7363e-06
2.7254e-06
2.7145e-06
2.7037e-06
2.6929e-06
2.6822e-06
2.6714e-06
2.6608e-06
2.6501e-06
2.6395e-06
2.6289e-06
2.6184e-06
2.6079e-06
2.5974e-06
2.587e-06
2.5766e-06
2.5662e-06
2.5558e-06
2.5455e-06
2.5353e-06
2.525e-06
2.5149e-06
2.5047e-06
2.4946e-06
2.4845e-06
2.4744e-06
2.4644e-06
2.4544e-06
2.4444e-06
2.4345e-06
2.4246e-06
2.4147e-06
2.4049e-06
2.3951e-06
2.3853e-06
2.3756e-06
2.3659e-06
2.3563e-06
2.3466e-06
2.337e-06
2.3275e-06
2.3179e-06
2.3084e-06
2.299e-06
2.2895e-06
2.2801e-06
2.2708e-06
2.2614e-06
2.2521e-06
2.2428e-06
2.2336e-06
2.2244e-06
2.2152e-06
2.2061e-06
2.197e-06
2.1879e-06
2.1788e-06
2.1698e-06
2.1608e-06
2.1518e-06
2.1429e-06
2.134e-06
2.1252e-06
2.1163e-06
2.1075e-06
2.0987e-06
2.09e-06
2.0813e-06
2.0726e-06
2.0639e-06
2.0553e-06
2.0467e-06
2.0382e-06
2.0296e-06
2.0211e-06
2.0127e-06
2.0042e-06
1.9958e-06
1.9874e-06
1.9791e-06
1.9708e-06
1.9625e-06
1.9542e-06
1.946e-06
1.9378e-06
1.9296e-06
1.9214e-06
1.9133e-06
1.9052e-06
1.8972e-06
1.8891e-06
1.8811e-06
1.8731e-06
1.8652e-06
1.8573e-06
1.8494e-06
1.8415e-06
1.8337e-06
1.8259e-06
1.8181e-06
1.8104e-06
1.8026e-06
1.7949e-06
1.7873e-06
1.7796e-06
1.772e-06
1.7644e-06
1.7569e-06
1.7494e-06
1.7419e-06
1.7344e-06
1.7269e-06
1.7195e-06
1.7121e-06
1.7048e-06
1.6974e-06
1.6901e-06
1.6828e-06
1.6756e-06
1.6683e-06
1.6611e-06
1.6539e-06
1.6468e-06
1.6397e-06
1.6326e-06
1.6255e-06
1.6184e-06
1.6114e-06
1.6044e-06
1.5975e-06
1.5905e-06
1.5836e-06
1.5767e-06
1.5698e-06
1.563e-06
1.5562e-06
1.5494e-06
1.5426e-06
1.5359e-06
1.5292e-06
1.5225e-06
1.5158e-06
1.5092e-06
1.5025e-06
1.4959e-06
1.4894e-06
1.4828e-06
1.4763e-06
1.4698e-06
1.4634e-06
1.4569e-06
1.4505e-06
1.4441e-06
1.4377e-06
1.4314e-06
1.4251e-06
1.4188e-06
1.4125e-06
1.4062e-06
1.4e-06
1.3938e-06
1.3876e-06
1.3815e-06
1.3753e-06
1.3692e-06
1.3631e-06
1.3571e-06
1.351e-06
1.345e-06
1.339e-06
1.333e-06
1.3271e-06
1.3211e-06
1.3152e-06
1.3094e-06
1.3035e-06
1.2977e-06
1.2918e-06
1.2861e-06
1.2803e-06
1.2745e-06
1.2688e-06
1.2631e-06
1.2574e-06
1.2518e-06
1.2461e-06
1.2405e-06
1.2349e-06
1.2294e-06
1.2238e-06
1.2183e-06
1.2128e-06
1.2073e-06
1.2018e-06
1.1964e-06
1.191e-06
1.1856e-06
1.1802e-06
1.1748e-06
1.1695e-06
1.1642e-06
1.1589e-06
1.1536e-06
1.1483e-06
1.1431e-06
1.1379e-06
1.1327e-06
1.1275e-06
1.1224e-06
1.1173e-06
1.1121e-06
1.1071e-06
1.102e-06
1.0969e-06
1.0919e-06
1.0869e-06
1.0819e-06
1.0769e-06
1.072e-06
1.0671e-06
1.0621e-06
1.0573e-06
1.0524e-06
1.0475e-06
1.0427e-06
1.0379e-06
1.0331e-06
1.0283e-06
1.0236e-06
1.0188e-06
1.0141e-06
1.0094e-06
1.0047e-06
1.0001e-06
9.9542e-07
9.908e-07
9.8619e-07
9.8161e-07
9.7704e-07
9.7249e-07
9.6796e-07
9.6345e-07
9.5895e-07
9.5448e-07
9.5002e-07
9.4558e-07
9.4116e-07
9.3676e-07
9.3237e-07
9.28e-07
9.2365e-07
9.1932e-07
9.1501e-07
9.1071e-07
9.0643e-07
9.0217e-07
8.9793e-07
8.937e-07
8.8949e-07
8.853e-07
8.8113e-07
8.7697e-07
8.7283e-07
8.687e-07
8.646e-07
8.6051e-07
8.5644e-07
8.5238e-07
8.4834e-07
8.4432e-07
8.4032e-07
8.3633e-07
8.3235e-07
8.284e-07
8.2446e-07
8.2054e-07
8.1663e-07
8.1274e-07
8.0887e-07
8.0501e-07
8.0117e-07
7.9734e-07
7.9353e-07
7.8974e-07
7.8596e-07
7.822e-07
7.7845e-07
7.7472e-07
7.7101e-07
7.6731e-07
7.6363e-07
7.5996e-07
7.5631e-07
7.5267e-07
7.4905e-07
7.4544e-07
7.4185e-07
7.3827e-07
7.3471e-07
7.3117e-07
7.2764e-07
7.2412e-07
7.2062e-07
7.1714e-07
7.1367e-07
7.1021e-07
7.0677e-07
7.0334e-07
6.9993e-07
6.9653e-07
6.9315e-07
6.8978e-07
6.8643e-07
6.8309e-07
6.7976e-07
6.7645e-07
6.7315e-07
6.6987e-07
6.666e-07
6.6335e-07
6.6011e-07
6.5688e-07
6.5367e-07
6.5047e-07
6.4728e-07
6.4411e-07
6.4095e-07
6.3781e-07
6.3468e-07
6.3156e-07
6.2846e-07
6.2537e-07
6.2229e-07
6.1923e-07
6.1618e-07
6.1314e-07
6.1012e-07
6.0711e-07
6.0411e-07
6.0113e-07
5.9816e-07
5.952e-07
5.9226e-07
5.8932e-07
5.8641e-07
5.835e-07
5.8061e-07
5.7773e-07
5.7486e-07
5.72e-07
5.6916e-07
5.6633e-07
5.6351e-07
5.607e-07
5.5791e-07
5.5513e-07
5.5236e-07
5.4961e-07
5.4686e-07
5.4413e-07
5.4141e-07
5.387e-07
5.3601e-07
5.3332e-07
5.3065e-07
5.2799e-07
5.2534e-07
5.2271e-07
5.2008e-07
5.1747e-07
5.1487e-07
5.1228e-07
5.097e-07
5.0713e-07
5.0458e-07
5.0204e-07
4.995e-07
4.9698e-07
4.9447e-07
4.9197e-07
4.8949e-07
4.8701e-07
4.8455e-07
4.8209e-07
4.7965e-07
4.7722e-07
4.748e-07
4.7239e-07
4.6999e-07
4.676e-07
4.6523e-07
4.6286e-07
4.605e-07
4.5816e-07
4.5583e-07
4.535e-07
4.5119e-07
4.4889e-07
4.4659e-07
4.4431e-07
4.4204e-07
4.3978e-07
4.3753e-07
4.3529e-07
4.3306e-07
4.3084e-07
4.2863e-07
4.2643e-07
4.2424e-07
4.2206e-07
4.1989e-07
4.1773e-07
4.1558e-07
4.1344e-07
4.1131e-07
4.0919e-07
4.0708e-07
4.0498e-07
4.0289e-07
4.0081e-07
3.9874e-07
3.9668e-07
3.9463e-07
3.9258e-07
3.9055e-07
3.8853e-07
3.8651e-07
3.8451e-07
3.8251e-07
3.8052e-07
3.7855e-07
3.7658e-07
3.7462e-07
3.7267e-07
3.7073e-07
3.688e-07
3.6687e-07
3.6496e-07
3.6306e-07
3.6116e-07
3.5927e-07
3.5739e-07
3.5552e-07
3.5366e-07
3.5181e-07
3.4997e-07
3.4813e-07
3.4631e-07
3.4449e-07
3.4268e-07
3.4088e-07
3.3909e-07
3.3731e-07
3.3553e-07
3.3377e-07
3.3201e-07
3.3026e-07
3.2852e-07
3.2678e-07
3.2506e-07
3.2334e-07
3.2163e-07
3.1993e-07
3.1824e-07
3.1656e-07
3.1488e-07
3.1321e-07
3.1155e-07
3.099e-07
3.0825e-07
3.0662e-07
3.0499e-07
3.0337e-07
3.0175e-07
3.0015e-07
2.9855e-07
2.9696e-07
2.9538e-07
2.938e-07
2.9224e-07
2.9068e-07
2.8912e-07
2.8758e-07
2.8604e-07
2.8451e-07
2.8299e-07
2.8147e-07
2.7996e-07
2.7846e-07
2.7697e-07
2.7548e-07
2.74e-07
2.7253e-07
2.7107e-07
2.6961e-07
2.6816e-07
2.6672e-07
2.6528e-07
2.6385e-07
2.6243e-07
2.6101e-07
2.596e-07
2.582e-07
2.5681e-07
2.5542e-07
2.5404e-07
2.5266e-07
2.5129e-07
2.4993e-07
2.4858e-07
2.4723e-07
2.4589e-07
2.4455e-07
2.4322e-07
2.419e-07
2.4059e-07
2.3928e-07
2.3798e-07
2.3668e-07
2.3539e-07
2.3411e-07
2.3283e-07
2.3156e-07
2.303e-07
2.2904e-07
2.2779e-07
2.2654e-07
2.253e-07
2.2407e-07
2.2284e-07
2.2162e-07
2.2041e-07
2.192e-07
2.1799e-07
2.168e-07
2.1561e-07
2.1442e-07
2.1324e-07
2.1207e-07
2.109e-07
2.0974e-07
2.0858e-07
2.0743e-07
2.0629e-07
2.0515e-07
2.0402e-07
2.0289e-07
2.0177e-07
2.0065e-07
1.9954e-07
1.9844e-07
1.9734e-07
1.9625e-07
1.9516e-07
1.9407e-07
1.93e-07
1.9193e-07
1.9086e-07
1.898e-07
1.8874e-07
1.8769e-07
1.8665e-07
1.8561e-07
1.8457e-07
1.8354e-07
1.8252e-07
1.815e-07
1.8049e-07
1.7948e-07
1.7848e-07
1.7748e-07
1.7649e-07
1.755e-07
1.7451e-07
1.7354e-07
1.7256e-07
1.716e-07
1.7063e-07
1.6967e-07
1.6872e-07
1.6777e-07
1.6683e-07
1.6589e-07
1.6496e-07
1.6403e-07
1.631e-07
1.6218e-07
1.6127e-07
1.6036e-07
1.5945e-07
1.5855e-07
1.5766e-07
1.5677e-07
1.5588e-07
1.55e-07
1.5412e-07
1.5325e-07
1.5238e-07
1.5151e-07
1.5065e-07
1.498e-07
1.4895e-07
1.481e-07
1.4726e-07
1.4642e-07
1.4559e-07
1.4476e-07
1.4393e-07
1.4311e-07
1.423e-07
1.4148e-07
1.4068e-07
1.3987e-07
1.3907e-07
1.3828e-07
1.3749e-07
1.367e-07
1.3592e-07
1.3514e-07
1.3437e-07
1.3359e-07
1.3283e-07
1.3207e-07
1.3131e-07
1.3055e-07
1.298e-07
1.2906e-07
1.2831e-07
1.2758e-07
1.2684e-07
1.2611e-07
1.2538e-07
1.2466e-07
1.2394e-07
1.2322e-07
1.2251e-07
1.218e-07
1.211e-07
1.204e-07
1.197e-07
1.1901e-07
1.1832e-07
1.1763e-07
1.1695e-07
1.1627e-07
1.156e-07
1.1493e-07
1.1426e-07
1.136e-07
1.1293e-07
1.1228e-07
1.1162e-07
1.1097e-07
1.1033e-07
1.0968e-07
1.0904e-07
1.0841e-07
1.0777e-07
1.0715e-07
1.0652e-07
1.059e-07
1.0528e-07
1.0466e-07
1.0405e-07
1.0344e-07
1.0283e-07
1.0223e-07
1.0163e-07
1.0103e-07
1.0044e-07
9.9849e-08
9.9262e-08
9.8679e-08
9.8098e-08
9.752e-08
9.6946e-08
9.6375e-08
9.5807e-08
9.5242e-08
9.468e-08
9.4121e-08
9.3565e-08
9.3012e-08
9.2462e-08
9.1915e-08
9.1371e-08
9.083e-08
9.0292e-08
8.9757e-08
8.9225e-08
8.8696e-08
8.8169e-08
8.7646e-08
8.7125e-08
8.6607e-08
8.6092e-08
8.558e-08
8.5071e-08
8.4564e-08
8.406e-08
8.3559e-08
8.3061e-08
8.2566e-08
8.2073e-08
8.1583e-08
8.1095e-08
8.0611e-08
8.0129e-08
7.9649e-08
7.9172e-08
7.8698e-08
7.8227e-08
7.7758e-08
7.7292e-08
7.6828e-08
7.6367e-08
7.5908e-08
7.5452e-08
7.4998e-08
7.4547e-08
7.4099e-08
7.3653e-08
7.3209e-08
7.2768e-08
7.233e-08
7.1893e-08
7.146e-08
7.1028e-08
7.0599e-08
7.0173e-08
6.9748e-08
6.9327e-08
6.8907e-08
6.849e-08
6.8075e-08
6.7663e-08
6.7253e-08
6.6845e-08
6.6439e-08
6.6036e-08
6.5635e-08
6.5236e-08
6.4839e-08
6.4445e-08
6.4053e-08
6.3663e-08
6.3275e-08
6.289e-08
6.2506e-08
6.2125e-08
6.1746e-08
6.1369e-08
6.0994e-08
6.0622e-08
6.0251e-08
5.9883e-08
5.9516e-08
5.9152e-08
5.879e-08
5.8429e-08
5.8071e-08
5.7715e-08
5.7361e-08
5.7009e-08
5.6659e-08
5.6311e-08
5.5965e-08
5.562e-08
5.5278e-08
5.4938e-08
5.46e-08
5.4263e-08
5.3929e-08
5.3596e-08
5.3266e-08
5.2937e-08
5.261e-08
5.2285e-08
5.1962e-08
5.1641e-08
5.1321e-08
5.1003e-08
5.0688e-08
5.0374e-08
5.0061e-08
4.9751e-08
4.9442e-08
4.9136e-08
4.883e-08
4.8527e-08
4.8226e-08
4.7926e-08
4.7628e-08
4.7331e-08
4.7037e-08
4.6744e-08
4.6452e-08
4.6163e-08
4.5875e-08
4.5589e-08
4.5304e-08
4.5021e-08
4.474e-08
4.446e-08
4.4182e-08
4.3905e-08
4.3631e-08
4.3357e-08
4.3086e-08
4.2816e-08
4.2547e-08
4.228e-08
4.2015e-08
4.1751e-08
4.1489e-08
4.1228e-08
4.0969e-08
4.0711e-08
4.0455e-08
4.02e-08
3.9947e-08
3.9695e-08
3.9445e-08
3.9196e-08
3.8949e-08
3.8703e-08
3.8458e-08
3.8215e-08
3.7974e-08
3.7733e-08
3.7495e-08
3.7257e-08
3.7021e-08
3.6787e-08
3.6554e-08
3.6322e-08
3.6091e-08
3.5862e-08
3.5634e-08
3.5408e-08
3.5183e-08
3.4959e-08
3.4737e-08
3.4516e-08
3.4296e-08
3.4078e-08
3.386e-08
3.3645e-08
3.343e-08
3.3217e-08
3.3005e-08
3.2794e-08
3.2584e-08
3.2376e-08
3.2169e-08
3.1963e-08
3.1758e-08
3.1555e-08
3.1353e-08
3.1152e-08
3.0952e-08
3.0754e-08
3.0556e-08
3.036e-08
3.0165e-08
2.9971e-08
2.9778e-08
2.9587e-08
2.9396e-08
2.9207e-08
2.9019e-08
2.8832e-08
2.8646e-08
2.8462e-08
2.8278e-08
2.8095e-08
2.7914e-08
2.7734e-08
2.7554e-08
2.7376e-08
2.7199e-08
2.7023e-08
2.6848e-08
2.6674e-08
2.6501e-08
2.633e-08
2.6159e-08
2.5989e-08
2.582e-08
2.5653e-08
2.5486e-08
2.532e-08
2.5156e-08
2.4992e-08
2.4829e-08
2.4668e-08
2.4507e-08
2.4347e-08
2.4189e-08
2.4031e-08
2.3874e-08
2.3718e-08
2.3563e-08
2.3409e-08
2.3256e-08
2.3104e-08
2.2953e-08
2.2803e-08
2.2653e-08
2.2505e-08
2.2358e-08
2.2211e-08
2.2065e-08
2.192e-08
2.1777e-08
2.1634e-08
2.1491e-08
2.135e-08
2.121e-08
2.107e-08
2.0931e-08
2.0794e-08
2.0657e-08
2.0521e-08
2.0385e-08
2.0251e-08
2.0117e-08
1.9984e-08
1.9852e-08
1.9721e-08
1.9591e-08
1.9461e-08
1.9332e-08
1.9205e-08
1.9077e-08
1.8951e-08
1.8825e-08
1.8701e-08
1.8577e-08
1.8453e-08
1.8331e-08
1.8209e-08
1.8088e-08
1.7968e-08
1.7848e-08
1.773e-08
1.7612e-08
1.7494e-08
1.7378e-08
1.7262e-08
1.7147e-08
1.7033e-08
1.6919e-08
1.6806e-08
1.6694e-08
1.6582e-08
1.6471e-08
1.6361e-08
1.6252e-08
1.6143e-08
1.6035e-08
1.5928e-08
1.5821e-08
1.5715e-08
1.5609e-08
1.5505e-08
1.5401e-08
1.5297e-08
1.5194e-08
1.5092e-08
1.4991e-08
1.489e-08
1.479e-08
1.469e-08
1.4591e-08
1.4493e-08
1.4395e-08
1.4298e-08
1.4202e-08
1.4106e-08
1.4011e-08
1.3916e-08
1.3822e-08
1.3729e-08
1.3636e-08
1.3544e-08
1.3452e-08
1.3361e-08
1.327e-08
1.318e-08
1.3091e-08
1.3002e-08
1.2914e-08
1.2826e-08
1.2739e-08
1.2653e-08
1.2567e-08
1.2481e-08
1.2396e-08
1.2312e-08
1.2228e-08
1.2145e-08
1.2062e-08
1.198e-08
1.1898e-08
1.1817e-08
1.1736e-08
1.1656e-08
1.1577e-08
1.1498e-08
1.1419e-08
1.1341e-08
1.1263e-08
1.1186e-08
1.111e-08
1.1033e-08
1.0958e-08
1.0883e-08
1.0808e-08
1.0734e-08
1.066e-08
1.0587e-08
1.0514e-08
1.0442e-08
1.037e-08
1.0299e-08
1.0228e-08
1.0158e-08
1.0088e-08
1.0018e-08
9.9491e-09
9.8805e-09
9.8123e-09
9.7446e-09
9.6773e-09
9.6105e-09
9.5441e-09
9.4781e-09
9.4126e-09
9.3474e-09
9.2827e-09
9.2185e-09
9.1546e-09
9.0912e-09
9.0282e-09
8.9655e-09
8.9033e-09
8.8415e-09
8.7802e-09
8.7192e-09
8.6586e-09
8.5984e-09
8.5386e-09
8.4792e-09
8.4202e-09
8.3615e-09
8.3033e-09
8.2454e-09
8.1879e-09
8.1308e-09
8.0741e-09
8.0177e-09
7.9617e-09
7.9061e-09
7.8509e-09
7.796e-09
7.7414e-09
7.6873e-09
7.6335e-09
7.58e-09
7.5269e-09
7.4741e-09
7.4217e-09
7.3697e-09
7.318e-09
7.2666e-09
7.2156e-09
7.1649e-09
7.1145e-09
7.0645e-09
7.0148e-09
6.9654e-09
6.9164e-09
6.8677e-09
6.8193e-09
6.7713e-09
6.7235e-09
6.6761e-09
6.629e-09
6.5822e-09
6.5357e-09
6.4895e-09
6.4437e-09
6.3981e-09
6.3528e-09
6.3079e-09
6.2632e-09
6.2189e-09
6.1748e-09
6.1311e-09
6.0876e-09
6.0444e-09
6.0015e-09
5.9589e-09
5.9166e-09
5.8745e-09
5.8328e-09
5.7913e-09
5.7501e-09
5.7092e-09
5.6686e-09
5.6282e-09
5.5881e-09
5.5483e-09
5.5087e-09
5.4694e-09
5.4304e-09
5.3916e-09
5.3531e-09
5.3149e-09
5.2769e-09
5.2392e-09
5.2017e-09
5.1645e-09
5.1275e-09
5.0908e-09
5.0543e-09
5.0181e-09
4.9821e-09
4.9464e-09
4.9109e-09
4.8757e-09
4.8406e-09
4.8059e-09
4.7713e-09
4.737e-09
4.703e-09
4.6691e-09
4.6355e-09
4.6021e-09
4.569e-09
4.5361e-09
4.5034e-09
4.4709e-09
4.4386e-09
4.4066e-09
4.3748e-09
4.3432e-09
4.3118e-09
4.2806e-09
4.2497e-09
4.2189e-09
4.1884e-09
4.1581e-09
4.1279e-09
4.098e-09
4.0683e-09
4.0388e-09
4.0095e-09
3.9804e-09
3.9515e-09
3.9228e-09
3.8943e-09
3.866e-09
3.8379e-09
3.81e-09
3.7823e-09
3.7547e-09
3.7274e-09
3.7002e-09
3.6733e-09
3.6465e-09
3.6199e-09
3.5935e-09
3.5673e-09
3.5412e-09
3.5153e-09
3.4897e-09
3.4641e-09
3.4388e-09
3.4136e-09
3.3887e-09
3.3639e-09
3.3392e-09
3.3147e-09
3.2904e-09
3.2663e-09
3.2424e-09
3.2186e-09
3.1949e-09
3.1715e-09
3.1482e-09
3.125e-09
3.102e-09
3.0792e-09
3.0566e-09
3.0341e-09
3.0117e-09
2.9895e-09
2.9675e-09
2.9456e-09
2.9239e-09
2.9023e-09
2.8809e-09
2.8596e-09
2.8385e-09
2.8175e-09
2.7967e-09
2.776e-09
2.7555e-09
2.7351e-09
2.7148e-09
2.6947e-09
2.6748e-09
2.6549e-09
2.6352e-09
2.6157e-09
2.5963e-09
2.577e-09
2.5579e-09
2.5389e-09
2.52e-09
2.5013e-09
2.4827e-09
2.4642e-09
2.4459e-09
2.4276e-09
2.4096e-09
2.3916e-09
2.3738e-09
2.3561e-09
2.3385e-09
2.321e-09
2.3037e-09
2.2865e-09
2.2694e-09
2.2525e-09
2.2356e-09
2.2189e-09
2.2023e-09
2.1858e-09
2.1694e-09
2.1532e-09
2.137e-09
2.121e-09
2.1051e-09
2.0893e-09
2.0736e-09
2.0581e-09
2.0426e-09
2.0273e-09
2.012e-09
1.9969e-09
1.9819e-09
1.967e-09
1.9522e-09
1.9375e-09
1.9229e-09
1.9084e-09
1.894e-09
1.8797e-09
1.8655e-09
1.8514e-09
1.8375e-09
1.8236e-09
1.8098e-09
1.7961e-09
1.7825e-09
1.769e-09
1.7557e-09
1.7424e-09
1.7292e-09
1.7161e-09
1.7031e-09
1.6902e-09
1.6773e-09
1.6646e-09
1.652e-09
1.6394e-09
1.627e-09
1.6146e-09
1.6023e-09
1.5902e-09
1.5781e-09
1.5661e-09
1.5541e-09
1.5423e-09
1.5305e-09
1.5189e-09
1.5073e-09
1.4958e-09
1.4844e-09
1.4731e-09
1.4618e-09
1.4507e-09
1.4396e-09
1.4286e-09
1.4176e-09
1.4068e-09
1.396e-09
1.3853e-09
1.3747e-09
1.3642e-09
1.3537e-09
1.3434e-09
1.3331e-09
1.3228e-09
1.3127e-09
1.3026e-09
1.2926e-09
1.2827e-09
1.2728e-09
1.263e-09
1.2533e-09
1.2437e-09
1.2341e-09
1.2246e-09
1.2152e-09
1.2058e-09
1.1965e-09
1.1873e-09
1.1781e-09
1.169e-09
1.16e-09
1.151e-09
1.1421e-09
1.1333e-09
1.1246e-09
1.1159e-09
1.1072e-09
1.0987e-09
1.0902e-09
1.0817e-09
1.0733e-09
1.065e-09
1.0567e-09
1.0486e-09
1.0404e-09
1.0323e-09
1.0243e-09
1.0164e-09
1.0085e-09
1.0006e-09
9.9285e-10
9.8512e-10
9.7746e-10
9.6985e-10
9.623e-10
9.548e-10
9.4736e-10
9.3997e-10
9.3264e-10
9.2537e-10
9.1814e-10
9.1098e-10
9.0386e-10
8.968e-10
8.8979e-10
8.8283e-10
8.7593e-10
8.6907e-10
8.6227e-10
8.5552e-10
8.4882e-10
8.4217e-10
8.3557e-10
8.2901e-10
8.2251e-10
8.1606e-10
8.0965e-10
8.0329e-10
7.9698e-10
7.9072e-10
7.845e-10
7.7833e-10
7.7221e-10
7.6613e-10
7.601e-10
7.5412e-10
7.4818e-10
7.4228e-10
7.3643e-10
7.3062e-10
7.2486e-10
7.1914e-10
7.1346e-10
7.0782e-10
7.0223e-10
6.9668e-10
6.9117e-10
6.8571e-10
6.8028e-10
6.749e-10
6.6955e-10
6.6425e-10
6.5899e-10
6.5376e-10
6.4858e-10
6.4344e-10
6.3833e-10
6.3326e-10
6.2824e-10
6.2325e-10
6.1829e-10
6.1338e-10
6.085e-10
6.0366e-10
5.9886e-10
5.9409e-10
5.8936e-10
5.8467e-10
5.8001e-10
5.7539e-10
5.708e-10
5.6624e-10
5.6173e-10
5.5724e-10
5.5279e-10
5.4838e-10
5.4399e-10
5.3965e-10
5.3533e-10
5.3105e-10
5.268e-10
5.2258e-10
5.184e-10
5.1424e-10
5.1012e-10
5.0603e-10
5.0198e-10
4.9795e-10
4.9395e-10
4.8999e-10
4.8605e-10
4.8215e-10
4.7827e-10
4.7443e-10
4.7061e-10
4.6683e-10
4.6307e-10
4.5934e-10
4.5564e-10
4.5197e-10
4.4833e-10
4.4472e-10
4.4113e-10
4.3757e-10
4.3404e-10
4.3054e-10
4.2706e-10
4.2361e-10
4.2019e-10
4.1679e-10
4.1342e-10
4.1008e-10
4.0676e-10
4.0346e-10
4.002e-10
3.9696e-10
3.9374e-10
3.9055e-10
3.8738e-10
3.8424e-10
3.8112e-10
3.7803e-10
3.7496e-10
3.7191e-10
3.6889e-10
3.6589e-10
3.6291e-10
3.5996e-10
3.5703e-10
3.5413e-10
3.5124e-10
3.4838e-10
3.4554e-10
3.4272e-10
3.3993e-10
3.3716e-10
3.3441e-10
3.3168e-10
3.2897e-10
3.2628e-10
3.2361e-10
3.2097e-10
3.1834e-10
3.1574e-10
3.1316e-10
3.1059e-10
3.0805e-10
3.0553e-10
3.0302e-10
3.0054e-10
2.9808e-10
2.9563e-10
2.932e-10
2.908e-10
2.8841e-10
2.8604e-10
2.8369e-10
2.8136e-10
2.7905e-10
2.7675e-10
2.7447e-10
2.7221e-10
2.6997e-10
2.6775e-10
2.6554e-10
2.6336e-10
2.6118e-10
2.5903e-10
2.5689e-10
2.5477e-10
2.5267e-10
2.5058e-10
2.4851e-10
2.4646e-10
2.4442e-10
2.424e-10
2.4039e-10
2.384e-10
2.3643e-10
2.3447e-10
2.3253e-10
2.306e-10
2.2869e-10
2.268e-10
2.2491e-10
2.2305e-10
2.212e-10
2.1936e-10
2.1754e-10
2.1573e-10
2.1394e-10
2.1216e-10
2.1039e-10
2.0864e-10
2.069e-10
2.0518e-10
2.0347e-10
2.0178e-10
2.001e-10
1.9843e-10
1.9677e-10
1.9513e-10
1.935e-10
1.9189e-10
1.9028e-10
1.8869e-10
1.8712e-10
1.8555e-10
1.84e-10
1.8246e-10
1.8093e-10
1.7942e-10
1.7792e-10
1.7643e-10
1.7495e-10
1.7348e-10
1.7203e-10
1.7058e-10
1.6915e-10
1.6773e-10
1.6632e-10
1.6493e-10
1.6354e-10
1.6217e-10
1.608e-10
1.5945e-10
1.5811e-10
1.5678e-10
1.5546e-10
1.5415e-10
1.5285e-10
1.5156e-10
1.5028e-10
1.4902e-10
1.4776e-10
1.4651e-10
1.4528e-10
1.4405e-10
1.4283e-10
1.4162e-10
1.4043e-10
1.3924e-10
1.3806e-10
1.3689e-10
1.3573e-10
1.3459e-10
1.3345e-10
1.3231e-10
1.3119e-10
1.3008e-10
1.2898e-10
1.2788e-10
1.268e-10
1.2572e-10
1.2465e-10
1.2359e-10
1.2254e-10
1.215e-10
1.2047e-10
1.1944e-10
1.1843e-10
1.1742e-10
1.1642e-10
1.1543e-10
1.1444e-10
1.1347e-10
1.125e-10
1.1154e-10
1.1059e-10
1.0965e-10
1.0871e-10
1.0778e-10
1.0686e-10
1.0595e-10
1.0504e-10
1.0414e-10
1.0325e-10
1.0237e-10
1.0149e-10
1.0062e-10
9.9761e-11
9.8907e-11
9.8059e-11
9.7218e-11
9.6384e-11
9.5557e-11
9.4737e-11
9.3923e-11
9.3117e-11
9.2317e-11
9.1523e-11
9.0736e-11
8.9956e-11
8.9182e-11
8.8415e-11
8.7654e-11
8.6899e-11
8.615e-11
8.5408e-11
8.4672e-11
8.3942e-11
8.3217e-11
8.2499e-11
8.1787e-11
8.1081e-11
8.0381e-11
7.9687e-11
7.8998e-11
7.8315e-11
7.7638e-11
7.6966e-11
7.63e-11
7.5639e-11
7.4984e-11
7.4335e-11
7.3691e-11
7.3052e-11
7.2419e-11
7.1791e-11
7.1168e-11
7.055e-11
6.9938e-11
6.933e-11
6.8728e-11
6.8131e-11
6.7538e-11
6.6951e-11
6.6369e-11
6.5791e-11
6.5218e-11
6.4651e-11
6.4087e-11
6.3529e-11
6.2975e-11
6.2426e-11
6.1882e-11
6.1342e-11
6.0807e-11
6.0276e-11
5.9749e-11
5.9227e-11
5.871e-11
5.8197e-11
5.7688e-11
5.7183e-11
5.6683e-11
5.6187e-11
5.5695e-11
5.5207e-11
5.4723e-11
5.4244e-11
5.3768e-11
5.3297e-11
5.2829e-11
5.2366e-11
5.1906e-11
5.145e-11
5.0998e-11
5.055e-11
5.0106e-11
4.9666e-11
4.9229e-11
4.8796e-11
4.8366e-11
4.794e-11
4.7518e-11
4.71e-11
4.6685e-11
4.6273e-11
4.5865e-11
4.5461e-11
4.506e-11
4.4662e-11
4.4268e-11
4.3877e-11
4.3489e-11
4.3105e-11
4.2724e-11
4.2346e-11
4.1971e-11
4.16e-11
4.1232e-11
4.0867e-11
4.0505e-11
4.0146e-11
3.979e-11
3.9437e-11
3.9088e-11
3.8741e-11
3.8397e-11
3.8056e-11
3.7718e-11
3.7383e-11
3.7051e-11
3.6722e-11
3.6395e-11
3.6072e-11
3.5751e-11
3.5433e-11
3.5117e-11
3.4805e-11
3.4495e-11
3.4187e-11
3.3883e-11
3.358e-11
3.3281e-11
3.2984e-11
3.269e-11
3.2398e-11
3.2109e-11
3.1822e-11
3.1537e-11
3.1255e-11
3.0976e-11
3.0699e-11
3.0424e-11
3.0152e-11
2.9882e-11
2.9614e-11
2.9349e-11
2.9086e-11
2.8825e-11
2.8567e-11
2.8311e-11
2.8057e-11
2.7805e-11
2.7555e-11
2.7308e-11
2.7063e-11
2.6819e-11
2.6578e-11
2.6339e-11
2.6102e-11
2.5867e-11
2.5635e-11
2.5404e-11
2.5175e-11
2.4948e-11
2.4723e-11
2.4501e-11
2.428e-11
2.4061e-11
2.3844e-11
2.3628e-11
2.3415e-11
2.3204e-11
2.2994e-11
2.2786e-11
2.258e-11
2.2376e-11
2.2174e-11
2.1973e-11
2.1774e-11
2.1577e-11
2.1381e-11
2.1188e-11
2.0996e-11
2.0805e-11
2.0617e-11
2.043e-11
2.0244e-11
2.0061e-11
1.9878e-11
1.9698e-11
1.9519e-11
1.9342e-11
1.9166e-11
1.8991e-11
1.8819e-11
1.8648e-11
1.8478e-11
1.831e-11
1.8143e-11
1.7977e-11
1.7814e-11
1.7651e-11
1.749e-11
1.7331e-11
1.7173e-11
1.7016e-11
1.6861e-11
1.6707e-11
1.6554e-11
1.6403e-11
1.6253e-11
1.6104e-11
1.5957e-11
1.5811e-11
1.5666e-11
1.5523e-11
1.538e-11
1.524e-11
1.51e-11
1.4962e-11
1.4824e-11
1.4688e-11
1.4554e-11
1.442e-11
1.4288e-11
1.4156e-11
1.4026e-11
1.3897e-11
1.377e-11
1.3643e-11
1.3518e-11
1.3393e-11
1.327e-11
1.3148e-11
1.3027e-11
1.2907e-11
1.2788e-11
1.267e-11
1.2553e-11
1.2437e-11
1.2323e-11
1.2209e-11
1.2096e-11
1.1984e-11
1.1874e-11
1.1764e-11
1.1655e-11
1.1548e-11
1.1441e-11
1.1335e-11
1.123e-11
1.1126e-11
1.1023e-11
1.0921e-11
1.082e-11
1.0719e-11
1.062e-11
1.0522e-11
1.0424e-11
1.0327e-11
1.0231e-11
1.0136e-11
1.0042e-11
9.949e-12
9.8565e-12
9.7649e-12
9.6741e-12
9.5841e-12
9.4949e-12
9.4065e-12
9.319e-12
9.2322e-12
9.1462e-12
9.0609e-12
8.9765e-12
8.8928e-12
8.8098e-12
8.7276e-12
8.6462e-12
8.5654e-12
8.4855e-12
8.4062e-12
8.3276e-12
8.2498e-12
8.1727e-12
8.0962e-12
8.0205e-12
7.9454e-12
7.8711e-12
7.7973e-12
7.7243e-12
7.6519e-12
7.5802e-12
7.5092e-12
7.4387e-12
7.369e-12
7.2998e-12
7.2313e-12
7.1634e-12
7.0961e-12
7.0294e-12
6.9634e-12
6.8979e-12
6.8331e-12
6.7688e-12
6.7051e-12
6.642e-12
6.5795e-12
6.5175e-12
6.4561e-12
6.3953e-12
6.335e-12
6.2752e-12
6.2161e-12
6.1574e-12
6.0993e-12
6.0417e-12
5.9847e-12
5.9281e-12
5.8721e-12
5.8166e-12
5.7616e-12
5.7072e-12
5.6532e-12
5.5997e-12
5.5467e-12
5.4942e-12
5.4421e-12
5.3906e-12
5.3395e-12
5.2889e-12
5.2387e-12
5.189e-12
5.1398e-12
5.091e-12
5.0427e-12
4.9948e-12
4.9473e-12
4.9003e-12
4.8538e-12
4.8076e-12
4.7619e-12
4.7166e-12
4.6717e-12
4.6272e-12
4.5832e-12
4.5395e-12
4.4963e-12
4.4534e-12
4.411e-12
4.3689e-12
4.3272e-12
4.2859e-12
4.245e-12
4.2045e-12
4.1644e-12
4.1246e-12
4.0852e-12
4.0461e-12
4.0074e-12
3.9691e-12
3.9311e-12
3.8935e-12
3.8562e-12
3.8193e-12
3.7827e-12
3.7465e-12
3.7106e-12
3.675e-12
3.6398e-12
3.6049e-12
3.5703e-12
3.536e-12
3.5021e-12
3.4684e-12
3.4351e-12
3.4021e-12
3.3694e-12
3.337e-12
3.3049e-12
3.2731e-12
3.2416e-12
3.2104e-12
3.1795e-12
3.1489e-12
3.1185e-12
3.0885e-12
3.0587e-12
3.0292e-12
3e-12
2.9711e-12
2.9424e-12
2.914e-12
2.8858e-12
2.858e-12
2.8303e-12
2.803e-12
2.7759e-12
2.749e-12
2.7224e-12
2.6961e-12
2.67e-12
2.6441e-12
2.6185e-12
2.5932e-12
2.568e-12
2.5431e-12
2.5185e-12
2.4941e-12
2.4699e-12
2.4459e-12
2.4222e-12
2.3986e-12
2.3753e-12
2.3523e-12
2.3294e-12
2.3067e-12
2.2843e-12
2.2621e-12
2.2401e-12
2.2183e-12
2.1967e-12
2.1753e-12
2.1541e-12
2.1331e-12
2.1123e-12
2.0917e-12
2.0713e-12
2.0511e-12
2.0311e-12
2.0113e-12
1.9916e-12
1.9722e-12
1.9529e-12
1.9338e-12
1.9149e-12
1.8962e-12
1.8777e-12
1.8593e-12
1.8411e-12
1.8231e-12
1.8052e-12
1.7875e-12
1.77e-12
1.7527e-12
1.7355e-12
1.7185e-12
1.7016e-12
1.6849e-12
1.6684e-12
1.652e-12
1.6358e-12
1.6197e-12
1.6038e-12
1.588e-12
1.5724e-12
1.557e-12
1.5416e-12
1.5265e-12
1.5114e-12
1.4966e-12
1.4818e-12
1.4672e-12
1.4528e-12
1.4385e-12
1.4243e-12
1.4102e-12
1.3963e-12
1.3825e-12
1.3689e-12
1.3554e-12
1.342e-12
1.3287e-12
1.3156e-12
1.3026e-12
1.2897e-12
1.277e-12
1.2643e-12
1.2518e-12
1.2394e-12
1.2271e-12
1.215e-12
1.2029e-12
1.191e-12
1.1792e-12
1.1675e-12
1.1559e-12
1.1445e-12
1.1331e-12
1.1219e-12
1.1107e-12
1.0997e-12
1.0888e-12
1.0779e-12
1.0672e-12
1.0566e-12
1.0461e-12
1.0357e-12
1.0254e-12
1.0152e-12
1.0051e-12
9.9506e-13
9.8515e-13
9.7533e-13
9.6561e-13
9.5598e-13
9.4644e-13
9.37e-13
9.2764e-13
9.1838e-13
9.0921e-13
9.0013e-13
8.9114e-13
8.8223e-13
8.7341e-13
8.6467e-13
8.5602e-13
8.4746e-13
8.3898e-13
8.3058e-13
8.2226e-13
8.1402e-13
8.0587e-13
7.9779e-13
7.8979e-13
7.8187e-13
7.7403e-13
7.6626e-13
7.5857e-13
7.5095e-13
7.4341e-13
7.3594e-13
7.2855e-13
7.2122e-13
7.1397e-13
7.0679e-13
6.9968e-13
6.9264e-13
6.8567e-13
6.7877e-13
6.7193e-13
6.6516e-13
6.5846e-13
6.5182e-13
6.4525e-13
6.3874e-13
6.323e-13
6.2592e-13
6.196e-13
6.1335e-13
6.0715e-13
6.0102e-13
5.9495e-13
5.8893e-13
5.8298e-13
5.7708e-13
5.7124e-13
5.6546e-13
5.5974e-13
5.5407e-13
5.4846e-13
5.4291e-13
5.3741e-13
5.3196e-13
5.2657e-13
5.2122e-13
5.1594e-13
5.107e-13
5.0552e-13
5.0039e-13
4.953e-13
4.9027e-13
4.8529e-13
4.8036e-13
4.7548e-13
4.7064e-13
4.6585e-13
4.6111e-13
4.5642e-13
4.5177e-13
4.4717e-13
4.4262e-13
4.3811e-13
4.3364e-13
4.2922e-13
4.2484e-13
4.2051e-13
4.1622e-13
4.1197e-13
4.0777e-13
4.036e-13
3.9948e-13
3.954e-13
3.9136e-13
3.8736e-13
3.834e-13
3.7947e-13
3.7559e-13
3.7175e-13
3.6794e-13
3.6417e-13
3.6044e-13
3.5675e-13
3.5309e-13
3.4948e-13
3.4589e-13
3.4234e-13
3.3883e-13
3.3535e-13
3.3191e-13
3.285e-13
3.2513e-13
3.2179e-13
3.1848e-13
3.1521e-13
3.1197e-13
3.0876e-13
3.0558e-13
3.0244e-13
2.9933e-13
2.9624e-13
2.9319e-13
2.9017e-13
2.8718e-13
2.8422e-13
2.8129e-13
2.7839e-13
2.7552e-13
2.7268e-13
2.6986e-13
2.6707e-13
2.6432e-13
2.6159e-13
2.5888e-13
2.5621e-13
2.5356e-13
2.5094e-13
2.4834e-13
2.4577e-13
2.4323e-13
2.4071e-13
2.3822e-13
2.3575e-13
2.3331e-13
2.3089e-13
2.285e-13
2.2613e-13
2.2378e-13
2.2146e-13
2.1916e-13
2.1689e-13
2.1463e-13
2.124e-13
2.102e-13
2.0801e-13
2.0585e-13
2.0371e-13
2.0159e-13
1.995e-13
1.9742e-13
1.9536e-13
1.9333e-13
1.9132e-13
1.8932e-13
1.8735e-13
1.854e-13
1.8347e-13
1.8155e-13
1.7966e-13
1.7778e-13
1.7593e-13
1.7409e-13
1.7227e-13
1.7047e-13
1.6869e-13
1.6693e-13
1.6519e-13
1.6346e-13
1.6175e-13
1.6006e-13
1.5838e-13
1.5672e-13
1.5508e-13
1.5346e-13
1.5185e-13
1.5026e-13
1.4868e-13
1.4713e-13
1.4558e-13
1.4405e-13
1.4254e-13
1.4105e-13
1.3957e-13
1.381e-13
1.3665e-13
1.3521e-13
1.3379e-13
1.3239e-13
1.3099e-13
1.2962e-13
1.2825e-13
1.269e-13
1.2557e-13
1.2424e-13
1.2294e-13
1.2164e-13
1.2036e-13
1.1909e-13
1.1783e-13
1.1659e-13
1.1536e-13
1.1414e-13
1.1294e-13
1.1175e-13
1.1057e-13
1.094e-13
1.0824e-13
1.071e-13
1.0597e-13
1.0485e-13
1.0374e-13
1.0264e-13
1.0155e-13
1.0048e-13
9.9415e-14
9.8362e-14
9.732e-14
9.6288e-14
9.5268e-14
9.4257e-14
9.3258e-14
9.2268e-14
9.1289e-14
9.032e-14
8.9361e-14
8.8412e-14
8.7473e-14
8.6544e-14
8.5624e-14
8.4714e-14
8.3813e-14
8.2921e-14
8.2039e-14
8.1166e-14
8.0302e-14
7.9447e-14
7.8601e-14
7.7763e-14
7.6935e-14
7.6115e-14
7.5303e-14
7.45e-14
7.3705e-14
7.2919e-14
7.2141e-14
7.137e-14
7.0608e-14
6.9854e-14
6.9108e-14
6.8369e-14
6.7638e-14
6.6915e-14
6.6199e-14
6.5491e-14
6.479e-14
6.4097e-14
6.341e-14
6.2731e-14
6.2059e-14
6.1394e-14
6.0736e-14
6.0085e-14
5.9441e-14
5.8803e-14
5.8172e-14
5.7548e-14
5.693e-14
5.6319e-14
5.5714e-14
5.5115e-14
5.4523e-14
5.3937e-14
5.3357e-14
5.2783e-14
5.2215e-14
5.1653e-14
5.1097e-14
5.0547e-14
5.0003e-14
4.9464e-14
4.8931e-14
4.8404e-14
4.7882e-14
4.7366e-14
4.6855e-14
4.635e-14
4.5849e-14
4.5354e-14
4.4865e-14
4.438e-14
4.3901e-14
4.3426e-14
4.2957e-14
4.2493e-14
4.2033e-14
4.1578e-14
4.1129e-14
4.0683e-14
4.0243e-14
3.9807e-14
3.9376e-14
3.895e-14
3.8527e-14
3.811e-14
3.7697e-14
3.7288e-14
3.6883e-14
3.6483e-14
3.6087e-14
3.5695e-14
3.5308e-14
3.4924e-14
3.4545e-14
3.4169e-14
3.3798e-14
3.3431e-14
3.3067e-14
3.2707e-14
3.2351e-14
3.1999e-14
3.1651e-14
3.1306e-14
3.0965e-14
3.0628e-14
3.0294e-14
2.9964e-14
2.9637e-14
2.9314e-14
2.8994e-14
2.8678e-14
2.8365e-14
2.8055e-14
2.7748e-14
2.7445e-14
2.7145e-14
2.6849e-14
2.6555e-14
2.6265e-14
2.5978e-14
2.5693e-14
2.5412e-14
2.5134e-14
2.4859e-14
2.4587e-14
2.4317e-14
2.4051e-14
2.3787e-14
2.3526e-14
2.3268e-14
2.3013e-14
2.2761e-14
2.2511e-14
2.2264e-14
2.2019e-14
2.1778e-14
2.1538e-14
2.1302e-14
2.1068e-14
2.0836e-14
2.0607e-14
2.038e-14
2.0156e-14
1.9934e-14
1.9715e-14
1.9498e-14
1.9283e-14
1.907e-14
1.886e-14
1.8652e-14
1.8447e-14
1.8243e-14
1.8042e-14
1.7843e-14
1.7646e-14
1.7451e-14
1.7259e-14
1.7068e-14
1.6879e-14
1.6693e-14
1.6508e-14
1.6326e-14
1.6145e-14
1.5967e-14
1.579e-14
1.5615e-14
1.5442e-14
1.5271e-14
1.5102e-14
1.4935e-14
1.4769e-14
1.4606e-14
1.4444e-14
1.4284e-14
1.4125e-14
1.3969e-14
1.3813e-14
1.366e-14
1.3508e-14
1.3358e-14
1.321e-14
1.3063e-14
1.2918e-14
1.2774e-14
1.2632e-14
1.2492e-14
1.2353e-14
1.2215e-14
1.2079e-14
1.1945e-14
1.1812e-14
1.168e-14
1.155e-14
1.1421e-14
1.1294e-14
1.1168e-14
1.1044e-14
1.092e-14
1.0798e-14
1.0678e-14
1.0559e-14
1.0441e-14
1.0324e-14
1.0209e-14
1.0095e-14
9.9818e-15
9.8702e-15
9.7598e-15
9.6506e-15
9.5426e-15
9.4358e-15
9.3301e-15
9.2256e-15
9.1223e-15
9.0201e-15
8.919e-15
8.819e-15
8.7201e-15
8.6223e-15
8.5256e-15
8.4299e-15
8.3353e-15
8.2417e-15
8.1491e-15
8.0576e-15
7.967e-15
7.8775e-15
7.789e-15
7.7014e-15
7.6148e-15
7.5291e-15
7.4444e-15
7.3606e-15
7.2777e-15
7.1957e-15
7.1147e-15
7.0345e-15
6.9553e-15
6.8769e-15
6.7993e-15
6.7226e-15
6.6468e-15
6.5718e-15
6.4976e-15
6.4243e-15
6.3517e-15
6.28e-15
6.209e-15
6.1389e-15
6.0695e-15
6.0009e-15
5.933e-15
5.8659e-15
5.7995e-15
5.7339e-15
5.669e-15
5.6048e-15
5.5413e-15
5.4785e-15
5.4164e-15
5.355e-15
5.2943e-15
5.2343e-15
5.1749e-15
5.1162e-15
5.0582e-15
5.0007e-15
4.944e-15
4.8878e-15
4.8323e-15
4.7774e-15
4.7231e-15
4.6694e-15
4.6163e-15
4.5638e-15
4.5119e-15
4.4605e-15
4.4098e-15
4.3596e-15
4.3099e-15
4.2608e-15
4.2123e-15
4.1643e-15
4.1168e-15
4.0699e-15
4.0234e-15
3.9775e-15
3.9322e-15
3.8873e-15
3.8429e-15
3.799e-15
3.7556e-15
3.7127e-15
3.6703e-15
3.6284e-15
3.5869e-15
3.5459e-15
3.5053e-15
3.4652e-15
3.4255e-15
3.3863e-15
3.3475e-15
3.3092e-15
3.2713e-15
3.2338e-15
3.1968e-15
3.1601e-15
3.1239e-15
3.088e-15
3.0526e-15
3.0176e-15
2.983e-15
2.9487e-15
2.9148e-15
2.8814e-15
2.8483e-15
2.8155e-15
2.7832e-15
2.7512e-15
2.7195e-15
2.6882e-15
2.6573e-15
2.6267e-15
2.5965e-15
2.5666e-15
2.537e-15
2.5078e-15
2.4789e-15
2.4503e-15
2.4221e-15
2.3942e-15
2.3666e-15
2.3393e-15
2.3123e-15
2.2856e-15
2.2592e-15
2.2331e-15
2.2073e-15
2.1818e-15
2.1566e-15
2.1317e-15
2.107e-15
2.0826e-15
2.0585e-15
2.0347e-15
2.0112e-15
1.9879e-15
1.9649e-15
1.9421e-15
1.9196e-15
1.8974e-15
1.8754e-15
1.8536e-15
1.8322e-15
1.8109e-15
1.7899e-15
1.7691e-15
1.7486e-15
1.7283e-15
1.7082e-15
1.6884e-15
1.6688e-15
1.6494e-15
1.6302e-15
1.6112e-15
1.5925e-15
1.574e-15
1.5557e-15
1.5376e-15
1.5197e-15
1.502e-15
1.4845e-15
1.4672e-15
1.4501e-15
1.4332e-15
1.4165e-15
1.4e-15
1.3836e-15
1.3675e-15
1.3515e-15
1.3358e-15
1.3202e-15
1.3048e-15
1.2895e-15
1.2744e-15
1.2596e-15
1.2448e-15
1.2303e-15
1.2159e-15
1.2017e-15
1.1876e-15
1.1737e-15
1.16e-15
1.1464e-15
1.133e-15
1.1197e-15
1.1066e-15
1.0936e-15
1.0808e-15
1.0681e-15
1.0556e-15
1.0432e-15
1.031e-15
1.0189e-15
1.0069e-15
9.9508e-16
9.8339e-16
9.7184e-16
9.6042e-16
9.4913e-16
9.3797e-16
9.2694e-16
9.1604e-16
9.0527e-16
8.9461e-16
8.8408e-16
8.7367e-16
8.6339e-16
8.5322e-16
8.4316e-16
8.3323e-16
8.2341e-16
8.137e-16
8.041e-16
7.9462e-16
7.8524e-16
7.7598e-16
7.6682e-16
7.5776e-16
7.4882e-16
7.3997e-16
7.3123e-16
7.2259e-16
7.1404e-16
7.056e-16
6.9726e-16
6.8901e-16
6.8086e-16
6.728e-16
6.6484e-16
6.5696e-16
6.4918e-16
6.4149e-16
6.3389e-16
6.2638e-16
6.1895e-16
6.1161e-16
6.0436e-16
5.9719e-16
5.9011e-16
5.831e-16
5.7618e-16
5.6934e-16
5.6258e-16
5.5589e-16
5.4929e-16
5.4276e-16
5.3631e-16
5.2993e-16
5.2363e-16
5.174e-16
5.1124e-16
5.0516e-16
4.9914e-16
4.932e-16
4.8732e-16
4.8152e-16
4.7578e-16
4.7011e-16
4.645e-16
4.5897e-16
4.5349e-16
4.4808e-16
4.4273e-16
4.3745e-16
4.3223e-16
4.2706e-16
4.2196e-16
4.1692e-16
4.1194e-16
4.0702e-16
4.0215e-16
3.9734e-16
3.9259e-16
3.8789e-16
3.8325e-16
3.7866e-16
3.7413e-16
3.6965e-16
3.6522e-16
3.6085e-16
3.5652e-16
3.5225e-16
3.4802e-16
3.4385e-16
3.3973e-16
3.3565e-16
3.3162e-16
3.2764e-16
3.2371e-16
3.1982e-16
3.1598e-16
3.1218e-16
3.0843e-16
3.0472e-16
3.0106e-16
2.9744e-16
2.9386e-16
2.9033e-16
2.8683e-16
2.8338e-16
2.7997e-16
2.766e-16
2.7326e-16
2.6997e-16
2.6672e-16
2.635e-16
2.6033e-16
2.5719e-16
2.5408e-16
2.5102e-16
2.4799e-16
2.45e-16
2.4204e-16
2.3912e-16
2.3623e-16
2.3337e-16
2.3055e-16
2.2777e-16
2.2501e-16
2.2229e-16
2.196e-16
2.1695e-16
2.1432e-16
2.1173e-16
2.0916e-16
2.0663e-16
2.0413e-16
2.0165e-16
1.9921e-16
1.9679e-16
1.9441e-16
1.9205e-16
1.8972e-16
1.8742e-16
1.8515e-16
1.829e-16
1.8068e-16
1.7848e-16
1.7632e-16
1.7417e-16
1.7206e-16
1.6997e-16
1.679e-16
1.6586e-16
1.6384e-16
1.6185e-16
1.5988e-16
1.5793e-16
1.5601e-16
1.5411e-16
1.5223e-16
1.5038e-16
1.4854e-16
1.4673e-16
1.4494e-16
1.4318e-16
1.4143e-16
1.3971e-16
1.38e-16
1.3632e-16
1.3465e-16
1.3301e-16
1.3138e-16
1.2978e-16
1.2819e-16
1.2663e-16
1.2508e-16
1.2355e-16
1.2204e-16
1.2054e-16
1.1907e-16
1.1761e-16
1.1617e-16
1.1475e-16
1.1334e-16
1.1195e-16
1.1058e-16
1.0923e-16
1.0789e-16
1.0657e-16
1.0526e-16
1.0397e-16
1.0269e-16
1.0143e-16
1.0019e-16
9.8956e-17
9.7741e-17
9.654e-17
9.5354e-17
9.4182e-17
9.3024e-17
9.1881e-17
9.0751e-17
8.9634e-17
8.8531e-17
8.7442e-17
8.6366e-17
8.5302e-17
8.4252e-17
8.3214e-17
8.2189e-17
8.1176e-17
8.0175e-17
7.9187e-17
7.821e-17
7.7245e-17
7.6292e-17
7.5351e-17
7.4421e-17
7.3502e-17
7.2594e-17
7.1698e-17
7.0812e-17
6.9937e-17
6.9073e-17
6.8219e-17
6.7375e-17
6.6542e-17
6.5719e-17
6.4905e-17
6.4102e-17
6.3309e-17
6.2525e-17
6.175e-17
6.0985e-17
6.023e-17
5.9483e-17
5.8746e-17
5.8017e-17
5.7298e-17
5.6587e-17
5.5885e-17
5.5192e-17
5.4506e-17
5.383e-17
5.3161e-17
5.2501e-17
5.1849e-17
5.1204e-17
5.0568e-17
4.9939e-17
4.9318e-17
4.8705e-17
4.8099e-17
4.75e-17
4.6909e-17
4.6325e-17
4.5748e-17
4.5178e-17
4.4616e-17
4.406e-17
4.3511e-17
4.2968e-17
4.2432e-17
4.1903e-17
4.1381e-17
4.0864e-17
4.0354e-17
3.9851e-17
3.9353e-17
3.8862e-17
3.8376e-17
3.7897e-17
3.7423e-17
3.6955e-17
3.6493e-17
3.6037e-17
3.5586e-17
3.5141e-17
3.4701e-17
3.4267e-17
3.3838e-17
3.3414e-17
3.2996e-17
3.2583e-17
3.2174e-17
3.1771e-17
3.1373e-17
3.098e-17
3.0591e-17
3.0207e-17
2.9828e-17
2.9454e-17
2.9084e-17
2.8719e-17
2.8359e-17
2.8003e-17
2.7651e-17
2.7303e-17
2.696e-17
2.6621e-17
2.6287e-17
2.5956e-17
2.563e-17
2.5307e-17
2.4989e-17
2.4674e-17
2.4364e-17
2.4057e-17
2.3754e-17
2.3455e-17
2.3159e-17
2.2867e-17
2.2579e-17
2.2294e-17
2.2013e-17
2.1736e-17
2.1461e-17
2.1191e-17
2.0923e-17
2.0659e-17
2.0398e-17
2.0141e-17
1.9886e-17
1.9635e-17
1.9387e-17
1.9142e-17
1.89e-17
1.8661e-17
1.8425e-17
1.8192e-17
1.7962e-17
1.7735e-17
1.751e-17
1.7289e-17
1.707e-17
1.6854e-17
1.664e-17
1.6429e-17
1.6221e-17
1.6016e-17
1.5813e-17
1.5612e-17
1.5414e-17
1.5219e-17
1.5026e-17
1.4835e-17
1.4647e-17
1.4461e-17
1.4277e-17
1.4096e-17
1.3917e-17
1.3741e-17
1.3566e-17
1.3394e-17
1.3224e-17
1.3055e-17
1.289e-17
1.2726e-17
1.2564e-17
1.2404e-17
1.2246e-17
1.2091e-17
1.1937e-17
1.1785e-17
1.1635e-17
1.1487e-17
1.1341e-17
1.1196e-17
1.1054e-17
1.0913e-17
1.0774e-17
1.0637e-17
1.0501e-17
1.0368e-17
1.0236e-17
1.0105e-17
9.9763e-18
9.8492e-18
9.7236e-18
9.5997e-18
9.4773e-18
9.3565e-18
9.2372e-18
9.1194e-18
9.0031e-18
8.8883e-18
8.7749e-18
8.663e-18
8.5525e-18
8.4434e-18
8.3357e-18
8.2294e-18
8.1244e-18
8.0208e-18
7.9185e-18
7.8175e-18
7.7177e-18
7.6193e-18
7.5221e-18
7.4261e-18
7.3314e-18
7.2379e-18
7.1456e-18
7.0545e-18
6.9645e-18
6.8757e-18
6.788e-18
6.7015e-18
6.6161e-18
6.5317e-18
6.4485e-18
6.3663e-18
6.2852e-18
6.2052e-18
6.1261e-18
6.0481e-18
5.9711e-18
5.8951e-18
5.8201e-18
5.7461e-18
5.673e-18
5.6009e-18
5.5297e-18
5.4594e-18
5.39e-18
5.3216e-18
5.2541e-18
5.1874e-18
5.1216e-18
5.0567e-18
4.9926e-18
4.9294e-18
4.867e-18
4.8054e-18
4.7446e-18
4.6847e-18
4.6255e-18
4.5671e-18
4.5095e-18
4.4526e-18
4.3966e-18
4.3412e-18
4.2866e-18
4.2327e-18
4.1796e-18
4.1272e-18
4.0754e-18
4.0244e-18
3.9741e-18
3.9244e-18
3.8754e-18
3.8271e-18
3.7794e-18
3.7324e-18
3.686e-18
3.6403e-18
3.5952e-18
3.5507e-18
3.5068e-18
3.4636e-18
3.4209e-18
3.3788e-18
3.3374e-18
3.2965e-18
3.2562e-18
3.2164e-18
3.1772e-18
3.1386e-18
3.1005e-18
3.063e-18
3.026e-18
2.9895e-18
2.9536e-18
2.9181e-18
2.8832e-18
2.8489e-18
2.815e-18
2.7816e-18
2.7487e-18
2.7163e-18
2.6844e-18
2.653e-18
2.622e-18
2.5916e-18
2.5616e-18
2.532e-18
2.5029e-18
2.4743e-18
2.4461e-18
2.4184e-18
2.3911e-18
2.3642e-18
2.3378e-18
2.3118e-18
2.2862e-18
2.2611e-18
2.2363e-18
2.212e-18
2.1881e-18
2.1646e-18
2.1415e-18
2.1189e-18
2.0966e-18
2.0747e-18
2.0532e-18
2.0321e-18
2.0114e-18
1.991e-18
1.9711e-18
1.9515e-18
1.9323e-18
1.9135e-18
1.8951e-18
1.877e-18
1.8593e-18
1.8419e-18
1.8249e-18
1.8083e-18
1.7921e-18
1.7762e-18
1.7606e-18
1.7454e-18
1.7306e-18
1.7161e-18
1.702e-18
1.6882e-18
1.6747e-18
1.6617e-18
1.6489e-18
1.6365e-18
1.6244e-18
1.6127e-18
1.6013e-18
1.5903e-18
1.5796e-18
1.5692e-18
1.5592e-18
1.5495e-18
1.5402e-18
1.5312e-18
1.5225e-18
1.5142e-18
1.5062e-18
1.4985e-18
1.4912e-18
1.4842e-18
1.4776e-18
