1.2495e-07
1.2477e-07
1.2459e-07
1.2441e-07
1.2424e-07
1.2406e-07
1.2388e-07
1.237e-07
1.2352e-07
1.2334e-07
1.2317e-07
1.2299e-07
1.2281e-07
1.2264e-07
1.2246e-07
1.2228e-07
1.2211e-07
1.2193e-07
1.2175e-07
1.2158e-07
1.214e-07
1.2123e-07
1.2105e-07
1.2088e-07
1.207e-07
1.2053e-07
1.2035e-07
1.2018e-07
1.2001e-07
1.1983e-07
1.1966e-07
1.1948e-07
1.1931e-07
1.1914e-07
1.1897e-07
1.1879e-07
1.1862e-07
1.1845e-07
1.1828e-07
1.1811e-07
1.1793e-07
1.1776e-07
1.1759e-07
1.1742e-07
1.1725e-07
1.1708e-07
1.1691e-07
1.1674e-07
1.1657e-07
1.164e-07
1.1623e-07
1.1606e-07
1.1589e-07
1.1572e-07
1.1555e-07
1.1538e-07
1.1521e-07
1.1505e-07
1.1488e-07
1.1471e-07
1.1454e-07
1.1438e-07
1.1421e-07
1.1404e-07
1.1387e-07
1.1371e-07
1.1354e-07
1.1337e-07
1.1321e-07
1.1304e-07
1.1288e-07
1.1271e-07
1.1255e-07
1.1238e-07
1.1222e-07
1.1205e-07
1.1189e-07
1.1172e-07
1.1156e-07
1.1139e-07
1.1123e-07
1.1107e-07
1.109e-07
1.1074e-07
1.1058e-07
1.1041e-07
1.1025e-07
1.1009e-07
1.0993e-07
1.0976e-07
1.096e-07
1.0944e-07
1.0928e-07
1.0912e-07
1.0896e-07
1.088e-07
1.0863e-07
1.0847e-07
1.0831e-07
1.0815e-07
1.0799e-07
1.0783e-07
1.0767e-07
1.0751e-07
1.0735e-07
1.072e-07
1.0704e-07
1.0688e-07
1.0672e-07
1.0656e-07
1.064e-07
1.0624e-07
1.0609e-07
1.0593e-07
1.0577e-07
1.0561e-07
1.0546e-07
1.053e-07
1.0514e-07
1.0499e-07
1.0483e-07
1.0468e-07
1.0452e-07
1.0436e-07
1.0421e-07
1.0405e-07
1.039e-07
1.0374e-07
1.0359e-07
1.0343e-07
1.0328e-07
1.0312e-07
1.0297e-07
1.0282e-07
1.0266e-07
1.0251e-07
1.0235e-07
1.022e-07
1.0205e-07
1.019e-07
1.0174e-07
1.0159e-07
1.0144e-07
1.0129e-07
1.0113e-07
1.0098e-07
1.0083e-07
1.0068e-07
1.0053e-07
1.0038e-07
1.0023e-07
1.0008e-07
9.9925e-08
9.9775e-08
9.9625e-08
9.9475e-08
9.9325e-08
9.9175e-08
9.9026e-08
9.8877e-08
9.8728e-08
9.8579e-08
9.843e-08
9.8281e-08
9.8133e-08
9.7985e-08
9.7837e-08
9.7689e-08
9.7541e-08
9.7394e-08
9.7247e-08
9.71e-08
9.6953e-08
9.6806e-08
9.6659e-08
9.6513e-08
9.6367e-08
9.6221e-08
9.6075e-08
9.5929e-08
9.5784e-08
9.5638e-08
9.5493e-08
9.5348e-08
9.5203e-08
9.5059e-08
9.4914e-08
9.477e-08
9.4626e-08
9.4482e-08
9.4338e-08
9.4194e-08
9.4051e-08
9.3908e-08
9.3765e-08
9.3622e-08
9.3479e-08
9.3337e-08
9.3194e-08
9.3052e-08
9.291e-08
9.2768e-08
9.2626e-08
9.2485e-08
9.2344e-08
9.2202e-08
9.2061e-08
9.1921e-08
9.178e-08
9.1639e-08
9.1499e-08
9.1359e-08
9.1219e-08
9.1079e-08
9.094e-08
9.08e-08
9.0661e-08
9.0522e-08
9.0383e-08
9.0244e-08
9.0105e-08
8.9967e-08
8.9829e-08
8.9691e-08
8.9553e-08
8.9415e-08
8.9277e-08
8.914e-08
8.9003e-08
8.8866e-08
8.8729e-08
8.8592e-08
8.8456e-08
8.8319e-08
8.8183e-08
8.8047e-08
8.7911e-08
8.7775e-08
8.764e-08
8.7504e-08
8.7369e-08
8.7234e-08
8.7099e-08
8.6965e-08
8.683e-08
8.6696e-08
8.6561e-08
8.6427e-08
8.6293e-08
8.616e-08
8.6026e-08
8.5893e-08
8.576e-08
8.5627e-08
8.5494e-08
8.5361e-08
8.5228e-08
8.5096e-08
8.4964e-08
8.4832e-08
8.47e-08
8.4568e-08
8.4437e-08
8.4305e-08
8.4174e-08
8.4043e-08
8.3912e-08
8.3781e-08
8.3651e-08
8.352e-08
8.339e-08
8.326e-08
8.313e-08
8.3e-08
8.2871e-08
8.2741e-08
8.2612e-08
8.2483e-08
8.2354e-08
8.2225e-08
8.2096e-08
8.1968e-08
8.184e-08
8.1712e-08
8.1584e-08
8.1456e-08
8.1328e-08
8.1201e-08
8.1073e-08
8.0946e-08
8.0819e-08
8.0692e-08
8.0566e-08
8.0439e-08
8.0313e-08
8.0187e-08
8.0061e-08
7.9935e-08
7.9809e-08
7.9683e-08
7.9558e-08
7.9433e-08
7.9308e-08
7.9183e-08
7.9058e-08
7.8933e-08
7.8809e-08
7.8685e-08
7.856e-08
7.8437e-08
7.8313e-08
7.8189e-08
7.8066e-08
7.7942e-08
7.7819e-08
7.7696e-08
7.7573e-08
7.745e-08
7.7328e-08
7.7205e-08
7.7083e-08
7.6961e-08
7.6839e-08
7.6717e-08
7.6596e-08
7.6474e-08
7.6353e-08
7.6232e-08
7.6111e-08
7.599e-08
7.5869e-08
7.5749e-08
7.5629e-08
7.5508e-08
7.5388e-08
7.5268e-08
7.5149e-08
7.5029e-08
7.491e-08
7.479e-08
7.4671e-08
7.4552e-08
7.4433e-08
7.4315e-08
7.4196e-08
7.4078e-08
7.396e-08
7.3842e-08
7.3724e-08
7.3606e-08
7.3488e-08
7.3371e-08
7.3254e-08
7.3137e-08
7.302e-08
7.2903e-08
7.2786e-08
7.267e-08
7.2553e-08
7.2437e-08
7.2321e-08
7.2205e-08
7.2089e-08
7.1974e-08
7.1858e-08
7.1743e-08
7.1628e-08
7.1513e-08
7.1398e-08
7.1283e-08
7.1169e-08
7.1054e-08
7.094e-08
7.0826e-08
7.0712e-08
7.0598e-08
7.0484e-08
7.0371e-08
7.0258e-08
7.0144e-08
7.0031e-08
6.9918e-08
6.9806e-08
6.9693e-08
6.9581e-08
6.9468e-08
6.9356e-08
6.9244e-08
6.9132e-08
6.9021e-08
6.8909e-08
6.8798e-08
6.8686e-08
6.8575e-08
6.8464e-08
6.8353e-08
6.8243e-08
6.8132e-08
6.8022e-08
6.7912e-08
6.7801e-08
6.7692e-08
6.7582e-08
6.7472e-08
6.7363e-08
6.7253e-08
6.7144e-08
6.7035e-08
6.6926e-08
6.6817e-08
6.6709e-08
6.66e-08
6.6492e-08
6.6384e-08
6.6276e-08
6.6168e-08
6.606e-08
6.5952e-08
6.5845e-08
6.5737e-08
6.563e-08
6.5523e-08
6.5416e-08
6.531e-08
6.5203e-08
6.5097e-08
6.499e-08
6.4884e-08
6.4778e-08
6.4672e-08
6.4566e-08
6.4461e-08
6.4355e-08
6.425e-08
6.4145e-08
6.404e-08
6.3935e-08
6.383e-08
6.3726e-08
6.3621e-08
6.3517e-08
6.3413e-08
6.3309e-08
6.3205e-08
6.3101e-08
6.2997e-08
6.2894e-08
6.2791e-08
6.2687e-08
6.2584e-08
6.2482e-08
6.2379e-08
6.2276e-08
6.2174e-08
6.2071e-08
6.1969e-08
6.1867e-08
6.1765e-08
6.1663e-08
6.1562e-08
6.146e-08
6.1359e-08
6.1258e-08
6.1157e-08
6.1056e-08
6.0955e-08
6.0854e-08
6.0754e-08
6.0653e-08
6.0553e-08
6.0453e-08
6.0353e-08
6.0253e-08
6.0153e-08
6.0054e-08
5.9954e-08
5.9855e-08
5.9756e-08
5.9657e-08
5.9558e-08
5.9459e-08
5.9361e-08
5.9262e-08
5.9164e-08
5.9066e-08
5.8968e-08
5.887e-08
5.8772e-08
5.8675e-08
5.8577e-08
5.848e-08
5.8383e-08
5.8285e-08
5.8188e-08
5.8092e-08
5.7995e-08
5.7898e-08
5.7802e-08
5.7706e-08
5.761e-08
5.7514e-08
5.7418e-08
5.7322e-08
5.7226e-08
5.7131e-08
5.7036e-08
5.694e-08
5.6845e-08
5.6751e-08
5.6656e-08
5.6561e-08
5.6467e-08
5.6372e-08
5.6278e-08
5.6184e-08
5.609e-08
5.5996e-08
5.5902e-08
5.5809e-08
5.5715e-08
5.5622e-08
5.5529e-08
5.5436e-08
5.5343e-08
5.525e-08
5.5157e-08
5.5065e-08
5.4972e-08
5.488e-08
5.4788e-08
5.4696e-08
5.4604e-08
5.4512e-08
5.4421e-08
5.4329e-08
5.4238e-08
5.4147e-08
5.4056e-08
5.3965e-08
5.3874e-08
5.3783e-08
5.3693e-08
5.3602e-08
5.3512e-08
5.3422e-08
5.3332e-08
5.3242e-08
5.3152e-08
5.3063e-08
5.2973e-08
5.2884e-08
5.2795e-08
5.2705e-08
5.2616e-08
5.2528e-08
5.2439e-08
5.235e-08
5.2262e-08
5.2174e-08
5.2085e-08
5.1997e-08
5.1909e-08
5.1821e-08
5.1734e-08
5.1646e-08
5.1559e-08
5.1471e-08
5.1384e-08
5.1297e-08
5.121e-08
5.1124e-08
5.1037e-08
5.095e-08
5.0864e-08
5.0778e-08
5.0692e-08
5.0605e-08
5.052e-08
5.0434e-08
5.0348e-08
5.0263e-08
5.0177e-08
5.0092e-08
5.0007e-08
4.9922e-08
4.9837e-08
4.9752e-08
4.9668e-08
4.9583e-08
4.9499e-08
4.9414e-08
4.933e-08
4.9246e-08
4.9162e-08
4.9079e-08
4.8995e-08
4.8912e-08
4.8828e-08
4.8745e-08
4.8662e-08
4.8579e-08
4.8496e-08
4.8413e-08
4.8331e-08
4.8248e-08
4.8166e-08
4.8083e-08
4.8001e-08
4.7919e-08
4.7838e-08
4.7756e-08
4.7674e-08
4.7593e-08
4.7511e-08
4.743e-08
4.7349e-08
4.7268e-08
4.7187e-08
4.7106e-08
4.7026e-08
4.6945e-08
4.6865e-08
4.6784e-08
4.6704e-08
4.6624e-08
4.6544e-08
4.6465e-08
4.6385e-08
4.6305e-08
4.6226e-08
4.6147e-08
4.6068e-08
4.5988e-08
4.591e-08
4.5831e-08
4.5752e-08
4.5674e-08
4.5595e-08
4.5517e-08
4.5439e-08
4.5361e-08
4.5283e-08
4.5205e-08
4.5127e-08
4.505e-08
4.4972e-08
4.4895e-08
4.4818e-08
4.474e-08
4.4663e-08
4.4587e-08
4.451e-08
4.4433e-08
4.4357e-08
4.428e-08
4.4204e-08
4.4128e-08
4.4052e-08
4.3976e-08
4.39e-08
4.3825e-08
4.3749e-08
4.3674e-08
4.3598e-08
4.3523e-08
4.3448e-08
4.3373e-08
4.3298e-08
4.3224e-08
4.3149e-08
4.3075e-08
4.3e-08
4.2926e-08
4.2852e-08
4.2778e-08
4.2704e-08
4.2631e-08
4.2557e-08
4.2483e-08
4.241e-08
4.2337e-08
4.2264e-08
4.2191e-08
4.2118e-08
4.2045e-08
4.1972e-08
4.19e-08
4.1827e-08
4.1755e-08
4.1683e-08
4.1611e-08
4.1539e-08
4.1467e-08
4.1395e-08
4.1323e-08
4.1252e-08
4.118e-08
4.1109e-08
4.1038e-08
4.0967e-08
4.0896e-08
4.0825e-08
4.0755e-08
4.0684e-08
4.0614e-08
4.0543e-08
4.0473e-08
4.0403e-08
4.0333e-08
4.0263e-08
4.0193e-08
4.0124e-08
4.0054e-08
3.9985e-08
3.9915e-08
3.9846e-08
3.9777e-08
3.9708e-08
3.9639e-08
3.9571e-08
3.9502e-08
3.9434e-08
3.9365e-08
3.9297e-08
3.9229e-08
3.9161e-08
3.9093e-08
3.9025e-08
3.8958e-08
3.889e-08
3.8823e-08
3.8755e-08
3.8688e-08
3.8621e-08
3.8554e-08
3.8487e-08
3.842e-08
3.8354e-08
3.8287e-08
3.8221e-08
3.8154e-08
3.8088e-08
3.8022e-08
3.7956e-08
3.789e-08
3.7825e-08
3.7759e-08
3.7694e-08
3.7628e-08
3.7563e-08
3.7498e-08
3.7433e-08
3.7368e-08
3.7303e-08
3.7238e-08
3.7174e-08
3.7109e-08
3.7045e-08
3.6981e-08
3.6916e-08
3.6852e-08
3.6789e-08
3.6725e-08
3.6661e-08
3.6597e-08
3.6534e-08
3.6471e-08
3.6407e-08
3.6344e-08
3.6281e-08
3.6218e-08
3.6156e-08
3.6093e-08
3.603e-08
3.5968e-08
3.5906e-08
3.5843e-08
3.5781e-08
3.5719e-08
3.5657e-08
3.5596e-08
3.5534e-08
3.5472e-08
3.5411e-08
3.535e-08
3.5288e-08
3.5227e-08
3.5166e-08
3.5106e-08
3.5045e-08
3.4984e-08
3.4924e-08
3.4863e-08
3.4803e-08
3.4743e-08
3.4683e-08
3.4623e-08
3.4563e-08
3.4503e-08
3.4443e-08
3.4384e-08
3.4324e-08
3.4265e-08
3.4206e-08
3.4147e-08
3.4088e-08
3.4029e-08
3.397e-08
3.3911e-08
3.3853e-08
3.3794e-08
3.3736e-08
3.3678e-08
3.362e-08
3.3562e-08
3.3504e-08
3.3446e-08
3.3389e-08
3.3331e-08
3.3274e-08
3.3216e-08
3.3159e-08
3.3102e-08
3.3045e-08
3.2988e-08
3.2931e-08
3.2875e-08
3.2818e-08
3.2762e-08
3.2705e-08
3.2649e-08
3.2593e-08
3.2537e-08
3.2481e-08
3.2425e-08
3.237e-08
3.2314e-08
3.2259e-08
3.2203e-08
3.2148e-08
3.2093e-08
3.2038e-08
3.1983e-08
3.1928e-08
3.1874e-08
3.1819e-08
3.1765e-08
3.171e-08
3.1656e-08
3.1602e-08
3.1548e-08
3.1494e-08
3.144e-08
3.1387e-08
3.1333e-08
3.1279e-08
3.1226e-08
3.1173e-08
3.112e-08
3.1067e-08
3.1014e-08
3.0961e-08
3.0908e-08
3.0856e-08
3.0803e-08
3.0751e-08
3.0699e-08
3.0646e-08
3.0594e-08
3.0542e-08
3.0491e-08
3.0439e-08
3.0387e-08
3.0336e-08
3.0284e-08
3.0233e-08
3.0182e-08
3.0131e-08
3.008e-08
3.0029e-08
2.9978e-08
2.9928e-08
2.9877e-08
2.9827e-08
2.9776e-08
2.9726e-08
2.9676e-08
2.9626e-08
2.9576e-08
2.9527e-08
2.9477e-08
2.9427e-08
2.9378e-08
2.9329e-08
2.9279e-08
2.923e-08
2.9181e-08
2.9133e-08
2.9084e-08
2.9035e-08
2.8987e-08
2.8938e-08
2.889e-08
2.8842e-08
2.8793e-08
2.8745e-08
2.8698e-08
2.865e-08
2.8602e-08
2.8555e-08
2.8507e-08
2.846e-08
2.8412e-08
2.8365e-08
2.8318e-08
2.8271e-08
2.8225e-08
2.8178e-08
2.8131e-08
2.8085e-08
2.8039e-08
2.7992e-08
2.7946e-08
2.79e-08
2.7854e-08
2.7808e-08
2.7763e-08
2.7717e-08
2.7672e-08
2.7626e-08
2.7581e-08
2.7536e-08
2.7491e-08
2.7446e-08
2.7401e-08
2.7356e-08
2.7312e-08
2.7267e-08
2.7223e-08
2.7178e-08
2.7134e-08
2.709e-08
2.7046e-08
2.7002e-08
2.6959e-08
2.6915e-08
2.6872e-08
2.6828e-08
2.6785e-08
2.6742e-08
2.6699e-08
2.6656e-08
2.6613e-08
2.657e-08
2.6527e-08
2.6485e-08
2.6442e-08
2.64e-08
2.6358e-08
2.6316e-08
2.6274e-08
2.6232e-08
2.619e-08
2.6149e-08
2.6107e-08
2.6066e-08
2.6024e-08
2.5983e-08
2.5942e-08
2.5901e-08
2.586e-08
2.5819e-08
2.5779e-08
2.5738e-08
2.5698e-08
2.5658e-08
2.5617e-08
2.5577e-08
2.5537e-08
2.5497e-08
2.5458e-08
2.5418e-08
2.5378e-08
2.5339e-08
2.53e-08
2.526e-08
2.5221e-08
2.5182e-08
2.5144e-08
2.5105e-08
2.5066e-08
2.5028e-08
2.4989e-08
2.4951e-08
2.4913e-08
2.4875e-08
2.4837e-08
2.4799e-08
2.4761e-08
2.4723e-08
2.4686e-08
2.4648e-08
2.4611e-08
2.4574e-08
2.4537e-08
2.45e-08
2.4463e-08
2.4426e-08
2.439e-08
2.4353e-08
2.4317e-08
2.428e-08
2.4244e-08
2.4208e-08
2.4172e-08
2.4136e-08
2.4101e-08
2.4065e-08
2.403e-08
2.3994e-08
2.3959e-08
2.3924e-08
2.3889e-08
2.3854e-08
2.3819e-08
2.3784e-08
2.375e-08
2.3715e-08
2.3681e-08
2.3647e-08
2.3613e-08
2.3579e-08
2.3545e-08
2.3511e-08
2.3477e-08
2.3444e-08
2.341e-08
2.3377e-08
2.3344e-08
2.3311e-08
2.3278e-08
2.3245e-08
2.3212e-08
2.3179e-08
2.3147e-08
2.3114e-08
2.3082e-08
2.305e-08
2.3018e-08
2.2986e-08
2.2954e-08
2.2922e-08
2.2891e-08
2.2859e-08
2.2828e-08
2.2797e-08
2.2766e-08
2.2735e-08
2.2704e-08
2.2673e-08
2.2642e-08
2.2612e-08
2.2581e-08
2.2551e-08
2.2521e-08
2.2491e-08
2.2461e-08
2.2431e-08
2.2401e-08
2.2372e-08
2.2342e-08
2.2313e-08
2.2283e-08
2.2254e-08
2.2225e-08
2.2196e-08
2.2168e-08
2.2139e-08
2.2111e-08
2.2082e-08
2.2054e-08
2.2026e-08
2.1998e-08
2.197e-08
2.1942e-08
2.1914e-08
2.1887e-08
2.1859e-08
2.1832e-08
2.1805e-08
2.1777e-08
2.175e-08
2.1724e-08
2.1697e-08
2.167e-08
2.1644e-08
2.1617e-08
2.1591e-08
2.1565e-08
2.1539e-08
2.1513e-08
2.1487e-08
2.1462e-08
2.1436e-08
2.1411e-08
2.1386e-08
2.1361e-08
2.1335e-08
2.1311e-08
2.1286e-08
2.1261e-08
2.1237e-08
2.1212e-08
2.1188e-08
2.1164e-08
2.114e-08
2.1116e-08
2.1092e-08
2.1068e-08
2.1045e-08
2.1021e-08
2.0998e-08
2.0975e-08
2.0952e-08
2.0929e-08
2.0906e-08
2.0884e-08
2.0861e-08
2.0839e-08
2.0816e-08
2.0794e-08
2.0772e-08
2.075e-08
2.0729e-08
2.0707e-08
2.0685e-08
2.0664e-08
2.0643e-08
2.0622e-08
2.0601e-08
2.058e-08
2.0559e-08
2.0538e-08
2.0518e-08
2.0498e-08
2.0477e-08
2.0457e-08
2.0437e-08
2.0418e-08
2.0398e-08
2.0378e-08
2.0359e-08
2.0339e-08
2.032e-08
2.0301e-08
2.0282e-08
2.0264e-08
2.0245e-08
2.0226e-08
2.0208e-08
2.019e-08
2.0172e-08
2.0154e-08
2.0136e-08
2.0118e-08
2.01e-08
2.0083e-08
2.0066e-08
2.0048e-08
2.0031e-08
2.0014e-08
1.9998e-08
1.9981e-08
1.9964e-08
1.9948e-08
1.9932e-08
1.9916e-08
1.99e-08
1.9884e-08
1.9868e-08
1.9853e-08
1.9837e-08
1.9822e-08
1.9807e-08
1.9792e-08
1.9777e-08
1.9762e-08
1.9747e-08
1.9733e-08
1.9719e-08
1.9704e-08
1.969e-08
1.9676e-08
1.9663e-08
1.9649e-08
1.9635e-08
1.9622e-08
1.9609e-08
1.9596e-08
1.9583e-08
1.957e-08
1.9557e-08
1.9545e-08
1.9533e-08
1.952e-08
1.9508e-08
1.9496e-08
1.9485e-08
1.9473e-08
1.9461e-08
1.945e-08
1.9439e-08
1.9428e-08
1.9417e-08
1.9406e-08
1.9395e-08
1.9385e-08
1.9375e-08
1.9364e-08
1.9354e-08
1.9344e-08
1.9335e-08
1.9325e-08
1.9316e-08
1.9306e-08
1.9297e-08
1.9288e-08
1.9279e-08
1.927e-08
1.9262e-08
1.9253e-08
1.9245e-08
1.9237e-08
1.9229e-08
1.9221e-08
1.9214e-08
1.9206e-08
1.9199e-08
1.9191e-08
1.9184e-08
1.9177e-08
1.9171e-08
1.9164e-08
1.9158e-08
1.9151e-08
1.9145e-08
1.9139e-08
1.9133e-08
1.9128e-08
1.9122e-08
1.9117e-08
1.9112e-08
1.9106e-08
1.9102e-08
1.9097e-08
1.9092e-08
1.9088e-08
1.9084e-08
1.9079e-08
1.9075e-08
1.9072e-08
1.9068e-08
1.9065e-08
1.9061e-08
1.9058e-08
1.9055e-08
1.9052e-08
1.905e-08
1.9047e-08
1.9045e-08
1.9043e-08
1.904e-08
1.9039e-08
1.9037e-08
1.9035e-08
1.9034e-08
1.9033e-08
1.9032e-08
1.9031e-08
1.903e-08
1.903e-08
1.9029e-08
1.9029e-08
1.9029e-08
1.9029e-08
1.9029e-08
1.903e-08
1.9031e-08
1.9031e-08
1.9032e-08
1.9033e-08
1.9035e-08
1.9036e-08
1.9038e-08
1.904e-08
1.9042e-08
1.9044e-08
1.9046e-08
1.9049e-08
1.9051e-08
1.9054e-08
1.9057e-08
1.906e-08
1.9064e-08
1.9067e-08
1.9071e-08
1.9075e-08
1.9079e-08
1.9083e-08
1.9088e-08
1.9092e-08
1.9097e-08
1.9102e-08
1.9107e-08
1.9113e-08
1.9118e-08
1.9124e-08
1.913e-08
1.9136e-08
1.9142e-08
1.9148e-08
1.9155e-08
1.9162e-08
1.9169e-08
1.9176e-08
1.9183e-08
1.9191e-08
1.9198e-08
1.9206e-08
1.9214e-08
1.9223e-08
1.9231e-08
1.924e-08
1.9249e-08
1.9258e-08
1.9267e-08
1.9276e-08
1.9286e-08
1.9296e-08
1.9306e-08
1.9316e-08
1.9326e-08
1.9337e-08
1.9347e-08
1.9358e-08
1.9369e-08
1.9381e-08
1.9392e-08
1.9404e-08
1.9416e-08
1.9428e-08
1.944e-08
1.9453e-08
1.9465e-08
1.9478e-08
1.9491e-08
1.9505e-08
1.9518e-08
1.9532e-08
1.9546e-08
1.956e-08
1.9574e-08
1.9588e-08
1.9603e-08
1.9618e-08
1.9633e-08
1.9648e-08
1.9664e-08
1.968e-08
1.9696e-08
1.9712e-08
1.9728e-08
1.9745e-08
1.9761e-08
1.9778e-08
1.9795e-08
1.9813e-08
1.983e-08
1.9848e-08
1.9866e-08
1.9884e-08
1.9903e-08
1.9922e-08
1.994e-08
1.9959e-08
1.9979e-08
1.9998e-08
2.0018e-08
2.0038e-08
2.0058e-08
2.0078e-08
2.0099e-08
2.012e-08
2.0141e-08
2.0162e-08
2.0184e-08
2.0205e-08
2.0227e-08
2.0249e-08
2.0272e-08
2.0294e-08
2.0317e-08
2.034e-08
2.0363e-08
2.0387e-08
2.0411e-08
2.0434e-08
2.0459e-08
2.0483e-08
2.0508e-08
2.0532e-08
2.0558e-08
2.0583e-08
2.0608e-08
2.0634e-08
2.066e-08
2.0686e-08
2.0713e-08
2.074e-08
2.0767e-08
2.0794e-08
2.0821e-08
2.0849e-08
2.0877e-08
2.0905e-08
2.0933e-08
2.0962e-08
2.0991e-08
2.102e-08
2.1049e-08
2.1079e-08
2.1109e-08
2.1139e-08
2.1169e-08
2.12e-08
2.123e-08
2.1261e-08
2.1293e-08
2.1324e-08
2.1356e-08
2.1388e-08
2.142e-08
2.1453e-08
2.1486e-08
2.1519e-08
2.1552e-08
2.1586e-08
2.162e-08
2.1654e-08
2.1688e-08
2.1723e-08
2.1757e-08
2.1792e-08
2.1828e-08
2.1863e-08
2.1899e-08
2.1935e-08
2.1972e-08
2.2009e-08
2.2046e-08
2.2083e-08
2.212e-08
2.2158e-08
2.2196e-08
2.2234e-08
2.2273e-08
2.2311e-08
2.2351e-08
2.239e-08
2.243e-08
2.2469e-08
2.251e-08
2.255e-08
2.2591e-08
2.2632e-08
2.2673e-08
2.2714e-08
2.2756e-08
2.2798e-08
2.2841e-08
2.2883e-08
2.2926e-08
2.297e-08
2.3013e-08
2.3057e-08
2.3101e-08
2.3145e-08
2.319e-08
2.3235e-08
2.328e-08
2.3325e-08
2.3371e-08
2.3417e-08
2.3464e-08
2.351e-08
2.3557e-08
2.3605e-08
2.3652e-08
2.37e-08
2.3748e-08
2.3797e-08
2.3845e-08
2.3894e-08
2.3944e-08
2.3993e-08
2.4043e-08
2.4093e-08
2.4144e-08
2.4195e-08
2.4246e-08
2.4297e-08
2.4349e-08
2.4401e-08
2.4454e-08
2.4506e-08
2.4559e-08
2.4612e-08
2.4666e-08
2.472e-08
2.4774e-08
2.4829e-08
2.4884e-08
2.4939e-08
2.4994e-08
2.505e-08
2.5106e-08
2.5163e-08
2.522e-08
2.5277e-08
2.5334e-08
2.5392e-08
2.545e-08
2.5508e-08
2.5567e-08
2.5626e-08
2.5686e-08
2.5745e-08
2.5805e-08
2.5866e-08
2.5927e-08
2.5988e-08
2.6049e-08
2.6111e-08
2.6173e-08
2.6235e-08
2.6298e-08
2.6361e-08
2.6424e-08
2.6488e-08
2.6552e-08
2.6617e-08
2.6682e-08
2.6747e-08
2.6812e-08
2.6878e-08
2.6944e-08
2.7011e-08
2.7078e-08
2.7145e-08
2.7213e-08
2.7281e-08
2.7349e-08
2.7418e-08
2.7487e-08
2.7556e-08
2.7626e-08
2.7696e-08
2.7766e-08
2.7837e-08
2.7909e-08
2.798e-08
2.8052e-08
2.8124e-08
2.8197e-08
2.827e-08
2.8344e-08
2.8417e-08
2.8492e-08
2.8566e-08
2.8641e-08
2.8716e-08
2.8792e-08
2.8868e-08
2.8944e-08
2.9021e-08
2.9099e-08
2.9176e-08
2.9254e-08
2.9332e-08
2.9411e-08
2.949e-08
2.957e-08
2.965e-08
2.973e-08
2.9811e-08
2.9892e-08
2.9973e-08
3.0055e-08
3.0138e-08
3.022e-08
3.0303e-08
3.0387e-08
3.0471e-08
3.0555e-08
3.064e-08
3.0725e-08
3.0811e-08
3.0896e-08
3.0983e-08
3.107e-08
3.1157e-08
3.1244e-08
3.1332e-08
3.1421e-08
3.151e-08
3.1599e-08
3.1689e-08
3.1779e-08
3.1869e-08
3.196e-08
3.2052e-08
3.2143e-08
3.2236e-08
3.2328e-08
3.2421e-08
3.2515e-08
3.2609e-08
3.2703e-08
3.2798e-08
3.2894e-08
3.2989e-08
3.3085e-08
3.3182e-08
3.3279e-08
3.3377e-08
3.3475e-08
3.3573e-08
3.3672e-08
3.3771e-08
3.3871e-08
3.3971e-08
3.4072e-08
3.4173e-08
3.4274e-08
3.4376e-08
3.4479e-08
3.4582e-08
3.4685e-08
3.4789e-08
3.4893e-08
3.4998e-08
3.5104e-08
3.5209e-08
3.5315e-08
3.5422e-08
3.5529e-08
3.5637e-08
3.5745e-08
3.5854e-08
3.5963e-08
3.6072e-08
3.6182e-08
3.6293e-08
3.6404e-08
3.6515e-08
3.6627e-08
3.674e-08
3.6853e-08
3.6966e-08
3.708e-08
3.7195e-08
3.731e-08
3.7425e-08
3.7541e-08
3.7658e-08
3.7775e-08
3.7892e-08
3.801e-08
3.8129e-08
3.8248e-08
3.8367e-08
3.8487e-08
3.8608e-08
3.8729e-08
3.8851e-08
3.8973e-08
3.9095e-08
3.9218e-08
3.9342e-08
3.9466e-08
3.9591e-08
3.9716e-08
3.9842e-08
3.9969e-08
4.0095e-08
4.0223e-08
4.0351e-08
4.0479e-08
4.0608e-08
4.0738e-08
4.0868e-08
4.0999e-08
4.113e-08
4.1262e-08
4.1394e-08
4.1527e-08
4.166e-08
4.1794e-08
4.1929e-08
4.2064e-08
4.22e-08
4.2336e-08
4.2473e-08
4.261e-08
4.2748e-08
4.2886e-08
4.3025e-08
4.3165e-08
4.3305e-08
4.3446e-08
4.3588e-08
4.3729e-08
4.3872e-08
4.4015e-08
4.4159e-08
4.4303e-08
4.4448e-08
4.4594e-08
4.474e-08
4.4886e-08
4.5034e-08
4.5182e-08
4.533e-08
4.5479e-08
4.5629e-08
4.5779e-08
4.593e-08
4.6081e-08
4.6234e-08
4.6386e-08
4.654e-08
4.6694e-08
4.6848e-08
4.7004e-08
4.7159e-08
4.7316e-08
4.7473e-08
4.7631e-08
4.7789e-08
4.7948e-08
4.8108e-08
4.8268e-08
4.8429e-08
4.859e-08
4.8753e-08
4.8915e-08
4.9079e-08
4.9243e-08
4.9408e-08
4.9573e-08
4.9739e-08
4.9906e-08
5.0073e-08
5.0242e-08
5.041e-08
5.058e-08
5.075e-08
5.092e-08
5.1092e-08
5.1264e-08
5.1437e-08
5.161e-08
5.1784e-08
5.1959e-08
5.2134e-08
5.2311e-08
5.2487e-08
5.2665e-08
5.2843e-08
5.3022e-08
5.3202e-08
5.3382e-08
5.3563e-08
5.3745e-08
5.3927e-08
5.411e-08
5.4294e-08
5.4479e-08
5.4664e-08
5.485e-08
5.5037e-08
5.5224e-08
5.5412e-08
5.5601e-08
5.5791e-08
5.5981e-08
5.6172e-08
5.6364e-08
5.6557e-08
5.675e-08
5.6944e-08
5.7139e-08
5.7334e-08
5.753e-08
5.7727e-08
5.7925e-08
5.8123e-08
5.8323e-08
5.8523e-08
5.8723e-08
5.8925e-08
5.9127e-08
5.933e-08
5.9534e-08
5.9739e-08
5.9944e-08
6.015e-08
6.0357e-08
6.0565e-08
6.0773e-08
6.0983e-08
6.1193e-08
6.1404e-08
6.1615e-08
6.1828e-08
6.2041e-08
6.2255e-08
6.247e-08
6.2685e-08
6.2902e-08
6.3119e-08
6.3337e-08
6.3556e-08
6.3776e-08
6.3996e-08
6.4218e-08
6.444e-08
6.4663e-08
6.4887e-08
6.5111e-08
6.5337e-08
6.5563e-08
6.5791e-08
6.6019e-08
6.6247e-08
6.6477e-08
6.6708e-08
6.6939e-08
6.7171e-08
6.7404e-08
6.7638e-08
6.7873e-08
6.8109e-08
6.8346e-08
6.8583e-08
6.8821e-08
6.9061e-08
6.9301e-08
6.9542e-08
6.9784e-08
7.0026e-08
7.027e-08
7.0514e-08
7.076e-08
7.1006e-08
7.1253e-08
7.1501e-08
7.175e-08
7.2e-08
7.2251e-08
7.2503e-08
7.2756e-08
7.3009e-08
7.3264e-08
7.3519e-08
7.3775e-08
7.4033e-08
7.4291e-08
7.455e-08
7.481e-08
7.5071e-08
7.5333e-08
7.5596e-08
7.586e-08
7.6125e-08
7.639e-08
7.6657e-08
7.6925e-08
7.7193e-08
7.7463e-08
7.7734e-08
7.8005e-08
7.8278e-08
7.8551e-08
7.8826e-08
7.9101e-08
7.9377e-08
7.9655e-08
7.9933e-08
8.0213e-08
8.0493e-08
8.0775e-08
8.1057e-08
8.134e-08
8.1625e-08
8.191e-08
8.2197e-08
8.2484e-08
8.2773e-08
8.3062e-08
8.3353e-08
8.3644e-08
8.3937e-08
8.4231e-08
8.4525e-08
8.4821e-08
8.5118e-08
8.5416e-08
8.5715e-08
8.6015e-08
8.6316e-08
8.6618e-08
8.6921e-08
8.7225e-08
8.753e-08
8.7837e-08
8.8144e-08
8.8452e-08
8.8762e-08
8.9073e-08
8.9384e-08
8.9697e-08
9.0011e-08
9.0326e-08
9.0642e-08
9.096e-08
9.1278e-08
9.1597e-08
9.1918e-08
9.224e-08
9.2562e-08
9.2886e-08
9.3211e-08
9.3538e-08
9.3865e-08
9.4193e-08
9.4523e-08
9.4854e-08
9.5186e-08
9.5519e-08
9.5853e-08
9.6188e-08
9.6525e-08
9.6862e-08
9.7201e-08
9.7541e-08
9.7883e-08
9.8225e-08
9.8568e-08
9.8913e-08
9.9259e-08
9.9606e-08
9.9955e-08
1.003e-07
1.0065e-07
1.0101e-07
1.0136e-07
1.0171e-07
1.0207e-07
1.0243e-07
1.0278e-07
1.0314e-07
1.035e-07
1.0387e-07
1.0423e-07
1.0459e-07
1.0496e-07
1.0533e-07
1.0569e-07
1.0606e-07
1.0643e-07
1.068e-07
1.0718e-07
1.0755e-07
1.0793e-07
1.083e-07
1.0868e-07
1.0906e-07
1.0944e-07
1.0982e-07
1.1021e-07
1.1059e-07
1.1098e-07
1.1136e-07
1.1175e-07
1.1214e-07
1.1253e-07
1.1293e-07
1.1332e-07
1.1371e-07
1.1411e-07
1.1451e-07
1.1491e-07
1.1531e-07
1.1571e-07
1.1611e-07
1.1652e-07
1.1692e-07
1.1733e-07
1.1774e-07
1.1815e-07
1.1856e-07
1.1897e-07
1.1939e-07
1.198e-07
1.2022e-07
1.2064e-07
1.2106e-07
1.2148e-07
1.219e-07
1.2232e-07
1.2275e-07
1.2318e-07
1.236e-07
1.2403e-07
1.2446e-07
1.249e-07
1.2533e-07
1.2577e-07
1.262e-07
1.2664e-07
1.2708e-07
1.2752e-07
1.2796e-07
1.2841e-07
1.2885e-07
1.293e-07
1.2975e-07
1.302e-07
1.3065e-07
1.311e-07
1.3156e-07
1.3201e-07
1.3247e-07
1.3293e-07
1.3339e-07
1.3385e-07
1.3431e-07
1.3478e-07
1.3524e-07
1.3571e-07
1.3618e-07
1.3665e-07
1.3713e-07
1.376e-07
1.3808e-07
1.3855e-07
1.3903e-07
1.3951e-07
1.3999e-07
1.4048e-07
1.4096e-07
1.4145e-07
1.4194e-07
1.4243e-07
1.4292e-07
1.4341e-07
1.4391e-07
1.444e-07
1.449e-07
1.454e-07
1.459e-07
1.464e-07
1.4691e-07
1.4742e-07
1.4792e-07
1.4843e-07
1.4894e-07
1.4946e-07
1.4997e-07
1.5049e-07
1.51e-07
1.5152e-07
1.5204e-07
1.5257e-07
1.5309e-07
1.5362e-07
1.5414e-07
1.5467e-07
1.5521e-07
1.5574e-07
1.5627e-07
1.5681e-07
1.5735e-07
1.5789e-07
1.5843e-07
1.5897e-07
1.5952e-07
1.6006e-07
1.6061e-07
1.6116e-07
1.6171e-07
1.6227e-07
1.6282e-07
1.6338e-07
1.6394e-07
1.645e-07
1.6506e-07
1.6563e-07
1.6619e-07
1.6676e-07
1.6733e-07
1.679e-07
1.6848e-07
1.6905e-07
1.6963e-07
1.7021e-07
1.7079e-07
1.7137e-07
1.7196e-07
1.7254e-07
1.7313e-07
1.7372e-07
1.7431e-07
1.7491e-07
1.755e-07
1.761e-07
1.767e-07
1.773e-07
1.7791e-07
1.7851e-07
1.7912e-07
1.7973e-07
1.8034e-07
1.8095e-07
1.8157e-07
1.8218e-07
1.828e-07
1.8342e-07
1.8404e-07
1.8467e-07
1.853e-07
1.8592e-07
1.8655e-07
1.8719e-07
1.8782e-07
1.8846e-07
1.891e-07
1.8974e-07
1.9038e-07
1.9102e-07
1.9167e-07
1.9232e-07
1.9297e-07
1.9362e-07
1.9428e-07
1.9493e-07
1.9559e-07
1.9625e-07
1.9691e-07
1.9758e-07
1.9825e-07
1.9892e-07
1.9959e-07
2.0026e-07
2.0093e-07
2.0161e-07
2.0229e-07
2.0297e-07
2.0366e-07
2.0434e-07
2.0503e-07
2.0572e-07
2.0641e-07
2.0711e-07
2.078e-07
2.085e-07
2.092e-07
2.0991e-07
2.1061e-07
2.1132e-07
2.1203e-07
2.1274e-07
2.1345e-07
2.1417e-07
2.1489e-07
2.1561e-07
2.1633e-07
2.1705e-07
2.1778e-07
2.1851e-07
2.1924e-07
2.1998e-07
2.2071e-07
2.2145e-07
2.2219e-07
2.2293e-07
2.2368e-07
2.2443e-07
2.2518e-07
2.2593e-07
2.2668e-07
2.2744e-07
2.282e-07
2.2896e-07
2.2972e-07
2.3049e-07
2.3126e-07
2.3203e-07
2.328e-07
2.3357e-07
2.3435e-07
2.3513e-07
2.3591e-07
2.367e-07
2.3749e-07
2.3828e-07
2.3907e-07
2.3986e-07
2.4066e-07
2.4146e-07
2.4226e-07
2.4306e-07
2.4387e-07
2.4468e-07
2.4549e-07
2.463e-07
2.4712e-07
2.4794e-07
2.4876e-07
2.4958e-07
2.5041e-07
2.5124e-07
2.5207e-07
2.529e-07
2.5374e-07
2.5457e-07
2.5541e-07
2.5626e-07
2.571e-07
2.5795e-07
2.588e-07
2.5966e-07
2.6051e-07
2.6137e-07
2.6223e-07
2.631e-07
2.6396e-07
2.6483e-07
2.657e-07
2.6658e-07
2.6746e-07
2.6834e-07
2.6922e-07
2.701e-07
2.7099e-07
2.7188e-07
2.7277e-07
2.7367e-07
2.7456e-07
2.7547e-07
2.7637e-07
2.7727e-07
2.7818e-07
2.7909e-07
2.8001e-07
2.8093e-07
2.8184e-07
2.8277e-07
2.8369e-07
2.8462e-07
2.8555e-07
2.8648e-07
2.8742e-07
2.8836e-07
2.893e-07
2.9024e-07
2.9119e-07
2.9214e-07
2.9309e-07
2.9405e-07
2.9501e-07
2.9597e-07
2.9693e-07
2.979e-07
2.9887e-07
2.9984e-07
3.0081e-07
3.0179e-07
3.0277e-07
3.0376e-07
3.0474e-07
3.0573e-07
3.0672e-07
3.0772e-07
3.0872e-07
3.0972e-07
3.1072e-07
3.1173e-07
3.1274e-07
3.1375e-07
3.1477e-07
3.1579e-07
3.1681e-07
3.1783e-07
3.1886e-07
3.1989e-07
3.2093e-07
3.2196e-07
3.23e-07
3.2404e-07
3.2509e-07
3.2614e-07
3.2719e-07
3.2824e-07
3.293e-07
3.3036e-07
3.3143e-07
3.3249e-07
3.3356e-07
3.3464e-07
3.3571e-07
3.3679e-07
3.3788e-07
3.3896e-07
3.4005e-07
3.4114e-07
3.4224e-07
3.4333e-07
3.4444e-07
3.4554e-07
3.4665e-07
3.4776e-07
3.4887e-07
3.4999e-07
3.5111e-07
3.5223e-07
3.5336e-07
3.5449e-07
3.5562e-07
3.5676e-07
3.579e-07
3.5904e-07
3.6019e-07
3.6134e-07
3.6249e-07
3.6365e-07
3.6481e-07
3.6597e-07
3.6714e-07
3.683e-07
3.6948e-07
3.7065e-07
3.7183e-07
3.7302e-07
3.742e-07
3.7539e-07
3.7658e-07
3.7778e-07
3.7898e-07
3.8018e-07
3.8139e-07
3.826e-07
3.8381e-07
3.8503e-07
3.8625e-07
3.8747e-07
3.887e-07
3.8993e-07
3.9116e-07
3.924e-07
3.9364e-07
3.9488e-07
3.9613e-07
3.9738e-07
3.9864e-07
3.999e-07
4.0116e-07
4.0242e-07
4.0369e-07
4.0496e-07
4.0624e-07
4.0752e-07
4.088e-07
4.1009e-07
4.1138e-07
4.1267e-07
4.1397e-07
4.1527e-07
4.1658e-07
4.1789e-07
4.192e-07
4.2051e-07
4.2183e-07
4.2316e-07
4.2448e-07
4.2581e-07
4.2715e-07
4.2849e-07
4.2983e-07
4.3117e-07
4.3252e-07
4.3388e-07
4.3523e-07
4.3659e-07
4.3796e-07
4.3932e-07
4.407e-07
4.4207e-07
4.4345e-07
4.4483e-07
4.4622e-07
4.4761e-07
4.4901e-07
4.504e-07
4.5181e-07
4.5321e-07
4.5462e-07
4.5604e-07
4.5745e-07
4.5888e-07
4.603e-07
4.6173e-07
4.6316e-07
4.646e-07
4.6604e-07
4.6749e-07
4.6894e-07
4.7039e-07
4.7185e-07
4.7331e-07
4.7477e-07
4.7624e-07
4.7772e-07
4.7919e-07
4.8067e-07
4.8216e-07
4.8365e-07
4.8514e-07
4.8664e-07
4.8814e-07
4.8965e-07
4.9115e-07
4.9267e-07
4.9419e-07
4.9571e-07
4.9723e-07
4.9876e-07
5.003e-07
5.0184e-07
5.0338e-07
5.0493e-07
5.0648e-07
5.0803e-07
5.0959e-07
5.1116e-07
5.1272e-07
5.143e-07
5.1587e-07
5.1745e-07
5.1904e-07
5.2063e-07
5.2222e-07
5.2382e-07
5.2542e-07
5.2703e-07
5.2864e-07
5.3025e-07
5.3187e-07
5.3349e-07
5.3512e-07
5.3675e-07
5.3839e-07
5.4003e-07
5.4168e-07
5.4333e-07
5.4498e-07
5.4664e-07
5.483e-07
5.4997e-07
5.5164e-07
5.5332e-07
5.55e-07
5.5668e-07
5.5837e-07
5.6007e-07
5.6177e-07
5.6347e-07
5.6518e-07
5.6689e-07
5.6861e-07
5.7033e-07
5.7206e-07
5.7379e-07
5.7552e-07
5.7726e-07
5.7901e-07
5.8076e-07
5.8251e-07
5.8427e-07
5.8603e-07
5.878e-07
5.8957e-07
5.9135e-07
5.9313e-07
5.9491e-07
5.9671e-07
5.985e-07
6.003e-07
6.0211e-07
6.0392e-07
6.0573e-07
6.0755e-07
6.0938e-07
6.112e-07
6.1304e-07
6.1488e-07
6.1672e-07
6.1857e-07
6.2042e-07
6.2228e-07
6.2414e-07
6.2601e-07
6.2788e-07
6.2976e-07
6.3164e-07
6.3353e-07
6.3542e-07
6.3732e-07
6.3922e-07
6.4113e-07
6.4304e-07
6.4495e-07
6.4688e-07
6.488e-07
6.5073e-07
6.5267e-07
6.5461e-07
6.5656e-07
6.5851e-07
6.6047e-07
6.6243e-07
6.644e-07
6.6637e-07
6.6835e-07
6.7033e-07
6.7232e-07
6.7431e-07
6.7631e-07
6.7831e-07
6.8032e-07
6.8233e-07
6.8435e-07
6.8637e-07
6.884e-07
6.9043e-07
6.9247e-07
6.9452e-07
6.9657e-07
6.9862e-07
7.0068e-07
7.0275e-07
7.0482e-07
7.0689e-07
7.0897e-07
7.1106e-07
7.1315e-07
7.1525e-07
7.1735e-07
7.1946e-07
7.2157e-07
7.2369e-07
7.2582e-07
7.2794e-07
7.3008e-07
7.3222e-07
7.3437e-07
7.3652e-07
7.3867e-07
7.4083e-07
7.43e-07
7.4517e-07
7.4735e-07
7.4954e-07
7.5173e-07
7.5392e-07
7.5612e-07
7.5833e-07
7.6054e-07
7.6276e-07
7.6498e-07
7.6721e-07
7.6944e-07
7.7168e-07
7.7393e-07
7.7618e-07
7.7843e-07
7.807e-07
7.8296e-07
7.8524e-07
7.8752e-07
7.898e-07
7.9209e-07
7.9439e-07
7.9669e-07
7.99e-07
8.0131e-07
8.0363e-07
8.0596e-07
8.0829e-07
8.1062e-07
8.1297e-07
8.1532e-07
8.1767e-07
8.2003e-07
8.224e-07
8.2477e-07
8.2715e-07
8.2953e-07
8.3192e-07
8.3431e-07
8.3672e-07
8.3912e-07
8.4154e-07
8.4396e-07
8.4638e-07
8.4881e-07
8.5125e-07
8.5369e-07
8.5614e-07
8.586e-07
8.6106e-07
8.6353e-07
8.66e-07
8.6848e-07
8.7096e-07
8.7346e-07
8.7595e-07
8.7846e-07
8.8097e-07
8.8348e-07
8.8601e-07
8.8854e-07
8.9107e-07
8.9361e-07
8.9616e-07
8.9871e-07
9.0127e-07
9.0384e-07
9.0641e-07
9.0899e-07
9.1157e-07
9.1416e-07
9.1676e-07
9.1937e-07
9.2198e-07
9.2459e-07
9.2721e-07
9.2984e-07
9.3248e-07
9.3512e-07
9.3777e-07
9.4042e-07
9.4308e-07
9.4575e-07
9.4843e-07
9.5111e-07
9.5379e-07
9.5649e-07
9.5919e-07
9.6189e-07
9.6461e-07
9.6733e-07
9.7005e-07
9.7278e-07
9.7552e-07
9.7827e-07
9.8102e-07
9.8378e-07
9.8654e-07
9.8932e-07
9.921e-07
9.9488e-07
9.9767e-07
1.0005e-06
1.0033e-06
1.0061e-06
1.0089e-06
1.0117e-06
1.0146e-06
1.0174e-06
1.0203e-06
1.0231e-06
1.026e-06
1.0288e-06
1.0317e-06
1.0346e-06
1.0375e-06
1.0404e-06
1.0433e-06
1.0462e-06
1.0491e-06
1.052e-06
1.0549e-06
1.0579e-06
1.0608e-06
1.0638e-06
1.0667e-06
1.0697e-06
1.0726e-06
1.0756e-06
1.0786e-06
1.0816e-06
1.0846e-06
1.0876e-06
1.0906e-06
1.0936e-06
1.0967e-06
1.0997e-06
1.1027e-06
1.1058e-06
1.1088e-06
1.1119e-06
1.115e-06
1.118e-06
1.1211e-06
1.1242e-06
1.1273e-06
1.1304e-06
1.1335e-06
1.1366e-06
1.1398e-06
1.1429e-06
1.146e-06
1.1492e-06
1.1523e-06
1.1555e-06
1.1587e-06
1.1619e-06
1.165e-06
1.1682e-06
1.1714e-06
1.1746e-06
1.1779e-06
1.1811e-06
1.1843e-06
1.1875e-06
1.1908e-06
1.194e-06
1.1973e-06
1.2006e-06
1.2038e-06
1.2071e-06
1.2104e-06
1.2137e-06
1.217e-06
1.2203e-06
1.2236e-06
1.227e-06
1.2303e-06
1.2337e-06
1.237e-06
1.2404e-06
1.2437e-06
1.2471e-06
1.2505e-06
1.2539e-06
1.2573e-06
1.2607e-06
1.2641e-06
1.2675e-06
1.2709e-06
1.2744e-06
1.2778e-06
1.2813e-06
1.2847e-06
1.2882e-06
1.2917e-06
1.2951e-06
1.2986e-06
1.3021e-06
1.3056e-06
1.3091e-06
1.3127e-06
1.3162e-06
1.3197e-06
1.3233e-06
1.3268e-06
1.3304e-06
1.334e-06
1.3375e-06
1.3411e-06
1.3447e-06
1.3483e-06
1.3519e-06
1.3555e-06
1.3592e-06
1.3628e-06
1.3664e-06
1.3701e-06
1.3738e-06
1.3774e-06
1.3811e-06
1.3848e-06
1.3885e-06
1.3922e-06
1.3959e-06
1.3996e-06
1.4033e-06
1.407e-06
1.4108e-06
1.4145e-06
1.4183e-06
1.4221e-06
1.4258e-06
1.4296e-06
1.4334e-06
1.4372e-06
1.441e-06
1.4448e-06
1.4487e-06
1.4525e-06
1.4563e-06
1.4602e-06
1.464e-06
1.4679e-06
1.4718e-06
1.4757e-06
1.4796e-06
1.4835e-06
1.4874e-06
1.4913e-06
1.4952e-06
1.4991e-06
1.5031e-06
1.507e-06
1.511e-06
1.515e-06
1.5189e-06
1.5229e-06
1.5269e-06
1.5309e-06
1.5349e-06
1.539e-06
1.543e-06
1.547e-06
1.5511e-06
1.5551e-06
1.5592e-06
1.5633e-06
1.5674e-06
1.5714e-06
1.5756e-06
1.5797e-06
1.5838e-06
1.5879e-06
1.592e-06
1.5962e-06
1.6003e-06
1.6045e-06
1.6087e-06
1.6129e-06
1.617e-06
1.6212e-06
1.6255e-06
1.6297e-06
1.6339e-06
1.6381e-06
1.6424e-06
1.6466e-06
1.6509e-06
1.6552e-06
1.6594e-06
1.6637e-06
1.668e-06
1.6723e-06
1.6767e-06
1.681e-06
1.6853e-06
1.6897e-06
1.694e-06
1.6984e-06
1.7027e-06
1.7071e-06
1.7115e-06
1.7159e-06
1.7203e-06
1.7247e-06
1.7292e-06
1.7336e-06
1.7381e-06
1.7425e-06
1.747e-06
1.7515e-06
1.7559e-06
1.7604e-06
1.7649e-06
1.7694e-06
1.774e-06
1.7785e-06
1.783e-06
1.7876e-06
1.7922e-06
1.7967e-06
1.8013e-06
1.8059e-06
1.8105e-06
1.8151e-06
1.8197e-06
1.8243e-06
1.829e-06
1.8336e-06
1.8383e-06
1.8429e-06
1.8476e-06
1.8523e-06
1.857e-06
1.8617e-06
1.8664e-06
1.8711e-06
1.8759e-06
1.8806e-06
1.8854e-06
1.8901e-06
1.8949e-06
1.8997e-06
1.9045e-06
1.9093e-06
1.9141e-06
1.9189e-06
1.9238e-06
1.9286e-06
1.9335e-06
1.9383e-06
1.9432e-06
1.9481e-06
1.953e-06
1.9579e-06
1.9628e-06
1.9677e-06
1.9726e-06
1.9776e-06
1.9825e-06
1.9875e-06
1.9925e-06
1.9974e-06
2.0024e-06
2.0074e-06
2.0124e-06
2.0175e-06
2.0225e-06
2.0275e-06
2.0326e-06
2.0377e-06
2.0427e-06
2.0478e-06
2.0529e-06
2.058e-06
2.0631e-06
2.0683e-06
2.0734e-06
2.0785e-06
2.0837e-06
2.0889e-06
2.094e-06
2.0992e-06
2.1044e-06
2.1096e-06
2.1149e-06
2.1201e-06
2.1253e-06
2.1306e-06
2.1358e-06
2.1411e-06
2.1464e-06
2.1517e-06
2.157e-06
2.1623e-06
2.1676e-06
2.173e-06
2.1783e-06
2.1837e-06
2.189e-06
2.1944e-06
2.1998e-06
2.2052e-06
2.2106e-06
2.216e-06
2.2214e-06
2.2269e-06
2.2323e-06
2.2378e-06
2.2433e-06
2.2487e-06
2.2542e-06
2.2597e-06
2.2653e-06
2.2708e-06
2.2763e-06
2.2819e-06
2.2874e-06
2.293e-06
2.2986e-06
2.3042e-06
2.3098e-06
2.3154e-06
2.321e-06
2.3267e-06
2.3323e-06
2.338e-06
2.3436e-06
2.3493e-06
2.355e-06
2.3607e-06
2.3664e-06
2.3721e-06
2.3779e-06
2.3836e-06
2.3894e-06
2.3951e-06
2.4009e-06
2.4067e-06
2.4125e-06
2.4183e-06
2.4241e-06
2.43e-06
2.4358e-06
2.4417e-06
2.4476e-06
2.4534e-06
2.4593e-06
2.4652e-06
2.4711e-06
2.4771e-06
2.483e-06
2.489e-06
2.4949e-06
2.5009e-06
2.5069e-06
2.5129e-06
2.5189e-06
2.5249e-06
2.5309e-06
2.5369e-06
2.543e-06
2.5491e-06
2.5551e-06
2.5612e-06
2.5673e-06
2.5734e-06
2.5795e-06
2.5857e-06
2.5918e-06
2.598e-06
2.6041e-06
2.6103e-06
2.6165e-06
2.6227e-06
2.6289e-06
2.6351e-06
2.6414e-06
2.6476e-06
2.6539e-06
2.6601e-06
2.6664e-06
2.6727e-06
2.679e-06
2.6853e-06
2.6917e-06
2.698e-06
2.7043e-06
2.7107e-06
2.7171e-06
2.7235e-06
2.7299e-06
2.7363e-06
2.7427e-06
2.7491e-06
2.7556e-06
2.762e-06
2.7685e-06
2.775e-06
2.7815e-06
2.788e-06
2.7945e-06
2.801e-06
2.8076e-06
2.8141e-06
2.8207e-06
2.8273e-06
2.8339e-06
2.8405e-06
2.8471e-06
2.8537e-06
2.8604e-06
2.867e-06
2.8737e-06
2.8803e-06
2.887e-06
2.8937e-06
2.9004e-06
2.9072e-06
2.9139e-06
2.9207e-06
2.9274e-06
2.9342e-06
2.941e-06
2.9478e-06
2.9546e-06
2.9614e-06
2.9682e-06
2.9751e-06
2.9819e-06
2.9888e-06
2.9957e-06
3.0026e-06
3.0095e-06
3.0164e-06
3.0233e-06
3.0303e-06
3.0372e-06
3.0442e-06
3.0512e-06
3.0582e-06
3.0652e-06
3.0722e-06
3.0792e-06
3.0863e-06
3.0933e-06
3.1004e-06
3.1075e-06
3.1146e-06
3.1217e-06
3.1288e-06
3.1359e-06
3.1431e-06
3.1502e-06
3.1574e-06
3.1646e-06
3.1718e-06
3.179e-06
3.1862e-06
3.1935e-06
3.2007e-06
3.208e-06
3.2152e-06
3.2225e-06
3.2298e-06
3.2371e-06
3.2444e-06
3.2518e-06
3.2591e-06
3.2665e-06
3.2739e-06
3.2812e-06
3.2886e-06
3.296e-06
3.3035e-06
3.3109e-06
3.3184e-06
3.3258e-06
3.3333e-06
3.3408e-06
3.3483e-06
3.3558e-06
3.3633e-06
3.3709e-06
3.3784e-06
3.386e-06
3.3936e-06
3.4012e-06
3.4088e-06
3.4164e-06
3.424e-06
3.4317e-06
3.4393e-06
3.447e-06
3.4547e-06
3.4624e-06
3.4701e-06
3.4778e-06
3.4855e-06
3.4933e-06
3.501e-06
3.5088e-06
3.5166e-06
3.5244e-06
3.5322e-06
3.54e-06
3.5479e-06
3.5557e-06
3.5636e-06
3.5715e-06
3.5794e-06
3.5873e-06
3.5952e-06
3.6031e-06
3.6111e-06
3.6191e-06
3.627e-06
3.635e-06
3.643e-06
3.651e-06
3.6591e-06
3.6671e-06
3.6751e-06
3.6832e-06
3.6913e-06
3.6994e-06
3.7075e-06
3.7156e-06
3.7238e-06
3.7319e-06
3.7401e-06
3.7482e-06
3.7564e-06
3.7646e-06
3.7728e-06
3.7811e-06
3.7893e-06
3.7976e-06
3.8058e-06
3.8141e-06
3.8224e-06
3.8307e-06
3.839e-06
3.8474e-06
3.8557e-06
3.8641e-06
3.8725e-06
3.8809e-06
3.8893e-06
3.8977e-06
3.9061e-06
3.9146e-06
3.923e-06
3.9315e-06
3.94e-06
3.9485e-06
3.957e-06
3.9655e-06
3.9741e-06
3.9826e-06
3.9912e-06
3.9998e-06
4.0084e-06
4.017e-06
4.0256e-06
4.0343e-06
4.0429e-06
4.0516e-06
4.0603e-06
4.0689e-06
4.0777e-06
4.0864e-06
4.0951e-06
4.1039e-06
4.1126e-06
4.1214e-06
4.1302e-06
4.139e-06
4.1478e-06
4.1566e-06
4.1655e-06
4.1744e-06
4.1832e-06
4.1921e-06
4.201e-06
4.2099e-06
4.2189e-06
4.2278e-06
4.2368e-06
4.2457e-06
4.2547e-06
4.2637e-06
4.2727e-06
4.2818e-06
4.2908e-06
4.2999e-06
4.3089e-06
4.318e-06
4.3271e-06
4.3362e-06
4.3454e-06
4.3545e-06
4.3637e-06
4.3728e-06
4.382e-06
4.3912e-06
4.4004e-06
4.4096e-06
4.4189e-06
4.4281e-06
4.4374e-06
4.4467e-06
4.456e-06
4.4653e-06
4.4746e-06
4.484e-06
4.4933e-06
4.5027e-06
4.5121e-06
4.5215e-06
4.5309e-06
4.5403e-06
4.5497e-06
4.5592e-06
4.5687e-06
4.5781e-06
4.5876e-06
4.5972e-06
4.6067e-06
4.6162e-06
4.6258e-06
4.6353e-06
4.6449e-06
4.6545e-06
4.6641e-06
4.6738e-06
4.6834e-06
4.6931e-06
4.7027e-06
4.7124e-06
4.7221e-06
4.7318e-06
4.7415e-06
4.7513e-06
4.761e-06
4.7708e-06
4.7806e-06
4.7904e-06
4.8002e-06
4.81e-06
4.8199e-06
4.8297e-06
4.8396e-06
4.8495e-06
4.8594e-06
4.8693e-06
4.8792e-06
4.8892e-06
4.8991e-06
4.9091e-06
4.9191e-06
4.9291e-06
4.9391e-06
4.9492e-06
4.9592e-06
4.9693e-06
4.9793e-06
4.9894e-06
4.9995e-06
5.0096e-06
5.0198e-06
5.0299e-06
5.0401e-06
5.0503e-06
5.0605e-06
5.0707e-06
5.0809e-06
5.0911e-06
5.1014e-06
5.1116e-06
5.1219e-06
5.1322e-06
5.1425e-06
5.1529e-06
5.1632e-06
5.1735e-06
5.1839e-06
5.1943e-06
5.2047e-06
5.2151e-06
5.2255e-06
5.236e-06
5.2464e-06
5.2569e-06
5.2674e-06
5.2779e-06
5.2884e-06
5.2989e-06
5.3095e-06
5.32e-06
5.3306e-06
5.3412e-06
5.3518e-06
5.3624e-06
5.3731e-06
5.3837e-06
5.3944e-06
5.4051e-06
5.4157e-06
5.4265e-06
5.4372e-06
5.4479e-06
5.4587e-06
5.4694e-06
5.4802e-06
5.491e-06
5.5018e-06
5.5126e-06
5.5235e-06
5.5343e-06
5.5452e-06
5.5561e-06
5.567e-06
5.5779e-06
5.5888e-06
5.5998e-06
5.6108e-06
5.6217e-06
5.6327e-06
5.6437e-06
5.6547e-06
5.6658e-06
5.6768e-06
5.6879e-06
5.699e-06
5.7101e-06
5.7212e-06
5.7323e-06
5.7434e-06
5.7546e-06
5.7658e-06
5.7769e-06
5.7881e-06
5.7994e-06
5.8106e-06
5.8218e-06
5.8331e-06
5.8444e-06
5.8556e-06
5.8669e-06
5.8783e-06
5.8896e-06
5.9009e-06
5.9123e-06
5.9237e-06
5.9351e-06
5.9465e-06
5.9579e-06
5.9693e-06
5.9808e-06
5.9923e-06
6.0038e-06
6.0152e-06
6.0268e-06
6.0383e-06
6.0498e-06
6.0614e-06
6.073e-06
6.0845e-06
6.0962e-06
6.1078e-06
6.1194e-06
6.131e-06
6.1427e-06
6.1544e-06
6.1661e-06
6.1778e-06
6.1895e-06
6.2012e-06
6.213e-06
6.2248e-06
6.2365e-06
6.2483e-06
6.2602e-06
6.272e-06
6.2838e-06
6.2957e-06
6.3076e-06
6.3194e-06
6.3313e-06
6.3433e-06
6.3552e-06
6.3671e-06
6.3791e-06
6.3911e-06
6.4031e-06
6.4151e-06
6.4271e-06
6.4391e-06
6.4512e-06
6.4633e-06
6.4753e-06
6.4874e-06
6.4996e-06
6.5117e-06
6.5238e-06
6.536e-06
6.5482e-06
6.5603e-06
6.5725e-06
6.5848e-06
6.597e-06
6.6092e-06
6.6215e-06
6.6338e-06
6.6461e-06
6.6584e-06
6.6707e-06
6.683e-06
6.6954e-06
6.7078e-06
6.7201e-06
6.7325e-06
6.7449e-06
6.7574e-06
6.7698e-06
6.7823e-06
6.7947e-06
6.8072e-06
6.8197e-06
6.8323e-06
6.8448e-06
6.8573e-06
6.8699e-06
6.8825e-06
6.8951e-06
6.9077e-06
6.9203e-06
6.9329e-06
6.9456e-06
6.9582e-06
6.9709e-06
6.9836e-06
6.9963e-06
7.0091e-06
7.0218e-06
7.0346e-06
7.0473e-06
7.0601e-06
7.0729e-06
7.0857e-06
7.0986e-06
7.1114e-06
7.1243e-06
7.1371e-06
7.15e-06
7.1629e-06
7.1759e-06
7.1888e-06
7.2017e-06
7.2147e-06
7.2277e-06
7.2407e-06
7.2537e-06
7.2667e-06
7.2798e-06
7.2928e-06
7.3059e-06
7.319e-06
7.3321e-06
7.3452e-06
7.3583e-06
7.3715e-06
7.3846e-06
7.3978e-06
7.411e-06
7.4242e-06
7.4374e-06
7.4506e-06
7.4639e-06
7.4771e-06
7.4904e-06
7.5037e-06
7.517e-06
7.5303e-06
7.5437e-06
7.557e-06
7.5704e-06
7.5838e-06
7.5972e-06
7.6106e-06
7.624e-06
7.6374e-06
7.6509e-06
7.6644e-06
7.6778e-06
7.6913e-06
7.7049e-06
7.7184e-06
7.7319e-06
7.7455e-06
7.7591e-06
7.7726e-06
7.7862e-06
7.7999e-06
7.8135e-06
7.8271e-06
7.8408e-06
7.8545e-06
7.8682e-06
7.8819e-06
7.8956e-06
7.9093e-06
7.9231e-06
7.9368e-06
7.9506e-06
7.9644e-06
7.9782e-06
7.992e-06
8.0059e-06
8.0197e-06
8.0336e-06
8.0474e-06
8.0613e-06
8.0752e-06
8.0892e-06
8.1031e-06
8.1171e-06
8.131e-06
8.145e-06
8.159e-06
8.173e-06
8.187e-06
8.2011e-06
8.2151e-06
8.2292e-06
8.2433e-06
8.2574e-06
8.2715e-06
8.2856e-06
8.2998e-06
8.3139e-06
8.3281e-06
8.3423e-06
8.3565e-06
8.3707e-06
8.3849e-06
8.3991e-06
8.4134e-06
8.4277e-06
8.4419e-06
8.4562e-06
8.4706e-06
8.4849e-06
8.4992e-06
8.5136e-06
8.5279e-06
8.5423e-06
8.5567e-06
8.5711e-06
8.5856e-06
8.6e-06
8.6145e-06
8.6289e-06
8.6434e-06
8.6579e-06
8.6724e-06
8.6869e-06
8.7015e-06
8.716e-06
8.7306e-06
8.7452e-06
8.7598e-06
8.7744e-06
8.789e-06
8.8037e-06
8.8183e-06
8.833e-06
8.8477e-06
8.8624e-06
8.8771e-06
8.8918e-06
8.9065e-06
8.9213e-06
8.936e-06
8.9508e-06
8.9656e-06
8.9804e-06
8.9952e-06
9.0101e-06
9.0249e-06
9.0398e-06
9.0547e-06
9.0696e-06
9.0845e-06
9.0994e-06
9.1143e-06
9.1293e-06
9.1442e-06
9.1592e-06
9.1742e-06
9.1892e-06
9.2042e-06
9.2192e-06
9.2343e-06
9.2493e-06
9.2644e-06
9.2795e-06
9.2946e-06
9.3097e-06
9.3248e-06
9.3399e-06
9.3551e-06
9.3703e-06
9.3854e-06
9.4006e-06
9.4158e-06
9.4311e-06
9.4463e-06
9.4615e-06
9.4768e-06
9.4921e-06
9.5074e-06
9.5227e-06
9.538e-06
9.5533e-06
9.5686e-06
9.584e-06
9.5994e-06
9.6147e-06
9.6301e-06
9.6455e-06
9.661e-06
9.6764e-06
9.6919e-06
9.7073e-06
9.7228e-06
9.7383e-06
9.7538e-06
9.7693e-06
9.7848e-06
9.8004e-06
9.8159e-06
9.8315e-06
9.8471e-06
9.8627e-06
9.8783e-06
9.8939e-06
9.9095e-06
9.9252e-06
9.9408e-06
9.9565e-06
9.9722e-06
9.9879e-06
1.0004e-05
1.0019e-05
1.0035e-05
1.0051e-05
1.0067e-05
1.0082e-05
1.0098e-05
1.0114e-05
1.013e-05
1.0146e-05
1.0161e-05
1.0177e-05
1.0193e-05
1.0209e-05
1.0225e-05
1.0241e-05
1.0257e-05
1.0273e-05
1.0289e-05
1.0305e-05
1.0321e-05
1.0337e-05
1.0352e-05
1.0369e-05
1.0385e-05
1.0401e-05
1.0417e-05
1.0433e-05
1.0449e-05
1.0465e-05
1.0481e-05
1.0497e-05
1.0513e-05
1.0529e-05
1.0545e-05
1.0562e-05
1.0578e-05
1.0594e-05
1.061e-05
1.0626e-05
1.0643e-05
1.0659e-05
1.0675e-05
1.0691e-05
1.0708e-05
1.0724e-05
1.074e-05
1.0756e-05
1.0773e-05
1.0789e-05
1.0805e-05
1.0822e-05
1.0838e-05
1.0854e-05
1.0871e-05
1.0887e-05
1.0904e-05
1.092e-05
1.0937e-05
1.0953e-05
1.0969e-05
1.0986e-05
1.1002e-05
1.1019e-05
1.1035e-05
1.1052e-05
1.1068e-05
1.1085e-05
1.1102e-05
1.1118e-05
1.1135e-05
1.1151e-05
1.1168e-05
1.1184e-05
1.1201e-05
1.1218e-05
1.1234e-05
1.1251e-05
1.1268e-05
1.1284e-05
1.1301e-05
1.1318e-05
1.1335e-05
1.1351e-05
1.1368e-05
1.1385e-05
1.1402e-05
1.1418e-05
1.1435e-05
1.1452e-05
1.1469e-05
1.1485e-05
1.1502e-05
1.1519e-05
1.1536e-05
1.1553e-05
1.157e-05
1.1587e-05
1.1604e-05
1.162e-05
1.1637e-05
1.1654e-05
1.1671e-05
1.1688e-05
1.1705e-05
1.1722e-05
1.1739e-05
1.1756e-05
1.1773e-05
1.179e-05
1.1807e-05
1.1824e-05
1.1841e-05
1.1858e-05
1.1875e-05
1.1892e-05
1.191e-05
1.1927e-05
1.1944e-05
1.1961e-05
1.1978e-05
1.1995e-05
1.2012e-05
1.2029e-05
1.2047e-05
1.2064e-05
1.2081e-05
1.2098e-05
1.2115e-05
1.2133e-05
1.215e-05
1.2167e-05
1.2184e-05
1.2202e-05
1.2219e-05
1.2236e-05
1.2254e-05
1.2271e-05
1.2288e-05
1.2306e-05
1.2323e-05
1.234e-05
1.2358e-05
1.2375e-05
1.2392e-05
1.241e-05
1.2427e-05
1.2445e-05
1.2462e-05
1.2479e-05
1.2497e-05
1.2514e-05
1.2532e-05
1.2549e-05
1.2567e-05
1.2584e-05
1.2602e-05
1.2619e-05
1.2637e-05
1.2654e-05
1.2672e-05
1.2689e-05
1.2707e-05
1.2724e-05
1.2742e-05
1.276e-05
1.2777e-05
1.2795e-05
1.2812e-05
1.283e-05
1.2848e-05
1.2865e-05
1.2883e-05
1.2901e-05
1.2918e-05
1.2936e-05
1.2954e-05
1.2971e-05
1.2989e-05
1.3007e-05
1.3024e-05
1.3042e-05
1.306e-05
1.3078e-05
1.3095e-05
1.3113e-05
1.3131e-05
1.3149e-05
1.3166e-05
1.3184e-05
1.3202e-05
1.322e-05
1.3238e-05
1.3256e-05
1.3273e-05
1.3291e-05
1.3309e-05
1.3327e-05
1.3345e-05
1.3363e-05
1.3381e-05
1.3398e-05
1.3416e-05
1.3434e-05
1.3452e-05
1.347e-05
1.3488e-05
1.3506e-05
1.3524e-05
1.3542e-05
1.356e-05
1.3578e-05
1.3596e-05
1.3614e-05
1.3632e-05
1.365e-05
1.3668e-05
1.3686e-05
1.3704e-05
1.3722e-05
1.374e-05
1.3758e-05
1.3776e-05
1.3794e-05
1.3812e-05
1.383e-05
1.3849e-05
1.3867e-05
1.3885e-05
1.3903e-05
1.3921e-05
1.3939e-05
1.3957e-05
1.3975e-05
1.3994e-05
1.4012e-05
1.403e-05
1.4048e-05
1.4066e-05
1.4084e-05
1.4103e-05
1.4121e-05
1.4139e-05
1.4157e-05
1.4176e-05
1.4194e-05
1.4212e-05
1.423e-05
1.4249e-05
1.4267e-05
1.4285e-05
1.4303e-05
1.4322e-05
1.434e-05
1.4358e-05
1.4376e-05
1.4395e-05
1.4413e-05
1.4431e-05
1.445e-05
1.4468e-05
1.4486e-05
1.4505e-05
1.4523e-05
1.4541e-05
1.456e-05
1.4578e-05
1.4597e-05
1.4615e-05
1.4633e-05
1.4652e-05
1.467e-05
1.4689e-05
1.4707e-05
1.4725e-05
1.4744e-05
1.4762e-05
1.4781e-05
1.4799e-05
1.4818e-05
1.4836e-05
1.4854e-05
1.4873e-05
1.4891e-05
1.491e-05
1.4928e-05
1.4947e-05
1.4965e-05
1.4984e-05
1.5002e-05
1.5021e-05
1.5039e-05
1.5058e-05
1.5076e-05
1.5095e-05
1.5113e-05
1.5132e-05
1.515e-05
1.5169e-05
1.5188e-05
1.5206e-05
1.5225e-05
1.5243e-05
1.5262e-05
1.528e-05
1.5299e-05
1.5318e-05
1.5336e-05
1.5355e-05
1.5373e-05
1.5392e-05
1.5411e-05
1.5429e-05
1.5448e-05
1.5466e-05
1.5485e-05
1.5504e-05
1.5522e-05
1.5541e-05
1.556e-05
1.5578e-05
1.5597e-05
1.5616e-05
1.5634e-05
1.5653e-05
1.5671e-05
1.569e-05
1.5709e-05
1.5728e-05
1.5746e-05
1.5765e-05
1.5784e-05
1.5802e-05
1.5821e-05
1.584e-05
1.5858e-05
1.5877e-05
1.5896e-05
1.5914e-05
1.5933e-05
1.5952e-05
1.5971e-05
1.5989e-05
1.6008e-05
1.6027e-05
1.6046e-05
1.6064e-05
1.6083e-05
1.6102e-05
1.6121e-05
1.6139e-05
1.6158e-05
1.6177e-05
1.6196e-05
1.6214e-05
1.6233e-05
1.6252e-05
1.6271e-05
1.6289e-05
1.6308e-05
1.6327e-05
1.6346e-05
1.6365e-05
1.6383e-05
1.6402e-05
1.6421e-05
1.644e-05
1.6459e-05
1.6477e-05
1.6496e-05
1.6515e-05
1.6534e-05
1.6553e-05
1.6571e-05
1.659e-05
1.6609e-05
1.6628e-05
1.6647e-05
1.6665e-05
1.6684e-05
1.6703e-05
1.6722e-05
1.6741e-05
1.676e-05
1.6778e-05
1.6797e-05
1.6816e-05
1.6835e-05
1.6854e-05
1.6873e-05
1.6891e-05
1.691e-05
1.6929e-05
1.6948e-05
1.6967e-05
1.6986e-05
1.7004e-05
1.7023e-05
1.7042e-05
1.7061e-05
1.708e-05
1.7099e-05
1.7117e-05
1.7136e-05
1.7155e-05
1.7174e-05
1.7193e-05
1.7212e-05
1.7231e-05
1.7249e-05
1.7268e-05
1.7287e-05
1.7306e-05
1.7325e-05
1.7344e-05
1.7363e-05
1.7381e-05
1.74e-05
1.7419e-05
1.7438e-05
1.7457e-05
1.7476e-05
1.7495e-05
1.7513e-05
1.7532e-05
1.7551e-05
1.757e-05
1.7589e-05
1.7608e-05
1.7627e-05
1.7645e-05
1.7664e-05
1.7683e-05
1.7702e-05
1.7721e-05
1.774e-05
1.7759e-05
1.7777e-05
1.7796e-05
1.7815e-05
1.7834e-05
1.7853e-05
1.7872e-05
1.789e-05
1.7909e-05
1.7928e-05
1.7947e-05
1.7966e-05
1.7985e-05
1.8003e-05
1.8022e-05
1.8041e-05
1.806e-05
1.8079e-05
1.8098e-05
1.8116e-05
1.8135e-05
1.8154e-05
1.8173e-05
1.8192e-05
1.8211e-05
1.8229e-05
1.8248e-05
1.8267e-05
1.8286e-05
1.8305e-05
1.8323e-05
1.8342e-05
1.8361e-05
1.838e-05
1.8399e-05
1.8417e-05
1.8436e-05
1.8455e-05
1.8474e-05
1.8493e-05
1.8511e-05
1.853e-05
1.8549e-05
1.8568e-05
1.8587e-05
1.8605e-05
1.8624e-05
1.8643e-05
1.8662e-05
1.868e-05
1.8699e-05
1.8718e-05
1.8737e-05
1.8755e-05
1.8774e-05
1.8793e-05
1.8812e-05
1.883e-05
1.8849e-05
1.8868e-05
1.8887e-05
1.8905e-05
1.8924e-05
1.8943e-05
1.8961e-05
1.898e-05
1.8999e-05
1.9017e-05
1.9036e-05
1.9055e-05
1.9074e-05
1.9092e-05
1.9111e-05
1.913e-05
1.9148e-05
1.9167e-05
1.9186e-05
1.9204e-05
1.9223e-05
1.9242e-05
1.926e-05
1.9279e-05
1.9297e-05
1.9316e-05
1.9335e-05
1.9353e-05
1.9372e-05
1.9391e-05
1.9409e-05
1.9428e-05
1.9446e-05
1.9465e-05
1.9484e-05
1.9502e-05
1.9521e-05
1.9539e-05
1.9558e-05
1.9576e-05
1.9595e-05
1.9614e-05
1.9632e-05
1.9651e-05
1.9669e-05
1.9688e-05
1.9706e-05
1.9725e-05
1.9743e-05
1.9762e-05
1.978e-05
1.9799e-05
1.9817e-05
1.9836e-05
1.9854e-05
1.9873e-05
1.9891e-05
1.991e-05
1.9928e-05
1.9946e-05
1.9965e-05
1.9983e-05
2.0002e-05
2.002e-05
2.0039e-05
2.0057e-05
2.0075e-05
2.0094e-05
2.0112e-05
2.0131e-05
2.0149e-05
2.0167e-05
2.0186e-05
2.0204e-05
2.0222e-05
2.0241e-05
2.0259e-05
2.0277e-05
2.0296e-05
2.0314e-05
2.0332e-05
2.0351e-05
2.0369e-05
2.0387e-05
2.0405e-05
2.0424e-05
2.0442e-05
2.046e-05
2.0478e-05
2.0497e-05
2.0515e-05
2.0533e-05
2.0551e-05
2.057e-05
2.0588e-05
2.0606e-05
2.0624e-05
2.0642e-05
2.066e-05
2.0679e-05
2.0697e-05
2.0715e-05
2.0733e-05
2.0751e-05
2.0769e-05
2.0787e-05
2.0805e-05
2.0824e-05
2.0842e-05
2.086e-05
2.0878e-05
2.0896e-05
2.0914e-05
2.0932e-05
2.095e-05
2.0968e-05
2.0986e-05
2.1004e-05
2.1022e-05
2.104e-05
2.1058e-05
2.1076e-05
2.1094e-05
2.1112e-05
2.113e-05
2.1148e-05
2.1166e-05
2.1184e-05
2.1201e-05
2.1219e-05
2.1237e-05
2.1255e-05
2.1273e-05
2.1291e-05
2.1309e-05
2.1326e-05
2.1344e-05
2.1362e-05
2.138e-05
2.1398e-05
2.1415e-05
2.1433e-05
2.1451e-05
2.1469e-05
2.1486e-05
2.1504e-05
2.1522e-05
2.154e-05
2.1557e-05
2.1575e-05
2.1593e-05
2.161e-05
2.1628e-05
2.1646e-05
2.1663e-05
2.1681e-05
2.1698e-05
2.1716e-05
2.1734e-05
2.1751e-05
2.1769e-05
2.1786e-05
2.1804e-05
2.1821e-05
2.1839e-05
2.1856e-05
2.1874e-05
2.1891e-05
2.1909e-05
2.1926e-05
2.1944e-05
2.1961e-05
2.1979e-05
2.1996e-05
2.2013e-05
2.2031e-05
2.2048e-05
2.2066e-05
2.2083e-05
2.21e-05
2.2118e-05
2.2135e-05
2.2152e-05
2.2169e-05
2.2187e-05
2.2204e-05
2.2221e-05
2.2239e-05
2.2256e-05
2.2273e-05
2.229e-05
2.2307e-05
2.2325e-05
2.2342e-05
2.2359e-05
2.2376e-05
2.2393e-05
2.241e-05
2.2427e-05
2.2444e-05
2.2461e-05
2.2479e-05
2.2496e-05
2.2513e-05
2.253e-05
2.2547e-05
2.2564e-05
2.2581e-05
2.2598e-05
2.2615e-05
2.2631e-05
2.2648e-05
2.2665e-05
2.2682e-05
2.2699e-05
2.2716e-05
2.2733e-05
2.275e-05
2.2766e-05
2.2783e-05
2.28e-05
2.2817e-05
2.2834e-05
2.285e-05
2.2867e-05
2.2884e-05
2.2901e-05
2.2917e-05
2.2934e-05
2.2951e-05
2.2967e-05
2.2984e-05
2.3e-05
2.3017e-05
2.3034e-05
2.305e-05
2.3067e-05
2.3083e-05
2.31e-05
2.3116e-05
2.3133e-05
2.3149e-05
2.3166e-05
2.3182e-05
2.3199e-05
2.3215e-05
2.3232e-05
2.3248e-05
2.3264e-05
2.3281e-05
2.3297e-05
2.3313e-05
2.333e-05
2.3346e-05
2.3362e-05
2.3379e-05
2.3395e-05
2.3411e-05
2.3427e-05
2.3443e-05
2.346e-05
2.3476e-05
2.3492e-05
2.3508e-05
2.3524e-05
2.354e-05
2.3556e-05
2.3573e-05
2.3589e-05
2.3605e-05
2.3621e-05
2.3637e-05
2.3653e-05
2.3669e-05
2.3685e-05
2.37e-05
2.3716e-05
2.3732e-05
2.3748e-05
2.3764e-05
2.378e-05
2.3796e-05
2.3812e-05
2.3827e-05
2.3843e-05
2.3859e-05
2.3875e-05
2.389e-05
2.3906e-05
2.3922e-05
2.3937e-05
2.3953e-05
2.3969e-05
2.3984e-05
2.4e-05
2.4016e-05
2.4031e-05
2.4047e-05
2.4062e-05
2.4078e-05
2.4093e-05
2.4109e-05
2.4124e-05
2.414e-05
2.4155e-05
2.417e-05
2.4186e-05
2.4201e-05
2.4217e-05
2.4232e-05
2.4247e-05
2.4263e-05
2.4278e-05
2.4293e-05
2.4308e-05
2.4323e-05
2.4339e-05
2.4354e-05
2.4369e-05
2.4384e-05
2.4399e-05
2.4414e-05
2.4429e-05
2.4445e-05
2.446e-05
2.4475e-05
2.449e-05
2.4505e-05
2.452e-05
2.4535e-05
2.4549e-05
2.4564e-05
2.4579e-05
2.4594e-05
2.4609e-05
2.4624e-05
2.4639e-05
2.4653e-05
2.4668e-05
2.4683e-05
2.4698e-05
2.4712e-05
2.4727e-05
2.4742e-05
2.4756e-05
2.4771e-05
2.4786e-05
2.48e-05
2.4815e-05
2.4829e-05
2.4844e-05
2.4858e-05
2.4873e-05
2.4887e-05
2.4902e-05
2.4916e-05
2.4931e-05
2.4945e-05
2.4959e-05
2.4974e-05
2.4988e-05
2.5002e-05
2.5017e-05
2.5031e-05
2.5045e-05
2.5059e-05
2.5074e-05
2.5088e-05
2.5102e-05
2.5116e-05
2.513e-05
2.5144e-05
2.5158e-05
2.5172e-05
2.5186e-05
2.52e-05
2.5214e-05
2.5228e-05
2.5242e-05
2.5256e-05
2.527e-05
2.5284e-05
2.5298e-05
2.5312e-05
2.5325e-05
2.5339e-05
2.5353e-05
2.5367e-05
2.538e-05
2.5394e-05
2.5408e-05
2.5421e-05
2.5435e-05
2.5449e-05
2.5462e-05
2.5476e-05
2.5489e-05
2.5503e-05
2.5516e-05
2.553e-05
2.5543e-05
2.5557e-05
2.557e-05
2.5583e-05
2.5597e-05
2.561e-05
2.5623e-05
2.5637e-05
2.565e-05
2.5663e-05
2.5676e-05
2.569e-05
2.5703e-05
2.5716e-05
2.5729e-05
2.5742e-05
2.5755e-05
2.5768e-05
2.5781e-05
2.5794e-05
2.5807e-05
2.582e-05
2.5833e-05
2.5846e-05
2.5859e-05
2.5872e-05
2.5885e-05
2.5897e-05
2.591e-05
2.5923e-05
2.5936e-05
2.5948e-05
2.5961e-05
2.5974e-05
2.5986e-05
2.5999e-05
2.6012e-05
2.6024e-05
2.6037e-05
2.6049e-05
2.6062e-05
2.6074e-05
2.6087e-05
2.6099e-05
2.6112e-05
2.6124e-05
2.6136e-05
2.6149e-05
2.6161e-05
2.6173e-05
2.6185e-05
2.6198e-05
2.621e-05
2.6222e-05
2.6234e-05
2.6246e-05
2.6258e-05
2.6271e-05
2.6283e-05
2.6295e-05
2.6307e-05
2.6319e-05
2.6331e-05
2.6342e-05
2.6354e-05
2.6366e-05
2.6378e-05
2.639e-05
2.6402e-05
2.6413e-05
2.6425e-05
2.6437e-05
2.6449e-05
2.646e-05
2.6472e-05
2.6484e-05
2.6495e-05
2.6507e-05
2.6518e-05
2.653e-05
2.6541e-05
2.6553e-05
2.6564e-05
2.6576e-05
2.6587e-05
2.6598e-05
2.661e-05
2.6621e-05
2.6632e-05
2.6643e-05
2.6655e-05
2.6666e-05
2.6677e-05
2.6688e-05
2.6699e-05
2.671e-05
2.6722e-05
2.6733e-05
2.6744e-05
2.6755e-05
2.6766e-05
2.6776e-05
2.6787e-05
2.6798e-05
2.6809e-05
2.682e-05
2.6831e-05
2.6841e-05
2.6852e-05
2.6863e-05
2.6874e-05
2.6884e-05
2.6895e-05
2.6906e-05
2.6916e-05
2.6927e-05
2.6937e-05
2.6948e-05
2.6958e-05
2.6969e-05
2.6979e-05
2.6989e-05
2.7e-05
2.701e-05
2.702e-05
2.7031e-05
2.7041e-05
2.7051e-05
2.7061e-05
2.7072e-05
2.7082e-05
2.7092e-05
2.7102e-05
2.7112e-05
2.7122e-05
2.7132e-05
2.7142e-05
2.7152e-05
2.7162e-05
2.7172e-05
2.7182e-05
2.7191e-05
2.7201e-05
2.7211e-05
2.7221e-05
2.723e-05
2.724e-05
2.725e-05
2.7259e-05
2.7269e-05
2.7279e-05
2.7288e-05
2.7298e-05
2.7307e-05
2.7317e-05
2.7326e-05
2.7335e-05
2.7345e-05
2.7354e-05
2.7363e-05
2.7373e-05
2.7382e-05
2.7391e-05
2.74e-05
2.741e-05
2.7419e-05
2.7428e-05
2.7437e-05
2.7446e-05
2.7455e-05
2.7464e-05
2.7473e-05
2.7482e-05
2.7491e-05
2.75e-05
2.7509e-05
2.7517e-05
2.7526e-05
2.7535e-05
2.7544e-05
2.7552e-05
2.7561e-05
2.757e-05
2.7578e-05
2.7587e-05
2.7596e-05
2.7604e-05
2.7613e-05
2.7621e-05
2.7629e-05
2.7638e-05
2.7646e-05
2.7655e-05
2.7663e-05
2.7671e-05
2.768e-05
2.7688e-05
2.7696e-05
2.7704e-05
2.7712e-05
2.772e-05
2.7728e-05
2.7736e-05
2.7745e-05
2.7753e-05
2.776e-05
2.7768e-05
2.7776e-05
2.7784e-05
2.7792e-05
2.78e-05
2.7808e-05
2.7815e-05
2.7823e-05
2.7831e-05
2.7838e-05
2.7846e-05
2.7854e-05
2.7861e-05
2.7869e-05
2.7876e-05
2.7884e-05
2.7891e-05
2.7899e-05
2.7906e-05
2.7913e-05
2.7921e-05
2.7928e-05
2.7935e-05
2.7942e-05
2.795e-05
2.7957e-05
2.7964e-05
2.7971e-05
2.7978e-05
2.7985e-05
2.7992e-05
2.7999e-05
2.8006e-05
2.8013e-05
2.802e-05
2.8027e-05
2.8034e-05
2.804e-05
2.8047e-05
2.8054e-05
2.8061e-05
2.8067e-05
2.8074e-05
2.808e-05
2.8087e-05
2.8094e-05
2.81e-05
2.8107e-05
2.8113e-05
2.8119e-05
2.8126e-05
2.8132e-05
2.8139e-05
2.8145e-05
2.8151e-05
2.8157e-05
2.8164e-05
2.817e-05
2.8176e-05
2.8182e-05
2.8188e-05
2.8194e-05
2.82e-05
2.8206e-05
2.8212e-05
2.8218e-05
2.8224e-05
2.823e-05
2.8235e-05
2.8241e-05
2.8247e-05
2.8253e-05
2.8258e-05
2.8264e-05
2.827e-05
2.8275e-05
2.8281e-05
2.8286e-05
2.8292e-05
2.8297e-05
2.8303e-05
2.8308e-05
2.8314e-05
2.8319e-05
2.8324e-05
2.8329e-05
2.8335e-05
2.834e-05
2.8345e-05
2.835e-05
2.8355e-05
2.836e-05
2.8366e-05
2.8371e-05
2.8376e-05
2.838e-05
2.8385e-05
2.839e-05
2.8395e-05
2.84e-05
2.8405e-05
2.841e-05
2.8414e-05
2.8419e-05
2.8424e-05
2.8428e-05
2.8433e-05
2.8437e-05
2.8442e-05
2.8446e-05
2.8451e-05
2.8455e-05
2.846e-05
2.8464e-05
2.8468e-05
2.8473e-05
2.8477e-05
2.8481e-05
2.8485e-05
2.849e-05
2.8494e-05
2.8498e-05
2.8502e-05
2.8506e-05
2.851e-05
2.8514e-05
2.8518e-05
2.8522e-05
2.8526e-05
2.853e-05
2.8533e-05
2.8537e-05
2.8541e-05
2.8545e-05
2.8548e-05
2.8552e-05
2.8556e-05
2.8559e-05
2.8563e-05
2.8566e-05
2.857e-05
2.8573e-05
2.8577e-05
2.858e-05
2.8583e-05
2.8587e-05
2.859e-05
2.8593e-05
2.8596e-05
2.86e-05
2.8603e-05
2.8606e-05
2.8609e-05
2.8612e-05
2.8615e-05
2.8618e-05
2.8621e-05
2.8624e-05
2.8627e-05
2.863e-05
2.8632e-05
2.8635e-05
2.8638e-05
2.8641e-05
2.8643e-05
2.8646e-05
2.8649e-05
2.8651e-05
2.8654e-05
2.8656e-05
2.8659e-05
2.8661e-05
2.8664e-05
2.8666e-05
2.8668e-05
2.8671e-05
2.8673e-05
2.8675e-05
2.8678e-05
2.868e-05
2.8682e-05
2.8684e-05
2.8686e-05
2.8688e-05
2.869e-05
2.8692e-05
2.8694e-05
2.8696e-05
2.8698e-05
2.87e-05
2.8702e-05
2.8703e-05
2.8705e-05
2.8707e-05
2.8709e-05
2.871e-05
2.8712e-05
2.8713e-05
2.8715e-05
2.8716e-05
2.8718e-05
2.8719e-05
2.8721e-05
2.8722e-05
2.8724e-05
2.8725e-05
2.8726e-05
2.8727e-05
2.8729e-05
2.873e-05
2.8731e-05
2.8732e-05
2.8733e-05
2.8734e-05
2.8735e-05
2.8736e-05
2.8737e-05
2.8738e-05
2.8739e-05
2.874e-05
2.8741e-05
2.8741e-05
2.8742e-05
2.8743e-05
2.8744e-05
2.8744e-05
2.8745e-05
2.8745e-05
2.8746e-05
2.8746e-05
2.8747e-05
2.8747e-05
2.8748e-05
2.8748e-05
2.8749e-05
2.8749e-05
2.8749e-05
2.8749e-05
2.875e-05
2.875e-05
2.875e-05
2.875e-05
2.875e-05
2.875e-05
2.875e-05
2.875e-05
2.875e-05
2.875e-05
2.875e-05
2.875e-05
2.875e-05
2.8749e-05
2.8749e-05
2.8749e-05
2.8748e-05
2.8748e-05
2.8748e-05
2.8747e-05
2.8747e-05
2.8746e-05
2.8746e-05
2.8745e-05
2.8745e-05
2.8744e-05
2.8743e-05
2.8743e-05
2.8742e-05
2.8741e-05
2.874e-05
2.8739e-05
2.8739e-05
2.8738e-05
2.8737e-05
2.8736e-05
2.8735e-05
2.8734e-05
2.8733e-05
2.8732e-05
2.873e-05
2.8729e-05
2.8728e-05
2.8727e-05
2.8726e-05
2.8724e-05
2.8723e-05
2.8722e-05
2.872e-05
2.8719e-05
2.8717e-05
2.8716e-05
2.8714e-05
2.8713e-05
2.8711e-05
2.8709e-05
2.8708e-05
2.8706e-05
2.8704e-05
2.8703e-05
2.8701e-05
2.8699e-05
2.8697e-05
2.8695e-05
2.8693e-05
2.8691e-05
2.8689e-05
2.8687e-05
2.8685e-05
2.8683e-05
2.8681e-05
2.8679e-05
2.8677e-05
2.8674e-05
2.8672e-05
2.867e-05
2.8667e-05
2.8665e-05
2.8663e-05
2.866e-05
2.8658e-05
2.8655e-05
2.8653e-05
2.865e-05
2.8648e-05
2.8645e-05
2.8642e-05
2.864e-05
2.8637e-05
2.8634e-05
2.8631e-05
2.8628e-05
2.8625e-05
2.8623e-05
2.862e-05
2.8617e-05
2.8614e-05
2.8611e-05
2.8608e-05
2.8604e-05
2.8601e-05
2.8598e-05
2.8595e-05
2.8592e-05
2.8588e-05
2.8585e-05
2.8582e-05
2.8578e-05
2.8575e-05
2.8572e-05
2.8568e-05
2.8565e-05
2.8561e-05
2.8558e-05
2.8554e-05
2.855e-05
2.8547e-05
2.8543e-05
2.8539e-05
2.8536e-05
2.8532e-05
2.8528e-05
2.8524e-05
2.852e-05
2.8516e-05
2.8512e-05
2.8508e-05
2.8504e-05
2.85e-05
2.8496e-05
2.8492e-05
2.8488e-05
2.8484e-05
2.8479e-05
2.8475e-05
2.8471e-05
2.8467e-05
2.8462e-05
2.8458e-05
2.8453e-05
2.8449e-05
2.8444e-05
2.844e-05
2.8435e-05
2.8431e-05
2.8426e-05
2.8422e-05
2.8417e-05
2.8412e-05
2.8407e-05
2.8403e-05
2.8398e-05
2.8393e-05
2.8388e-05
2.8383e-05
2.8378e-05
2.8373e-05
2.8368e-05
2.8363e-05
2.8358e-05
2.8353e-05
2.8348e-05
2.8343e-05
2.8338e-05
2.8332e-05
2.8327e-05
2.8322e-05
2.8317e-05
2.8311e-05
2.8306e-05
2.83e-05
2.8295e-05
2.829e-05
2.8284e-05
2.8278e-05
2.8273e-05
2.8267e-05
2.8262e-05
2.8256e-05
2.825e-05
2.8245e-05
2.8239e-05
2.8233e-05
2.8227e-05
2.8221e-05
2.8215e-05
2.8209e-05
2.8203e-05
2.8197e-05
2.8191e-05
2.8185e-05
2.8179e-05
2.8173e-05
2.8167e-05
2.8161e-05
2.8155e-05
2.8148e-05
2.8142e-05
2.8136e-05
2.8129e-05
2.8123e-05
2.8117e-05
2.811e-05
2.8104e-05
2.8097e-05
2.8091e-05
2.8084e-05
2.8078e-05
2.8071e-05
2.8064e-05
2.8058e-05
2.8051e-05
2.8044e-05
2.8037e-05
2.8031e-05
2.8024e-05
2.8017e-05
2.801e-05
2.8003e-05
2.7996e-05
2.7989e-05
2.7982e-05
2.7975e-05
2.7968e-05
2.7961e-05
2.7954e-05
2.7946e-05
2.7939e-05
2.7932e-05
2.7925e-05
2.7917e-05
2.791e-05
2.7903e-05
2.7895e-05
2.7888e-05
2.788e-05
2.7873e-05
2.7865e-05
2.7858e-05
2.785e-05
2.7843e-05
2.7835e-05
2.7827e-05
2.782e-05
2.7812e-05
2.7804e-05
2.7796e-05
2.7789e-05
2.7781e-05
2.7773e-05
2.7765e-05
2.7757e-05
2.7749e-05
2.7741e-05
2.7733e-05
2.7725e-05
2.7717e-05
2.7709e-05
2.7701e-05
2.7692e-05
2.7684e-05
2.7676e-05
2.7668e-05
2.7659e-05
2.7651e-05
2.7643e-05
2.7634e-05
2.7626e-05
2.7617e-05
2.7609e-05
2.76e-05
2.7592e-05
2.7583e-05
2.7575e-05
2.7566e-05
2.7557e-05
2.7549e-05
2.754e-05
2.7531e-05
2.7522e-05
2.7514e-05
2.7505e-05
2.7496e-05
2.7487e-05
2.7478e-05
2.7469e-05
2.746e-05
2.7451e-05
2.7442e-05
2.7433e-05
2.7424e-05
2.7415e-05
2.7406e-05
2.7396e-05
2.7387e-05
2.7378e-05
2.7369e-05
2.7359e-05
2.735e-05
2.7341e-05
2.7331e-05
2.7322e-05
2.7313e-05
2.7303e-05
2.7294e-05
2.7284e-05
2.7274e-05
2.7265e-05
2.7255e-05
2.7246e-05
2.7236e-05
2.7226e-05
2.7216e-05
2.7207e-05
2.7197e-05
2.7187e-05
2.7177e-05
2.7167e-05
2.7158e-05
2.7148e-05
2.7138e-05
2.7128e-05
2.7118e-05
2.7108e-05
2.7098e-05
2.7087e-05
2.7077e-05
2.7067e-05
2.7057e-05
2.7047e-05
2.7037e-05
2.7026e-05
2.7016e-05
2.7006e-05
2.6995e-05
2.6985e-05
2.6975e-05
2.6964e-05
2.6954e-05
2.6943e-05
2.6933e-05
2.6922e-05
2.6912e-05
2.6901e-05
2.689e-05
2.688e-05
2.6869e-05
2.6858e-05
2.6848e-05
2.6837e-05
2.6826e-05
2.6815e-05
2.6804e-05
2.6794e-05
2.6783e-05
2.6772e-05
2.6761e-05
2.675e-05
2.6739e-05
2.6728e-05
2.6717e-05
2.6706e-05
2.6695e-05
2.6683e-05
2.6672e-05
2.6661e-05
2.665e-05
2.6639e-05
2.6627e-05
2.6616e-05
2.6605e-05
2.6593e-05
2.6582e-05
2.6571e-05
2.6559e-05
2.6548e-05
2.6536e-05
2.6525e-05
2.6513e-05
2.6502e-05
2.649e-05
2.6479e-05
2.6467e-05
2.6455e-05
2.6444e-05
2.6432e-05
2.642e-05
2.6408e-05
2.6397e-05
2.6385e-05
2.6373e-05
2.6361e-05
2.6349e-05
2.6337e-05
2.6325e-05
2.6313e-05
2.6301e-05
2.6289e-05
2.6277e-05
2.6265e-05
2.6253e-05
2.6241e-05
2.6229e-05
2.6217e-05
2.6205e-05
2.6192e-05
2.618e-05
2.6168e-05
2.6156e-05
2.6143e-05
2.6131e-05
2.6119e-05
2.6106e-05
2.6094e-05
2.6081e-05
2.6069e-05
2.6056e-05
2.6044e-05
2.6031e-05
2.6019e-05
2.6006e-05
2.5994e-05
2.5981e-05
2.5968e-05
2.5956e-05
2.5943e-05
2.593e-05
2.5917e-05
2.5905e-05
2.5892e-05
2.5879e-05
2.5866e-05
2.5853e-05
2.584e-05
2.5827e-05
2.5815e-05
2.5802e-05
2.5789e-05
2.5776e-05
2.5763e-05
2.5749e-05
2.5736e-05
2.5723e-05
2.571e-05
2.5697e-05
2.5684e-05
2.5671e-05
2.5657e-05
2.5644e-05
2.5631e-05
2.5618e-05
2.5604e-05
2.5591e-05
2.5578e-05
2.5564e-05
2.5551e-05
2.5537e-05
2.5524e-05
2.551e-05
2.5497e-05
2.5483e-05
2.547e-05
2.5456e-05
2.5443e-05
2.5429e-05
2.5415e-05
2.5402e-05
2.5388e-05
2.5374e-05
2.5361e-05
2.5347e-05
2.5333e-05
2.5319e-05
2.5306e-05
2.5292e-05
2.5278e-05
2.5264e-05
2.525e-05
2.5236e-05
2.5222e-05
2.5208e-05
2.5194e-05
2.518e-05
2.5166e-05
2.5152e-05
2.5138e-05
2.5124e-05
2.511e-05
2.5096e-05
2.5082e-05
2.5067e-05
2.5053e-05
2.5039e-05
2.5025e-05
2.501e-05
2.4996e-05
2.4982e-05
2.4968e-05
2.4953e-05
2.4939e-05
2.4924e-05
2.491e-05
2.4896e-05
2.4881e-05
2.4867e-05
2.4852e-05
2.4838e-05
2.4823e-05
2.4809e-05
2.4794e-05
2.4779e-05
2.4765e-05
2.475e-05
2.4735e-05
2.4721e-05
2.4706e-05
2.4691e-05
2.4677e-05
2.4662e-05
2.4647e-05
2.4632e-05
2.4617e-05
2.4603e-05
2.4588e-05
2.4573e-05
2.4558e-05
2.4543e-05
2.4528e-05
2.4513e-05
2.4498e-05
2.4483e-05
2.4468e-05
2.4453e-05
2.4438e-05
2.4423e-05
2.4408e-05
2.4393e-05
2.4378e-05
2.4362e-05
2.4347e-05
2.4332e-05
2.4317e-05
2.4302e-05
2.4286e-05
2.4271e-05
2.4256e-05
2.4241e-05
2.4225e-05
2.421e-05
2.4195e-05
2.4179e-05
2.4164e-05
2.4148e-05
2.4133e-05
2.4117e-05
2.4102e-05
2.4087e-05
2.4071e-05
2.4055e-05
2.404e-05
2.4024e-05
2.4009e-05
2.3993e-05
2.3978e-05
2.3962e-05
2.3946e-05
2.3931e-05
2.3915e-05
2.3899e-05
2.3884e-05
2.3868e-05
2.3852e-05
2.3836e-05
2.3821e-05
2.3805e-05
2.3789e-05
2.3773e-05
2.3757e-05
2.3741e-05
2.3725e-05
2.3709e-05
2.3694e-05
2.3678e-05
2.3662e-05
2.3646e-05
2.363e-05
2.3614e-05
2.3598e-05
2.3582e-05
2.3566e-05
2.3549e-05
2.3533e-05
2.3517e-05
2.3501e-05
2.3485e-05
2.3469e-05
2.3453e-05
2.3436e-05
2.342e-05
2.3404e-05
2.3388e-05
2.3372e-05
2.3355e-05
2.3339e-05
2.3323e-05
2.3306e-05
2.329e-05
2.3274e-05
2.3257e-05
2.3241e-05
2.3224e-05
2.3208e-05
2.3192e-05
2.3175e-05
2.3159e-05
2.3142e-05
2.3126e-05
2.3109e-05
2.3093e-05
2.3076e-05
2.306e-05
2.3043e-05
2.3026e-05
2.301e-05
2.2993e-05
2.2977e-05
2.296e-05
2.2943e-05
2.2927e-05
2.291e-05
2.2893e-05
2.2877e-05
2.286e-05
2.2843e-05
2.2826e-05
2.281e-05
2.2793e-05
2.2776e-05
2.2759e-05
2.2742e-05
2.2725e-05
2.2709e-05
2.2692e-05
2.2675e-05
2.2658e-05
2.2641e-05
2.2624e-05
2.2607e-05
2.259e-05
2.2573e-05
2.2556e-05
2.2539e-05
2.2522e-05
2.2505e-05
2.2488e-05
2.2471e-05
2.2454e-05
2.2437e-05
2.242e-05
2.2403e-05
2.2386e-05
2.2369e-05
2.2351e-05
2.2334e-05
2.2317e-05
2.23e-05
2.2283e-05
2.2265e-05
2.2248e-05
2.2231e-05
2.2214e-05
2.2197e-05
2.2179e-05
2.2162e-05
2.2145e-05
2.2127e-05
2.211e-05
2.2093e-05
2.2075e-05
2.2058e-05
2.2041e-05
2.2023e-05
2.2006e-05
2.1988e-05
2.1971e-05
2.1954e-05
2.1936e-05
2.1919e-05
2.1901e-05
2.1884e-05
2.1866e-05
2.1849e-05
2.1831e-05
2.1814e-05
2.1796e-05
2.1779e-05
2.1761e-05
2.1744e-05
2.1726e-05
2.1708e-05
2.1691e-05
2.1673e-05
2.1656e-05
2.1638e-05
2.162e-05
2.1603e-05
2.1585e-05
2.1567e-05
2.155e-05
2.1532e-05
2.1514e-05
2.1496e-05
2.1479e-05
2.1461e-05
2.1443e-05
2.1425e-05
2.1408e-05
2.139e-05
2.1372e-05
2.1354e-05
2.1336e-05
2.1319e-05
2.1301e-05
2.1283e-05
2.1265e-05
2.1247e-05
2.1229e-05
2.1212e-05
2.1194e-05
2.1176e-05
2.1158e-05
2.114e-05
2.1122e-05
2.1104e-05
2.1086e-05
2.1068e-05
2.105e-05
2.1032e-05
2.1014e-05
2.0996e-05
2.0978e-05
2.096e-05
2.0942e-05
2.0924e-05
2.0906e-05
2.0888e-05
2.087e-05
2.0852e-05
2.0834e-05
2.0816e-05
2.0798e-05
2.078e-05
2.0761e-05
2.0743e-05
2.0725e-05
2.0707e-05
2.0689e-05
2.0671e-05
2.0653e-05
2.0634e-05
2.0616e-05
2.0598e-05
2.058e-05
2.0562e-05
2.0543e-05
2.0525e-05
2.0507e-05
2.0489e-05
2.0471e-05
2.0452e-05
2.0434e-05
2.0416e-05
2.0398e-05
2.0379e-05
2.0361e-05
2.0343e-05
2.0324e-05
2.0306e-05
2.0288e-05
2.0269e-05
2.0251e-05
2.0233e-05
2.0214e-05
2.0196e-05
2.0178e-05
2.0159e-05
2.0141e-05
2.0123e-05
2.0104e-05
2.0086e-05
2.0067e-05
2.0049e-05
2.0031e-05
2.0012e-05
1.9994e-05
1.9975e-05
1.9957e-05
1.9938e-05
1.992e-05
1.9902e-05
1.9883e-05
1.9865e-05
1.9846e-05
1.9828e-05
1.9809e-05
1.9791e-05
1.9772e-05
1.9754e-05
1.9735e-05
1.9717e-05
1.9698e-05
1.968e-05
1.9661e-05
1.9643e-05
1.9624e-05
1.9605e-05
1.9587e-05
1.9568e-05
1.955e-05
1.9531e-05
1.9513e-05
1.9494e-05
1.9475e-05
1.9457e-05
1.9438e-05
1.942e-05
1.9401e-05
1.9382e-05
1.9364e-05
1.9345e-05
1.9327e-05
1.9308e-05
1.9289e-05
1.9271e-05
1.9252e-05
1.9233e-05
1.9215e-05
1.9196e-05
1.9177e-05
1.9159e-05
1.914e-05
1.9121e-05
1.9103e-05
1.9084e-05
1.9065e-05
1.9047e-05
1.9028e-05
1.9009e-05
1.8991e-05
1.8972e-05
1.8953e-05
1.8935e-05
1.8916e-05
1.8897e-05
1.8878e-05
1.886e-05
1.8841e-05
1.8822e-05
1.8803e-05
1.8785e-05
1.8766e-05
1.8747e-05
1.8728e-05
1.871e-05
1.8691e-05
1.8672e-05
1.8653e-05
1.8635e-05
1.8616e-05
1.8597e-05
1.8578e-05
1.856e-05
1.8541e-05
1.8522e-05
1.8503e-05
1.8484e-05
1.8466e-05
1.8447e-05
1.8428e-05
1.8409e-05
1.8391e-05
1.8372e-05
1.8353e-05
1.8334e-05
1.8315e-05
1.8296e-05
1.8278e-05
1.8259e-05
1.824e-05
1.8221e-05
1.8202e-05
1.8184e-05
1.8165e-05
1.8146e-05
1.8127e-05
1.8108e-05
1.8089e-05
1.8071e-05
1.8052e-05
1.8033e-05
1.8014e-05
1.7995e-05
1.7976e-05
1.7958e-05
1.7939e-05
1.792e-05
1.7901e-05
1.7882e-05
1.7863e-05
1.7845e-05
1.7826e-05
1.7807e-05
1.7788e-05
1.7769e-05
1.775e-05
1.7731e-05
1.7713e-05
1.7694e-05
1.7675e-05
1.7656e-05
1.7637e-05
1.7618e-05
1.76e-05
1.7581e-05
1.7562e-05
1.7543e-05
1.7524e-05
1.7505e-05
1.7486e-05
1.7468e-05
1.7449e-05
1.743e-05
1.7411e-05
1.7392e-05
1.7373e-05
1.7354e-05
1.7336e-05
1.7317e-05
1.7298e-05
1.7279e-05
1.726e-05
1.7241e-05
1.7222e-05
1.7204e-05
1.7185e-05
1.7166e-05
1.7147e-05
1.7128e-05
1.7109e-05
1.709e-05
1.7072e-05
1.7053e-05
1.7034e-05
1.7015e-05
1.6996e-05
1.6977e-05
1.6959e-05
1.694e-05
1.6921e-05
1.6902e-05
1.6883e-05
1.6864e-05
1.6846e-05
1.6827e-05
1.6808e-05
1.6789e-05
1.677e-05
1.6751e-05
1.6733e-05
1.6714e-05
1.6695e-05
1.6676e-05
1.6657e-05
1.6638e-05
1.662e-05
1.6601e-05
1.6582e-05
1.6563e-05
1.6544e-05
1.6526e-05
1.6507e-05
1.6488e-05
1.6469e-05
1.645e-05
1.6432e-05
1.6413e-05
1.6394e-05
1.6375e-05
1.6356e-05
1.6338e-05
1.6319e-05
1.63e-05
1.6281e-05
1.6263e-05
1.6244e-05
1.6225e-05
1.6206e-05
1.6187e-05
1.6169e-05
1.615e-05
1.6131e-05
1.6112e-05
1.6094e-05
1.6075e-05
1.6056e-05
1.6037e-05
1.6019e-05
1.6e-05
1.5981e-05
1.5963e-05
1.5944e-05
1.5925e-05
1.5906e-05
1.5888e-05
1.5869e-05
1.585e-05
1.5832e-05
1.5813e-05
1.5794e-05
1.5775e-05
1.5757e-05
1.5738e-05
1.5719e-05
1.5701e-05
1.5682e-05
1.5663e-05
1.5645e-05
1.5626e-05
1.5607e-05
1.5589e-05
1.557e-05
1.5551e-05
1.5533e-05
1.5514e-05
1.5496e-05
1.5477e-05
1.5458e-05
1.544e-05
1.5421e-05
1.5402e-05
1.5384e-05
1.5365e-05
1.5347e-05
1.5328e-05
1.5309e-05
1.5291e-05
1.5272e-05
1.5254e-05
1.5235e-05
1.5217e-05
1.5198e-05
1.5179e-05
1.5161e-05
1.5142e-05
1.5124e-05
1.5105e-05
1.5087e-05
1.5068e-05
1.505e-05
1.5031e-05
1.5013e-05
1.4994e-05
1.4976e-05
1.4957e-05
1.4939e-05
1.492e-05
1.4902e-05
1.4883e-05
1.4865e-05
1.4846e-05
1.4828e-05
1.4809e-05
1.4791e-05
1.4773e-05
1.4754e-05
1.4736e-05
1.4717e-05
1.4699e-05
1.4681e-05
1.4662e-05
1.4644e-05
1.4625e-05
1.4607e-05
1.4589e-05
1.457e-05
1.4552e-05
1.4533e-05
1.4515e-05
1.4497e-05
1.4478e-05
1.446e-05
1.4442e-05
1.4423e-05
1.4405e-05
1.4387e-05
1.4369e-05
1.435e-05
1.4332e-05
1.4314e-05
1.4295e-05
1.4277e-05
1.4259e-05
1.4241e-05
1.4222e-05
1.4204e-05
1.4186e-05
1.4168e-05
1.4149e-05
1.4131e-05
1.4113e-05
1.4095e-05
1.4077e-05
1.4058e-05
1.404e-05
1.4022e-05
1.4004e-05
1.3986e-05
1.3968e-05
1.3949e-05
1.3931e-05
1.3913e-05
1.3895e-05
1.3877e-05
1.3859e-05
1.3841e-05
1.3823e-05
1.3805e-05
1.3786e-05
1.3768e-05
1.375e-05
1.3732e-05
1.3714e-05
1.3696e-05
1.3678e-05
1.366e-05
1.3642e-05
1.3624e-05
1.3606e-05
1.3588e-05
1.357e-05
1.3552e-05
1.3534e-05
1.3516e-05
1.3498e-05
1.348e-05
1.3462e-05
1.3444e-05
1.3427e-05
1.3409e-05
1.3391e-05
1.3373e-05
1.3355e-05
1.3337e-05
1.3319e-05
1.3301e-05
1.3283e-05
1.3266e-05
1.3248e-05
1.323e-05
1.3212e-05
1.3194e-05
1.3177e-05
1.3159e-05
1.3141e-05
1.3123e-05
1.3105e-05
1.3088e-05
1.307e-05
1.3052e-05
1.3034e-05
1.3017e-05
1.2999e-05
1.2981e-05
1.2964e-05
1.2946e-05
1.2928e-05
1.2911e-05
1.2893e-05
1.2875e-05
1.2858e-05
1.284e-05
1.2822e-05
1.2805e-05
1.2787e-05
1.2769e-05
1.2752e-05
1.2734e-05
1.2717e-05
1.2699e-05
1.2682e-05
1.2664e-05
1.2647e-05
1.2629e-05
1.2612e-05
1.2594e-05
1.2577e-05
1.2559e-05
1.2542e-05
1.2524e-05
1.2507e-05
1.2489e-05
1.2472e-05
1.2454e-05
1.2437e-05
1.242e-05
1.2402e-05
1.2385e-05
1.2367e-05
1.235e-05
1.2333e-05
1.2315e-05
1.2298e-05
1.2281e-05
1.2263e-05
1.2246e-05
1.2229e-05
1.2211e-05
1.2194e-05
1.2177e-05
1.216e-05
1.2142e-05
1.2125e-05
1.2108e-05
1.2091e-05
1.2074e-05
1.2056e-05
1.2039e-05
1.2022e-05
1.2005e-05
1.1988e-05
1.1971e-05
1.1953e-05
1.1936e-05
1.1919e-05
1.1902e-05
1.1885e-05
1.1868e-05
1.1851e-05
1.1834e-05
1.1817e-05
1.18e-05
1.1783e-05
1.1766e-05
1.1749e-05
1.1732e-05
1.1715e-05
1.1698e-05
1.1681e-05
1.1664e-05
1.1647e-05
1.163e-05
1.1613e-05
1.1596e-05
1.1579e-05
1.1562e-05
1.1546e-05
1.1529e-05
1.1512e-05
1.1495e-05
1.1478e-05
1.1461e-05
1.1445e-05
1.1428e-05
1.1411e-05
1.1394e-05
1.1377e-05
1.1361e-05
1.1344e-05
1.1327e-05
1.1311e-05
1.1294e-05
1.1277e-05
1.126e-05
1.1244e-05
1.1227e-05
1.1211e-05
1.1194e-05
1.1177e-05
1.1161e-05
1.1144e-05
1.1127e-05
1.1111e-05
1.1094e-05
1.1078e-05
1.1061e-05
1.1045e-05
1.1028e-05
1.1012e-05
1.0995e-05
1.0979e-05
1.0962e-05
1.0946e-05
1.0929e-05
1.0913e-05
1.0897e-05
1.088e-05
1.0864e-05
1.0847e-05
1.0831e-05
1.0815e-05
1.0798e-05
1.0782e-05
1.0766e-05
1.0749e-05
1.0733e-05
1.0717e-05
1.07e-05
1.0684e-05
1.0668e-05
1.0652e-05
1.0635e-05
1.0619e-05
1.0603e-05
1.0587e-05
1.0571e-05
1.0555e-05
1.0538e-05
1.0522e-05
1.0506e-05
1.049e-05
1.0474e-05
1.0458e-05
1.0442e-05
1.0426e-05
1.041e-05
1.0394e-05
1.0378e-05
1.0362e-05
1.0346e-05
1.033e-05
1.0314e-05
1.0298e-05
1.0282e-05
1.0266e-05
1.025e-05
1.0234e-05
1.0218e-05
1.0202e-05
1.0186e-05
1.017e-05
1.0155e-05
1.0139e-05
1.0123e-05
1.0107e-05
1.0091e-05
1.0075e-05
1.006e-05
1.0044e-05
1.0028e-05
1.0012e-05
9.9967e-06
9.981e-06
9.9653e-06
9.9497e-06
9.934e-06
9.9183e-06
9.9027e-06
9.8871e-06
9.8715e-06
9.8559e-06
9.8403e-06
9.8247e-06
9.8091e-06
9.7936e-06
9.778e-06
9.7625e-06
9.747e-06
9.7315e-06
9.716e-06
9.7006e-06
9.6851e-06
9.6697e-06
9.6542e-06
9.6388e-06
9.6234e-06
9.608e-06
9.5927e-06
9.5773e-06
9.5619e-06
9.5466e-06
9.5313e-06
9.516e-06
9.5007e-06
9.4854e-06
9.4701e-06
9.4549e-06
9.4396e-06
9.4244e-06
9.4092e-06
9.394e-06
9.3788e-06
9.3636e-06
9.3485e-06
9.3333e-06
9.3182e-06
9.3031e-06
9.288e-06
9.2729e-06
9.2578e-06
9.2427e-06
9.2277e-06
9.2127e-06
9.1976e-06
9.1826e-06
9.1676e-06
9.1527e-06
9.1377e-06
9.1227e-06
9.1078e-06
9.0929e-06
9.078e-06
9.0631e-06
9.0482e-06
9.0333e-06
9.0184e-06
9.0036e-06
8.9888e-06
8.974e-06
8.9592e-06
8.9444e-06
8.9296e-06
8.9148e-06
8.9001e-06
8.8854e-06
8.8706e-06
8.8559e-06
8.8413e-06
8.8266e-06
8.8119e-06
8.7973e-06
8.7826e-06
8.768e-06
8.7534e-06
8.7388e-06
8.7243e-06
8.7097e-06
8.6951e-06
8.6806e-06
8.6661e-06
8.6516e-06
8.6371e-06
8.6226e-06
8.6082e-06
8.5937e-06
8.5793e-06
8.5648e-06
8.5504e-06
8.536e-06
8.5217e-06
8.5073e-06
8.493e-06
8.4786e-06
8.4643e-06
8.45e-06
8.4357e-06
8.4214e-06
8.4072e-06
8.3929e-06
8.3787e-06
8.3645e-06
8.3503e-06
8.3361e-06
8.3219e-06
8.3077e-06
8.2936e-06
8.2794e-06
8.2653e-06
8.2512e-06
8.2371e-06
8.2231e-06
8.209e-06
8.1949e-06
8.1809e-06
8.1669e-06
8.1529e-06
8.1389e-06
8.1249e-06
8.111e-06
8.097e-06
8.0831e-06
8.0692e-06
8.0553e-06
8.0414e-06
8.0275e-06
8.0137e-06
7.9998e-06
7.986e-06
7.9722e-06
7.9584e-06
7.9446e-06
7.9308e-06
7.9171e-06
7.9033e-06
7.8896e-06
7.8759e-06
7.8622e-06
7.8485e-06
7.8348e-06
7.8212e-06
7.8075e-06
7.7939e-06
7.7803e-06
7.7667e-06
7.7531e-06
7.7396e-06
7.726e-06
7.7125e-06
7.6989e-06
7.6854e-06
7.6719e-06
7.6585e-06
7.645e-06
7.6316e-06
7.6181e-06
7.6047e-06
7.5913e-06
7.5779e-06
7.5645e-06
7.5512e-06
7.5378e-06
7.5245e-06
7.5112e-06
7.4979e-06
7.4846e-06
7.4713e-06
7.4581e-06
7.4448e-06
7.4316e-06
7.4184e-06
7.4052e-06
7.392e-06
7.3789e-06
7.3657e-06
7.3526e-06
7.3394e-06
7.3263e-06
7.3132e-06
7.3002e-06
7.2871e-06
7.2741e-06
7.261e-06
7.248e-06
7.235e-06
7.222e-06
7.209e-06
7.1961e-06
7.1831e-06
7.1702e-06
7.1573e-06
7.1444e-06
7.1315e-06
7.1186e-06
7.1058e-06
7.093e-06
7.0801e-06
7.0673e-06
7.0545e-06
7.0417e-06
7.029e-06
7.0162e-06
7.0035e-06
6.9908e-06
6.9781e-06
6.9654e-06
6.9527e-06
6.94e-06
6.9274e-06
6.9148e-06
6.9022e-06
6.8896e-06
6.877e-06
6.8644e-06
6.8518e-06
6.8393e-06
6.8268e-06
6.8143e-06
6.8018e-06
6.7893e-06
6.7768e-06
6.7644e-06
6.7519e-06
6.7395e-06
6.7271e-06
6.7147e-06
6.7023e-06
6.69e-06
6.6776e-06
6.6653e-06
6.653e-06
6.6407e-06
6.6284e-06
6.6161e-06
6.6039e-06
6.5916e-06
6.5794e-06
6.5672e-06
6.555e-06
6.5428e-06
6.5307e-06
6.5185e-06
6.5064e-06
6.4943e-06
6.4821e-06
6.4701e-06
6.458e-06
6.4459e-06
6.4339e-06
6.4218e-06
6.4098e-06
6.3978e-06
6.3858e-06
6.3739e-06
6.3619e-06
6.35e-06
6.338e-06
6.3261e-06
6.3142e-06
6.3024e-06
6.2905e-06
6.2786e-06
6.2668e-06
6.255e-06
6.2432e-06
6.2314e-06
6.2196e-06
6.2079e-06
6.1961e-06
6.1844e-06
6.1727e-06
6.161e-06
6.1493e-06
6.1376e-06
6.1259e-06
6.1143e-06
6.1027e-06
6.0911e-06
6.0795e-06
6.0679e-06
6.0563e-06
6.0448e-06
6.0332e-06
6.0217e-06
6.0102e-06
5.9987e-06
5.9872e-06
5.9758e-06
5.9643e-06
5.9529e-06
5.9415e-06
5.9301e-06
5.9187e-06
5.9073e-06
5.896e-06
5.8846e-06
5.8733e-06
5.862e-06
5.8507e-06
5.8394e-06
5.8281e-06
5.8169e-06
5.8057e-06
5.7944e-06
5.7832e-06
5.772e-06
5.7609e-06
5.7497e-06
5.7386e-06
5.7274e-06
5.7163e-06
5.7052e-06
5.6941e-06
5.683e-06
5.672e-06
5.6609e-06
5.6499e-06
5.6389e-06
5.6279e-06
5.6169e-06
5.6059e-06
5.595e-06
5.5841e-06
5.5731e-06
5.5622e-06
5.5513e-06
5.5404e-06
5.5296e-06
5.5187e-06
5.5079e-06
5.4971e-06
5.4863e-06
5.4755e-06
5.4647e-06
5.4539e-06
5.4432e-06
5.4325e-06
5.4218e-06
5.4111e-06
5.4004e-06
5.3897e-06
5.379e-06
5.3684e-06
5.3578e-06
5.3472e-06
5.3366e-06
5.326e-06
5.3154e-06
5.3049e-06
5.2943e-06
5.2838e-06
5.2733e-06
5.2628e-06
5.2523e-06
5.2418e-06
5.2314e-06
5.221e-06
5.2105e-06
5.2001e-06
5.1897e-06
5.1794e-06
5.169e-06
5.1587e-06
5.1483e-06
5.138e-06
5.1277e-06
5.1174e-06
5.1071e-06
5.0969e-06
5.0866e-06
5.0764e-06
5.0662e-06
5.056e-06
5.0458e-06
5.0356e-06
5.0255e-06
5.0153e-06
5.0052e-06
4.9951e-06
4.985e-06
4.9749e-06
4.9648e-06
4.9548e-06
4.9447e-06
4.9347e-06
4.9247e-06
4.9147e-06
4.9047e-06
4.8948e-06
4.8848e-06
4.8749e-06
4.8649e-06
4.855e-06
4.8451e-06
4.8353e-06
4.8254e-06
4.8156e-06
4.8057e-06
4.7959e-06
4.7861e-06
4.7763e-06
4.7665e-06
4.7567e-06
4.747e-06
4.7373e-06
4.7275e-06
4.7178e-06
4.7081e-06
4.6985e-06
4.6888e-06
4.6792e-06
4.6695e-06
4.6599e-06
4.6503e-06
4.6407e-06
4.6311e-06
4.6216e-06
4.612e-06
4.6025e-06
4.593e-06
4.5835e-06
4.574e-06
4.5645e-06
4.555e-06
4.5456e-06
4.5362e-06
4.5267e-06
4.5173e-06
4.5079e-06
4.4986e-06
4.4892e-06
4.4798e-06
4.4705e-06
4.4612e-06
4.4519e-06
4.4426e-06
4.4333e-06
4.4241e-06
4.4148e-06
4.4056e-06
4.3964e-06
4.3872e-06
4.378e-06
4.3688e-06
4.3596e-06
4.3505e-06
4.3413e-06
4.3322e-06
4.3231e-06
4.314e-06
4.3049e-06
4.2959e-06
4.2868e-06
4.2778e-06
4.2688e-06
4.2598e-06
4.2508e-06
4.2418e-06
4.2328e-06
4.2239e-06
4.2149e-06
4.206e-06
4.1971e-06
4.1882e-06
4.1793e-06
4.1704e-06
4.1616e-06
4.1527e-06
4.1439e-06
4.1351e-06
4.1263e-06
4.1175e-06
4.1088e-06
4.1e-06
4.0913e-06
4.0825e-06
4.0738e-06
4.0651e-06
4.0564e-06
4.0477e-06
4.0391e-06
4.0304e-06
4.0218e-06
4.0132e-06
4.0046e-06
3.996e-06
3.9874e-06
3.9788e-06
3.9703e-06
3.9618e-06
3.9532e-06
3.9447e-06
3.9362e-06
3.9278e-06
3.9193e-06
3.9108e-06
3.9024e-06
3.894e-06
3.8856e-06
3.8772e-06
3.8688e-06
3.8604e-06
3.852e-06
3.8437e-06
3.8354e-06
3.827e-06
3.8187e-06
3.8105e-06
3.8022e-06
3.7939e-06
3.7857e-06
3.7774e-06
3.7692e-06
3.761e-06
3.7528e-06
3.7446e-06
3.7364e-06
3.7283e-06
3.7202e-06
3.712e-06
3.7039e-06
3.6958e-06
3.6877e-06
3.6796e-06
3.6716e-06
3.6635e-06
3.6555e-06
3.6475e-06
3.6395e-06
3.6315e-06
3.6235e-06
3.6155e-06
3.6076e-06
3.5996e-06
3.5917e-06
3.5838e-06
3.5759e-06
3.568e-06
3.5601e-06
3.5523e-06
3.5444e-06
3.5366e-06
3.5288e-06
3.5209e-06
3.5131e-06
3.5054e-06
3.4976e-06
3.4898e-06
3.4821e-06
3.4744e-06
3.4666e-06
3.4589e-06
3.4513e-06
3.4436e-06
3.4359e-06
3.4283e-06
3.4206e-06
3.413e-06
3.4054e-06
3.3978e-06
3.3902e-06
3.3826e-06
3.3751e-06
3.3675e-06
3.36e-06
3.3525e-06
3.3449e-06
3.3375e-06
3.33e-06
3.3225e-06
3.315e-06
3.3076e-06
3.3002e-06
3.2927e-06
3.2853e-06
3.2779e-06
3.2706e-06
3.2632e-06
3.2558e-06
3.2485e-06
3.2412e-06
3.2339e-06
3.2266e-06
3.2193e-06
3.212e-06
3.2047e-06
3.1975e-06
3.1902e-06
3.183e-06
3.1758e-06
3.1686e-06
3.1614e-06
3.1542e-06
3.1471e-06
3.1399e-06
3.1328e-06
3.1256e-06
3.1185e-06
3.1114e-06
3.1043e-06
3.0973e-06
3.0902e-06
3.0831e-06
3.0761e-06
3.0691e-06
3.0621e-06
3.0551e-06
3.0481e-06
3.0411e-06
3.0341e-06
3.0272e-06
3.0202e-06
3.0133e-06
3.0064e-06
2.9995e-06
2.9926e-06
2.9857e-06
2.9789e-06
2.972e-06
2.9652e-06
2.9583e-06
2.9515e-06
2.9447e-06
2.9379e-06
2.9312e-06
2.9244e-06
2.9176e-06
2.9109e-06
2.9042e-06
2.8974e-06
2.8907e-06
2.884e-06
2.8774e-06
2.8707e-06
2.864e-06
2.8574e-06
2.8508e-06
2.8441e-06
2.8375e-06
2.8309e-06
2.8243e-06
2.8178e-06
2.8112e-06
2.8047e-06
2.7981e-06
2.7916e-06
2.7851e-06
2.7786e-06
2.7721e-06
2.7656e-06
2.7591e-06
2.7527e-06
2.7463e-06
2.7398e-06
2.7334e-06
2.727e-06
2.7206e-06
2.7142e-06
2.7079e-06
2.7015e-06
2.6951e-06
2.6888e-06
2.6825e-06
2.6762e-06
2.6699e-06
2.6636e-06
2.6573e-06
2.651e-06
2.6448e-06
2.6385e-06
2.6323e-06
2.6261e-06
2.6199e-06
2.6137e-06
2.6075e-06
2.6013e-06
2.5952e-06
2.589e-06
2.5829e-06
2.5768e-06
2.5707e-06
2.5646e-06
2.5585e-06
2.5524e-06
2.5463e-06
2.5403e-06
2.5342e-06
2.5282e-06
2.5222e-06
2.5161e-06
2.5101e-06
2.5042e-06
2.4982e-06
2.4922e-06
2.4863e-06
2.4803e-06
2.4744e-06
2.4685e-06
2.4626e-06
2.4567e-06
2.4508e-06
2.4449e-06
2.439e-06
2.4332e-06
2.4273e-06
2.4215e-06
2.4157e-06
2.4099e-06
2.4041e-06
2.3983e-06
2.3925e-06
2.3868e-06
2.381e-06
2.3753e-06
2.3695e-06
2.3638e-06
2.3581e-06
2.3524e-06
2.3467e-06
2.3411e-06
2.3354e-06
2.3297e-06
2.3241e-06
2.3185e-06
2.3128e-06
2.3072e-06
2.3016e-06
2.296e-06
2.2905e-06
2.2849e-06
2.2793e-06
2.2738e-06
2.2683e-06
2.2627e-06
2.2572e-06
2.2517e-06
2.2462e-06
2.2408e-06
2.2353e-06
2.2298e-06
2.2244e-06
2.219e-06
2.2135e-06
2.2081e-06
2.2027e-06
2.1973e-06
2.1919e-06
2.1866e-06
2.1812e-06
2.1759e-06
2.1705e-06
2.1652e-06
2.1599e-06
2.1546e-06
2.1493e-06
2.144e-06
2.1387e-06
2.1334e-06
2.1282e-06
2.1229e-06
2.1177e-06
2.1125e-06
2.1072e-06
2.102e-06
2.0968e-06
2.0917e-06
2.0865e-06
2.0813e-06
2.0762e-06
2.071e-06
2.0659e-06
2.0608e-06
2.0557e-06
2.0506e-06
2.0455e-06
2.0404e-06
2.0353e-06
2.0303e-06
2.0252e-06
2.0202e-06
2.0152e-06
2.0101e-06
2.0051e-06
2.0001e-06
1.9951e-06
1.9902e-06
1.9852e-06
1.9802e-06
1.9753e-06
1.9703e-06
1.9654e-06
1.9605e-06
1.9556e-06
1.9507e-06
1.9458e-06
1.9409e-06
1.9361e-06
1.9312e-06
1.9264e-06
1.9215e-06
1.9167e-06
1.9119e-06
1.9071e-06
1.9023e-06
1.8975e-06
1.8927e-06
1.8879e-06
1.8832e-06
1.8784e-06
1.8737e-06
1.8689e-06
1.8642e-06
1.8595e-06
1.8548e-06
1.8501e-06
1.8454e-06
1.8408e-06
1.8361e-06
1.8315e-06
1.8268e-06
1.8222e-06
1.8176e-06
1.8129e-06
1.8083e-06
1.8037e-06
1.7992e-06
1.7946e-06
1.79e-06
1.7855e-06
1.7809e-06
1.7764e-06
1.7719e-06
1.7673e-06
1.7628e-06
1.7583e-06
1.7538e-06
1.7494e-06
1.7449e-06
1.7404e-06
1.736e-06
1.7315e-06
1.7271e-06
1.7227e-06
1.7183e-06
1.7138e-06
1.7095e-06
1.7051e-06
1.7007e-06
1.6963e-06
1.692e-06
1.6876e-06
1.6833e-06
1.6789e-06
1.6746e-06
1.6703e-06
1.666e-06
1.6617e-06
1.6574e-06
1.6531e-06
1.6489e-06
1.6446e-06
1.6404e-06
1.6361e-06
1.6319e-06
1.6277e-06
1.6235e-06
1.6192e-06
1.6151e-06
1.6109e-06
1.6067e-06
1.6025e-06
1.5984e-06
1.5942e-06
1.5901e-06
1.5859e-06
1.5818e-06
1.5777e-06
1.5736e-06
1.5695e-06
1.5654e-06
1.5613e-06
1.5573e-06
1.5532e-06
1.5491e-06
1.5451e-06
1.5411e-06
1.537e-06
1.533e-06
1.529e-06
1.525e-06
1.521e-06
1.517e-06
1.5131e-06
1.5091e-06
1.5051e-06
1.5012e-06
1.4972e-06
1.4933e-06
1.4894e-06
1.4855e-06
1.4816e-06
1.4777e-06
1.4738e-06
1.4699e-06
1.466e-06
1.4622e-06
1.4583e-06
1.4545e-06
1.4506e-06
1.4468e-06
1.443e-06
1.4392e-06
1.4354e-06
1.4316e-06
1.4278e-06
1.424e-06
1.4202e-06
1.4165e-06
1.4127e-06
1.409e-06
1.4052e-06
1.4015e-06
1.3978e-06
1.3941e-06
1.3904e-06
1.3867e-06
1.383e-06
1.3793e-06
1.3756e-06
1.372e-06
1.3683e-06
1.3647e-06
1.361e-06
1.3574e-06
1.3538e-06
1.3502e-06
1.3465e-06
1.3429e-06
1.3394e-06
1.3358e-06
1.3322e-06
1.3286e-06
1.3251e-06
1.3215e-06
1.318e-06
1.3144e-06
1.3109e-06
1.3074e-06
1.3039e-06
1.3004e-06
1.2969e-06
1.2934e-06
1.2899e-06
1.2865e-06
1.283e-06
1.2795e-06
1.2761e-06
1.2727e-06
1.2692e-06
1.2658e-06
1.2624e-06
1.259e-06
1.2556e-06
1.2522e-06
1.2488e-06
1.2454e-06
1.242e-06
1.2387e-06
1.2353e-06
1.232e-06
1.2286e-06
1.2253e-06
1.222e-06
1.2187e-06
1.2154e-06
1.2121e-06
1.2088e-06
1.2055e-06
1.2022e-06
1.1989e-06
1.1957e-06
1.1924e-06
1.1891e-06
1.1859e-06
1.1827e-06
1.1794e-06
1.1762e-06
1.173e-06
1.1698e-06
1.1666e-06
1.1634e-06
1.1602e-06
1.1571e-06
1.1539e-06
1.1507e-06
1.1476e-06
1.1444e-06
1.1413e-06
1.1382e-06
1.135e-06
1.1319e-06
1.1288e-06
1.1257e-06
1.1226e-06
1.1195e-06
1.1165e-06
1.1134e-06
1.1103e-06
1.1073e-06
1.1042e-06
1.1012e-06
1.0981e-06
1.0951e-06
1.0921e-06
1.0891e-06
1.086e-06
1.083e-06
1.08e-06
1.0771e-06
1.0741e-06
1.0711e-06
1.0681e-06
1.0652e-06
1.0622e-06
1.0593e-06
1.0563e-06
1.0534e-06
1.0505e-06
1.0476e-06
1.0446e-06
1.0417e-06
1.0388e-06
1.036e-06
1.0331e-06
1.0302e-06
1.0273e-06
1.0245e-06
1.0216e-06
1.0188e-06
1.0159e-06
1.0131e-06
1.0102e-06
1.0074e-06
1.0046e-06
1.0018e-06
9.9899e-07
9.9619e-07
9.934e-07
9.9062e-07
9.8784e-07
9.8507e-07
9.8231e-07
9.7955e-07
9.768e-07
9.7406e-07
9.7132e-07
9.6859e-07
9.6587e-07
9.6315e-07
9.6044e-07
9.5774e-07
9.5504e-07
9.5235e-07
9.4966e-07
9.4699e-07
9.4431e-07
9.4165e-07
9.3899e-07
9.3634e-07
9.3369e-07
9.3105e-07
9.2842e-07
9.2579e-07
9.2317e-07
9.2056e-07
9.1795e-07
9.1535e-07
9.1275e-07
9.1017e-07
9.0758e-07
9.0501e-07
9.0244e-07
8.9987e-07
8.9732e-07
8.9476e-07
8.9222e-07
8.8968e-07
8.8715e-07
8.8462e-07
8.821e-07
8.7959e-07
8.7708e-07
8.7458e-07
8.7208e-07
8.6959e-07
8.6711e-07
8.6463e-07
8.6216e-07
8.5969e-07
8.5723e-07
8.5478e-07
8.5233e-07
8.4989e-07
8.4746e-07
8.4503e-07
8.4261e-07
8.4019e-07
8.3778e-07
8.3537e-07
8.3297e-07
8.3058e-07
8.2819e-07
8.2581e-07
8.2344e-07
8.2107e-07
8.187e-07
8.1634e-07
8.1399e-07
8.1165e-07
8.0931e-07
8.0697e-07
8.0464e-07
8.0232e-07
8e-07
7.9769e-07
7.9539e-07
7.9309e-07
7.9079e-07
7.885e-07
7.8622e-07
7.8394e-07
7.8167e-07
7.7941e-07
7.7715e-07
7.7489e-07
7.7264e-07
7.704e-07
7.6816e-07
7.6593e-07
7.637e-07
7.6148e-07
7.5927e-07
7.5706e-07
7.5486e-07
7.5266e-07
7.5046e-07
7.4828e-07
7.461e-07
7.4392e-07
7.4175e-07
7.3958e-07
7.3742e-07
7.3527e-07
7.3312e-07
7.3098e-07
7.2884e-07
7.2671e-07
7.2458e-07
7.2246e-07
7.2034e-07
7.1823e-07
7.1613e-07
7.1403e-07
7.1193e-07
7.0984e-07
7.0776e-07
7.0568e-07
7.036e-07
7.0154e-07
6.9947e-07
6.9742e-07
6.9536e-07
6.9332e-07
6.9127e-07
6.8924e-07
6.8721e-07
6.8518e-07
6.8316e-07
6.8114e-07
6.7913e-07
6.7713e-07
6.7513e-07
6.7313e-07
6.7114e-07
6.6916e-07
6.6718e-07
6.652e-07
6.6323e-07
6.6127e-07
6.5931e-07
6.5735e-07
6.554e-07
6.5346e-07
6.5152e-07
6.4959e-07
6.4766e-07
6.4573e-07
6.4381e-07
6.419e-07
6.3999e-07
6.3809e-07
6.3619e-07
6.3429e-07
6.324e-07
6.3052e-07
6.2864e-07
6.2677e-07
6.249e-07
6.2303e-07
6.2117e-07
6.1932e-07
6.1747e-07
6.1562e-07
6.1378e-07
6.1194e-07
6.1011e-07
6.0829e-07
6.0647e-07
6.0465e-07
6.0284e-07
6.0103e-07
5.9923e-07
5.9743e-07
5.9564e-07
5.9385e-07
5.9207e-07
5.9029e-07
5.8851e-07
5.8674e-07
5.8498e-07
5.8322e-07
5.8146e-07
5.7971e-07
5.7797e-07
5.7623e-07
5.7449e-07
5.7276e-07
5.7103e-07
5.6931e-07
5.6759e-07
5.6588e-07
5.6417e-07
5.6246e-07
5.6076e-07
5.5907e-07
5.5738e-07
5.5569e-07
5.5401e-07
5.5233e-07
5.5066e-07
5.4899e-07
5.4733e-07
5.4567e-07
5.4401e-07
5.4236e-07
5.4071e-07
5.3907e-07
5.3743e-07
5.358e-07
5.3417e-07
5.3255e-07
5.3093e-07
5.2931e-07
5.277e-07
5.261e-07
5.2449e-07
5.229e-07
5.213e-07
5.1971e-07
5.1813e-07
5.1655e-07
5.1497e-07
5.134e-07
5.1183e-07
5.1027e-07
5.0871e-07
5.0715e-07
5.056e-07
5.0406e-07
5.0251e-07
5.0098e-07
4.9944e-07
4.9791e-07
4.9639e-07
4.9487e-07
4.9335e-07
4.9184e-07
4.9033e-07
4.8882e-07
4.8732e-07
4.8583e-07
4.8433e-07
4.8284e-07
4.8136e-07
4.7988e-07
4.784e-07
4.7693e-07
4.7546e-07
4.74e-07
4.7254e-07
4.7109e-07
4.6963e-07
4.6819e-07
4.6674e-07
4.653e-07
4.6387e-07
4.6244e-07
4.6101e-07
4.5959e-07
4.5817e-07
4.5675e-07
4.5534e-07
4.5393e-07
4.5253e-07
4.5113e-07
4.4973e-07
4.4834e-07
4.4695e-07
4.4557e-07
4.4419e-07
4.4281e-07
4.4144e-07
4.4007e-07
4.387e-07
4.3734e-07
4.3599e-07
4.3463e-07
4.3328e-07
4.3194e-07
4.306e-07
4.2926e-07
4.2792e-07
4.2659e-07
4.2527e-07
4.2394e-07
4.2262e-07
4.2131e-07
4.2e-07
4.1869e-07
4.1739e-07
4.1609e-07
4.1479e-07
4.135e-07
4.1221e-07
4.1092e-07
4.0964e-07
4.0836e-07
4.0709e-07
4.0582e-07
4.0455e-07
4.0329e-07
4.0203e-07
4.0077e-07
3.9952e-07
3.9827e-07
3.9702e-07
3.9578e-07
3.9454e-07
3.9331e-07
3.9208e-07
3.9085e-07
3.8963e-07
3.8841e-07
3.8719e-07
3.8598e-07
3.8477e-07
3.8356e-07
3.8236e-07
3.8116e-07
3.7997e-07
3.7877e-07
3.7759e-07
3.764e-07
3.7522e-07
3.7404e-07
3.7287e-07
3.717e-07
3.7053e-07
3.6937e-07
3.6821e-07
3.6705e-07
3.659e-07
3.6475e-07
3.636e-07
3.6246e-07
3.6132e-07
3.6018e-07
3.5905e-07
3.5792e-07
3.5679e-07
3.5567e-07
3.5455e-07
3.5343e-07
3.5232e-07
3.5121e-07
3.5011e-07
3.4901e-07
3.4791e-07
3.4681e-07
3.4572e-07
3.4463e-07
3.4354e-07
3.4246e-07
3.4138e-07
3.4031e-07
3.3923e-07
3.3816e-07
3.371e-07
3.3604e-07
3.3498e-07
3.3392e-07
3.3287e-07
3.3182e-07
3.3077e-07
3.2973e-07
3.2869e-07
3.2765e-07
3.2662e-07
3.2559e-07
3.2456e-07
3.2354e-07
3.2252e-07
3.215e-07
3.2049e-07
3.1948e-07
3.1847e-07
3.1747e-07
3.1647e-07
3.1547e-07
3.1448e-07
3.1348e-07
3.125e-07
3.1151e-07
3.1053e-07
3.0955e-07
3.0858e-07
3.076e-07
3.0663e-07
3.0567e-07
3.047e-07
3.0374e-07
3.0279e-07
3.0183e-07
3.0088e-07
2.9994e-07
2.9899e-07
2.9805e-07
2.9711e-07
2.9618e-07
2.9525e-07
2.9432e-07
2.9339e-07
2.9247e-07
2.9155e-07
2.9064e-07
2.8972e-07
2.8881e-07
2.879e-07
2.87e-07
2.861e-07
2.852e-07
2.8431e-07
2.8342e-07
2.8253e-07
2.8164e-07
2.8076e-07
2.7988e-07
2.79e-07
2.7813e-07
2.7726e-07
2.7639e-07
2.7553e-07
2.7467e-07
2.7381e-07
2.7295e-07
2.721e-07
2.7125e-07
2.7041e-07
2.6956e-07
2.6872e-07
2.6789e-07
2.6705e-07
2.6622e-07
2.6539e-07
2.6457e-07
2.6374e-07
2.6293e-07
2.6211e-07
2.613e-07
2.6049e-07
2.5968e-07
2.5888e-07
2.5807e-07
2.5728e-07
2.5648e-07
2.5569e-07
2.549e-07
2.5411e-07
2.5333e-07
2.5255e-07
2.5177e-07
2.51e-07
2.5023e-07
2.4946e-07
2.4869e-07
2.4793e-07
2.4717e-07
2.4641e-07
2.4566e-07
2.4491e-07
2.4416e-07
2.4342e-07
2.4268e-07
2.4194e-07
2.412e-07
2.4047e-07
2.3974e-07
2.3901e-07
2.3829e-07
2.3757e-07
2.3685e-07
2.3614e-07
2.3543e-07
2.3472e-07
2.3401e-07
2.3331e-07
2.3261e-07
2.3191e-07
2.3122e-07
2.3053e-07
2.2984e-07
2.2915e-07
2.2847e-07
2.2779e-07
2.2712e-07
2.2644e-07
2.2577e-07
2.2511e-07
2.2444e-07
2.2378e-07
2.2312e-07
2.2247e-07
2.2182e-07
2.2117e-07
2.2052e-07
2.1988e-07
2.1924e-07
2.186e-07
2.1797e-07
2.1734e-07
2.1671e-07
2.1609e-07
2.1546e-07
2.1485e-07
2.1423e-07
2.1362e-07
2.1301e-07
2.124e-07
2.118e-07
2.112e-07
2.106e-07
2.1001e-07
2.0942e-07
2.0883e-07
2.0824e-07
2.0766e-07
2.0708e-07
2.0651e-07
