2.5771e-19
2.5556e-19
2.5355e-19
2.5168e-19
2.4995e-19
2.4835e-19
2.469e-19
2.4558e-19
2.444e-19
2.4336e-19
2.4246e-19
2.4169e-19
2.4107e-19
2.4058e-19
2.4023e-19
2.4003e-19
2.3996e-19
2.4003e-19
2.4025e-19
2.4061e-19
2.4111e-19
2.4176e-19
2.4255e-19
2.4348e-19
2.4457e-19
2.458e-19
2.4719e-19
2.4872e-19
2.5041e-19
2.5226e-19
2.5426e-19
2.5641e-19
2.5873e-19
2.6121e-19
2.6386e-19
2.6667e-19
2.6965e-19
2.728e-19
2.7613e-19
2.7963e-19
2.8331e-19
2.8718e-19
2.9122e-19
2.9546e-19
2.9989e-19
3.0451e-19
3.0933e-19
3.1435e-19
3.1957e-19
3.2501e-19
3.3065e-19
3.3652e-19
3.426e-19
3.4891e-19
3.5545e-19
3.6223e-19
3.6924e-19
3.765e-19
3.84e-19
3.9176e-19
3.9978e-19
4.0806e-19
4.1662e-19
4.2545e-19
4.3457e-19
4.4397e-19
4.5367e-19
4.6367e-19
4.7398e-19
4.846e-19
4.9555e-19
5.0682e-19
5.1844e-19
5.304e-19
5.4271e-19
5.5539e-19
5.6843e-19
5.8185e-19
5.9566e-19
6.0987e-19
6.2449e-19
6.3952e-19
6.5497e-19
6.7086e-19
6.872e-19
7.0399e-19
7.2126e-19
7.39e-19
7.5723e-19
7.7597e-19
7.9522e-19
8.15e-19
8.3532e-19
8.5619e-19
8.7763e-19
8.9965e-19
9.2227e-19
9.455e-19
9.6935e-19
9.9384e-19
1.019e-18
1.0448e-18
1.0713e-18
1.0985e-18
1.1265e-18
1.1552e-18
1.1846e-18
1.2148e-18
1.2459e-18
1.2777e-18
1.3104e-18
1.3439e-18
1.3783e-18
1.4136e-18
1.4499e-18
1.4871e-18
1.5252e-18
1.5644e-18
1.6046e-18
1.6458e-18
1.6881e-18
1.7315e-18
1.776e-18
1.8217e-18
1.8686e-18
1.9166e-18
1.966e-18
2.0165e-18
2.0684e-18
2.1217e-18
2.1763e-18
2.2323e-18
2.2897e-18
2.3487e-18
2.4091e-18
2.4711e-18
2.5347e-18
2.5999e-18
2.6668e-18
2.7354e-18
2.8057e-18
2.8779e-18
2.9519e-18
3.0278e-18
3.1056e-18
3.1854e-18
3.2672e-18
3.3511e-18
3.4372e-18
3.5254e-18
3.6159e-18
3.7087e-18
3.8038e-18
3.9013e-18
4.0014e-18
4.1039e-18
4.2091e-18
4.3169e-18
4.4274e-18
4.5407e-18
4.6569e-18
4.7761e-18
4.8982e-18
5.0235e-18
5.1518e-18
5.2835e-18
5.4184e-18
5.5567e-18
5.6986e-18
5.8439e-18
5.993e-18
6.1458e-18
6.3024e-18
6.4629e-18
6.6275e-18
6.7963e-18
6.9692e-18
7.1465e-18
7.3282e-18
7.5145e-18
7.7054e-18
7.9011e-18
8.1017e-18
8.3073e-18
8.5181e-18
8.7341e-18
8.9555e-18
9.1824e-18
9.415e-18
9.6534e-18
9.8977e-18
1.0148e-17
1.0405e-17
1.0668e-17
1.0937e-17
1.1213e-17
1.1497e-17
1.1787e-17
1.2084e-17
1.2389e-17
1.2701e-17
1.3021e-17
1.3349e-17
1.3685e-17
1.4029e-17
1.4382e-17
1.4744e-17
1.5114e-17
1.5494e-17
1.5883e-17
1.6282e-17
1.669e-17
1.7109e-17
1.7538e-17
1.7977e-17
1.8428e-17
1.8889e-17
1.9362e-17
1.9846e-17
2.0343e-17
2.0851e-17
2.1372e-17
2.1906e-17
2.2453e-17
2.3013e-17
2.3587e-17
2.4175e-17
2.4777e-17
2.5394e-17
2.6027e-17
2.6675e-17
2.7338e-17
2.8018e-17
2.8714e-17
2.9428e-17
3.0159e-17
3.0907e-17
3.1674e-17
3.246e-17
3.3265e-17
3.4089e-17
3.4934e-17
3.5799e-17
3.6685e-17
3.7592e-17
3.8522e-17
3.9474e-17
4.0449e-17
4.1448e-17
4.2471e-17
4.3519e-17
4.4593e-17
4.5692e-17
4.6818e-17
4.7971e-17
4.9152e-17
5.0362e-17
5.1601e-17
5.287e-17
5.4169e-17
5.55e-17
5.6863e-17
5.8258e-17
5.9688e-17
6.1152e-17
6.2651e-17
6.4186e-17
6.5758e-17
6.7368e-17
6.9016e-17
7.0705e-17
7.2433e-17
7.4203e-17
7.6016e-17
7.7872e-17
7.9773e-17
8.1719e-17
8.3712e-17
8.5752e-17
8.7841e-17
8.998e-17
9.2171e-17
9.4413e-17
9.671e-17
9.9061e-17
1.0147e-16
1.0393e-16
1.0646e-16
1.0904e-16
1.1168e-16
1.1439e-16
1.1716e-16
1.2e-16
1.2291e-16
1.2588e-16
1.2893e-16
1.3204e-16
1.3524e-16
1.385e-16
1.4185e-16
1.4527e-16
1.4878e-16
1.5237e-16
1.5604e-16
1.598e-16
1.6365e-16
1.6759e-16
1.7162e-16
1.7575e-16
1.7997e-16
1.843e-16
1.8872e-16
1.9325e-16
1.9789e-16
2.0264e-16
2.075e-16
2.1247e-16
2.1756e-16
2.2277e-16
2.281e-16
2.3356e-16
2.3914e-16
2.4486e-16
2.5071e-16
2.567e-16
2.6282e-16
2.6909e-16
2.7551e-16
2.8208e-16
2.888e-16
2.9568e-16
3.0272e-16
3.0992e-16
3.1729e-16
3.2483e-16
3.3255e-16
3.4045e-16
3.4853e-16
3.568e-16
3.6527e-16
3.7393e-16
3.8279e-16
3.9186e-16
4.0113e-16
4.1063e-16
4.2034e-16
4.3028e-16
4.4045e-16
4.5085e-16
4.615e-16
4.7239e-16
4.8353e-16
4.9493e-16
5.066e-16
5.1853e-16
5.3074e-16
5.4324e-16
5.5602e-16
5.6909e-16
5.8247e-16
5.9615e-16
6.1015e-16
6.2447e-16
6.3912e-16
6.5411e-16
6.6944e-16
6.8513e-16
7.0117e-16
7.1759e-16
7.3438e-16
7.5155e-16
7.6912e-16
7.8709e-16
8.0547e-16
8.2427e-16
8.435e-16
8.6318e-16
8.833e-16
9.0388e-16
9.2493e-16
9.4646e-16
9.6848e-16
9.9101e-16
1.014e-15
1.0376e-15
1.0617e-15
1.0864e-15
1.1116e-15
1.1373e-15
1.1637e-15
1.1907e-15
1.2183e-15
1.2465e-15
1.2753e-15
1.3048e-15
1.335e-15
1.3658e-15
1.3973e-15
1.4296e-15
1.4626e-15
1.4963e-15
1.5308e-15
1.5661e-15
1.6022e-15
1.6391e-15
1.6768e-15
1.7153e-15
1.7548e-15
1.7951e-15
1.8363e-15
1.8785e-15
1.9216e-15
1.9657e-15
2.0107e-15
2.0568e-15
2.1039e-15
2.1521e-15
2.2013e-15
2.2517e-15
2.3031e-15
2.3558e-15
2.4096e-15
2.4646e-15
2.5208e-15
2.5783e-15
2.6371e-15
2.6971e-15
2.7586e-15
2.8214e-15
2.8856e-15
2.9512e-15
3.0183e-15
3.0869e-15
3.157e-15
3.2286e-15
3.3019e-15
3.3767e-15
3.4533e-15
3.5315e-15
3.6115e-15
3.6933e-15
3.7768e-15
3.8622e-15
3.9495e-15
4.0387e-15
4.1299e-15
4.2232e-15
4.3184e-15
4.4158e-15
4.5153e-15
4.6171e-15
4.721e-15
4.8273e-15
4.9359e-15
5.0468e-15
5.1603e-15
5.2762e-15
5.3947e-15
5.5157e-15
5.6394e-15
5.7659e-15
5.8951e-15
6.0271e-15
6.1621e-15
6.3e-15
6.4409e-15
6.5849e-15
6.732e-15
6.8824e-15
7.036e-15
7.193e-15
7.3534e-15
7.5174e-15
7.6849e-15
7.856e-15
8.0309e-15
8.2096e-15
8.3921e-15
8.5787e-15
8.7692e-15
8.964e-15
9.1629e-15
9.3662e-15
9.5739e-15
9.7861e-15
1.0003e-14
1.0224e-14
1.0451e-14
1.0682e-14
1.0918e-14
1.1159e-14
1.1406e-14
1.1658e-14
1.1915e-14
1.2178e-14
1.2446e-14
1.272e-14
1.3e-14
1.3287e-14
1.3579e-14
1.3878e-14
1.4183e-14
1.4494e-14
1.4812e-14
1.5138e-14
1.547e-14
1.5809e-14
1.6155e-14
1.6509e-14
1.6871e-14
1.724e-14
1.7617e-14
1.8002e-14
1.8396e-14
1.8797e-14
1.9208e-14
1.9627e-14
2.0055e-14
2.0492e-14
2.0939e-14
2.1395e-14
2.186e-14
2.2336e-14
2.2822e-14
2.3318e-14
2.3824e-14
2.4341e-14
2.487e-14
2.5409e-14
2.596e-14
2.6523e-14
2.7097e-14
2.7684e-14
2.8283e-14
2.8894e-14
2.9519e-14
3.0157e-14
3.0808e-14
3.1473e-14
3.2152e-14
3.2845e-14
3.3553e-14
3.4276e-14
3.5014e-14
3.5767e-14
3.6537e-14
3.7322e-14
3.8124e-14
3.8943e-14
3.9779e-14
4.0632e-14
4.1504e-14
4.2393e-14
4.3302e-14
4.4229e-14
4.5175e-14
4.6142e-14
4.7128e-14
4.8135e-14
4.9164e-14
5.0213e-14
5.1285e-14
5.2378e-14
5.3495e-14
5.4635e-14
5.5798e-14
5.6986e-14
5.8198e-14
5.9435e-14
6.0699e-14
6.1988e-14
6.3304e-14
6.4647e-14
6.6018e-14
6.7418e-14
6.8846e-14
7.0304e-14
7.1792e-14
7.3311e-14
7.4861e-14
7.6443e-14
7.8058e-14
7.9706e-14
8.1388e-14
8.3105e-14
8.4857e-14
8.6645e-14
8.8469e-14
9.0332e-14
9.2232e-14
9.4171e-14
9.6151e-14
9.817e-14
1.0023e-13
1.0233e-13
1.0448e-13
1.0667e-13
1.0891e-13
1.1119e-13
1.1351e-13
1.1589e-13
1.1831e-13
1.2078e-13
1.2331e-13
1.2588e-13
1.2851e-13
1.3119e-13
1.3392e-13
1.3671e-13
1.3956e-13
1.4247e-13
1.4543e-13
1.4845e-13
1.5154e-13
1.5469e-13
1.579e-13
1.6117e-13
1.6451e-13
1.6792e-13
1.714e-13
1.7495e-13
1.7857e-13
1.8227e-13
1.8604e-13
1.8988e-13
1.938e-13
1.978e-13
2.0188e-13
2.0604e-13
2.1029e-13
2.1462e-13
2.1904e-13
2.2355e-13
2.2815e-13
2.3284e-13
2.3762e-13
2.425e-13
2.4748e-13
2.5255e-13
2.5773e-13
2.6301e-13
2.684e-13
2.7389e-13
2.795e-13
2.8521e-13
2.9104e-13
2.9699e-13
3.0305e-13
3.0924e-13
3.1554e-13
3.2198e-13
3.2854e-13
3.3523e-13
3.4205e-13
3.4901e-13
3.561e-13
3.6334e-13
3.7072e-13
3.7824e-13
3.8592e-13
3.9374e-13
4.0172e-13
4.0986e-13
4.1816e-13
4.2662e-13
4.3525e-13
4.4404e-13
4.5302e-13
4.6216e-13
4.7149e-13
4.81e-13
4.907e-13
5.0059e-13
5.1067e-13
5.2095e-13
5.3143e-13
5.4211e-13
5.53e-13
5.6411e-13
5.7544e-13
5.8698e-13
5.9875e-13
6.1075e-13
6.2299e-13
6.3546e-13
6.4818e-13
6.6114e-13
6.7435e-13
6.8783e-13
7.0156e-13
7.1556e-13
7.2983e-13
7.4438e-13
7.5922e-13
7.7433e-13
7.8975e-13
8.0546e-13
8.2147e-13
8.3779e-13
8.5443e-13
8.7139e-13
8.8868e-13
9.063e-13
9.2426e-13
9.4257e-13
9.6123e-13
9.8025e-13
9.9963e-13
1.0194e-12
1.0395e-12
1.06e-12
1.081e-12
1.1023e-12
1.124e-12
1.1462e-12
1.1687e-12
1.1917e-12
1.2152e-12
1.239e-12
1.2634e-12
1.2882e-12
1.3135e-12
1.3392e-12
1.3655e-12
1.3923e-12
1.4195e-12
1.4473e-12
1.4756e-12
1.5045e-12
1.5339e-12
1.5638e-12
1.5943e-12
1.6254e-12
1.6571e-12
1.6894e-12
1.7223e-12
1.7558e-12
1.79e-12
1.8248e-12
1.8603e-12
1.8964e-12
1.9332e-12
1.9707e-12
2.0089e-12
2.0479e-12
2.0875e-12
2.1279e-12
2.1691e-12
2.211e-12
2.2538e-12
2.2973e-12
2.3416e-12
2.3868e-12
2.4329e-12
2.4797e-12
2.5275e-12
2.5762e-12
2.6257e-12
2.6762e-12
2.7277e-12
2.78e-12
2.8334e-12
2.8878e-12
2.9432e-12
2.9996e-12
3.057e-12
3.1155e-12
3.1752e-12
3.2359e-12
3.2977e-12
3.3607e-12
3.4249e-12
3.4902e-12
3.5568e-12
3.6246e-12
3.6936e-12
3.7639e-12
3.8355e-12
3.9085e-12
3.9827e-12
4.0584e-12
4.1354e-12
4.2139e-12
4.2938e-12
4.3752e-12
4.458e-12
4.5424e-12
4.6284e-12
4.7159e-12
4.805e-12
4.8958e-12
4.9882e-12
5.0823e-12
5.1781e-12
5.2757e-12
5.3751e-12
5.4762e-12
5.5793e-12
5.6842e-12
5.791e-12
5.8997e-12
6.0105e-12
6.1232e-12
6.238e-12
6.3549e-12
6.4739e-12
6.5951e-12
6.7185e-12
6.8441e-12
6.972e-12
7.1021e-12
7.2347e-12
7.3696e-12
7.507e-12
7.6469e-12
7.7893e-12
7.9342e-12
8.0818e-12
8.232e-12
8.385e-12
8.5406e-12
8.6991e-12
8.8605e-12
9.0247e-12
9.1919e-12
9.362e-12
9.5353e-12
9.7116e-12
9.8911e-12
1.0074e-11
1.026e-11
1.0449e-11
1.0642e-11
1.0838e-11
1.1037e-11
1.1241e-11
1.1447e-11
1.1658e-11
1.1872e-11
1.209e-11
1.2312e-11
1.2538e-11
1.2768e-11
1.3002e-11
1.324e-11
1.3482e-11
1.3728e-11
1.3979e-11
1.4235e-11
1.4495e-11
1.4759e-11
1.5028e-11
1.5302e-11
1.5581e-11
1.5864e-11
1.6153e-11
1.6447e-11
1.6746e-11
1.705e-11
1.7359e-11
1.7674e-11
1.7995e-11
1.8321e-11
1.8652e-11
1.899e-11
1.9333e-11
1.9683e-11
2.0038e-11
2.04e-11
2.0768e-11
2.1143e-11
2.1524e-11
2.1912e-11
2.2306e-11
2.2707e-11
2.3115e-11
2.3531e-11
2.3953e-11
2.4383e-11
2.4821e-11
2.5266e-11
2.5718e-11
2.6179e-11
2.6647e-11
2.7124e-11
2.7609e-11
2.8102e-11
2.8603e-11
2.9114e-11
2.9633e-11
3.0161e-11
3.0698e-11
3.1244e-11
3.18e-11
3.2365e-11
3.294e-11
3.3525e-11
3.412e-11
3.4725e-11
3.5341e-11
3.5967e-11
3.6603e-11
3.7251e-11
3.7909e-11
3.8579e-11
3.9261e-11
3.9953e-11
4.0658e-11
4.1375e-11
4.2104e-11
4.2845e-11
4.3599e-11
4.4366e-11
4.5145e-11
4.5938e-11
4.6744e-11
4.7564e-11
4.8398e-11
4.9246e-11
5.0109e-11
5.0985e-11
5.1877e-11
5.2784e-11
5.3706e-11
5.4643e-11
5.5597e-11
5.6566e-11
5.7552e-11
5.8554e-11
5.9573e-11
6.0609e-11
6.1662e-11
6.2734e-11
6.3823e-11
6.493e-11
6.6056e-11
6.72e-11
6.8364e-11
6.9547e-11
7.075e-11
7.1973e-11
7.3217e-11
7.4481e-11
7.5766e-11
7.7072e-11
7.84e-11
7.975e-11
8.1123e-11
8.2518e-11
8.3937e-11
8.5379e-11
8.6845e-11
8.8335e-11
8.9849e-11
9.1389e-11
9.2954e-11
9.4545e-11
9.6162e-11
9.7806e-11
9.9477e-11
1.0118e-10
1.029e-10
1.0466e-10
1.0644e-10
1.0825e-10
1.1009e-10
1.1197e-10
1.1387e-10
1.158e-10
1.1777e-10
1.1977e-10
1.218e-10
1.2386e-10
1.2596e-10
1.2809e-10
1.3026e-10
1.3246e-10
1.347e-10
1.3697e-10
1.3928e-10
1.4163e-10
1.4402e-10
1.4644e-10
1.4891e-10
1.5141e-10
1.5395e-10
1.5654e-10
1.5917e-10
1.6184e-10
1.6455e-10
1.6731e-10
1.7011e-10
1.7295e-10
1.7585e-10
1.7878e-10
1.8177e-10
1.848e-10
1.8788e-10
1.9102e-10
1.942e-10
1.9743e-10
2.0071e-10
2.0405e-10
2.0744e-10
2.1089e-10
2.1438e-10
2.1794e-10
2.2155e-10
2.2522e-10
2.2895e-10
2.3273e-10
2.3658e-10
2.4049e-10
2.4446e-10
2.4849e-10
2.5259e-10
2.5675e-10
2.6098e-10
2.6527e-10
2.6963e-10
2.7406e-10
2.7856e-10
2.8314e-10
2.8778e-10
2.925e-10
2.9729e-10
3.0215e-10
3.071e-10
3.1212e-10
3.1721e-10
3.2239e-10
3.2765e-10
3.33e-10
3.3842e-10
3.4393e-10
3.4953e-10
3.5521e-10
3.6099e-10
3.6685e-10
3.728e-10
3.7885e-10
3.8499e-10
3.9123e-10
3.9756e-10
4.0399e-10
4.1052e-10
4.1715e-10
4.2389e-10
4.3073e-10
4.3767e-10
4.4472e-10
4.5188e-10
4.5916e-10
4.6654e-10
4.7404e-10
4.8165e-10
4.8938e-10
4.9723e-10
5.052e-10
5.1329e-10
5.2151e-10
5.2985e-10
5.3832e-10
5.4692e-10
5.5565e-10
5.6451e-10
5.7351e-10
5.8265e-10
5.9192e-10
6.0134e-10
6.109e-10
6.2061e-10
6.3046e-10
6.4047e-10
6.5062e-10
6.6093e-10
6.714e-10
6.8202e-10
6.9281e-10
7.0376e-10
7.1487e-10
7.2616e-10
7.3761e-10
7.4923e-10
7.6104e-10
7.7301e-10
7.8517e-10
7.9752e-10
8.1004e-10
8.2276e-10
8.3566e-10
8.4876e-10
8.6206e-10
8.7556e-10
8.8925e-10
9.0315e-10
9.1726e-10
9.3158e-10
9.4612e-10
9.6087e-10
9.7584e-10
9.9103e-10
1.0065e-09
1.0221e-09
1.038e-09
1.0541e-09
1.0705e-09
1.0871e-09
1.1039e-09
1.121e-09
1.1383e-09
1.1559e-09
1.1738e-09
1.1919e-09
1.2103e-09
1.229e-09
1.2479e-09
1.2671e-09
1.2866e-09
1.3064e-09
1.3265e-09
1.3469e-09
1.3675e-09
1.3885e-09
1.4098e-09
1.4314e-09
1.4533e-09
1.4755e-09
1.498e-09
1.5209e-09
1.5441e-09
1.5677e-09
1.5916e-09
1.6158e-09
1.6404e-09
1.6653e-09
1.6907e-09
1.7163e-09
1.7424e-09
1.7688e-09
1.7956e-09
1.8228e-09
1.8504e-09
1.8784e-09
1.9067e-09
1.9355e-09
1.9647e-09
1.9944e-09
2.0244e-09
2.0549e-09
2.0858e-09
2.1172e-09
2.149e-09
2.1813e-09
2.214e-09
2.2472e-09
2.2809e-09
2.315e-09
2.3497e-09
2.3848e-09
2.4204e-09
2.4566e-09
2.4932e-09
2.5304e-09
2.5681e-09
2.6063e-09
2.6451e-09
2.6844e-09
2.7243e-09
2.7648e-09
2.8058e-09
2.8474e-09
2.8895e-09
2.9323e-09
2.9757e-09
3.0197e-09
3.0643e-09
3.1095e-09
3.1554e-09
3.2019e-09
3.249e-09
3.2969e-09
3.3453e-09
3.3945e-09
3.4444e-09
3.4949e-09
3.5462e-09
3.5981e-09
3.6508e-09
3.7042e-09
3.7584e-09
3.8133e-09
3.869e-09
3.9254e-09
3.9827e-09
4.0407e-09
4.0995e-09
4.1592e-09
4.2196e-09
4.2809e-09
4.343e-09
4.406e-09
4.4699e-09
4.5346e-09
4.6003e-09
4.6668e-09
4.7342e-09
4.8026e-09
4.8719e-09
4.9422e-09
5.0134e-09
5.0856e-09
5.1587e-09
5.2329e-09
5.3081e-09
5.3843e-09
5.4615e-09
5.5398e-09
5.6192e-09
5.6996e-09
5.7811e-09
5.8637e-09
5.9475e-09
6.0324e-09
6.1184e-09
6.2056e-09
6.2939e-09
6.3835e-09
6.4742e-09
6.5662e-09
6.6594e-09
6.7539e-09
6.8496e-09
6.9467e-09
7.045e-09
7.1446e-09
7.2456e-09
7.3479e-09
7.4516e-09
7.5567e-09
7.6632e-09
7.771e-09
7.8804e-09
7.9912e-09
8.1034e-09
8.2172e-09
8.3324e-09
8.4492e-09
8.5675e-09
8.6874e-09
8.8089e-09
8.932e-09
9.0567e-09
9.1831e-09
9.3111e-09
9.4408e-09
9.5722e-09
9.7053e-09
9.8402e-09
9.9769e-09
1.0115e-08
1.0256e-08
1.0398e-08
1.0542e-08
1.0688e-08
1.0835e-08
1.0985e-08
1.1137e-08
1.129e-08
1.1446e-08
1.1603e-08
1.1763e-08
1.1925e-08
1.2089e-08
1.2255e-08
1.2423e-08
1.2593e-08
1.2765e-08
1.294e-08
1.3117e-08
1.3296e-08
1.3478e-08
1.3662e-08
1.3848e-08
1.4037e-08
1.4228e-08
1.4421e-08
1.4617e-08
1.4816e-08
1.5017e-08
1.522e-08
1.5427e-08
1.5635e-08
1.5847e-08
1.6061e-08
1.6278e-08
1.6498e-08
1.672e-08
1.6945e-08
1.7174e-08
1.7405e-08
1.7638e-08
1.7875e-08
1.8115e-08
1.8358e-08
1.8604e-08
1.8853e-08
1.9105e-08
1.9361e-08
1.9619e-08
1.9881e-08
2.0146e-08
2.0415e-08
2.0687e-08
2.0962e-08
2.124e-08
2.1523e-08
2.1808e-08
2.2097e-08
2.239e-08
2.2687e-08
2.2987e-08
2.3291e-08
2.3598e-08
2.391e-08
2.4225e-08
2.4544e-08
2.4867e-08
2.5194e-08
2.5526e-08
2.5861e-08
2.62e-08
2.6544e-08
2.6891e-08
2.7243e-08
2.76e-08
2.7961e-08
2.8326e-08
2.8695e-08
2.9069e-08
2.9448e-08
2.9831e-08
3.0219e-08
3.0612e-08
3.101e-08
3.1412e-08
3.1819e-08
3.2231e-08
3.2648e-08
3.3071e-08
3.3498e-08
3.393e-08
3.4368e-08
3.4811e-08
3.5259e-08
3.5713e-08
3.6172e-08
3.6637e-08
3.7107e-08
3.7583e-08
3.8065e-08
3.8552e-08
3.9045e-08
3.9544e-08
4.0049e-08
4.056e-08
4.1078e-08
4.1601e-08
4.2131e-08
4.2666e-08
4.3209e-08
4.3757e-08
4.4312e-08
4.4874e-08
4.5443e-08
4.6018e-08
4.66e-08
4.7188e-08
4.7784e-08
4.8387e-08
4.8996e-08
4.9613e-08
5.0238e-08
5.0869e-08
5.1508e-08
5.2154e-08
5.2808e-08
5.347e-08
5.4139e-08
5.4816e-08
5.5501e-08
5.6194e-08
5.6895e-08
5.7604e-08
5.8322e-08
5.9047e-08
5.9781e-08
6.0524e-08
6.1275e-08
6.2035e-08
6.2804e-08
6.3581e-08
6.4367e-08
6.5163e-08
6.5968e-08
6.6781e-08
6.7605e-08
6.8437e-08
6.9279e-08
7.0131e-08
7.0992e-08
7.1864e-08
7.2745e-08
7.3636e-08
7.4538e-08
7.5449e-08
7.6371e-08
7.7304e-08
7.8247e-08
7.92e-08
8.0165e-08
8.114e-08
8.2127e-08
8.3124e-08
8.4133e-08
8.5153e-08
8.6184e-08
8.7227e-08
8.8282e-08
8.9349e-08
9.0427e-08
9.1518e-08
9.2621e-08
9.3736e-08
9.4863e-08
9.6004e-08
9.7156e-08
9.8322e-08
9.95e-08
1.0069e-07
1.019e-07
1.0311e-07
1.0435e-07
1.0559e-07
1.0685e-07
1.0812e-07
1.0941e-07
1.1071e-07
1.1203e-07
1.1336e-07
1.147e-07
1.1606e-07
1.1743e-07
1.1882e-07
1.2023e-07
1.2165e-07
1.2308e-07
1.2453e-07
1.26e-07
1.2748e-07
1.2898e-07
1.3049e-07
1.3202e-07
1.3357e-07
1.3514e-07
1.3672e-07
1.3831e-07
1.3993e-07
1.4156e-07
1.4321e-07
1.4488e-07
1.4657e-07
1.4827e-07
1.4999e-07
1.5173e-07
1.5349e-07
1.5527e-07
1.5707e-07
1.5888e-07
1.6072e-07
1.6257e-07
1.6445e-07
1.6634e-07
1.6826e-07
1.7019e-07
1.7215e-07
1.7412e-07
1.7612e-07
1.7814e-07
1.8018e-07
1.8224e-07
1.8432e-07
1.8642e-07
1.8855e-07
1.9069e-07
1.9287e-07
1.9506e-07
1.9727e-07
1.9951e-07
2.0178e-07
2.0406e-07
2.0637e-07
2.087e-07
2.1106e-07
2.1344e-07
2.1585e-07
2.1828e-07
2.2074e-07
2.2322e-07
2.2573e-07
2.2826e-07
2.3082e-07
2.3341e-07
2.3602e-07
2.3866e-07
2.4132e-07
2.4402e-07
2.4674e-07
2.4948e-07
2.5226e-07
2.5507e-07
2.579e-07
2.6076e-07
2.6365e-07
2.6657e-07
2.6952e-07
2.725e-07
2.7551e-07
2.7855e-07
2.8162e-07
2.8472e-07
2.8785e-07
2.9101e-07
2.9421e-07
2.9743e-07
3.0069e-07
3.0398e-07
3.0731e-07
3.1067e-07
3.1406e-07
3.1748e-07
3.2094e-07
3.2443e-07
3.2796e-07
3.3152e-07
3.3512e-07
3.3875e-07
3.4242e-07
3.4613e-07
3.4987e-07
3.5365e-07
3.5746e-07
3.6131e-07
3.6521e-07
3.6913e-07
3.731e-07
3.771e-07
3.8115e-07
3.8523e-07
3.8936e-07
3.9352e-07
3.9772e-07
4.0197e-07
4.0625e-07
4.1058e-07
4.1495e-07
4.1936e-07
4.2381e-07
4.2831e-07
4.3284e-07
4.3743e-07
4.4205e-07
4.4672e-07
4.5144e-07
4.562e-07
4.61e-07
4.6586e-07
4.7075e-07
4.757e-07
4.8069e-07
4.8572e-07
4.9081e-07
4.9594e-07
5.0113e-07
5.0636e-07
5.1164e-07
5.1697e-07
5.2235e-07
5.2778e-07
5.3326e-07
5.3879e-07
5.4437e-07
5.5001e-07
5.557e-07
5.6144e-07
5.6724e-07
5.7308e-07
5.7899e-07
5.8494e-07
5.9096e-07
5.9703e-07
6.0315e-07
6.0933e-07
6.1557e-07
6.2186e-07
6.2822e-07
6.3463e-07
6.411e-07
6.4763e-07
6.5421e-07
6.6086e-07
6.6757e-07
6.7434e-07
6.8117e-07
6.8807e-07
6.9502e-07
7.0204e-07
7.0913e-07
7.1627e-07
7.2348e-07
7.3076e-07
7.381e-07
7.4551e-07
7.5298e-07
7.6052e-07
7.6813e-07
7.7581e-07
7.8355e-07
7.9137e-07
7.9925e-07
8.072e-07
8.1523e-07
8.2332e-07
8.3149e-07
8.3973e-07
8.4804e-07
8.5642e-07
8.6488e-07
8.7341e-07
8.8202e-07
8.9071e-07
8.9946e-07
9.083e-07
9.1721e-07
9.2621e-07
9.3527e-07
9.4442e-07
9.5365e-07
9.6296e-07
9.7235e-07
9.8182e-07
9.9137e-07
1.001e-06
1.0107e-06
1.0205e-06
1.0304e-06
1.0404e-06
1.0504e-06
1.0606e-06
1.0708e-06
1.0811e-06
1.0915e-06
1.102e-06
1.1126e-06
1.1233e-06
1.134e-06
1.1449e-06
1.1558e-06
1.1669e-06
1.178e-06
1.1892e-06
1.2005e-06
1.2119e-06
1.2234e-06
1.235e-06
1.2468e-06
1.2585e-06
1.2704e-06
1.2824e-06
1.2945e-06
1.3067e-06
1.319e-06
1.3314e-06
1.3439e-06
1.3565e-06
1.3692e-06
1.3821e-06
1.395e-06
1.408e-06
1.4211e-06
1.4344e-06
1.4477e-06
1.4612e-06
1.4747e-06
1.4884e-06
1.5022e-06
1.5161e-06
1.5301e-06
1.5442e-06
1.5585e-06
1.5728e-06
1.5873e-06
1.6019e-06
1.6166e-06
1.6314e-06
1.6463e-06
1.6614e-06
1.6766e-06
1.6919e-06
1.7073e-06
1.7228e-06
1.7385e-06
1.7543e-06
1.7702e-06
1.7863e-06
1.8024e-06
1.8187e-06
1.8351e-06
1.8517e-06
1.8684e-06
1.8852e-06
1.9021e-06
1.9192e-06
1.9364e-06
1.9538e-06
1.9712e-06
1.9888e-06
2.0066e-06
2.0245e-06
2.0425e-06
2.0607e-06
2.079e-06
2.0974e-06
2.116e-06
2.1347e-06
2.1536e-06
2.1726e-06
2.1918e-06
2.2111e-06
2.2305e-06
2.2501e-06
2.2699e-06
2.2898e-06
2.3098e-06
2.33e-06
2.3504e-06
2.3709e-06
2.3915e-06
2.4123e-06
2.4333e-06
2.4544e-06
2.4757e-06
2.4971e-06
2.5187e-06
2.5405e-06
2.5624e-06
2.5845e-06
2.6067e-06
2.6291e-06
2.6517e-06
2.6745e-06
2.6974e-06
2.7204e-06
2.7437e-06
2.7671e-06
2.7907e-06
2.8144e-06
2.8383e-06
2.8624e-06
2.8867e-06
2.9112e-06
2.9358e-06
2.9606e-06
2.9856e-06
3.0107e-06
3.0361e-06
3.0616e-06
3.0873e-06
3.1132e-06
3.1392e-06
3.1655e-06
3.1919e-06
3.2186e-06
3.2454e-06
3.2724e-06
3.2996e-06
3.327e-06
3.3545e-06
3.3823e-06
3.4103e-06
3.4384e-06
3.4668e-06
3.4954e-06
3.5241e-06
3.5531e-06
3.5822e-06
3.6116e-06
3.6411e-06
3.6709e-06
3.7009e-06
3.731e-06
3.7614e-06
3.792e-06
3.8228e-06
3.8538e-06
3.885e-06
3.9164e-06
3.948e-06
3.9799e-06
4.012e-06
4.0442e-06
4.0767e-06
4.1095e-06
4.1424e-06
4.1756e-06
4.2089e-06
4.2425e-06
4.2764e-06
4.3104e-06
4.3447e-06
4.3792e-06
4.4139e-06
4.4489e-06
4.484e-06
4.5195e-06
4.5551e-06
4.591e-06
4.6271e-06
4.6635e-06
4.7e-06
4.7369e-06
4.7739e-06
4.8112e-06
4.8488e-06
4.8866e-06
4.9246e-06
4.9629e-06
5.0014e-06
5.0401e-06
5.0791e-06
5.1184e-06
5.1579e-06
5.1977e-06
5.2377e-06
5.2779e-06
5.3185e-06
5.3592e-06
5.4003e-06
5.4415e-06
5.4831e-06
5.5249e-06
5.5669e-06
5.6093e-06
5.6518e-06
5.6947e-06
5.7378e-06
5.7812e-06
5.8248e-06
5.8687e-06
5.9129e-06
5.9574e-06
6.0021e-06
6.0471e-06
6.0924e-06
6.1379e-06
6.1837e-06
6.2298e-06
6.2762e-06
6.3229e-06
6.3698e-06
6.417e-06
6.4645e-06
6.5123e-06
6.5603e-06
6.6087e-06
6.6573e-06
6.7063e-06
6.7555e-06
6.805e-06
6.8548e-06
6.9049e-06
6.9552e-06
7.0059e-06
7.0569e-06
7.1081e-06
7.1597e-06
7.2116e-06
7.2637e-06
7.3162e-06
7.3689e-06
7.422e-06
7.4754e-06
7.529e-06
7.583e-06
7.6373e-06
7.6919e-06
7.7468e-06
7.802e-06
7.8575e-06
7.9134e-06
7.9695e-06
8.026e-06
8.0828e-06
8.1398e-06
8.1973e-06
8.255e-06
8.313e-06
8.3714e-06
8.4301e-06
8.4891e-06
8.5485e-06
8.6081e-06
8.6681e-06
8.7284e-06
8.7891e-06
8.85e-06
8.9113e-06
8.973e-06
9.0349e-06
9.0972e-06
9.1598e-06
9.2228e-06
9.2861e-06
9.3497e-06
9.4137e-06
9.478e-06
9.5427e-06
9.6076e-06
9.673e-06
9.7386e-06
9.8047e-06
9.871e-06
9.9377e-06
1.0005e-05
1.0072e-05
1.014e-05
1.0208e-05
1.0276e-05
1.0345e-05
1.0414e-05
1.0484e-05
1.0554e-05
1.0624e-05
1.0694e-05
1.0765e-05
1.0837e-05
1.0908e-05
1.098e-05
1.1053e-05
1.1125e-05
1.1198e-05
1.1272e-05
1.1346e-05
1.142e-05
1.1494e-05
1.1569e-05
1.1644e-05
1.172e-05
1.1796e-05
1.1872e-05
1.1949e-05
1.2026e-05
1.2104e-05
1.2181e-05
1.226e-05
1.2338e-05
1.2417e-05
1.2497e-05
1.2576e-05
1.2656e-05
1.2737e-05
1.2818e-05
1.2899e-05
1.298e-05
1.3062e-05
1.3145e-05
1.3227e-05
1.331e-05
1.3394e-05
1.3478e-05
1.3562e-05
1.3647e-05
1.3732e-05
1.3817e-05
1.3903e-05
1.3989e-05
1.4076e-05
1.4163e-05
1.425e-05
1.4338e-05
1.4426e-05
1.4514e-05
1.4603e-05
1.4692e-05
1.4782e-05
1.4872e-05
1.4963e-05
1.5053e-05
1.5145e-05
1.5236e-05
1.5328e-05
1.5421e-05
1.5514e-05
1.5607e-05
1.57e-05
1.5794e-05
1.5889e-05
1.5984e-05
1.6079e-05
1.6174e-05
1.627e-05
1.6367e-05
1.6463e-05
1.6561e-05
1.6658e-05
1.6756e-05
1.6855e-05
1.6953e-05
1.7053e-05
1.7152e-05
1.7252e-05
1.7353e-05
1.7453e-05
1.7554e-05
1.7656e-05
1.7758e-05
1.786e-05
1.7963e-05
1.8066e-05
1.817e-05
1.8274e-05
1.8378e-05
1.8483e-05
1.8588e-05
1.8694e-05
1.88e-05
1.8906e-05
1.9013e-05
1.912e-05
1.9228e-05
1.9336e-05
1.9445e-05
1.9553e-05
1.9663e-05
1.9772e-05
1.9882e-05
1.9993e-05
2.0104e-05
2.0215e-05
2.0326e-05
2.0438e-05
2.0551e-05
2.0664e-05
2.0777e-05
2.0891e-05
2.1005e-05
2.1119e-05
2.1234e-05
2.1349e-05
2.1465e-05
2.1581e-05
2.1698e-05
2.1814e-05
2.1932e-05
2.2049e-05
2.2167e-05
2.2286e-05
2.2405e-05
2.2524e-05
2.2644e-05
2.2764e-05
2.2884e-05
2.3005e-05
2.3126e-05
2.3248e-05
2.337e-05
2.3492e-05
2.3615e-05
2.3738e-05
2.3862e-05
2.3986e-05
2.411e-05
2.4235e-05
2.436e-05
2.4486e-05
2.4612e-05
2.4738e-05
2.4865e-05
2.4992e-05
2.5119e-05
2.5247e-05
2.5376e-05
2.5504e-05
2.5633e-05
2.5763e-05
2.5892e-05
2.6023e-05
2.6153e-05
2.6284e-05
2.6415e-05
2.6547e-05
2.6679e-05
2.6812e-05
2.6944e-05
2.7078e-05
2.7211e-05
2.7345e-05
2.7479e-05
2.7614e-05
2.7749e-05
2.7885e-05
2.802e-05
2.8157e-05
2.8293e-05
2.843e-05
2.8567e-05
2.8705e-05
2.8843e-05
2.8981e-05
2.912e-05
2.9259e-05
2.9398e-05
2.9538e-05
2.9678e-05
2.9819e-05
2.9959e-05
3.0101e-05
3.0242e-05
3.0384e-05
3.0526e-05
3.0669e-05
3.0811e-05
3.0955e-05
3.1098e-05
3.1242e-05
3.1386e-05
3.1531e-05
3.1676e-05
3.1821e-05
3.1967e-05
3.2113e-05
3.2259e-05
3.2405e-05
3.2552e-05
3.2699e-05
3.2847e-05
3.2995e-05
3.3143e-05
3.3291e-05
3.344e-05
3.3589e-05
3.3739e-05
3.3888e-05
3.4038e-05
3.4189e-05
3.4339e-05
3.449e-05
3.4642e-05
3.4793e-05
3.4945e-05
3.5097e-05
3.525e-05
3.5402e-05
3.5555e-05
3.5709e-05
3.5862e-05
3.6016e-05
3.617e-05
3.6325e-05
3.6479e-05
3.6634e-05
3.6789e-05
3.6945e-05
3.7101e-05
3.7257e-05
3.7413e-05
3.757e-05
3.7727e-05
3.7884e-05
3.8041e-05
3.8199e-05
3.8356e-05
3.8514e-05
3.8673e-05
3.8831e-05
3.899e-05
3.9149e-05
3.9309e-05
3.9468e-05
3.9628e-05
3.9788e-05
3.9948e-05
4.0109e-05
4.0269e-05
4.043e-05
4.0591e-05
4.0753e-05
4.0914e-05
4.1076e-05
4.1238e-05
4.14e-05
4.1562e-05
4.1725e-05
4.1888e-05
4.2051e-05
4.2214e-05
4.2377e-05
4.2541e-05
4.2704e-05
4.2868e-05
4.3032e-05
4.3196e-05
4.3361e-05
4.3525e-05
4.369e-05
4.3855e-05
4.402e-05
4.4185e-05
4.4351e-05
4.4516e-05
4.4682e-05
4.4848e-05
4.5014e-05
4.518e-05
4.5346e-05
4.5512e-05
4.5679e-05
4.5846e-05
4.6012e-05
4.6179e-05
4.6346e-05
4.6513e-05
4.6681e-05
4.6848e-05
4.7015e-05
4.7183e-05
4.7351e-05
4.7518e-05
4.7686e-05
4.7854e-05
4.8022e-05
4.819e-05
4.8359e-05
4.8527e-05
4.8695e-05
4.8864e-05
4.9032e-05
4.9201e-05
4.9369e-05
4.9538e-05
4.9707e-05
4.9875e-05
5.0044e-05
5.0213e-05
5.0382e-05
5.0551e-05
5.072e-05
5.0889e-05
5.1058e-05
5.1227e-05
5.1396e-05
5.1565e-05
5.1734e-05
5.1904e-05
5.2073e-05
5.2242e-05
5.2411e-05
5.258e-05
5.2749e-05
5.2918e-05
5.3088e-05
5.3257e-05
5.3426e-05
5.3595e-05
5.3764e-05
5.3933e-05
5.4102e-05
5.4271e-05
5.4439e-05
5.4608e-05
5.4777e-05
5.4946e-05
5.5114e-05
5.5283e-05
5.5451e-05
5.562e-05
5.5788e-05
5.5957e-05
5.6125e-05
5.6293e-05
5.6461e-05
5.6629e-05
5.6797e-05
5.6965e-05
5.7132e-05
5.73e-05
5.7467e-05
5.7635e-05
5.7802e-05
5.7969e-05
5.8136e-05
5.8303e-05
5.8469e-05
5.8636e-05
5.8802e-05
5.8969e-05
5.9135e-05
5.9301e-05
5.9466e-05
5.9632e-05
5.9798e-05
5.9963e-05
6.0128e-05
6.0293e-05
6.0458e-05
6.0622e-05
6.0787e-05
6.0951e-05
6.1115e-05
6.1279e-05
6.1442e-05
6.1606e-05
6.1769e-05
6.1932e-05
6.2095e-05
6.2257e-05
6.2419e-05
6.2582e-05
6.2743e-05
6.2905e-05
6.3066e-05
6.3227e-05
6.3388e-05
6.3549e-05
6.3709e-05
6.3869e-05
6.4029e-05
6.4188e-05
6.4348e-05
6.4507e-05
6.4665e-05
6.4824e-05
6.4982e-05
6.5139e-05
6.5297e-05
6.5454e-05
6.5611e-05
6.5767e-05
6.5924e-05
6.608e-05
6.6235e-05
6.639e-05
6.6545e-05
6.67e-05
6.6854e-05
6.7008e-05
6.7162e-05
6.7315e-05
6.7468e-05
6.762e-05
6.7772e-05
6.7924e-05
6.8075e-05
6.8226e-05
6.8377e-05
6.8527e-05
6.8677e-05
6.8826e-05
6.8975e-05
6.9124e-05
6.9272e-05
6.942e-05
6.9567e-05
6.9714e-05
6.9861e-05
7.0007e-05
7.0153e-05
7.0298e-05
7.0443e-05
7.0587e-05
7.0731e-05
7.0875e-05
7.1018e-05
7.116e-05
7.1302e-05
7.1444e-05
7.1585e-05
7.1726e-05
7.1866e-05
7.2006e-05
7.2145e-05
7.2284e-05
7.2422e-05
7.256e-05
7.2697e-05
7.2834e-05
7.297e-05
7.3106e-05
7.3241e-05
7.3376e-05
7.351e-05
7.3644e-05
7.3777e-05
7.391e-05
7.4042e-05
7.4174e-05
7.4305e-05
7.4435e-05
7.4565e-05
7.4694e-05
7.4823e-05
7.4951e-05
7.5079e-05
7.5206e-05
7.5332e-05
7.5458e-05
7.5584e-05
7.5708e-05
7.5833e-05
7.5956e-05
7.6079e-05
7.6201e-05
7.6323e-05
7.6444e-05
7.6565e-05
7.6685e-05
7.6804e-05
7.6923e-05
7.7041e-05
7.7158e-05
7.7275e-05
7.7391e-05
7.7507e-05
7.7622e-05
7.7736e-05
7.785e-05
7.7963e-05
7.8075e-05
7.8187e-05
7.8298e-05
7.8408e-05
7.8518e-05
7.8627e-05
7.8735e-05
7.8843e-05
7.895e-05
7.9056e-05
7.9161e-05
7.9266e-05
7.937e-05
7.9474e-05
7.9577e-05
7.9679e-05
7.978e-05
7.9881e-05
7.9981e-05
8.008e-05
8.0179e-05
8.0277e-05
8.0374e-05
8.047e-05
8.0566e-05
8.0661e-05
8.0755e-05
8.0848e-05
8.0941e-05
8.1033e-05
8.1124e-05
8.1214e-05
8.1304e-05
8.1393e-05
8.1481e-05
8.1569e-05
8.1655e-05
8.1741e-05
8.1826e-05
8.1911e-05
8.1994e-05
8.2077e-05
8.2159e-05
8.224e-05
8.2321e-05
8.2401e-05
8.248e-05
8.2558e-05
8.2635e-05
8.2712e-05
8.2787e-05
8.2862e-05
8.2936e-05
8.301e-05
8.3082e-05
8.3154e-05
8.3225e-05
8.3295e-05
8.3364e-05
8.3433e-05
8.35e-05
8.3567e-05
8.3633e-05
8.3698e-05
8.3763e-05
8.3826e-05
8.3889e-05
8.3951e-05
8.4012e-05
8.4072e-05
8.4131e-05
8.419e-05
8.4247e-05
8.4304e-05
8.436e-05
8.4415e-05
8.4469e-05
8.4523e-05
8.4575e-05
8.4627e-05
8.4678e-05
8.4728e-05
8.4777e-05
8.4825e-05
8.4873e-05
8.4919e-05
8.4965e-05
8.501e-05
8.5054e-05
8.5097e-05
8.5139e-05
8.518e-05
8.5221e-05
8.526e-05
8.5299e-05
8.5337e-05
8.5374e-05
8.541e-05
8.5445e-05
8.5479e-05
8.5513e-05
8.5545e-05
8.5577e-05
8.5608e-05
8.5637e-05
8.5666e-05
8.5695e-05
8.5722e-05
8.5748e-05
8.5774e-05
8.5798e-05
8.5822e-05
8.5844e-05
8.5866e-05
8.5887e-05
8.5907e-05
8.5927e-05
8.5945e-05
8.5962e-05
8.5979e-05
8.5994e-05
8.6009e-05
8.6023e-05
8.6036e-05
8.6048e-05
8.6059e-05
8.6069e-05
8.6078e-05
8.6087e-05
8.6094e-05
8.6101e-05
8.6106e-05
8.6111e-05
8.6115e-05
8.6118e-05
8.612e-05
8.6121e-05
8.6121e-05
8.6121e-05
8.6119e-05
8.6117e-05
8.6113e-05
8.6109e-05
8.6104e-05
8.6098e-05
8.6091e-05
8.6083e-05
8.6074e-05
8.6065e-05
8.6054e-05
8.6042e-05
8.603e-05
8.6017e-05
8.6003e-05
8.5988e-05
8.5972e-05
8.5955e-05
8.5937e-05
8.5918e-05
8.5899e-05
8.5878e-05
8.5857e-05
8.5835e-05
8.5812e-05
8.5787e-05
8.5763e-05
8.5737e-05
8.571e-05
8.5682e-05
8.5654e-05
8.5625e-05
8.5594e-05
8.5563e-05
8.5531e-05
8.5498e-05
8.5464e-05
8.543e-05
8.5394e-05
8.5358e-05
8.532e-05
8.5282e-05
8.5243e-05
8.5203e-05
8.5162e-05
8.5121e-05
8.5078e-05
8.5034e-05
8.499e-05
8.4945e-05
8.4899e-05
8.4852e-05
8.4804e-05
8.4756e-05
8.4706e-05
8.4656e-05
8.4605e-05
8.4552e-05
8.4499e-05
8.4446e-05
8.4391e-05
8.4336e-05
8.4279e-05
8.4222e-05
8.4164e-05
8.4105e-05
8.4046e-05
8.3985e-05
8.3924e-05
8.3861e-05
8.3798e-05
8.3735e-05
8.367e-05
8.3604e-05
8.3538e-05
8.3471e-05
8.3403e-05
8.3334e-05
8.3264e-05
8.3194e-05
8.3123e-05
8.3051e-05
8.2978e-05
8.2904e-05
8.283e-05
8.2754e-05
8.2678e-05
8.2601e-05
8.2524e-05
8.2445e-05
8.2366e-05
8.2286e-05
8.2205e-05
8.2123e-05
8.2041e-05
8.1958e-05
8.1874e-05
8.1789e-05
8.1704e-05
8.1618e-05
8.1531e-05
8.1443e-05
8.1354e-05
8.1265e-05
8.1175e-05
8.1084e-05
8.0993e-05
8.09e-05
8.0807e-05
8.0714e-05
8.0619e-05
8.0524e-05
8.0428e-05
8.0331e-05
8.0234e-05
8.0136e-05
8.0037e-05
7.9937e-05
7.9837e-05
7.9736e-05
7.9634e-05
7.9532e-05
7.9429e-05
7.9325e-05
7.9221e-05
7.9115e-05
7.9009e-05
7.8903e-05
7.8796e-05
7.8688e-05
7.8579e-05
7.847e-05
7.836e-05
7.8249e-05
7.8138e-05
7.8026e-05
7.7914e-05
7.78e-05
7.7686e-05
7.7572e-05
7.7457e-05
7.7341e-05
7.7224e-05
7.7107e-05
7.699e-05
7.6871e-05
7.6752e-05
7.6633e-05
7.6512e-05
7.6392e-05
7.627e-05
7.6148e-05
7.6026e-05
7.5902e-05
7.5778e-05
7.5654e-05
7.5529e-05
7.5403e-05
7.5277e-05
7.5151e-05
7.5023e-05
7.4895e-05
7.4767e-05
7.4638e-05
7.4508e-05
7.4378e-05
7.4247e-05
7.4116e-05
7.3984e-05
7.3852e-05
7.3719e-05
7.3586e-05
7.3452e-05
7.3318e-05
7.3183e-05
7.3047e-05
7.2911e-05
7.2775e-05
7.2638e-05
7.25e-05
7.2362e-05
7.2224e-05
7.2085e-05
7.1945e-05
7.1805e-05
7.1665e-05
7.1524e-05
7.1382e-05
7.1241e-05
7.1098e-05
7.0955e-05
7.0812e-05
7.0668e-05
7.0524e-05
7.038e-05
7.0235e-05
7.0089e-05
6.9943e-05
6.9797e-05
6.965e-05
6.9503e-05
6.9356e-05
6.9208e-05
6.9059e-05
6.891e-05
6.8761e-05
6.8612e-05
6.8462e-05
6.8311e-05
6.8161e-05
6.8009e-05
6.7858e-05
6.7706e-05
6.7554e-05
6.7401e-05
6.7248e-05
6.7095e-05
6.6941e-05
6.6787e-05
6.6633e-05
6.6478e-05
6.6323e-05
6.6167e-05
6.6012e-05
6.5856e-05
6.5699e-05
6.5543e-05
6.5386e-05
6.5228e-05
6.5071e-05
6.4913e-05
6.4755e-05
6.4596e-05
6.4437e-05
6.4278e-05
6.4119e-05
6.3959e-05
6.3799e-05
6.3639e-05
6.3479e-05
6.3318e-05
6.3157e-05
6.2996e-05
6.2835e-05
6.2673e-05
6.2511e-05
6.2349e-05
6.2186e-05
6.2024e-05
6.1861e-05
6.1698e-05
6.1535e-05
6.1371e-05
6.1208e-05
6.1044e-05
6.088e-05
6.0715e-05
6.0551e-05
6.0386e-05
6.0221e-05
6.0056e-05
5.9891e-05
5.9726e-05
5.956e-05
5.9394e-05
5.9228e-05
5.9062e-05
5.8896e-05
5.873e-05
5.8563e-05
5.8397e-05
5.823e-05
5.8063e-05
5.7896e-05
5.7729e-05
5.7562e-05
5.7394e-05
5.7227e-05
5.7059e-05
5.6892e-05
5.6724e-05
5.6556e-05
5.6388e-05
5.622e-05
5.6052e-05
5.5883e-05
5.5715e-05
5.5547e-05
5.5378e-05
5.521e-05
5.5041e-05
5.4872e-05
5.4704e-05
5.4535e-05
5.4366e-05
5.4197e-05
5.4028e-05
5.3859e-05
5.369e-05
5.3521e-05
5.3352e-05
5.3183e-05
5.3014e-05
5.2845e-05
5.2676e-05
5.2507e-05
5.2338e-05
5.2168e-05
5.1999e-05
5.183e-05
5.1661e-05
5.1492e-05
5.1323e-05
5.1154e-05
5.0985e-05
5.0816e-05
5.0647e-05
5.0478e-05
5.0309e-05
5.014e-05
4.9971e-05
4.9802e-05
4.9633e-05
4.9465e-05
4.9296e-05
4.9127e-05
4.8959e-05
4.8791e-05
4.8622e-05
4.8454e-05
4.8286e-05
4.8117e-05
4.7949e-05
4.7781e-05
4.7613e-05
4.7446e-05
4.7278e-05
4.711e-05
4.6943e-05
4.6775e-05
4.6608e-05
4.6441e-05
4.6274e-05
4.6107e-05
4.594e-05
4.5773e-05
4.5607e-05
4.544e-05
4.5274e-05
4.5108e-05
4.4942e-05
4.4776e-05
4.461e-05
4.4445e-05
4.4279e-05
4.4114e-05
4.3949e-05
4.3784e-05
4.3619e-05
4.3454e-05
4.329e-05
4.3125e-05
4.2961e-05
4.2797e-05
4.2633e-05
4.247e-05
4.2306e-05
4.2143e-05
4.198e-05
4.1817e-05
4.1655e-05
4.1492e-05
4.133e-05
4.1168e-05
4.1006e-05
4.0844e-05
4.0683e-05
4.0522e-05
4.0361e-05
4.02e-05
4.0039e-05
3.9879e-05
3.9719e-05
3.9559e-05
3.9399e-05
3.924e-05
3.908e-05
3.8922e-05
3.8763e-05
3.8604e-05
3.8446e-05
3.8288e-05
3.813e-05
3.7973e-05
3.7816e-05
3.7659e-05
3.7502e-05
3.7346e-05
3.7189e-05
3.7033e-05
3.6878e-05
3.6722e-05
3.6567e-05
3.6412e-05
3.6258e-05
3.6104e-05
3.5949e-05
3.5796e-05
3.5642e-05
3.5489e-05
3.5336e-05
3.5184e-05
3.5031e-05
3.4879e-05
3.4728e-05
3.4576e-05
3.4425e-05
3.4274e-05
3.4124e-05
3.3974e-05
3.3824e-05
3.3674e-05
3.3525e-05
3.3376e-05
3.3227e-05
3.3079e-05
3.2931e-05
3.2783e-05
3.2636e-05
3.2489e-05
3.2342e-05
3.2196e-05
3.205e-05
3.1904e-05
3.1758e-05
3.1613e-05
3.1469e-05
3.1324e-05
3.118e-05
3.1036e-05
3.0893e-05
3.075e-05
3.0607e-05
3.0465e-05
3.0323e-05
3.0181e-05
3.004e-05
2.9899e-05
2.9758e-05
2.9618e-05
2.9478e-05
2.9338e-05
2.9199e-05
2.906e-05
2.8921e-05
2.8783e-05
2.8646e-05
2.8508e-05
2.8371e-05
2.8234e-05
2.8098e-05
2.7962e-05
2.7826e-05
2.7691e-05
2.7556e-05
2.7422e-05
2.7287e-05
2.7154e-05
2.702e-05
2.6887e-05
2.6755e-05
2.6622e-05
2.649e-05
2.6359e-05
2.6228e-05
2.6097e-05
2.5967e-05
2.5837e-05
2.5707e-05
2.5578e-05
2.5449e-05
2.532e-05
2.5192e-05
2.5065e-05
2.4937e-05
2.481e-05
2.4684e-05
2.4558e-05
2.4432e-05
2.4306e-05
2.4181e-05
2.4057e-05
2.3933e-05
2.3809e-05
2.3685e-05
2.3562e-05
2.344e-05
2.3317e-05
2.3196e-05
2.3074e-05
2.2953e-05
2.2832e-05
2.2712e-05
2.2592e-05
2.2473e-05
2.2354e-05
2.2235e-05
2.2117e-05
2.1999e-05
2.1881e-05
2.1764e-05
2.1648e-05
2.1531e-05
2.1415e-05
2.13e-05
2.1185e-05
2.107e-05
2.0956e-05
2.0842e-05
2.0728e-05
2.0615e-05
2.0503e-05
2.039e-05
2.0279e-05
2.0167e-05
2.0056e-05
1.9945e-05
1.9835e-05
1.9725e-05
1.9616e-05
1.9507e-05
1.9398e-05
1.929e-05
1.9182e-05
1.9074e-05
1.8967e-05
1.8861e-05
1.8755e-05
1.8649e-05
1.8543e-05
1.8438e-05
1.8334e-05
1.8229e-05
1.8126e-05
1.8022e-05
1.7919e-05
1.7817e-05
1.7714e-05
1.7613e-05
1.7511e-05
1.741e-05
1.731e-05
1.7209e-05
1.711e-05
1.701e-05
1.6911e-05
1.6812e-05
1.6714e-05
1.6616e-05
1.6519e-05
1.6422e-05
1.6325e-05
1.6229e-05
1.6133e-05
1.6038e-05
1.5943e-05
1.5848e-05
1.5754e-05
1.566e-05
1.5567e-05
1.5474e-05
1.5381e-05
1.5289e-05
1.5197e-05
1.5106e-05
1.5015e-05
1.4924e-05
1.4834e-05
1.4744e-05
1.4654e-05
1.4565e-05
1.4476e-05
1.4388e-05
1.43e-05
1.4213e-05
1.4125e-05
1.4039e-05
1.3952e-05
1.3866e-05
1.3781e-05
1.3695e-05
1.3611e-05
1.3526e-05
1.3442e-05
1.3358e-05
1.3275e-05
1.3192e-05
1.3109e-05
1.3027e-05
1.2946e-05
1.2864e-05
1.2783e-05
1.2702e-05
1.2622e-05
1.2542e-05
1.2463e-05
1.2384e-05
1.2305e-05
1.2226e-05
1.2148e-05
1.2071e-05
1.1993e-05
1.1916e-05
1.184e-05
1.1764e-05
1.1688e-05
1.1612e-05
1.1537e-05
1.1463e-05
1.1388e-05
1.1314e-05
1.1241e-05
1.1167e-05
1.1094e-05
1.1022e-05
1.095e-05
1.0878e-05
1.0806e-05
1.0735e-05
1.0664e-05
1.0594e-05
1.0524e-05
1.0454e-05
1.0385e-05
1.0316e-05
1.0247e-05
1.0179e-05
1.0111e-05
1.0044e-05
9.9763e-06
9.9094e-06
9.8428e-06
9.7766e-06
9.7107e-06
9.6452e-06
9.58e-06
9.5152e-06
9.4507e-06
9.3865e-06
9.3227e-06
9.2592e-06
9.1961e-06
9.1332e-06
9.0708e-06
9.0086e-06
8.9468e-06
8.8853e-06
8.8241e-06
8.7633e-06
8.7028e-06
8.6426e-06
8.5828e-06
8.5233e-06
8.4641e-06
8.4052e-06
8.3467e-06
8.2884e-06
8.2305e-06
8.1729e-06
8.1156e-06
8.0587e-06
8.002e-06
7.9457e-06
7.8897e-06
7.834e-06
7.7786e-06
7.7235e-06
7.6688e-06
7.6143e-06
7.5601e-06
7.5063e-06
7.4528e-06
7.3995e-06
7.3466e-06
7.294e-06
7.2416e-06
7.1896e-06
7.1379e-06
7.0864e-06
7.0353e-06
6.9845e-06
6.9339e-06
6.8837e-06
6.8337e-06
6.784e-06
6.7347e-06
6.6856e-06
6.6368e-06
6.5883e-06
6.54e-06
6.4921e-06
6.4444e-06
6.3971e-06
6.35e-06
6.3031e-06
6.2566e-06
6.2104e-06
6.1644e-06
6.1187e-06
6.0732e-06
6.0281e-06
5.9832e-06
5.9386e-06
5.8943e-06
5.8502e-06
5.8064e-06
5.7629e-06
5.7196e-06
5.6766e-06
5.6339e-06
5.5914e-06
5.5492e-06
5.5072e-06
5.4656e-06
5.4241e-06
5.383e-06
5.342e-06
5.3014e-06
5.261e-06
5.2208e-06
5.1809e-06
5.1413e-06
5.1019e-06
5.0627e-06
5.0238e-06
4.9851e-06
4.9467e-06
4.9086e-06
4.8706e-06
4.833e-06
4.7955e-06
4.7583e-06
4.7214e-06
4.6846e-06
4.6482e-06
4.6119e-06
4.5759e-06
4.5401e-06
4.5046e-06
4.4692e-06
4.4342e-06
4.3993e-06
4.3647e-06
4.3303e-06
4.2961e-06
4.2621e-06
4.2284e-06
4.1949e-06
4.1616e-06
4.1286e-06
4.0957e-06
4.0631e-06
4.0307e-06
3.9985e-06
3.9665e-06
3.9348e-06
3.9032e-06
3.8719e-06
3.8408e-06
3.8099e-06
3.7791e-06
3.7487e-06
3.7184e-06
3.6883e-06
3.6584e-06
3.6287e-06
3.5993e-06
3.57e-06
3.5409e-06
3.5121e-06
3.4834e-06
3.4549e-06
3.4266e-06
3.3986e-06
3.3707e-06
3.343e-06
3.3155e-06
3.2882e-06
3.2611e-06
3.2342e-06
3.2074e-06
3.1809e-06
3.1545e-06
3.1283e-06
3.1023e-06
3.0765e-06
3.0509e-06
3.0255e-06
3.0002e-06
2.9751e-06
2.9502e-06
2.9255e-06
2.9009e-06
2.8766e-06
2.8524e-06
2.8283e-06
2.8045e-06
2.7808e-06
2.7573e-06
2.734e-06
2.7108e-06
2.6878e-06
2.665e-06
2.6423e-06
2.6198e-06
2.5974e-06
2.5753e-06
2.5533e-06
2.5314e-06
2.5097e-06
2.4882e-06
2.4668e-06
2.4456e-06
2.4245e-06
2.4036e-06
2.3829e-06
2.3623e-06
2.3419e-06
2.3216e-06
2.3015e-06
2.2815e-06
2.2616e-06
2.242e-06
2.2224e-06
2.203e-06
2.1838e-06
2.1647e-06
2.1457e-06
2.1269e-06
2.1083e-06
2.0897e-06
2.0714e-06
2.0531e-06
2.035e-06
2.017e-06
1.9992e-06
1.9815e-06
1.964e-06
1.9465e-06
1.9293e-06
1.9121e-06
1.8951e-06
1.8782e-06
1.8614e-06
1.8448e-06
1.8283e-06
1.812e-06
1.7957e-06
1.7796e-06
1.7636e-06
1.7477e-06
1.732e-06
1.7164e-06
1.7009e-06
1.6855e-06
1.6703e-06
1.6552e-06
1.6401e-06
1.6253e-06
1.6105e-06
1.5958e-06
1.5813e-06
1.5669e-06
1.5526e-06
1.5384e-06
1.5243e-06
1.5103e-06
1.4965e-06
1.4828e-06
1.4691e-06
1.4556e-06
1.4422e-06
1.4289e-06
1.4157e-06
1.4026e-06
1.3896e-06
1.3768e-06
1.364e-06
1.3513e-06
1.3388e-06
1.3263e-06
1.3139e-06
1.3017e-06
1.2895e-06
1.2775e-06
1.2655e-06
1.2537e-06
1.2419e-06
1.2303e-06
1.2187e-06
1.2072e-06
1.1959e-06
1.1846e-06
1.1734e-06
1.1623e-06
1.1513e-06
1.1404e-06
1.1296e-06
1.1189e-06
1.1082e-06
1.0977e-06
1.0872e-06
1.0769e-06
1.0666e-06
1.0564e-06
1.0463e-06
1.0363e-06
1.0263e-06
1.0165e-06
1.0067e-06
9.9703e-07
9.8744e-07
9.7792e-07
9.6848e-07
9.5913e-07
9.4985e-07
9.4066e-07
9.3154e-07
9.2251e-07
9.1355e-07
9.0467e-07
8.9586e-07
8.8713e-07
8.7848e-07
8.6991e-07
8.614e-07
8.5298e-07
8.4462e-07
8.3634e-07
8.2813e-07
8.2e-07
8.1193e-07
8.0394e-07
7.9601e-07
7.8816e-07
7.8037e-07
7.7266e-07
7.6501e-07
7.5743e-07
7.4992e-07
7.4247e-07
7.3509e-07
7.2778e-07
7.2053e-07
7.1334e-07
7.0622e-07
6.9917e-07
6.9217e-07
6.8524e-07
6.7838e-07
6.7157e-07
6.6483e-07
6.5814e-07
6.5152e-07
6.4495e-07
6.3845e-07
6.32e-07
6.2562e-07
6.1929e-07
6.1302e-07
6.068e-07
6.0065e-07
5.9455e-07
5.885e-07
5.8251e-07
5.7658e-07
5.7069e-07
5.6487e-07
5.591e-07
5.5338e-07
5.4771e-07
5.4209e-07
5.3653e-07
5.3102e-07
5.2556e-07
5.2015e-07
5.1479e-07
5.0948e-07
5.0422e-07
4.9901e-07
4.9385e-07
4.8874e-07
4.8367e-07
4.7865e-07
4.7368e-07
4.6876e-07
4.6388e-07
4.5905e-07
4.5426e-07
4.4952e-07
4.4482e-07
4.4017e-07
4.3556e-07
4.31e-07
4.2648e-07
4.22e-07
4.1756e-07
4.1317e-07
4.0882e-07
4.0451e-07
4.0024e-07
3.9601e-07
3.9183e-07
3.8768e-07
3.8357e-07
3.7951e-07
3.7548e-07
3.7149e-07
3.6754e-07
3.6363e-07
3.5975e-07
3.5591e-07
3.5211e-07
3.4835e-07
3.4463e-07
3.4094e-07
3.3728e-07
3.3366e-07
3.3008e-07
3.2653e-07
3.2302e-07
3.1954e-07
3.1609e-07
3.1268e-07
3.0931e-07
3.0596e-07
3.0265e-07
2.9937e-07
2.9613e-07
2.9291e-07
2.8973e-07
2.8658e-07
2.8346e-07
2.8037e-07
2.7732e-07
2.7429e-07
2.7129e-07
2.6833e-07
2.6539e-07
2.6248e-07
2.596e-07
2.5675e-07
2.5393e-07
2.5114e-07
2.4838e-07
2.4564e-07
2.4293e-07
2.4025e-07
2.3759e-07
2.3497e-07
2.3236e-07
2.2979e-07
2.2724e-07
2.2472e-07
2.2222e-07
2.1975e-07
2.173e-07
2.1488e-07
2.1249e-07
2.1011e-07
2.0777e-07
2.0544e-07
2.0314e-07
2.0087e-07
1.9861e-07
1.9638e-07
1.9418e-07
1.9199e-07
1.8983e-07
1.8769e-07
1.8558e-07
1.8348e-07
1.8141e-07
1.7936e-07
1.7733e-07
1.7532e-07
1.7333e-07
1.7136e-07
1.6941e-07
1.6749e-07
1.6558e-07
1.637e-07
1.6183e-07
1.5998e-07
1.5816e-07
1.5635e-07
1.5456e-07
1.5279e-07
1.5104e-07
1.493e-07
1.4759e-07
1.4589e-07
1.4421e-07
1.4255e-07
1.4091e-07
1.3928e-07
1.3767e-07
1.3608e-07
1.3451e-07
1.3295e-07
1.3141e-07
1.2989e-07
1.2838e-07
1.2689e-07
1.2541e-07
1.2395e-07
1.2251e-07
1.2108e-07
1.1967e-07
1.1827e-07
1.1689e-07
1.1552e-07
1.1416e-07
1.1283e-07
1.115e-07
1.1019e-07
1.089e-07
1.0762e-07
1.0635e-07
1.051e-07
1.0386e-07
1.0263e-07
1.0142e-07
1.0022e-07
9.9031e-08
9.7858e-08
9.6698e-08
9.555e-08
9.4415e-08
9.3292e-08
9.2182e-08
9.1084e-08
8.9999e-08
8.8925e-08
8.7863e-08
8.6813e-08
8.5774e-08
8.4748e-08
8.3732e-08
8.2728e-08
8.1735e-08
8.0753e-08
7.9782e-08
7.8822e-08
7.7873e-08
7.6934e-08
7.6006e-08
7.5088e-08
7.418e-08
7.3283e-08
7.2396e-08
7.1519e-08
7.0651e-08
6.9794e-08
6.8946e-08
6.8107e-08
6.7279e-08
6.6459e-08
6.5649e-08
6.4848e-08
6.4056e-08
6.3274e-08
6.25e-08
6.1735e-08
6.0978e-08
6.0231e-08
5.9491e-08
5.8761e-08
5.8038e-08
5.7324e-08
5.6618e-08
5.5921e-08
5.5231e-08
5.4549e-08
5.3875e-08
5.3209e-08
5.255e-08
5.1899e-08
5.1256e-08
5.062e-08
4.9992e-08
4.937e-08
4.8756e-08
4.8149e-08
4.7549e-08
4.6956e-08
4.637e-08
4.5791e-08
4.5219e-08
4.4653e-08
4.4094e-08
4.3542e-08
4.2995e-08
4.2456e-08
4.1922e-08
4.1395e-08
4.0874e-08
4.036e-08
3.9851e-08
3.9348e-08
3.8852e-08
3.8361e-08
3.7876e-08
3.7396e-08
3.6923e-08
3.6455e-08
3.5992e-08
3.5535e-08
3.5084e-08
3.4637e-08
3.4197e-08
3.3761e-08
3.3331e-08
3.2905e-08
3.2485e-08
3.207e-08
3.166e-08
3.1255e-08
3.0854e-08
3.0459e-08
3.0068e-08
2.9682e-08
2.93e-08
2.8923e-08
2.8551e-08
2.8183e-08
2.782e-08
2.7461e-08
2.7106e-08
2.6756e-08
2.641e-08
2.6068e-08
2.573e-08
2.5396e-08
2.5067e-08
2.4741e-08
2.442e-08
2.4102e-08
2.3788e-08
2.3478e-08
2.3172e-08
2.287e-08
2.2571e-08
2.2276e-08
2.1985e-08
2.1697e-08
2.1413e-08
2.1132e-08
2.0855e-08
2.0581e-08
2.0311e-08
2.0043e-08
1.978e-08
1.9519e-08
1.9262e-08
1.9008e-08
1.8757e-08
1.8509e-08
1.8264e-08
1.8022e-08
1.7784e-08
1.7548e-08
1.7315e-08
1.7085e-08
1.6858e-08
1.6634e-08
1.6413e-08
1.6194e-08
1.5978e-08
1.5765e-08
1.5555e-08
1.5347e-08
1.5142e-08
1.4939e-08
1.4739e-08
1.4541e-08
1.4346e-08
1.4154e-08
1.3964e-08
1.3776e-08
1.3591e-08
1.3408e-08
1.3227e-08
1.3049e-08
1.2873e-08
1.2699e-08
1.2527e-08
1.2358e-08
1.2191e-08
1.2025e-08
1.1862e-08
1.1702e-08
1.1543e-08
1.1386e-08
1.1231e-08
1.1078e-08
1.0927e-08
1.0778e-08
1.0631e-08
1.0486e-08
1.0343e-08
1.0202e-08
1.0062e-08
9.9244e-09
9.7884e-09
9.6542e-09
9.5218e-09
9.391e-09
9.262e-09
9.1346e-09
9.0089e-09
8.8848e-09
8.7623e-09
8.6415e-09
8.5222e-09
8.4044e-09
8.2883e-09
8.1736e-09
8.0604e-09
7.9487e-09
7.8385e-09
7.7298e-09
7.6224e-09
7.5165e-09
7.412e-09
7.3088e-09
7.207e-09
7.1065e-09
7.0074e-09
6.9096e-09
6.8131e-09
6.7178e-09
6.6239e-09
6.5311e-09
6.4396e-09
6.3493e-09
6.2602e-09
6.1723e-09
6.0856e-09
6e-09
5.9156e-09
5.8323e-09
5.7501e-09
5.669e-09
5.589e-09
5.51e-09
5.4321e-09
5.3553e-09
5.2795e-09
5.2047e-09
5.1309e-09
5.0581e-09
4.9863e-09
4.9155e-09
4.8456e-09
4.7767e-09
4.7086e-09
4.6416e-09
4.5754e-09
4.5101e-09
4.4457e-09
4.3822e-09
4.3195e-09
4.2577e-09
4.1967e-09
4.1366e-09
4.0772e-09
4.0187e-09
3.961e-09
3.9041e-09
3.8479e-09
3.7925e-09
3.7379e-09
3.684e-09
3.6309e-09
3.5785e-09
3.5268e-09
3.4758e-09
3.4255e-09
3.3759e-09
3.327e-09
3.2788e-09
3.2312e-09
3.1843e-09
3.1381e-09
3.0925e-09
3.0475e-09
3.0031e-09
2.9593e-09
2.9162e-09
2.8737e-09
2.8317e-09
2.7903e-09
2.7495e-09
2.7093e-09
2.6696e-09
2.6305e-09
2.592e-09
2.5539e-09
2.5164e-09
2.4795e-09
2.443e-09
2.4071e-09
2.3716e-09
2.3367e-09
2.3022e-09
2.2683e-09
2.2348e-09
2.2017e-09
2.1692e-09
2.1371e-09
2.1054e-09
2.0743e-09
2.0435e-09
2.0132e-09
1.9833e-09
1.9538e-09
1.9248e-09
1.8961e-09
1.8679e-09
1.8401e-09
1.8126e-09
1.7856e-09
1.7589e-09
1.7326e-09
1.7067e-09
1.6812e-09
1.656e-09
1.6312e-09
1.6068e-09
1.5827e-09
1.5589e-09
1.5355e-09
1.5124e-09
1.4896e-09
1.4672e-09
1.4451e-09
1.4233e-09
1.4019e-09
1.3807e-09
1.3598e-09
1.3393e-09
1.319e-09
1.2991e-09
1.2794e-09
1.26e-09
1.2409e-09
1.222e-09
1.2035e-09
1.1852e-09
1.1672e-09
1.1494e-09
1.1319e-09
1.1147e-09
1.0977e-09
1.0809e-09
1.0644e-09
1.0481e-09
1.0321e-09
1.0163e-09
1.0007e-09
9.8541e-10
9.703e-10
9.5542e-10
9.4075e-10
9.2629e-10
9.1205e-10
8.9802e-10
8.8419e-10
8.7057e-10
8.5715e-10
8.4393e-10
8.309e-10
8.1807e-10
8.0542e-10
7.9297e-10
7.8069e-10
7.686e-10
7.5669e-10
7.4495e-10
7.3339e-10
7.22e-10
7.1078e-10
6.9973e-10
6.8884e-10
6.7812e-10
6.6755e-10
6.5715e-10
6.4689e-10
6.3679e-10
6.2685e-10
6.1705e-10
6.0739e-10
5.9789e-10
5.8852e-10
5.793e-10
5.7021e-10
5.6126e-10
5.5245e-10
5.4377e-10
5.3522e-10
5.2679e-10
5.185e-10
5.1033e-10
5.0228e-10
4.9436e-10
4.8655e-10
4.7887e-10
4.713e-10
4.6384e-10
4.565e-10
4.4927e-10
4.4215e-10
4.3514e-10
4.2823e-10
4.2143e-10
4.1473e-10
4.0814e-10
4.0165e-10
3.9525e-10
3.8895e-10
3.8275e-10
3.7665e-10
3.7064e-10
3.6472e-10
3.5889e-10
3.5315e-10
3.4749e-10
3.4193e-10
3.3645e-10
3.3106e-10
3.2574e-10
3.2051e-10
3.1536e-10
3.1029e-10
3.053e-10
3.0039e-10
2.9555e-10
2.9079e-10
2.861e-10
2.8148e-10
2.7693e-10
2.7246e-10
2.6805e-10
2.6372e-10
2.5945e-10
2.5524e-10
2.5111e-10
2.4703e-10
2.4302e-10
2.3908e-10
2.3519e-10
2.3137e-10
2.276e-10
2.239e-10
2.2025e-10
2.1666e-10
2.1312e-10
2.0964e-10
2.0622e-10
2.0285e-10
1.9953e-10
1.9627e-10
1.9305e-10
1.8989e-10
1.8678e-10
1.8371e-10
1.807e-10
1.7773e-10
1.7481e-10
1.7193e-10
1.691e-10
1.6632e-10
1.6358e-10
1.6088e-10
1.5823e-10
1.5561e-10
1.5304e-10
1.5051e-10
1.4802e-10
1.4557e-10
1.4316e-10
1.4079e-10
1.3846e-10
1.3616e-10
1.339e-10
1.3167e-10
1.2948e-10
1.2733e-10
1.2521e-10
1.2313e-10
1.2107e-10
1.1906e-10
1.1707e-10
1.1511e-10
1.1319e-10
1.113e-10
1.0944e-10
1.0761e-10
1.058e-10
1.0403e-10
1.0229e-10
1.0057e-10
9.8883e-11
9.7222e-11
9.5588e-11
9.398e-11
9.2398e-11
9.0843e-11
8.9312e-11
8.7806e-11
8.6325e-11
8.4868e-11
8.3434e-11
8.2024e-11
8.0637e-11
7.9272e-11
7.793e-11
7.661e-11
7.5311e-11
7.4034e-11
7.2777e-11
7.1541e-11
7.0325e-11
6.9129e-11
6.7953e-11
6.6796e-11
6.5658e-11
6.4539e-11
6.3438e-11
6.2356e-11
6.1291e-11
6.0244e-11
5.9214e-11
5.8201e-11
5.7205e-11
5.6225e-11
5.5261e-11
5.4314e-11
5.3382e-11
5.2465e-11
5.1564e-11
5.0677e-11
4.9806e-11
4.8949e-11
4.8106e-11
4.7277e-11
4.6462e-11
4.566e-11
4.4872e-11
4.4097e-11
4.3335e-11
4.2585e-11
4.1849e-11
4.1124e-11
4.0412e-11
3.9711e-11
3.9022e-11
3.8345e-11
3.7679e-11
3.7025e-11
3.6381e-11
3.5748e-11
3.5126e-11
3.4514e-11
3.3913e-11
3.3321e-11
3.274e-11
3.2168e-11
3.1606e-11
3.1054e-11
3.0511e-11
2.9977e-11
2.9452e-11
2.8936e-11
2.8429e-11
2.793e-11
2.744e-11
2.6958e-11
2.6485e-11
2.6019e-11
2.5561e-11
2.5111e-11
2.4669e-11
2.4234e-11
2.3807e-11
2.3387e-11
2.2974e-11
2.2568e-11
2.2169e-11
2.1777e-11
2.1392e-11
2.1013e-11
2.0641e-11
2.0275e-11
1.9916e-11
1.9562e-11
1.9215e-11
1.8873e-11
1.8538e-11
1.8208e-11
1.7884e-11
1.7566e-11
1.7253e-11
1.6945e-11
1.6643e-11
1.6346e-11
1.6054e-11
1.5767e-11
1.5485e-11
1.5208e-11
1.4936e-11
1.4668e-11
1.4405e-11
1.4147e-11
1.3893e-11
1.3644e-11
1.3399e-11
1.3158e-11
1.2921e-11
1.2689e-11
1.246e-11
1.2236e-11
1.2015e-11
1.1799e-11
1.1586e-11
1.1377e-11
1.1171e-11
1.0969e-11
1.0771e-11
1.0576e-11
1.0384e-11
1.0196e-11
1.0011e-11
9.8299e-12
9.6515e-12
9.4763e-12
9.3041e-12
9.135e-12
8.9688e-12
8.8056e-12
8.6452e-12
8.4877e-12
8.333e-12
8.181e-12
8.0317e-12
7.885e-12
7.741e-12
7.5995e-12
7.4604e-12
7.3239e-12
7.1898e-12
7.0581e-12
6.9287e-12
6.8016e-12
6.6767e-12
6.5541e-12
6.4337e-12
6.3154e-12
6.1993e-12
6.0852e-12
5.9731e-12
5.863e-12
5.755e-12
5.6488e-12
5.5445e-12
5.4422e-12
5.3416e-12
5.2428e-12
5.1459e-12
5.0506e-12
4.9571e-12
4.8653e-12
4.7751e-12
4.6865e-12
4.5995e-12
4.5141e-12
4.4302e-12
4.3479e-12
4.267e-12
4.1876e-12
4.1096e-12
4.033e-12
3.9579e-12
3.884e-12
3.8116e-12
3.7404e-12
3.6705e-12
3.6019e-12
3.5345e-12
3.4684e-12
3.4034e-12
3.3397e-12
3.2771e-12
3.2156e-12
3.1553e-12
3.096e-12
3.0379e-12
2.9808e-12
2.9247e-12
2.8697e-12
2.8157e-12
2.7626e-12
2.7106e-12
2.6594e-12
2.6093e-12
2.56e-12
2.5116e-12
2.4642e-12
2.4176e-12
2.3718e-12
2.3269e-12
2.2829e-12
2.2396e-12
2.1972e-12
2.1555e-12
2.1146e-12
2.0744e-12
2.035e-12
1.9963e-12
1.9583e-12
1.921e-12
1.8845e-12
1.8486e-12
1.8133e-12
1.7787e-12
1.7448e-12
1.7115e-12
1.6788e-12
1.6467e-12
1.6152e-12
1.5843e-12
1.554e-12
1.5242e-12
1.495e-12
1.4663e-12
1.4382e-12
1.4106e-12
1.3835e-12
1.3569e-12
1.3308e-12
1.3052e-12
1.2801e-12
1.2554e-12
1.2312e-12
1.2075e-12
1.1842e-12
1.1613e-12
1.1389e-12
1.1169e-12
1.0953e-12
1.0741e-12
1.0534e-12
1.033e-12
1.0129e-12
9.9332e-13
9.7405e-13
9.5515e-13
9.3661e-13
9.1842e-13
9.0057e-13
8.8306e-13
8.6588e-13
8.4903e-13
8.3249e-13
8.1627e-13
8.0036e-13
7.8475e-13
7.6943e-13
7.5441e-13
7.3967e-13
7.2521e-13
7.1103e-13
6.9712e-13
6.8347e-13
6.7008e-13
6.5695e-13
6.4407e-13
6.3143e-13
6.1904e-13
6.0688e-13
5.9496e-13
5.8326e-13
5.7179e-13
5.6053e-13
5.495e-13
5.3867e-13
5.2805e-13
5.1764e-13
5.0743e-13
4.9741e-13
4.8758e-13
4.7795e-13
4.685e-13
4.5923e-13
4.5014e-13
4.4122e-13
4.3248e-13
4.2391e-13
4.155e-13
4.0726e-13
3.9917e-13
3.9124e-13
3.8346e-13
3.7584e-13
3.6836e-13
3.6103e-13
3.5384e-13
3.4679e-13
3.3987e-13
3.3309e-13
3.2645e-13
3.1993e-13
3.1354e-13
3.0727e-13
3.0112e-13
2.951e-13
2.8919e-13
2.834e-13
2.7772e-13
2.7215e-13
2.6669e-13
2.6134e-13
2.5609e-13
2.5094e-13
2.459e-13
2.4096e-13
2.3611e-13
2.3135e-13
2.2669e-13
2.2212e-13
2.1765e-13
2.1326e-13
2.0895e-13
2.0473e-13
2.0059e-13
1.9654e-13
1.9257e-13
1.8867e-13
1.8485e-13
1.811e-13
1.7743e-13
1.7384e-13
1.7031e-13
1.6685e-13
1.6347e-13
1.6014e-13
1.5689e-13
1.537e-13
1.5057e-13
1.475e-13
1.445e-13
1.4156e-13
1.3867e-13
1.3584e-13
1.3307e-13
1.3035e-13
1.2769e-13
1.2508e-13
1.2252e-13
1.2001e-13
1.1756e-13
1.1515e-13
1.1279e-13
1.1048e-13
1.0821e-13
1.0599e-13
1.0381e-13
1.0168e-13
9.9591e-14
9.7543e-14
9.5536e-14
9.3569e-14
9.1642e-14
8.9754e-14
8.7904e-14
8.6091e-14
8.4314e-14
8.2574e-14
8.0868e-14
7.9197e-14
7.7559e-14
7.5955e-14
7.4383e-14
7.2842e-14
7.1333e-14
6.9855e-14
6.8406e-14
6.6987e-14
6.5596e-14
6.4234e-14
6.2899e-14
6.1591e-14
6.031e-14
5.9055e-14
5.7826e-14
5.6621e-14
5.5441e-14
5.4285e-14
5.3152e-14
5.2043e-14
5.0956e-14
4.9892e-14
4.8849e-14
4.7827e-14
4.6827e-14
4.5846e-14
4.4886e-14
4.3946e-14
4.3024e-14
4.2122e-14
4.1238e-14
4.0372e-14
3.9524e-14
3.8694e-14
3.788e-14
3.7083e-14
3.6303e-14
3.5538e-14
3.479e-14
3.4056e-14
3.3338e-14
3.2635e-14
3.1946e-14
3.1271e-14
3.0611e-14
2.9964e-14
2.933e-14
2.8709e-14
2.8102e-14
2.7506e-14
2.6923e-14
2.6353e-14
2.5794e-14
2.5246e-14
2.471e-14
2.4185e-14
2.3672e-14
2.3168e-14
2.2675e-14
2.2193e-14
2.172e-14
2.1258e-14
2.0804e-14
2.0361e-14
1.9926e-14
1.9501e-14
1.9085e-14
1.8677e-14
1.8278e-14
1.7887e-14
1.7504e-14
1.713e-14
1.6763e-14
1.6404e-14
1.6052e-14
1.5708e-14
1.5371e-14
1.5041e-14
1.4718e-14
1.4401e-14
1.4092e-14
1.3789e-14
1.3492e-14
1.3202e-14
1.2917e-14
1.2639e-14
1.2366e-14
1.21e-14
1.1838e-14
1.1583e-14
1.1333e-14
1.1088e-14
1.0848e-14
1.0613e-14
1.0384e-14
1.0159e-14
9.9388e-15
9.7234e-15
9.5126e-15
9.3063e-15
9.1043e-15
8.9066e-15
8.7131e-15
8.5237e-15
8.3384e-15
8.157e-15
7.9795e-15
7.8057e-15
7.6357e-15
7.4693e-15
7.3064e-15
7.147e-15
6.991e-15
6.8383e-15
6.6889e-15
6.5427e-15
6.3997e-15
6.2597e-15
6.1227e-15
5.9886e-15
5.8574e-15
5.729e-15
5.6034e-15
5.4804e-15
5.3602e-15
5.2424e-15
5.1273e-15
5.0146e-15
4.9043e-15
4.7964e-15
4.6908e-15
4.5875e-15
4.4865e-15
4.3876e-15
4.2908e-15
4.1962e-15
4.1035e-15
4.0129e-15
3.9243e-15
3.8375e-15
3.7527e-15
3.6697e-15
3.5884e-15
3.509e-15
3.4312e-15
3.3552e-15
3.2808e-15
3.208e-15
3.1368e-15
3.0671e-15
2.999e-15
2.9323e-15
2.8671e-15
2.8034e-15
2.741e-15
2.6799e-15
2.6202e-15
2.5618e-15
2.5047e-15
2.4488e-15
2.3942e-15
2.3407e-15
2.2884e-15
2.2373e-15
2.1873e-15
2.1383e-15
2.0905e-15
2.0437e-15
1.9979e-15
1.9531e-15
1.9093e-15
1.8665e-15
1.8246e-15
1.7836e-15
1.7436e-15
1.7044e-15
1.6661e-15
1.6286e-15
1.592e-15
1.5561e-15
1.5211e-15
1.4868e-15
1.4533e-15
1.4205e-15
1.3885e-15
1.3571e-15
1.3265e-15
1.2965e-15
1.2672e-15
1.2385e-15
1.2105e-15
1.1831e-15
1.1563e-15
1.1301e-15
1.1045e-15
1.0794e-15
1.055e-15
1.031e-15
1.0076e-15
9.8471e-16
9.6233e-16
9.4045e-16
9.1905e-16
8.9814e-16
8.7769e-16
8.5769e-16
8.3815e-16
8.1904e-16
8.0035e-16
7.8209e-16
7.6423e-16
7.4678e-16
7.2971e-16
7.1303e-16
6.9672e-16
6.8078e-16
6.652e-16
6.4996e-16
6.3507e-16
6.2051e-16
6.0628e-16
5.9237e-16
5.7877e-16
5.6548e-16
5.5249e-16
5.3979e-16
5.2738e-16
5.1525e-16
5.0339e-16
4.918e-16
4.8047e-16
4.694e-16
4.5858e-16
4.48e-16
4.3766e-16
4.2756e-16
4.1768e-16
4.0803e-16
3.986e-16
3.8938e-16
3.8037e-16
3.7156e-16
3.6296e-16
3.5455e-16
3.4633e-16
3.383e-16
3.3045e-16
3.2278e-16
3.1529e-16
3.0796e-16
3.0081e-16
2.9381e-16
2.8698e-16
2.803e-16
2.7377e-16
2.674e-16
2.6117e-16
2.5508e-16
2.4913e-16
2.4332e-16
2.3764e-16
2.3209e-16
2.2666e-16
2.2137e-16
2.1619e-16
2.1113e-16
2.0619e-16
2.0136e-16
1.9665e-16
1.9204e-16
1.8754e-16
1.8314e-16
1.7884e-16
1.7464e-16
1.7054e-16
1.6653e-16
1.6262e-16
1.5879e-16
1.5506e-16
1.5141e-16
1.4784e-16
1.4436e-16
1.4096e-16
1.3763e-16
1.3439e-16
1.3122e-16
1.2812e-16
1.2509e-16
1.2214e-16
1.1925e-16
1.1643e-16
1.1367e-16
1.1098e-16
1.0835e-16
1.0579e-16
1.0328e-16
1.0083e-16
9.844e-17
9.6104e-17
9.3822e-17
9.1593e-17
8.9417e-17
8.7291e-17
8.5215e-17
8.3188e-17
8.1207e-17
7.9274e-17
7.7385e-17
7.5541e-17
7.3739e-17
7.198e-17
7.0263e-17
6.8585e-17
6.6947e-17
6.5347e-17
6.3785e-17
6.2259e-17
6.077e-17
5.9315e-17
5.7895e-17
5.6508e-17
5.5153e-17
5.3831e-17
5.254e-17
5.1279e-17
5.0048e-17
4.8846e-17
4.7672e-17
4.6526e-17
4.5407e-17
4.4315e-17
4.3248e-17
4.2207e-17
4.119e-17
4.0197e-17
3.9228e-17
3.8282e-17
3.7358e-17
3.6456e-17
3.5576e-17
3.4716e-17
3.3877e-17
3.3058e-17
3.2258e-17
3.1477e-17
3.0715e-17
2.9971e-17
2.9245e-17
2.8536e-17
2.7844e-17
2.7168e-17
2.6509e-17
2.5865e-17
2.5236e-17
2.4623e-17
2.4024e-17
2.344e-17
2.287e-17
2.2313e-17
2.1769e-17
2.1239e-17
2.0721e-17
2.0216e-17
1.9723e-17
1.9241e-17
1.8771e-17
1.8313e-17
1.7865e-17
1.7429e-17
1.7002e-17
1.6586e-17
1.618e-17
1.5784e-17
1.5397e-17
1.502e-17
1.4652e-17
1.4292e-17
1.3942e-17
1.3599e-17
1.3265e-17
1.2939e-17
1.2621e-17
1.2311e-17
1.2008e-17
1.1712e-17
1.1424e-17
1.1143e-17
1.0868e-17
1.06e-17
1.0339e-17
1.0084e-17
9.8348e-18
9.5919e-18
9.3549e-18
9.1237e-18
8.8982e-18
8.6781e-18
8.4633e-18
8.2538e-18
8.0494e-18
7.85e-18
7.6554e-18
7.4656e-18
7.2804e-18
7.0997e-18
6.9235e-18
6.7515e-18
6.5838e-18
6.4201e-18
6.2605e-18
6.1047e-18
5.9528e-18
5.8046e-18
5.66e-18
5.5189e-18
5.3814e-18
5.2472e-18
5.1163e-18
4.9886e-18
4.864e-18
4.7425e-18
4.624e-18
4.5084e-18
4.3956e-18
4.2856e-18
4.1784e-18
4.0737e-18
3.9717e-18
3.8721e-18
3.7751e-18
3.6804e-18
3.588e-18
3.498e-18
3.4101e-18
3.3244e-18
3.2409e-18
3.1594e-18
3.0799e-18
3.0024e-18
2.9268e-18
2.8531e-18
2.7812e-18
2.7111e-18
2.6428e-18
2.5761e-18
2.5111e-18
2.4477e-18
2.3859e-18
2.3256e-18
2.2668e-18
2.2095e-18
2.1536e-18
2.0991e-18
2.046e-18
1.9942e-18
1.9436e-18
1.8944e-18
1.8463e-18
1.7995e-18
1.7538e-18
1.7093e-18
1.6659e-18
1.6235e-18
1.5823e-18
1.542e-18
1.5028e-18
1.4646e-18
1.4273e-18
1.3909e-18
1.3555e-18
1.3209e-18
1.2872e-18
1.2544e-18
1.2224e-18
1.1912e-18
1.1608e-18
1.1311e-18
1.1022e-18
1.074e-18
1.0465e-18
1.0197e-18
9.9363e-19
9.6818e-19
9.4337e-19
9.1919e-19
8.9561e-19
8.7264e-19
8.5024e-19
8.2841e-19
8.0713e-19
7.8639e-19
7.6618e-19
7.4648e-19
7.2727e-19
7.0856e-19
6.9031e-19
6.7253e-19
6.552e-19
6.3832e-19
6.2185e-19
6.0581e-19
5.9018e-19
5.7494e-19
5.6009e-19
5.4562e-19
5.3152e-19
5.1777e-19
5.0438e-19
4.9132e-19
4.786e-19
4.6621e-19
4.5413e-19
4.4236e-19
4.3089e-19
4.1971e-19
4.0882e-19
3.9821e-19
3.8786e-19
3.7779e-19
3.6797e-19
3.584e-19
3.4908e-19
3.3999e-19
3.3114e-19
3.2252e-19
3.1412e-19
3.0593e-19
2.9795e-19
2.9018e-19
2.8261e-19
2.7523e-19
2.6804e-19
2.6104e-19
2.5422e-19
2.4757e-19
2.411e-19
2.3479e-19
2.2864e-19
2.2266e-19
2.1682e-19
2.1114e-19
2.0561e-19
2.0021e-19
1.9496e-19
1.8984e-19
1.8486e-19
1.8e-19
1.7527e-19
1.7067e-19
1.6618e-19
1.6181e-19
1.5755e-19
1.534e-19
1.4936e-19
1.4542e-19
1.4159e-19
1.3786e-19
1.3422e-19
1.3068e-19
1.2723e-19
1.2387e-19
1.206e-19
1.1741e-19
1.143e-19
1.1128e-19
1.0834e-19
1.0547e-19
1.0268e-19
9.9955e-20
9.7306e-20
9.4727e-20
9.2214e-20
8.9768e-20
8.7385e-20
8.5065e-20
8.2805e-20
8.0605e-20
7.8462e-20
7.6375e-20
7.4343e-20
7.2365e-20
7.0438e-20
6.8562e-20
6.6735e-20
6.4956e-20
6.3224e-20
6.1538e-20
5.9895e-20
5.8297e-20
5.674e-20
5.5224e-20
5.3748e-20
5.2311e-20
5.0912e-20
4.9549e-20
4.8223e-20
4.6932e-20
4.5675e-20
4.4451e-20
4.3259e-20
4.2099e-20
4.0969e-20
3.987e-20
3.8799e-20
3.7757e-20
3.6743e-20
3.5755e-20
3.4794e-20
3.3858e-20
3.2947e-20
3.206e-20
3.1196e-20
3.0356e-20
2.9538e-20
2.8741e-20
2.7966e-20
2.7212e-20
2.6477e-20
2.5762e-20
2.5066e-20
2.4389e-20
2.373e-20
2.3088e-20
2.2463e-20
2.1855e-20
2.1264e-20
2.0688e-20
2.0127e-20
1.9582e-20
1.9051e-20
1.8534e-20
1.8031e-20
1.7542e-20
1.7065e-20
1.6602e-20
1.6151e-20
1.5712e-20
1.5284e-20
1.4868e-20
1.4464e-20
1.407e-20
1.3687e-20
1.3314e-20
1.2951e-20
1.2598e-20
1.2254e-20
1.192e-20
1.1594e-20
1.1278e-20
1.097e-20
1.067e-20
1.0378e-20
1.0094e-20
9.8182e-21
9.5495e-21
9.288e-21
9.0336e-21
8.7861e-21
8.5453e-21
8.3109e-21
8.083e-21
7.8612e-21
7.6454e-21
7.4354e-21
7.2312e-21
7.0324e-21
6.8391e-21
6.651e-21
6.468e-21
6.29e-21
6.1168e-21
5.9484e-21
5.7845e-21
5.625e-21
5.4699e-21
5.3191e-21
5.1723e-21
5.0295e-21
4.8906e-21
4.7555e-21
4.6241e-21
4.4963e-21
4.3719e-21
4.251e-21
4.1333e-21
4.0189e-21
3.9076e-21
3.7993e-21
3.694e-21
3.5916e-21
3.492e-21
3.3951e-21
3.3009e-21
3.2092e-21
3.1201e-21
3.0334e-21
2.9491e-21
2.8671e-21
2.7873e-21
2.7097e-21
2.6343e-21
2.5609e-21
2.4896e-21
2.4202e-21
2.3527e-21
2.2871e-21
2.2233e-21
2.1613e-21
2.1009e-21
2.0422e-21
1.9852e-21
1.9297e-21
1.8757e-21
1.8233e-21
1.7723e-21
1.7226e-21
1.6744e-21
1.6275e-21
1.5819e-21
1.5376e-21
1.4944e-21
1.4525e-21
1.4118e-21
1.3721e-21
1.3336e-21
1.2961e-21
1.2597e-21
1.2243e-21
1.1899e-21
1.1564e-21
1.1238e-21
1.0922e-21
1.0614e-21
1.0315e-21
1.0025e-21
9.7419e-22
9.4671e-22
9.2e-22
8.9404e-22
8.6879e-22
8.4425e-22
8.204e-22
7.9721e-22
7.7466e-22
7.5275e-22
7.3145e-22
7.1075e-22
6.9062e-22
6.7106e-22
6.5204e-22
6.3356e-22
6.1559e-22
5.9813e-22
5.8115e-22
5.6465e-22
5.4862e-22
5.3303e-22
5.1789e-22
5.0316e-22
4.8885e-22
4.7494e-22
4.6143e-22
4.4829e-22
4.3552e-22
4.2312e-22
4.1106e-22
3.9934e-22
3.8795e-22
3.7688e-22
3.6612e-22
3.5567e-22
3.4551e-22
3.3564e-22
3.2605e-22
3.1672e-22
3.0766e-22
2.9886e-22
2.9031e-22
2.8199e-22
2.7392e-22
2.6607e-22
2.5844e-22
2.5103e-22
2.4383e-22
2.3683e-22
2.3004e-22
2.2343e-22
2.1701e-22
2.1078e-22
2.0472e-22
1.9883e-22
1.9311e-22
1.8756e-22
1.8216e-22
1.7691e-22
1.7181e-22
1.6686e-22
1.6205e-22
1.5738e-22
1.5284e-22
1.4843e-22
1.4415e-22
1.3998e-22
1.3594e-22
1.3201e-22
1.2819e-22
1.2449e-22
1.2089e-22
1.1739e-22
1.1399e-22
1.1069e-22
1.0748e-22
1.0437e-22
1.0134e-22
9.8403e-23
9.5548e-23
9.2775e-23
9.0082e-23
8.7466e-23
8.4925e-23
8.2457e-23
8.006e-23
7.7732e-23
7.547e-23
7.3274e-23
7.1141e-23
6.9069e-23
6.7057e-23
6.5103e-23
6.3205e-23
6.1362e-23
5.9572e-23
5.7833e-23
5.6145e-23
5.4505e-23
5.2913e-23
5.1367e-23
4.9865e-23
4.8407e-23
4.6991e-23
4.5616e-23
4.428e-23
4.2984e-23
4.1724e-23
4.0502e-23
3.9314e-23
3.8161e-23
3.7042e-23
3.5955e-23
3.4899e-23
3.3875e-23
3.2879e-23
3.1913e-23
3.0975e-23
3.0064e-23
2.918e-23
2.8321e-23
2.7487e-23
2.6678e-23
2.5892e-23
2.5129e-23
2.4388e-23
2.3669e-23
2.2971e-23
2.2293e-23
2.1635e-23
2.0996e-23
2.0376e-23
1.9774e-23
1.9189e-23
1.8622e-23
1.8071e-23
1.7536e-23
1.7017e-23
1.6513e-23
1.6024e-23
1.555e-23
1.5089e-23
1.4641e-23
1.4207e-23
1.3785e-23
1.3376e-23
1.2979e-23
1.2594e-23
1.2219e-23
1.1856e-23
1.1504e-23
1.1162e-23
1.0829e-23
1.0507e-23
1.0194e-23
9.8907e-24
9.596e-24
9.31e-24
9.0324e-24
8.7631e-24
8.5016e-24
8.2479e-24
8.0017e-24
7.7627e-24
7.5308e-24
7.3057e-24
7.0873e-24
6.8754e-24
6.6697e-24
6.4701e-24
6.2764e-24
6.0885e-24
5.9061e-24
5.7291e-24
5.5573e-24
5.3907e-24
5.229e-24
5.0721e-24
4.9198e-24
4.7721e-24
4.6288e-24
4.4897e-24
4.3547e-24
4.2238e-24
4.0967e-24
3.9735e-24
3.8539e-24
3.7379e-24
3.6253e-24
3.516e-24
3.4101e-24
3.3073e-24
3.2075e-24
3.1107e-24
3.0169e-24
2.9258e-24
2.8374e-24
2.7517e-24
2.6685e-24
2.5879e-24
2.5096e-24
2.4337e-24
2.36e-24
2.2886e-24
2.2193e-24
2.1521e-24
2.0869e-24
2.0236e-24
1.9622e-24
1.9027e-24
1.845e-24
1.789e-24
1.7347e-24
1.682e-24
1.6309e-24
1.5813e-24
1.5332e-24
1.4866e-24
1.4414e-24
1.3975e-24
1.355e-24
1.3137e-24
1.2737e-24
1.2349e-24
1.1972e-24
1.1607e-24
1.1253e-24
1.091e-24
1.0577e-24
1.0254e-24
9.9404e-25
9.6367e-25
9.3421e-25
9.0565e-25
8.7795e-25
8.5108e-25
8.2503e-25
7.9977e-25
7.7528e-25
7.5153e-25
7.2849e-25
7.0616e-25
6.845e-25
6.635e-25
6.4314e-25
6.234e-25
6.0426e-25
5.8569e-25
5.677e-25
5.5024e-25
5.3333e-25
5.1692e-25
5.0102e-25
4.8559e-25
4.7064e-25
4.5615e-25
4.4209e-25
4.2847e-25
4.1526e-25
4.0245e-25
3.9003e-25
3.78e-25
3.6633e-25
3.5502e-25
3.4405e-25
3.3342e-25
3.2311e-25
3.1312e-25
3.0343e-25
2.9404e-25
2.8494e-25
2.7612e-25
2.6757e-25
2.5928e-25
2.5124e-25
2.4345e-25
2.359e-25
2.2858e-25
2.2149e-25
2.1461e-25
2.0795e-25
2.0149e-25
1.9523e-25
1.8916e-25
1.8328e-25
1.7758e-25
1.7205e-25
1.667e-25
1.6151e-25
1.5648e-25
1.516e-25
1.4688e-25
1.423e-25
1.3786e-25
1.3356e-25
1.2939e-25
1.2535e-25
1.2144e-25
1.1764e-25
1.1397e-25
1.1041e-25
1.0695e-25
1.0361e-25
1.0037e-25
9.7226e-26
9.4182e-26
9.1232e-26
8.8374e-26
8.5604e-26
8.2921e-26
8.0321e-26
7.7801e-26
7.536e-26
7.2994e-26
7.0702e-26
6.8481e-26
6.633e-26
6.4245e-26
6.2225e-26
6.0268e-26
5.8372e-26
5.6535e-26
5.4755e-26
5.3031e-26
5.136e-26
4.9742e-26
4.8174e-26
4.6655e-26
4.5184e-26
4.3758e-26
4.2377e-26
4.1039e-26
3.9743e-26
3.8487e-26
3.7271e-26
3.6093e-26
3.4951e-26
3.3846e-26
3.2775e-26
3.1737e-26
3.0732e-26
2.9759e-26
2.8816e-26
2.7903e-26
2.7018e-26
2.6161e-26
2.5331e-26
2.4527e-26
2.3749e-26
2.2995e-26
2.2264e-26
2.1557e-26
2.0872e-26
2.0208e-26
1.9565e-26
1.8943e-26
1.834e-26
1.7756e-26
1.7191e-26
1.6643e-26
1.6113e-26
1.5599e-26
1.5102e-26
1.462e-26
1.4153e-26
1.3702e-26
1.3264e-26
1.2841e-26
1.243e-26
1.2033e-26
1.1648e-26
1.1276e-26
1.0915e-26
1.0566e-26
1.0228e-26
9.9003e-27
9.5832e-27
9.2761e-27
8.9788e-27
8.691e-27
8.4123e-27
8.1424e-27
7.8811e-27
7.6281e-27
7.3832e-27
7.146e-27
6.9164e-27
6.6941e-27
6.4789e-27
6.2705e-27
6.0688e-27
5.8735e-27
5.6844e-27
5.5014e-27
5.3242e-27
5.1526e-27
4.9865e-27
4.8258e-27
4.6701e-27
4.5195e-27
4.3736e-27
4.2324e-27
4.0957e-27
3.9634e-27
3.8354e-27
3.7114e-27
3.5914e-27
3.4752e-27
3.3628e-27
3.254e-27
3.1486e-27
3.0466e-27
2.948e-27
2.8524e-27
2.76e-27
2.6705e-27
2.5839e-27
2.5e-27
2.4189e-27
2.3404e-27
2.2643e-27
2.1908e-27
2.1196e-27
2.0507e-27
1.984e-27
1.9195e-27
1.857e-27
1.7966e-27
1.7381e-27
1.6815e-27
1.6267e-27
1.5737e-27
1.5224e-27
1.4728e-27
1.4247e-27
1.3782e-27
1.3333e-27
1.2897e-27
1.2476e-27
1.2069e-27
1.1674e-27
1.1293e-27
1.0923e-27
1.0566e-27
1.022e-27
9.8858e-28
9.5622e-28
9.249e-28
8.946e-28
8.6529e-28
8.3692e-28
8.0948e-28
7.8293e-28
7.5724e-28
7.3239e-28
7.0834e-28
6.8508e-28
6.6257e-28
6.408e-28
6.1974e-28
5.9936e-28
5.7965e-28
5.6057e-28
5.4213e-28
5.2428e-28
5.0701e-28
4.9031e-28
4.7415e-28
4.5852e-28
4.4341e-28
4.2878e-28
4.1463e-28
4.0095e-28
3.8771e-28
3.7491e-28
3.6252e-28
3.5055e-28
3.3896e-28
3.2775e-28
3.1691e-28
3.0643e-28
2.9629e-28
2.8648e-28
2.7699e-28
2.6782e-28
2.5894e-28
2.5036e-28
2.4206e-28
2.3403e-28
2.2627e-28
2.1876e-28
2.115e-28
2.0447e-28
1.9768e-28
1.9111e-28
1.8476e-28
1.7862e-28
1.7268e-28
1.6693e-28
1.6138e-28
1.5601e-28
1.5081e-28
1.4579e-28
1.4093e-28
1.3624e-28
1.3169e-28
1.273e-28
1.2306e-28
1.1895e-28
1.1498e-28
1.1114e-28
1.0743e-28
1.0384e-28
1.0037e-28
9.7014e-29
9.377e-29
9.0633e-29
8.7601e-29
8.4669e-29
8.1834e-29
7.9094e-29
7.6444e-29
7.3882e-29
7.1406e-29
6.9012e-29
6.6697e-29
6.4459e-29
6.2296e-29
6.0205e-29
5.8183e-29
5.6228e-29
5.4339e-29
5.2513e-29
5.0747e-29
4.904e-29
4.7391e-29
4.5796e-29
4.4254e-29
4.2764e-29
4.1324e-29
3.9932e-29
3.8586e-29
3.7285e-29
3.6028e-29
3.4812e-29
3.3638e-29
3.2502e-29
3.1405e-29
3.0344e-29
2.9319e-29
2.8328e-29
2.7371e-29
2.6445e-29
2.5551e-29
2.4686e-29
2.3851e-29
2.3043e-29
2.2263e-29
2.1509e-29
2.078e-29
2.0076e-29
1.9395e-29
1.8737e-29
1.8102e-29
1.7487e-29
1.6894e-29
1.632e-29
1.5766e-29
1.523e-29
1.4712e-29
1.4212e-29
1.3729e-29
1.3262e-29
1.2811e-29
1.2375e-29
1.1953e-29
1.1546e-29
1.1153e-29
1.0773e-29
1.0406e-29
1.0051e-29
9.708e-30
9.3768e-30
9.0568e-30
8.7476e-30
8.4489e-30
8.1603e-30
7.8814e-30
7.6121e-30
7.3518e-30
7.1004e-30
6.8575e-30
6.6228e-30
6.3962e-30
6.1772e-30
5.9656e-30
5.7612e-30
5.5638e-30
5.3731e-30
5.1888e-30
5.0108e-30
4.8389e-30
4.6728e-30
4.5124e-30
4.3575e-30
4.2078e-30
4.0632e-30
3.9235e-30
3.7886e-30
3.6583e-30
3.5325e-30
3.4109e-30
3.2935e-30
3.1801e-30
3.0706e-30
2.9648e-30
2.8626e-30
2.764e-30
2.6686e-30
2.5766e-30
2.4877e-30
2.4018e-30
2.3189e-30
2.2388e-30
2.1615e-30
2.0868e-30
2.0147e-30
1.945e-30
1.8778e-30
1.8128e-30
1.7501e-30
1.6895e-30
1.631e-30
1.5745e-30
1.52e-30
1.4673e-30
1.4164e-30
1.3673e-30
1.3199e-30
1.2741e-30
1.2299e-30
1.1872e-30
1.146e-30
1.1062e-30
1.0677e-30
1.0306e-30
9.9478e-31
9.6019e-31
9.2679e-31
8.9454e-31
8.634e-31
8.3334e-31
8.0432e-31
7.763e-31
7.4925e-31
7.2313e-31
6.9792e-31
6.7358e-31
6.5008e-31
6.2739e-31
6.0549e-31
5.8435e-31
5.6394e-31
5.4424e-31
5.2522e-31
5.0686e-31
4.8913e-31
4.7202e-31
4.5551e-31
4.3957e-31
4.2418e-31
4.0932e-31
3.9499e-31
3.8115e-31
3.6779e-31
3.5489e-31
3.4245e-31
3.3043e-31
3.1884e-31
3.0765e-31
2.9685e-31
2.8642e-31
2.7636e-31
2.6665e-31
2.5728e-31
2.4823e-31
2.395e-31
2.3107e-31
2.2294e-31
2.1509e-31
2.0752e-31
2.0021e-31
1.9316e-31
1.8635e-31
1.7978e-31
1.7344e-31
1.6732e-31
1.6142e-31
1.5572e-31
1.5023e-31
1.4492e-31
1.398e-31
1.3486e-31
1.301e-31
1.255e-31
1.2106e-31
1.1678e-31
1.1265e-31
1.0866e-31
1.0481e-31
1.011e-31
9.7519e-32
9.4063e-32
9.0729e-32
8.7513e-32
8.4409e-32
8.1415e-32
7.8526e-32
7.5739e-32
7.3049e-32
7.0455e-32
6.7952e-32
6.5538e-32
6.3208e-32
6.0961e-32
5.8793e-32
5.6701e-32
5.4683e-32
5.2737e-32
5.0859e-32
4.9048e-32
4.73e-32
4.5615e-32
4.3989e-32
4.242e-32
4.0907e-32
3.9448e-32
3.804e-32
3.6682e-32
3.5373e-32
3.4109e-32
3.2891e-32
3.1715e-32
3.0581e-32
2.9488e-32
2.8433e-32
2.7416e-32
2.6435e-32
2.5488e-32
2.4576e-32
2.3696e-32
2.2847e-32
2.2028e-32
2.1238e-32
2.0477e-32
1.9742e-32
1.9034e-32
1.8351e-32
1.7692e-32
1.7057e-32
1.6444e-32
1.5853e-32
1.5283e-32
1.4734e-32
1.4204e-32
1.3693e-32
1.3201e-32
1.2725e-32
1.2267e-32
1.1826e-32
1.14e-32
1.0989e-32
1.0593e-32
1.0211e-32
9.8428e-33
9.4878e-33
9.1454e-33
8.8154e-33
8.4971e-33
8.1903e-33
7.8944e-33
7.6092e-33
7.3342e-33
7.0691e-33
6.8134e-33
6.567e-33
6.3294e-33
6.1003e-33
5.8795e-33
5.6665e-33
5.4613e-33
5.2634e-33
5.0727e-33
4.8888e-33
4.7115e-33
4.5406e-33
4.3758e-33
4.217e-33
4.0639e-33
3.9164e-33
3.7741e-33
3.637e-33
3.5048e-33
3.3774e-33
3.2546e-33
3.1362e-33
3.0221e-33
2.9121e-33
2.8061e-33
2.7039e-33
2.6054e-33
2.5105e-33
2.419e-33
2.3308e-33
2.2458e-33
2.1639e-33
2.085e-33
2.0089e-33
1.9355e-33
1.8649e-33
1.7967e-33
1.7311e-33
1.6678e-33
1.6069e-33
1.5481e-33
1.4915e-33
1.4369e-33
1.3843e-33
1.3337e-33
1.2848e-33
1.2378e-33
1.1924e-33
1.1487e-33
1.1066e-33
1.066e-33
1.0269e-33
9.8926e-34
9.5296e-34
9.1798e-34
8.8427e-34
8.5179e-34
8.205e-34
7.9035e-34
7.613e-34
7.3331e-34
7.0634e-34
6.8035e-34
6.5532e-34
6.3119e-34
6.0796e-34
5.8557e-34
5.6399e-34
5.4321e-34
5.2319e-34
5.039e-34
4.8532e-34
4.6741e-34
4.5017e-34
4.3355e-34
4.1754e-34
4.0213e-34
3.8727e-34
3.7296e-34
3.5918e-34
3.459e-34
3.3311e-34
3.2079e-34
3.0892e-34
2.9748e-34
2.8647e-34
2.7586e-34
2.6564e-34
2.558e-34
2.4632e-34
2.3719e-34
2.2839e-34
2.1992e-34
2.1176e-34
2.0391e-34
1.9634e-34
1.8905e-34
1.8202e-34
1.7526e-34
1.6875e-34
1.6248e-34
1.5643e-34
1.5062e-34
1.4501e-34
1.3962e-34
1.3442e-34
1.2942e-34
1.246e-34
1.1995e-34
1.1548e-34
1.1118e-34
1.0703e-34
1.0304e-34
9.9199e-35
9.5498e-35
9.1934e-35
8.8502e-35
8.5197e-35
8.2014e-35
7.895e-35
7.5999e-35
7.3158e-35
7.0422e-35
6.7788e-35
6.5252e-35
6.281e-35
6.0459e-35
5.8195e-35
5.6015e-35
5.3917e-35
5.1896e-35
4.9951e-35
4.8078e-35
4.6275e-35
4.4539e-35
4.2867e-35
4.1258e-35
3.9709e-35
3.8218e-35
3.6782e-35
3.54e-35
3.407e-35
3.2789e-35
3.1556e-35
3.0369e-35
2.9226e-35
2.8126e-35
2.7067e-35
2.6048e-35
2.5067e-35
2.4123e-35
2.3213e-35
2.2338e-35
2.1496e-35
2.0685e-35
1.9905e-35
1.9154e-35
1.8431e-35
1.7735e-35
1.7065e-35
1.642e-35
1.58e-35
1.5203e-35
1.4628e-35
1.4075e-35
1.3542e-35
1.303e-35
1.2537e-35
1.2062e-35
1.1605e-35
1.1166e-35
1.0743e-35
1.0336e-35
9.9437e-36
9.5667e-36
9.2038e-36
8.8547e-36
8.5186e-36
8.1953e-36
7.8841e-36
7.5847e-36
7.2965e-36
7.0193e-36
6.7525e-36
6.4957e-36
6.2487e-36
6.011e-36
5.7823e-36
5.5622e-36
5.3505e-36
5.1467e-36
4.9507e-36
4.7621e-36
4.5806e-36
4.406e-36
4.238e-36
4.0763e-36
3.9208e-36
3.7712e-36
3.6272e-36
3.4887e-36
3.3555e-36
3.2273e-36
3.104e-36
2.9854e-36
2.8712e-36
2.7614e-36
2.6558e-36
2.5542e-36
2.4564e-36
2.3624e-36
2.2719e-36
2.1849e-36
2.1012e-36
2.0207e-36
1.9432e-36
1.8687e-36
1.797e-36
1.7281e-36
1.6618e-36
1.598e-36
1.5367e-36
1.4776e-36
1.4209e-36
1.3663e-36
1.3138e-36
1.2633e-36
1.2147e-36
1.168e-36
1.123e-36
1.0798e-36
1.0383e-36
9.9828e-37
9.5983e-37
9.2285e-37
8.8729e-37
8.5309e-37
8.202e-37
7.8857e-37
7.5815e-37
7.289e-37
7.0077e-37
6.7372e-37
6.477e-37
6.2268e-37
5.9863e-37
5.7549e-37
5.5325e-37
5.3186e-37
5.1129e-37
4.9151e-37
4.7249e-37
4.542e-37
4.3662e-37
4.1971e-37
4.0345e-37
3.8782e-37
3.7279e-37
3.5834e-37
3.4444e-37
3.3108e-37
3.1824e-37
3.0589e-37
2.9401e-37
2.826e-37
2.7162e-37
2.6107e-37
2.5093e-37
2.4117e-37
2.318e-37
2.2278e-37
2.1412e-37
2.0579e-37
1.9778e-37
1.9008e-37
1.8268e-37
1.7556e-37
1.6873e-37
1.6215e-37
1.5583e-37
1.4975e-37
1.4391e-37
1.383e-37
1.329e-37
1.2772e-37
1.2273e-37
1.1794e-37
1.1333e-37
1.0891e-37
1.0465e-37
1.0056e-37
9.6627e-38
9.2848e-38
8.9216e-38
8.5725e-38
8.237e-38
7.9145e-38
7.6046e-38
7.3067e-38
7.0205e-38
6.7453e-38
6.4809e-38
6.2268e-38
5.9826e-38
5.7479e-38
5.5224e-38
5.3056e-38
5.0973e-38
4.8971e-38
4.7048e-38
4.5199e-38
4.3423e-38
4.1716e-38
4.0076e-38
3.85e-38
3.6985e-38
3.553e-38
3.4131e-38
3.2787e-38
3.1496e-38
3.0256e-38
2.9063e-38
2.7918e-38
2.6817e-38
2.576e-38
2.4744e-38
2.3768e-38
2.283e-38
2.1929e-38
2.1063e-38
2.0231e-38
1.9432e-38
1.8664e-38
1.7927e-38
1.7218e-38
1.6537e-38
1.5883e-38
1.5255e-38
1.4651e-38
1.4071e-38
1.3514e-38
1.2979e-38
1.2465e-38
1.1971e-38
1.1496e-38
1.1041e-38
1.0603e-38
1.0182e-38
9.7784e-39
9.3903e-39
9.0176e-39
8.6596e-39
8.3157e-39
7.9853e-39
7.6681e-39
7.3633e-39
7.0706e-39
6.7894e-39
6.5194e-39
6.26e-39
6.0109e-39
5.7717e-39
5.5419e-39
5.3212e-39
5.1092e-39
4.9056e-39
4.7101e-39
4.5224e-39
4.342e-39
4.1689e-39
4.0026e-39
3.8428e-39
3.6894e-39
3.5421e-39
3.4007e-39
3.2649e-39
3.1344e-39
3.0091e-39
2.8889e-39
2.7733e-39
2.6624e-39
2.5559e-39
2.4536e-39
2.3554e-39
2.2611e-39
2.1706e-39
2.0836e-39
2.0002e-39
1.92e-39
1.843e-39
1.7691e-39
1.6982e-39
1.6301e-39
1.5647e-39
1.5019e-39
1.4416e-39
1.3837e-39
1.3281e-39
1.2747e-39
1.2235e-39
1.1743e-39
1.1271e-39
1.0818e-39
1.0383e-39
9.9649e-40
9.5639e-40
9.1789e-40
8.8093e-40
8.4545e-40
8.1139e-40
7.7869e-40
7.473e-40
7.1717e-40
6.8825e-40
6.6049e-40
6.3384e-40
6.0826e-40
5.8371e-40
5.6014e-40
5.3752e-40
5.158e-40
4.9496e-40
4.7495e-40
4.5575e-40
4.3732e-40
4.1963e-40
4.0266e-40
3.8636e-40
3.7072e-40
3.5571e-40
3.4131e-40
3.2748e-40
3.1421e-40
3.0148e-40
2.8926e-40
2.7753e-40
2.6627e-40
2.5547e-40
2.451e-40
2.3515e-40
2.2561e-40
2.1645e-40
2.0765e-40
1.9922e-40
1.9112e-40
1.8335e-40
1.759e-40
1.6874e-40
1.6188e-40
1.5529e-40
1.4897e-40
1.4291e-40
1.3709e-40
1.315e-40
1.2615e-40
1.2101e-40
1.1607e-40
1.1134e-40
1.068e-40
1.0245e-40
9.8265e-41
9.4255e-41
9.0408e-41
8.6716e-41
8.3175e-41
7.9777e-41
7.6517e-41
7.339e-41
7.039e-41
6.7511e-41
6.475e-41
6.2101e-41
5.956e-41
5.7122e-41
5.4784e-41
5.254e-41
5.0388e-41
4.8324e-41
4.6343e-41
4.4444e-41
4.2621e-41
4.0873e-41
3.9197e-41
3.7588e-41
3.6046e-41
3.4566e-41
3.3147e-41
3.1785e-41
3.0479e-41
2.9227e-41
2.8026e-41
2.6873e-41
2.5768e-41
2.4708e-41
2.3692e-41
2.2717e-41
2.1782e-41
2.0885e-41
2.0025e-41
1.92e-41
1.8409e-41
1.765e-41
1.6923e-41
1.6225e-41
1.5556e-41
1.4914e-41
1.4299e-41
1.3709e-41
1.3143e-41
1.26e-41
1.208e-41
1.158e-41
1.1102e-41
1.0643e-41
1.0203e-41
9.7811e-42
9.3765e-42
8.9886e-42
8.6166e-42
8.2599e-42
7.9179e-42
7.59e-42
7.2756e-42
6.9742e-42
6.6851e-42
6.408e-42
6.1423e-42
5.8876e-42
5.6433e-42
5.4092e-42
5.1847e-42
4.9694e-42
4.7631e-42
4.5652e-42
4.3756e-42
4.1938e-42
4.0194e-42
3.8523e-42
3.6921e-42
3.5386e-42
3.3913e-42
3.2502e-42
3.1149e-42
2.9852e-42
2.8609e-42
2.7418e-42
2.6275e-42
2.518e-42
2.4131e-42
2.3124e-42
2.216e-42
2.1236e-42
2.035e-42
1.95e-42
1.8686e-42
1.7906e-42
1.7158e-42
1.6441e-42
1.5754e-42
1.5096e-42
1.4465e-42
1.386e-42
1.328e-42
1.2725e-42
1.2192e-42
1.1682e-42
1.1193e-42
1.0724e-42
1.0275e-42
9.8444e-43
9.4318e-43
9.0365e-43
8.6576e-43
8.2946e-43
7.9466e-43
7.6132e-43
7.2937e-43
6.9876e-43
6.6942e-43
6.413e-43
6.1437e-43
5.8855e-43
5.6382e-43
5.4012e-43
5.1741e-43
4.9565e-43
4.748e-43
4.5482e-43
4.3568e-43
4.1733e-43
3.9976e-43
3.8293e-43
3.6679e-43
3.5134e-43
3.3653e-43
3.2234e-43
3.0875e-43
2.9573e-43
2.8325e-43
2.713e-43
2.5985e-43
2.4888e-43
2.3837e-43
2.283e-43
2.1866e-43
2.0942e-43
2.0056e-43
1.9208e-43
1.8396e-43
1.7618e-43
1.6873e-43
1.6159e-43
1.5475e-43
1.482e-43
1.4192e-43
1.3591e-43
1.3015e-43
1.2463e-43
1.1935e-43
1.1429e-43
1.0944e-43
1.048e-43
1.0036e-43
9.6096e-44
9.2017e-44
8.811e-44
8.4368e-44
8.0784e-44
7.7352e-44
7.4065e-44
7.0916e-44
6.7901e-44
6.5013e-44
6.2248e-44
5.9599e-44
5.7063e-44
5.4633e-44
5.2307e-44
5.0079e-44
4.7946e-44
4.5903e-44
4.3947e-44
4.2073e-44
4.0279e-44
3.8562e-44
3.6916e-44
3.5341e-44
3.3833e-44
3.2389e-44
3.1006e-44
2.9681e-44
2.8413e-44
2.7199e-44
2.6037e-44
2.4924e-44
2.3858e-44
2.2838e-44
2.1861e-44
2.0925e-44
2.003e-44
1.9172e-44
1.8351e-44
1.7565e-44
1.6813e-44
1.6092e-44
1.5403e-44
1.4742e-44
1.411e-44
1.3505e-44
1.2926e-44
1.2371e-44
1.184e-44
1.1332e-44
1.0845e-44
1.0379e-44
9.9334e-45
9.5065e-45
9.0979e-45
8.7068e-45
8.3324e-45
7.974e-45
7.631e-45
7.3026e-45
6.9883e-45
6.6874e-45
6.3995e-45
6.1238e-45
5.86e-45
5.6075e-45
5.3658e-45
5.1345e-45
4.9131e-45
4.7012e-45
4.4983e-45
4.3042e-45
4.1185e-45
3.9407e-45
3.7705e-45
3.6076e-45
3.4518e-45
3.3026e-45
3.1599e-45
3.0233e-45
2.8925e-45
2.7674e-45
2.6477e-45
2.5331e-45
2.4235e-45
2.3186e-45
2.2182e-45
2.1221e-45
2.0302e-45
1.9422e-45
1.858e-45
1.7775e-45
1.7004e-45
1.6267e-45
1.5561e-45
1.4886e-45
1.424e-45
1.3621e-45
1.303e-45
1.2464e-45
1.1923e-45
1.1404e-45
1.0909e-45
1.0435e-45
9.9809e-46
9.5468e-46
9.1315e-46
8.7341e-46
8.354e-46
7.9903e-46
7.6424e-46
7.3096e-46
6.9911e-46
6.6865e-46
6.3951e-46
6.1163e-46
5.8496e-46
5.5945e-46
5.3505e-46
5.117e-46
4.8937e-46
4.6801e-46
4.4757e-46
4.2802e-46
4.0933e-46
3.9144e-46
3.7433e-46
3.5797e-46
3.4232e-46
3.2735e-46
3.1303e-46
2.9933e-46
2.8623e-46
2.737e-46
2.6172e-46
2.5026e-46
2.393e-46
2.2881e-46
2.1878e-46
2.0919e-46
2.0002e-46
1.9125e-46
1.8286e-46
1.7484e-46
1.6717e-46
1.5983e-46
1.5281e-46
1.461e-46
1.3968e-46
1.3355e-46
1.2768e-46
1.2207e-46
1.167e-46
1.1157e-46
1.0666e-46
1.0197e-46
9.7482e-47
9.3191e-47
8.9088e-47
8.5165e-47
8.1414e-47
7.7828e-47
7.4398e-47
7.1119e-47
6.7984e-47
6.4986e-47
6.212e-47
5.938e-47
5.676e-47
5.4255e-47
5.186e-47
4.957e-47
4.7381e-47
4.5288e-47
4.3287e-47
4.1373e-47
3.9545e-47
3.7796e-47
3.6125e-47
3.4527e-47
3.2999e-47
3.1539e-47
3.0143e-47
2.8808e-47
2.7532e-47
2.6313e-47
2.5147e-47
2.4033e-47
2.2967e-47
2.1949e-47
2.0976e-47
2.0045e-47
1.9156e-47
1.8306e-47
1.7494e-47
1.6717e-47
1.5975e-47
1.5265e-47
1.4587e-47
1.3939e-47
1.3319e-47
1.2727e-47
1.2161e-47
1.162e-47
1.1103e-47
1.0609e-47
1.0137e-47
9.6859e-48
9.2546e-48
8.8425e-48
8.4486e-48
8.0722e-48
7.7124e-48
7.3686e-48
7.0401e-48
6.7261e-48
6.4261e-48
6.1394e-48
5.8654e-48
5.6036e-48
5.3535e-48
5.1144e-48
4.886e-48
4.6677e-48
4.4591e-48
4.2598e-48
4.0694e-48
3.8874e-48
3.7135e-48
3.5474e-48
3.3887e-48
3.237e-48
3.0921e-48
2.9536e-48
2.8214e-48
2.695e-48
2.5742e-48
2.4589e-48
2.3486e-48
2.2433e-48
2.1427e-48
2.0466e-48
1.9548e-48
1.8671e-48
1.7833e-48
1.7032e-48
1.6267e-48
1.5537e-48
1.4839e-48
1.4172e-48
1.3535e-48
1.2926e-48
1.2345e-48
1.179e-48
1.1259e-48
1.0753e-48
1.0269e-48
9.8066e-49
9.365e-49
8.9433e-49
8.5404e-49
8.1556e-49
7.7881e-49
7.437e-49
7.1017e-49
6.7814e-49
6.4756e-49
6.1834e-49
5.9044e-49
5.6379e-49
5.3833e-49
5.1402e-49
4.9081e-49
4.6863e-49
4.4746e-49
4.2723e-49
4.0792e-49
3.8948e-49
3.7186e-49
3.5504e-49
3.3898e-49
3.2363e-49
3.0898e-49
2.9499e-49
2.8164e-49
2.6888e-49
2.567e-49
2.4506e-49
2.3396e-49
2.2335e-49
2.1322e-49
2.0355e-49
1.9432e-49
1.855e-49
1.7708e-49
1.6904e-49
1.6136e-49
1.5404e-49
1.4704e-49
1.4036e-49
1.3398e-49
1.2789e-49
1.2207e-49
1.1652e-49
1.1122e-49
1.0616e-49
1.0133e-49
9.6718e-50
9.2315e-50
8.8111e-50
8.4098e-50
8.0267e-50
7.6609e-50
7.3117e-50
6.9784e-50
6.6602e-50
6.3565e-50
6.0665e-50
5.7897e-50
5.5255e-50
5.2733e-50
5.0325e-50
4.8027e-50
4.5833e-50
4.3739e-50
4.174e-50
3.9832e-50
3.8011e-50
3.6273e-50
3.4614e-50
3.3031e-50
3.1519e-50
3.0077e-50
2.87e-50
2.7386e-50
2.6132e-50
2.4935e-50
2.3792e-50
2.2702e-50
2.1661e-50
2.0668e-50
1.972e-50
1.8816e-50
1.7953e-50
1.7129e-50
1.6343e-50
1.5592e-50
1.4876e-50
1.4193e-50
1.3541e-50
1.2919e-50
1.2325e-50
1.1759e-50
1.1218e-50
1.0702e-50
1.021e-50
9.7402e-51
9.292e-51
8.8643e-51
8.4562e-51
8.0668e-51
7.6953e-51
7.3408e-51
7.0025e-51
6.6798e-51
6.3719e-51
6.0781e-51
5.7978e-51
5.5303e-51
5.2752e-51
5.0317e-51
4.7995e-51
4.5779e-51
4.3665e-51
4.1648e-51
3.9724e-51
3.7889e-51
3.6138e-51
3.4467e-51
3.2873e-51
3.1353e-51
2.9903e-51
2.8519e-51
2.7199e-51
2.594e-51
2.4739e-51
2.3594e-51
2.2501e-51
2.1459e-51
2.0464e-51
1.9516e-51
1.8611e-51
1.7748e-51
1.6925e-51
1.614e-51
1.5391e-51
1.4677e-51
1.3995e-51
1.3346e-51
1.2726e-51
1.2135e-51
1.1571e-51
1.1033e-51
1.0521e-51
1.0032e-51
9.5651e-52
9.1202e-52
8.696e-52
8.2914e-52
7.9055e-52
7.5375e-52
7.1866e-52
6.8519e-52
6.5328e-52
6.2284e-52
5.9382e-52
5.6614e-52
5.3975e-52
5.1458e-52
4.9058e-52
4.677e-52
4.4588e-52
4.2507e-52
4.0523e-52
3.8631e-52
3.6827e-52
3.5107e-52
3.3467e-52
3.1903e-52
3.0412e-52
2.899e-52
2.7635e-52
2.6342e-52
2.511e-52
2.3935e-52
2.2815e-52
2.1747e-52
2.0729e-52
1.9758e-52
1.8833e-52
1.7951e-52
1.7109e-52
1.6308e-52
1.5543e-52
1.4814e-52
1.412e-52
1.3457e-52
1.2826e-52
1.2224e-52
1.165e-52
1.1103e-52
1.0582e-52
1.0085e-52
9.6111e-53
9.1595e-53
8.729e-53
8.3187e-53
7.9275e-53
7.5547e-53
7.1994e-53
6.8607e-53
6.5378e-53
6.2301e-53
5.9368e-53
5.6572e-53
5.3908e-53
5.1369e-53
4.8948e-53
4.6641e-53
4.4443e-53
4.2347e-53
4.035e-53
3.8447e-53
3.6633e-53
3.4905e-53
3.3257e-53
3.1687e-53
3.0191e-53
2.8765e-53
2.7406e-53
2.6112e-53
2.4878e-53
2.3702e-53
2.2581e-53
2.1513e-53
2.0496e-53
1.9526e-53
1.8602e-53
1.7722e-53
1.6883e-53
1.6084e-53
1.5322e-53
1.4596e-53
1.3905e-53
1.3246e-53
1.2618e-53
1.202e-53
1.145e-53
1.0907e-53
1.0389e-53
9.8964e-54
9.4267e-54
8.9792e-54
8.5529e-54
8.1468e-54
7.7598e-54
7.3912e-54
7.04e-54
6.7054e-54
6.3866e-54
6.0829e-54
5.7937e-54
5.5181e-54
5.2555e-54
5.0054e-54
4.7672e-54
4.5402e-54
4.324e-54
4.1181e-54
3.9219e-54
3.7351e-54
3.557e-54
3.3875e-54
3.226e-54
3.0721e-54
2.9256e-54
2.786e-54
2.6531e-54
2.5265e-54
2.4059e-54
2.291e-54
2.1816e-54
2.0774e-54
1.9781e-54
1.8836e-54
1.7936e-54
1.7078e-54
1.6262e-54
1.5484e-54
1.4743e-54
1.4038e-54
1.3366e-54
1.2726e-54
1.2117e-54
1.1537e-54
1.0984e-54
1.0458e-54
9.9567e-55
9.4795e-55
9.0251e-55
8.5923e-55
8.1803e-55
7.7879e-55
7.4142e-55
7.0585e-55
6.7197e-55
6.3971e-55
6.0899e-55
5.7974e-55
5.5189e-55
5.2538e-55
5.0013e-55
4.7609e-55
4.532e-55
4.3141e-55
4.1066e-55
3.909e-55
3.7209e-55
3.5419e-55
3.3714e-55
3.209e-55
3.0545e-55
2.9074e-55
2.7673e-55
2.634e-55
2.507e-55
2.3862e-55
2.2711e-55
2.1616e-55
2.0573e-55
1.9581e-55
1.8636e-55
1.7736e-55
1.688e-55
1.6065e-55
1.5289e-55
1.455e-55
1.3847e-55
1.3178e-55
1.2541e-55
1.1935e-55
1.1358e-55
1.0808e-55
1.0286e-55
9.7879e-56
9.3142e-56
8.8633e-56
8.4342e-56
8.0257e-56
7.637e-56
7.267e-56
6.9149e-56
6.5798e-56
6.2608e-56
5.9572e-56
5.6683e-56
5.3934e-56
5.1317e-56
4.8827e-56
4.6457e-56
4.4202e-56
4.2055e-56
4.0013e-56
3.8069e-56
3.622e-56
3.446e-56
3.2785e-56
3.1191e-56
2.9674e-56
2.8231e-56
2.6857e-56
2.5551e-56
2.4307e-56
2.3124e-56
2.1998e-56
2.0927e-56
1.9908e-56
1.8938e-56
1.8015e-56
1.7137e-56
1.6302e-56
1.5507e-56
1.4751e-56
1.4031e-56
1.3347e-56
1.2696e-56
1.2076e-56
1.1486e-56
1.0926e-56
1.0392e-56
9.8844e-57
9.4015e-57
8.9421e-57
8.5051e-57
8.0893e-57
7.6938e-57
7.3175e-57
6.9596e-57
6.6191e-57
6.2951e-57
5.987e-57
5.6939e-57
5.4151e-57
5.1499e-57
4.8977e-57
4.6577e-57
4.4294e-57
4.2123e-57
4.0058e-57
3.8094e-57
3.6226e-57
3.4449e-57
3.2758e-57
3.1151e-57
2.9622e-57
2.8167e-57
2.6784e-57
2.5469e-57
2.4218e-57
2.3028e-57
2.1896e-57
2.082e-57
1.9796e-57
1.8823e-57
1.7897e-57
1.7016e-57
1.6179e-57
1.5383e-57
1.4626e-57
1.3906e-57
1.3221e-57
1.257e-57
1.195e-57
1.1362e-57
1.0802e-57
1.0269e-57
9.7628e-58
9.2813e-58
8.8235e-58
8.3882e-58
7.9743e-58
7.5808e-58
7.2065e-58
6.8507e-58
6.5124e-58
6.1907e-58
5.8849e-58
5.5941e-58
5.3176e-58
5.0547e-58
4.8048e-58
4.5672e-58
4.3413e-58
4.1265e-58
3.9223e-58
3.7282e-58
3.5436e-58
3.3682e-58
3.2013e-58
3.0428e-58
2.892e-58
2.7487e-58
2.6125e-58
2.483e-58
2.3598e-58
2.2428e-58
2.1316e-58
2.0258e-58
1.9253e-58
1.8297e-58
1.7389e-58
1.6525e-58
1.5705e-58
1.4925e-58
1.4183e-58
1.3478e-58
1.2808e-58
1.2172e-58
1.1566e-58
1.0991e-58
1.0444e-58
9.9248e-59
9.4309e-59
8.9615e-59
8.5154e-59
8.0914e-59
7.6884e-59
7.3054e-59
6.9414e-59
6.5955e-59
6.2668e-59
5.9544e-59
5.6575e-59
5.3753e-59
5.1072e-59
4.8524e-59
4.6102e-59
4.3801e-59
4.1614e-59
3.9537e-59
3.7562e-59
3.5686e-59
3.3903e-59
3.2208e-59
3.0599e-59
2.9069e-59
2.7615e-59
2.6234e-59
2.4922e-59
2.3675e-59
2.249e-59
2.1365e-59
2.0295e-59
1.9279e-59
1.8313e-59
1.7396e-59
1.6524e-59
1.5696e-59
1.491e-59
1.4162e-59
1.3452e-59
1.2777e-59
1.2136e-59
1.1528e-59
1.0949e-59
1.04e-59
9.8774e-60
9.3815e-60
8.9103e-60
8.4627e-60
8.0376e-60
7.6337e-60
7.25e-60
6.8855e-60
6.5393e-60
6.2104e-60
5.898e-60
5.6013e-60
5.3194e-60
5.0517e-60
4.7974e-60
4.5558e-60
4.3264e-60
4.1085e-60
3.9015e-60
3.7049e-60
3.5182e-60
3.3408e-60
3.1724e-60
3.0124e-60
2.8604e-60
2.7161e-60
2.5791e-60
2.4489e-60
2.3253e-60
2.2079e-60
2.0964e-60
1.9905e-60
1.8899e-60
1.7944e-60
1.7037e-60
1.6176e-60
1.5358e-60
1.4581e-60
1.3844e-60
1.3144e-60
1.2478e-60
1.1847e-60
1.1247e-60
1.0678e-60
1.0137e-60
9.6236e-61
9.1361e-61
8.6732e-61
8.2336e-61
7.8162e-61
7.42e-61
7.0437e-61
6.6864e-61
6.3472e-61
6.0252e-61
5.7194e-61
5.4291e-61
5.1535e-61
4.8918e-61
4.6433e-61
4.4074e-61
4.1835e-61
3.9709e-61
3.7691e-61
3.5774e-61
3.3955e-61
3.2228e-61
3.0589e-61
2.9033e-61
2.7555e-61
2.6153e-61
2.4821e-61
2.3557e-61
2.2358e-61
2.1219e-61
2.0138e-61
1.9111e-61
1.8137e-61
1.7213e-61
1.6335e-61
1.5502e-61
1.4711e-61
1.3961e-61
1.3248e-61
1.2572e-61
1.193e-61
1.1321e-61
1.0743e-61
1.0194e-61
9.6735e-62
9.1792e-62
8.7101e-62
8.2648e-62
7.8423e-62
7.4412e-62
7.0606e-62
6.6994e-62
6.3566e-62
6.0313e-62
5.7226e-62
5.4296e-62
5.1516e-62
4.8877e-62
4.6373e-62
4.3997e-62
4.1742e-62
3.9603e-62
3.7572e-62
3.5646e-62
3.3818e-62
3.2083e-62
3.0437e-62
2.8875e-62
2.7393e-62
2.5987e-62
2.4652e-62
2.3386e-62
2.2185e-62
2.1045e-62
1.9964e-62
1.8938e-62
1.7964e-62
1.704e-62
1.6164e-62
1.5333e-62
1.4544e-62
1.3795e-62
1.3085e-62
1.2412e-62
1.1773e-62
1.1167e-62
1.0591e-62
1.0046e-62
9.5281e-63
9.0371e-63
8.5713e-63
8.1294e-63
7.7102e-63
7.3125e-63
6.9353e-63
6.5775e-63
6.238e-63
5.916e-63
5.6106e-63
5.3209e-63
5.0461e-63
4.7854e-63
4.5382e-63
4.3037e-63
4.0813e-63
3.8703e-63
3.6702e-63
3.4804e-63
3.3003e-63
3.1296e-63
2.9676e-63
2.8141e-63
2.6684e-63
2.5302e-63
2.3992e-63
2.2749e-63
2.1571e-63
2.0453e-63
1.9393e-63
1.8388e-63
1.7435e-63
1.6531e-63
1.5673e-63
1.486e-63
1.4089e-63
1.3358e-63
1.2665e-63
1.2007e-63
1.1384e-63
1.0792e-63
1.0232e-63
9.7003e-64
9.1962e-64
8.7183e-64
8.2651e-64
7.8353e-64
7.4279e-64
7.0415e-64
6.6752e-64
6.3278e-64
5.9985e-64
5.6863e-64
5.3902e-64
5.1095e-64
4.8434e-64
4.5911e-64
4.3519e-64
4.1251e-64
3.9101e-64
3.7062e-64
3.513e-64
3.3298e-64
3.1561e-64
2.9914e-64
2.8353e-64
2.6873e-64
2.547e-64
2.4141e-64
2.288e-64
2.1685e-64
2.0552e-64
1.9478e-64
1.846e-64
1.7495e-64
1.658e-64
1.5713e-64
1.4892e-64
1.4113e-64
1.3374e-64
1.2674e-64
1.2011e-64
1.1382e-64
1.0786e-64
1.0221e-64
9.6858e-65
9.1783e-65
8.6974e-65
8.2415e-65
7.8095e-65
7.4e-65
7.012e-65
6.6442e-65
6.2956e-65
5.9653e-65
5.6522e-65
5.3555e-65
5.0744e-65
4.8079e-65
4.5554e-65
4.3161e-65
4.0893e-65
3.8744e-65
3.6708e-65
3.4778e-65
3.2949e-65
3.1216e-65
2.9574e-65
2.8019e-65
2.6544e-65
2.5147e-65
2.3823e-65
2.2569e-65
2.1381e-65
2.0254e-65
1.9187e-65
1.8176e-65
1.7219e-65
1.6311e-65
1.5451e-65
1.4636e-65
1.3864e-65
1.3133e-65
1.244e-65
1.1784e-65
1.1162e-65
1.0573e-65
1.0014e-65
9.4855e-66
8.9845e-66
8.5098e-66
8.0602e-66
7.6342e-66
7.2307e-66
6.8484e-66
6.4863e-66
6.1432e-66
5.8182e-66
5.5104e-66
5.2188e-66
4.9426e-66
4.6809e-66
4.4331e-66
4.1983e-66
3.9759e-66
3.7653e-66
3.5658e-66
3.3768e-66
3.1978e-66
3.0283e-66
2.8677e-66
2.7156e-66
2.5715e-66
2.4351e-66
2.3059e-66
2.1835e-66
2.0676e-66
1.9578e-66
1.8538e-66
1.7553e-66
1.6621e-66
1.5738e-66
1.4901e-66
1.4109e-66
1.3359e-66
1.2649e-66
1.1976e-66
1.1339e-66
1.0735e-66
1.0164e-66
9.6231e-67
9.1108e-67
8.6257e-67
8.1663e-67
7.7313e-67
7.3194e-67
6.9294e-67
6.5601e-67
6.2104e-67
5.8793e-67
5.5658e-67
5.2689e-67
4.9878e-67
4.7217e-67
4.4697e-67
4.2312e-67
4.0053e-67
3.7914e-67
3.5889e-67
3.3972e-67
3.2157e-67
3.0439e-67
2.8812e-67
2.7272e-67
2.5814e-67
2.4433e-67
2.3127e-67
2.1889e-67
2.0718e-67
1.961e-67
1.856e-67
1.7566e-67
1.6626e-67
1.5735e-67
1.4893e-67
1.4095e-67
1.3339e-67
1.2624e-67
1.1948e-67
1.1307e-67
1.0701e-67
1.0127e-67
9.5837e-68
9.0695e-68
8.5828e-68
8.1221e-68
7.6861e-68
7.2734e-68
6.8828e-68
6.5131e-68
6.1632e-68
5.832e-68
5.5186e-68
5.2219e-68
4.9412e-68
4.6755e-68
4.424e-68
4.1861e-68
3.9608e-68
3.7477e-68
3.546e-68
3.3551e-68
3.1744e-68
3.0035e-68
2.8417e-68
2.6886e-68
2.5438e-68
2.4067e-68
2.2769e-68
2.1542e-68
2.038e-68
1.9281e-68
1.8241e-68
1.7257e-68
1.6326e-68
1.5445e-68
1.4611e-68
1.3822e-68
1.3076e-68
1.2369e-68
1.1701e-68
1.1069e-68
1.0471e-68
9.9048e-69
9.3694e-69
8.8627e-69
8.3834e-69
7.93e-69
7.501e-69
7.0951e-69
6.7111e-69
6.3478e-69
6.0041e-69
5.679e-69
5.3714e-69
5.0805e-69
4.8052e-69
4.5448e-69
4.2985e-69
4.0655e-69
3.845e-69
3.6365e-69
3.4393e-69
3.2527e-69
3.0762e-69
2.9093e-69
2.7514e-69
2.602e-69
2.4607e-69
2.3271e-69
2.2007e-69
2.0811e-69
1.968e-69
1.8611e-69
1.7599e-69
1.6642e-69
1.5737e-69
1.4881e-69
1.4072e-69
1.3306e-69
1.2582e-69
1.1897e-69
1.125e-69
1.0637e-69
1.0058e-69
9.5102e-70
8.9922e-70
8.5022e-70
8.0389e-70
7.6008e-70
7.1865e-70
6.7947e-70
6.4242e-70
6.0738e-70
5.7425e-70
5.4292e-70
5.133e-70
4.8529e-70
4.588e-70
4.3376e-70
4.1008e-70
3.8769e-70
3.6652e-70
3.465e-70
3.2757e-70
3.0968e-70
2.9276e-70
2.7677e-70
2.6164e-70
2.4735e-70
2.3383e-70
2.2106e-70
2.0898e-70
1.9756e-70
1.8676e-70
1.7656e-70
1.6692e-70
1.578e-70
1.4918e-70
1.4104e-70
1.3334e-70
1.2607e-70
1.1919e-70
1.127e-70
1.0656e-70
1.0076e-70
9.5282e-71
9.0106e-71
8.5216e-71
8.0597e-71
7.6235e-71
7.2116e-71
6.8227e-71
6.4556e-71
6.1091e-71
5.782e-71
5.4735e-71
5.1825e-71
4.908e-71
4.6493e-71
4.4055e-71
4.1758e-71
3.9596e-71
3.756e-71
3.5646e-71
3.3847e-71
3.2156e-71
3.057e-71
2.9083e-71
2.769e-71
2.6387e-71
2.517e-71
2.4035e-71
2.2979e-71
2.1998e-71
2.1089e-71
2.0249e-71
1.9477e-71
1.8769e-71
1.8124e-71
1.7539e-71
1.7013e-71
1.6544e-71
1.6131e-71
1.5773e-71
1.5469e-71
1.5217e-71
1.5018e-71
1.4871e-71
1.4776e-71
1.4733e-71
