2.0869e-11
2.0753e-11
2.0638e-11
2.0524e-11
2.0411e-11
2.0299e-11
2.0188e-11
2.0078e-11
1.9969e-11
1.9861e-11
1.9753e-11
1.9647e-11
1.9542e-11
1.9438e-11
1.9334e-11
1.9232e-11
1.9131e-11
1.903e-11
1.8931e-11
1.8832e-11
1.8735e-11
1.8638e-11
1.8543e-11
1.8448e-11
1.8354e-11
1.8261e-11
1.817e-11
1.8079e-11
1.7989e-11
1.79e-11
1.7812e-11
1.7724e-11
1.7638e-11
1.7553e-11
1.7468e-11
1.7385e-11
1.7303e-11
1.7221e-11
1.714e-11
1.706e-11
1.6982e-11
1.6904e-11
1.6827e-11
1.6751e-11
1.6676e-11
1.6601e-11
1.6528e-11
1.6456e-11
1.6384e-11
1.6313e-11
1.6244e-11
1.6175e-11
1.6107e-11
1.604e-11
1.5974e-11
1.5909e-11
1.5845e-11
1.5782e-11
1.5719e-11
1.5658e-11
1.5597e-11
1.5538e-11
1.5479e-11
1.5421e-11
1.5364e-11
1.5308e-11
1.5253e-11
1.5199e-11
1.5146e-11
1.5093e-11
1.5042e-11
1.4991e-11
1.4942e-11
1.4893e-11
1.4845e-11
1.4798e-11
1.4752e-11
1.4707e-11
1.4663e-11
1.462e-11
1.4577e-11
1.4536e-11
1.4496e-11
1.4456e-11
1.4417e-11
1.438e-11
1.4343e-11
1.4307e-11
1.4272e-11
1.4238e-11
1.4205e-11
1.4173e-11
1.4142e-11
1.4112e-11
1.4082e-11
1.4054e-11
1.4026e-11
1.4e-11
1.3974e-11
1.395e-11
1.3926e-11
1.3904e-11
1.3882e-11
1.3861e-11
1.3841e-11
1.3823e-11
1.3805e-11
1.3788e-11
1.3772e-11
1.3757e-11
1.3743e-11
1.373e-11
1.3718e-11
1.3707e-11
1.3697e-11
1.3688e-11
1.368e-11
1.3673e-11
1.3667e-11
1.3662e-11
1.3658e-11
1.3655e-11
1.3653e-11
1.3652e-11
1.3652e-11
1.3653e-11
1.3655e-11
1.3658e-11
1.3663e-11
1.3668e-11
1.3674e-11
1.3682e-11
1.369e-11
1.37e-11
1.371e-11
1.3722e-11
1.3735e-11
1.3748e-11
1.3763e-11
1.3779e-11
1.3796e-11
1.3815e-11
1.3834e-11
1.3854e-11
1.3876e-11
1.3899e-11
1.3923e-11
1.3948e-11
1.3974e-11
1.4001e-11
1.4029e-11
1.4059e-11
1.409e-11
1.4122e-11
1.4155e-11
1.4189e-11
1.4225e-11
1.4261e-11
1.4299e-11
1.4339e-11
1.4379e-11
1.4421e-11
1.4463e-11
1.4508e-11
1.4553e-11
1.46e-11
1.4648e-11
1.4697e-11
1.4747e-11
1.4799e-11
1.4852e-11
1.4906e-11
1.4962e-11
1.5019e-11
1.5078e-11
1.5137e-11
1.5198e-11
1.5261e-11
1.5325e-11
1.539e-11
1.5456e-11
1.5524e-11
1.5594e-11
1.5665e-11
1.5737e-11
1.5811e-11
1.5886e-11
1.5962e-11
1.6041e-11
1.612e-11
1.6201e-11
1.6284e-11
1.6368e-11
1.6453e-11
1.6541e-11
1.6629e-11
1.672e-11
1.6811e-11
1.6905e-11
1.7e-11
1.7096e-11
1.7195e-11
1.7294e-11
1.7396e-11
1.7499e-11
1.7604e-11
1.771e-11
1.7819e-11
1.7928e-11
1.804e-11
1.8153e-11
1.8268e-11
1.8385e-11
1.8504e-11
1.8624e-11
1.8747e-11
1.8871e-11
1.8997e-11
1.9124e-11
1.9254e-11
1.9385e-11
1.9519e-11
1.9654e-11
1.9791e-11
1.993e-11
2.0071e-11
2.0214e-11
2.0359e-11
2.0506e-11
2.0655e-11
2.0806e-11
2.0959e-11
2.1115e-11
2.1272e-11
2.1431e-11
2.1593e-11
2.1756e-11
2.1922e-11
2.209e-11
2.226e-11
2.2433e-11
2.2607e-11
2.2784e-11
2.2963e-11
2.3144e-11
2.3328e-11
2.3514e-11
2.3703e-11
2.3893e-11
2.4086e-11
2.4282e-11
2.448e-11
2.468e-11
2.4883e-11
2.5088e-11
2.5296e-11
2.5507e-11
2.572e-11
2.5935e-11
2.6153e-11
2.6374e-11
2.6598e-11
2.6824e-11
2.7053e-11
2.7284e-11
2.7518e-11
2.7755e-11
2.7995e-11
2.8238e-11
2.8483e-11
2.8731e-11
2.8983e-11
2.9237e-11
2.9494e-11
2.9754e-11
3.0017e-11
3.0283e-11
3.0552e-11
3.0824e-11
3.11e-11
3.1378e-11
3.1659e-11
3.1944e-11
3.2232e-11
3.2523e-11
3.2818e-11
3.3116e-11
3.3417e-11
3.3721e-11
3.4029e-11
3.434e-11
3.4655e-11
3.4973e-11
3.5295e-11
3.5621e-11
3.5949e-11
3.6282e-11
3.6618e-11
3.6958e-11
3.7301e-11
3.7649e-11
3.8e-11
3.8355e-11
3.8713e-11
3.9076e-11
3.9442e-11
3.9813e-11
4.0187e-11
4.0566e-11
4.0948e-11
4.1335e-11
4.1726e-11
4.2121e-11
4.252e-11
4.2924e-11
4.3331e-11
4.3743e-11
4.416e-11
4.4581e-11
4.5006e-11
4.5436e-11
4.587e-11
4.6309e-11
4.6752e-11
4.7201e-11
4.7653e-11
4.8111e-11
4.8573e-11
4.9041e-11
4.9513e-11
4.999e-11
5.0472e-11
5.0959e-11
5.1451e-11
5.1948e-11
5.245e-11
5.2958e-11
5.347e-11
5.3989e-11
5.4512e-11
5.5041e-11
5.5575e-11
5.6115e-11
5.666e-11
5.7211e-11
5.7767e-11
5.8329e-11
5.8897e-11
5.9471e-11
6.005e-11
6.0636e-11
6.1227e-11
6.1825e-11
6.2428e-11
6.3038e-11
6.3654e-11
6.4276e-11
6.4904e-11
6.5539e-11
6.618e-11
6.6827e-11
6.7482e-11
6.8142e-11
6.881e-11
6.9484e-11
7.0164e-11
7.0852e-11
7.1547e-11
7.2248e-11
7.2957e-11
7.3672e-11
7.4395e-11
7.5125e-11
7.5862e-11
7.6607e-11
7.7359e-11
7.8119e-11
7.8886e-11
7.9661e-11
8.0443e-11
8.1233e-11
8.2031e-11
8.2837e-11
8.3651e-11
8.4473e-11
8.5303e-11
8.6141e-11
8.6988e-11
8.7843e-11
8.8706e-11
8.9578e-11
9.0458e-11
9.1348e-11
9.2245e-11
9.3152e-11
9.4068e-11
9.4992e-11
9.5926e-11
9.6868e-11
9.782e-11
9.8782e-11
9.9752e-11
1.0073e-10
1.0172e-10
1.0272e-10
1.0373e-10
1.0475e-10
1.0578e-10
1.0682e-10
1.0787e-10
1.0893e-10
1.1e-10
1.1108e-10
1.1217e-10
1.1327e-10
1.1438e-10
1.155e-10
1.1663e-10
1.1778e-10
1.1893e-10
1.201e-10
1.2128e-10
1.2247e-10
1.2367e-10
1.2488e-10
1.261e-10
1.2734e-10
1.2859e-10
1.2984e-10
1.3112e-10
1.324e-10
1.337e-10
1.35e-10
1.3633e-10
1.3766e-10
1.3901e-10
1.4036e-10
1.4174e-10
1.4312e-10
1.4452e-10
1.4593e-10
1.4736e-10
1.488e-10
1.5025e-10
1.5172e-10
1.532e-10
1.5469e-10
1.562e-10
1.5773e-10
1.5926e-10
1.6082e-10
1.6238e-10
1.6396e-10
1.6556e-10
1.6717e-10
1.688e-10
1.7044e-10
1.721e-10
1.7378e-10
1.7547e-10
1.7717e-10
1.7889e-10
1.8063e-10
1.8239e-10
1.8416e-10
1.8595e-10
1.8775e-10
1.8957e-10
1.9141e-10
1.9327e-10
1.9514e-10
1.9703e-10
1.9894e-10
2.0087e-10
2.0281e-10
2.0478e-10
2.0676e-10
2.0876e-10
2.1078e-10
2.1282e-10
2.1487e-10
2.1695e-10
2.1904e-10
2.2116e-10
2.2329e-10
2.2545e-10
2.2762e-10
2.2982e-10
2.3204e-10
2.3427e-10
2.3653e-10
2.3881e-10
2.4111e-10
2.4343e-10
2.4577e-10
2.4813e-10
2.5052e-10
2.5293e-10
2.5536e-10
2.5781e-10
2.6029e-10
2.6278e-10
2.6531e-10
2.6785e-10
2.7042e-10
2.7301e-10
2.7563e-10
2.7827e-10
2.8093e-10
2.8362e-10
2.8634e-10
2.8908e-10
2.9184e-10
2.9463e-10
2.9745e-10
3.0029e-10
3.0315e-10
3.0605e-10
3.0897e-10
3.1192e-10
3.1489e-10
3.1789e-10
3.2092e-10
3.2398e-10
3.2706e-10
3.3018e-10
3.3332e-10
3.3649e-10
3.3969e-10
3.4292e-10
3.4618e-10
3.4946e-10
3.5278e-10
3.5613e-10
3.5951e-10
3.6292e-10
3.6636e-10
3.6983e-10
3.7333e-10
3.7687e-10
3.8044e-10
3.8404e-10
3.8767e-10
3.9134e-10
3.9503e-10
3.9877e-10
4.0253e-10
4.0633e-10
4.1017e-10
4.1404e-10
4.1794e-10
4.2188e-10
4.2586e-10
4.2987e-10
4.3392e-10
4.38e-10
4.4212e-10
4.4628e-10
4.5048e-10
4.5471e-10
4.5898e-10
4.6329e-10
4.6764e-10
4.7203e-10
4.7646e-10
4.8093e-10
4.8544e-10
4.8998e-10
4.9457e-10
4.992e-10
5.0388e-10
5.0859e-10
5.1334e-10
5.1814e-10
5.2299e-10
5.2787e-10
5.328e-10
5.3777e-10
5.4279e-10
5.4785e-10
5.5296e-10
5.5811e-10
5.6331e-10
5.6855e-10
5.7385e-10
5.7918e-10
5.8457e-10
5.9e-10
5.9549e-10
6.0102e-10
6.066e-10
6.1223e-10
6.1791e-10
6.2364e-10
6.2942e-10
6.3525e-10
6.4114e-10
6.4708e-10
6.5306e-10
6.5911e-10
6.652e-10
6.7135e-10
6.7756e-10
6.8381e-10
6.9013e-10
6.965e-10
7.0292e-10
7.0941e-10
7.1595e-10
7.2254e-10
7.292e-10
7.3591e-10
7.4269e-10
7.4952e-10
7.5641e-10
7.6336e-10
7.7038e-10
7.7745e-10
7.8459e-10
7.9179e-10
7.9906e-10
8.0638e-10
8.1378e-10
8.2123e-10
8.2875e-10
8.3634e-10
8.4399e-10
8.5171e-10
8.595e-10
8.6736e-10
8.7528e-10
8.8328e-10
8.9134e-10
8.9947e-10
9.0768e-10
9.1595e-10
9.243e-10
9.3272e-10
9.4122e-10
9.4978e-10
9.5842e-10
9.6714e-10
9.7593e-10
9.848e-10
9.9375e-10
1.0028e-09
1.0119e-09
1.0211e-09
1.0303e-09
1.0397e-09
1.0491e-09
1.0586e-09
1.0682e-09
1.0778e-09
1.0876e-09
1.0974e-09
1.1073e-09
1.1173e-09
1.1274e-09
1.1376e-09
1.1479e-09
1.1582e-09
1.1687e-09
1.1792e-09
1.1898e-09
1.2005e-09
1.2113e-09
1.2222e-09
1.2332e-09
1.2443e-09
1.2555e-09
1.2668e-09
1.2781e-09
1.2896e-09
1.3012e-09
1.3129e-09
1.3246e-09
1.3365e-09
1.3485e-09
1.3605e-09
1.3727e-09
1.385e-09
1.3974e-09
1.4099e-09
1.4224e-09
1.4351e-09
1.448e-09
1.4609e-09
1.4739e-09
1.487e-09
1.5003e-09
1.5137e-09
1.5271e-09
1.5407e-09
1.5544e-09
1.5682e-09
1.5822e-09
1.5962e-09
1.6104e-09
1.6247e-09
1.6391e-09
1.6537e-09
1.6683e-09
1.6831e-09
1.698e-09
1.713e-09
1.7282e-09
1.7435e-09
1.7589e-09
1.7745e-09
1.7901e-09
1.8059e-09
1.8219e-09
1.838e-09
1.8542e-09
1.8705e-09
1.887e-09
1.9036e-09
1.9204e-09
1.9373e-09
1.9543e-09
1.9715e-09
1.9888e-09
2.0063e-09
2.0239e-09
2.0417e-09
2.0596e-09
2.0777e-09
2.0959e-09
2.1142e-09
2.1328e-09
2.1514e-09
2.1703e-09
2.1892e-09
2.2084e-09
2.2277e-09
2.2472e-09
2.2668e-09
2.2866e-09
2.3065e-09
2.3266e-09
2.3469e-09
2.3674e-09
2.388e-09
2.4088e-09
2.4297e-09
2.4509e-09
2.4722e-09
2.4937e-09
2.5153e-09
2.5372e-09
2.5592e-09
2.5814e-09
2.6038e-09
2.6263e-09
2.6491e-09
2.672e-09
2.6952e-09
2.7185e-09
2.742e-09
2.7657e-09
2.7896e-09
2.8137e-09
2.838e-09
2.8625e-09
2.8872e-09
2.9121e-09
2.9372e-09
2.9625e-09
2.988e-09
3.0137e-09
3.0396e-09
3.0658e-09
3.0921e-09
3.1187e-09
3.1455e-09
3.1725e-09
3.1997e-09
3.2271e-09
3.2548e-09
3.2827e-09
3.3108e-09
3.3391e-09
3.3677e-09
3.3965e-09
3.4256e-09
3.4548e-09
3.4844e-09
3.5141e-09
3.5441e-09
3.5743e-09
3.6048e-09
3.6355e-09
3.6665e-09
3.6977e-09
3.7292e-09
3.7609e-09
3.7929e-09
3.8252e-09
3.8577e-09
3.8904e-09
3.9235e-09
3.9568e-09
3.9903e-09
4.0242e-09
4.0583e-09
4.0926e-09
4.1273e-09
4.1622e-09
4.1974e-09
4.2329e-09
4.2687e-09
4.3048e-09
4.3411e-09
4.3777e-09
4.4147e-09
4.4519e-09
4.4894e-09
4.5272e-09
4.5654e-09
4.6038e-09
4.6425e-09
4.6816e-09
4.7209e-09
4.7606e-09
4.8006e-09
4.8409e-09
4.8815e-09
4.9224e-09
4.9637e-09
5.0053e-09
5.0472e-09
5.0895e-09
5.1321e-09
5.175e-09
5.2183e-09
5.2619e-09
5.3058e-09
5.3501e-09
5.3948e-09
5.4398e-09
5.4851e-09
5.5308e-09
5.5769e-09
5.6233e-09
5.6701e-09
5.7173e-09
5.7648e-09
5.8128e-09
5.861e-09
5.9097e-09
5.9588e-09
6.0082e-09
6.058e-09
6.1082e-09
6.1588e-09
6.2098e-09
6.2612e-09
6.313e-09
6.3652e-09
6.4178e-09
6.4709e-09
6.5243e-09
6.5782e-09
6.6324e-09
6.6871e-09
6.7422e-09
6.7978e-09
6.8538e-09
6.9102e-09
6.967e-09
7.0243e-09
7.0821e-09
7.1403e-09
7.1989e-09
7.258e-09
7.3175e-09
7.3776e-09
7.438e-09
7.499e-09
7.5604e-09
7.6223e-09
7.6846e-09
7.7475e-09
7.8108e-09
7.8746e-09
7.939e-09
8.0038e-09
8.0691e-09
8.1349e-09
8.2012e-09
8.268e-09
8.3353e-09
8.4032e-09
8.4716e-09
8.5405e-09
8.6099e-09
8.6798e-09
8.7503e-09
8.8214e-09
8.8929e-09
8.9651e-09
9.0377e-09
9.111e-09
9.1847e-09
9.2591e-09
9.334e-09
9.4095e-09
9.4856e-09
9.5622e-09
9.6394e-09
9.7172e-09
9.7956e-09
9.8746e-09
9.9542e-09
1.0034e-08
1.0115e-08
1.0197e-08
1.0279e-08
1.0361e-08
1.0445e-08
1.0529e-08
1.0613e-08
1.0698e-08
1.0784e-08
1.0871e-08
1.0958e-08
1.1045e-08
1.1134e-08
1.1223e-08
1.1313e-08
1.1403e-08
1.1494e-08
1.1586e-08
1.1679e-08
1.1772e-08
1.1866e-08
1.196e-08
1.2056e-08
1.2152e-08
1.2249e-08
1.2346e-08
1.2444e-08
1.2543e-08
1.2643e-08
1.2743e-08
1.2844e-08
1.2946e-08
1.3049e-08
1.3152e-08
1.3257e-08
1.3362e-08
1.3467e-08
1.3574e-08
1.3681e-08
1.379e-08
1.3899e-08
1.4008e-08
1.4119e-08
1.423e-08
1.4342e-08
1.4456e-08
1.4569e-08
1.4684e-08
1.48e-08
1.4916e-08
1.5033e-08
1.5152e-08
1.5271e-08
1.539e-08
1.5511e-08
1.5633e-08
1.5756e-08
1.5879e-08
1.6003e-08
1.6129e-08
1.6255e-08
1.6382e-08
1.651e-08
1.6639e-08
1.6769e-08
1.69e-08
1.7032e-08
1.7165e-08
1.7298e-08
1.7433e-08
1.7569e-08
1.7706e-08
1.7843e-08
1.7982e-08
1.8122e-08
1.8263e-08
1.8405e-08
1.8547e-08
1.8691e-08
1.8836e-08
1.8982e-08
1.9129e-08
1.9277e-08
1.9426e-08
1.9577e-08
1.9728e-08
1.988e-08
2.0034e-08
2.0189e-08
2.0344e-08
2.0501e-08
2.0659e-08
2.0818e-08
2.0979e-08
2.114e-08
2.1303e-08
2.1467e-08
2.1632e-08
2.1798e-08
2.1965e-08
2.2134e-08
2.2303e-08
2.2474e-08
2.2646e-08
2.282e-08
2.2995e-08
2.3171e-08
2.3348e-08
2.3526e-08
2.3706e-08
2.3887e-08
2.4069e-08
2.4253e-08
2.4438e-08
2.4624e-08
2.4811e-08
2.5e-08
2.5191e-08
2.5382e-08
2.5575e-08
2.5769e-08
2.5965e-08
2.6162e-08
2.6361e-08
2.656e-08
2.6762e-08
2.6964e-08
2.7169e-08
2.7374e-08
2.7581e-08
2.779e-08
2.8e-08
2.8211e-08
2.8424e-08
2.8639e-08
2.8855e-08
2.9072e-08
2.9291e-08
2.9512e-08
2.9734e-08
2.9957e-08
3.0182e-08
3.0409e-08
3.0638e-08
3.0868e-08
3.1099e-08
3.1332e-08
3.1567e-08
3.1804e-08
3.2042e-08
3.2282e-08
3.2523e-08
3.2766e-08
3.3011e-08
3.3258e-08
3.3506e-08
3.3756e-08
3.4008e-08
3.4261e-08
3.4516e-08
3.4773e-08
3.5032e-08
3.5293e-08
3.5555e-08
3.5819e-08
3.6085e-08
3.6353e-08
3.6623e-08
3.6894e-08
3.7168e-08
3.7443e-08
3.772e-08
3.8e-08
3.8281e-08
3.8564e-08
3.8849e-08
3.9136e-08
3.9424e-08
3.9715e-08
4.0008e-08
4.0303e-08
4.06e-08
4.0899e-08
4.12e-08
4.1503e-08
4.1808e-08
4.2115e-08
4.2424e-08
4.2736e-08
4.3049e-08
4.3365e-08
4.3682e-08
4.4002e-08
4.4325e-08
4.4649e-08
4.4975e-08
4.5304e-08
4.5635e-08
4.5968e-08
4.6304e-08
4.6641e-08
4.6982e-08
4.7324e-08
4.7668e-08
4.8015e-08
4.8365e-08
4.8716e-08
4.907e-08
4.9427e-08
4.9786e-08
5.0147e-08
5.0511e-08
5.0877e-08
5.1245e-08
5.1616e-08
5.199e-08
5.2366e-08
5.2745e-08
5.3126e-08
5.3509e-08
5.3896e-08
5.4285e-08
5.4676e-08
5.507e-08
5.5467e-08
5.5866e-08
5.6268e-08
5.6673e-08
5.708e-08
5.749e-08
5.7903e-08
5.8318e-08
5.8737e-08
5.9158e-08
5.9582e-08
6.0008e-08
6.0438e-08
6.087e-08
6.1305e-08
6.1743e-08
6.2184e-08
6.2628e-08
6.3075e-08
6.3525e-08
6.3978e-08
6.4433e-08
6.4892e-08
6.5354e-08
6.5819e-08
6.6287e-08
6.6757e-08
6.7231e-08
6.7709e-08
6.8189e-08
6.8672e-08
6.9159e-08
6.9649e-08
7.0142e-08
7.0638e-08
7.1137e-08
7.164e-08
7.2146e-08
7.2655e-08
7.3168e-08
7.3684e-08
7.4203e-08
7.4726e-08
7.5252e-08
7.5781e-08
7.6314e-08
7.685e-08
7.739e-08
7.7934e-08
7.848e-08
7.9031e-08
7.9585e-08
8.0142e-08
8.0704e-08
8.1268e-08
8.1837e-08
8.2409e-08
8.2985e-08
8.3564e-08
8.4147e-08
8.4734e-08
8.5325e-08
8.592e-08
8.6518e-08
8.712e-08
8.7726e-08
8.8336e-08
8.895e-08
8.9568e-08
9.0189e-08
9.0815e-08
9.1445e-08
9.2078e-08
9.2716e-08
9.3358e-08
9.4004e-08
9.4654e-08
9.5308e-08
9.5966e-08
9.6629e-08
9.7296e-08
9.7966e-08
9.8642e-08
9.9321e-08
1e-07
1.0069e-07
1.0139e-07
1.0208e-07
1.0278e-07
1.0349e-07
1.042e-07
1.0491e-07
1.0563e-07
1.0636e-07
1.0708e-07
1.0782e-07
1.0855e-07
1.093e-07
1.1004e-07
1.1079e-07
1.1155e-07
1.1231e-07
1.1308e-07
1.1385e-07
1.1462e-07
1.154e-07
1.1619e-07
1.1698e-07
1.1777e-07
1.1857e-07
1.1938e-07
1.2019e-07
1.21e-07
1.2182e-07
1.2264e-07
1.2347e-07
1.2431e-07
1.2515e-07
1.26e-07
1.2685e-07
1.277e-07
1.2856e-07
1.2943e-07
1.303e-07
1.3118e-07
1.3206e-07
1.3295e-07
1.3384e-07
1.3474e-07
1.3565e-07
1.3656e-07
1.3747e-07
1.3839e-07
1.3932e-07
1.4025e-07
1.4119e-07
1.4214e-07
1.4309e-07
1.4404e-07
1.45e-07
1.4597e-07
1.4695e-07
1.4792e-07
1.4891e-07
1.499e-07
1.509e-07
1.519e-07
1.5291e-07
1.5393e-07
1.5495e-07
1.5598e-07
1.5701e-07
1.5805e-07
1.591e-07
1.6015e-07
1.6121e-07
1.6228e-07
1.6335e-07
1.6443e-07
1.6551e-07
1.666e-07
1.677e-07
1.6881e-07
1.6992e-07
1.7104e-07
1.7216e-07
1.7329e-07
1.7443e-07
1.7558e-07
1.7673e-07
1.7789e-07
1.7906e-07
1.8023e-07
1.8141e-07
1.826e-07
1.8379e-07
1.8499e-07
1.862e-07
1.8741e-07
1.8864e-07
1.8987e-07
1.911e-07
1.9235e-07
1.936e-07
1.9486e-07
1.9613e-07
1.974e-07
1.9868e-07
1.9997e-07
2.0127e-07
2.0257e-07
2.0389e-07
2.0521e-07
2.0654e-07
2.0787e-07
2.0921e-07
2.1057e-07
2.1193e-07
2.1329e-07
2.1467e-07
2.1605e-07
2.1744e-07
2.1884e-07
2.2025e-07
2.2167e-07
2.2309e-07
2.2452e-07
2.2597e-07
2.2741e-07
2.2887e-07
2.3034e-07
2.3181e-07
2.333e-07
2.3479e-07
2.3629e-07
2.378e-07
2.3932e-07
2.4084e-07
2.4238e-07
2.4392e-07
2.4548e-07
2.4704e-07
2.4861e-07
2.5019e-07
2.5178e-07
2.5338e-07
2.5499e-07
2.5661e-07
2.5823e-07
2.5987e-07
2.6151e-07
2.6317e-07
2.6483e-07
2.6651e-07
2.6819e-07
2.6988e-07
2.7158e-07
2.733e-07
2.7502e-07
2.7675e-07
2.7849e-07
2.8024e-07
2.8201e-07
2.8378e-07
2.8556e-07
2.8735e-07
2.8915e-07
2.9096e-07
2.9279e-07
2.9462e-07
2.9646e-07
2.9831e-07
3.0018e-07
3.0205e-07
3.0394e-07
3.0583e-07
3.0774e-07
3.0966e-07
3.1158e-07
3.1352e-07
3.1547e-07
3.1743e-07
3.194e-07
3.2138e-07
3.2338e-07
3.2538e-07
3.274e-07
3.2942e-07
3.3146e-07
3.3351e-07
3.3557e-07
3.3765e-07
3.3973e-07
3.4182e-07
3.4393e-07
3.4605e-07
3.4818e-07
3.5032e-07
3.5248e-07
3.5464e-07
3.5682e-07
3.5901e-07
3.6121e-07
3.6343e-07
3.6565e-07
3.6789e-07
3.7014e-07
3.7241e-07
3.7468e-07
3.7697e-07
3.7927e-07
3.8159e-07
3.8391e-07
3.8625e-07
3.886e-07
3.9097e-07
3.9335e-07
3.9574e-07
3.9814e-07
4.0056e-07
4.0299e-07
4.0543e-07
4.0788e-07
4.1035e-07
4.1284e-07
4.1533e-07
4.1784e-07
4.2037e-07
4.229e-07
4.2545e-07
4.2802e-07
4.306e-07
4.3319e-07
4.358e-07
4.3842e-07
4.4105e-07
4.437e-07
4.4636e-07
4.4904e-07
4.5173e-07
4.5444e-07
4.5716e-07
4.5989e-07
4.6264e-07
4.654e-07
4.6818e-07
4.7098e-07
4.7379e-07
4.7661e-07
4.7945e-07
4.823e-07
4.8517e-07
4.8805e-07
4.9095e-07
4.9387e-07
4.968e-07
4.9974e-07
5.0271e-07
5.0568e-07
5.0868e-07
5.1168e-07
5.1471e-07
5.1775e-07
5.208e-07
5.2388e-07
5.2697e-07
5.3007e-07
5.3319e-07
5.3633e-07
5.3948e-07
5.4265e-07
5.4584e-07
5.4904e-07
5.5226e-07
5.555e-07
5.5875e-07
5.6202e-07
5.6531e-07
5.6862e-07
5.7194e-07
5.7528e-07
5.7863e-07
5.8201e-07
5.854e-07
5.8881e-07
5.9223e-07
5.9568e-07
5.9914e-07
6.0262e-07
6.0612e-07
6.0963e-07
6.1317e-07
6.1672e-07
6.2029e-07
6.2388e-07
6.2749e-07
6.3111e-07
6.3476e-07
6.3842e-07
6.421e-07
6.458e-07
6.4952e-07
6.5326e-07
6.5701e-07
6.6079e-07
6.6459e-07
6.684e-07
6.7223e-07
6.7609e-07
6.7996e-07
6.8385e-07
6.8777e-07
6.917e-07
6.9565e-07
6.9962e-07
7.0361e-07
7.0763e-07
7.1166e-07
7.1571e-07
7.1978e-07
7.2388e-07
7.2799e-07
7.3213e-07
7.3628e-07
7.4046e-07
7.4465e-07
7.4887e-07
7.5311e-07
7.5737e-07
7.6165e-07
7.6595e-07
7.7028e-07
7.7462e-07
7.7899e-07
7.8338e-07
7.8779e-07
7.9222e-07
7.9668e-07
8.0115e-07
8.0565e-07
8.1017e-07
8.1471e-07
8.1928e-07
8.2387e-07
8.2848e-07
8.3311e-07
8.3777e-07
8.4245e-07
8.4715e-07
8.5187e-07
8.5662e-07
8.6139e-07
8.6619e-07
8.71e-07
8.7584e-07
8.8071e-07
8.856e-07
8.9051e-07
8.9545e-07
9.0041e-07
9.0539e-07
9.104e-07
9.1543e-07
9.2049e-07
9.2557e-07
9.3067e-07
9.3581e-07
9.4096e-07
9.4614e-07
9.5135e-07
9.5658e-07
9.6183e-07
9.6711e-07
9.7242e-07
9.7775e-07
9.8311e-07
9.8849e-07
9.939e-07
9.9933e-07
1.0048e-06
1.0103e-06
1.0158e-06
1.0213e-06
1.0269e-06
1.0325e-06
1.0381e-06
1.0437e-06
1.0494e-06
1.0551e-06
1.0608e-06
1.0666e-06
1.0724e-06
1.0782e-06
1.084e-06
1.0899e-06
1.0958e-06
1.1017e-06
1.1076e-06
1.1136e-06
1.1196e-06
1.1256e-06
1.1317e-06
1.1378e-06
1.1439e-06
1.15e-06
1.1562e-06
1.1624e-06
1.1686e-06
1.1749e-06
1.1811e-06
1.1875e-06
1.1938e-06
1.2002e-06
1.2066e-06
1.213e-06
1.2195e-06
1.226e-06
1.2325e-06
1.239e-06
1.2456e-06
1.2522e-06
1.2589e-06
1.2655e-06
1.2723e-06
1.279e-06
1.2858e-06
1.2925e-06
1.2994e-06
1.3062e-06
1.3131e-06
1.32e-06
1.327e-06
1.334e-06
1.341e-06
1.348e-06
1.3551e-06
1.3622e-06
1.3694e-06
1.3766e-06
1.3838e-06
1.391e-06
1.3983e-06
1.4056e-06
1.4129e-06
1.4203e-06
1.4277e-06
1.4351e-06
1.4426e-06
1.4501e-06
1.4576e-06
1.4652e-06
1.4728e-06
1.4805e-06
1.4881e-06
1.4958e-06
1.5036e-06
1.5114e-06
1.5192e-06
1.527e-06
1.5349e-06
1.5428e-06
1.5508e-06
1.5588e-06
1.5668e-06
1.5748e-06
1.5829e-06
1.591e-06
1.5992e-06
1.6074e-06
1.6156e-06
1.6239e-06
1.6322e-06
1.6406e-06
1.6489e-06
1.6574e-06
1.6658e-06
1.6743e-06
1.6828e-06
1.6914e-06
1.7e-06
1.7086e-06
1.7173e-06
1.726e-06
1.7348e-06
1.7436e-06
1.7524e-06
1.7612e-06
1.7701e-06
1.7791e-06
1.7881e-06
1.7971e-06
1.8061e-06
1.8152e-06
1.8244e-06
1.8335e-06
1.8428e-06
1.852e-06
1.8613e-06
1.8706e-06
1.88e-06
1.8894e-06
1.8989e-06
1.9084e-06
1.9179e-06
1.9275e-06
1.9371e-06
1.9467e-06
1.9564e-06
1.9661e-06
1.9759e-06
1.9857e-06
1.9956e-06
2.0055e-06
2.0154e-06
2.0254e-06
2.0354e-06
2.0455e-06
2.0556e-06
2.0658e-06
2.0759e-06
2.0862e-06
2.0965e-06
2.1068e-06
2.1171e-06
2.1275e-06
2.138e-06
2.1485e-06
2.159e-06
2.1696e-06
2.1802e-06
2.1909e-06
2.2016e-06
2.2123e-06
2.2231e-06
2.234e-06
2.2449e-06
2.2558e-06
2.2668e-06
2.2778e-06
2.2889e-06
2.3e-06
2.3111e-06
2.3223e-06
2.3336e-06
2.3449e-06
2.3562e-06
2.3676e-06
2.379e-06
2.3905e-06
2.402e-06
2.4136e-06
2.4252e-06
2.4369e-06
2.4486e-06
2.4603e-06
2.4721e-06
2.484e-06
2.4959e-06
2.5078e-06
2.5198e-06
2.5319e-06
2.5439e-06
2.5561e-06
2.5683e-06
2.5805e-06
2.5928e-06
2.6051e-06
2.6175e-06
2.6299e-06
2.6424e-06
2.6549e-06
2.6675e-06
2.6801e-06
2.6928e-06
2.7055e-06
2.7183e-06
2.7311e-06
2.744e-06
2.7569e-06
2.7699e-06
2.7829e-06
2.796e-06
2.8091e-06
2.8223e-06
2.8355e-06
2.8488e-06
2.8621e-06
2.8755e-06
2.889e-06
2.9024e-06
2.916e-06
2.9296e-06
2.9432e-06
2.9569e-06
2.9707e-06
2.9845e-06
2.9983e-06
3.0122e-06
3.0262e-06
3.0402e-06
3.0543e-06
3.0684e-06
3.0826e-06
3.0968e-06
3.1111e-06
3.1254e-06
3.1398e-06
3.1543e-06
3.1688e-06
3.1833e-06
3.1979e-06
3.2126e-06
3.2273e-06
3.2421e-06
3.2569e-06
3.2718e-06
3.2867e-06
3.3017e-06
3.3168e-06
3.3319e-06
3.347e-06
3.3623e-06
3.3775e-06
3.3929e-06
3.4083e-06
3.4237e-06
3.4392e-06
3.4548e-06
3.4704e-06
3.4861e-06
3.5018e-06
3.5176e-06
3.5335e-06
3.5494e-06
3.5653e-06
3.5814e-06
3.5974e-06
3.6136e-06
3.6298e-06
3.646e-06
3.6624e-06
3.6787e-06
3.6952e-06
3.7117e-06
3.7282e-06
3.7448e-06
3.7615e-06
3.7783e-06
3.7951e-06
3.8119e-06
3.8288e-06
3.8458e-06
3.8628e-06
3.8799e-06
3.8971e-06
3.9143e-06
3.9316e-06
3.949e-06
3.9664e-06
3.9838e-06
4.0014e-06
4.0189e-06
4.0366e-06
4.0543e-06
4.0721e-06
4.0899e-06
4.1078e-06
4.1258e-06
4.1438e-06
4.1619e-06
4.1801e-06
4.1983e-06
4.2166e-06
4.2349e-06
4.2533e-06
4.2718e-06
4.2903e-06
4.3089e-06
4.3276e-06
4.3463e-06
4.3651e-06
4.384e-06
4.4029e-06
4.4219e-06
4.441e-06
4.4601e-06
4.4793e-06
4.4985e-06
4.5178e-06
4.5372e-06
4.5567e-06
4.5762e-06
4.5958e-06
4.6154e-06
4.6351e-06
4.6549e-06
4.6748e-06
4.6947e-06
4.7147e-06
4.7347e-06
4.7548e-06
4.775e-06
4.7953e-06
4.8156e-06
4.836e-06
4.8564e-06
4.877e-06
4.8975e-06
4.9182e-06
4.9389e-06
4.9597e-06
4.9806e-06
5.0015e-06
5.0225e-06
5.0436e-06
5.0648e-06
5.086e-06
5.1073e-06
5.1286e-06
5.15e-06
5.1715e-06
5.1931e-06
5.2147e-06
5.2364e-06
5.2582e-06
5.28e-06
5.3019e-06
5.3239e-06
5.346e-06
5.3681e-06
5.3903e-06
5.4126e-06
5.4349e-06
5.4573e-06
5.4798e-06
5.5024e-06
5.525e-06
5.5477e-06
5.5705e-06
5.5933e-06
5.6163e-06
5.6392e-06
5.6623e-06
5.6854e-06
5.7087e-06
5.7319e-06
5.7553e-06
5.7787e-06
5.8022e-06
5.8258e-06
5.8495e-06
5.8732e-06
5.897e-06
5.9209e-06
5.9448e-06
5.9688e-06
5.9929e-06
6.0171e-06
6.0413e-06
6.0657e-06
6.0901e-06
6.1145e-06
6.1391e-06
6.1637e-06
6.1884e-06
6.2132e-06
6.238e-06
6.2629e-06
6.2879e-06
6.313e-06
6.3382e-06
6.3634e-06
6.3887e-06
6.4141e-06
6.4395e-06
6.4651e-06
6.4907e-06
6.5164e-06
6.5421e-06
6.568e-06
6.5939e-06
6.6199e-06
6.646e-06
6.6721e-06
6.6983e-06
6.7246e-06
6.751e-06
6.7775e-06
6.804e-06
6.8306e-06
6.8573e-06
6.8841e-06
6.911e-06
6.9379e-06
6.9649e-06
6.992e-06
7.0192e-06
7.0464e-06
7.0738e-06
7.1012e-06
7.1287e-06
7.1562e-06
7.1839e-06
7.2116e-06
7.2394e-06
7.2673e-06
7.2952e-06
7.3233e-06
7.3514e-06
7.3796e-06
7.4079e-06
7.4363e-06
7.4647e-06
7.4932e-06
7.5218e-06
7.5505e-06
7.5793e-06
7.6082e-06
7.6371e-06
7.6661e-06
7.6952e-06
7.7244e-06
7.7536e-06
7.783e-06
7.8124e-06
7.8419e-06
7.8715e-06
7.9011e-06
7.9309e-06
7.9607e-06
7.9906e-06
8.0206e-06
8.0507e-06
8.0808e-06
8.1111e-06
8.1414e-06
8.1718e-06
8.2023e-06
8.2329e-06
8.2635e-06
8.2942e-06
8.3251e-06
8.356e-06
8.387e-06
8.418e-06
8.4492e-06
8.4804e-06
8.5117e-06
8.5431e-06
8.5746e-06
8.6062e-06
8.6378e-06
8.6696e-06
8.7014e-06
8.7333e-06
8.7653e-06
8.7974e-06
8.8295e-06
8.8617e-06
8.8941e-06
8.9265e-06
8.959e-06
8.9916e-06
9.0242e-06
9.057e-06
9.0898e-06
9.1227e-06
9.1557e-06
9.1888e-06
9.222e-06
9.2552e-06
9.2886e-06
9.322e-06
9.3555e-06
9.3891e-06
9.4228e-06
9.4565e-06
9.4904e-06
9.5243e-06
9.5583e-06
9.5925e-06
9.6266e-06
9.6609e-06
9.6953e-06
9.7297e-06
9.7643e-06
9.7989e-06
9.8336e-06
9.8684e-06
9.9033e-06
9.9382e-06
9.9733e-06
1.0008e-05
1.0044e-05
1.0079e-05
1.0114e-05
1.015e-05
1.0185e-05
1.0221e-05
1.0257e-05
1.0293e-05
1.0329e-05
1.0364e-05
1.0401e-05
1.0437e-05
1.0473e-05
1.0509e-05
1.0546e-05
1.0582e-05
1.0619e-05
1.0656e-05
1.0692e-05
1.0729e-05
1.0766e-05
1.0803e-05
1.084e-05
1.0878e-05
1.0915e-05
1.0952e-05
1.099e-05
1.1027e-05
1.1065e-05
1.1103e-05
1.114e-05
1.1178e-05
1.1216e-05
1.1254e-05
1.1293e-05
1.1331e-05
1.1369e-05
1.1408e-05
1.1446e-05
1.1485e-05
1.1523e-05
1.1562e-05
1.1601e-05
1.164e-05
1.1679e-05
1.1718e-05
1.1757e-05
1.1796e-05
1.1836e-05
1.1875e-05
1.1915e-05
1.1954e-05
1.1994e-05
1.2034e-05
1.2074e-05
1.2114e-05
1.2154e-05
1.2194e-05
1.2234e-05
1.2275e-05
1.2315e-05
1.2356e-05
1.2396e-05
1.2437e-05
1.2478e-05
1.2518e-05
1.2559e-05
1.26e-05
1.2642e-05
1.2683e-05
1.2724e-05
1.2765e-05
1.2807e-05
1.2848e-05
1.289e-05
1.2932e-05
1.2973e-05
1.3015e-05
1.3057e-05
1.3099e-05
1.3142e-05
1.3184e-05
1.3226e-05
1.3268e-05
1.3311e-05
1.3353e-05
1.3396e-05
1.3439e-05
1.3482e-05
1.3525e-05
1.3568e-05
1.3611e-05
1.3654e-05
1.3697e-05
1.374e-05
1.3784e-05
1.3827e-05
1.3871e-05
1.3915e-05
1.3958e-05
1.4002e-05
1.4046e-05
1.409e-05
1.4134e-05
1.4179e-05
1.4223e-05
1.4267e-05
1.4312e-05
1.4356e-05
1.4401e-05
1.4445e-05
1.449e-05
1.4535e-05
1.458e-05
1.4625e-05
1.467e-05
1.4715e-05
1.4761e-05
1.4806e-05
1.4851e-05
1.4897e-05
1.4943e-05
1.4988e-05
1.5034e-05
1.508e-05
1.5126e-05
1.5172e-05
1.5218e-05
1.5264e-05
1.531e-05
1.5357e-05
1.5403e-05
1.545e-05
1.5496e-05
1.5543e-05
1.559e-05
1.5637e-05
1.5684e-05
1.5731e-05
1.5778e-05
1.5825e-05
1.5872e-05
1.592e-05
1.5967e-05
1.6014e-05
1.6062e-05
1.611e-05
1.6157e-05
1.6205e-05
1.6253e-05
1.6301e-05
1.6349e-05
1.6397e-05
1.6446e-05
1.6494e-05
1.6542e-05
1.6591e-05
1.6639e-05
1.6688e-05
1.6737e-05
1.6785e-05
1.6834e-05
1.6883e-05
1.6932e-05
1.6981e-05
1.7031e-05
1.708e-05
1.7129e-05
1.7179e-05
1.7228e-05
1.7278e-05
1.7327e-05
1.7377e-05
1.7427e-05
1.7477e-05
1.7527e-05
1.7577e-05
1.7627e-05
1.7677e-05
1.7727e-05
1.7777e-05
1.7828e-05
1.7878e-05
1.7929e-05
1.798e-05
1.803e-05
1.8081e-05
1.8132e-05
1.8183e-05
1.8234e-05
1.8285e-05
1.8336e-05
1.8387e-05
1.8439e-05
1.849e-05
1.8541e-05
1.8593e-05
1.8644e-05
1.8696e-05
1.8748e-05
1.88e-05
1.8852e-05
1.8904e-05
1.8956e-05
1.9008e-05
1.906e-05
1.9112e-05
1.9164e-05
1.9217e-05
1.9269e-05
1.9322e-05
1.9374e-05
1.9427e-05
1.948e-05
1.9533e-05
1.9585e-05
1.9638e-05
1.9691e-05
1.9744e-05
1.9798e-05
1.9851e-05
1.9904e-05
1.9957e-05
2.0011e-05
2.0064e-05
2.0118e-05
2.0172e-05
2.0225e-05
2.0279e-05
2.0333e-05
2.0387e-05
2.0441e-05
2.0495e-05
2.0549e-05
2.0603e-05
2.0657e-05
2.0711e-05
2.0766e-05
2.082e-05
2.0875e-05
2.0929e-05
2.0984e-05
2.1038e-05
2.1093e-05
2.1148e-05
2.1203e-05
2.1258e-05
2.1313e-05
2.1368e-05
2.1423e-05
2.1478e-05
2.1533e-05
2.1589e-05
2.1644e-05
2.1699e-05
2.1755e-05
2.181e-05
2.1866e-05
2.1921e-05
2.1977e-05
2.2033e-05
2.2089e-05
2.2145e-05
2.2201e-05
2.2257e-05
2.2313e-05
2.2369e-05
2.2425e-05
2.2481e-05
2.2537e-05
2.2594e-05
2.265e-05
2.2707e-05
2.2763e-05
2.282e-05
2.2876e-05
2.2933e-05
2.299e-05
2.3046e-05
2.3103e-05
2.316e-05
2.3217e-05
2.3274e-05
2.3331e-05
2.3388e-05
2.3445e-05
2.3502e-05
2.356e-05
2.3617e-05
2.3674e-05
2.3732e-05
2.3789e-05
2.3846e-05
2.3904e-05
2.3962e-05
2.4019e-05
2.4077e-05
2.4135e-05
2.4192e-05
2.425e-05
2.4308e-05
2.4366e-05
2.4424e-05
2.4482e-05
2.454e-05
2.4598e-05
2.4656e-05
2.4714e-05
2.4773e-05
2.4831e-05
2.4889e-05
2.4947e-05
2.5006e-05
2.5064e-05
2.5123e-05
2.5181e-05
2.524e-05
2.5298e-05
2.5357e-05
2.5416e-05
2.5475e-05
2.5533e-05
2.5592e-05
2.5651e-05
2.571e-05
2.5769e-05
2.5828e-05
2.5887e-05
2.5946e-05
2.6005e-05
2.6064e-05
2.6123e-05
2.6182e-05
2.6241e-05
2.6301e-05
2.636e-05
2.6419e-05
2.6479e-05
2.6538e-05
2.6597e-05
2.6657e-05
2.6716e-05
2.6776e-05
2.6835e-05
2.6895e-05
2.6955e-05
2.7014e-05
2.7074e-05
2.7134e-05
2.7193e-05
2.7253e-05
2.7313e-05
2.7373e-05
2.7432e-05
2.7492e-05
2.7552e-05
2.7612e-05
2.7672e-05
2.7732e-05
2.7792e-05
2.7852e-05
2.7912e-05
2.7972e-05
2.8032e-05
2.8092e-05
2.8153e-05
2.8213e-05
2.8273e-05
2.8333e-05
2.8393e-05
2.8454e-05
2.8514e-05
2.8574e-05
2.8634e-05
2.8695e-05
2.8755e-05
2.8815e-05
2.8876e-05
2.8936e-05
2.8997e-05
2.9057e-05
2.9118e-05
2.9178e-05
2.9238e-05
2.9299e-05
2.9359e-05
2.942e-05
2.9481e-05
2.9541e-05
2.9602e-05
2.9662e-05
2.9723e-05
2.9783e-05
2.9844e-05
2.9905e-05
2.9965e-05
3.0026e-05
3.0087e-05
3.0147e-05
3.0208e-05
3.0269e-05
3.0329e-05
3.039e-05
3.0451e-05
3.0511e-05
3.0572e-05
3.0633e-05
3.0694e-05
3.0754e-05
3.0815e-05
3.0876e-05
3.0936e-05
3.0997e-05
3.1058e-05
3.1119e-05
3.1179e-05
3.124e-05
3.1301e-05
3.1362e-05
3.1422e-05
3.1483e-05
3.1544e-05
3.1605e-05
3.1665e-05
3.1726e-05
3.1787e-05
3.1848e-05
3.1908e-05
3.1969e-05
3.203e-05
3.209e-05
3.2151e-05
3.2212e-05
3.2273e-05
3.2333e-05
3.2394e-05
3.2455e-05
3.2515e-05
3.2576e-05
3.2637e-05
3.2697e-05
3.2758e-05
3.2818e-05
3.2879e-05
3.294e-05
3.3e-05
3.3061e-05
3.3121e-05
3.3182e-05
3.3242e-05
3.3303e-05
3.3363e-05
3.3424e-05
3.3484e-05
3.3545e-05
3.3605e-05
3.3666e-05
3.3726e-05
3.3786e-05
3.3847e-05
3.3907e-05
3.3967e-05
3.4028e-05
3.4088e-05
3.4148e-05
3.4208e-05
3.4268e-05
3.4329e-05
3.4389e-05
3.4449e-05
3.4509e-05
3.4569e-05
3.4629e-05
3.4689e-05
3.4749e-05
3.4809e-05
3.4869e-05
3.4929e-05
3.4989e-05
3.5049e-05
3.5108e-05
3.5168e-05
3.5228e-05
3.5288e-05
3.5347e-05
3.5407e-05
3.5467e-05
3.5526e-05
3.5586e-05
3.5645e-05
3.5705e-05
3.5764e-05
3.5824e-05
3.5883e-05
3.5943e-05
3.6002e-05
3.6061e-05
3.612e-05
3.618e-05
3.6239e-05
3.6298e-05
3.6357e-05
3.6416e-05
3.6475e-05
3.6534e-05
3.6593e-05
3.6652e-05
3.6711e-05
3.6769e-05
3.6828e-05
3.6887e-05
3.6945e-05
3.7004e-05
3.7063e-05
3.7121e-05
3.718e-05
3.7238e-05
3.7296e-05
3.7355e-05
3.7413e-05
3.7471e-05
3.7529e-05
3.7587e-05
3.7645e-05
3.7703e-05
3.7761e-05
3.7819e-05
3.7877e-05
3.7935e-05
3.7993e-05
3.805e-05
3.8108e-05
3.8166e-05
3.8223e-05
3.8281e-05
3.8338e-05
3.8395e-05
3.8453e-05
3.851e-05
3.8567e-05
3.8624e-05
3.8681e-05
3.8738e-05
3.8795e-05
3.8852e-05
3.8909e-05
3.8965e-05
3.9022e-05
3.9079e-05
3.9135e-05
3.9192e-05
3.9248e-05
3.9304e-05
3.9361e-05
3.9417e-05
3.9473e-05
3.9529e-05
3.9585e-05
3.9641e-05
3.9697e-05
3.9752e-05
3.9808e-05
3.9864e-05
3.9919e-05
3.9975e-05
4.003e-05
4.0086e-05
4.0141e-05
4.0196e-05
4.0251e-05
4.0306e-05
4.0361e-05
4.0416e-05
4.0471e-05
4.0526e-05
4.058e-05
4.0635e-05
4.0689e-05
4.0744e-05
4.0798e-05
4.0852e-05
4.0907e-05
4.0961e-05
4.1015e-05
4.1069e-05
4.1122e-05
4.1176e-05
4.123e-05
4.1283e-05
4.1337e-05
4.139e-05
4.1444e-05
4.1497e-05
4.155e-05
4.1603e-05
4.1656e-05
4.1709e-05
4.1762e-05
4.1814e-05
4.1867e-05
4.1919e-05
4.1972e-05
4.2024e-05
4.2076e-05
4.2129e-05
4.2181e-05
4.2233e-05
4.2284e-05
4.2336e-05
4.2388e-05
4.2439e-05
4.2491e-05
4.2542e-05
4.2594e-05
4.2645e-05
4.2696e-05
4.2747e-05
4.2798e-05
4.2848e-05
4.2899e-05
4.295e-05
4.3e-05
4.305e-05
4.3101e-05
4.3151e-05
4.3201e-05
4.3251e-05
4.3301e-05
4.3351e-05
4.34e-05
4.345e-05
4.3499e-05
4.3548e-05
4.3598e-05
4.3647e-05
4.3696e-05
4.3745e-05
4.3793e-05
4.3842e-05
4.3891e-05
4.3939e-05
4.3987e-05
4.4035e-05
4.4084e-05
4.4132e-05
4.4179e-05
4.4227e-05
4.4275e-05
4.4322e-05
4.437e-05
4.4417e-05
4.4464e-05
4.4511e-05
4.4558e-05
4.4605e-05
4.4652e-05
4.4698e-05
4.4745e-05
4.4791e-05
4.4837e-05
4.4883e-05
4.4929e-05
4.4975e-05
4.5021e-05
4.5067e-05
4.5112e-05
4.5157e-05
4.5203e-05
4.5248e-05
4.5293e-05
4.5338e-05
4.5382e-05
4.5427e-05
4.5471e-05
4.5516e-05
4.556e-05
4.5604e-05
4.5648e-05
4.5692e-05
4.5736e-05
4.5779e-05
4.5823e-05
4.5866e-05
4.5909e-05
4.5952e-05
4.5995e-05
4.6038e-05
4.608e-05
4.6123e-05
4.6165e-05
4.6208e-05
4.625e-05
4.6292e-05
4.6333e-05
4.6375e-05
4.6417e-05
4.6458e-05
4.6499e-05
4.6541e-05
4.6582e-05
4.6622e-05
4.6663e-05
4.6704e-05
4.6744e-05
4.6784e-05
4.6825e-05
4.6865e-05
4.6905e-05
4.6944e-05
4.6984e-05
4.7023e-05
4.7063e-05
4.7102e-05
4.7141e-05
4.718e-05
4.7218e-05
4.7257e-05
4.7295e-05
4.7334e-05
4.7372e-05
4.741e-05
4.7448e-05
4.7485e-05
4.7523e-05
4.756e-05
4.7598e-05
4.7635e-05
4.7672e-05
4.7708e-05
4.7745e-05
4.7781e-05
4.7818e-05
4.7854e-05
4.789e-05
4.7926e-05
4.7962e-05
4.7997e-05
4.8033e-05
4.8068e-05
4.8103e-05
4.8138e-05
4.8173e-05
4.8207e-05
4.8242e-05
4.8276e-05
4.831e-05
4.8344e-05
4.8378e-05
4.8412e-05
4.8445e-05
4.8479e-05
4.8512e-05
4.8545e-05
4.8578e-05
4.8611e-05
4.8643e-05
4.8676e-05
4.8708e-05
4.874e-05
4.8772e-05
4.8804e-05
4.8835e-05
4.8867e-05
4.8898e-05
4.8929e-05
4.896e-05
4.8991e-05
4.9021e-05
4.9052e-05
4.9082e-05
4.9112e-05
4.9142e-05
4.9172e-05
4.9202e-05
4.9231e-05
4.926e-05
4.9289e-05
4.9318e-05
4.9347e-05
4.9376e-05
4.9404e-05
4.9432e-05
4.946e-05
4.9488e-05
4.9516e-05
4.9544e-05
4.9571e-05
4.9598e-05
4.9625e-05
4.9652e-05
4.9679e-05
4.9706e-05
4.9732e-05
4.9758e-05
4.9784e-05
4.981e-05
4.9836e-05
4.9861e-05
4.9887e-05
4.9912e-05
4.9937e-05
4.9961e-05
4.9986e-05
5.0011e-05
5.0035e-05
5.0059e-05
5.0083e-05
5.0107e-05
5.013e-05
5.0154e-05
5.0177e-05
5.02e-05
5.0223e-05
5.0245e-05
5.0268e-05
5.029e-05
5.0312e-05
5.0334e-05
5.0356e-05
5.0378e-05
5.0399e-05
5.042e-05
5.0441e-05
5.0462e-05
5.0483e-05
5.0503e-05
5.0524e-05
5.0544e-05
5.0564e-05
5.0584e-05
5.0603e-05
5.0623e-05
5.0642e-05
5.0661e-05
5.068e-05
5.0698e-05
5.0717e-05
5.0735e-05
5.0753e-05
5.0771e-05
5.0789e-05
5.0807e-05
5.0824e-05
5.0841e-05
5.0858e-05
5.0875e-05
5.0892e-05
5.0908e-05
5.0924e-05
5.0941e-05
5.0956e-05
5.0972e-05
5.0988e-05
5.1003e-05
5.1018e-05
5.1033e-05
5.1048e-05
5.1063e-05
5.1077e-05
5.1091e-05
5.1105e-05
5.1119e-05
5.1133e-05
5.1146e-05
5.1159e-05
5.1172e-05
5.1185e-05
5.1198e-05
5.121e-05
5.1223e-05
5.1235e-05
5.1247e-05
5.1259e-05
5.127e-05
5.1282e-05
5.1293e-05
5.1304e-05
5.1315e-05
5.1325e-05
5.1336e-05
5.1346e-05
5.1356e-05
5.1366e-05
5.1375e-05
5.1385e-05
5.1394e-05
5.1403e-05
5.1412e-05
5.1421e-05
5.1429e-05
5.1437e-05
5.1446e-05
5.1453e-05
5.1461e-05
5.1469e-05
5.1476e-05
5.1483e-05
5.149e-05
5.1497e-05
5.1503e-05
5.151e-05
5.1516e-05
5.1522e-05
5.1528e-05
5.1533e-05
5.1539e-05
5.1544e-05
5.1549e-05
5.1554e-05
5.1558e-05
5.1563e-05
5.1567e-05
5.1571e-05
5.1575e-05
5.1579e-05
5.1582e-05
5.1586e-05
5.1589e-05
5.1591e-05
5.1594e-05
5.1597e-05
5.1599e-05
5.1601e-05
5.1603e-05
5.1605e-05
5.1606e-05
5.1608e-05
5.1609e-05
5.161e-05
5.161e-05
5.1611e-05
5.1611e-05
5.1612e-05
5.1611e-05
5.1611e-05
5.1611e-05
5.161e-05
5.1609e-05
5.1608e-05
5.1607e-05
5.1606e-05
5.1604e-05
5.1602e-05
5.1601e-05
5.1598e-05
5.1596e-05
5.1593e-05
5.1591e-05
5.1588e-05
5.1585e-05
5.1581e-05
5.1578e-05
5.1574e-05
5.157e-05
5.1566e-05
5.1562e-05
5.1557e-05
5.1553e-05
5.1548e-05
5.1543e-05
5.1537e-05
5.1532e-05
5.1526e-05
5.152e-05
5.1514e-05
5.1508e-05
5.1502e-05
5.1495e-05
5.1488e-05
5.1481e-05
5.1474e-05
5.1467e-05
5.1459e-05
5.1451e-05
5.1443e-05
5.1435e-05
5.1427e-05
5.1418e-05
5.141e-05
5.1401e-05
5.1391e-05
5.1382e-05
5.1373e-05
5.1363e-05
5.1353e-05
5.1343e-05
5.1333e-05
5.1322e-05
5.1312e-05
5.1301e-05
5.129e-05
5.1278e-05
5.1267e-05
5.1255e-05
5.1244e-05
5.1232e-05
5.1219e-05
5.1207e-05
5.1195e-05
5.1182e-05
5.1169e-05
5.1156e-05
5.1142e-05
5.1129e-05
5.1115e-05
5.1101e-05
5.1087e-05
5.1073e-05
5.1059e-05
5.1044e-05
5.1029e-05
5.1014e-05
5.0999e-05
5.0983e-05
5.0968e-05
5.0952e-05
5.0936e-05
5.092e-05
5.0904e-05
5.0887e-05
5.0871e-05
5.0854e-05
5.0837e-05
5.0819e-05
5.0802e-05
5.0784e-05
5.0766e-05
5.0748e-05
5.073e-05
5.0712e-05
5.0693e-05
5.0675e-05
5.0656e-05
5.0637e-05
5.0617e-05
5.0598e-05
5.0578e-05
5.0558e-05
5.0538e-05
5.0518e-05
5.0498e-05
5.0477e-05
5.0457e-05
5.0436e-05
5.0415e-05
5.0393e-05
5.0372e-05
5.035e-05
5.0328e-05
5.0306e-05
5.0284e-05
5.0262e-05
5.0239e-05
5.0216e-05
5.0194e-05
5.017e-05
5.0147e-05
5.0124e-05
5.01e-05
5.0076e-05
5.0052e-05
5.0028e-05
5.0004e-05
4.9979e-05
4.9955e-05
4.993e-05
4.9905e-05
4.988e-05
4.9854e-05
4.9829e-05
4.9803e-05
4.9777e-05
4.9751e-05
4.9725e-05
4.9698e-05
4.9672e-05
4.9645e-05
4.9618e-05
4.9591e-05
4.9564e-05
4.9536e-05
4.9509e-05
4.9481e-05
4.9453e-05
4.9425e-05
4.9396e-05
4.9368e-05
4.9339e-05
4.931e-05
4.9281e-05
4.9252e-05
4.9223e-05
4.9194e-05
4.9164e-05
4.9134e-05
4.9104e-05
4.9074e-05
4.9044e-05
4.9013e-05
4.8982e-05
4.8952e-05
4.8921e-05
4.8889e-05
4.8858e-05
4.8827e-05
4.8795e-05
4.8763e-05
4.8731e-05
4.8699e-05
4.8667e-05
4.8634e-05
4.8602e-05
4.8569e-05
4.8536e-05
4.8503e-05
4.847e-05
4.8436e-05
4.8403e-05
4.8369e-05
4.8335e-05
4.8301e-05
4.8267e-05
4.8232e-05
4.8198e-05
4.8163e-05
4.8128e-05
4.8093e-05
4.8058e-05
4.8023e-05
4.7988e-05
4.7952e-05
4.7916e-05
4.788e-05
4.7844e-05
4.7808e-05
4.7772e-05
4.7735e-05
4.7698e-05
4.7662e-05
4.7625e-05
4.7587e-05
4.755e-05
4.7513e-05
4.7475e-05
4.7437e-05
4.74e-05
4.7361e-05
4.7323e-05
4.7285e-05
4.7247e-05
4.7208e-05
4.7169e-05
4.713e-05
4.7091e-05
4.7052e-05
4.7013e-05
4.6973e-05
4.6933e-05
4.6894e-05
4.6854e-05
4.6814e-05
4.6774e-05
4.6733e-05
4.6693e-05
4.6652e-05
4.6611e-05
4.657e-05
4.6529e-05
4.6488e-05
4.6447e-05
4.6405e-05
4.6364e-05
4.6322e-05
4.628e-05
4.6238e-05
4.6196e-05
4.6154e-05
4.6111e-05
4.6069e-05
4.6026e-05
4.5983e-05
4.594e-05
4.5897e-05
4.5854e-05
4.5811e-05
4.5767e-05
4.5724e-05
4.568e-05
4.5636e-05
4.5592e-05
4.5548e-05
4.5504e-05
4.5459e-05
4.5415e-05
4.537e-05
4.5325e-05
4.5281e-05
4.5235e-05
4.519e-05
4.5145e-05
4.51e-05
4.5054e-05
4.5009e-05
4.4963e-05
4.4917e-05
4.4871e-05
4.4825e-05
4.4778e-05
4.4732e-05
4.4686e-05
4.4639e-05
4.4592e-05
4.4545e-05
4.4498e-05
4.4451e-05
4.4404e-05
4.4357e-05
4.4309e-05
4.4262e-05
4.4214e-05
4.4166e-05
4.4119e-05
4.4071e-05
4.4022e-05
4.3974e-05
4.3926e-05
4.3877e-05
4.3829e-05
4.378e-05
4.3731e-05
4.3682e-05
4.3633e-05
4.3584e-05
4.3535e-05
4.3486e-05
4.3436e-05
4.3387e-05
4.3337e-05
4.3287e-05
4.3237e-05
4.3187e-05
4.3137e-05
4.3087e-05
4.3037e-05
4.2986e-05
4.2936e-05
4.2885e-05
4.2835e-05
4.2784e-05
4.2733e-05
4.2682e-05
4.2631e-05
4.258e-05
4.2528e-05
4.2477e-05
4.2425e-05
4.2374e-05
4.2322e-05
4.227e-05
4.2218e-05
4.2166e-05
4.2114e-05
4.2062e-05
4.201e-05
4.1958e-05
4.1905e-05
4.1853e-05
4.18e-05
4.1747e-05
4.1694e-05
4.1642e-05
4.1589e-05
4.1536e-05
4.1482e-05
4.1429e-05
4.1376e-05
4.1322e-05
4.1269e-05
4.1215e-05
4.1161e-05
4.1108e-05
4.1054e-05
4.1e-05
4.0946e-05
4.0892e-05
4.0838e-05
4.0783e-05
4.0729e-05
4.0675e-05
4.062e-05
4.0565e-05
4.0511e-05
4.0456e-05
4.0401e-05
4.0346e-05
4.0291e-05
4.0236e-05
4.0181e-05
4.0126e-05
4.0071e-05
4.0015e-05
3.996e-05
3.9904e-05
3.9849e-05
3.9793e-05
3.9737e-05
3.9682e-05
3.9626e-05
3.957e-05
3.9514e-05
3.9458e-05
3.9401e-05
3.9345e-05
3.9289e-05
3.9233e-05
3.9176e-05
3.912e-05
3.9063e-05
3.9007e-05
3.895e-05
3.8893e-05
3.8836e-05
3.8779e-05
3.8723e-05
3.8666e-05
3.8609e-05
3.8551e-05
3.8494e-05
3.8437e-05
3.838e-05
3.8322e-05
3.8265e-05
3.8207e-05
3.815e-05
3.8092e-05
3.8035e-05
3.7977e-05
3.7919e-05
3.7861e-05
3.7804e-05
3.7746e-05
3.7688e-05
3.763e-05
3.7572e-05
3.7513e-05
3.7455e-05
3.7397e-05
3.7339e-05
3.728e-05
3.7222e-05
3.7164e-05
3.7105e-05
3.7047e-05
3.6988e-05
3.6929e-05
3.6871e-05
3.6812e-05
3.6753e-05
3.6695e-05
3.6636e-05
3.6577e-05
3.6518e-05
3.6459e-05
3.64e-05
3.6341e-05
3.6282e-05
3.6223e-05
3.6164e-05
3.6104e-05
3.6045e-05
3.5986e-05
3.5926e-05
3.5867e-05
3.5808e-05
3.5748e-05
3.5689e-05
3.5629e-05
3.557e-05
3.551e-05
3.5451e-05
3.5391e-05
3.5331e-05
3.5272e-05
3.5212e-05
3.5152e-05
3.5092e-05
3.5032e-05
3.4973e-05
3.4913e-05
3.4853e-05
3.4793e-05
3.4733e-05
3.4673e-05
3.4613e-05
3.4553e-05
3.4493e-05
3.4433e-05
3.4372e-05
3.4312e-05
3.4252e-05
3.4192e-05
3.4132e-05
3.4071e-05
3.4011e-05
3.3951e-05
3.3891e-05
3.383e-05
3.377e-05
3.3709e-05
3.3649e-05
3.3589e-05
3.3528e-05
3.3468e-05
3.3407e-05
3.3347e-05
3.3286e-05
3.3226e-05
3.3165e-05
3.3105e-05
3.3044e-05
3.2984e-05
3.2923e-05
3.2863e-05
3.2802e-05
3.2741e-05
3.2681e-05
3.262e-05
3.2559e-05
3.2499e-05
3.2438e-05
3.2377e-05
3.2317e-05
3.2256e-05
3.2195e-05
3.2135e-05
3.2074e-05
3.2013e-05
3.1953e-05
3.1892e-05
3.1831e-05
3.177e-05
3.171e-05
3.1649e-05
3.1588e-05
3.1527e-05
3.1467e-05
3.1406e-05
3.1345e-05
3.1284e-05
3.1224e-05
3.1163e-05
3.1102e-05
3.1041e-05
3.0981e-05
3.092e-05
3.0859e-05
3.0799e-05
3.0738e-05
3.0677e-05
3.0616e-05
3.0556e-05
3.0495e-05
3.0434e-05
3.0374e-05
3.0313e-05
3.0252e-05
3.0191e-05
3.0131e-05
3.007e-05
3.0009e-05
2.9949e-05
2.9888e-05
2.9828e-05
2.9767e-05
2.9706e-05
2.9646e-05
2.9585e-05
2.9525e-05
2.9464e-05
2.9404e-05
2.9343e-05
2.9283e-05
2.9222e-05
2.9162e-05
2.9101e-05
2.9041e-05
2.898e-05
2.892e-05
2.8859e-05
2.8799e-05
2.8739e-05
2.8678e-05
2.8618e-05
2.8558e-05
2.8497e-05
2.8437e-05
2.8377e-05
2.8317e-05
2.8257e-05
2.8196e-05
2.8136e-05
2.8076e-05
2.8016e-05
2.7956e-05
2.7896e-05
2.7836e-05
2.7776e-05
2.7716e-05
2.7656e-05
2.7596e-05
2.7536e-05
2.7476e-05
2.7416e-05
2.7356e-05
2.7297e-05
2.7237e-05
2.7177e-05
2.7117e-05
2.7058e-05
2.6998e-05
2.6938e-05
2.6879e-05
2.6819e-05
2.676e-05
2.67e-05
2.6641e-05
2.6581e-05
2.6522e-05
2.6463e-05
2.6403e-05
2.6344e-05
2.6285e-05
2.6225e-05
2.6166e-05
2.6107e-05
2.6048e-05
2.5989e-05
2.593e-05
2.5871e-05
2.5812e-05
2.5753e-05
2.5694e-05
2.5635e-05
2.5576e-05
2.5517e-05
2.5459e-05
2.54e-05
2.5341e-05
2.5283e-05
2.5224e-05
2.5165e-05
2.5107e-05
2.5048e-05
2.499e-05
2.4932e-05
2.4873e-05
2.4815e-05
2.4757e-05
2.4699e-05
2.464e-05
2.4582e-05
2.4524e-05
2.4466e-05
2.4408e-05
2.435e-05
2.4292e-05
2.4234e-05
2.4177e-05
2.4119e-05
2.4061e-05
2.4004e-05
2.3946e-05
2.3888e-05
2.3831e-05
2.3773e-05
2.3716e-05
2.3659e-05
2.3601e-05
2.3544e-05
2.3487e-05
2.343e-05
2.3372e-05
2.3315e-05
2.3258e-05
2.3201e-05
2.3145e-05
2.3088e-05
2.3031e-05
2.2974e-05
2.2917e-05
2.2861e-05
2.2804e-05
2.2748e-05
2.2691e-05
2.2635e-05
2.2578e-05
2.2522e-05
2.2466e-05
2.241e-05
2.2353e-05
2.2297e-05
2.2241e-05
2.2185e-05
2.2129e-05
2.2074e-05
2.2018e-05
2.1962e-05
2.1906e-05
2.1851e-05
2.1795e-05
2.174e-05
2.1684e-05
2.1629e-05
2.1574e-05
2.1518e-05
2.1463e-05
2.1408e-05
2.1353e-05
2.1298e-05
2.1243e-05
2.1188e-05
2.1133e-05
2.1078e-05
2.1024e-05
2.0969e-05
2.0914e-05
2.086e-05
2.0805e-05
2.0751e-05
2.0697e-05
2.0642e-05
2.0588e-05
2.0534e-05
2.048e-05
2.0426e-05
2.0372e-05
2.0318e-05
2.0264e-05
2.0211e-05
2.0157e-05
2.0103e-05
2.005e-05
1.9996e-05
1.9943e-05
1.989e-05
1.9836e-05
1.9783e-05
1.973e-05
1.9677e-05
1.9624e-05
1.9571e-05
1.9518e-05
1.9465e-05
1.9413e-05
1.936e-05
1.9308e-05
1.9255e-05
1.9203e-05
1.915e-05
1.9098e-05
1.9046e-05
1.8994e-05
1.8941e-05
1.8889e-05
1.8838e-05
1.8786e-05
1.8734e-05
1.8682e-05
1.863e-05
1.8579e-05
1.8527e-05
1.8476e-05
1.8425e-05
1.8373e-05
1.8322e-05
1.8271e-05
1.822e-05
1.8169e-05
1.8118e-05
1.8067e-05
1.8016e-05
1.7966e-05
1.7915e-05
1.7865e-05
1.7814e-05
1.7764e-05
1.7713e-05
1.7663e-05
1.7613e-05
1.7563e-05
1.7513e-05
1.7463e-05
1.7413e-05
1.7363e-05
1.7314e-05
1.7264e-05
1.7215e-05
1.7165e-05
1.7116e-05
1.7066e-05
1.7017e-05
1.6968e-05
1.6919e-05
1.687e-05
1.6821e-05
1.6772e-05
1.6723e-05
1.6675e-05
1.6626e-05
1.6578e-05
1.6529e-05
1.6481e-05
1.6433e-05
1.6384e-05
1.6336e-05
1.6288e-05
1.624e-05
1.6192e-05
1.6145e-05
1.6097e-05
1.6049e-05
1.6002e-05
1.5954e-05
1.5907e-05
1.5859e-05
1.5812e-05
1.5765e-05
1.5718e-05
1.5671e-05
1.5624e-05
1.5577e-05
1.553e-05
1.5484e-05
1.5437e-05
1.5391e-05
1.5344e-05
1.5298e-05
1.5252e-05
1.5205e-05
1.5159e-05
1.5113e-05
1.5067e-05
1.5022e-05
1.4976e-05
1.493e-05
1.4885e-05
1.4839e-05
1.4794e-05
1.4748e-05
1.4703e-05
1.4658e-05
1.4613e-05
1.4568e-05
1.4523e-05
1.4478e-05
1.4433e-05
1.4389e-05
1.4344e-05
1.43e-05
1.4255e-05
1.4211e-05
1.4167e-05
1.4122e-05
1.4078e-05
1.4034e-05
1.399e-05
1.3947e-05
1.3903e-05
1.3859e-05
1.3816e-05
1.3772e-05
1.3729e-05
1.3685e-05
1.3642e-05
1.3599e-05
1.3556e-05
1.3513e-05
1.347e-05
1.3427e-05
1.3385e-05
1.3342e-05
1.3299e-05
1.3257e-05
1.3215e-05
1.3172e-05
1.313e-05
1.3088e-05
1.3046e-05
1.3004e-05
1.2962e-05
1.292e-05
1.2879e-05
1.2837e-05
1.2796e-05
1.2754e-05
1.2713e-05
1.2672e-05
1.263e-05
1.2589e-05
1.2548e-05
1.2507e-05
1.2467e-05
1.2426e-05
1.2385e-05
1.2345e-05
1.2304e-05
1.2264e-05
1.2223e-05
1.2183e-05
1.2143e-05
1.2103e-05
1.2063e-05
1.2023e-05
1.1983e-05
1.1944e-05
1.1904e-05
1.1865e-05
1.1825e-05
1.1786e-05
1.1747e-05
1.1707e-05
1.1668e-05
1.1629e-05
1.159e-05
1.1552e-05
1.1513e-05
1.1474e-05
1.1436e-05
1.1397e-05
1.1359e-05
1.132e-05
1.1282e-05
1.1244e-05
1.1206e-05
1.1168e-05
1.113e-05
1.1092e-05
1.1055e-05
1.1017e-05
1.0979e-05
1.0942e-05
1.0905e-05
1.0867e-05
1.083e-05
1.0793e-05
1.0756e-05
1.0719e-05
1.0682e-05
1.0646e-05
1.0609e-05
1.0572e-05
1.0536e-05
1.0499e-05
1.0463e-05
1.0427e-05
1.0391e-05
1.0355e-05
1.0319e-05
1.0283e-05
1.0247e-05
1.0211e-05
1.0176e-05
1.014e-05
1.0105e-05
1.0069e-05
1.0034e-05
9.9989e-06
9.9638e-06
9.9287e-06
9.8938e-06
9.859e-06
9.8242e-06
9.7895e-06
9.7549e-06
9.7204e-06
9.686e-06
9.6516e-06
9.6174e-06
9.5832e-06
9.5491e-06
9.5151e-06
9.4812e-06
9.4474e-06
9.4136e-06
9.38e-06
9.3464e-06
9.3129e-06
9.2795e-06
9.2462e-06
9.213e-06
9.1798e-06
9.1468e-06
9.1138e-06
9.0809e-06
9.0481e-06
9.0154e-06
8.9827e-06
8.9502e-06
8.9177e-06
8.8853e-06
8.853e-06
8.8208e-06
8.7887e-06
8.7566e-06
8.7246e-06
8.6928e-06
8.661e-06
8.6292e-06
8.5976e-06
8.5661e-06
8.5346e-06
8.5032e-06
8.4719e-06
8.4407e-06
8.4096e-06
8.3786e-06
8.3476e-06
8.3167e-06
8.2859e-06
8.2552e-06
8.2246e-06
8.194e-06
8.1636e-06
8.1332e-06
8.1029e-06
8.0727e-06
8.0425e-06
8.0125e-06
7.9825e-06
7.9526e-06
7.9228e-06
7.8931e-06
7.8634e-06
7.8339e-06
7.8044e-06
7.775e-06
7.7457e-06
7.7165e-06
7.6873e-06
7.6582e-06
7.6292e-06
7.6003e-06
7.5715e-06
7.5428e-06
7.5141e-06
7.4855e-06
7.457e-06
7.4286e-06
7.4002e-06
7.372e-06
7.3438e-06
7.3157e-06
7.2877e-06
7.2597e-06
7.2319e-06
7.2041e-06
7.1764e-06
7.1487e-06
7.1212e-06
7.0937e-06
7.0664e-06
7.039e-06
7.0118e-06
6.9847e-06
6.9576e-06
6.9306e-06
6.9037e-06
6.8769e-06
6.8501e-06
6.8234e-06
6.7968e-06
6.7703e-06
6.7439e-06
6.7175e-06
6.6912e-06
6.665e-06
6.6389e-06
6.6128e-06
6.5869e-06
6.561e-06
6.5351e-06
6.5094e-06
6.4837e-06
6.4581e-06
6.4326e-06
6.4072e-06
6.3818e-06
6.3565e-06
6.3313e-06
6.3062e-06
6.2812e-06
6.2562e-06
6.2313e-06
6.2064e-06
6.1817e-06
6.157e-06
6.1324e-06
6.1079e-06
6.0834e-06
6.0591e-06
6.0348e-06
6.0105e-06
5.9864e-06
5.9623e-06
5.9383e-06
5.9144e-06
5.8905e-06
5.8668e-06
5.843e-06
5.8194e-06
5.7959e-06
5.7724e-06
5.749e-06
5.7256e-06
5.7024e-06
5.6792e-06
5.6561e-06
5.633e-06
5.61e-06
5.5871e-06
5.5643e-06
5.5416e-06
5.5189e-06
5.4963e-06
5.4737e-06
5.4513e-06
5.4289e-06
5.4066e-06
5.3843e-06
5.3621e-06
5.34e-06
5.318e-06
5.296e-06
5.2741e-06
5.2523e-06
5.2305e-06
5.2089e-06
5.1872e-06
5.1657e-06
5.1442e-06
5.1228e-06
5.1015e-06
5.0802e-06
5.059e-06
5.0379e-06
5.0169e-06
4.9959e-06
4.9749e-06
4.9541e-06
4.9333e-06
4.9126e-06
4.892e-06
4.8714e-06
4.8509e-06
4.8305e-06
4.8101e-06
4.7898e-06
4.7695e-06
4.7494e-06
4.7293e-06
4.7093e-06
4.6893e-06
4.6694e-06
4.6496e-06
4.6298e-06
4.6101e-06
4.5905e-06
4.5709e-06
4.5514e-06
4.532e-06
4.5126e-06
4.4933e-06
4.4741e-06
4.4549e-06
4.4358e-06
4.4168e-06
4.3978e-06
4.3789e-06
4.36e-06
4.3413e-06
4.3226e-06
4.3039e-06
4.2853e-06
4.2668e-06
4.2483e-06
4.23e-06
4.2116e-06
4.1934e-06
4.1752e-06
4.157e-06
4.1389e-06
4.1209e-06
4.103e-06
4.0851e-06
4.0673e-06
4.0495e-06
4.0318e-06
4.0142e-06
3.9966e-06
3.9791e-06
3.9616e-06
3.9443e-06
3.9269e-06
3.9097e-06
3.8925e-06
3.8753e-06
3.8582e-06
3.8412e-06
3.8242e-06
3.8073e-06
3.7905e-06
3.7737e-06
3.757e-06
3.7403e-06
3.7238e-06
3.7072e-06
3.6907e-06
3.6743e-06
3.6579e-06
3.6416e-06
3.6254e-06
3.6092e-06
3.5931e-06
3.577e-06
3.561e-06
3.5451e-06
3.5292e-06
3.5133e-06
3.4976e-06
3.4818e-06
3.4662e-06
3.4506e-06
3.435e-06
3.4195e-06
3.4041e-06
3.3887e-06
3.3734e-06
3.3581e-06
3.3429e-06
3.3278e-06
3.3127e-06
3.2977e-06
3.2827e-06
3.2678e-06
3.2529e-06
3.2381e-06
3.2233e-06
3.2086e-06
3.194e-06
3.1794e-06
3.1648e-06
3.1503e-06
3.1359e-06
3.1215e-06
3.1072e-06
3.0929e-06
3.0787e-06
3.0646e-06
3.0505e-06
3.0364e-06
3.0224e-06
3.0085e-06
2.9946e-06
2.9807e-06
2.9669e-06
2.9532e-06
2.9395e-06
2.9259e-06
2.9123e-06
2.8988e-06
2.8853e-06
2.8719e-06
2.8585e-06
2.8452e-06
2.8319e-06
2.8187e-06
2.8056e-06
2.7925e-06
2.7794e-06
2.7664e-06
2.7534e-06
2.7405e-06
2.7276e-06
2.7148e-06
2.7021e-06
2.6894e-06
2.6767e-06
2.6641e-06
2.6515e-06
2.639e-06
2.6266e-06
2.6141e-06
2.6018e-06
2.5895e-06
2.5772e-06
2.565e-06
2.5528e-06
2.5407e-06
2.5286e-06
2.5166e-06
2.5046e-06
2.4927e-06
2.4808e-06
2.4689e-06
2.4571e-06
2.4454e-06
2.4337e-06
2.4221e-06
2.4105e-06
2.3989e-06
2.3874e-06
2.3759e-06
2.3645e-06
2.3531e-06
2.3418e-06
2.3305e-06
2.3193e-06
2.3081e-06
2.297e-06
2.2859e-06
2.2748e-06
2.2638e-06
2.2528e-06
2.2419e-06
2.231e-06
2.2202e-06
2.2094e-06
2.1987e-06
2.188e-06
2.1773e-06
2.1667e-06
2.1562e-06
2.1456e-06
2.1352e-06
2.1247e-06
2.1143e-06
2.104e-06
2.0937e-06
2.0834e-06
2.0732e-06
2.063e-06
2.0529e-06
2.0428e-06
2.0327e-06
2.0227e-06
2.0127e-06
2.0028e-06
1.9929e-06
1.9831e-06
1.9733e-06
1.9635e-06
1.9538e-06
1.9441e-06
1.9345e-06
1.9249e-06
1.9153e-06
1.9058e-06
1.8963e-06
1.8869e-06
1.8775e-06
1.8681e-06
1.8588e-06
1.8495e-06
1.8403e-06
1.8311e-06
1.8219e-06
1.8128e-06
1.8037e-06
1.7946e-06
1.7856e-06
1.7767e-06
1.7677e-06
1.7588e-06
1.75e-06
1.7412e-06
1.7324e-06
1.7237e-06
1.715e-06
1.7063e-06
1.6977e-06
1.6891e-06
1.6805e-06
1.672e-06
1.6635e-06
1.6551e-06
1.6467e-06
1.6383e-06
1.63e-06
1.6217e-06
1.6134e-06
1.6052e-06
1.597e-06
1.5888e-06
1.5807e-06
1.5727e-06
1.5646e-06
1.5566e-06
1.5486e-06
1.5407e-06
1.5328e-06
1.5249e-06
1.5171e-06
1.5093e-06
1.5015e-06
1.4938e-06
1.4861e-06
1.4784e-06
1.4708e-06
1.4632e-06
1.4556e-06
1.4481e-06
1.4406e-06
1.4331e-06
1.4257e-06
1.4183e-06
1.4109e-06
1.4036e-06
1.3963e-06
1.389e-06
1.3818e-06
1.3746e-06
1.3674e-06
1.3603e-06
1.3532e-06
1.3461e-06
1.3391e-06
1.3321e-06
1.3251e-06
1.3182e-06
1.3113e-06
1.3044e-06
1.2975e-06
1.2907e-06
1.2839e-06
1.2772e-06
1.2704e-06
1.2637e-06
1.2571e-06
1.2504e-06
1.2438e-06
1.2373e-06
1.2307e-06
1.2242e-06
1.2177e-06
1.2113e-06
1.2049e-06
1.1985e-06
1.1921e-06
1.1858e-06
1.1794e-06
1.1732e-06
1.1669e-06
1.1607e-06
1.1545e-06
1.1483e-06
1.1422e-06
1.1361e-06
1.13e-06
1.124e-06
1.118e-06
1.112e-06
1.106e-06
1.1001e-06
1.0942e-06
1.0883e-06
1.0824e-06
1.0766e-06
1.0708e-06
1.065e-06
1.0593e-06
1.0536e-06
1.0479e-06
1.0422e-06
1.0366e-06
1.031e-06
1.0254e-06
1.0198e-06
1.0143e-06
1.0088e-06
1.0033e-06
9.9786e-07
9.9244e-07
9.8703e-07
9.8166e-07
9.7631e-07
9.7098e-07
9.6569e-07
9.6041e-07
9.5516e-07
9.4994e-07
9.4474e-07
9.3957e-07
9.3442e-07
9.293e-07
9.242e-07
9.1912e-07
9.1407e-07
9.0905e-07
9.0404e-07
8.9907e-07
8.9411e-07
8.8918e-07
8.8428e-07
8.794e-07
8.7454e-07
8.697e-07
8.6489e-07
8.601e-07
8.5534e-07
8.506e-07
8.4588e-07
8.4118e-07
8.3651e-07
8.3186e-07
8.2723e-07
8.2263e-07
8.1805e-07
8.1349e-07
8.0895e-07
8.0444e-07
7.9994e-07
7.9547e-07
7.9103e-07
7.866e-07
7.8219e-07
7.7781e-07
7.7345e-07
7.6911e-07
7.6479e-07
7.605e-07
7.5622e-07
7.5197e-07
7.4773e-07
7.4352e-07
7.3933e-07
7.3516e-07
7.3101e-07
7.2688e-07
7.2277e-07
7.1868e-07
7.1462e-07
7.1057e-07
7.0654e-07
7.0254e-07
6.9855e-07
6.9458e-07
6.9064e-07
6.8671e-07
6.828e-07
6.7892e-07
6.7505e-07
6.712e-07
6.6737e-07
6.6356e-07
6.5977e-07
6.56e-07
6.5225e-07
6.4852e-07
6.448e-07
6.4111e-07
6.3743e-07
6.3377e-07
6.3013e-07
6.2651e-07
6.2291e-07
6.1933e-07
6.1576e-07
6.1221e-07
6.0869e-07
6.0517e-07
6.0168e-07
5.9821e-07
5.9475e-07
5.9131e-07
5.8789e-07
5.8448e-07
5.811e-07
5.7773e-07
5.7438e-07
5.7104e-07
5.6772e-07
5.6442e-07
5.6114e-07
5.5788e-07
5.5463e-07
5.5139e-07
5.4818e-07
5.4498e-07
5.418e-07
5.3863e-07
5.3548e-07
5.3235e-07
5.2923e-07
5.2613e-07
5.2305e-07
5.1998e-07
5.1693e-07
5.1389e-07
5.1087e-07
5.0787e-07
5.0488e-07
5.0191e-07
4.9895e-07
4.9601e-07
4.9308e-07
4.9017e-07
4.8728e-07
4.844e-07
4.8153e-07
4.7868e-07
4.7585e-07
4.7303e-07
4.7022e-07
4.6743e-07
4.6466e-07
4.619e-07
4.5915e-07
4.5642e-07
4.5371e-07
4.51e-07
4.4832e-07
4.4564e-07
4.4298e-07
4.4034e-07
4.3771e-07
4.3509e-07
4.3249e-07
4.299e-07
4.2733e-07
4.2477e-07
4.2222e-07
4.1969e-07
4.1717e-07
4.1466e-07
4.1217e-07
4.0969e-07
4.0722e-07
4.0477e-07
4.0233e-07
3.999e-07
3.9749e-07
3.9509e-07
3.927e-07
3.9033e-07
3.8797e-07
3.8562e-07
3.8329e-07
3.8096e-07
3.7865e-07
3.7636e-07
3.7407e-07
3.718e-07
3.6954e-07
3.6729e-07
3.6505e-07
3.6283e-07
3.6062e-07
3.5842e-07
3.5623e-07
3.5406e-07
3.519e-07
3.4975e-07
3.4761e-07
3.4548e-07
3.4336e-07
3.4126e-07
3.3917e-07
3.3709e-07
3.3502e-07
3.3296e-07
3.3091e-07
3.2888e-07
3.2685e-07
3.2484e-07
3.2284e-07
3.2085e-07
3.1887e-07
3.169e-07
3.1495e-07
3.13e-07
3.1106e-07
3.0914e-07
3.0723e-07
3.0532e-07
3.0343e-07
3.0155e-07
2.9968e-07
2.9782e-07
2.9596e-07
2.9412e-07
2.923e-07
2.9048e-07
2.8867e-07
2.8687e-07
2.8508e-07
2.833e-07
2.8153e-07
2.7977e-07
2.7802e-07
2.7628e-07
2.7456e-07
2.7284e-07
2.7113e-07
2.6943e-07
2.6774e-07
2.6606e-07
2.6438e-07
2.6272e-07
2.6107e-07
2.5943e-07
2.5779e-07
2.5617e-07
2.5456e-07
2.5295e-07
2.5135e-07
2.4977e-07
2.4819e-07
2.4662e-07
2.4506e-07
2.4351e-07
2.4197e-07
2.4043e-07
2.3891e-07
2.3739e-07
2.3589e-07
2.3439e-07
2.329e-07
2.3142e-07
2.2994e-07
2.2848e-07
2.2702e-07
2.2558e-07
2.2414e-07
2.2271e-07
2.2129e-07
2.1987e-07
2.1847e-07
2.1707e-07
2.1568e-07
2.143e-07
2.1293e-07
2.1156e-07
2.102e-07
2.0885e-07
2.0751e-07
2.0618e-07
2.0485e-07
2.0353e-07
2.0222e-07
2.0092e-07
1.9963e-07
1.9834e-07
1.9706e-07
1.9579e-07
1.9452e-07
1.9326e-07
1.9201e-07
1.9077e-07
1.8954e-07
1.8831e-07
1.8709e-07
1.8587e-07
1.8467e-07
1.8347e-07
1.8228e-07
1.8109e-07
1.7991e-07
1.7874e-07
1.7758e-07
1.7642e-07
1.7527e-07
1.7413e-07
1.7299e-07
1.7186e-07
1.7074e-07
1.6962e-07
1.6851e-07
1.6741e-07
1.6631e-07
1.6522e-07
1.6414e-07
1.6306e-07
1.6199e-07
1.6093e-07
1.5987e-07
1.5882e-07
1.5777e-07
1.5673e-07
1.557e-07
1.5467e-07
1.5365e-07
1.5264e-07
1.5163e-07
1.5063e-07
1.4963e-07
1.4864e-07
1.4766e-07
1.4668e-07
1.4571e-07
1.4475e-07
1.4379e-07
1.4283e-07
1.4188e-07
1.4094e-07
1.4e-07
1.3907e-07
1.3815e-07
1.3723e-07
1.3631e-07
1.354e-07
1.345e-07
1.336e-07
1.3271e-07
1.3182e-07
1.3094e-07
1.3007e-07
1.292e-07
1.2833e-07
1.2747e-07
1.2662e-07
1.2577e-07
1.2492e-07
1.2409e-07
1.2325e-07
1.2242e-07
1.216e-07
1.2078e-07
1.1997e-07
1.1916e-07
1.1836e-07
1.1756e-07
1.1676e-07
1.1598e-07
1.1519e-07
1.1441e-07
1.1364e-07
1.1287e-07
1.1211e-07
1.1135e-07
1.1059e-07
1.0984e-07
1.091e-07
1.0836e-07
1.0762e-07
1.0689e-07
1.0616e-07
1.0544e-07
1.0472e-07
1.0401e-07
1.033e-07
1.026e-07
1.0189e-07
1.012e-07
1.0051e-07
9.9821e-08
9.9139e-08
9.846e-08
9.7786e-08
9.7116e-08
9.6451e-08
9.5789e-08
9.5132e-08
9.4479e-08
9.383e-08
9.3186e-08
9.2545e-08
9.1908e-08
9.1276e-08
9.0647e-08
9.0022e-08
8.9402e-08
8.8785e-08
8.8172e-08
8.7563e-08
8.6958e-08
8.6357e-08
8.576e-08
8.5166e-08
8.4577e-08
8.3991e-08
8.3408e-08
8.283e-08
8.2255e-08
8.1684e-08
8.1117e-08
8.0553e-08
7.9993e-08
7.9436e-08
7.8883e-08
7.8334e-08
7.7788e-08
7.7245e-08
7.6706e-08
7.6171e-08
7.5639e-08
7.511e-08
7.4585e-08
7.4063e-08
7.3545e-08
7.303e-08
7.2518e-08
7.201e-08
7.1505e-08
7.1003e-08
7.0504e-08
7.0009e-08
6.9517e-08
6.9028e-08
6.8542e-08
6.806e-08
6.758e-08
6.7104e-08
6.6631e-08
6.6161e-08
6.5694e-08
6.523e-08
6.4769e-08
6.4311e-08
6.3856e-08
6.3404e-08
6.2955e-08
6.2509e-08
6.2066e-08
6.1626e-08
6.1188e-08
6.0754e-08
6.0322e-08
5.9894e-08
5.9468e-08
5.9045e-08
5.8624e-08
5.8207e-08
5.7792e-08
5.738e-08
5.6971e-08
5.6564e-08
5.616e-08
5.5759e-08
5.536e-08
5.4964e-08
5.4571e-08
5.418e-08
5.3792e-08
5.3406e-08
5.3023e-08
5.2643e-08
5.2265e-08
5.189e-08
5.1517e-08
5.1146e-08
5.0779e-08
5.0413e-08
5.005e-08
4.9689e-08
4.9331e-08
4.8975e-08
4.8622e-08
4.8271e-08
4.7922e-08
4.7576e-08
4.7232e-08
4.689e-08
4.6551e-08
4.6214e-08
4.5879e-08
4.5546e-08
4.5216e-08
4.4888e-08
4.4562e-08
4.4238e-08
4.3917e-08
4.3597e-08
4.328e-08
4.2965e-08
4.2652e-08
4.2341e-08
4.2033e-08
4.1726e-08
4.1421e-08
4.1119e-08
4.0819e-08
4.052e-08
4.0224e-08
3.993e-08
3.9637e-08
3.9347e-08
3.9059e-08
3.8772e-08
3.8488e-08
3.8205e-08
3.7925e-08
3.7646e-08
3.7369e-08
3.7095e-08
3.6822e-08
3.6551e-08
3.6281e-08
3.6014e-08
3.5748e-08
3.5485e-08
3.5223e-08
3.4963e-08
3.4704e-08
3.4448e-08
3.4193e-08
3.394e-08
3.3689e-08
3.3439e-08
3.3192e-08
3.2945e-08
3.2701e-08
3.2458e-08
3.2217e-08
3.1978e-08
3.174e-08
3.1504e-08
3.127e-08
3.1037e-08
3.0806e-08
3.0576e-08
3.0348e-08
3.0122e-08
2.9897e-08
2.9674e-08
2.9452e-08
2.9232e-08
2.9014e-08
2.8797e-08
2.8581e-08
2.8367e-08
2.8155e-08
2.7943e-08
2.7734e-08
2.7526e-08
2.7319e-08
2.7114e-08
2.691e-08
2.6708e-08
2.6507e-08
2.6307e-08
2.6109e-08
2.5913e-08
2.5717e-08
2.5523e-08
2.5331e-08
2.514e-08
2.495e-08
2.4761e-08
2.4574e-08
2.4388e-08
2.4204e-08
2.402e-08
2.3838e-08
2.3658e-08
2.3478e-08
2.33e-08
2.3123e-08
2.2948e-08
2.2773e-08
2.26e-08
2.2428e-08
2.2258e-08
2.2088e-08
2.192e-08
2.1753e-08
2.1587e-08
2.1423e-08
2.1259e-08
2.1097e-08
2.0936e-08
2.0776e-08
2.0617e-08
2.0459e-08
2.0303e-08
2.0147e-08
1.9993e-08
1.984e-08
1.9687e-08
1.9536e-08
1.9386e-08
1.9238e-08
1.909e-08
1.8943e-08
1.8797e-08
1.8653e-08
1.8509e-08
1.8367e-08
1.8225e-08
1.8085e-08
1.7945e-08
1.7807e-08
1.7669e-08
1.7533e-08
1.7397e-08
1.7263e-08
1.7129e-08
1.6996e-08
1.6865e-08
1.6734e-08
1.6605e-08
1.6476e-08
1.6348e-08
1.6221e-08
1.6095e-08
1.597e-08
1.5846e-08
1.5723e-08
1.56e-08
1.5479e-08
1.5358e-08
1.5239e-08
1.512e-08
1.5002e-08
1.4885e-08
1.4769e-08
1.4653e-08
1.4539e-08
1.4425e-08
1.4312e-08
1.42e-08
1.4089e-08
1.3979e-08
1.3869e-08
1.3761e-08
1.3653e-08
1.3546e-08
1.3439e-08
1.3334e-08
1.3229e-08
1.3125e-08
1.3022e-08
1.2919e-08
1.2817e-08
1.2716e-08
1.2616e-08
1.2517e-08
1.2418e-08
1.232e-08
1.2223e-08
1.2126e-08
1.203e-08
1.1935e-08
1.1841e-08
1.1747e-08
1.1654e-08
1.1562e-08
1.147e-08
1.1379e-08
1.1289e-08
1.1199e-08
1.111e-08
1.1022e-08
1.0934e-08
1.0847e-08
1.0761e-08
1.0675e-08
1.059e-08
1.0506e-08
1.0422e-08
1.0339e-08
1.0257e-08
1.0175e-08
1.0094e-08
1.0013e-08
9.9329e-09
9.8535e-09
9.7746e-09
9.6964e-09
9.6188e-09
9.5417e-09
9.4652e-09
9.3893e-09
9.314e-09
9.2392e-09
9.165e-09
9.0914e-09
9.0183e-09
8.9458e-09
8.8738e-09
8.8024e-09
8.7315e-09
8.6611e-09
8.5913e-09
8.522e-09
8.4533e-09
8.385e-09
8.3173e-09
8.2501e-09
8.1834e-09
8.1173e-09
8.0516e-09
7.9864e-09
7.9217e-09
7.8576e-09
7.7939e-09
7.7307e-09
7.668e-09
7.6057e-09
7.544e-09
7.4827e-09
7.4219e-09
7.3615e-09
7.3016e-09
7.2422e-09
7.1832e-09
7.1247e-09
7.0666e-09
7.009e-09
6.9518e-09
6.8951e-09
6.8388e-09
6.7829e-09
6.7275e-09
6.6725e-09
6.6179e-09
6.5637e-09
6.51e-09
6.4567e-09
6.4038e-09
6.3513e-09
6.2992e-09
6.2475e-09
6.1962e-09
6.1453e-09
6.0948e-09
6.0447e-09
5.995e-09
5.9456e-09
5.8967e-09
5.8481e-09
5.7999e-09
5.7521e-09
5.7047e-09
5.6576e-09
5.6109e-09
5.5646e-09
5.5186e-09
5.473e-09
5.4277e-09
5.3828e-09
5.3383e-09
5.2941e-09
5.2502e-09
5.2067e-09
5.1635e-09
5.1207e-09
5.0782e-09
5.036e-09
4.9942e-09
4.9527e-09
4.9115e-09
4.8706e-09
4.8301e-09
4.7899e-09
4.75e-09
4.7104e-09
4.6711e-09
4.6322e-09
4.5935e-09
4.5552e-09
4.5171e-09
4.4794e-09
4.4419e-09
4.4048e-09
4.3679e-09
4.3314e-09
4.2951e-09
4.2591e-09
4.2234e-09
4.188e-09
4.1529e-09
4.118e-09
4.0834e-09
4.0491e-09
4.0151e-09
3.9813e-09
3.9479e-09
3.9146e-09
3.8817e-09
3.849e-09
3.8165e-09
3.7844e-09
3.7525e-09
3.7208e-09
3.6894e-09
3.6582e-09
3.6273e-09
3.5967e-09
3.5662e-09
3.5361e-09
3.5061e-09
3.4764e-09
3.447e-09
3.4178e-09
3.3888e-09
3.3601e-09
3.3315e-09
3.3033e-09
3.2752e-09
3.2474e-09
3.2198e-09
3.1924e-09
3.1652e-09
3.1383e-09
3.1115e-09
3.085e-09
3.0587e-09
3.0327e-09
3.0068e-09
2.9811e-09
2.9557e-09
2.9304e-09
2.9054e-09
2.8805e-09
2.8559e-09
2.8315e-09
2.8072e-09
2.7832e-09
2.7593e-09
2.7357e-09
2.7122e-09
2.6889e-09
2.6659e-09
2.643e-09
2.6203e-09
2.5977e-09
2.5754e-09
2.5533e-09
2.5313e-09
2.5095e-09
2.4879e-09
2.4664e-09
2.4452e-09
2.4241e-09
2.4032e-09
2.3824e-09
2.3619e-09
2.3414e-09
2.3212e-09
2.3011e-09
2.2812e-09
2.2615e-09
2.2419e-09
2.2225e-09
2.2032e-09
2.1841e-09
2.1652e-09
2.1464e-09
2.1278e-09
2.1093e-09
2.091e-09
2.0728e-09
2.0548e-09
2.0369e-09
2.0192e-09
2.0016e-09
1.9842e-09
1.9669e-09
1.9497e-09
1.9327e-09
1.9158e-09
1.8991e-09
1.8825e-09
1.8661e-09
1.8498e-09
1.8336e-09
1.8176e-09
1.8017e-09
1.7859e-09
1.7702e-09
1.7547e-09
1.7394e-09
1.7241e-09
1.709e-09
1.694e-09
1.6791e-09
1.6643e-09
1.6497e-09
1.6352e-09
1.6208e-09
1.6066e-09
1.5924e-09
1.5784e-09
1.5645e-09
1.5507e-09
1.537e-09
1.5235e-09
1.51e-09
1.4967e-09
1.4835e-09
1.4704e-09
1.4574e-09
1.4445e-09
1.4317e-09
1.419e-09
1.4064e-09
1.394e-09
1.3816e-09
1.3694e-09
1.3572e-09
1.3452e-09
1.3332e-09
1.3214e-09
1.3097e-09
1.298e-09
1.2865e-09
1.275e-09
1.2637e-09
1.2524e-09
1.2413e-09
1.2302e-09
1.2192e-09
1.2084e-09
1.1976e-09
1.1869e-09
1.1763e-09
1.1658e-09
1.1554e-09
1.145e-09
1.1348e-09
1.1246e-09
1.1146e-09
1.1046e-09
1.0947e-09
1.0849e-09
1.0751e-09
1.0655e-09
1.0559e-09
1.0464e-09
1.037e-09
1.0277e-09
1.0185e-09
1.0093e-09
1.0002e-09
9.9124e-10
9.8232e-10
9.7347e-10
9.6469e-10
9.56e-10
9.4737e-10
9.3882e-10
9.3035e-10
9.2195e-10
9.1362e-10
9.0536e-10
8.9717e-10
8.8905e-10
8.8101e-10
8.7303e-10
8.6513e-10
8.5729e-10
8.4951e-10
8.4181e-10
8.3417e-10
8.266e-10
8.191e-10
8.1166e-10
8.0428e-10
7.9697e-10
7.8972e-10
7.8254e-10
7.7541e-10
7.6835e-10
7.6135e-10
7.5441e-10
7.4754e-10
7.4072e-10
7.3396e-10
7.2726e-10
7.2062e-10
7.1403e-10
7.0751e-10
7.0104e-10
6.9463e-10
6.8827e-10
6.8197e-10
6.7572e-10
6.6953e-10
6.634e-10
6.5731e-10
6.5128e-10
6.4531e-10
6.3938e-10
6.3351e-10
6.2769e-10
6.2192e-10
6.162e-10
6.1053e-10
6.0491e-10
5.9934e-10
5.9382e-10
5.8835e-10
5.8293e-10
5.7755e-10
5.7223e-10
5.6694e-10
5.6171e-10
5.5652e-10
5.5138e-10
5.4628e-10
5.4123e-10
5.3622e-10
5.3126e-10
5.2634e-10
5.2147e-10
5.1663e-10
5.1184e-10
5.071e-10
5.0239e-10
4.9773e-10
4.9311e-10
4.8853e-10
4.8399e-10
4.7949e-10
4.7503e-10
4.7061e-10
4.6623e-10
4.6189e-10
4.5759e-10
4.5332e-10
4.491e-10
4.4491e-10
4.4076e-10
4.3664e-10
4.3257e-10
4.2853e-10
4.2452e-10
4.2055e-10
4.1662e-10
4.1272e-10
4.0886e-10
4.0503e-10
4.0124e-10
3.9748e-10
3.9375e-10
3.9006e-10
3.864e-10
3.8277e-10
3.7918e-10
3.7562e-10
3.7209e-10
3.6859e-10
3.6512e-10
3.6169e-10
3.5828e-10
3.5491e-10
3.5157e-10
3.4825e-10
3.4497e-10
3.4172e-10
3.3849e-10
3.353e-10
3.3213e-10
3.29e-10
3.2589e-10
3.2281e-10
3.1975e-10
3.1673e-10
3.1373e-10
3.1076e-10
3.0782e-10
3.049e-10
3.0201e-10
2.9915e-10
2.9631e-10
2.935e-10
2.9071e-10
2.8795e-10
2.8521e-10
2.825e-10
2.7982e-10
2.7715e-10
2.7452e-10
2.719e-10
2.6931e-10
2.6675e-10
2.642e-10
2.6169e-10
2.5919e-10
2.5672e-10
2.5427e-10
2.5184e-10
2.4943e-10
2.4705e-10
2.4469e-10
2.4234e-10
2.4003e-10
2.3773e-10
2.3545e-10
2.332e-10
2.3096e-10
2.2875e-10
2.2655e-10
2.2438e-10
2.2223e-10
2.2009e-10
2.1798e-10
2.1588e-10
2.1381e-10
2.1175e-10
2.0971e-10
2.077e-10
2.057e-10
2.0371e-10
2.0175e-10
1.9981e-10
1.9788e-10
1.9597e-10
1.9408e-10
1.9221e-10
1.9035e-10
1.8851e-10
1.8669e-10
1.8488e-10
1.831e-10
1.8132e-10
1.7957e-10
1.7783e-10
1.7611e-10
1.744e-10
1.7271e-10
1.7103e-10
1.6937e-10
1.6773e-10
1.661e-10
1.6449e-10
1.6289e-10
1.6131e-10
1.5974e-10
1.5818e-10
1.5664e-10
1.5512e-10
1.5361e-10
1.5211e-10
1.5063e-10
1.4916e-10
1.477e-10
1.4626e-10
1.4483e-10
1.4342e-10
1.4202e-10
1.4063e-10
1.3926e-10
1.3789e-10
1.3654e-10
1.3521e-10
1.3388e-10
1.3257e-10
1.3127e-10
1.2999e-10
1.2871e-10
1.2745e-10
1.262e-10
1.2496e-10
1.2373e-10
1.2252e-10
1.2131e-10
1.2012e-10
1.1894e-10
1.1777e-10
1.1661e-10
1.1546e-10
1.1432e-10
1.1319e-10
1.1208e-10
1.1097e-10
1.0988e-10
1.0879e-10
1.0772e-10
1.0666e-10
1.056e-10
1.0456e-10
1.0352e-10
1.025e-10
1.0148e-10
1.0048e-10
9.9485e-11
9.8499e-11
9.7523e-11
9.6556e-11
9.5598e-11
9.4649e-11
9.371e-11
9.2779e-11
9.1858e-11
9.0945e-11
9.0041e-11
8.9145e-11
8.8258e-11
8.738e-11
8.651e-11
8.5648e-11
8.4795e-11
8.395e-11
8.3113e-11
8.2284e-11
8.1462e-11
8.0649e-11
7.9844e-11
7.9046e-11
7.8256e-11
7.7474e-11
7.6699e-11
7.5932e-11
7.5172e-11
7.4419e-11
7.3674e-11
7.2935e-11
7.2204e-11
7.148e-11
7.0763e-11
7.0053e-11
6.935e-11
6.8654e-11
6.7964e-11
6.7281e-11
6.6605e-11
6.5935e-11
6.5271e-11
6.4614e-11
6.3964e-11
6.332e-11
6.2682e-11
6.205e-11
6.1424e-11
6.0805e-11
6.0191e-11
5.9583e-11
5.8982e-11
5.8386e-11
5.7796e-11
5.7212e-11
5.6633e-11
5.606e-11
5.5493e-11
5.4931e-11
5.4375e-11
5.3824e-11
5.3278e-11
5.2738e-11
5.2203e-11
5.1673e-11
5.1149e-11
5.0629e-11
5.0115e-11
4.9606e-11
4.9102e-11
4.8602e-11
4.8108e-11
4.7618e-11
4.7134e-11
4.6654e-11
4.6178e-11
4.5708e-11
4.5242e-11
4.478e-11
4.4323e-11
4.3871e-11
4.3423e-11
4.298e-11
4.2541e-11
4.2106e-11
4.1675e-11
4.1249e-11
4.0827e-11
4.0409e-11
3.9995e-11
3.9585e-11
3.918e-11
3.8778e-11
3.8381e-11
3.7987e-11
3.7597e-11
3.7211e-11
3.6829e-11
3.6451e-11
3.6076e-11
3.5705e-11
3.5338e-11
3.4974e-11
3.4614e-11
3.4258e-11
3.3905e-11
3.3556e-11
3.321e-11
3.2868e-11
3.2529e-11
3.2193e-11
3.1861e-11
3.1532e-11
3.1206e-11
3.0883e-11
3.0564e-11
3.0248e-11
2.9935e-11
2.9626e-11
2.9319e-11
2.9015e-11
2.8715e-11
2.8417e-11
2.8123e-11
2.7831e-11
2.7542e-11
2.7256e-11
2.6973e-11
2.6693e-11
2.6416e-11
2.6141e-11
2.587e-11
2.5601e-11
2.5334e-11
2.5071e-11
2.481e-11
2.4551e-11
2.4295e-11
2.4042e-11
2.3792e-11
2.3543e-11
2.3298e-11
2.3055e-11
2.2814e-11
2.2576e-11
2.234e-11
2.2106e-11
2.1875e-11
2.1646e-11
2.142e-11
2.1196e-11
2.0974e-11
2.0754e-11
2.0536e-11
2.0321e-11
2.0108e-11
1.9897e-11
1.9688e-11
1.9482e-11
1.9277e-11
1.9075e-11
1.8874e-11
1.8676e-11
1.8479e-11
1.8285e-11
1.8093e-11
1.7902e-11
1.7714e-11
1.7527e-11
1.7342e-11
1.716e-11
1.6979e-11
1.6799e-11
1.6622e-11
1.6447e-11
1.6273e-11
1.6101e-11
1.5931e-11
1.5763e-11
1.5596e-11
1.5431e-11
1.5268e-11
1.5106e-11
1.4946e-11
1.4788e-11
1.4631e-11
1.4476e-11
1.4322e-11
1.417e-11
1.402e-11
1.3871e-11
1.3724e-11
1.3578e-11
1.3434e-11
1.3291e-11
1.315e-11
1.301e-11
1.2871e-11
1.2734e-11
1.2599e-11
1.2464e-11
1.2332e-11
1.22e-11
1.207e-11
1.1941e-11
1.1814e-11
1.1688e-11
1.1563e-11
1.1439e-11
1.1317e-11
1.1196e-11
1.1076e-11
1.0958e-11
1.0841e-11
1.0725e-11
1.061e-11
1.0496e-11
1.0384e-11
1.0272e-11
1.0162e-11
1.0053e-11
9.9451e-12
9.8384e-12
9.7327e-12
9.6282e-12
9.5247e-12
9.4223e-12
9.321e-12
9.2207e-12
9.1215e-12
9.0233e-12
8.9261e-12
8.83e-12
8.7348e-12
8.6406e-12
8.5475e-12
8.4553e-12
8.364e-12
8.2737e-12
8.1844e-12
8.096e-12
8.0085e-12
7.9219e-12
7.8362e-12
7.7515e-12
7.6676e-12
7.5846e-12
7.5025e-12
7.4212e-12
7.3408e-12
7.2612e-12
7.1825e-12
7.1046e-12
7.0275e-12
6.9512e-12
6.8757e-12
6.801e-12
6.7271e-12
6.654e-12
6.5817e-12
6.5101e-12
6.4392e-12
6.3692e-12
6.2998e-12
6.2312e-12
6.1633e-12
6.0961e-12
6.0297e-12
5.9639e-12
5.8988e-12
5.8344e-12
5.7707e-12
5.7077e-12
5.6454e-12
5.5837e-12
5.5226e-12
5.4622e-12
5.4025e-12
5.3433e-12
5.2848e-12
5.227e-12
5.1697e-12
5.113e-12
5.057e-12
5.0015e-12
4.9467e-12
4.8924e-12
4.8387e-12
4.7855e-12
4.733e-12
4.681e-12
4.6295e-12
4.5786e-12
4.5282e-12
4.4784e-12
4.4291e-12
4.3803e-12
4.3321e-12
4.2844e-12
4.2371e-12
4.1904e-12
4.1442e-12
4.0985e-12
4.0532e-12
4.0085e-12
3.9642e-12
3.9204e-12
3.8771e-12
3.8342e-12
3.7918e-12
3.7499e-12
3.7084e-12
3.6673e-12
3.6267e-12
3.5865e-12
3.5468e-12
3.5075e-12
3.4686e-12
3.4301e-12
3.392e-12
3.3544e-12
3.3171e-12
3.2803e-12
3.2438e-12
3.2078e-12
3.1721e-12
3.1368e-12
3.1019e-12
3.0674e-12
3.0333e-12
2.9995e-12
2.9661e-12
2.933e-12
2.9003e-12
2.8679e-12
2.836e-12
2.8043e-12
2.773e-12
2.742e-12
2.7114e-12
2.6811e-12
2.6511e-12
2.6215e-12
2.5922e-12
2.5632e-12
2.5345e-12
2.5061e-12
2.478e-12
2.4502e-12
2.4228e-12
2.3956e-12
2.3688e-12
2.3422e-12
2.3159e-12
2.2899e-12
2.2642e-12
2.2387e-12
2.2136e-12
2.1887e-12
2.1641e-12
2.1397e-12
2.1157e-12
2.0918e-12
2.0683e-12
2.045e-12
2.0219e-12
1.9992e-12
1.9766e-12
1.9543e-12
1.9323e-12
1.9105e-12
1.8889e-12
1.8676e-12
1.8465e-12
1.8256e-12
1.8049e-12
1.7845e-12
1.7643e-12
1.7444e-12
1.7246e-12
1.7051e-12
1.6858e-12
1.6667e-12
1.6478e-12
1.6291e-12
1.6106e-12
1.5924e-12
1.5743e-12
1.5564e-12
1.5387e-12
1.5213e-12
1.504e-12
1.4869e-12
1.47e-12
1.4532e-12
1.4367e-12
1.4203e-12
1.4042e-12
1.3882e-12
1.3724e-12
1.3567e-12
1.3412e-12
1.3259e-12
1.3108e-12
1.2959e-12
1.2811e-12
1.2664e-12
1.252e-12
1.2377e-12
1.2235e-12
1.2095e-12
1.1957e-12
1.182e-12
1.1685e-12
1.1551e-12
1.1419e-12
1.1288e-12
1.1158e-12
1.103e-12
1.0904e-12
1.0779e-12
1.0655e-12
1.0533e-12
1.0412e-12
1.0292e-12
1.0174e-12
1.0057e-12
9.9414e-13
9.827e-13
9.714e-13
9.6022e-13
9.4916e-13
9.3823e-13
9.2742e-13
9.1673e-13
9.0616e-13
8.9571e-13
8.8538e-13
8.7516e-13
8.6506e-13
8.5507e-13
8.4519e-13
8.3543e-13
8.2577e-13
8.1622e-13
8.0678e-13
7.9745e-13
7.8822e-13
7.7909e-13
7.7007e-13
7.6115e-13
7.5233e-13
7.4361e-13
7.3499e-13
7.2646e-13
7.1803e-13
7.097e-13
7.0146e-13
6.9331e-13
6.8526e-13
6.7729e-13
6.6942e-13
6.6163e-13
6.5394e-13
6.4633e-13
6.388e-13
6.3137e-13
6.2401e-13
6.1674e-13
6.0955e-13
6.0245e-13
5.9542e-13
5.8847e-13
5.8161e-13
5.7482e-13
5.6811e-13
5.6147e-13
5.5491e-13
5.4842e-13
5.4201e-13
5.3567e-13
5.294e-13
5.2321e-13
5.1708e-13
5.1103e-13
5.0504e-13
4.9912e-13
4.9327e-13
4.8749e-13
4.8177e-13
4.7612e-13
4.7053e-13
4.65e-13
4.5954e-13
4.5414e-13
4.4881e-13
4.4353e-13
4.3831e-13
4.3316e-13
4.2806e-13
4.2302e-13
4.1804e-13
4.1312e-13
4.0825e-13
4.0344e-13
3.9868e-13
3.9398e-13
3.8933e-13
3.8474e-13
3.802e-13
3.7571e-13
3.7127e-13
3.6689e-13
3.6255e-13
3.5826e-13
3.5403e-13
3.4984e-13
3.457e-13
3.4161e-13
3.3756e-13
3.3356e-13
3.2961e-13
3.257e-13
3.2184e-13
3.1802e-13
3.1425e-13
3.1052e-13
3.0684e-13
3.0319e-13
2.9959e-13
2.9603e-13
2.9251e-13
2.8903e-13
2.856e-13
2.822e-13
2.7884e-13
2.7552e-13
2.7224e-13
2.69e-13
2.6579e-13
2.6262e-13
2.5949e-13
2.564e-13
2.5334e-13
2.5032e-13
2.4733e-13
2.4437e-13
2.4145e-13
2.3857e-13
2.3572e-13
2.329e-13
2.3011e-13
2.2736e-13
2.2464e-13
2.2195e-13
2.1929e-13
2.1667e-13
2.1407e-13
2.115e-13
2.0897e-13
2.0646e-13
2.0398e-13
2.0154e-13
1.9912e-13
1.9673e-13
1.9436e-13
1.9203e-13
1.8972e-13
1.8744e-13
1.8518e-13
1.8296e-13
1.8075e-13
1.7858e-13
1.7643e-13
1.743e-13
1.722e-13
1.7013e-13
1.6807e-13
1.6605e-13
1.6404e-13
1.6206e-13
1.6011e-13
1.5817e-13
1.5626e-13
1.5438e-13
1.5251e-13
1.5067e-13
1.4884e-13
1.4704e-13
1.4526e-13
1.4351e-13
1.4177e-13
1.4005e-13
1.3835e-13
1.3668e-13
1.3502e-13
1.3338e-13
1.3176e-13
1.3016e-13
1.2858e-13
1.2702e-13
1.2548e-13
1.2396e-13
1.2245e-13
1.2096e-13
1.1949e-13
1.1804e-13
1.166e-13
1.1518e-13
1.1378e-13
1.1239e-13
1.1102e-13
1.0967e-13
1.0833e-13
1.0701e-13
1.0571e-13
1.0442e-13
1.0314e-13
1.0188e-13
1.0064e-13
9.9409e-14
9.8194e-14
9.6994e-14
9.5808e-14
9.4636e-14
9.3478e-14
9.2334e-14
9.1203e-14
9.0086e-14
8.8983e-14
8.7892e-14
8.6815e-14
8.575e-14
8.4699e-14
8.3659e-14
8.2633e-14
8.1618e-14
8.0616e-14
7.9626e-14
7.8647e-14
7.7681e-14
7.6725e-14
7.5782e-14
7.485e-14
7.3928e-14
7.3018e-14
7.2119e-14
7.1231e-14
7.0353e-14
6.9486e-14
6.8629e-14
6.7783e-14
6.6947e-14
6.6121e-14
6.5305e-14
6.4498e-14
6.3702e-14
6.2915e-14
6.2137e-14
6.1369e-14
6.061e-14
5.986e-14
5.912e-14
5.8388e-14
5.7665e-14
5.6951e-14
5.6245e-14
5.5548e-14
5.486e-14
5.418e-14
5.3508e-14
5.2844e-14
5.2188e-14
5.154e-14
5.09e-14
5.0268e-14
4.9643e-14
4.9026e-14
4.8417e-14
4.7815e-14
4.722e-14
4.6632e-14
4.6052e-14
4.5478e-14
4.4912e-14
4.4352e-14
4.38e-14
4.3254e-14
4.2714e-14
4.2181e-14
4.1655e-14
4.1135e-14
4.0622e-14
4.0114e-14
3.9613e-14
3.9118e-14
3.8629e-14
3.8146e-14
3.7669e-14
3.7198e-14
3.6732e-14
3.6272e-14
3.5818e-14
3.537e-14
3.4926e-14
3.4489e-14
3.4056e-14
3.3629e-14
3.3207e-14
3.2791e-14
3.2379e-14
3.1973e-14
3.1571e-14
3.1174e-14
3.0783e-14
3.0396e-14
3.0013e-14
2.9636e-14
2.9263e-14
2.8895e-14
2.8531e-14
2.8172e-14
2.7817e-14
2.7466e-14
2.712e-14
2.6778e-14
2.6441e-14
2.6107e-14
2.5778e-14
2.5452e-14
2.5131e-14
2.4813e-14
2.45e-14
2.419e-14
2.3885e-14
2.3583e-14
2.3284e-14
2.299e-14
2.2699e-14
2.2411e-14
2.2128e-14
2.1847e-14
2.157e-14
2.1297e-14
2.1027e-14
2.076e-14
2.0497e-14
2.0237e-14
1.998e-14
1.9726e-14
1.9476e-14
1.9228e-14
1.8984e-14
1.8743e-14
1.8504e-14
1.8269e-14
1.8037e-14
1.7807e-14
1.758e-14
1.7357e-14
1.7135e-14
1.6917e-14
1.6702e-14
1.6489e-14
1.6278e-14
1.6071e-14
1.5866e-14
1.5663e-14
1.5463e-14
1.5266e-14
1.5071e-14
1.4878e-14
1.4688e-14
1.45e-14
1.4315e-14
1.4131e-14
1.3951e-14
1.3772e-14
1.3596e-14
1.3422e-14
1.325e-14
1.308e-14
1.2912e-14
1.2747e-14
1.2583e-14
1.2422e-14
1.2262e-14
1.2105e-14
1.1949e-14
1.1796e-14
1.1644e-14
1.1495e-14
1.1347e-14
1.1201e-14
1.1057e-14
1.0915e-14
1.0774e-14
1.0635e-14
1.0498e-14
1.0363e-14
1.023e-14
1.0098e-14
9.9675e-15
9.8389e-15
9.712e-15
9.5867e-15
9.4629e-15
9.3407e-15
9.2201e-15
9.101e-15
8.9833e-15
8.8672e-15
8.7525e-15
8.6393e-15
8.5275e-15
8.4172e-15
8.3082e-15
8.2006e-15
8.0944e-15
7.9895e-15
7.886e-15
7.7837e-15
7.6828e-15
7.5831e-15
7.4847e-15
7.3876e-15
7.2917e-15
7.197e-15
7.1035e-15
7.0112e-15
6.9201e-15
6.8301e-15
6.7413e-15
6.6536e-15
6.567e-15
6.4815e-15
6.3971e-15
6.3138e-15
6.2315e-15
6.1503e-15
6.0702e-15
5.991e-15
5.9129e-15
5.8357e-15
5.7596e-15
5.6844e-15
5.6102e-15
5.5369e-15
5.4646e-15
5.3931e-15
5.3226e-15
5.253e-15
5.1843e-15
5.1165e-15
5.0495e-15
4.9834e-15
4.9182e-15
4.8538e-15
4.7902e-15
4.7274e-15
4.6654e-15
4.6042e-15
4.5438e-15
4.4842e-15
4.4254e-15
4.3673e-15
4.3099e-15
4.2533e-15
4.1974e-15
4.1423e-15
4.0878e-15
4.0341e-15
3.981e-15
3.9286e-15
3.8769e-15
3.8259e-15
3.7755e-15
3.7257e-15
3.6767e-15
3.6282e-15
3.5804e-15
3.5331e-15
3.4865e-15
3.4405e-15
3.3951e-15
3.3503e-15
3.3061e-15
3.2624e-15
3.2193e-15
3.1767e-15
3.1347e-15
3.0933e-15
3.0524e-15
3.012e-15
2.9721e-15
2.9327e-15
2.8939e-15
2.8556e-15
2.8177e-15
2.7804e-15
2.7435e-15
2.7071e-15
2.6712e-15
2.6358e-15
2.6008e-15
2.5663e-15
2.5322e-15
2.4985e-15
2.4653e-15
2.4326e-15
2.4002e-15
2.3683e-15
2.3368e-15
2.3057e-15
2.275e-15
2.2447e-15
2.2148e-15
2.1853e-15
2.1562e-15
2.1275e-15
2.0991e-15
2.0711e-15
2.0435e-15
2.0162e-15
1.9893e-15
1.9628e-15
1.9365e-15
1.9107e-15
1.8851e-15
1.8599e-15
1.8351e-15
1.8105e-15
1.7863e-15
1.7624e-15
1.7388e-15
1.7155e-15
1.6926e-15
1.6699e-15
1.6475e-15
1.6254e-15
1.6037e-15
1.5821e-15
1.5609e-15
1.54e-15
1.5193e-15
1.4989e-15
1.4788e-15
1.4589e-15
1.4393e-15
1.42e-15
1.4009e-15
1.382e-15
1.3635e-15
1.3451e-15
1.327e-15
1.3091e-15
1.2915e-15
1.2741e-15
1.2569e-15
1.24e-15
1.2233e-15
1.2068e-15
1.1905e-15
1.1745e-15
1.1586e-15
1.143e-15
1.1275e-15
1.1123e-15
1.0973e-15
1.0824e-15
1.0678e-15
1.0534e-15
1.0391e-15
1.0251e-15
1.0112e-15
9.975e-16
9.84e-16
9.7067e-16
9.5752e-16
9.4454e-16
9.3174e-16
9.1911e-16
9.0664e-16
8.9434e-16
8.822e-16
8.7023e-16
8.5841e-16
8.4675e-16
8.3525e-16
8.239e-16
8.127e-16
8.0165e-16
7.9075e-16
7.7999e-16
7.6938e-16
7.5891e-16
7.4857e-16
7.3838e-16
7.2832e-16
7.184e-16
7.0861e-16
6.9895e-16
6.8941e-16
6.8001e-16
6.7073e-16
6.6158e-16
6.5255e-16
6.4363e-16
6.3484e-16
6.2617e-16
6.1761e-16
6.0917e-16
6.0084e-16
5.9262e-16
5.8451e-16
5.7651e-16
5.6862e-16
5.6083e-16
5.5315e-16
5.4557e-16
5.381e-16
5.3072e-16
5.2345e-16
5.1627e-16
5.0918e-16
5.022e-16
4.953e-16
4.885e-16
4.8179e-16
4.7518e-16
4.6865e-16
4.622e-16
4.5585e-16
4.4958e-16
4.434e-16
4.373e-16
4.3128e-16
4.2534e-16
4.1948e-16
4.137e-16
4.08e-16
4.0238e-16
3.9683e-16
3.9136e-16
3.8596e-16
3.8064e-16
3.7539e-16
3.702e-16
3.6509e-16
3.6005e-16
3.5507e-16
3.5017e-16
3.4533e-16
3.4055e-16
3.3584e-16
3.312e-16
3.2661e-16
3.2209e-16
3.1763e-16
3.1323e-16
3.089e-16
3.0462e-16
3.0039e-16
2.9623e-16
2.9212e-16
2.8807e-16
2.8407e-16
2.8013e-16
2.7624e-16
2.7241e-16
2.6862e-16
2.6489e-16
2.6121e-16
2.5758e-16
2.54e-16
2.5046e-16
2.4698e-16
2.4354e-16
2.4015e-16
2.3681e-16
2.3351e-16
2.3026e-16
2.2705e-16
2.2388e-16
2.2076e-16
2.1768e-16
2.1465e-16
2.1165e-16
2.087e-16
2.0579e-16
2.0291e-16
2.0008e-16
1.9728e-16
1.9453e-16
1.9181e-16
1.8912e-16
1.8648e-16
1.8387e-16
1.813e-16
1.7876e-16
1.7626e-16
1.7379e-16
1.7135e-16
1.6895e-16
1.6658e-16
1.6425e-16
1.6195e-16
1.5967e-16
1.5743e-16
1.5522e-16
1.5305e-16
1.509e-16
1.4878e-16
1.4669e-16
1.4463e-16
1.4259e-16
1.4059e-16
1.3861e-16
1.3666e-16
1.3474e-16
1.3284e-16
1.3097e-16
1.2913e-16
1.2731e-16
1.2551e-16
1.2374e-16
1.22e-16
1.2028e-16
1.1858e-16
1.1691e-16
1.1526e-16
1.1363e-16
1.1203e-16
1.1045e-16
1.0889e-16
1.0735e-16
1.0583e-16
1.0433e-16
1.0286e-16
1.014e-16
9.9968e-17
9.8553e-17
9.7158e-17
9.5782e-17
9.4426e-17
9.3088e-17
9.1769e-17
9.0468e-17
8.9185e-17
8.792e-17
8.6673e-17
8.5443e-17
8.423e-17
8.3034e-17
8.1855e-17
8.0692e-17
7.9546e-17
7.8415e-17
7.73e-17
7.6201e-17
7.5117e-17
7.4048e-17
7.2995e-17
7.1955e-17
7.0931e-17
6.9921e-17
6.8925e-17
6.7942e-17
6.6974e-17
6.6019e-17
6.5078e-17
6.4149e-17
6.3234e-17
6.2332e-17
6.1442e-17
6.0564e-17
5.9699e-17
5.8846e-17
5.8005e-17
5.7176e-17
5.6359e-17
5.5553e-17
5.4758e-17
5.3974e-17
5.3202e-17
5.244e-17
5.1689e-17
5.0949e-17
5.0219e-17
4.9499e-17
4.879e-17
4.809e-17
4.74e-17
4.672e-17
4.605e-17
4.5389e-17
4.4737e-17
4.4095e-17
4.3461e-17
4.2837e-17
4.2221e-17
4.1614e-17
4.1016e-17
4.0426e-17
3.9844e-17
3.9271e-17
3.8706e-17
3.8148e-17
3.7599e-17
3.7057e-17
3.6523e-17
3.5997e-17
3.5478e-17
3.4966e-17
3.4462e-17
3.3965e-17
3.3474e-17
3.2991e-17
3.2515e-17
3.2045e-17
3.1582e-17
3.1126e-17
3.0676e-17
3.0233e-17
2.9795e-17
2.9364e-17
2.8939e-17
2.8521e-17
2.8108e-17
2.7701e-17
2.73e-17
2.6904e-17
2.6514e-17
2.613e-17
2.5751e-17
2.5378e-17
2.5009e-17
2.4647e-17
2.4289e-17
2.3936e-17
2.3589e-17
2.3246e-17
2.2908e-17
2.2575e-17
2.2247e-17
2.1924e-17
2.1605e-17
2.1291e-17
2.0981e-17
2.0676e-17
2.0375e-17
2.0078e-17
1.9785e-17
1.9497e-17
1.9213e-17
1.8933e-17
1.8657e-17
1.8385e-17
1.8117e-17
1.7852e-17
1.7592e-17
1.7335e-17
1.7082e-17
1.6832e-17
1.6586e-17
1.6344e-17
1.6105e-17
1.587e-17
1.5638e-17
1.5409e-17
1.5183e-17
1.4961e-17
1.4742e-17
1.4526e-17
1.4313e-17
1.4104e-17
1.3897e-17
1.3693e-17
1.3493e-17
1.3295e-17
1.31e-17
1.2907e-17
1.2718e-17
1.2531e-17
1.2347e-17
1.2166e-17
1.1987e-17
1.1811e-17
1.1637e-17
1.1466e-17
1.1298e-17
1.1132e-17
1.0968e-17
1.0806e-17
1.0647e-17
1.049e-17
1.0336e-17
1.0184e-17
1.0034e-17
9.8857e-18
9.74e-18
9.5963e-18
9.4548e-18
9.3153e-18
9.1778e-18
9.0423e-18
8.9088e-18
8.7772e-18
8.6476e-18
8.5198e-18
8.3939e-18
8.2698e-18
8.1475e-18
8.0269e-18
7.9082e-18
7.7911e-18
7.6758e-18
7.5622e-18
7.4502e-18
7.3398e-18
7.231e-18
7.1239e-18
7.0183e-18
6.9142e-18
6.8116e-18
6.7106e-18
6.611e-18
6.5129e-18
6.4162e-18
6.3209e-18
6.227e-18
6.1344e-18
6.0433e-18
5.9534e-18
5.8649e-18
5.7777e-18
5.6917e-18
5.607e-18
5.5236e-18
5.4413e-18
5.3603e-18
5.2805e-18
5.2018e-18
5.1243e-18
5.0479e-18
4.9726e-18
4.8984e-18
4.8254e-18
4.7534e-18
4.6824e-18
4.6125e-18
4.5436e-18
4.4758e-18
4.4089e-18
4.343e-18
4.2781e-18
4.2141e-18
4.1511e-18
4.089e-18
4.0278e-18
3.9676e-18
3.9082e-18
3.8497e-18
3.792e-18
3.7352e-18
3.6792e-18
3.6241e-18
3.5697e-18
3.5162e-18
3.4635e-18
3.4115e-18
3.3603e-18
3.3099e-18
3.2602e-18
3.2112e-18
3.163e-18
3.1154e-18
3.0686e-18
3.0225e-18
2.977e-18
2.9323e-18
2.8882e-18
2.8447e-18
2.8019e-18
2.7597e-18
2.7181e-18
2.6772e-18
2.6369e-18
2.5971e-18
2.558e-18
2.5194e-18
2.4814e-18
2.444e-18
2.4071e-18
2.3708e-18
2.335e-18
2.2997e-18
2.265e-18
2.2308e-18
2.1971e-18
2.1639e-18
2.1311e-18
2.0989e-18
2.0672e-18
2.0359e-18
2.0051e-18
1.9747e-18
1.9448e-18
1.9154e-18
1.8864e-18
1.8578e-18
1.8296e-18
1.8019e-18
1.7746e-18
1.7477e-18
1.7212e-18
1.695e-18
1.6693e-18
1.644e-18
1.619e-18
1.5944e-18
1.5702e-18
1.5463e-18
1.5228e-18
1.4997e-18
1.4769e-18
1.4544e-18
1.4323e-18
1.4105e-18
1.389e-18
1.3679e-18
1.347e-18
1.3265e-18
1.3063e-18
1.2864e-18
1.2668e-18
1.2475e-18
1.2284e-18
1.2097e-18
1.1912e-18
1.1731e-18
1.1551e-18
1.1375e-18
1.1201e-18
1.103e-18
1.0862e-18
1.0696e-18
1.0532e-18
1.0371e-18
1.0212e-18
1.0056e-18
9.9023e-19
9.7507e-19
9.6014e-19
9.4544e-19
9.3095e-19
9.1669e-19
9.0264e-19
8.888e-19
8.7517e-19
8.6175e-19
8.4853e-19
8.3551e-19
8.2269e-19
8.1006e-19
7.9762e-19
7.8537e-19
7.733e-19
7.6142e-19
7.4972e-19
7.3819e-19
7.2684e-19
7.1566e-19
7.0465e-19
6.938e-19
6.8312e-19
6.7261e-19
6.6225e-19
6.5205e-19
6.42e-19
6.3211e-19
6.2236e-19
6.1277e-19
6.0332e-19
5.9401e-19
5.8484e-19
5.7582e-19
5.6693e-19
5.5818e-19
5.4956e-19
5.4107e-19
5.327e-19
5.2447e-19
5.1636e-19
5.0838e-19
5.0052e-19
4.9277e-19
4.8515e-19
4.7764e-19
4.7024e-19
4.6296e-19
4.5579e-19
4.4873e-19
4.4178e-19
4.3493e-19
4.2819e-19
4.2155e-19
4.1501e-19
4.0857e-19
4.0223e-19
3.9598e-19
3.8984e-19
3.8378e-19
3.7782e-19
3.7195e-19
3.6617e-19
3.6048e-19
3.5487e-19
3.4935e-19
3.4392e-19
3.3857e-19
3.333e-19
3.2811e-19
3.23e-19
3.1797e-19
3.1302e-19
3.0814e-19
3.0334e-19
2.9861e-19
2.9395e-19
2.8937e-19
2.8485e-19
2.8041e-19
2.7603e-19
2.7172e-19
2.6748e-19
2.633e-19
2.5919e-19
2.5514e-19
2.5115e-19
2.4722e-19
2.4336e-19
2.3955e-19
2.358e-19
2.3211e-19
2.2848e-19
2.249e-19
2.2138e-19
2.1791e-19
2.145e-19
2.1114e-19
2.0783e-19
2.0457e-19
2.0136e-19
1.9821e-19
1.951e-19
1.9203e-19
1.8902e-19
1.8605e-19
1.8313e-19
1.8025e-19
1.7742e-19
1.7463e-19
1.7189e-19
1.6919e-19
1.6652e-19
1.6391e-19
1.6133e-19
1.5879e-19
1.5629e-19
1.5383e-19
1.514e-19
1.4902e-19
1.4667e-19
1.4436e-19
1.4208e-19
1.3984e-19
1.3764e-19
1.3547e-19
1.3333e-19
1.3123e-19
1.2915e-19
1.2712e-19
1.2511e-19
1.2313e-19
1.2119e-19
1.1927e-19
1.1739e-19
1.1553e-19
1.137e-19
1.119e-19
1.1013e-19
1.0839e-19
1.0667e-19
1.0499e-19
1.0332e-19
1.0169e-19
1.0007e-19
9.8488e-20
9.6927e-20
9.539e-20
9.3877e-20
9.2388e-20
9.0922e-20
8.9479e-20
8.8059e-20
8.6661e-20
8.5284e-20
8.3929e-20
8.2596e-20
8.1283e-20
7.9991e-20
7.8719e-20
7.7467e-20
7.6235e-20
7.5022e-20
7.3828e-20
7.2653e-20
7.1496e-20
7.0357e-20
6.9236e-20
6.8133e-20
6.7047e-20
6.5978e-20
6.4926e-20
6.3891e-20
6.2872e-20
6.1868e-20
6.0881e-20
5.9909e-20
5.8953e-20
5.8011e-20
5.7084e-20
5.6172e-20
5.5274e-20
5.4391e-20
5.3521e-20
5.2665e-20
5.1823e-20
5.0994e-20
5.0177e-20
4.9374e-20
4.8584e-20
4.7806e-20
4.704e-20
4.6286e-20
4.5544e-20
4.4814e-20
4.4096e-20
4.3388e-20
4.2692e-20
4.2007e-20
4.1333e-20
4.067e-20
4.0017e-20
3.9374e-20
3.8742e-20
3.8119e-20
3.7506e-20
3.6904e-20
3.631e-20
3.5726e-20
3.5152e-20
3.4586e-20
3.4029e-20
3.3482e-20
3.2943e-20
3.2412e-20
3.189e-20
3.1376e-20
3.087e-20
3.0373e-20
2.9883e-20
2.9401e-20
2.8927e-20
2.846e-20
2.8001e-20
2.7549e-20
2.7104e-20
2.6667e-20
2.6236e-20
2.5812e-20
2.5395e-20
2.4984e-20
2.458e-20
2.4183e-20
2.3792e-20
2.3407e-20
2.3028e-20
2.2655e-20
2.2289e-20
2.1928e-20
2.1573e-20
2.1223e-20
2.0879e-20
2.0541e-20
2.0208e-20
1.988e-20
1.9558e-20
1.924e-20
1.8928e-20
1.8621e-20
1.8319e-20
1.8021e-20
1.7728e-20
1.744e-20
1.7157e-20
1.6878e-20
1.6604e-20
1.6334e-20
1.6068e-20
1.5807e-20
1.555e-20
1.5297e-20
1.5048e-20
1.4803e-20
1.4561e-20
1.4324e-20
1.4091e-20
1.3861e-20
1.3635e-20
1.3413e-20
1.3194e-20
1.2979e-20
1.2767e-20
1.2559e-20
1.2354e-20
1.2152e-20
1.1954e-20
1.1759e-20
1.1566e-20
1.1377e-20
1.1191e-20
1.1008e-20
1.0828e-20
1.0651e-20
1.0477e-20
1.0306e-20
1.0137e-20
9.971e-21
9.8077e-21
9.6471e-21
9.489e-21
9.3336e-21
9.1806e-21
9.0301e-21
8.882e-21
8.7363e-21
8.593e-21
8.452e-21
8.3133e-21
8.1768e-21
8.0426e-21
7.9105e-21
7.7806e-21
7.6527e-21
7.527e-21
7.4032e-21
7.2815e-21
7.1618e-21
7.044e-21
6.9281e-21
6.8141e-21
6.7019e-21
6.5916e-21
6.483e-21
6.3762e-21
6.2712e-21
6.1678e-21
6.0662e-21
5.9662e-21
5.8678e-21
5.771e-21
5.6758e-21
5.5822e-21
5.49e-21
5.3994e-21
5.3102e-21
5.2225e-21
5.1363e-21
5.0514e-21
4.9679e-21
4.8858e-21
4.805e-21
4.7256e-21
4.6474e-21
4.5705e-21
4.4949e-21
4.4205e-21
4.3473e-21
4.2753e-21
4.2045e-21
4.1348e-21
4.0663e-21
3.9989e-21
3.9326e-21
3.8674e-21
3.8032e-21
3.7401e-21
3.6781e-21
3.617e-21
3.557e-21
3.4979e-21
3.4398e-21
3.3827e-21
3.3265e-21
3.2712e-21
3.2168e-21
3.1633e-21
3.1107e-21
3.059e-21
3.0081e-21
2.958e-21
2.9088e-21
2.8604e-21
2.8127e-21
2.7659e-21
2.7198e-21
2.6745e-21
2.6299e-21
2.5861e-21
2.5429e-21
2.5005e-21
2.4588e-21
2.4178e-21
2.3774e-21
2.3377e-21
2.2987e-21
2.2603e-21
2.2226e-21
2.1854e-21
2.1489e-21
2.113e-21
2.0777e-21
2.0429e-21
2.0087e-21
1.9751e-21
1.9421e-21
1.9096e-21
1.8776e-21
1.8462e-21
1.8152e-21
1.7848e-21
1.7549e-21
1.7255e-21
1.6966e-21
1.6681e-21
1.6402e-21
1.6127e-21
1.5856e-21
1.559e-21
1.5328e-21
1.5071e-21
1.4818e-21
1.4569e-21
1.4324e-21
1.4083e-21
1.3847e-21
1.3614e-21
1.3385e-21
1.316e-21
1.2938e-21
1.2721e-21
1.2507e-21
1.2296e-21
1.2089e-21
1.1885e-21
1.1685e-21
1.1488e-21
1.1295e-21
1.1104e-21
1.0917e-21
1.0733e-21
1.0552e-21
1.0374e-21
1.0199e-21
1.0027e-21
9.8575e-22
9.691e-22
9.5273e-22
9.3664e-22
9.2081e-22
9.0525e-22
8.8995e-22
8.749e-22
8.601e-22
8.4556e-22
8.3125e-22
8.1718e-22
8.0335e-22
7.8975e-22
7.7638e-22
7.6322e-22
7.5029e-22
7.3758e-22
7.2508e-22
7.1279e-22
7.007e-22
6.8882e-22
6.7713e-22
6.6564e-22
6.5435e-22
6.4324e-22
6.3232e-22
6.2158e-22
6.1102e-22
6.0064e-22
5.9043e-22
5.804e-22
5.7053e-22
5.6083e-22
5.5129e-22
5.4191e-22
5.3269e-22
5.2363e-22
5.1471e-22
5.0595e-22
4.9733e-22
4.8886e-22
4.8053e-22
4.7234e-22
4.6429e-22
4.5638e-22
4.4859e-22
4.4094e-22
4.3342e-22
4.2602e-22
4.1875e-22
4.116e-22
4.0458e-22
3.9767e-22
3.9087e-22
3.842e-22
3.7763e-22
3.7117e-22
3.6483e-22
3.5859e-22
3.5246e-22
3.4643e-22
3.405e-22
3.3467e-22
3.2894e-22
3.2331e-22
3.1777e-22
3.1233e-22
3.0698e-22
3.0172e-22
2.9654e-22
2.9146e-22
2.8646e-22
2.8155e-22
2.7672e-22
2.7197e-22
2.673e-22
2.6271e-22
2.582e-22
2.5377e-22
2.4941e-22
2.4512e-22
2.4091e-22
2.3677e-22
2.327e-22
2.287e-22
2.2476e-22
2.209e-22
2.1709e-22
2.1336e-22
2.0968e-22
2.0607e-22
2.0252e-22
1.9904e-22
1.9561e-22
1.9224e-22
1.8892e-22
1.8566e-22
1.8246e-22
1.7932e-22
1.7622e-22
1.7318e-22
1.7019e-22
1.6725e-22
1.6437e-22
1.6153e-22
1.5874e-22
1.5599e-22
1.533e-22
1.5065e-22
1.4804e-22
1.4548e-22
1.4297e-22
1.4049e-22
1.3806e-22
1.3567e-22
1.3332e-22
1.3102e-22
1.2875e-22
1.2652e-22
1.2432e-22
1.2217e-22
1.2005e-22
1.1797e-22
1.1592e-22
1.1391e-22
1.1194e-22
1.1e-22
1.0809e-22
1.0621e-22
1.0437e-22
1.0255e-22
1.0077e-22
9.9021e-23
9.73e-23
9.5609e-23
9.3947e-23
9.2313e-23
9.0708e-23
8.913e-23
8.7579e-23
8.6054e-23
8.4556e-23
8.3084e-23
8.1637e-23
8.0215e-23
7.8818e-23
7.7444e-23
7.6094e-23
7.4768e-23
7.3464e-23
7.2183e-23
7.0923e-23
6.9686e-23
6.847e-23
6.7275e-23
6.61e-23
6.4946e-23
6.3811e-23
6.2696e-23
6.1601e-23
6.0524e-23
5.9466e-23
5.8426e-23
5.7405e-23
5.64e-23
5.5414e-23
5.4444e-23
5.3491e-23
5.2554e-23
5.1634e-23
5.073e-23
4.9841e-23
4.8968e-23
4.8109e-23
4.7266e-23
4.6437e-23
4.5623e-23
4.4823e-23
4.4036e-23
4.3264e-23
4.2504e-23
4.1758e-23
4.1025e-23
4.0304e-23
3.9596e-23
3.8901e-23
3.8217e-23
3.7545e-23
3.6885e-23
3.6236e-23
3.5599e-23
3.4973e-23
3.4357e-23
3.3753e-23
3.3159e-23
3.2575e-23
3.2001e-23
3.1437e-23
3.0884e-23
3.0339e-23
2.9805e-23
2.9279e-23
2.8763e-23
2.8256e-23
2.7757e-23
2.7268e-23
2.6786e-23
2.6314e-23
2.5849e-23
2.5393e-23
2.4944e-23
2.4503e-23
2.407e-23
2.3645e-23
2.3227e-23
2.2816e-23
2.2413e-23
2.2017e-23
2.1627e-23
2.1244e-23
2.0868e-23
2.0499e-23
2.0136e-23
1.978e-23
1.9429e-23
1.9085e-23
1.8747e-23
1.8415e-23
1.8088e-23
1.7767e-23
1.7452e-23
1.7143e-23
1.6839e-23
1.654e-23
1.6246e-23
1.5958e-23
1.5675e-23
1.5396e-23
1.5123e-23
1.4854e-23
1.459e-23
1.4331e-23
1.4076e-23
1.3826e-23
1.358e-23
1.3338e-23
1.3101e-23
1.2868e-23
1.2639e-23
1.2414e-23
1.2193e-23
1.1976e-23
1.1763e-23
1.1553e-23
1.1347e-23
1.1145e-23
1.0947e-23
1.0751e-23
1.056e-23
1.0371e-23
1.0186e-23
1.0005e-23
9.8262e-24
9.6509e-24
9.4786e-24
9.3094e-24
9.1432e-24
8.9799e-24
8.8196e-24
8.662e-24
8.5073e-24
8.3553e-24
8.2059e-24
8.0593e-24
7.9152e-24
7.7737e-24
7.6347e-24
7.4981e-24
7.364e-24
7.2323e-24
7.1029e-24
6.9758e-24
6.8509e-24
6.7283e-24
6.6079e-24
6.4896e-24
6.3734e-24
6.2592e-24
6.1471e-24
6.037e-24
5.9289e-24
5.8227e-24
5.7184e-24
5.6159e-24
5.5153e-24
5.4164e-24
5.3194e-24
5.224e-24
5.1304e-24
5.0385e-24
4.9481e-24
4.8594e-24
4.7723e-24
4.6868e-24
4.6028e-24
4.5203e-24
4.4392e-24
4.3597e-24
4.2815e-24
4.2048e-24
4.1294e-24
4.0554e-24
3.9827e-24
3.9113e-24
3.8413e-24
3.7724e-24
3.7049e-24
3.6385e-24
3.5733e-24
3.5094e-24
3.4465e-24
3.3849e-24
3.3243e-24
3.2648e-24
3.2064e-24
3.1491e-24
3.0928e-24
3.0375e-24
2.9833e-24
2.93e-24
2.8777e-24
2.8264e-24
2.776e-24
2.7265e-24
2.6779e-24
2.6302e-24
2.5834e-24
2.5375e-24
2.4924e-24
2.4481e-24
2.4047e-24
2.362e-24
2.3202e-24
2.2791e-24
2.2388e-24
2.1992e-24
2.1604e-24
2.1223e-24
2.0849e-24
2.0482e-24
2.0122e-24
1.9769e-24
1.9422e-24
1.9082e-24
1.8749e-24
1.8421e-24
1.8101e-24
1.7786e-24
1.7477e-24
1.7174e-24
1.6877e-24
1.6586e-24
1.63e-24
1.602e-24
1.5746e-24
1.5476e-24
1.5212e-24
1.4954e-24
1.47e-24
1.4452e-24
1.4208e-24
1.3969e-24
1.3736e-24
1.3507e-24
1.3282e-24
1.3062e-24
1.2847e-24
1.2636e-24
1.243e-24
1.2228e-24
1.203e-24
1.1837e-24
1.1647e-24
1.1462e-24
1.1281e-24
1.1104e-24
1.093e-24
1.0761e-24
1.0595e-24
1.0434e-24
1.0275e-24
1.0121e-24
9.9703e-25
9.8231e-25
9.6794e-25
9.5393e-25
9.4026e-25
9.2694e-25
9.1395e-25
9.013e-25
8.8898e-25
8.7699e-25
8.6533e-25
8.5398e-25
8.4295e-25
8.3224e-25
8.2184e-25
8.1175e-25
8.0197e-25
7.9249e-25
7.8331e-25
7.7443e-25
7.6585e-25
7.5757e-25
7.4958e-25
7.4188e-25
7.3447e-25
7.2735e-25
7.2051e-25
7.1397e-25
7.077e-25
7.0172e-25
6.9603e-25
6.9061e-25
6.8547e-25
6.8062e-25
6.7604e-25
6.7175e-25
6.6773e-25
6.6399e-25
6.6053e-25
6.5735e-25
6.5444e-25
