6.4561e-09
6.4382e-09
6.4204e-09
6.4026e-09
6.3848e-09
6.3672e-09
6.3495e-09
6.3319e-09
6.3143e-09
6.2968e-09
6.2793e-09
6.2619e-09
6.2445e-09
6.2271e-09
6.2098e-09
6.1926e-09
6.1753e-09
6.1582e-09
6.141e-09
6.124e-09
6.1069e-09
6.0899e-09
6.0729e-09
6.056e-09
6.0392e-09
6.0223e-09
6.0055e-09
5.9888e-09
5.9721e-09
5.9554e-09
5.9388e-09
5.9222e-09
5.9057e-09
5.8892e-09
5.8727e-09
5.8563e-09
5.84e-09
5.8236e-09
5.8074e-09
5.7911e-09
5.7749e-09
5.7588e-09
5.7427e-09
5.7266e-09
5.7105e-09
5.6946e-09
5.6786e-09
5.6627e-09
5.6468e-09
5.631e-09
5.6152e-09
5.5995e-09
5.5838e-09
5.5681e-09
5.5525e-09
5.5369e-09
5.5214e-09
5.5059e-09
5.4904e-09
5.475e-09
5.4596e-09
5.4443e-09
5.429e-09
5.4137e-09
5.3985e-09
5.3833e-09
5.3682e-09
5.3531e-09
5.338e-09
5.323e-09
5.3081e-09
5.2931e-09
5.2782e-09
5.2634e-09
5.2485e-09
5.2338e-09
5.219e-09
5.2043e-09
5.1897e-09
5.175e-09
5.1605e-09
5.1459e-09
5.1314e-09
5.117e-09
5.1025e-09
5.0881e-09
5.0738e-09
5.0595e-09
5.0452e-09
5.031e-09
5.0168e-09
5.0026e-09
4.9885e-09
4.9744e-09
4.9604e-09
4.9464e-09
4.9324e-09
4.9185e-09
4.9046e-09
4.8908e-09
4.877e-09
4.8632e-09
4.8495e-09
4.8358e-09
4.8221e-09
4.8085e-09
4.7949e-09
4.7814e-09
4.7679e-09
4.7544e-09
4.741e-09
4.7276e-09
4.7142e-09
4.7009e-09
4.6876e-09
4.6744e-09
4.6612e-09
4.648e-09
4.6349e-09
4.6218e-09
4.6087e-09
4.5957e-09
4.5827e-09
4.5698e-09
4.5569e-09
4.544e-09
4.5312e-09
4.5184e-09
4.5056e-09
4.4929e-09
4.4802e-09
4.4675e-09
4.4549e-09
4.4423e-09
4.4298e-09
4.4173e-09
4.4048e-09
4.3924e-09
4.38e-09
4.3676e-09
4.3553e-09
4.343e-09
4.3307e-09
4.3185e-09
4.3063e-09
4.2942e-09
4.2821e-09
4.27e-09
4.258e-09
4.246e-09
4.234e-09
4.2221e-09
4.2102e-09
4.1983e-09
4.1865e-09
4.1747e-09
4.1629e-09
4.1512e-09
4.1395e-09
4.1279e-09
4.1162e-09
4.1047e-09
4.0931e-09
4.0816e-09
4.0701e-09
4.0587e-09
4.0473e-09
4.0359e-09
4.0246e-09
4.0133e-09
4.002e-09
3.9908e-09
3.9796e-09
3.9684e-09
3.9573e-09
3.9462e-09
3.9352e-09
3.9241e-09
3.9132e-09
3.9022e-09
3.8913e-09
3.8804e-09
3.8695e-09
3.8587e-09
3.8479e-09
3.8372e-09
3.8265e-09
3.8158e-09
3.8052e-09
3.7945e-09
3.784e-09
3.7734e-09
3.7629e-09
3.7524e-09
3.742e-09
3.7316e-09
3.7212e-09
3.7109e-09
3.7006e-09
3.6903e-09
3.6801e-09
3.6699e-09
3.6597e-09
3.6496e-09
3.6395e-09
3.6294e-09
3.6193e-09
3.6093e-09
3.5994e-09
3.5894e-09
3.5795e-09
3.5697e-09
3.5598e-09
3.55e-09
3.5403e-09
3.5305e-09
3.5208e-09
3.5112e-09
3.5015e-09
3.4919e-09
3.4823e-09
3.4728e-09
3.4633e-09
3.4538e-09
3.4444e-09
3.435e-09
3.4256e-09
3.4163e-09
3.407e-09
3.3977e-09
3.3885e-09
3.3793e-09
3.3701e-09
3.3609e-09
3.3518e-09
3.3428e-09
3.3337e-09
3.3247e-09
3.3157e-09
3.3068e-09
3.2979e-09
3.289e-09
3.2802e-09
3.2713e-09
3.2626e-09
3.2538e-09
3.2451e-09
3.2364e-09
3.2278e-09
3.2191e-09
3.2106e-09
3.202e-09
3.1935e-09
3.185e-09
3.1765e-09
3.1681e-09
3.1597e-09
3.1514e-09
3.1431e-09
3.1348e-09
3.1265e-09
3.1183e-09
3.1101e-09
3.1019e-09
3.0938e-09
3.0857e-09
3.0776e-09
3.0696e-09
3.0616e-09
3.0536e-09
3.0457e-09
3.0378e-09
3.0299e-09
3.0221e-09
3.0142e-09
3.0065e-09
2.9987e-09
2.991e-09
2.9833e-09
2.9757e-09
2.9681e-09
2.9605e-09
2.9529e-09
2.9454e-09
2.9379e-09
2.9305e-09
2.9231e-09
2.9157e-09
2.9083e-09
2.901e-09
2.8937e-09
2.8864e-09
2.8792e-09
2.872e-09
2.8649e-09
2.8577e-09
2.8506e-09
2.8436e-09
2.8365e-09
2.8295e-09
2.8225e-09
2.8156e-09
2.8087e-09
2.8018e-09
2.795e-09
2.7882e-09
2.7814e-09
2.7747e-09
2.7679e-09
2.7613e-09
2.7546e-09
2.748e-09
2.7414e-09
2.7349e-09
2.7283e-09
2.7219e-09
2.7154e-09
2.709e-09
2.7026e-09
2.6962e-09
2.6899e-09
2.6836e-09
2.6773e-09
2.6711e-09
2.6649e-09
2.6588e-09
2.6526e-09
2.6465e-09
2.6405e-09
2.6344e-09
2.6284e-09
2.6225e-09
2.6165e-09
2.6106e-09
2.6047e-09
2.5989e-09
2.5931e-09
2.5873e-09
2.5816e-09
2.5759e-09
2.5702e-09
2.5646e-09
2.5589e-09
2.5534e-09
2.5478e-09
2.5423e-09
2.5368e-09
2.5314e-09
2.526e-09
2.5206e-09
2.5152e-09
2.5099e-09
2.5046e-09
2.4994e-09
2.4942e-09
2.489e-09
2.4838e-09
2.4787e-09
2.4736e-09
2.4686e-09
2.4636e-09
2.4586e-09
2.4536e-09
2.4487e-09
2.4438e-09
2.439e-09
2.4342e-09
2.4294e-09
2.4246e-09
2.4199e-09
2.4152e-09
2.4106e-09
2.406e-09
2.4014e-09
2.3968e-09
2.3923e-09
2.3878e-09
2.3834e-09
2.379e-09
2.3746e-09
2.3702e-09
2.3659e-09
2.3617e-09
2.3574e-09
2.3532e-09
2.349e-09
2.3449e-09
2.3408e-09
2.3367e-09
2.3327e-09
2.3286e-09
2.3247e-09
2.3207e-09
2.3168e-09
2.313e-09
2.3091e-09
2.3053e-09
2.3016e-09
2.2978e-09
2.2942e-09
2.2905e-09
2.2869e-09
2.2833e-09
2.2797e-09
2.2762e-09
2.2727e-09
2.2693e-09
2.2659e-09
2.2625e-09
2.2591e-09
2.2558e-09
2.2526e-09
2.2493e-09
2.2461e-09
2.243e-09
2.2398e-09
2.2367e-09
2.2337e-09
2.2307e-09
2.2277e-09
2.2247e-09
2.2218e-09
2.2189e-09
2.2161e-09
2.2133e-09
2.2105e-09
2.2078e-09
2.2051e-09
2.2024e-09
2.1998e-09
2.1972e-09
2.1947e-09
2.1922e-09
2.1897e-09
2.1873e-09
2.1849e-09
2.1825e-09
2.1802e-09
2.1779e-09
2.1756e-09
2.1734e-09
2.1713e-09
2.1691e-09
2.167e-09
2.165e-09
2.1629e-09
2.161e-09
2.159e-09
2.1571e-09
2.1552e-09
2.1534e-09
2.1516e-09
2.1499e-09
2.1481e-09
2.1465e-09
2.1448e-09
2.1432e-09
2.1417e-09
2.1401e-09
2.1387e-09
2.1372e-09
2.1358e-09
2.1345e-09
2.1331e-09
2.1319e-09
2.1306e-09
2.1294e-09
2.1282e-09
2.1271e-09
2.126e-09
2.125e-09
2.124e-09
2.123e-09
2.1221e-09
2.1212e-09
2.1204e-09
2.1196e-09
2.1188e-09
2.1181e-09
2.1175e-09
2.1168e-09
2.1162e-09
2.1157e-09
2.1152e-09
2.1147e-09
2.1143e-09
2.1139e-09
2.1136e-09
2.1133e-09
2.113e-09
2.1128e-09
2.1127e-09
2.1125e-09
2.1125e-09
2.1124e-09
2.1124e-09
2.1125e-09
2.1126e-09
2.1127e-09
2.1129e-09
2.1131e-09
2.1134e-09
2.1137e-09
2.1141e-09
2.1145e-09
2.1149e-09
2.1154e-09
2.1159e-09
2.1165e-09
2.1171e-09
2.1178e-09
2.1185e-09
2.1193e-09
2.1201e-09
2.121e-09
2.1219e-09
2.1228e-09
2.1238e-09
2.1249e-09
2.126e-09
2.1271e-09
2.1283e-09
2.1295e-09
2.1308e-09
2.1321e-09
2.1335e-09
2.1349e-09
2.1364e-09
2.1379e-09
2.1395e-09
2.1411e-09
2.1427e-09
2.1445e-09
2.1462e-09
2.148e-09
2.1499e-09
2.1518e-09
2.1538e-09
2.1558e-09
2.1578e-09
2.16e-09
2.1621e-09
2.1643e-09
2.1666e-09
2.1689e-09
2.1713e-09
2.1737e-09
2.1762e-09
2.1787e-09
2.1812e-09
2.1839e-09
2.1866e-09
2.1893e-09
2.1921e-09
2.1949e-09
2.1978e-09
2.2007e-09
2.2037e-09
2.2068e-09
2.2099e-09
2.213e-09
2.2163e-09
2.2195e-09
2.2228e-09
2.2262e-09
2.2296e-09
2.2331e-09
2.2367e-09
2.2403e-09
2.2439e-09
2.2476e-09
2.2514e-09
2.2552e-09
2.2591e-09
2.2631e-09
2.2671e-09
2.2711e-09
2.2752e-09
2.2794e-09
2.2836e-09
2.2879e-09
2.2923e-09
2.2967e-09
2.3011e-09
2.3056e-09
2.3102e-09
2.3149e-09
2.3196e-09
2.3243e-09
2.3292e-09
2.3341e-09
2.339e-09
2.344e-09
2.3491e-09
2.3542e-09
2.3594e-09
2.3647e-09
2.37e-09
2.3754e-09
2.3808e-09
2.3863e-09
2.3919e-09
2.3975e-09
2.4032e-09
2.409e-09
2.4148e-09
2.4207e-09
2.4267e-09
2.4327e-09
2.4388e-09
2.445e-09
2.4512e-09
2.4575e-09
2.4639e-09
2.4703e-09
2.4768e-09
2.4833e-09
2.49e-09
2.4967e-09
2.5034e-09
2.5103e-09
2.5172e-09
2.5242e-09
2.5312e-09
2.5383e-09
2.5455e-09
2.5528e-09
2.5601e-09
2.5675e-09
2.575e-09
2.5825e-09
2.5901e-09
2.5978e-09
2.6056e-09
2.6134e-09
2.6214e-09
2.6293e-09
2.6374e-09
2.6455e-09
2.6537e-09
2.662e-09
2.6704e-09
2.6788e-09
2.6873e-09
2.6959e-09
2.7046e-09
2.7133e-09
2.7222e-09
2.7311e-09
2.74e-09
2.7491e-09
2.7582e-09
2.7675e-09
2.7768e-09
2.7861e-09
2.7956e-09
2.8051e-09
2.8148e-09
2.8245e-09
2.8342e-09
2.8441e-09
2.8541e-09
2.8641e-09
2.8742e-09
2.8844e-09
2.8947e-09
2.9051e-09
2.9155e-09
2.9261e-09
2.9367e-09
2.9474e-09
2.9582e-09
2.9691e-09
2.9801e-09
2.9911e-09
3.0023e-09
3.0135e-09
3.0248e-09
3.0362e-09
3.0478e-09
3.0594e-09
3.071e-09
3.0828e-09
3.0947e-09
3.1067e-09
3.1187e-09
3.1309e-09
3.1431e-09
3.1554e-09
3.1679e-09
3.1804e-09
3.193e-09
3.2057e-09
3.2185e-09
3.2314e-09
3.2444e-09
3.2575e-09
3.2707e-09
3.284e-09
3.2974e-09
3.3109e-09
3.3245e-09
3.3382e-09
3.352e-09
3.3659e-09
3.3799e-09
3.394e-09
3.4082e-09
3.4225e-09
3.4369e-09
3.4514e-09
3.4661e-09
3.4808e-09
3.4956e-09
3.5105e-09
3.5256e-09
3.5407e-09
3.556e-09
3.5713e-09
3.5868e-09
3.6024e-09
3.6181e-09
3.6339e-09
3.6498e-09
3.6658e-09
3.6819e-09
3.6982e-09
3.7145e-09
3.731e-09
3.7476e-09
3.7643e-09
3.7811e-09
3.798e-09
3.8151e-09
3.8322e-09
3.8495e-09
3.8669e-09
3.8844e-09
3.902e-09
3.9198e-09
3.9377e-09
3.9557e-09
3.9738e-09
3.992e-09
4.0104e-09
4.0288e-09
4.0474e-09
4.0662e-09
4.085e-09
4.104e-09
4.1231e-09
4.1423e-09
4.1617e-09
4.1811e-09
4.2007e-09
4.2205e-09
4.2404e-09
4.2603e-09
4.2805e-09
4.3007e-09
4.3211e-09
4.3416e-09
4.3623e-09
4.3831e-09
4.404e-09
4.4251e-09
4.4463e-09
4.4676e-09
4.4891e-09
4.5107e-09
4.5324e-09
4.5543e-09
4.5763e-09
4.5985e-09
4.6208e-09
4.6432e-09
4.6658e-09
4.6885e-09
4.7114e-09
4.7344e-09
4.7576e-09
4.7809e-09
4.8044e-09
4.828e-09
4.8517e-09
4.8756e-09
4.8997e-09
4.9239e-09
4.9482e-09
4.9727e-09
4.9974e-09
5.0222e-09
5.0472e-09
5.0723e-09
5.0975e-09
5.123e-09
5.1486e-09
5.1743e-09
5.2002e-09
5.2263e-09
5.2525e-09
5.2789e-09
5.3054e-09
5.3321e-09
5.359e-09
5.386e-09
5.4132e-09
5.4405e-09
5.4681e-09
5.4958e-09
5.5236e-09
5.5517e-09
5.5799e-09
5.6082e-09
5.6368e-09
5.6655e-09
5.6944e-09
5.7234e-09
5.7527e-09
5.7821e-09
5.8116e-09
5.8414e-09
5.8713e-09
5.9015e-09
5.9318e-09
5.9622e-09
5.9929e-09
6.0237e-09
6.0548e-09
6.086e-09
6.1174e-09
6.1489e-09
6.1807e-09
6.2127e-09
6.2448e-09
6.2771e-09
6.3096e-09
6.3424e-09
6.3753e-09
6.4084e-09
6.4417e-09
6.4751e-09
6.5088e-09
6.5427e-09
6.5768e-09
6.611e-09
6.6455e-09
6.6802e-09
6.7151e-09
6.7502e-09
6.7854e-09
6.8209e-09
6.8566e-09
6.8925e-09
6.9286e-09
6.9649e-09
7.0015e-09
7.0382e-09
7.0752e-09
7.1123e-09
7.1497e-09
7.1873e-09
7.2251e-09
7.2631e-09
7.3013e-09
7.3398e-09
7.3785e-09
7.4174e-09
7.4565e-09
7.4958e-09
7.5354e-09
7.5752e-09
7.6152e-09
7.6555e-09
7.6959e-09
7.7366e-09
7.7776e-09
7.8187e-09
7.8602e-09
7.9018e-09
7.9437e-09
7.9858e-09
8.0281e-09
8.0707e-09
8.1135e-09
8.1566e-09
8.1999e-09
8.2434e-09
8.2872e-09
8.3313e-09
8.3756e-09
8.4201e-09
8.4649e-09
8.5099e-09
8.5552e-09
8.6007e-09
8.6465e-09
8.6926e-09
8.7389e-09
8.7854e-09
8.8323e-09
8.8793e-09
8.9267e-09
8.9743e-09
9.0221e-09
9.0703e-09
9.1187e-09
9.1674e-09
9.2163e-09
9.2655e-09
9.315e-09
9.3647e-09
9.4148e-09
9.4651e-09
9.5156e-09
9.5665e-09
9.6176e-09
9.669e-09
9.7207e-09
9.7727e-09
9.825e-09
9.8776e-09
9.9304e-09
9.9835e-09
1.0037e-08
1.0091e-08
1.0145e-08
1.0199e-08
1.0254e-08
1.0308e-08
1.0364e-08
1.0419e-08
1.0475e-08
1.0531e-08
1.0587e-08
1.0644e-08
1.0701e-08
1.0759e-08
1.0816e-08
1.0874e-08
1.0932e-08
1.0991e-08
1.105e-08
1.1109e-08
1.1169e-08
1.1228e-08
1.1289e-08
1.1349e-08
1.141e-08
1.1471e-08
1.1533e-08
1.1594e-08
1.1656e-08
1.1719e-08
1.1782e-08
1.1845e-08
1.1908e-08
1.1972e-08
1.2036e-08
1.2101e-08
1.2166e-08
1.2231e-08
1.2296e-08
1.2362e-08
1.2429e-08
1.2495e-08
1.2562e-08
1.2629e-08
1.2697e-08
1.2765e-08
1.2834e-08
1.2902e-08
1.2971e-08
1.3041e-08
1.3111e-08
1.3181e-08
1.3252e-08
1.3322e-08
1.3394e-08
1.3466e-08
1.3538e-08
1.361e-08
1.3683e-08
1.3756e-08
1.383e-08
1.3904e-08
1.3978e-08
1.4053e-08
1.4128e-08
1.4204e-08
1.428e-08
1.4356e-08
1.4433e-08
1.451e-08
1.4588e-08
1.4666e-08
1.4744e-08
1.4823e-08
1.4902e-08
1.4982e-08
1.5062e-08
1.5142e-08
1.5223e-08
1.5304e-08
1.5386e-08
1.5468e-08
1.5551e-08
1.5634e-08
1.5717e-08
1.5801e-08
1.5885e-08
1.597e-08
1.6055e-08
1.6141e-08
1.6227e-08
1.6313e-08
1.64e-08
1.6488e-08
1.6576e-08
1.6664e-08
1.6753e-08
1.6842e-08
1.6932e-08
1.7022e-08
1.7112e-08
1.7204e-08
1.7295e-08
1.7387e-08
1.748e-08
1.7573e-08
1.7666e-08
1.776e-08
1.7854e-08
1.7949e-08
1.8045e-08
1.814e-08
1.8237e-08
1.8334e-08
1.8431e-08
1.8529e-08
1.8627e-08
1.8726e-08
1.8825e-08
1.8925e-08
1.9026e-08
1.9126e-08
1.9228e-08
1.933e-08
1.9432e-08
1.9535e-08
1.9638e-08
1.9742e-08
1.9847e-08
1.9952e-08
2.0058e-08
2.0164e-08
2.027e-08
2.0378e-08
2.0485e-08
2.0594e-08
2.0702e-08
2.0812e-08
2.0922e-08
2.1032e-08
2.1143e-08
2.1255e-08
2.1367e-08
2.148e-08
2.1593e-08
2.1707e-08
2.1821e-08
2.1936e-08
2.2052e-08
2.2168e-08
2.2285e-08
2.2402e-08
2.252e-08
2.2639e-08
2.2758e-08
2.2877e-08
2.2998e-08
2.3119e-08
2.324e-08
2.3362e-08
2.3485e-08
2.3608e-08
2.3732e-08
2.3857e-08
2.3982e-08
2.4108e-08
2.4234e-08
2.4361e-08
2.4489e-08
2.4617e-08
2.4746e-08
2.4876e-08
2.5006e-08
2.5137e-08
2.5269e-08
2.5401e-08
2.5534e-08
2.5667e-08
2.5802e-08
2.5936e-08
2.6072e-08
2.6208e-08
2.6345e-08
2.6482e-08
2.6621e-08
2.676e-08
2.6899e-08
2.7039e-08
2.718e-08
2.7322e-08
2.7464e-08
2.7607e-08
2.7751e-08
2.7896e-08
2.8041e-08
2.8187e-08
2.8333e-08
2.8481e-08
2.8629e-08
2.8778e-08
2.8927e-08
2.9077e-08
2.9228e-08
2.938e-08
2.9532e-08
2.9686e-08
2.984e-08
2.9994e-08
3.015e-08
3.0306e-08
3.0463e-08
3.0621e-08
3.0779e-08
3.0938e-08
3.1098e-08
3.1259e-08
3.1421e-08
3.1583e-08
3.1747e-08
3.191e-08
3.2075e-08
3.2241e-08
3.2407e-08
3.2574e-08
3.2742e-08
3.2911e-08
3.3081e-08
3.3251e-08
3.3423e-08
3.3595e-08
3.3768e-08
3.3941e-08
3.4116e-08
3.4291e-08
3.4468e-08
3.4645e-08
3.4823e-08
3.5002e-08
3.5181e-08
3.5362e-08
3.5543e-08
3.5726e-08
3.5909e-08
3.6093e-08
3.6278e-08
3.6464e-08
3.6651e-08
3.6838e-08
3.7027e-08
3.7216e-08
3.7406e-08
3.7598e-08
3.779e-08
3.7983e-08
3.8177e-08
3.8372e-08
3.8568e-08
3.8765e-08
3.8962e-08
3.9161e-08
3.9361e-08
3.9561e-08
3.9763e-08
3.9965e-08
4.0169e-08
4.0373e-08
4.0578e-08
4.0785e-08
4.0992e-08
4.12e-08
4.141e-08
4.162e-08
4.1831e-08
4.2044e-08
4.2257e-08
4.2471e-08
4.2687e-08
4.2903e-08
4.312e-08
4.3339e-08
4.3558e-08
4.3779e-08
4.4e-08
4.4223e-08
4.4446e-08
4.4671e-08
4.4897e-08
4.5123e-08
4.5351e-08
4.558e-08
4.581e-08
4.6041e-08
4.6273e-08
4.6507e-08
4.6741e-08
4.6976e-08
4.7213e-08
4.745e-08
4.7689e-08
4.7929e-08
4.817e-08
4.8412e-08
4.8655e-08
4.89e-08
4.9145e-08
4.9392e-08
4.964e-08
4.9889e-08
5.0139e-08
5.039e-08
5.0643e-08
5.0896e-08
5.1151e-08
5.1407e-08
5.1664e-08
5.1923e-08
5.2182e-08
5.2443e-08
5.2705e-08
5.2968e-08
5.3233e-08
5.3498e-08
5.3765e-08
5.4033e-08
5.4303e-08
5.4573e-08
5.4845e-08
5.5118e-08
5.5393e-08
5.5668e-08
5.5945e-08
5.6223e-08
5.6503e-08
5.6784e-08
5.7066e-08
5.7349e-08
5.7634e-08
5.792e-08
5.8207e-08
5.8496e-08
5.8785e-08
5.9077e-08
5.9369e-08
5.9663e-08
5.9959e-08
6.0255e-08
6.0553e-08
6.0852e-08
6.1153e-08
6.1455e-08
6.1759e-08
6.2064e-08
6.237e-08
6.2677e-08
6.2986e-08
6.3297e-08
6.3609e-08
6.3922e-08
6.4237e-08
6.4553e-08
6.4871e-08
6.519e-08
6.551e-08
6.5832e-08
6.6155e-08
6.648e-08
6.6807e-08
6.7134e-08
6.7464e-08
6.7794e-08
6.8127e-08
6.846e-08
6.8796e-08
6.9133e-08
6.9471e-08
6.9811e-08
7.0152e-08
7.0495e-08
7.084e-08
7.1186e-08
7.1533e-08
7.1882e-08
7.2233e-08
7.2585e-08
7.2939e-08
7.3295e-08
7.3652e-08
7.4011e-08
7.4371e-08
7.4733e-08
7.5096e-08
7.5461e-08
7.5828e-08
7.6197e-08
7.6567e-08
7.6938e-08
7.7312e-08
7.7687e-08
7.8064e-08
7.8442e-08
7.8822e-08
7.9204e-08
7.9588e-08
7.9973e-08
8.036e-08
8.0748e-08
8.1139e-08
8.1531e-08
8.1925e-08
8.232e-08
8.2718e-08
8.3117e-08
8.3518e-08
8.392e-08
8.4325e-08
8.4731e-08
8.5139e-08
8.5549e-08
8.5961e-08
8.6374e-08
8.679e-08
8.7207e-08
8.7626e-08
8.8047e-08
8.8469e-08
8.8894e-08
8.932e-08
8.9749e-08
9.0179e-08
9.0611e-08
9.1045e-08
9.1481e-08
9.1919e-08
9.2359e-08
9.28e-08
9.3244e-08
9.369e-08
9.4137e-08
9.4587e-08
9.5038e-08
9.5491e-08
9.5947e-08
9.6404e-08
9.6864e-08
9.7325e-08
9.7789e-08
9.8254e-08
9.8721e-08
9.9191e-08
9.9663e-08
1.0014e-07
1.0061e-07
1.0109e-07
1.0157e-07
1.0205e-07
1.0254e-07
1.0302e-07
1.0351e-07
1.04e-07
1.0449e-07
1.0499e-07
1.0548e-07
1.0598e-07
1.0648e-07
1.0699e-07
1.0749e-07
1.08e-07
1.0851e-07
1.0902e-07
1.0954e-07
1.1005e-07
1.1057e-07
1.1109e-07
1.1162e-07
1.1214e-07
1.1267e-07
1.132e-07
1.1373e-07
1.1426e-07
1.148e-07
1.1534e-07
1.1588e-07
1.1643e-07
1.1697e-07
1.1752e-07
1.1807e-07
1.1862e-07
1.1918e-07
1.1974e-07
1.203e-07
1.2086e-07
1.2143e-07
1.2199e-07
1.2256e-07
1.2313e-07
1.2371e-07
1.2429e-07
1.2487e-07
1.2545e-07
1.2603e-07
1.2662e-07
1.2721e-07
1.278e-07
1.284e-07
1.2899e-07
1.2959e-07
1.302e-07
1.308e-07
1.3141e-07
1.3202e-07
1.3263e-07
1.3324e-07
1.3386e-07
1.3448e-07
1.3511e-07
1.3573e-07
1.3636e-07
1.3699e-07
1.3762e-07
1.3826e-07
1.389e-07
1.3954e-07
1.4018e-07
1.4083e-07
1.4148e-07
1.4213e-07
1.4279e-07
1.4344e-07
1.4411e-07
1.4477e-07
1.4543e-07
1.461e-07
1.4678e-07
1.4745e-07
1.4813e-07
1.4881e-07
1.4949e-07
1.5018e-07
1.5086e-07
1.5156e-07
1.5225e-07
1.5295e-07
1.5365e-07
1.5435e-07
1.5506e-07
1.5577e-07
1.5648e-07
1.5719e-07
1.5791e-07
1.5863e-07
1.5936e-07
1.6008e-07
1.6081e-07
1.6155e-07
1.6228e-07
1.6302e-07
1.6376e-07
1.6451e-07
1.6526e-07
1.6601e-07
1.6676e-07
1.6752e-07
1.6828e-07
1.6904e-07
1.6981e-07
1.7058e-07
1.7135e-07
1.7213e-07
1.7291e-07
1.7369e-07
1.7448e-07
1.7527e-07
1.7606e-07
1.7685e-07
1.7765e-07
1.7846e-07
1.7926e-07
1.8007e-07
1.8088e-07
1.817e-07
1.8252e-07
1.8334e-07
1.8416e-07
1.8499e-07
1.8583e-07
1.8666e-07
1.875e-07
1.8834e-07
1.8919e-07
1.9004e-07
1.9089e-07
1.9175e-07
1.9261e-07
1.9347e-07
1.9434e-07
1.9521e-07
1.9608e-07
1.9696e-07
1.9784e-07
1.9872e-07
1.9961e-07
2.005e-07
2.014e-07
2.0229e-07
2.032e-07
2.041e-07
2.0501e-07
2.0593e-07
2.0684e-07
2.0776e-07
2.0869e-07
2.0961e-07
2.1055e-07
2.1148e-07
2.1242e-07
2.1336e-07
2.1431e-07
2.1526e-07
2.1622e-07
2.1717e-07
2.1814e-07
2.191e-07
2.2007e-07
2.2105e-07
2.2202e-07
2.23e-07
2.2399e-07
2.2498e-07
2.2597e-07
2.2697e-07
2.2797e-07
2.2898e-07
2.2998e-07
2.31e-07
2.3201e-07
2.3304e-07
2.3406e-07
2.3509e-07
2.3612e-07
2.3716e-07
2.382e-07
2.3925e-07
2.403e-07
2.4135e-07
2.4241e-07
2.4347e-07
2.4454e-07
2.4561e-07
2.4668e-07
2.4776e-07
2.4885e-07
2.4993e-07
2.5103e-07
2.5212e-07
2.5322e-07
2.5433e-07
2.5544e-07
2.5655e-07
2.5767e-07
2.5879e-07
2.5992e-07
2.6105e-07
2.6218e-07
2.6332e-07
2.6447e-07
2.6562e-07
2.6677e-07
2.6793e-07
2.6909e-07
2.7026e-07
2.7143e-07
2.726e-07
2.7378e-07
2.7497e-07
2.7616e-07
2.7735e-07
2.7855e-07
2.7976e-07
2.8096e-07
2.8218e-07
2.834e-07
2.8462e-07
2.8584e-07
2.8708e-07
2.8831e-07
2.8955e-07
2.908e-07
2.9205e-07
2.9331e-07
2.9457e-07
2.9583e-07
2.971e-07
2.9838e-07
2.9966e-07
3.0094e-07
3.0223e-07
3.0353e-07
3.0483e-07
3.0613e-07
3.0744e-07
3.0876e-07
3.1008e-07
3.114e-07
3.1273e-07
3.1407e-07
3.1541e-07
3.1676e-07
3.1811e-07
3.1946e-07
3.2082e-07
3.2219e-07
3.2356e-07
3.2494e-07
3.2632e-07
3.2771e-07
3.291e-07
3.3049e-07
3.319e-07
3.3331e-07
3.3472e-07
3.3614e-07
3.3756e-07
3.3899e-07
3.4043e-07
3.4187e-07
3.4331e-07
3.4476e-07
3.4622e-07
3.4768e-07
3.4915e-07
3.5062e-07
3.521e-07
3.5359e-07
3.5508e-07
3.5657e-07
3.5807e-07
3.5958e-07
3.6109e-07
3.6261e-07
3.6414e-07
3.6567e-07
3.672e-07
3.6874e-07
3.7029e-07
3.7184e-07
3.734e-07
3.7496e-07
3.7653e-07
3.7811e-07
3.7969e-07
3.8128e-07
3.8287e-07
3.8447e-07
3.8608e-07
3.8769e-07
3.8931e-07
3.9093e-07
3.9256e-07
3.942e-07
3.9584e-07
3.9748e-07
3.9914e-07
4.008e-07
4.0246e-07
4.0414e-07
4.0581e-07
4.075e-07
4.0919e-07
4.1089e-07
4.1259e-07
4.143e-07
4.1602e-07
4.1774e-07
4.1947e-07
4.212e-07
4.2294e-07
4.2469e-07
4.2644e-07
4.282e-07
4.2997e-07
4.3174e-07
4.3352e-07
4.3531e-07
4.371e-07
4.389e-07
4.4071e-07
4.4252e-07
4.4434e-07
4.4616e-07
4.48e-07
4.4984e-07
4.5168e-07
4.5353e-07
4.5539e-07
4.5726e-07
4.5913e-07
4.6101e-07
4.629e-07
4.6479e-07
4.6669e-07
4.686e-07
4.7051e-07
4.7243e-07
4.7436e-07
4.7629e-07
4.7824e-07
4.8018e-07
4.8214e-07
4.841e-07
4.8607e-07
4.8805e-07
4.9003e-07
4.9202e-07
4.9402e-07
4.9603e-07
4.9804e-07
5.0006e-07
5.0209e-07
5.0412e-07
5.0616e-07
5.0821e-07
5.1027e-07
5.1233e-07
5.144e-07
5.1648e-07
5.1856e-07
5.2066e-07
5.2276e-07
5.2487e-07
5.2698e-07
5.291e-07
5.3124e-07
5.3337e-07
5.3552e-07
5.3767e-07
5.3983e-07
5.42e-07
5.4418e-07
5.4636e-07
5.4855e-07
5.5075e-07
5.5296e-07
5.5517e-07
5.574e-07
5.5963e-07
5.6187e-07
5.6411e-07
5.6637e-07
5.6863e-07
5.709e-07
5.7318e-07
5.7546e-07
5.7776e-07
5.8006e-07
5.8237e-07
5.8469e-07
5.8701e-07
5.8935e-07
5.9169e-07
5.9404e-07
5.964e-07
5.9877e-07
6.0114e-07
6.0353e-07
6.0592e-07
6.0832e-07
6.1073e-07
6.1315e-07
6.1557e-07
6.1801e-07
6.2045e-07
6.229e-07
6.2536e-07
6.2783e-07
6.303e-07
6.3279e-07
6.3528e-07
6.3778e-07
6.4029e-07
6.4281e-07
6.4534e-07
6.4788e-07
6.5042e-07
6.5298e-07
6.5554e-07
6.5811e-07
6.6069e-07
6.6328e-07
6.6588e-07
6.6849e-07
6.7111e-07
6.7373e-07
6.7637e-07
6.7901e-07
6.8166e-07
6.8432e-07
6.8699e-07
6.8967e-07
6.9236e-07
6.9506e-07
6.9777e-07
7.0048e-07
7.0321e-07
7.0594e-07
7.0869e-07
7.1144e-07
7.142e-07
7.1698e-07
7.1976e-07
7.2255e-07
7.2535e-07
7.2816e-07
7.3098e-07
7.3381e-07
7.3664e-07
7.3949e-07
7.4235e-07
7.4522e-07
7.4809e-07
7.5098e-07
7.5388e-07
7.5678e-07
7.597e-07
7.6262e-07
7.6556e-07
7.685e-07
7.7146e-07
7.7442e-07
7.774e-07
7.8038e-07
7.8338e-07
7.8638e-07
7.8939e-07
7.9242e-07
7.9545e-07
7.985e-07
8.0155e-07
8.0462e-07
8.0769e-07
8.1078e-07
8.1388e-07
8.1698e-07
8.201e-07
8.2322e-07
8.2636e-07
8.2951e-07
8.3267e-07
8.3583e-07
8.3901e-07
8.422e-07
8.454e-07
8.4861e-07
8.5183e-07
8.5506e-07
8.5831e-07
8.6156e-07
8.6482e-07
8.681e-07
8.7138e-07
8.7468e-07
8.7798e-07
8.813e-07
8.8463e-07
8.8797e-07
8.9131e-07
8.9468e-07
8.9805e-07
9.0143e-07
9.0482e-07
9.0823e-07
9.1164e-07
9.1507e-07
9.1851e-07
9.2196e-07
9.2542e-07
9.2889e-07
9.3237e-07
9.3587e-07
9.3937e-07
9.4289e-07
9.4642e-07
9.4995e-07
9.5351e-07
9.5707e-07
9.6064e-07
9.6423e-07
9.6782e-07
9.7143e-07
9.7505e-07
9.7868e-07
9.8233e-07
9.8598e-07
9.8965e-07
9.9333e-07
9.9702e-07
1.0007e-06
1.0044e-06
1.0082e-06
1.0119e-06
1.0156e-06
1.0194e-06
1.0232e-06
1.027e-06
1.0308e-06
1.0346e-06
1.0384e-06
1.0422e-06
1.0461e-06
1.0499e-06
1.0538e-06
1.0577e-06
1.0616e-06
1.0655e-06
1.0694e-06
1.0733e-06
1.0773e-06
1.0812e-06
1.0852e-06
1.0892e-06
1.0932e-06
1.0972e-06
1.1012e-06
1.1052e-06
1.1093e-06
1.1133e-06
1.1174e-06
1.1215e-06
1.1256e-06
1.1297e-06
1.1338e-06
1.138e-06
1.1421e-06
1.1463e-06
1.1504e-06
1.1546e-06
1.1588e-06
1.163e-06
1.1673e-06
1.1715e-06
1.1757e-06
1.18e-06
1.1843e-06
1.1886e-06
1.1929e-06
1.1972e-06
1.2015e-06
1.2059e-06
1.2102e-06
1.2146e-06
1.219e-06
1.2234e-06
1.2278e-06
1.2322e-06
1.2367e-06
1.2411e-06
1.2456e-06
1.2501e-06
1.2545e-06
1.2591e-06
1.2636e-06
1.2681e-06
1.2727e-06
1.2772e-06
1.2818e-06
1.2864e-06
1.291e-06
1.2956e-06
1.3002e-06
1.3049e-06
1.3096e-06
1.3142e-06
1.3189e-06
1.3236e-06
1.3283e-06
1.3331e-06
1.3378e-06
1.3426e-06
1.3473e-06
1.3521e-06
1.3569e-06
1.3618e-06
1.3666e-06
1.3714e-06
1.3763e-06
1.3812e-06
1.3861e-06
1.391e-06
1.3959e-06
1.4008e-06
1.4058e-06
1.4107e-06
1.4157e-06
1.4207e-06
1.4257e-06
1.4307e-06
1.4358e-06
1.4408e-06
1.4459e-06
1.451e-06
1.4561e-06
1.4612e-06
1.4663e-06
1.4715e-06
1.4766e-06
1.4818e-06
1.487e-06
1.4922e-06
1.4974e-06
1.5027e-06
1.5079e-06
1.5132e-06
1.5185e-06
1.5238e-06
1.5291e-06
1.5344e-06
1.5398e-06
1.5451e-06
1.5505e-06
1.5559e-06
1.5613e-06
1.5667e-06
1.5722e-06
1.5776e-06
1.5831e-06
1.5886e-06
1.5941e-06
1.5996e-06
1.6051e-06
1.6107e-06
1.6162e-06
1.6218e-06
1.6274e-06
1.633e-06
1.6387e-06
1.6443e-06
1.65e-06
1.6557e-06
1.6614e-06
1.6671e-06
1.6728e-06
1.6786e-06
1.6843e-06
1.6901e-06
1.6959e-06
1.7017e-06
1.7075e-06
1.7134e-06
1.7193e-06
1.7251e-06
1.731e-06
1.737e-06
1.7429e-06
1.7488e-06
1.7548e-06
1.7608e-06
1.7668e-06
1.7728e-06
1.7788e-06
1.7849e-06
1.7909e-06
1.797e-06
1.8031e-06
1.8093e-06
1.8154e-06
1.8215e-06
1.8277e-06
1.8339e-06
1.8401e-06
1.8463e-06
1.8526e-06
1.8588e-06
1.8651e-06
1.8714e-06
1.8777e-06
1.884e-06
1.8904e-06
1.8968e-06
1.9031e-06
1.9095e-06
1.916e-06
1.9224e-06
1.9288e-06
1.9353e-06
1.9418e-06
1.9483e-06
1.9548e-06
1.9614e-06
1.9679e-06
1.9745e-06
1.9811e-06
1.9877e-06
1.9944e-06
2.001e-06
2.0077e-06
2.0144e-06
2.0211e-06
2.0278e-06
2.0346e-06
2.0413e-06
2.0481e-06
2.0549e-06
2.0618e-06
2.0686e-06
2.0754e-06
2.0823e-06
2.0892e-06
2.0961e-06
2.1031e-06
2.11e-06
2.117e-06
2.124e-06
2.131e-06
2.138e-06
2.1451e-06
2.1521e-06
2.1592e-06
2.1663e-06
2.1734e-06
2.1806e-06
2.1878e-06
2.1949e-06
2.2021e-06
2.2094e-06
2.2166e-06
2.2239e-06
2.2311e-06
2.2384e-06
2.2458e-06
2.2531e-06
2.2604e-06
2.2678e-06
2.2752e-06
2.2826e-06
2.2901e-06
2.2975e-06
2.305e-06
2.3125e-06
2.32e-06
2.3276e-06
2.3351e-06
2.3427e-06
2.3503e-06
2.3579e-06
2.3655e-06
2.3732e-06
2.3809e-06
2.3886e-06
2.3963e-06
2.404e-06
2.4118e-06
2.4196e-06
2.4274e-06
2.4352e-06
2.443e-06
2.4509e-06
2.4588e-06
2.4667e-06
2.4746e-06
2.4825e-06
2.4905e-06
2.4985e-06
2.5065e-06
2.5145e-06
2.5226e-06
2.5306e-06
2.5387e-06
2.5468e-06
2.555e-06
2.5631e-06
2.5713e-06
2.5795e-06
2.5877e-06
2.5959e-06
2.6042e-06
2.6125e-06
2.6208e-06
2.6291e-06
2.6375e-06
2.6458e-06
2.6542e-06
2.6626e-06
2.671e-06
2.6795e-06
2.688e-06
2.6965e-06
2.705e-06
2.7135e-06
2.7221e-06
2.7307e-06
2.7393e-06
2.7479e-06
2.7565e-06
2.7652e-06
2.7739e-06
2.7826e-06
2.7914e-06
2.8001e-06
2.8089e-06
2.8177e-06
2.8265e-06
2.8354e-06
2.8442e-06
2.8531e-06
2.862e-06
2.871e-06
2.8799e-06
2.8889e-06
2.8979e-06
2.9069e-06
2.916e-06
2.9251e-06
2.9342e-06
2.9433e-06
2.9524e-06
2.9616e-06
2.9708e-06
2.98e-06
2.9892e-06
2.9984e-06
3.0077e-06
3.017e-06
3.0263e-06
3.0357e-06
3.0451e-06
3.0544e-06
3.0639e-06
3.0733e-06
3.0828e-06
3.0922e-06
3.1018e-06
3.1113e-06
3.1208e-06
3.1304e-06
3.14e-06
3.1496e-06
3.1593e-06
3.169e-06
3.1786e-06
3.1884e-06
3.1981e-06
3.2079e-06
3.2177e-06
3.2275e-06
3.2373e-06
3.2472e-06
3.2571e-06
3.267e-06
3.2769e-06
3.2868e-06
3.2968e-06
3.3068e-06
3.3169e-06
3.3269e-06
3.337e-06
3.3471e-06
3.3572e-06
3.3674e-06
3.3775e-06
3.3877e-06
3.398e-06
3.4082e-06
3.4185e-06
3.4288e-06
3.4391e-06
3.4494e-06
3.4598e-06
3.4702e-06
3.4806e-06
3.491e-06
3.5015e-06
3.512e-06
3.5225e-06
3.5331e-06
3.5436e-06
3.5542e-06
3.5648e-06
3.5755e-06
3.5861e-06
3.5968e-06
3.6075e-06
3.6183e-06
3.629e-06
3.6398e-06
3.6506e-06
3.6615e-06
3.6723e-06
3.6832e-06
3.6941e-06
3.7051e-06
3.7161e-06
3.727e-06
3.7381e-06
3.7491e-06
3.7602e-06
3.7713e-06
3.7824e-06
3.7935e-06
3.8047e-06
3.8159e-06
3.8271e-06
3.8384e-06
3.8496e-06
3.8609e-06
3.8723e-06
3.8836e-06
3.895e-06
3.9064e-06
3.9178e-06
3.9293e-06
3.9407e-06
3.9523e-06
3.9638e-06
3.9753e-06
3.9869e-06
3.9985e-06
4.0102e-06
4.0218e-06
4.0335e-06
4.0452e-06
4.057e-06
4.0687e-06
4.0805e-06
4.0924e-06
4.1042e-06
4.1161e-06
4.128e-06
4.1399e-06
4.1519e-06
4.1638e-06
4.1758e-06
4.1879e-06
4.1999e-06
4.212e-06
4.2241e-06
4.2363e-06
4.2484e-06
4.2606e-06
4.2728e-06
4.2851e-06
4.2974e-06
4.3097e-06
4.322e-06
4.3344e-06
4.3467e-06
4.3591e-06
4.3716e-06
4.384e-06
4.3965e-06
4.409e-06
4.4216e-06
4.4342e-06
4.4468e-06
4.4594e-06
4.472e-06
4.4847e-06
4.4974e-06
4.5102e-06
4.5229e-06
4.5357e-06
4.5485e-06
4.5614e-06
4.5743e-06
4.5872e-06
4.6001e-06
4.613e-06
4.626e-06
4.639e-06
4.6521e-06
4.6651e-06
4.6782e-06
4.6914e-06
4.7045e-06
4.7177e-06
4.7309e-06
4.7441e-06
4.7574e-06
4.7707e-06
4.784e-06
4.7973e-06
4.8107e-06
4.8241e-06
4.8375e-06
4.851e-06
4.8645e-06
4.878e-06
4.8915e-06
4.9051e-06
4.9187e-06
4.9323e-06
4.946e-06
4.9597e-06
4.9734e-06
4.9871e-06
5.0009e-06
5.0147e-06
5.0285e-06
5.0424e-06
5.0563e-06
5.0702e-06
5.0841e-06
5.0981e-06
5.1121e-06
5.1261e-06
5.1402e-06
5.1543e-06
5.1684e-06
5.1825e-06
5.1967e-06
5.2109e-06
5.2251e-06
5.2394e-06
5.2537e-06
5.268e-06
5.2823e-06
5.2967e-06
5.3111e-06
5.3255e-06
5.34e-06
5.3545e-06
5.369e-06
5.3835e-06
5.3981e-06
5.4127e-06
5.4273e-06
5.442e-06
5.4567e-06
5.4714e-06
5.4862e-06
5.501e-06
5.5158e-06
5.5306e-06
5.5455e-06
5.5604e-06
5.5753e-06
5.5903e-06
5.6052e-06
5.6203e-06
5.6353e-06
5.6504e-06
5.6655e-06
5.6806e-06
5.6958e-06
5.711e-06
5.7262e-06
5.7414e-06
5.7567e-06
5.772e-06
5.7874e-06
5.8028e-06
5.8182e-06
5.8336e-06
5.849e-06
5.8645e-06
5.8801e-06
5.8956e-06
5.9112e-06
5.9268e-06
5.9424e-06
5.9581e-06
5.9738e-06
5.9895e-06
6.0053e-06
6.0211e-06
6.0369e-06
6.0527e-06
6.0686e-06
6.0845e-06
6.1005e-06
6.1164e-06
6.1324e-06
6.1485e-06
6.1645e-06
6.1806e-06
6.1967e-06
6.2129e-06
6.2291e-06
6.2453e-06
6.2615e-06
6.2778e-06
6.2941e-06
6.3104e-06
6.3268e-06
6.3432e-06
6.3596e-06
6.3761e-06
6.3925e-06
6.4091e-06
6.4256e-06
6.4422e-06
6.4588e-06
6.4754e-06
6.4921e-06
6.5088e-06
6.5255e-06
6.5423e-06
6.5591e-06
6.5759e-06
6.5927e-06
6.6096e-06
6.6265e-06
6.6435e-06
6.6604e-06
6.6774e-06
6.6945e-06
6.7115e-06
6.7286e-06
6.7458e-06
6.7629e-06
6.7801e-06
6.7973e-06
6.8146e-06
6.8318e-06
6.8491e-06
6.8665e-06
6.8839e-06
6.9013e-06
6.9187e-06
6.9362e-06
6.9537e-06
6.9712e-06
6.9887e-06
7.0063e-06
7.0239e-06
7.0416e-06
7.0593e-06
7.077e-06
7.0947e-06
7.1125e-06
7.1303e-06
7.1481e-06
7.166e-06
7.1839e-06
7.2018e-06
7.2198e-06
7.2378e-06
7.2558e-06
7.2738e-06
7.2919e-06
7.31e-06
7.3282e-06
7.3464e-06
7.3646e-06
7.3828e-06
7.4011e-06
7.4194e-06
7.4377e-06
7.4561e-06
7.4744e-06
7.4929e-06
7.5113e-06
7.5298e-06
7.5483e-06
7.5669e-06
7.5855e-06
7.6041e-06
7.6227e-06
7.6414e-06
7.6601e-06
7.6788e-06
7.6976e-06
7.7164e-06
7.7352e-06
7.7541e-06
7.773e-06
7.7919e-06
7.8108e-06
7.8298e-06
7.8488e-06
7.8679e-06
7.887e-06
7.9061e-06
7.9252e-06
7.9444e-06
7.9636e-06
7.9828e-06
8.0021e-06
8.0214e-06
8.0407e-06
8.0601e-06
8.0795e-06
8.0989e-06
8.1183e-06
8.1378e-06
8.1573e-06
8.1769e-06
8.1965e-06
8.2161e-06
8.2357e-06
8.2554e-06
8.2751e-06
8.2948e-06
8.3146e-06
8.3344e-06
8.3542e-06
8.3741e-06
8.3939e-06
8.4139e-06
8.4338e-06
8.4538e-06
8.4738e-06
8.4939e-06
8.5139e-06
8.534e-06
8.5542e-06
8.5744e-06
8.5946e-06
8.6148e-06
8.6351e-06
8.6553e-06
8.6757e-06
8.696e-06
8.7164e-06
8.7368e-06
8.7573e-06
8.7778e-06
8.7983e-06
8.8188e-06
8.8394e-06
8.86e-06
8.8806e-06
8.9013e-06
8.922e-06
8.9427e-06
8.9635e-06
8.9843e-06
9.0051e-06
9.026e-06
9.0469e-06
9.0678e-06
9.0887e-06
9.1097e-06
9.1307e-06
9.1518e-06
9.1728e-06
9.1939e-06
9.2151e-06
9.2362e-06
9.2574e-06
9.2787e-06
9.2999e-06
9.3212e-06
9.3425e-06
9.3639e-06
9.3853e-06
9.4067e-06
9.4281e-06
9.4496e-06
9.4711e-06
9.4926e-06
9.5142e-06
9.5358e-06
9.5574e-06
9.5791e-06
9.6008e-06
9.6225e-06
9.6443e-06
9.666e-06
9.6879e-06
9.7097e-06
9.7316e-06
9.7535e-06
9.7754e-06
9.7974e-06
9.8194e-06
9.8414e-06
9.8635e-06
9.8856e-06
9.9077e-06
9.9298e-06
9.952e-06
9.9742e-06
9.9965e-06
1.0019e-05
1.0041e-05
1.0063e-05
1.0086e-05
1.0108e-05
1.0131e-05
1.0153e-05
1.0176e-05
1.0198e-05
1.0221e-05
1.0243e-05
1.0266e-05
1.0288e-05
1.0311e-05
1.0334e-05
1.0356e-05
1.0379e-05
1.0402e-05
1.0425e-05
1.0448e-05
1.0471e-05
1.0493e-05
1.0516e-05
1.0539e-05
1.0562e-05
1.0585e-05
1.0608e-05
1.0632e-05
1.0655e-05
1.0678e-05
1.0701e-05
1.0724e-05
1.0747e-05
1.0771e-05
1.0794e-05
1.0817e-05
1.0841e-05
1.0864e-05
1.0888e-05
1.0911e-05
1.0934e-05
1.0958e-05
1.0981e-05
1.1005e-05
1.1029e-05
1.1052e-05
1.1076e-05
1.11e-05
1.1123e-05
1.1147e-05
1.1171e-05
1.1195e-05
1.1218e-05
1.1242e-05
1.1266e-05
1.129e-05
1.1314e-05
1.1338e-05
1.1362e-05
1.1386e-05
1.141e-05
1.1434e-05
1.1458e-05
1.1483e-05
1.1507e-05
1.1531e-05
1.1555e-05
1.1579e-05
1.1604e-05
1.1628e-05
1.1652e-05
1.1677e-05
1.1701e-05
1.1726e-05
1.175e-05
1.1775e-05
1.1799e-05
1.1824e-05
1.1848e-05
1.1873e-05
1.1898e-05
1.1922e-05
1.1947e-05
1.1972e-05
1.1996e-05
1.2021e-05
1.2046e-05
1.2071e-05
1.2096e-05
1.2121e-05
1.2145e-05
1.217e-05
1.2195e-05
1.222e-05
1.2245e-05
1.2271e-05
1.2296e-05
1.2321e-05
1.2346e-05
1.2371e-05
1.2396e-05
1.2421e-05
1.2447e-05
1.2472e-05
1.2497e-05
1.2523e-05
1.2548e-05
1.2573e-05
1.2599e-05
1.2624e-05
1.265e-05
1.2675e-05
1.2701e-05
1.2726e-05
1.2752e-05
1.2778e-05
1.2803e-05
1.2829e-05
1.2855e-05
1.288e-05
1.2906e-05
1.2932e-05
1.2958e-05
1.2983e-05
1.3009e-05
1.3035e-05
1.3061e-05
1.3087e-05
1.3113e-05
1.3139e-05
1.3165e-05
1.3191e-05
1.3217e-05
1.3243e-05
1.3269e-05
1.3295e-05
1.3322e-05
1.3348e-05
1.3374e-05
1.34e-05
1.3427e-05
1.3453e-05
1.3479e-05
1.3506e-05
1.3532e-05
1.3558e-05
1.3585e-05
1.3611e-05
1.3638e-05
1.3664e-05
1.3691e-05
1.3717e-05
1.3744e-05
1.377e-05
1.3797e-05
1.3824e-05
1.385e-05
1.3877e-05
1.3904e-05
1.3931e-05
1.3957e-05
1.3984e-05
1.4011e-05
1.4038e-05
1.4065e-05
1.4092e-05
1.4119e-05
1.4146e-05
1.4173e-05
1.42e-05
1.4227e-05
1.4254e-05
1.4281e-05
1.4308e-05
1.4335e-05
1.4362e-05
1.4389e-05
1.4416e-05
1.4444e-05
1.4471e-05
1.4498e-05
1.4525e-05
1.4553e-05
1.458e-05
1.4608e-05
1.4635e-05
1.4662e-05
1.469e-05
1.4717e-05
1.4745e-05
1.4772e-05
1.48e-05
1.4827e-05
1.4855e-05
1.4882e-05
1.491e-05
1.4938e-05
1.4965e-05
1.4993e-05
1.5021e-05
1.5048e-05
1.5076e-05
1.5104e-05
1.5132e-05
1.516e-05
1.5187e-05
1.5215e-05
1.5243e-05
1.5271e-05
1.5299e-05
1.5327e-05
1.5355e-05
1.5383e-05
1.5411e-05
1.5439e-05
1.5467e-05
1.5495e-05
1.5523e-05
1.5551e-05
1.558e-05
1.5608e-05
1.5636e-05
1.5664e-05
1.5692e-05
1.5721e-05
1.5749e-05
1.5777e-05
1.5805e-05
1.5834e-05
1.5862e-05
1.5891e-05
1.5919e-05
1.5947e-05
1.5976e-05
1.6004e-05
1.6033e-05
1.6061e-05
1.609e-05
1.6118e-05
1.6147e-05
1.6175e-05
1.6204e-05
1.6233e-05
1.6261e-05
1.629e-05
1.6319e-05
1.6347e-05
1.6376e-05
1.6405e-05
1.6434e-05
1.6462e-05
1.6491e-05
1.652e-05
1.6549e-05
1.6578e-05
1.6606e-05
1.6635e-05
1.6664e-05
1.6693e-05
1.6722e-05
1.6751e-05
1.678e-05
1.6809e-05
1.6838e-05
1.6867e-05
1.6896e-05
1.6925e-05
1.6954e-05
1.6983e-05
1.7012e-05
1.7042e-05
1.7071e-05
1.71e-05
1.7129e-05
1.7158e-05
1.7188e-05
1.7217e-05
1.7246e-05
1.7275e-05
1.7305e-05
1.7334e-05
1.7363e-05
1.7393e-05
1.7422e-05
1.7451e-05
1.7481e-05
1.751e-05
1.7539e-05
1.7569e-05
1.7598e-05
1.7628e-05
1.7657e-05
1.7687e-05
1.7716e-05
1.7746e-05
1.7775e-05
1.7805e-05
1.7835e-05
1.7864e-05
1.7894e-05
1.7923e-05
1.7953e-05
1.7983e-05
1.8012e-05
1.8042e-05
1.8072e-05
1.8101e-05
1.8131e-05
1.8161e-05
1.8191e-05
1.822e-05
1.825e-05
1.828e-05
1.831e-05
1.834e-05
1.8369e-05
1.8399e-05
1.8429e-05
1.8459e-05
1.8489e-05
1.8519e-05
1.8549e-05
1.8579e-05
1.8609e-05
1.8638e-05
1.8668e-05
1.8698e-05
1.8728e-05
1.8758e-05
1.8788e-05
1.8818e-05
1.8848e-05
1.8879e-05
1.8909e-05
1.8939e-05
1.8969e-05
1.8999e-05
1.9029e-05
1.9059e-05
1.9089e-05
1.9119e-05
1.9149e-05
1.918e-05
1.921e-05
1.924e-05
1.927e-05
1.93e-05
1.9331e-05
1.9361e-05
1.9391e-05
1.9421e-05
1.9452e-05
1.9482e-05
1.9512e-05
1.9542e-05
1.9573e-05
1.9603e-05
1.9633e-05
1.9664e-05
1.9694e-05
1.9724e-05
1.9755e-05
1.9785e-05
1.9815e-05
1.9846e-05
1.9876e-05
1.9907e-05
1.9937e-05
1.9967e-05
1.9998e-05
2.0028e-05
2.0059e-05
2.0089e-05
2.012e-05
2.015e-05
2.0181e-05
2.0211e-05
2.0242e-05
2.0272e-05
2.0303e-05
2.0333e-05
2.0364e-05
2.0394e-05
2.0425e-05
2.0455e-05
2.0486e-05
2.0516e-05
2.0547e-05
2.0577e-05
2.0608e-05
2.0638e-05
2.0669e-05
2.07e-05
2.073e-05
2.0761e-05
2.0791e-05
2.0822e-05
2.0853e-05
2.0883e-05
2.0914e-05
2.0945e-05
2.0975e-05
2.1006e-05
2.1036e-05
2.1067e-05
2.1098e-05
2.1128e-05
2.1159e-05
2.119e-05
2.122e-05
2.1251e-05
2.1282e-05
2.1312e-05
2.1343e-05
2.1374e-05
2.1404e-05
2.1435e-05
2.1466e-05
2.1497e-05
2.1527e-05
2.1558e-05
2.1589e-05
2.1619e-05
2.165e-05
2.1681e-05
2.1712e-05
2.1742e-05
2.1773e-05
2.1804e-05
2.1834e-05
2.1865e-05
2.1896e-05
2.1927e-05
2.1957e-05
2.1988e-05
2.2019e-05
2.205e-05
2.208e-05
2.2111e-05
2.2142e-05
2.2172e-05
2.2203e-05
2.2234e-05
2.2265e-05
2.2295e-05
2.2326e-05
2.2357e-05
2.2388e-05
2.2418e-05
2.2449e-05
2.248e-05
2.2511e-05
2.2541e-05
2.2572e-05
2.2603e-05
2.2633e-05
2.2664e-05
2.2695e-05
2.2726e-05
2.2756e-05
2.2787e-05
2.2818e-05
2.2849e-05
2.2879e-05
2.291e-05
2.2941e-05
2.2971e-05
2.3002e-05
2.3033e-05
2.3063e-05
2.3094e-05
2.3125e-05
2.3156e-05
2.3186e-05
2.3217e-05
2.3248e-05
2.3278e-05
2.3309e-05
2.334e-05
2.337e-05
2.3401e-05
2.3432e-05
2.3462e-05
2.3493e-05
2.3524e-05
2.3554e-05
2.3585e-05
2.3615e-05
2.3646e-05
2.3677e-05
2.3707e-05
2.3738e-05
2.3768e-05
2.3799e-05
2.383e-05
2.386e-05
2.3891e-05
2.3921e-05
2.3952e-05
2.3982e-05
2.4013e-05
2.4044e-05
2.4074e-05
2.4105e-05
2.4135e-05
2.4166e-05
2.4196e-05
2.4227e-05
2.4257e-05
2.4288e-05
2.4318e-05
2.4349e-05
2.4379e-05
2.4409e-05
2.444e-05
2.447e-05
2.4501e-05
2.4531e-05
2.4562e-05
2.4592e-05
2.4622e-05
2.4653e-05
2.4683e-05
2.4713e-05
2.4744e-05
2.4774e-05
2.4804e-05
2.4835e-05
2.4865e-05
2.4895e-05
2.4926e-05
2.4956e-05
2.4986e-05
2.5016e-05
2.5047e-05
2.5077e-05
2.5107e-05
2.5137e-05
2.5167e-05
2.5198e-05
2.5228e-05
2.5258e-05
2.5288e-05
2.5318e-05
2.5348e-05
2.5379e-05
2.5409e-05
2.5439e-05
2.5469e-05
2.5499e-05
2.5529e-05
2.5559e-05
2.5589e-05
2.5619e-05
2.5649e-05
2.5679e-05
2.5709e-05
2.5739e-05
2.5769e-05
2.5799e-05
2.5829e-05
2.5858e-05
2.5888e-05
2.5918e-05
2.5948e-05
2.5978e-05
2.6008e-05
2.6037e-05
2.6067e-05
2.6097e-05
2.6127e-05
2.6157e-05
2.6186e-05
2.6216e-05
2.6246e-05
2.6275e-05
2.6305e-05
2.6335e-05
2.6364e-05
2.6394e-05
2.6423e-05
2.6453e-05
2.6483e-05
2.6512e-05
2.6542e-05
2.6571e-05
2.6601e-05
2.663e-05
2.666e-05
2.6689e-05
2.6718e-05
2.6748e-05
2.6777e-05
2.6806e-05
2.6836e-05
2.6865e-05
2.6894e-05
2.6924e-05
2.6953e-05
2.6982e-05
2.7011e-05
2.7041e-05
2.707e-05
2.7099e-05
2.7128e-05
2.7157e-05
2.7186e-05
2.7215e-05
2.7244e-05
2.7273e-05
2.7302e-05
2.7331e-05
2.736e-05
2.7389e-05
2.7418e-05
2.7447e-05
2.7476e-05
2.7505e-05
2.7534e-05
2.7563e-05
2.7591e-05
2.762e-05
2.7649e-05
2.7678e-05
2.7706e-05
2.7735e-05
2.7764e-05
2.7792e-05
2.7821e-05
2.785e-05
2.7878e-05
2.7907e-05
2.7935e-05
2.7964e-05
2.7992e-05
2.8021e-05
2.8049e-05
2.8077e-05
2.8106e-05
2.8134e-05
2.8162e-05
2.8191e-05
2.8219e-05
2.8247e-05
2.8275e-05
2.8304e-05
2.8332e-05
2.836e-05
2.8388e-05
2.8416e-05
2.8444e-05
2.8472e-05
2.85e-05
2.8528e-05
2.8556e-05
2.8584e-05
2.8612e-05
2.864e-05
2.8668e-05
2.8696e-05
2.8723e-05
2.8751e-05
2.8779e-05
2.8807e-05
2.8834e-05
2.8862e-05
2.889e-05
2.8917e-05
2.8945e-05
2.8972e-05
2.9e-05
2.9027e-05
2.9055e-05
2.9082e-05
2.9109e-05
2.9137e-05
2.9164e-05
2.9191e-05
2.9219e-05
2.9246e-05
2.9273e-05
2.93e-05
2.9327e-05
2.9355e-05
2.9382e-05
2.9409e-05
2.9436e-05
2.9463e-05
2.949e-05
2.9517e-05
2.9544e-05
2.957e-05
2.9597e-05
2.9624e-05
2.9651e-05
2.9678e-05
2.9704e-05
2.9731e-05
2.9758e-05
2.9784e-05
2.9811e-05
2.9837e-05
2.9864e-05
2.989e-05
2.9917e-05
2.9943e-05
2.9969e-05
2.9996e-05
3.0022e-05
3.0048e-05
3.0075e-05
3.0101e-05
3.0127e-05
3.0153e-05
3.0179e-05
3.0205e-05
3.0231e-05
3.0257e-05
3.0283e-05
3.0309e-05
3.0335e-05
3.0361e-05
3.0387e-05
3.0412e-05
3.0438e-05
3.0464e-05
3.049e-05
3.0515e-05
3.0541e-05
3.0566e-05
3.0592e-05
3.0617e-05
3.0643e-05
3.0668e-05
3.0694e-05
3.0719e-05
3.0744e-05
3.077e-05
3.0795e-05
3.082e-05
3.0845e-05
3.087e-05
3.0895e-05
3.092e-05
3.0945e-05
3.097e-05
3.0995e-05
3.102e-05
3.1045e-05
3.107e-05
3.1094e-05
3.1119e-05
3.1144e-05
3.1168e-05
3.1193e-05
3.1218e-05
3.1242e-05
3.1267e-05
3.1291e-05
3.1315e-05
3.134e-05
3.1364e-05
3.1388e-05
3.1413e-05
3.1437e-05
3.1461e-05
3.1485e-05
3.1509e-05
3.1533e-05
3.1557e-05
3.1581e-05
3.1605e-05
3.1629e-05
3.1653e-05
3.1676e-05
3.17e-05
3.1724e-05
3.1747e-05
3.1771e-05
3.1795e-05
3.1818e-05
3.1842e-05
3.1865e-05
3.1888e-05
3.1912e-05
3.1935e-05
3.1958e-05
3.1982e-05
3.2005e-05
3.2028e-05
3.2051e-05
3.2074e-05
3.2097e-05
3.212e-05
3.2143e-05
3.2166e-05
3.2188e-05
3.2211e-05
3.2234e-05
3.2257e-05
3.2279e-05
3.2302e-05
3.2324e-05
3.2347e-05
3.2369e-05
3.2392e-05
3.2414e-05
3.2436e-05
3.2459e-05
3.2481e-05
3.2503e-05
3.2525e-05
3.2547e-05
3.2569e-05
3.2591e-05
3.2613e-05
3.2635e-05
3.2657e-05
3.2679e-05
3.27e-05
3.2722e-05
3.2744e-05
3.2765e-05
3.2787e-05
3.2808e-05
3.283e-05
3.2851e-05
3.2872e-05
3.2894e-05
3.2915e-05
3.2936e-05
3.2957e-05
3.2979e-05
3.3e-05
3.3021e-05
3.3042e-05
3.3062e-05
3.3083e-05
3.3104e-05
3.3125e-05
3.3146e-05
3.3166e-05
3.3187e-05
3.3207e-05
3.3228e-05
3.3248e-05
3.3269e-05
3.3289e-05
3.3309e-05
3.333e-05
3.335e-05
3.337e-05
3.339e-05
3.341e-05
3.343e-05
3.345e-05
3.347e-05
3.349e-05
3.351e-05
3.3529e-05
3.3549e-05
3.3569e-05
3.3588e-05
3.3608e-05
3.3627e-05
3.3647e-05
3.3666e-05
3.3685e-05
3.3705e-05
3.3724e-05
3.3743e-05
3.3762e-05
3.3781e-05
3.38e-05
3.3819e-05
3.3838e-05
3.3857e-05
3.3876e-05
3.3894e-05
3.3913e-05
3.3932e-05
3.395e-05
3.3969e-05
3.3987e-05
3.4006e-05
3.4024e-05
3.4042e-05
3.406e-05
3.4079e-05
3.4097e-05
3.4115e-05
3.4133e-05
3.4151e-05
3.4169e-05
3.4186e-05
3.4204e-05
3.4222e-05
3.424e-05
3.4257e-05
3.4275e-05
3.4292e-05
3.431e-05
3.4327e-05
3.4345e-05
3.4362e-05
3.4379e-05
3.4396e-05
3.4413e-05
3.443e-05
3.4447e-05
3.4464e-05
3.4481e-05
3.4498e-05
3.4515e-05
3.4532e-05
3.4548e-05
3.4565e-05
3.4581e-05
3.4598e-05
3.4614e-05
3.4631e-05
3.4647e-05
3.4663e-05
3.4679e-05
3.4695e-05
3.4711e-05
3.4727e-05
3.4743e-05
3.4759e-05
3.4775e-05
3.4791e-05
3.4807e-05
3.4822e-05
3.4838e-05
3.4853e-05
3.4869e-05
3.4884e-05
3.49e-05
3.4915e-05
3.493e-05
3.4945e-05
3.4961e-05
3.4976e-05
3.4991e-05
3.5006e-05
3.502e-05
3.5035e-05
3.505e-05
3.5065e-05
3.5079e-05
3.5094e-05
3.5108e-05
3.5123e-05
3.5137e-05
3.5152e-05
3.5166e-05
3.518e-05
3.5194e-05
3.5208e-05
3.5222e-05
3.5236e-05
3.525e-05
3.5264e-05
3.5278e-05
3.5292e-05
3.5305e-05
3.5319e-05
3.5332e-05
3.5346e-05
3.5359e-05
3.5373e-05
3.5386e-05
3.5399e-05
3.5412e-05
3.5425e-05
3.5438e-05
3.5451e-05
3.5464e-05
3.5477e-05
3.549e-05
3.5503e-05
3.5515e-05
3.5528e-05
3.554e-05
3.5553e-05
3.5565e-05
3.5577e-05
3.559e-05
3.5602e-05
3.5614e-05
3.5626e-05
3.5638e-05
3.565e-05
3.5662e-05
3.5674e-05
3.5686e-05
3.5697e-05
3.5709e-05
3.5721e-05
3.5732e-05
3.5743e-05
3.5755e-05
3.5766e-05
3.5777e-05
3.5789e-05
3.58e-05
3.5811e-05
3.5822e-05
3.5833e-05
3.5844e-05
3.5854e-05
3.5865e-05
3.5876e-05
3.5886e-05
3.5897e-05
3.5907e-05
3.5918e-05
3.5928e-05
3.5938e-05
3.5949e-05
3.5959e-05
3.5969e-05
3.5979e-05
3.5989e-05
3.5999e-05
3.6008e-05
3.6018e-05
3.6028e-05
3.6037e-05
3.6047e-05
3.6056e-05
3.6066e-05
3.6075e-05
3.6084e-05
3.6094e-05
3.6103e-05
3.6112e-05
3.6121e-05
3.613e-05
3.6139e-05
3.6148e-05
3.6156e-05
3.6165e-05
3.6174e-05
3.6182e-05
3.6191e-05
3.6199e-05
3.6207e-05
3.6216e-05
3.6224e-05
3.6232e-05
3.624e-05
3.6248e-05
3.6256e-05
3.6264e-05
3.6272e-05
3.628e-05
3.6287e-05
3.6295e-05
3.6302e-05
3.631e-05
3.6317e-05
3.6325e-05
3.6332e-05
3.6339e-05
3.6346e-05
3.6353e-05
3.636e-05
3.6367e-05
3.6374e-05
3.6381e-05
3.6388e-05
3.6394e-05
3.6401e-05
3.6407e-05
3.6414e-05
3.642e-05
3.6426e-05
3.6433e-05
3.6439e-05
3.6445e-05
3.6451e-05
3.6457e-05
3.6463e-05
3.6469e-05
3.6475e-05
3.648e-05
3.6486e-05
3.6491e-05
3.6497e-05
3.6502e-05
3.6508e-05
3.6513e-05
3.6518e-05
3.6523e-05
3.6528e-05
3.6533e-05
3.6538e-05
3.6543e-05
3.6548e-05
3.6553e-05
3.6557e-05
3.6562e-05
3.6567e-05
3.6571e-05
3.6575e-05
3.658e-05
3.6584e-05
3.6588e-05
3.6592e-05
3.6596e-05
3.66e-05
3.6604e-05
3.6608e-05
3.6612e-05
3.6616e-05
3.6619e-05
3.6623e-05
3.6626e-05
3.663e-05
3.6633e-05
3.6636e-05
3.664e-05
3.6643e-05
3.6646e-05
3.6649e-05
3.6652e-05
3.6655e-05
3.6657e-05
3.666e-05
3.6663e-05
3.6665e-05
3.6668e-05
3.667e-05
3.6673e-05
3.6675e-05
3.6677e-05
3.6679e-05
3.6681e-05
3.6683e-05
3.6685e-05
3.6687e-05
3.6689e-05
3.6691e-05
3.6693e-05
3.6694e-05
3.6696e-05
3.6697e-05
3.6699e-05
3.67e-05
3.6701e-05
3.6702e-05
3.6703e-05
3.6705e-05
3.6705e-05
3.6706e-05
3.6707e-05
3.6708e-05
3.6709e-05
3.6709e-05
3.671e-05
3.671e-05
3.6711e-05
3.6711e-05
3.6711e-05
3.6712e-05
3.6712e-05
3.6712e-05
3.6712e-05
3.6712e-05
3.6712e-05
3.6711e-05
3.6711e-05
3.6711e-05
3.671e-05
3.671e-05
3.6709e-05
3.6709e-05
3.6708e-05
3.6707e-05
3.6706e-05
3.6706e-05
3.6705e-05
3.6703e-05
3.6702e-05
3.6701e-05
3.67e-05
3.6699e-05
3.6697e-05
3.6696e-05
3.6694e-05
3.6693e-05
3.6691e-05
3.6689e-05
3.6687e-05
3.6685e-05
3.6683e-05
3.6681e-05
3.6679e-05
3.6677e-05
3.6675e-05
3.6673e-05
3.667e-05
3.6668e-05
3.6665e-05
3.6663e-05
3.666e-05
3.6657e-05
3.6655e-05
3.6652e-05
3.6649e-05
3.6646e-05
3.6643e-05
3.664e-05
3.6636e-05
3.6633e-05
3.663e-05
3.6626e-05
3.6623e-05
3.6619e-05
3.6616e-05
3.6612e-05
3.6608e-05
3.6604e-05
3.66e-05
3.6596e-05
3.6592e-05
3.6588e-05
3.6584e-05
3.658e-05
3.6576e-05
3.6571e-05
3.6567e-05
3.6562e-05
3.6558e-05
3.6553e-05
3.6548e-05
3.6543e-05
3.6538e-05
3.6534e-05
3.6529e-05
3.6523e-05
3.6518e-05
3.6513e-05
3.6508e-05
3.6502e-05
3.6497e-05
3.6492e-05
3.6486e-05
3.648e-05
3.6475e-05
3.6469e-05
3.6463e-05
3.6457e-05
3.6451e-05
3.6445e-05
3.6439e-05
3.6433e-05
3.6427e-05
3.642e-05
3.6414e-05
3.6407e-05
3.6401e-05
3.6394e-05
3.6388e-05
3.6381e-05
3.6374e-05
3.6367e-05
3.636e-05
3.6353e-05
3.6346e-05
3.6339e-05
3.6332e-05
3.6325e-05
3.6317e-05
3.631e-05
3.6302e-05
3.6295e-05
3.6287e-05
3.628e-05
3.6272e-05
3.6264e-05
3.6256e-05
3.6248e-05
3.624e-05
3.6232e-05
3.6224e-05
3.6216e-05
3.6208e-05
3.6199e-05
3.6191e-05
3.6182e-05
3.6174e-05
3.6165e-05
3.6156e-05
3.6148e-05
3.6139e-05
3.613e-05
3.6121e-05
3.6112e-05
3.6103e-05
3.6094e-05
3.6085e-05
3.6075e-05
3.6066e-05
3.6057e-05
3.6047e-05
3.6038e-05
3.6028e-05
3.6018e-05
3.6009e-05
3.5999e-05
3.5989e-05
3.5979e-05
3.5969e-05
3.5959e-05
3.5949e-05
3.5938e-05
3.5928e-05
3.5918e-05
3.5907e-05
3.5897e-05
3.5886e-05
3.5876e-05
3.5865e-05
3.5854e-05
3.5844e-05
3.5833e-05
3.5822e-05
3.5811e-05
3.58e-05
3.5789e-05
3.5778e-05
3.5766e-05
3.5755e-05
3.5744e-05
3.5732e-05
3.5721e-05
3.5709e-05
3.5697e-05
3.5686e-05
3.5674e-05
3.5662e-05
3.565e-05
3.5638e-05
3.5626e-05
3.5614e-05
3.5602e-05
3.559e-05
3.5578e-05
3.5565e-05
3.5553e-05
3.554e-05
3.5528e-05
3.5515e-05
3.5503e-05
3.549e-05
3.5477e-05
3.5464e-05
3.5451e-05
3.5438e-05
3.5425e-05
3.5412e-05
3.5399e-05
3.5386e-05
3.5373e-05
3.5359e-05
3.5346e-05
3.5332e-05
3.5319e-05
3.5305e-05
3.5292e-05
3.5278e-05
3.5264e-05
3.525e-05
3.5236e-05
3.5223e-05
3.5208e-05
3.5194e-05
3.518e-05
3.5166e-05
3.5152e-05
3.5137e-05
3.5123e-05
3.5109e-05
3.5094e-05
3.508e-05
3.5065e-05
3.505e-05
3.5035e-05
3.5021e-05
3.5006e-05
3.4991e-05
3.4976e-05
3.4961e-05
3.4946e-05
3.493e-05
3.4915e-05
3.49e-05
3.4885e-05
3.4869e-05
3.4854e-05
3.4838e-05
3.4823e-05
3.4807e-05
3.4791e-05
3.4775e-05
3.476e-05
3.4744e-05
3.4728e-05
3.4712e-05
3.4696e-05
3.4679e-05
3.4663e-05
3.4647e-05
3.4631e-05
3.4614e-05
3.4598e-05
3.4582e-05
3.4565e-05
3.4548e-05
3.4532e-05
3.4515e-05
3.4498e-05
3.4481e-05
3.4465e-05
3.4448e-05
3.4431e-05
3.4414e-05
3.4396e-05
3.4379e-05
3.4362e-05
3.4345e-05
3.4327e-05
3.431e-05
3.4293e-05
3.4275e-05
3.4258e-05
3.424e-05
3.4222e-05
3.4204e-05
3.4187e-05
3.4169e-05
3.4151e-05
3.4133e-05
3.4115e-05
3.4097e-05
3.4079e-05
3.4061e-05
3.4042e-05
3.4024e-05
3.4006e-05
3.3987e-05
3.3969e-05
3.395e-05
3.3932e-05
3.3913e-05
3.3895e-05
3.3876e-05
3.3857e-05
3.3838e-05
3.3819e-05
3.38e-05
3.3781e-05
3.3762e-05
3.3743e-05
3.3724e-05
3.3705e-05
3.3686e-05
3.3666e-05
3.3647e-05
3.3628e-05
3.3608e-05
3.3589e-05
3.3569e-05
3.3549e-05
3.353e-05
3.351e-05
3.349e-05
3.347e-05
3.345e-05
3.343e-05
3.341e-05
3.339e-05
3.337e-05
3.335e-05
3.333e-05
3.331e-05
3.3289e-05
3.3269e-05
3.3249e-05
3.3228e-05
3.3208e-05
3.3187e-05
3.3167e-05
3.3146e-05
3.3125e-05
3.3104e-05
3.3084e-05
3.3063e-05
3.3042e-05
3.3021e-05
3.3e-05
3.2979e-05
3.2958e-05
3.2937e-05
3.2915e-05
3.2894e-05
3.2873e-05
3.2851e-05
3.283e-05
3.2809e-05
3.2787e-05
3.2766e-05
3.2744e-05
3.2722e-05
3.2701e-05
3.2679e-05
3.2657e-05
3.2635e-05
3.2613e-05
3.2591e-05
3.2569e-05
3.2547e-05
3.2525e-05
3.2503e-05
3.2481e-05
3.2459e-05
3.2437e-05
3.2414e-05
3.2392e-05
3.237e-05
3.2347e-05
3.2325e-05
3.2302e-05
3.2279e-05
3.2257e-05
3.2234e-05
3.2211e-05
3.2189e-05
3.2166e-05
3.2143e-05
3.212e-05
3.2097e-05
3.2074e-05
3.2051e-05
3.2028e-05
3.2005e-05
3.1982e-05
3.1959e-05
3.1935e-05
3.1912e-05
3.1889e-05
3.1865e-05
3.1842e-05
3.1818e-05
3.1795e-05
3.1771e-05
3.1748e-05
3.1724e-05
3.17e-05
3.1677e-05
3.1653e-05
3.1629e-05
3.1605e-05
3.1581e-05
3.1557e-05
3.1533e-05
3.1509e-05
3.1485e-05
3.1461e-05
3.1437e-05
3.1413e-05
3.1389e-05
3.1364e-05
3.134e-05
3.1316e-05
3.1291e-05
3.1267e-05
3.1242e-05
3.1218e-05
3.1193e-05
3.1169e-05
3.1144e-05
3.1119e-05
3.1095e-05
3.107e-05
3.1045e-05
3.102e-05
3.0995e-05
3.0971e-05
3.0946e-05
3.0921e-05
3.0896e-05
3.087e-05
3.0845e-05
3.082e-05
3.0795e-05
3.077e-05
3.0745e-05
3.0719e-05
3.0694e-05
3.0669e-05
3.0643e-05
3.0618e-05
3.0592e-05
3.0567e-05
3.0541e-05
3.0516e-05
3.049e-05
3.0464e-05
3.0439e-05
3.0413e-05
3.0387e-05
3.0361e-05
3.0335e-05
3.0309e-05
3.0284e-05
3.0258e-05
3.0232e-05
3.0206e-05
3.018e-05
3.0153e-05
3.0127e-05
3.0101e-05
3.0075e-05
3.0049e-05
3.0022e-05
2.9996e-05
2.997e-05
2.9943e-05
2.9917e-05
2.9891e-05
2.9864e-05
2.9838e-05
2.9811e-05
2.9785e-05
2.9758e-05
2.9731e-05
2.9705e-05
2.9678e-05
2.9651e-05
2.9624e-05
2.9598e-05
2.9571e-05
2.9544e-05
2.9517e-05
2.949e-05
2.9463e-05
2.9436e-05
2.9409e-05
2.9382e-05
2.9355e-05
2.9328e-05
2.9301e-05
2.9274e-05
2.9246e-05
2.9219e-05
2.9192e-05
2.9164e-05
2.9137e-05
2.911e-05
2.9082e-05
2.9055e-05
2.9028e-05
2.9e-05
2.8973e-05
2.8945e-05
2.8917e-05
2.889e-05
2.8862e-05
2.8835e-05
2.8807e-05
2.8779e-05
2.8751e-05
2.8724e-05
2.8696e-05
2.8668e-05
2.864e-05
2.8612e-05
2.8585e-05
2.8557e-05
2.8529e-05
2.8501e-05
2.8473e-05
2.8445e-05
2.8417e-05
2.8388e-05
2.836e-05
2.8332e-05
2.8304e-05
2.8276e-05
2.8248e-05
2.8219e-05
2.8191e-05
2.8163e-05
2.8134e-05
2.8106e-05
2.8078e-05
2.8049e-05
2.8021e-05
2.7993e-05
2.7964e-05
2.7936e-05
2.7907e-05
2.7879e-05
2.785e-05
2.7821e-05
2.7793e-05
2.7764e-05
2.7735e-05
2.7707e-05
2.7678e-05
2.7649e-05
2.7621e-05
2.7592e-05
2.7563e-05
2.7534e-05
2.7505e-05
2.7476e-05
2.7448e-05
2.7419e-05
2.739e-05
2.7361e-05
2.7332e-05
2.7303e-05
2.7274e-05
2.7245e-05
2.7216e-05
2.7187e-05
2.7158e-05
2.7128e-05
2.7099e-05
2.707e-05
2.7041e-05
2.7012e-05
2.6983e-05
2.6953e-05
2.6924e-05
2.6895e-05
2.6865e-05
2.6836e-05
2.6807e-05
2.6777e-05
2.6748e-05
2.6719e-05
2.6689e-05
2.666e-05
2.663e-05
2.6601e-05
2.6571e-05
2.6542e-05
2.6512e-05
2.6483e-05
2.6453e-05
2.6424e-05
2.6394e-05
2.6365e-05
2.6335e-05
2.6305e-05
2.6276e-05
2.6246e-05
2.6216e-05
2.6187e-05
2.6157e-05
2.6127e-05
2.6097e-05
2.6068e-05
2.6038e-05
2.6008e-05
2.5978e-05
2.5948e-05
2.5919e-05
2.5889e-05
2.5859e-05
2.5829e-05
2.5799e-05
2.5769e-05
2.5739e-05
2.5709e-05
2.5679e-05
2.5649e-05
2.5619e-05
2.5589e-05
2.5559e-05
2.5529e-05
2.5499e-05
2.5469e-05
2.5439e-05
2.5409e-05
2.5379e-05
2.5349e-05
2.5319e-05
2.5289e-05
2.5258e-05
2.5228e-05
2.5198e-05
2.5168e-05
2.5138e-05
2.5107e-05
2.5077e-05
2.5047e-05
2.5017e-05
2.4987e-05
2.4956e-05
2.4926e-05
2.4896e-05
2.4865e-05
2.4835e-05
2.4805e-05
2.4774e-05
2.4744e-05
2.4714e-05
2.4683e-05
2.4653e-05
2.4623e-05
2.4592e-05
2.4562e-05
2.4532e-05
2.4501e-05
2.4471e-05
2.444e-05
2.441e-05
2.4379e-05
2.4349e-05
2.4318e-05
2.4288e-05
2.4257e-05
2.4227e-05
2.4197e-05
2.4166e-05
2.4136e-05
2.4105e-05
2.4074e-05
2.4044e-05
2.4013e-05
2.3983e-05
2.3952e-05
2.3922e-05
2.3891e-05
2.3861e-05
2.383e-05
2.3799e-05
2.3769e-05
2.3738e-05
2.3708e-05
2.3677e-05
2.3646e-05
2.3616e-05
2.3585e-05
2.3555e-05
2.3524e-05
2.3493e-05
2.3463e-05
2.3432e-05
2.3401e-05
2.3371e-05
2.334e-05
2.3309e-05
2.3279e-05
2.3248e-05
2.3217e-05
2.3187e-05
2.3156e-05
2.3125e-05
2.3095e-05
2.3064e-05
2.3033e-05
2.3002e-05
2.2972e-05
2.2941e-05
2.291e-05
2.288e-05
2.2849e-05
2.2818e-05
2.2787e-05
2.2757e-05
2.2726e-05
2.2695e-05
2.2665e-05
2.2634e-05
2.2603e-05
2.2572e-05
2.2542e-05
2.2511e-05
2.248e-05
2.2449e-05
2.2419e-05
2.2388e-05
2.2357e-05
2.2327e-05
2.2296e-05
2.2265e-05
2.2234e-05
2.2204e-05
2.2173e-05
2.2142e-05
2.2111e-05
2.2081e-05
2.205e-05
2.2019e-05
2.1988e-05
2.1958e-05
2.1927e-05
2.1896e-05
2.1866e-05
2.1835e-05
2.1804e-05
2.1773e-05
2.1743e-05
2.1712e-05
2.1681e-05
2.165e-05
2.162e-05
2.1589e-05
2.1558e-05
2.1528e-05
2.1497e-05
2.1466e-05
2.1436e-05
2.1405e-05
2.1374e-05
2.1343e-05
2.1313e-05
2.1282e-05
2.1251e-05
2.1221e-05
2.119e-05
2.1159e-05
2.1129e-05
2.1098e-05
2.1067e-05
2.1037e-05
2.1006e-05
2.0976e-05
2.0945e-05
2.0914e-05
2.0884e-05
2.0853e-05
2.0822e-05
2.0792e-05
2.0761e-05
2.0731e-05
2.07e-05
2.0669e-05
2.0639e-05
2.0608e-05
2.0578e-05
2.0547e-05
2.0517e-05
2.0486e-05
2.0456e-05
2.0425e-05
2.0394e-05
2.0364e-05
2.0333e-05
2.0303e-05
2.0272e-05
2.0242e-05
2.0211e-05
2.0181e-05
2.015e-05
2.012e-05
2.009e-05
2.0059e-05
2.0029e-05
1.9998e-05
1.9968e-05
1.9937e-05
1.9907e-05
1.9877e-05
1.9846e-05
1.9816e-05
1.9785e-05
1.9755e-05
1.9725e-05
1.9694e-05
1.9664e-05
1.9634e-05
1.9603e-05
1.9573e-05
1.9543e-05
1.9513e-05
1.9482e-05
1.9452e-05
1.9422e-05
1.9391e-05
1.9361e-05
1.9331e-05
1.9301e-05
1.9271e-05
1.924e-05
1.921e-05
1.918e-05
1.915e-05
1.912e-05
1.909e-05
1.9059e-05
1.9029e-05
1.8999e-05
1.8969e-05
1.8939e-05
1.8909e-05
1.8879e-05
1.8849e-05
1.8819e-05
1.8789e-05
1.8759e-05
1.8729e-05
1.8699e-05
1.8669e-05
1.8639e-05
1.8609e-05
1.8579e-05
1.8549e-05
1.8519e-05
1.8489e-05
1.8459e-05
1.8429e-05
1.84e-05
1.837e-05
1.834e-05
1.831e-05
1.828e-05
1.825e-05
1.8221e-05
1.8191e-05
1.8161e-05
1.8131e-05
1.8102e-05
1.8072e-05
1.8042e-05
1.8013e-05
1.7983e-05
1.7953e-05
1.7924e-05
1.7894e-05
1.7864e-05
1.7835e-05
1.7805e-05
1.7776e-05
1.7746e-05
1.7717e-05
1.7687e-05
1.7658e-05
1.7628e-05
1.7599e-05
1.7569e-05
1.754e-05
1.751e-05
1.7481e-05
1.7452e-05
1.7422e-05
1.7393e-05
1.7364e-05
1.7334e-05
1.7305e-05
1.7276e-05
1.7246e-05
1.7217e-05
1.7188e-05
1.7159e-05
1.7129e-05
1.71e-05
1.7071e-05
1.7042e-05
1.7013e-05
1.6984e-05
1.6955e-05
1.6926e-05
1.6896e-05
1.6867e-05
1.6838e-05
1.6809e-05
1.678e-05
1.6751e-05
1.6722e-05
1.6693e-05
1.6665e-05
1.6636e-05
1.6607e-05
1.6578e-05
1.6549e-05
1.652e-05
1.6491e-05
1.6463e-05
1.6434e-05
1.6405e-05
1.6376e-05
1.6348e-05
1.6319e-05
1.629e-05
1.6262e-05
1.6233e-05
1.6204e-05
1.6176e-05
1.6147e-05
1.6119e-05
1.609e-05
1.6062e-05
1.6033e-05
1.6005e-05
1.5976e-05
1.5948e-05
1.5919e-05
1.5891e-05
1.5863e-05
1.5834e-05
1.5806e-05
1.5778e-05
1.5749e-05
1.5721e-05
1.5693e-05
1.5664e-05
1.5636e-05
1.5608e-05
1.558e-05
1.5552e-05
1.5524e-05
1.5496e-05
1.5467e-05
1.5439e-05
1.5411e-05
1.5383e-05
1.5355e-05
1.5327e-05
1.5299e-05
1.5271e-05
1.5244e-05
1.5216e-05
1.5188e-05
1.516e-05
1.5132e-05
1.5104e-05
1.5077e-05
1.5049e-05
1.5021e-05
1.4993e-05
1.4966e-05
1.4938e-05
1.491e-05
1.4883e-05
1.4855e-05
1.4828e-05
1.48e-05
1.4773e-05
1.4745e-05
1.4718e-05
1.469e-05
1.4663e-05
1.4635e-05
1.4608e-05
1.458e-05
1.4553e-05
1.4526e-05
1.4499e-05
1.4471e-05
1.4444e-05
1.4417e-05
1.439e-05
1.4362e-05
1.4335e-05
1.4308e-05
1.4281e-05
1.4254e-05
1.4227e-05
1.42e-05
1.4173e-05
1.4146e-05
1.4119e-05
1.4092e-05
1.4065e-05
1.4038e-05
1.4011e-05
1.3985e-05
1.3958e-05
1.3931e-05
1.3904e-05
1.3877e-05
1.3851e-05
1.3824e-05
1.3797e-05
1.3771e-05
1.3744e-05
1.3718e-05
1.3691e-05
1.3664e-05
1.3638e-05
1.3612e-05
1.3585e-05
1.3559e-05
1.3532e-05
1.3506e-05
1.3479e-05
1.3453e-05
1.3427e-05
1.3401e-05
1.3374e-05
1.3348e-05
1.3322e-05
1.3296e-05
1.327e-05
1.3243e-05
1.3217e-05
1.3191e-05
1.3165e-05
1.3139e-05
1.3113e-05
1.3087e-05
1.3061e-05
1.3035e-05
1.301e-05
1.2984e-05
1.2958e-05
1.2932e-05
1.2906e-05
1.2881e-05
1.2855e-05
1.2829e-05
1.2804e-05
1.2778e-05
1.2752e-05
1.2727e-05
1.2701e-05
1.2676e-05
1.265e-05
1.2625e-05
1.2599e-05
1.2574e-05
1.2548e-05
1.2523e-05
1.2498e-05
1.2472e-05
1.2447e-05
1.2422e-05
1.2397e-05
1.2371e-05
1.2346e-05
1.2321e-05
1.2296e-05
1.2271e-05
1.2246e-05
1.2221e-05
1.2196e-05
1.2171e-05
1.2146e-05
1.2121e-05
1.2096e-05
1.2071e-05
1.2046e-05
1.2021e-05
1.1997e-05
1.1972e-05
1.1947e-05
1.1922e-05
1.1898e-05
1.1873e-05
1.1849e-05
1.1824e-05
1.1799e-05
1.1775e-05
1.175e-05
1.1726e-05
1.1702e-05
1.1677e-05
1.1653e-05
1.1628e-05
1.1604e-05
1.158e-05
1.1555e-05
1.1531e-05
1.1507e-05
1.1483e-05
1.1459e-05
1.1435e-05
1.141e-05
1.1386e-05
1.1362e-05
1.1338e-05
1.1314e-05
1.129e-05
1.1267e-05
1.1243e-05
1.1219e-05
1.1195e-05
1.1171e-05
1.1147e-05
1.1124e-05
1.11e-05
1.1076e-05
1.1053e-05
1.1029e-05
1.1005e-05
1.0982e-05
1.0958e-05
1.0935e-05
1.0911e-05
1.0888e-05
1.0864e-05
1.0841e-05
1.0818e-05
1.0794e-05
1.0771e-05
1.0748e-05
1.0725e-05
1.0701e-05
1.0678e-05
1.0655e-05
1.0632e-05
1.0609e-05
1.0586e-05
1.0563e-05
1.054e-05
1.0517e-05
1.0494e-05
1.0471e-05
1.0448e-05
1.0425e-05
1.0402e-05
1.038e-05
1.0357e-05
1.0334e-05
1.0311e-05
1.0289e-05
1.0266e-05
1.0243e-05
1.0221e-05
1.0198e-05
1.0176e-05
1.0153e-05
1.0131e-05
1.0108e-05
1.0086e-05
1.0064e-05
1.0041e-05
1.0019e-05
9.9967e-06
9.9745e-06
9.9523e-06
9.9301e-06
9.9079e-06
9.8858e-06
9.8637e-06
9.8417e-06
9.8196e-06
9.7976e-06
9.7757e-06
9.7537e-06
9.7318e-06
9.71e-06
9.6881e-06
9.6663e-06
9.6445e-06
9.6228e-06
9.601e-06
9.5793e-06
9.5577e-06
9.5361e-06
9.5145e-06
9.4929e-06
9.4714e-06
9.4498e-06
9.4284e-06
9.4069e-06
9.3855e-06
9.3641e-06
9.3428e-06
9.3215e-06
9.3002e-06
9.2789e-06
9.2577e-06
9.2365e-06
9.2153e-06
9.1942e-06
9.1731e-06
9.152e-06
9.131e-06
9.11e-06
9.089e-06
9.068e-06
9.0471e-06
9.0262e-06
9.0054e-06
8.9845e-06
8.9638e-06
8.943e-06
8.9223e-06
8.9016e-06
8.8809e-06
8.8603e-06
8.8396e-06
8.8191e-06
8.7985e-06
8.778e-06
8.7575e-06
8.7371e-06
8.7167e-06
8.6963e-06
8.6759e-06
8.6556e-06
8.6353e-06
8.615e-06
8.5948e-06
8.5746e-06
8.5544e-06
8.5343e-06
8.5142e-06
8.4941e-06
8.474e-06
8.454e-06
8.434e-06
8.4141e-06
8.3942e-06
8.3743e-06
8.3544e-06
8.3346e-06
8.3148e-06
8.295e-06
8.2753e-06
8.2556e-06
8.2359e-06
8.2163e-06
8.1967e-06
8.1771e-06
8.1576e-06
8.138e-06
8.1186e-06
8.0991e-06
8.0797e-06
8.0603e-06
8.0409e-06
8.0216e-06
8.0023e-06
7.983e-06
7.9638e-06
7.9446e-06
7.9254e-06
7.9063e-06
7.8872e-06
7.8681e-06
7.8491e-06
7.83e-06
7.8111e-06
7.7921e-06
7.7732e-06
7.7543e-06
7.7354e-06
7.7166e-06
7.6978e-06
7.679e-06
7.6603e-06
7.6416e-06
7.6229e-06
7.6043e-06
7.5857e-06
7.5671e-06
7.5485e-06
7.53e-06
7.5115e-06
7.4931e-06
7.4747e-06
7.4563e-06
7.4379e-06
7.4196e-06
7.4013e-06
7.383e-06
7.3648e-06
7.3466e-06
7.3284e-06
7.3102e-06
7.2921e-06
7.274e-06
7.256e-06
7.238e-06
7.22e-06
7.202e-06
7.1841e-06
7.1662e-06
7.1483e-06
7.1305e-06
7.1127e-06
7.0949e-06
7.0772e-06
7.0595e-06
7.0418e-06
7.0241e-06
7.0065e-06
6.9889e-06
6.9714e-06
6.9538e-06
6.9364e-06
6.9189e-06
6.9015e-06
6.8841e-06
6.8667e-06
6.8493e-06
6.832e-06
6.8148e-06
6.7975e-06
6.7803e-06
6.7631e-06
6.7459e-06
6.7288e-06
6.7117e-06
6.6947e-06
6.6776e-06
6.6606e-06
6.6436e-06
6.6267e-06
6.6098e-06
6.5929e-06
6.5761e-06
6.5592e-06
6.5425e-06
6.5257e-06
6.509e-06
6.4923e-06
6.4756e-06
6.459e-06
6.4424e-06
6.4258e-06
6.4092e-06
6.3927e-06
6.3762e-06
6.3598e-06
6.3434e-06
6.327e-06
6.3106e-06
6.2943e-06
6.278e-06
6.2617e-06
6.2455e-06
6.2293e-06
6.2131e-06
6.1969e-06
6.1808e-06
6.1647e-06
6.1487e-06
6.1326e-06
6.1166e-06
6.1007e-06
6.0847e-06
6.0688e-06
6.0529e-06
6.0371e-06
6.0213e-06
6.0055e-06
5.9897e-06
5.974e-06
5.9583e-06
5.9426e-06
5.927e-06
5.9114e-06
5.8958e-06
5.8802e-06
5.8647e-06
5.8492e-06
5.8338e-06
5.8183e-06
5.8029e-06
5.7876e-06
5.7722e-06
5.7569e-06
5.7416e-06
5.7264e-06
5.7111e-06
5.6959e-06
5.6808e-06
5.6657e-06
5.6505e-06
5.6355e-06
5.6204e-06
5.6054e-06
5.5904e-06
5.5755e-06
5.5605e-06
5.5456e-06
5.5308e-06
5.5159e-06
5.5011e-06
5.4863e-06
5.4716e-06
5.4569e-06
5.4422e-06
5.4275e-06
5.4129e-06
5.3983e-06
5.3837e-06
5.3691e-06
5.3546e-06
5.3401e-06
5.3257e-06
5.3112e-06
5.2968e-06
5.2825e-06
5.2681e-06
5.2538e-06
5.2395e-06
5.2253e-06
5.211e-06
5.1968e-06
5.1827e-06
5.1685e-06
5.1544e-06
5.1403e-06
5.1263e-06
5.1122e-06
5.0982e-06
5.0843e-06
5.0703e-06
5.0564e-06
5.0425e-06
5.0287e-06
5.0149e-06
5.0011e-06
4.9873e-06
4.9735e-06
4.9598e-06
4.9462e-06
4.9325e-06
4.9189e-06
4.9053e-06
4.8917e-06
4.8782e-06
4.8646e-06
4.8512e-06
4.8377e-06
4.8243e-06
4.8109e-06
4.7975e-06
4.7841e-06
4.7708e-06
4.7575e-06
4.7443e-06
4.731e-06
4.7178e-06
4.7046e-06
4.6915e-06
4.6784e-06
4.6653e-06
4.6522e-06
4.6392e-06
4.6262e-06
4.6132e-06
4.6002e-06
4.5873e-06
4.5744e-06
4.5615e-06
4.5487e-06
4.5359e-06
4.5231e-06
4.5103e-06
4.4976e-06
4.4849e-06
4.4722e-06
4.4595e-06
4.4469e-06
4.4343e-06
4.4217e-06
4.4092e-06
4.3967e-06
4.3842e-06
4.3717e-06
4.3593e-06
4.3469e-06
4.3345e-06
4.3221e-06
4.3098e-06
4.2975e-06
4.2852e-06
4.273e-06
4.2608e-06
4.2486e-06
4.2364e-06
4.2243e-06
4.2121e-06
4.2001e-06
4.188e-06
4.176e-06
4.164e-06
4.152e-06
4.14e-06
4.1281e-06
4.1162e-06
4.1043e-06
4.0925e-06
4.0807e-06
4.0689e-06
4.0571e-06
4.0454e-06
4.0336e-06
4.022e-06
4.0103e-06
3.9987e-06
3.9871e-06
3.9755e-06
3.9639e-06
3.9524e-06
3.9409e-06
3.9294e-06
3.9179e-06
3.9065e-06
3.8951e-06
3.8837e-06
3.8724e-06
3.8611e-06
3.8498e-06
3.8385e-06
3.8272e-06
3.816e-06
3.8048e-06
3.7937e-06
3.7825e-06
3.7714e-06
3.7603e-06
3.7492e-06
3.7382e-06
3.7272e-06
3.7162e-06
3.7052e-06
3.6943e-06
3.6833e-06
3.6725e-06
3.6616e-06
3.6508e-06
3.6399e-06
3.6291e-06
3.6184e-06
3.6076e-06
3.5969e-06
3.5862e-06
3.5756e-06
3.5649e-06
3.5543e-06
3.5437e-06
3.5332e-06
3.5226e-06
3.5121e-06
3.5016e-06
3.4912e-06
3.4807e-06
3.4703e-06
3.4599e-06
3.4495e-06
3.4392e-06
3.4289e-06
3.4186e-06
3.4083e-06
3.3981e-06
3.3878e-06
3.3776e-06
3.3675e-06
3.3573e-06
3.3472e-06
3.3371e-06
3.327e-06
3.317e-06
3.3069e-06
3.2969e-06
3.287e-06
3.277e-06
3.2671e-06
3.2572e-06
3.2473e-06
3.2374e-06
3.2276e-06
3.2178e-06
3.208e-06
3.1982e-06
3.1885e-06
3.1788e-06
3.1691e-06
3.1594e-06
3.1497e-06
3.1401e-06
3.1305e-06
3.1209e-06
3.1114e-06
3.1019e-06
3.0923e-06
3.0829e-06
3.0734e-06
3.064e-06
3.0545e-06
3.0452e-06
3.0358e-06
3.0264e-06
3.0171e-06
3.0078e-06
2.9985e-06
2.9893e-06
2.9801e-06
2.9709e-06
2.9617e-06
2.9525e-06
2.9434e-06
2.9343e-06
2.9252e-06
2.9161e-06
2.907e-06
2.898e-06
2.889e-06
2.88e-06
2.8711e-06
2.8621e-06
2.8532e-06
2.8443e-06
2.8355e-06
2.8266e-06
2.8178e-06
2.809e-06
2.8002e-06
2.7914e-06
2.7827e-06
2.774e-06
2.7653e-06
2.7566e-06
2.748e-06
2.7394e-06
2.7308e-06
2.7222e-06
2.7136e-06
2.7051e-06
2.6966e-06
2.6881e-06
2.6796e-06
2.6711e-06
2.6627e-06
2.6543e-06
2.6459e-06
2.6375e-06
2.6292e-06
2.6209e-06
2.6126e-06
2.6043e-06
2.596e-06
2.5878e-06
2.5796e-06
2.5714e-06
2.5632e-06
2.5551e-06
2.5469e-06
2.5388e-06
2.5307e-06
2.5227e-06
2.5146e-06
2.5066e-06
2.4986e-06
2.4906e-06
2.4826e-06
2.4747e-06
2.4668e-06
2.4589e-06
2.451e-06
2.4431e-06
2.4353e-06
2.4274e-06
2.4196e-06
2.4119e-06
2.4041e-06
2.3964e-06
2.3887e-06
2.381e-06
2.3733e-06
2.3656e-06
2.358e-06
2.3504e-06
2.3428e-06
2.3352e-06
2.3276e-06
2.3201e-06
2.3126e-06
2.3051e-06
2.2976e-06
2.2902e-06
2.2827e-06
2.2753e-06
2.2679e-06
2.2605e-06
2.2532e-06
2.2458e-06
2.2385e-06
2.2312e-06
2.2239e-06
2.2167e-06
2.2094e-06
2.2022e-06
2.195e-06
2.1878e-06
2.1807e-06
2.1735e-06
2.1664e-06
2.1593e-06
2.1522e-06
2.1451e-06
2.1381e-06
2.1311e-06
2.1241e-06
2.1171e-06
2.1101e-06
2.1031e-06
2.0962e-06
2.0893e-06
2.0824e-06
2.0755e-06
2.0687e-06
2.0618e-06
2.055e-06
2.0482e-06
2.0414e-06
2.0346e-06
2.0279e-06
2.0212e-06
2.0145e-06
2.0078e-06
2.0011e-06
1.9944e-06
1.9878e-06
1.9812e-06
1.9746e-06
1.968e-06
1.9615e-06
1.9549e-06
1.9484e-06
1.9419e-06
1.9354e-06
1.9289e-06
1.9225e-06
1.916e-06
1.9096e-06
1.9032e-06
1.8968e-06
1.8905e-06
1.8841e-06
1.8778e-06
1.8715e-06
1.8652e-06
1.8589e-06
1.8526e-06
1.8464e-06
1.8402e-06
1.834e-06
1.8278e-06
1.8216e-06
1.8154e-06
1.8093e-06
1.8032e-06
1.7971e-06
1.791e-06
1.7849e-06
1.7789e-06
1.7729e-06
1.7668e-06
1.7608e-06
1.7549e-06
1.7489e-06
1.7429e-06
1.737e-06
1.7311e-06
1.7252e-06
1.7193e-06
1.7135e-06
1.7076e-06
1.7018e-06
1.696e-06
1.6902e-06
1.6844e-06
1.6786e-06
1.6729e-06
1.6671e-06
1.6614e-06
1.6557e-06
1.65e-06
1.6444e-06
1.6387e-06
1.6331e-06
1.6275e-06
1.6219e-06
1.6163e-06
1.6107e-06
1.6052e-06
1.5996e-06
1.5941e-06
1.5886e-06
1.5831e-06
1.5777e-06
1.5722e-06
1.5668e-06
1.5613e-06
1.5559e-06
1.5505e-06
1.5452e-06
1.5398e-06
1.5345e-06
1.5291e-06
1.5238e-06
1.5185e-06
1.5132e-06
1.508e-06
1.5027e-06
1.4975e-06
1.4923e-06
1.487e-06
1.4819e-06
1.4767e-06
1.4715e-06
1.4664e-06
1.4612e-06
1.4561e-06
1.451e-06
1.446e-06
1.4409e-06
1.4358e-06
1.4308e-06
1.4258e-06
1.4208e-06
1.4158e-06
1.4108e-06
1.4058e-06
1.4009e-06
1.3959e-06
1.391e-06
1.3861e-06
1.3812e-06
1.3763e-06
1.3715e-06
1.3666e-06
1.3618e-06
1.357e-06
1.3522e-06
1.3474e-06
1.3426e-06
1.3379e-06
1.3331e-06
1.3284e-06
1.3237e-06
1.319e-06
1.3143e-06
1.3096e-06
1.3049e-06
1.3003e-06
1.2957e-06
1.291e-06
1.2864e-06
1.2818e-06
1.2773e-06
1.2727e-06
1.2682e-06
1.2636e-06
1.2591e-06
1.2546e-06
1.2501e-06
1.2456e-06
1.2412e-06
1.2367e-06
1.2323e-06
1.2278e-06
1.2234e-06
1.219e-06
1.2146e-06
1.2103e-06
1.2059e-06
1.2016e-06
1.1972e-06
1.1929e-06
1.1886e-06
1.1843e-06
1.18e-06
1.1758e-06
1.1715e-06
1.1673e-06
1.1631e-06
1.1589e-06
1.1547e-06
1.1505e-06
1.1463e-06
1.1421e-06
1.138e-06
1.1339e-06
1.1297e-06
1.1256e-06
1.1215e-06
1.1174e-06
1.1134e-06
1.1093e-06
1.1053e-06
1.1012e-06
1.0972e-06
1.0932e-06
1.0892e-06
1.0852e-06
1.0813e-06
1.0773e-06
1.0734e-06
1.0694e-06
1.0655e-06
1.0616e-06
1.0577e-06
1.0538e-06
1.05e-06
1.0461e-06
1.0423e-06
1.0384e-06
1.0346e-06
1.0308e-06
1.027e-06
1.0232e-06
1.0194e-06
1.0157e-06
1.0119e-06
1.0082e-06
1.0045e-06
1.0008e-06
9.9705e-07
9.9336e-07
9.8968e-07
9.8601e-07
9.8236e-07
9.7871e-07
9.7508e-07
9.7146e-07
9.6785e-07
9.6426e-07
9.6067e-07
9.571e-07
9.5354e-07
9.4998e-07
9.4645e-07
9.4292e-07
9.394e-07
9.359e-07
9.324e-07
9.2892e-07
9.2545e-07
9.2199e-07
9.1854e-07
9.151e-07
9.1167e-07
9.0826e-07
9.0485e-07
9.0146e-07
8.9808e-07
8.947e-07
8.9134e-07
8.8799e-07
8.8465e-07
8.8133e-07
8.7801e-07
8.747e-07
8.7141e-07
8.6812e-07
8.6485e-07
8.6158e-07
8.5833e-07
8.5509e-07
8.5186e-07
8.4864e-07
8.4543e-07
8.4223e-07
8.3904e-07
8.3586e-07
8.3269e-07
8.2953e-07
8.2639e-07
8.2325e-07
8.2012e-07
8.1701e-07
8.139e-07
8.108e-07
8.0772e-07
8.0464e-07
8.0158e-07
7.9852e-07
7.9548e-07
7.9244e-07
7.8942e-07
7.864e-07
7.834e-07
7.804e-07
7.7742e-07
7.7445e-07
7.7148e-07
7.6853e-07
7.6558e-07
7.6265e-07
7.5972e-07
7.568e-07
7.539e-07
7.51e-07
7.4812e-07
7.4524e-07
7.4237e-07
7.3951e-07
7.3667e-07
7.3383e-07
7.31e-07
7.2818e-07
7.2537e-07
7.2257e-07
7.1978e-07
7.17e-07
7.1422e-07
7.1146e-07
7.0871e-07
7.0596e-07
7.0323e-07
7.005e-07
6.9779e-07
6.9508e-07
6.9238e-07
6.8969e-07
6.8701e-07
6.8434e-07
6.8168e-07
6.7903e-07
6.7639e-07
6.7375e-07
6.7113e-07
6.6851e-07
6.659e-07
6.633e-07
6.6071e-07
6.5813e-07
6.5556e-07
6.53e-07
6.5044e-07
6.479e-07
6.4536e-07
6.4283e-07
6.4031e-07
6.378e-07
6.353e-07
6.3281e-07
6.3032e-07
6.2784e-07
6.2538e-07
6.2292e-07
6.2047e-07
6.1802e-07
6.1559e-07
6.1316e-07
6.1075e-07
6.0834e-07
6.0594e-07
6.0354e-07
6.0116e-07
5.9879e-07
5.9642e-07
5.9406e-07
5.9171e-07
5.8936e-07
5.8703e-07
5.847e-07
5.8239e-07
5.8008e-07
5.7777e-07
5.7548e-07
5.7319e-07
5.7091e-07
5.6864e-07
5.6638e-07
5.6413e-07
5.6188e-07
5.5964e-07
5.5741e-07
5.5519e-07
5.5297e-07
5.5077e-07
5.4857e-07
5.4638e-07
5.4419e-07
5.4202e-07
5.3985e-07
5.3769e-07
5.3553e-07
5.3339e-07
5.3125e-07
5.2912e-07
5.2699e-07
5.2488e-07
5.2277e-07
5.2067e-07
5.1858e-07
5.1649e-07
5.1441e-07
5.1234e-07
5.1028e-07
5.0822e-07
5.0617e-07
5.0413e-07
5.021e-07
5.0007e-07
4.9805e-07
4.9604e-07
4.9403e-07
4.9203e-07
4.9004e-07
4.8806e-07
4.8608e-07
4.8411e-07
4.8215e-07
4.8019e-07
4.7825e-07
4.763e-07
4.7437e-07
4.7244e-07
4.7052e-07
4.6861e-07
4.667e-07
4.648e-07
4.6291e-07
4.6102e-07
4.5914e-07
4.5727e-07
4.554e-07
4.5354e-07
4.5169e-07
4.4984e-07
4.4801e-07
4.4617e-07
4.4435e-07
4.4253e-07
4.4072e-07
4.3891e-07
4.3711e-07
4.3532e-07
4.3353e-07
4.3175e-07
4.2998e-07
4.2821e-07
4.2645e-07
4.247e-07
4.2295e-07
4.2121e-07
4.1947e-07
4.1774e-07
4.1602e-07
4.1431e-07
4.126e-07
4.1089e-07
4.092e-07
4.0751e-07
4.0582e-07
4.0414e-07
4.0247e-07
4.008e-07
3.9914e-07
3.9749e-07
3.9584e-07
3.942e-07
3.9257e-07
3.9094e-07
3.8931e-07
3.8769e-07
3.8608e-07
3.8448e-07
3.8288e-07
3.8128e-07
3.797e-07
3.7811e-07
3.7654e-07
3.7497e-07
3.734e-07
3.7185e-07
3.7029e-07
3.6875e-07
3.672e-07
3.6567e-07
3.6414e-07
3.6262e-07
3.611e-07
3.5958e-07
3.5808e-07
3.5658e-07
3.5508e-07
3.5359e-07
3.5211e-07
3.5063e-07
3.4915e-07
3.4769e-07
3.4622e-07
3.4477e-07
3.4332e-07
3.4187e-07
3.4043e-07
3.3899e-07
3.3756e-07
3.3614e-07
3.3472e-07
3.3331e-07
3.319e-07
3.305e-07
3.291e-07
3.2771e-07
3.2632e-07
3.2494e-07
3.2356e-07
3.2219e-07
3.2082e-07
3.1946e-07
3.1811e-07
3.1676e-07
3.1541e-07
3.1407e-07
3.1273e-07
3.114e-07
3.1008e-07
3.0876e-07
3.0744e-07
3.0613e-07
3.0483e-07
3.0353e-07
3.0223e-07
3.0094e-07
2.9966e-07
2.9838e-07
2.971e-07
2.9583e-07
2.9457e-07
2.9331e-07
2.9205e-07
2.908e-07
2.8955e-07
2.8831e-07
2.8707e-07
2.8584e-07
2.8462e-07
2.8339e-07
2.8218e-07
2.8096e-07
2.7975e-07
2.7855e-07
2.7735e-07
2.7616e-07
2.7497e-07
2.7378e-07
2.726e-07
2.7142e-07
2.7025e-07
2.6909e-07
2.6792e-07
2.6677e-07
2.6561e-07
2.6446e-07
2.6332e-07
2.6218e-07
2.6104e-07
2.5991e-07
2.5879e-07
2.5766e-07
2.5655e-07
2.5543e-07
2.5432e-07
2.5322e-07
2.5212e-07
2.5102e-07
2.4993e-07
2.4884e-07
2.4776e-07
2.4668e-07
2.456e-07
2.4453e-07
2.4347e-07
2.424e-07
2.4135e-07
2.4029e-07
2.3924e-07
2.382e-07
2.3715e-07
2.3612e-07
2.3508e-07
2.3405e-07
2.3303e-07
2.3201e-07
2.3099e-07
2.2998e-07
2.2897e-07
2.2796e-07
2.2696e-07
2.2596e-07
2.2497e-07
2.2398e-07
2.23e-07
2.2201e-07
2.2104e-07
2.2006e-07
2.1909e-07
2.1813e-07
2.1717e-07
2.1621e-07
2.1525e-07
2.143e-07
2.1335e-07
2.1241e-07
2.1147e-07
2.1054e-07
2.096e-07
2.0868e-07
2.0775e-07
2.0683e-07
2.0591e-07
2.05e-07
2.0409e-07
2.0319e-07
2.0228e-07
2.0138e-07
2.0049e-07
1.996e-07
1.9871e-07
1.9783e-07
1.9694e-07
1.9607e-07
1.9519e-07
1.9432e-07
1.9346e-07
1.9259e-07
1.9173e-07
1.9088e-07
1.9002e-07
1.8917e-07
1.8833e-07
1.8749e-07
1.8665e-07
1.8581e-07
1.8498e-07
1.8415e-07
1.8332e-07
1.825e-07
1.8168e-07
1.8087e-07
1.8006e-07
1.7925e-07
1.7844e-07
1.7764e-07
1.7684e-07
1.7604e-07
1.7525e-07
1.7446e-07
1.7368e-07
1.7289e-07
1.7211e-07
1.7134e-07
1.7056e-07
1.6979e-07
1.6903e-07
1.6826e-07
1.675e-07
1.6674e-07
1.6599e-07
1.6524e-07
1.6449e-07
1.6375e-07
1.63e-07
1.6226e-07
1.6153e-07
1.608e-07
1.6007e-07
1.5934e-07
1.5861e-07
1.5789e-07
1.5718e-07
1.5646e-07
1.5575e-07
1.5504e-07
1.5433e-07
1.5363e-07
1.5293e-07
1.5223e-07
1.5154e-07
1.5085e-07
1.5016e-07
1.4947e-07
1.4879e-07
1.4811e-07
1.4743e-07
1.4675e-07
1.4608e-07
1.4541e-07
1.4475e-07
1.4408e-07
1.4342e-07
1.4277e-07
1.4211e-07
1.4146e-07
1.4081e-07
1.4016e-07
1.3952e-07
1.3888e-07
1.3824e-07
1.376e-07
1.3697e-07
1.3634e-07
1.3571e-07
1.3508e-07
1.3446e-07
1.3384e-07
1.3322e-07
1.3261e-07
1.3199e-07
1.3138e-07
1.3078e-07
1.3017e-07
1.2957e-07
1.2897e-07
1.2837e-07
1.2778e-07
1.2718e-07
1.2659e-07
1.2601e-07
1.2542e-07
1.2484e-07
1.2426e-07
1.2368e-07
1.2311e-07
1.2254e-07
1.2197e-07
1.214e-07
1.2083e-07
1.2027e-07
1.1971e-07
1.1915e-07
1.186e-07
1.1804e-07
1.1749e-07
1.1694e-07
1.164e-07
1.1585e-07
1.1531e-07
1.1477e-07
1.1424e-07
1.137e-07
1.1317e-07
1.1264e-07
1.1211e-07
1.1159e-07
1.1106e-07
1.1054e-07
1.1002e-07
1.0951e-07
1.0899e-07
1.0848e-07
1.0797e-07
1.0746e-07
1.0696e-07
1.0645e-07
1.0595e-07
1.0545e-07
1.0495e-07
1.0446e-07
1.0397e-07
1.0348e-07
1.0299e-07
1.025e-07
1.0202e-07
1.0154e-07
1.0106e-07
1.0058e-07
1.001e-07
9.9628e-08
9.9156e-08
9.8686e-08
9.8219e-08
9.7753e-08
9.7289e-08
9.6828e-08
9.6368e-08
9.5911e-08
9.5455e-08
9.5001e-08
9.455e-08
9.41e-08
9.3652e-08
9.3206e-08
9.2763e-08
9.2321e-08
9.1881e-08
9.1443e-08
9.1007e-08
9.0572e-08
9.014e-08
8.971e-08
8.9281e-08
8.8854e-08
8.843e-08
8.8007e-08
8.7586e-08
8.7166e-08
8.6749e-08
8.6333e-08
8.592e-08
8.5508e-08
8.5098e-08
8.4689e-08
8.4283e-08
8.3878e-08
8.3475e-08
8.3074e-08
8.2675e-08
8.2277e-08
8.1881e-08
8.1487e-08
8.1095e-08
8.0704e-08
8.0315e-08
7.9928e-08
7.9543e-08
7.9159e-08
7.8777e-08
7.8397e-08
7.8018e-08
7.7641e-08
7.7266e-08
7.6892e-08
7.652e-08
7.615e-08
7.5781e-08
7.5414e-08
7.5049e-08
7.4685e-08
7.4323e-08
7.3962e-08
7.3603e-08
7.3246e-08
7.289e-08
7.2536e-08
7.2183e-08
7.1832e-08
7.1483e-08
7.1135e-08
7.0789e-08
7.0444e-08
7.0101e-08
6.9759e-08
6.9419e-08
6.9081e-08
6.8744e-08
6.8408e-08
6.8074e-08
6.7741e-08
6.741e-08
6.7081e-08
6.6753e-08
6.6426e-08
6.6101e-08
6.5777e-08
6.5455e-08
6.5134e-08
6.4815e-08
6.4497e-08
6.4181e-08
6.3866e-08
6.3552e-08
6.324e-08
6.2929e-08
6.262e-08
6.2312e-08
6.2006e-08
6.17e-08
6.1397e-08
6.1094e-08
6.0793e-08
6.0494e-08
6.0195e-08
5.9898e-08
5.9603e-08
5.9309e-08
5.9016e-08
5.8724e-08
5.8434e-08
5.8145e-08
5.7858e-08
5.7571e-08
5.7286e-08
5.7003e-08
5.672e-08
5.6439e-08
5.616e-08
5.5881e-08
5.5604e-08
5.5328e-08
5.5053e-08
5.478e-08
5.4508e-08
5.4237e-08
5.3967e-08
5.3699e-08
5.3431e-08
5.3165e-08
5.2901e-08
5.2637e-08
5.2375e-08
5.2114e-08
5.1854e-08
5.1595e-08
5.1337e-08
5.1081e-08
5.0826e-08
5.0572e-08
5.0319e-08
5.0068e-08
4.9817e-08
4.9568e-08
4.932e-08
4.9073e-08
4.8827e-08
4.8582e-08
4.8338e-08
4.8096e-08
4.7855e-08
4.7614e-08
4.7375e-08
4.7137e-08
4.69e-08
4.6665e-08
4.643e-08
4.6196e-08
4.5964e-08
4.5732e-08
4.5502e-08
4.5273e-08
4.5045e-08
4.4817e-08
4.4591e-08
4.4366e-08
4.4142e-08
4.3919e-08
4.3698e-08
4.3477e-08
4.3257e-08
4.3038e-08
4.282e-08
4.2604e-08
4.2388e-08
4.2173e-08
4.196e-08
4.1747e-08
4.1535e-08
4.1324e-08
4.1115e-08
4.0906e-08
4.0698e-08
4.0492e-08
4.0286e-08
4.0081e-08
3.9877e-08
3.9674e-08
3.9472e-08
3.9271e-08
3.9071e-08
3.8872e-08
3.8674e-08
3.8477e-08
3.828e-08
3.8085e-08
3.7891e-08
3.7697e-08
3.7505e-08
3.7313e-08
3.7122e-08
3.6932e-08
3.6743e-08
3.6555e-08
3.6368e-08
3.6182e-08
3.5996e-08
3.5812e-08
3.5628e-08
3.5446e-08
3.5264e-08
3.5083e-08
3.4902e-08
3.4723e-08
3.4545e-08
3.4367e-08
3.419e-08
3.4014e-08
3.3839e-08
3.3665e-08
3.3492e-08
3.3319e-08
3.3147e-08
3.2977e-08
3.2806e-08
3.2637e-08
3.2469e-08
3.2301e-08
3.2134e-08
3.1968e-08
3.1803e-08
3.1638e-08
3.1475e-08
3.1312e-08
3.115e-08
3.0988e-08
3.0828e-08
3.0668e-08
3.0509e-08
3.0351e-08
3.0193e-08
3.0037e-08
2.9881e-08
2.9725e-08
2.9571e-08
2.9417e-08
2.9264e-08
2.9112e-08
2.8961e-08
2.881e-08
2.866e-08
2.8511e-08
2.8362e-08
2.8214e-08
2.8067e-08
2.7921e-08
2.7775e-08
2.763e-08
2.7486e-08
2.7342e-08
2.7199e-08
2.7057e-08
2.6915e-08
2.6775e-08
2.6634e-08
2.6495e-08
2.6356e-08
2.6218e-08
2.6081e-08
2.5944e-08
2.5808e-08
2.5672e-08
2.5538e-08
2.5404e-08
2.527e-08
2.5137e-08
2.5005e-08
2.4874e-08
2.4743e-08
2.4613e-08
2.4483e-08
2.4354e-08
2.4226e-08
2.4098e-08
2.3971e-08
2.3845e-08
2.3719e-08
2.3594e-08
2.3469e-08
2.3345e-08
2.3222e-08
2.3099e-08
2.2977e-08
2.2855e-08
2.2735e-08
2.2614e-08
2.2494e-08
2.2375e-08
2.2257e-08
2.2139e-08
2.2021e-08
2.1905e-08
2.1788e-08
2.1673e-08
2.1558e-08
2.1443e-08
2.1329e-08
2.1216e-08
2.1103e-08
2.0991e-08
2.0879e-08
2.0768e-08
2.0657e-08
2.0547e-08
2.0438e-08
2.0329e-08
2.0221e-08
2.0113e-08
2.0005e-08
1.9899e-08
1.9792e-08
1.9687e-08
1.9581e-08
1.9477e-08
1.9372e-08
1.9269e-08
1.9166e-08
1.9063e-08
1.8961e-08
1.8859e-08
1.8758e-08
1.8658e-08
1.8558e-08
1.8458e-08
1.8359e-08
1.8261e-08
1.8163e-08
1.8065e-08
1.7968e-08
1.7871e-08
1.7775e-08
1.768e-08
1.7584e-08
1.749e-08
1.7396e-08
1.7302e-08
1.7209e-08
1.7116e-08
1.7023e-08
1.6932e-08
1.684e-08
1.6749e-08
1.6659e-08
1.6569e-08
1.6479e-08
1.639e-08
1.6302e-08
1.6213e-08
1.6126e-08
1.6038e-08
1.5951e-08
1.5865e-08
1.5779e-08
1.5694e-08
1.5608e-08
1.5524e-08
1.5439e-08
1.5356e-08
1.5272e-08
1.5189e-08
1.5107e-08
1.5025e-08
1.4943e-08
1.4862e-08
1.4781e-08
1.47e-08
1.462e-08
1.4541e-08
1.4461e-08
1.4382e-08
1.4304e-08
1.4226e-08
1.4148e-08
1.4071e-08
1.3994e-08
1.3918e-08
1.3842e-08
1.3766e-08
1.3691e-08
1.3616e-08
1.3541e-08
1.3467e-08
1.3393e-08
1.332e-08
1.3247e-08
1.3174e-08
1.3102e-08
1.303e-08
1.2959e-08
1.2888e-08
1.2817e-08
1.2746e-08
1.2676e-08
1.2607e-08
1.2537e-08
1.2468e-08
1.24e-08
1.2332e-08
1.2264e-08
1.2196e-08
1.2129e-08
1.2062e-08
1.1996e-08
1.1929e-08
1.1864e-08
1.1798e-08
1.1733e-08
1.1668e-08
1.1604e-08
1.1539e-08
1.1476e-08
1.1412e-08
1.1349e-08
1.1286e-08
1.1224e-08
1.1162e-08
1.11e-08
1.1038e-08
1.0977e-08
1.0916e-08
1.0856e-08
1.0795e-08
1.0735e-08
1.0676e-08
1.0616e-08
1.0557e-08
1.0499e-08
1.044e-08
1.0382e-08
1.0324e-08
1.0267e-08
1.021e-08
1.0153e-08
1.0096e-08
1.004e-08
9.984e-09
9.9283e-09
9.8729e-09
9.8178e-09
9.763e-09
9.7084e-09
9.6542e-09
9.6002e-09
9.5465e-09
9.4931e-09
9.44e-09
9.3871e-09
9.3346e-09
9.2823e-09
9.2303e-09
9.1785e-09
9.1271e-09
9.0759e-09
9.0249e-09
8.9743e-09
8.9239e-09
8.8738e-09
8.8239e-09
8.7743e-09
8.725e-09
8.6759e-09
8.6271e-09
8.5785e-09
8.5302e-09
8.4822e-09
8.4344e-09
8.3869e-09
8.3396e-09
8.2926e-09
8.2458e-09
8.1993e-09
8.153e-09
8.1069e-09
8.0611e-09
8.0156e-09
7.9703e-09
7.9252e-09
7.8804e-09
7.8358e-09
7.7914e-09
7.7473e-09
7.7034e-09
7.6598e-09
7.6164e-09
7.5732e-09
7.5302e-09
7.4875e-09
7.445e-09
7.4027e-09
7.3607e-09
7.3189e-09
7.2773e-09
7.2359e-09
7.1948e-09
7.1538e-09
7.1131e-09
7.0726e-09
7.0324e-09
6.9923e-09
6.9525e-09
6.9128e-09
6.8734e-09
6.8342e-09
6.7952e-09
6.7564e-09
6.7178e-09
6.6795e-09
6.6413e-09
6.6034e-09
6.5656e-09
6.5281e-09
6.4907e-09
6.4536e-09
6.4166e-09
6.3799e-09
6.3433e-09
6.307e-09
6.2708e-09
6.2349e-09
6.1991e-09
6.1635e-09
6.1282e-09
6.093e-09
6.058e-09
6.0232e-09
5.9885e-09
5.9541e-09
5.9199e-09
5.8858e-09
5.8519e-09
5.8182e-09
5.7847e-09
5.7514e-09
5.7183e-09
5.6853e-09
5.6525e-09
5.6199e-09
5.5875e-09
5.5552e-09
5.5232e-09
5.4913e-09
5.4595e-09
5.428e-09
5.3966e-09
5.3654e-09
5.3343e-09
5.3035e-09
5.2728e-09
5.2422e-09
5.2119e-09
5.1817e-09
5.1516e-09
5.1218e-09
5.092e-09
5.0625e-09
5.0331e-09
5.0039e-09
4.9748e-09
4.9459e-09
4.9172e-09
4.8886e-09
4.8602e-09
4.8319e-09
4.8038e-09
4.7758e-09
4.748e-09
4.7203e-09
4.6928e-09
4.6655e-09
4.6383e-09
4.6112e-09
4.5843e-09
4.5576e-09
4.5309e-09
4.5045e-09
4.4782e-09
4.452e-09
4.426e-09
4.4001e-09
4.3743e-09
4.3488e-09
4.3233e-09
4.298e-09
4.2728e-09
4.2478e-09
4.2229e-09
4.1981e-09
4.1735e-09
4.149e-09
4.1247e-09
4.1004e-09
4.0764e-09
4.0524e-09
4.0286e-09
4.0049e-09
3.9814e-09
3.958e-09
3.9347e-09
3.9115e-09
3.8885e-09
3.8656e-09
3.8428e-09
3.8202e-09
3.7976e-09
3.7752e-09
3.753e-09
3.7308e-09
3.7088e-09
3.6869e-09
3.6651e-09
3.6435e-09
3.6219e-09
3.6005e-09
3.5792e-09
3.558e-09
3.537e-09
3.5161e-09
3.4952e-09
3.4745e-09
3.4539e-09
3.4335e-09
3.4131e-09
3.3929e-09
3.3727e-09
3.3527e-09
3.3328e-09
3.313e-09
3.2933e-09
3.2738e-09
3.2543e-09
3.235e-09
3.2157e-09
3.1966e-09
3.1775e-09
3.1586e-09
3.1398e-09
3.1211e-09
3.1025e-09
3.084e-09
3.0656e-09
3.0473e-09
3.0292e-09
3.0111e-09
2.9931e-09
2.9752e-09
2.9574e-09
2.9398e-09
2.9222e-09
2.9047e-09
2.8873e-09
2.8701e-09
2.8529e-09
2.8358e-09
2.8188e-09
2.8019e-09
2.7851e-09
2.7684e-09
2.7518e-09
2.7353e-09
2.7189e-09
2.7026e-09
2.6863e-09
2.6702e-09
2.6542e-09
2.6382e-09
2.6223e-09
2.6066e-09
2.5909e-09
2.5753e-09
2.5598e-09
2.5444e-09
2.529e-09
2.5138e-09
2.4987e-09
2.4836e-09
2.4686e-09
2.4537e-09
2.4389e-09
2.4242e-09
2.4095e-09
2.395e-09
2.3805e-09
2.3661e-09
2.3518e-09
2.3376e-09
2.3234e-09
2.3094e-09
2.2954e-09
2.2815e-09
2.2677e-09
2.2539e-09
2.2403e-09
2.2267e-09
2.2132e-09
2.1998e-09
2.1864e-09
2.1731e-09
2.1599e-09
2.1468e-09
2.1338e-09
2.1208e-09
2.1079e-09
2.0951e-09
2.0823e-09
2.0696e-09
2.057e-09
2.0445e-09
2.0321e-09
2.0197e-09
2.0074e-09
1.9951e-09
1.983e-09
1.9709e-09
1.9588e-09
1.9469e-09
1.935e-09
1.9232e-09
1.9114e-09
1.8997e-09
1.8881e-09
1.8766e-09
1.8651e-09
1.8537e-09
1.8423e-09
1.831e-09
1.8198e-09
1.8087e-09
1.7976e-09
1.7865e-09
1.7756e-09
1.7647e-09
1.7539e-09
1.7431e-09
1.7324e-09
1.7217e-09
1.7112e-09
1.7006e-09
1.6902e-09
1.6798e-09
1.6695e-09
1.6592e-09
1.649e-09
1.6388e-09
1.6287e-09
1.6187e-09
1.6087e-09
1.5988e-09
1.5889e-09
1.5791e-09
1.5694e-09
1.5597e-09
1.55e-09
1.5405e-09
1.531e-09
1.5215e-09
1.5121e-09
1.5027e-09
1.4934e-09
1.4842e-09
1.475e-09
1.4659e-09
1.4568e-09
1.4478e-09
1.4388e-09
1.4299e-09
1.421e-09
1.4122e-09
1.4034e-09
1.3947e-09
1.386e-09
1.3774e-09
1.3689e-09
1.3604e-09
1.3519e-09
1.3435e-09
1.3351e-09
1.3268e-09
1.3186e-09
1.3104e-09
1.3022e-09
1.2941e-09
1.286e-09
1.278e-09
1.27e-09
1.2621e-09
1.2542e-09
1.2464e-09
1.2386e-09
1.2309e-09
1.2232e-09
1.2156e-09
1.208e-09
1.2004e-09
1.1929e-09
1.1854e-09
1.178e-09
1.1706e-09
1.1633e-09
1.156e-09
1.1488e-09
1.1416e-09
1.1344e-09
1.1273e-09
1.1202e-09
1.1132e-09
1.1062e-09
1.0993e-09
1.0924e-09
1.0855e-09
1.0787e-09
1.0719e-09
1.0651e-09
1.0584e-09
1.0518e-09
1.0452e-09
1.0386e-09
1.032e-09
1.0255e-09
1.0191e-09
1.0127e-09
1.0063e-09
9.9992e-10
9.9361e-10
9.8734e-10
9.811e-10
9.7491e-10
9.6875e-10
9.6263e-10
9.5654e-10
9.5049e-10
9.4448e-10
9.385e-10
9.3256e-10
9.2666e-10
9.2079e-10
9.1496e-10
9.0916e-10
9.034e-10
8.9767e-10
8.9198e-10
8.8632e-10
8.8069e-10
8.751e-10
8.6955e-10
8.6402e-10
8.5853e-10
8.5308e-10
8.4765e-10
8.4226e-10
8.3691e-10
8.3158e-10
8.2629e-10
8.2103e-10
8.158e-10
8.106e-10
8.0544e-10
8.003e-10
7.952e-10
7.9013e-10
7.8509e-10
7.8008e-10
7.751e-10
7.7015e-10
7.6523e-10
7.6034e-10
7.5548e-10
7.5065e-10
7.4585e-10
7.4108e-10
7.3633e-10
7.3162e-10
7.2694e-10
7.2228e-10
7.1765e-10
7.1305e-10
7.0848e-10
7.0394e-10
6.9942e-10
6.9494e-10
6.9048e-10
6.8604e-10
6.8164e-10
6.7726e-10
6.7291e-10
6.6858e-10
6.6428e-10
6.6001e-10
6.5577e-10
6.5155e-10
6.4735e-10
6.4318e-10
6.3904e-10
6.3492e-10
6.3083e-10
6.2677e-10
6.2272e-10
6.1871e-10
6.1472e-10
6.1075e-10
6.0681e-10
6.0289e-10
5.9899e-10
5.9512e-10
5.9128e-10
5.8745e-10
5.8365e-10
5.7988e-10
5.7613e-10
5.724e-10
5.6869e-10
5.6501e-10
5.6135e-10
5.5771e-10
5.5409e-10
5.505e-10
5.4693e-10
5.4338e-10
5.3986e-10
5.3635e-10
5.3287e-10
5.2941e-10
5.2597e-10
5.2255e-10
5.1915e-10
5.1577e-10
5.1242e-10
5.0909e-10
5.0577e-10
5.0248e-10
4.9921e-10
4.9595e-10
4.9272e-10
4.8951e-10
4.8632e-10
4.8315e-10
4.8e-10
4.7686e-10
4.7375e-10
4.7066e-10
4.6758e-10
4.6453e-10
4.6149e-10
4.5847e-10
4.5548e-10
4.525e-10
4.4954e-10
4.4659e-10
4.4367e-10
4.4077e-10
4.3788e-10
4.3501e-10
4.3216e-10
4.2932e-10
4.2651e-10
4.2371e-10
4.2093e-10
4.1817e-10
4.1542e-10
4.1269e-10
4.0998e-10
4.0729e-10
4.0461e-10
4.0195e-10
3.9931e-10
3.9668e-10
3.9407e-10
3.9148e-10
3.889e-10
3.8634e-10
3.8379e-10
3.8126e-10
3.7875e-10
3.7625e-10
3.7377e-10
3.713e-10
3.6885e-10
3.6642e-10
3.64e-10
3.6159e-10
3.5921e-10
3.5683e-10
3.5447e-10
3.5213e-10
3.498e-10
3.4748e-10
3.4518e-10
3.429e-10
3.4063e-10
3.3837e-10
3.3613e-10
3.339e-10
3.3169e-10
3.2949e-10
3.273e-10
3.2513e-10
3.2297e-10
3.2083e-10
3.187e-10
3.1658e-10
3.1448e-10
3.1239e-10
3.1031e-10
3.0825e-10
3.0619e-10
3.0416e-10
3.0213e-10
3.0012e-10
2.9812e-10
2.9614e-10
2.9416e-10
2.922e-10
2.9025e-10
2.8832e-10
2.8639e-10
2.8448e-10
2.8258e-10
2.807e-10
2.7882e-10
2.7696e-10
2.7511e-10
2.7327e-10
2.7144e-10
2.6963e-10
2.6782e-10
2.6603e-10
2.6425e-10
2.6248e-10
2.6072e-10
2.5897e-10
2.5724e-10
2.5551e-10
2.538e-10
2.521e-10
2.5041e-10
2.4873e-10
2.4706e-10
2.454e-10
2.4375e-10
2.4211e-10
2.4048e-10
2.3887e-10
2.3726e-10
2.3567e-10
2.3408e-10
2.325e-10
2.3094e-10
2.2938e-10
2.2784e-10
2.263e-10
2.2478e-10
2.2326e-10
2.2176e-10
2.2026e-10
2.1878e-10
2.173e-10
2.1583e-10
2.1437e-10
2.1293e-10
2.1149e-10
2.1006e-10
2.0864e-10
2.0723e-10
2.0583e-10
2.0443e-10
2.0305e-10
2.0167e-10
2.0031e-10
1.9895e-10
1.976e-10
1.9626e-10
1.9493e-10
1.9361e-10
1.923e-10
1.9099e-10
1.897e-10
1.8841e-10
1.8713e-10
1.8586e-10
1.846e-10
1.8334e-10
1.821e-10
1.8086e-10
1.7963e-10
1.784e-10
1.7719e-10
1.7598e-10
1.7479e-10
1.736e-10
1.7241e-10
1.7124e-10
1.7007e-10
1.6891e-10
1.6776e-10
1.6661e-10
1.6548e-10
1.6435e-10
1.6322e-10
1.6211e-10
1.61e-10
1.599e-10
1.5881e-10
1.5772e-10
1.5664e-10
1.5557e-10
1.5451e-10
1.5345e-10
1.524e-10
1.5135e-10
1.5032e-10
1.4929e-10
1.4826e-10
1.4725e-10
1.4624e-10
1.4523e-10
1.4424e-10
1.4325e-10
1.4226e-10
1.4129e-10
1.4032e-10
1.3935e-10
1.3839e-10
1.3744e-10
1.365e-10
1.3556e-10
1.3462e-10
1.337e-10
1.3278e-10
1.3186e-10
1.3095e-10
1.3005e-10
1.2916e-10
1.2827e-10
1.2738e-10
1.265e-10
1.2563e-10
1.2476e-10
1.239e-10
1.2304e-10
1.2219e-10
1.2135e-10
1.2051e-10
1.1968e-10
1.1885e-10
1.1803e-10
1.1721e-10
1.164e-10
1.1559e-10
1.1479e-10
1.14e-10
1.1321e-10
1.1242e-10
1.1165e-10
1.1087e-10
1.101e-10
1.0934e-10
1.0858e-10
1.0783e-10
1.0708e-10
1.0633e-10
1.0559e-10
1.0486e-10
1.0413e-10
1.0341e-10
1.0269e-10
1.0197e-10
1.0126e-10
1.0056e-10
9.9859e-11
9.9163e-11
9.8472e-11
9.7786e-11
9.7105e-11
9.6428e-11
9.5755e-11
9.5087e-11
9.4424e-11
9.3764e-11
9.311e-11
9.246e-11
9.1814e-11
9.1172e-11
9.0535e-11
8.9902e-11
8.9273e-11
8.8649e-11
8.8028e-11
8.7412e-11
8.68e-11
8.6193e-11
8.5589e-11
8.4989e-11
8.4394e-11
8.3802e-11
8.3214e-11
8.2631e-11
8.2051e-11
8.1475e-11
8.0903e-11
8.0335e-11
7.9771e-11
7.9211e-11
7.8654e-11
7.8101e-11
7.7552e-11
7.7007e-11
7.6465e-11
7.5927e-11
7.5392e-11
7.4862e-11
7.4334e-11
7.3811e-11
7.3291e-11
7.2774e-11
7.2261e-11
7.1752e-11
7.1245e-11
7.0743e-11
7.0244e-11
6.9748e-11
6.9255e-11
6.8766e-11
6.828e-11
6.7798e-11
6.7318e-11
6.6842e-11
6.637e-11
6.59e-11
6.5434e-11
6.4971e-11
6.4511e-11
6.4054e-11
6.36e-11
6.315e-11
6.2702e-11
6.2257e-11
6.1816e-11
6.1378e-11
6.0942e-11
6.051e-11
6.008e-11
5.9653e-11
5.923e-11
5.8809e-11
5.8391e-11
5.7976e-11
5.7564e-11
5.7154e-11
5.6748e-11
5.6344e-11
5.5943e-11
5.5545e-11
5.5149e-11
5.4756e-11
5.4366e-11
5.3979e-11
5.3594e-11
5.3212e-11
5.2832e-11
5.2455e-11
5.2081e-11
5.1709e-11
5.134e-11
5.0973e-11
5.0609e-11
5.0248e-11
4.9889e-11
4.9532e-11
4.9178e-11
4.8826e-11
4.8477e-11
4.813e-11
4.7785e-11
4.7443e-11
4.7103e-11
4.6766e-11
4.6431e-11
4.6098e-11
4.5767e-11
4.5439e-11
4.5113e-11
4.4789e-11
4.4468e-11
4.4149e-11
4.3832e-11
4.3517e-11
4.3204e-11
4.2894e-11
4.2585e-11
4.2279e-11
4.1975e-11
4.1673e-11
4.1373e-11
4.1076e-11
4.078e-11
4.0486e-11
4.0195e-11
3.9905e-11
3.9617e-11
3.9332e-11
3.9048e-11
3.8767e-11
3.8487e-11
3.8209e-11
3.7933e-11
3.766e-11
3.7388e-11
3.7118e-11
3.6849e-11
3.6583e-11
3.6319e-11
3.6056e-11
3.5795e-11
3.5536e-11
3.5279e-11
3.5024e-11
3.477e-11
3.4518e-11
3.4268e-11
3.402e-11
3.3774e-11
3.3529e-11
3.3286e-11
3.3044e-11
3.2805e-11
3.2567e-11
3.233e-11
3.2096e-11
3.1863e-11
3.1631e-11
3.1401e-11
3.1173e-11
3.0947e-11
3.0722e-11
3.0498e-11
3.0276e-11
3.0056e-11
2.9837e-11
2.962e-11
2.9405e-11
2.919e-11
2.8978e-11
2.8767e-11
2.8557e-11
2.8349e-11
2.8142e-11
2.7937e-11
2.7733e-11
2.7531e-11
2.733e-11
2.713e-11
2.6932e-11
2.6736e-11
2.654e-11
2.6346e-11
2.6154e-11
2.5963e-11
2.5773e-11
2.5584e-11
2.5397e-11
2.5211e-11
2.5027e-11
2.4844e-11
2.4662e-11
2.4481e-11
2.4302e-11
2.4124e-11
2.3947e-11
2.3771e-11
2.3597e-11
2.3424e-11
2.3252e-11
2.3082e-11
2.2912e-11
2.2744e-11
2.2577e-11
2.2411e-11
2.2247e-11
2.2083e-11
2.1921e-11
2.176e-11
2.16e-11
2.1441e-11
2.1283e-11
2.1127e-11
2.0971e-11
2.0817e-11
2.0664e-11
2.0512e-11
2.0361e-11
2.0211e-11
2.0062e-11
1.9914e-11
1.9767e-11
1.9622e-11
1.9477e-11
1.9333e-11
1.9191e-11
1.9049e-11
1.8909e-11
1.8769e-11
1.8631e-11
1.8493e-11
1.8357e-11
1.8221e-11
1.8086e-11
1.7953e-11
1.782e-11
1.7688e-11
1.7558e-11
1.7428e-11
1.7299e-11
1.7171e-11
1.7044e-11
1.6918e-11
1.6793e-11
1.6669e-11
1.6545e-11
1.6423e-11
1.6301e-11
1.6181e-11
1.6061e-11
1.5942e-11
1.5824e-11
1.5706e-11
1.559e-11
1.5475e-11
1.536e-11
1.5246e-11
1.5133e-11
1.5021e-11
1.4909e-11
1.4799e-11
1.4689e-11
1.458e-11
1.4472e-11
1.4365e-11
1.4258e-11
1.4152e-11
1.4047e-11
1.3943e-11
1.3839e-11
1.3737e-11
1.3635e-11
1.3533e-11
1.3433e-11
1.3333e-11
1.3234e-11
1.3136e-11
1.3038e-11
1.2941e-11
1.2845e-11
1.275e-11
1.2655e-11
1.2561e-11
1.2468e-11
1.2375e-11
1.2283e-11
1.2192e-11
1.2101e-11
1.2012e-11
1.1922e-11
1.1834e-11
1.1746e-11
1.1659e-11
1.1572e-11
1.1486e-11
1.1401e-11
1.1316e-11
1.1232e-11
1.1149e-11
1.1066e-11
1.0984e-11
1.0902e-11
1.0821e-11
1.0741e-11
1.0661e-11
1.0582e-11
1.0503e-11
1.0425e-11
1.0348e-11
1.0271e-11
1.0195e-11
1.0119e-11
1.0044e-11
9.97e-12
9.8961e-12
9.8228e-12
9.75e-12
9.6778e-12
9.6061e-12
9.535e-12
9.4644e-12
9.3944e-12
9.3249e-12
9.2559e-12
9.1875e-12
9.1196e-12
9.0522e-12
8.9853e-12
8.919e-12
8.8532e-12
8.7879e-12
8.7231e-12
8.6587e-12
8.5949e-12
8.5316e-12
8.4688e-12
8.4065e-12
8.3447e-12
8.2833e-12
8.2225e-12
8.1621e-12
8.1022e-12
8.0428e-12
7.9838e-12
7.9253e-12
7.8673e-12
7.8097e-12
7.7526e-12
7.696e-12
7.6398e-12
7.584e-12
7.5287e-12
7.4739e-12
7.4195e-12
7.3655e-12
7.312e-12
7.2589e-12
7.2062e-12
7.154e-12
7.1022e-12
7.0508e-12
6.9999e-12
6.9494e-12
6.8993e-12
6.8496e-12
6.8003e-12
6.7514e-12
6.703e-12
6.6549e-12
6.6072e-12
6.56e-12
6.5132e-12
6.4667e-12
6.4207e-12
6.375e-12
6.3297e-12
6.2848e-12
6.2404e-12
6.1962e-12
6.1525e-12
6.1092e-12
6.0662e-12
6.0236e-12
5.9814e-12
5.9396e-12
5.8981e-12
5.857e-12
5.8163e-12
5.776e-12
5.736e-12
5.6963e-12
5.6571e-12
5.6182e-12
5.5796e-12
5.5414e-12
5.5036e-12
5.4661e-12
5.4289e-12
5.3922e-12
5.3557e-12
5.3196e-12
5.2839e-12
5.2485e-12
5.2134e-12
5.1787e-12
5.1444e-12
5.1103e-12
5.0766e-12
5.0433e-12
5.0102e-12
4.9775e-12
4.9452e-12
4.9132e-12
4.8815e-12
4.8501e-12
4.819e-12
4.7883e-12
4.7579e-12
4.7279e-12
4.6981e-12
4.6687e-12
4.6396e-12
4.6108e-12
4.5824e-12
4.5543e-12
4.5264e-12
4.4989e-12
4.4718e-12
4.4449e-12
4.4183e-12
4.3921e-12
4.3662e-12
4.3406e-12
4.3153e-12
4.2903e-12
4.2656e-12
4.2413e-12
4.2172e-12
4.1935e-12
4.17e-12
4.1469e-12
4.1241e-12
4.1016e-12
4.0794e-12
4.0575e-12
4.0359e-12
4.0147e-12
3.9937e-12
3.973e-12
3.9527e-12
3.9326e-12
3.9129e-12
3.8934e-12
3.8743e-12
3.8555e-12
3.837e-12
3.8188e-12
3.8009e-12
3.7833e-12
3.766e-12
3.749e-12
3.7323e-12
3.7159e-12
3.6999e-12
3.6841e-12
3.6687e-12
