2.8608e-34
2.8297e-34
2.8068e-34
2.792e-34
2.7854e-34
2.7869e-34
2.7965e-34
2.8144e-34
2.8407e-34
2.8754e-34
2.9187e-34
2.9708e-34
3.0319e-34
3.1021e-34
3.1817e-34
3.271e-34
3.3703e-34
3.4799e-34
3.6001e-34
3.7315e-34
3.8743e-34
4.029e-34
4.1963e-34
4.3764e-34
4.5702e-34
4.7781e-34
5.0008e-34
5.239e-34
5.4935e-34
5.765e-34
6.0545e-34
6.3627e-34
6.6908e-34
7.0395e-34
7.4102e-34
7.8038e-34
8.2217e-34
8.6651e-34
9.1354e-34
9.6339e-34
1.0162e-33
1.0722e-33
1.1315e-33
1.1943e-33
1.2608e-33
1.3312e-33
1.4057e-33
1.4846e-33
1.568e-33
1.6562e-33
1.7496e-33
1.8483e-33
1.9527e-33
2.0631e-33
2.1798e-33
2.3032e-33
2.4337e-33
2.5716e-33
2.7174e-33
2.8715e-33
3.0343e-33
3.2065e-33
3.3883e-33
3.5806e-33
3.7837e-33
3.9983e-33
4.225e-33
4.4646e-33
4.7178e-33
4.9852e-33
5.2677e-33
5.5662e-33
5.8815e-33
6.2146e-33
6.5664e-33
6.938e-33
7.3305e-33
7.7451e-33
8.183e-33
8.6455e-33
9.1339e-33
9.6498e-33
1.0195e-32
1.077e-32
1.1377e-32
1.2019e-32
1.2696e-32
1.3412e-32
1.4167e-32
1.4965e-32
1.5807e-32
1.6696e-32
1.7635e-32
1.8626e-32
1.9672e-32
2.0777e-32
2.1943e-32
2.3174e-32
2.4474e-32
2.5846e-32
2.7294e-32
2.8823e-32
3.0436e-32
3.214e-32
3.3937e-32
3.5835e-32
3.7838e-32
3.9951e-32
4.2182e-32
4.4537e-32
4.7021e-32
4.9644e-32
5.2411e-32
5.5331e-32
5.8413e-32
6.1664e-32
6.5095e-32
6.8716e-32
7.2536e-32
7.6567e-32
8.082e-32
8.5307e-32
9.0041e-32
9.5036e-32
1.0031e-31
1.0586e-31
1.1173e-31
1.1792e-31
1.2444e-31
1.3133e-31
1.3859e-31
1.4625e-31
1.5433e-31
1.6285e-31
1.7184e-31
1.8132e-31
1.9132e-31
2.0187e-31
2.1299e-31
2.2472e-31
2.3709e-31
2.5014e-31
2.639e-31
2.7841e-31
2.9371e-31
3.0984e-31
3.2685e-31
3.4479e-31
3.637e-31
3.8365e-31
4.0467e-31
4.2684e-31
4.5021e-31
4.7485e-31
5.0083e-31
5.2822e-31
5.5709e-31
5.8753e-31
6.1961e-31
6.5343e-31
6.8908e-31
7.2666e-31
7.6627e-31
8.0802e-31
8.5203e-31
8.9841e-31
9.4729e-31
9.9881e-31
1.0531e-30
1.1103e-30
1.1706e-30
1.2342e-30
1.3012e-30
1.3717e-30
1.4461e-30
1.5245e-30
1.607e-30
1.6941e-30
1.7857e-30
1.8823e-30
1.9841e-30
2.0913e-30
2.2043e-30
2.3233e-30
2.4487e-30
2.5808e-30
2.7199e-30
2.8665e-30
3.0209e-30
3.1836e-30
3.355e-30
3.5354e-30
3.7255e-30
3.9258e-30
4.1367e-30
4.3588e-30
4.5928e-30
4.8392e-30
5.0987e-30
5.3719e-30
5.6598e-30
5.9628e-30
6.282e-30
6.6181e-30
6.972e-30
7.3447e-30
7.7371e-30
8.1503e-30
8.5853e-30
9.0434e-30
9.5256e-30
1.0033e-29
1.0568e-29
1.1131e-29
1.1723e-29
1.2347e-29
1.3004e-29
1.3695e-29
1.4423e-29
1.5188e-29
1.5995e-29
1.6843e-29
1.7737e-29
1.8677e-29
1.9666e-29
2.0708e-29
2.1804e-29
2.2958e-29
2.4172e-29
2.545e-29
2.6794e-29
2.821e-29
2.9699e-29
3.1266e-29
3.2915e-29
3.465e-29
3.6475e-29
3.8396e-29
4.0417e-29
4.2544e-29
4.4782e-29
4.7136e-29
4.9612e-29
5.2218e-29
5.4959e-29
5.7842e-29
6.0876e-29
6.4067e-29
6.7424e-29
7.0955e-29
7.4669e-29
7.8576e-29
8.2685e-29
8.7007e-29
9.1553e-29
9.6334e-29
1.0136e-28
1.0665e-28
1.1221e-28
1.1806e-28
1.2421e-28
1.3068e-28
1.3748e-28
1.4464e-28
1.5216e-28
1.6007e-28
1.6838e-28
1.7713e-28
1.8632e-28
1.9598e-28
2.0615e-28
2.1683e-28
2.2806e-28
2.3987e-28
2.5229e-28
2.6534e-28
2.7906e-28
2.9348e-28
3.0864e-28
3.2458e-28
3.4133e-28
3.5894e-28
3.7745e-28
3.969e-28
4.1734e-28
4.3883e-28
4.6141e-28
4.8515e-28
5.1009e-28
5.363e-28
5.6385e-28
5.9279e-28
6.2321e-28
6.5518e-28
6.8876e-28
7.2406e-28
7.6114e-28
8.001e-28
8.4104e-28
8.8406e-28
9.2925e-28
9.7673e-28
1.0266e-27
1.079e-27
1.1341e-27
1.1919e-27
1.2526e-27
1.3165e-27
1.3835e-27
1.4539e-27
1.5279e-27
1.6056e-27
1.6872e-27
1.7729e-27
1.8629e-27
1.9574e-27
2.0567e-27
2.161e-27
2.2705e-27
2.3855e-27
2.5063e-27
2.6331e-27
2.7663e-27
2.9061e-27
3.053e-27
3.2072e-27
3.3691e-27
3.5391e-27
3.7175e-27
3.9049e-27
4.1017e-27
4.3082e-27
4.5251e-27
4.7527e-27
4.9917e-27
5.2426e-27
5.5059e-27
5.7824e-27
6.0726e-27
6.3772e-27
6.6969e-27
7.0325e-27
7.3848e-27
7.7545e-27
8.1425e-27
8.5498e-27
8.9772e-27
9.4257e-27
9.8964e-27
1.039e-26
1.0909e-26
1.1453e-26
1.2024e-26
1.2623e-26
1.3251e-26
1.3911e-26
1.4603e-26
1.5329e-26
1.6091e-26
1.689e-26
1.7728e-26
1.8608e-26
1.9531e-26
2.0499e-26
2.1515e-26
2.258e-26
2.3698e-26
2.4871e-26
2.61e-26
2.739e-26
2.8744e-26
3.0163e-26
3.1652e-26
3.3213e-26
3.485e-26
3.6568e-26
3.8369e-26
4.0258e-26
4.2239e-26
4.4316e-26
4.6495e-26
4.8779e-26
5.1174e-26
5.3686e-26
5.632e-26
5.9082e-26
6.1977e-26
6.5013e-26
6.8196e-26
7.1534e-26
7.5032e-26
7.8701e-26
8.2546e-26
8.6578e-26
9.0804e-26
9.5234e-26
9.9878e-26
1.0475e-25
1.0985e-25
1.152e-25
1.208e-25
1.2668e-25
1.3284e-25
1.3929e-25
1.4606e-25
1.5315e-25
1.6058e-25
1.6837e-25
1.7653e-25
1.8508e-25
1.9405e-25
2.0344e-25
2.1328e-25
2.2359e-25
2.3439e-25
2.4572e-25
2.5758e-25
2.7001e-25
2.8303e-25
2.9667e-25
3.1096e-25
3.2594e-25
3.4162e-25
3.5806e-25
3.7527e-25
3.9331e-25
4.122e-25
4.3199e-25
4.5272e-25
4.7443e-25
4.9717e-25
5.2099e-25
5.4593e-25
5.7206e-25
5.9943e-25
6.2809e-25
6.581e-25
6.8953e-25
7.2245e-25
7.5692e-25
7.9302e-25
8.3082e-25
8.704e-25
9.1184e-25
9.5524e-25
1.0007e-24
1.0482e-24
1.0981e-24
1.1502e-24
1.2048e-24
1.262e-24
1.3218e-24
1.3845e-24
1.45e-24
1.5187e-24
1.5906e-24
1.6658e-24
1.7445e-24
1.827e-24
1.9132e-24
2.0036e-24
2.0981e-24
2.197e-24
2.3005e-24
2.4089e-24
2.5223e-24
2.641e-24
2.7652e-24
2.8952e-24
3.0312e-24
3.1735e-24
3.3225e-24
3.4783e-24
3.6414e-24
3.812e-24
3.9905e-24
4.1773e-24
4.3728e-24
4.5772e-24
4.7911e-24
5.0149e-24
5.2491e-24
5.494e-24
5.7502e-24
6.0183e-24
6.2987e-24
6.592e-24
6.8988e-24
7.2197e-24
7.5553e-24
7.9064e-24
8.2736e-24
8.6576e-24
9.0593e-24
9.4794e-24
9.9187e-24
1.0378e-23
1.0859e-23
1.1361e-23
1.1886e-23
1.2436e-23
1.301e-23
1.3611e-23
1.4239e-23
1.4896e-23
1.5583e-23
1.6301e-23
1.7052e-23
1.7836e-23
1.8657e-23
1.9515e-23
2.0412e-23
2.1349e-23
2.2329e-23
2.3354e-23
2.4425e-23
2.5544e-23
2.6714e-23
2.7937e-23
2.9216e-23
3.0552e-23
3.1948e-23
3.3408e-23
3.4933e-23
3.6528e-23
3.8194e-23
3.9935e-23
4.1755e-23
4.3656e-23
4.5643e-23
4.7719e-23
4.9889e-23
5.2156e-23
5.4525e-23
5.7e-23
5.9586e-23
6.2288e-23
6.5111e-23
6.806e-23
7.1141e-23
7.436e-23
7.7723e-23
8.1236e-23
8.4906e-23
8.8739e-23
9.2744e-23
9.6927e-23
1.013e-22
1.0586e-22
1.1063e-22
1.156e-22
1.208e-22
1.2623e-22
1.3191e-22
1.3783e-22
1.4402e-22
1.5048e-22
1.5722e-22
1.6427e-22
1.7162e-22
1.7931e-22
1.8733e-22
1.957e-22
2.0445e-22
2.1358e-22
2.2311e-22
2.3307e-22
2.4346e-22
2.5431e-22
2.6563e-22
2.7746e-22
2.898e-22
3.0269e-22
3.1614e-22
3.3019e-22
3.4484e-22
3.6015e-22
3.7612e-22
3.9279e-22
4.1018e-22
4.2834e-22
4.473e-22
4.6708e-22
4.8772e-22
5.0927e-22
5.3175e-22
5.5522e-22
5.797e-22
6.0526e-22
6.3192e-22
6.5974e-22
6.8877e-22
7.1906e-22
7.5067e-22
7.8365e-22
8.1806e-22
8.5396e-22
8.9141e-22
9.3048e-22
9.7125e-22
1.0138e-21
1.0581e-21
1.1044e-21
1.1527e-21
1.2031e-21
1.2556e-21
1.3104e-21
1.3675e-21
1.4271e-21
1.4893e-21
1.5542e-21
1.6218e-21
1.6923e-21
1.7659e-21
1.8426e-21
1.9226e-21
2.006e-21
2.093e-21
2.1838e-21
2.2784e-21
2.377e-21
2.4799e-21
2.5872e-21
2.699e-21
2.8156e-21
2.9371e-21
3.0639e-21
3.196e-21
3.3338e-21
3.4774e-21
3.6271e-21
3.7832e-21
3.9459e-21
4.1155e-21
4.2923e-21
4.4766e-21
4.6687e-21
4.8689e-21
5.0776e-21
5.2951e-21
5.5218e-21
5.758e-21
6.0043e-21
6.2609e-21
6.5283e-21
6.807e-21
7.0974e-21
7.4001e-21
7.7154e-21
8.0441e-21
8.3865e-21
8.7433e-21
9.115e-21
9.5024e-21
9.906e-21
1.0326e-20
1.0765e-20
1.1221e-20
1.1696e-20
1.2192e-20
1.2708e-20
1.3245e-20
1.3805e-20
1.4389e-20
1.4996e-20
1.5629e-20
1.6288e-20
1.6975e-20
1.769e-20
1.8435e-20
1.9211e-20
2.0019e-20
2.086e-20
2.1737e-20
2.2649e-20
2.3599e-20
2.4589e-20
2.562e-20
2.6693e-20
2.781e-20
2.8974e-20
3.0185e-20
3.1447e-20
3.276e-20
3.4128e-20
3.5552e-20
3.7034e-20
3.8577e-20
4.0184e-20
4.1856e-20
4.3597e-20
4.5409e-20
4.7296e-20
4.926e-20
5.1304e-20
5.3432e-20
5.5647e-20
5.7952e-20
6.0352e-20
6.2849e-20
6.5448e-20
6.8153e-20
7.0968e-20
7.3897e-20
7.6946e-20
8.0119e-20
8.342e-20
8.6856e-20
9.043e-20
9.415e-20
9.8021e-20
1.0205e-19
1.0624e-19
1.106e-19
1.1513e-19
1.1985e-19
1.2476e-19
1.2987e-19
1.3519e-19
1.4071e-19
1.4646e-19
1.5245e-19
1.5867e-19
1.6514e-19
1.7187e-19
1.7888e-19
1.8616e-19
1.9374e-19
2.0162e-19
2.0981e-19
2.1834e-19
2.272e-19
2.3642e-19
2.4601e-19
2.5598e-19
2.6635e-19
2.7713e-19
2.8834e-19
3e-19
3.1212e-19
3.2472e-19
3.3783e-19
3.5146e-19
3.6562e-19
3.8035e-19
3.9566e-19
4.1159e-19
4.2814e-19
4.4534e-19
4.6323e-19
4.8182e-19
5.0115e-19
5.2124e-19
5.4213e-19
5.6384e-19
5.864e-19
6.0985e-19
6.3423e-19
6.5956e-19
6.8589e-19
7.1326e-19
7.417e-19
7.7126e-19
8.0197e-19
8.3389e-19
8.6706e-19
9.0152e-19
9.3734e-19
9.7456e-19
1.0132e-18
1.0534e-18
1.0952e-18
1.1385e-18
1.1836e-18
1.2304e-18
1.2791e-18
1.3296e-18
1.3821e-18
1.4366e-18
1.4933e-18
1.5521e-18
1.6133e-18
1.6768e-18
1.7427e-18
1.8113e-18
1.8824e-18
1.9563e-18
2.0331e-18
2.1128e-18
2.1957e-18
2.2817e-18
2.371e-18
2.4637e-18
2.5601e-18
2.6601e-18
2.764e-18
2.8718e-18
2.9838e-18
3.1001e-18
3.2209e-18
3.3463e-18
3.4765e-18
3.6116e-18
3.7519e-18
3.8976e-18
4.0489e-18
4.2059e-18
4.3689e-18
4.5382e-18
4.7138e-18
4.8962e-18
5.0855e-18
5.282e-18
5.4859e-18
5.6976e-18
5.9173e-18
6.1454e-18
6.3821e-18
6.6277e-18
6.8827e-18
7.1473e-18
7.4219e-18
7.7069e-18
8.0026e-18
8.3094e-18
8.6279e-18
8.9583e-18
9.3012e-18
9.6569e-18
1.0026e-17
1.0409e-17
1.0806e-17
1.1219e-17
1.1647e-17
1.209e-17
1.2551e-17
1.3028e-17
1.3524e-17
1.4038e-17
1.4571e-17
1.5124e-17
1.5698e-17
1.6293e-17
1.691e-17
1.7551e-17
1.8215e-17
1.8903e-17
1.9618e-17
2.0359e-17
2.1127e-17
2.1924e-17
2.275e-17
2.3607e-17
2.4496e-17
2.5417e-17
2.6373e-17
2.7364e-17
2.8391e-17
2.9457e-17
3.0561e-17
3.1707e-17
3.2894e-17
3.4125e-17
3.5402e-17
3.6725e-17
3.8097e-17
3.9519e-17
4.0993e-17
4.2522e-17
4.4106e-17
4.5748e-17
4.745e-17
4.9215e-17
5.1044e-17
5.2939e-17
5.4904e-17
5.694e-17
5.9051e-17
6.1238e-17
6.3505e-17
6.5854e-17
6.8288e-17
7.0811e-17
7.3425e-17
7.6134e-17
7.8942e-17
8.185e-17
8.4864e-17
8.7987e-17
9.1223e-17
9.4575e-17
9.8048e-17
1.0165e-16
1.0538e-16
1.0924e-16
1.1324e-16
1.1738e-16
1.2168e-16
1.2613e-16
1.3073e-16
1.3551e-16
1.4045e-16
1.4557e-16
1.5088e-16
1.5637e-16
1.6206e-16
1.6795e-16
1.7405e-16
1.8038e-16
1.8692e-16
1.937e-16
2.0072e-16
2.0799e-16
2.1552e-16
2.2331e-16
2.3139e-16
2.3974e-16
2.484e-16
2.5736e-16
2.6664e-16
2.7624e-16
2.8619e-16
2.9648e-16
3.0714e-16
3.1818e-16
3.296e-16
3.4143e-16
3.5367e-16
3.6634e-16
3.7946e-16
3.9304e-16
4.0709e-16
4.2164e-16
4.367e-16
4.5228e-16
4.6841e-16
4.8511e-16
5.0238e-16
5.2026e-16
5.3877e-16
5.5792e-16
5.7773e-16
5.9824e-16
6.1946e-16
6.4142e-16
6.6414e-16
6.8764e-16
7.1197e-16
7.3714e-16
7.6317e-16
7.9012e-16
8.1799e-16
8.4682e-16
8.7666e-16
9.0752e-16
9.3945e-16
9.7247e-16
1.0066e-15
1.042e-15
1.0785e-15
1.1163e-15
1.1555e-15
1.1959e-15
1.2378e-15
1.281e-15
1.3258e-15
1.3721e-15
1.42e-15
1.4695e-15
1.5207e-15
1.5736e-15
1.6284e-15
1.685e-15
1.7435e-15
1.8041e-15
1.8667e-15
1.9314e-15
1.9983e-15
2.0675e-15
2.139e-15
2.213e-15
2.2895e-15
2.3685e-15
2.4502e-15
2.5347e-15
2.6221e-15
2.7123e-15
2.8057e-15
2.9021e-15
3.0019e-15
3.1049e-15
3.2115e-15
3.3216e-15
3.4354e-15
3.553e-15
3.6746e-15
3.8002e-15
3.9301e-15
4.0642e-15
4.2029e-15
4.3462e-15
4.4943e-15
4.6473e-15
4.8054e-15
4.9688e-15
5.1376e-15
5.312e-15
5.4923e-15
5.6784e-15
5.8708e-15
6.0696e-15
6.2749e-15
6.487e-15
6.7062e-15
6.9326e-15
7.1664e-15
7.408e-15
7.6575e-15
7.9153e-15
8.1815e-15
8.4565e-15
8.7406e-15
9.034e-15
9.337e-15
9.6499e-15
9.9731e-15
1.0307e-14
1.0652e-14
1.1008e-14
1.1375e-14
1.1755e-14
1.2147e-14
1.2552e-14
1.297e-14
1.3401e-14
1.3847e-14
1.4307e-14
1.4782e-14
1.5272e-14
1.5779e-14
1.6301e-14
1.6841e-14
1.7398e-14
1.7973e-14
1.8567e-14
1.918e-14
1.9813e-14
2.0466e-14
2.114e-14
2.1836e-14
2.2554e-14
2.3295e-14
2.406e-14
2.485e-14
2.5665e-14
2.6506e-14
2.7374e-14
2.827e-14
2.9194e-14
3.0148e-14
3.1132e-14
3.2148e-14
3.3196e-14
3.4277e-14
3.5393e-14
3.6545e-14
3.7732e-14
3.8958e-14
4.0223e-14
4.1527e-14
4.2873e-14
4.4261e-14
4.5694e-14
4.7171e-14
4.8696e-14
5.0268e-14
5.189e-14
5.3563e-14
5.5288e-14
5.7068e-14
5.8904e-14
6.0797e-14
6.275e-14
6.4764e-14
6.6841e-14
6.8984e-14
7.1193e-14
7.3471e-14
7.582e-14
7.8243e-14
8.0741e-14
8.3317e-14
8.5973e-14
8.8712e-14
9.1536e-14
9.4447e-14
9.7449e-14
1.0054e-13
1.0373e-13
1.0702e-13
1.1042e-13
1.1391e-13
1.1752e-13
1.2123e-13
1.2506e-13
1.2901e-13
1.3308e-13
1.3727e-13
1.416e-13
1.4605e-13
1.5065e-13
1.5538e-13
1.6026e-13
1.6529e-13
1.7047e-13
1.7581e-13
1.8131e-13
1.8698e-13
1.9283e-13
1.9885e-13
2.0505e-13
2.1145e-13
2.1804e-13
2.2482e-13
2.3182e-13
2.3903e-13
2.4645e-13
2.541e-13
2.6198e-13
2.701e-13
2.7846e-13
2.8708e-13
2.9596e-13
3.051e-13
3.1452e-13
3.2422e-13
3.3421e-13
3.4451e-13
3.5511e-13
3.6603e-13
3.7727e-13
3.8886e-13
4.0079e-13
4.1307e-13
4.2572e-13
4.3875e-13
4.5217e-13
4.6599e-13
4.8022e-13
4.9487e-13
5.0996e-13
5.2549e-13
5.4149e-13
5.5795e-13
5.7491e-13
5.9237e-13
6.1034e-13
6.2885e-13
6.479e-13
6.6751e-13
6.877e-13
7.0848e-13
7.2988e-13
7.519e-13
7.7457e-13
7.979e-13
8.2192e-13
8.4664e-13
8.7209e-13
8.9828e-13
9.2523e-13
9.5297e-13
9.8152e-13
1.0109e-12
1.0411e-12
1.0723e-12
1.1043e-12
1.1372e-12
1.1711e-12
1.206e-12
1.2419e-12
1.2788e-12
1.3169e-12
1.356e-12
1.3962e-12
1.4376e-12
1.4802e-12
1.524e-12
1.569e-12
1.6154e-12
1.6631e-12
1.7122e-12
1.7626e-12
1.8146e-12
1.868e-12
1.9229e-12
1.9794e-12
2.0375e-12
2.0973e-12
2.1587e-12
2.222e-12
2.287e-12
2.3538e-12
2.4226e-12
2.4933e-12
2.566e-12
2.6408e-12
2.7177e-12
2.7968e-12
2.8781e-12
2.9617e-12
3.0476e-12
3.136e-12
3.2269e-12
3.3203e-12
3.4163e-12
3.5151e-12
3.6166e-12
3.7209e-12
3.8282e-12
3.9385e-12
4.0519e-12
4.1684e-12
4.2882e-12
4.4113e-12
4.5378e-12
4.6679e-12
4.8016e-12
4.939e-12
5.0802e-12
5.2253e-12
5.3744e-12
5.5277e-12
5.6852e-12
5.8471e-12
6.0134e-12
6.1843e-12
6.36e-12
6.5404e-12
6.7259e-12
6.9164e-12
7.1121e-12
7.3133e-12
7.5199e-12
7.7322e-12
7.9503e-12
8.1744e-12
8.4046e-12
8.641e-12
8.8839e-12
9.1335e-12
9.3898e-12
9.6531e-12
9.9235e-12
1.0201e-11
1.0487e-11
1.078e-11
1.1081e-11
1.139e-11
1.1707e-11
1.2033e-11
1.2368e-11
1.2712e-11
1.3065e-11
1.3427e-11
1.38e-11
1.4182e-11
1.4575e-11
1.4978e-11
1.5392e-11
1.5817e-11
1.6253e-11
1.6701e-11
1.7161e-11
1.7633e-11
1.8118e-11
1.8615e-11
1.9126e-11
1.965e-11
2.0189e-11
2.0741e-11
2.1308e-11
2.189e-11
2.2488e-11
2.3101e-11
2.3731e-11
2.4377e-11
2.504e-11
2.5721e-11
2.6419e-11
2.7136e-11
2.7871e-11
2.8626e-11
2.9401e-11
3.0195e-11
3.1011e-11
3.1848e-11
3.2707e-11
3.3588e-11
3.4492e-11
3.5419e-11
3.6371e-11
3.7347e-11
3.8349e-11
3.9376e-11
4.043e-11
4.1512e-11
4.2621e-11
4.3759e-11
4.4926e-11
4.6124e-11
4.7352e-11
4.8611e-11
4.9903e-11
5.1229e-11
5.2588e-11
5.3982e-11
5.5411e-11
5.6878e-11
5.8381e-11
5.9923e-11
6.1505e-11
6.3126e-11
6.4789e-11
6.6494e-11
6.8242e-11
7.0035e-11
7.1873e-11
7.3757e-11
7.569e-11
7.7671e-11
7.9702e-11
8.1784e-11
8.3918e-11
8.6107e-11
8.835e-11
9.065e-11
9.3007e-11
9.5424e-11
9.7901e-11
1.0044e-10
1.0304e-10
1.0571e-10
1.0844e-10
1.1125e-10
1.1412e-10
1.1706e-10
1.2008e-10
1.2317e-10
1.2634e-10
1.2958e-10
1.3291e-10
1.3632e-10
1.3981e-10
1.4339e-10
1.4706e-10
1.5081e-10
1.5466e-10
1.5861e-10
1.6265e-10
1.6679e-10
1.7103e-10
1.7538e-10
1.7983e-10
1.8439e-10
1.8906e-10
1.9385e-10
1.9875e-10
2.0377e-10
2.0891e-10
2.1418e-10
2.1958e-10
2.251e-10
2.3076e-10
2.3656e-10
2.425e-10
2.4858e-10
2.5481e-10
2.6118e-10
2.6771e-10
2.744e-10
2.8125e-10
2.8826e-10
2.9544e-10
3.0279e-10
3.1032e-10
3.1802e-10
3.2591e-10
3.3399e-10
3.4226e-10
3.5073e-10
3.594e-10
3.6827e-10
3.7736e-10
3.8666e-10
3.9618e-10
4.0592e-10
4.159e-10
4.2611e-10
4.3656e-10
4.4725e-10
4.582e-10
4.694e-10
4.8087e-10
4.9261e-10
5.0462e-10
5.1691e-10
5.2949e-10
5.4236e-10
5.5553e-10
5.6901e-10
5.828e-10
5.9691e-10
6.1135e-10
6.2613e-10
6.4124e-10
6.5671e-10
6.7253e-10
6.8872e-10
7.0529e-10
7.2223e-10
7.3956e-10
7.5729e-10
7.7543e-10
7.9399e-10
8.1297e-10
8.3238e-10
8.5224e-10
8.7255e-10
8.9332e-10
9.1457e-10
9.363e-10
9.5853e-10
9.8126e-10
1.0045e-09
1.0283e-09
1.0526e-09
1.0774e-09
1.1029e-09
1.1289e-09
1.1554e-09
1.1826e-09
1.2104e-09
1.2388e-09
1.2679e-09
1.2976e-09
1.328e-09
1.359e-09
1.3907e-09
1.4232e-09
1.4564e-09
1.4903e-09
1.5249e-09
1.5604e-09
1.5966e-09
1.6336e-09
1.6715e-09
1.7101e-09
1.7497e-09
1.7901e-09
1.8314e-09
1.8736e-09
1.9167e-09
1.9608e-09
2.0058e-09
2.0519e-09
2.0989e-09
2.147e-09
2.1961e-09
2.2463e-09
2.2976e-09
2.35e-09
2.4035e-09
2.4582e-09
2.5141e-09
2.5712e-09
2.6296e-09
2.6892e-09
2.7501e-09
2.8123e-09
2.8758e-09
2.9407e-09
3.007e-09
3.0747e-09
3.1439e-09
3.2146e-09
3.2867e-09
3.3604e-09
3.4357e-09
3.5126e-09
3.5911e-09
3.6713e-09
3.7532e-09
3.8369e-09
3.9223e-09
4.0095e-09
4.0986e-09
4.1895e-09
4.2824e-09
4.3772e-09
4.474e-09
4.5728e-09
4.6737e-09
4.7768e-09
4.882e-09
4.9894e-09
5.099e-09
5.2109e-09
5.3252e-09
5.4418e-09
5.5609e-09
5.6824e-09
5.8065e-09
5.9331e-09
6.0623e-09
6.1943e-09
6.3289e-09
6.4663e-09
6.6066e-09
6.7497e-09
6.8958e-09
7.0448e-09
7.1969e-09
7.3522e-09
7.5106e-09
7.6722e-09
7.8372e-09
8.0055e-09
8.1772e-09
8.3524e-09
8.5312e-09
8.7136e-09
8.8996e-09
9.0895e-09
9.2832e-09
9.4807e-09
9.6823e-09
9.8879e-09
1.0098e-08
1.0312e-08
1.053e-08
1.0752e-08
1.098e-08
1.1211e-08
1.1447e-08
1.1688e-08
1.1934e-08
1.2185e-08
1.244e-08
1.2701e-08
1.2967e-08
1.3238e-08
1.3514e-08
1.3796e-08
1.4083e-08
1.4376e-08
1.4675e-08
1.498e-08
1.529e-08
1.5607e-08
1.593e-08
1.6259e-08
1.6595e-08
1.6937e-08
1.7286e-08
1.7641e-08
1.8004e-08
1.8373e-08
1.875e-08
1.9134e-08
1.9525e-08
1.9924e-08
2.0331e-08
2.0745e-08
2.1167e-08
2.1598e-08
2.2036e-08
2.2483e-08
2.2939e-08
2.3403e-08
2.3876e-08
2.4358e-08
2.485e-08
2.535e-08
2.586e-08
2.638e-08
2.6909e-08
2.7449e-08
2.7998e-08
2.8558e-08
2.9129e-08
2.971e-08
3.0302e-08
3.0905e-08
3.152e-08
3.2146e-08
3.2783e-08
3.3433e-08
3.4094e-08
3.4768e-08
3.5454e-08
3.6153e-08
3.6865e-08
3.759e-08
3.8329e-08
3.9081e-08
3.9847e-08
4.0627e-08
4.1421e-08
4.2229e-08
4.3053e-08
4.3892e-08
4.4745e-08
4.5615e-08
4.65e-08
4.7401e-08
4.8319e-08
4.9253e-08
5.0204e-08
5.1173e-08
5.2159e-08
5.3162e-08
5.4184e-08
5.5224e-08
5.6282e-08
5.736e-08
5.8457e-08
5.9573e-08
6.0709e-08
6.1866e-08
6.3043e-08
6.4241e-08
6.546e-08
6.6701e-08
6.7964e-08
6.9249e-08
7.0557e-08
7.1887e-08
7.3242e-08
7.4619e-08
7.6022e-08
7.7448e-08
7.89e-08
8.0377e-08
8.1879e-08
8.3408e-08
8.4963e-08
8.6545e-08
8.8155e-08
8.9793e-08
9.1459e-08
9.3153e-08
9.4877e-08
9.663e-08
9.8414e-08
1.0023e-07
1.0207e-07
1.0395e-07
1.0586e-07
1.078e-07
1.0977e-07
1.1178e-07
1.1382e-07
1.159e-07
1.1801e-07
1.2016e-07
1.2234e-07
1.2456e-07
1.2682e-07
1.2912e-07
1.3145e-07
1.3382e-07
1.3624e-07
1.3869e-07
1.4118e-07
1.4372e-07
1.463e-07
1.4892e-07
1.5158e-07
1.5429e-07
1.5704e-07
1.5984e-07
1.6269e-07
1.6558e-07
1.6851e-07
1.715e-07
1.7454e-07
1.7762e-07
1.8076e-07
1.8394e-07
1.8718e-07
1.9047e-07
1.9382e-07
1.9721e-07
2.0067e-07
2.0418e-07
2.0774e-07
2.1136e-07
2.1504e-07
2.1878e-07
2.2258e-07
2.2644e-07
2.3037e-07
2.3435e-07
2.384e-07
2.4251e-07
2.4669e-07
2.5093e-07
2.5524e-07
2.5962e-07
2.6407e-07
2.6858e-07
2.7317e-07
2.7783e-07
2.8256e-07
2.8737e-07
2.9225e-07
2.9721e-07
3.0224e-07
3.0736e-07
3.1255e-07
3.1782e-07
3.2318e-07
3.2861e-07
3.3413e-07
3.3974e-07
3.4543e-07
3.5121e-07
3.5707e-07
3.6303e-07
3.6908e-07
3.7521e-07
3.8145e-07
3.8777e-07
3.9419e-07
4.0071e-07
4.0733e-07
4.1405e-07
4.2087e-07
4.2779e-07
4.3481e-07
4.4194e-07
4.4917e-07
4.5652e-07
4.6397e-07
4.7153e-07
4.7921e-07
4.87e-07
4.949e-07
5.0292e-07
5.1106e-07
5.1932e-07
5.277e-07
5.362e-07
5.4483e-07
5.5358e-07
5.6246e-07
5.7147e-07
5.8061e-07
5.8988e-07
5.9929e-07
6.0883e-07
6.1851e-07
6.2833e-07
6.3829e-07
6.4839e-07
6.5864e-07
6.6903e-07
6.7957e-07
6.9027e-07
7.0111e-07
7.1211e-07
7.2326e-07
7.3457e-07
7.4604e-07
7.5767e-07
7.6947e-07
7.8143e-07
7.9356e-07
8.0585e-07
8.1832e-07
8.3097e-07
8.4378e-07
8.5678e-07
8.6996e-07
8.8331e-07
8.9686e-07
9.1058e-07
9.245e-07
9.3861e-07
9.5291e-07
9.6741e-07
9.821e-07
9.97e-07
1.0121e-06
1.0274e-06
1.0429e-06
1.0586e-06
1.0745e-06
1.0907e-06
1.1071e-06
1.1236e-06
1.1404e-06
1.1575e-06
1.1747e-06
1.1922e-06
1.2099e-06
1.2279e-06
1.246e-06
1.2645e-06
1.2831e-06
1.3021e-06
1.3212e-06
1.3406e-06
1.3603e-06
1.3802e-06
1.4004e-06
1.4208e-06
1.4416e-06
1.4625e-06
1.4838e-06
1.5053e-06
1.5271e-06
1.5492e-06
1.5715e-06
1.5942e-06
1.6171e-06
1.6403e-06
1.6639e-06
1.6877e-06
1.7118e-06
1.7362e-06
1.7609e-06
1.786e-06
1.8113e-06
1.837e-06
1.863e-06
1.8893e-06
1.916e-06
1.9429e-06
1.9702e-06
1.9979e-06
2.0259e-06
2.0542e-06
2.0829e-06
2.1119e-06
2.1413e-06
2.171e-06
2.2012e-06
2.2316e-06
2.2625e-06
2.2937e-06
2.3253e-06
2.3572e-06
2.3896e-06
2.4223e-06
2.4554e-06
2.489e-06
2.5229e-06
2.5572e-06
2.592e-06
2.6271e-06
2.6627e-06
2.6986e-06
2.735e-06
2.7719e-06
2.8091e-06
2.8468e-06
2.885e-06
2.9235e-06
2.9626e-06
3.002e-06
3.042e-06
3.0823e-06
3.1232e-06
3.1645e-06
3.2063e-06
3.2486e-06
3.2913e-06
3.3345e-06
3.3783e-06
3.4225e-06
3.4672e-06
3.5124e-06
3.5581e-06
3.6043e-06
3.6511e-06
3.6984e-06
3.7461e-06
3.7945e-06
3.8433e-06
3.8927e-06
3.9426e-06
3.9931e-06
4.0442e-06
4.0958e-06
4.1479e-06
4.2006e-06
4.2539e-06
4.3078e-06
4.3622e-06
4.4173e-06
4.4729e-06
4.5291e-06
4.5859e-06
4.6434e-06
4.7014e-06
4.76e-06
4.8193e-06
4.8792e-06
4.9397e-06
5.0009e-06
5.0627e-06
5.1251e-06
5.1882e-06
5.2519e-06
5.3163e-06
5.3814e-06
5.4471e-06
5.5135e-06
5.5806e-06
5.6484e-06
5.7168e-06
5.786e-06
5.8559e-06
5.9264e-06
5.9977e-06
6.0697e-06
6.1424e-06
6.2158e-06
6.29e-06
6.3649e-06
6.4406e-06
6.517e-06
6.5941e-06
6.672e-06
6.7507e-06
6.8301e-06
6.9103e-06
6.9913e-06
7.0731e-06
7.1557e-06
7.239e-06
7.3232e-06
7.4081e-06
7.4939e-06
7.5805e-06
7.6679e-06
7.7562e-06
7.8452e-06
7.9352e-06
8.0259e-06
8.1175e-06
8.21e-06
8.3033e-06
8.3975e-06
8.4926e-06
8.5885e-06
8.6853e-06
8.783e-06
8.8816e-06
8.9811e-06
9.0815e-06
9.1828e-06
9.285e-06
9.3881e-06
9.4922e-06
9.5972e-06
9.7031e-06
9.81e-06
9.9178e-06
1.0027e-05
1.0136e-05
1.0247e-05
1.0359e-05
1.0471e-05
1.0585e-05
1.0699e-05
1.0815e-05
1.0932e-05
1.1049e-05
1.1168e-05
1.1287e-05
1.1408e-05
1.153e-05
1.1652e-05
1.1776e-05
1.1901e-05
1.2026e-05
1.2153e-05
1.2281e-05
1.241e-05
1.254e-05
1.2671e-05
1.2803e-05
1.2936e-05
1.307e-05
1.3206e-05
1.3342e-05
1.348e-05
1.3618e-05
1.3758e-05
1.3899e-05
1.4041e-05
1.4184e-05
1.4328e-05
1.4473e-05
1.462e-05
1.4767e-05
1.4916e-05
1.5066e-05
1.5217e-05
1.5369e-05
1.5523e-05
1.5677e-05
1.5833e-05
1.599e-05
1.6148e-05
1.6307e-05
1.6467e-05
1.6629e-05
1.6792e-05
1.6956e-05
1.7121e-05
1.7288e-05
1.7455e-05
1.7624e-05
1.7794e-05
1.7965e-05
1.8138e-05
1.8312e-05
1.8487e-05
1.8663e-05
1.884e-05
1.9019e-05
1.9199e-05
1.938e-05
1.9562e-05
1.9746e-05
1.9931e-05
2.0117e-05
2.0305e-05
2.0494e-05
2.0684e-05
2.0875e-05
2.1068e-05
2.1261e-05
2.1457e-05
2.1653e-05
2.1851e-05
2.205e-05
2.225e-05
2.2452e-05
2.2655e-05
2.2859e-05
2.3064e-05
2.3271e-05
2.3479e-05
2.3689e-05
2.39e-05
2.4112e-05
2.4325e-05
2.454e-05
2.4756e-05
2.4973e-05
2.5192e-05
2.5412e-05
2.5633e-05
2.5856e-05
2.608e-05
2.6305e-05
2.6532e-05
2.676e-05
2.6989e-05
2.722e-05
2.7452e-05
2.7685e-05
2.792e-05
2.8155e-05
2.8393e-05
2.8631e-05
2.8871e-05
2.9113e-05
2.9355e-05
2.9599e-05
2.9844e-05
3.0091e-05
3.0339e-05
3.0588e-05
3.0839e-05
3.1091e-05
3.1344e-05
3.1599e-05
3.1855e-05
3.2112e-05
3.237e-05
3.263e-05
3.2891e-05
3.3154e-05
3.3418e-05
3.3683e-05
3.3949e-05
3.4217e-05
3.4486e-05
3.4757e-05
3.5028e-05
3.5301e-05
3.5576e-05
3.5851e-05
3.6128e-05
3.6406e-05
3.6686e-05
3.6967e-05
3.7249e-05
3.7532e-05
3.7817e-05
3.8102e-05
3.839e-05
3.8678e-05
3.8968e-05
3.9259e-05
3.9551e-05
3.9844e-05
4.0139e-05
4.0435e-05
4.0732e-05
4.103e-05
4.133e-05
4.163e-05
4.1932e-05
4.2236e-05
4.254e-05
4.2846e-05
4.3153e-05
4.346e-05
4.377e-05
4.408e-05
4.4391e-05
4.4704e-05
4.5018e-05
4.5333e-05
4.5649e-05
4.5966e-05
4.6285e-05
4.6604e-05
4.6925e-05
4.7246e-05
4.7569e-05
4.7893e-05
4.8218e-05
4.8544e-05
4.8871e-05
4.9199e-05
4.9529e-05
4.9859e-05
5.019e-05
5.0523e-05
5.0856e-05
5.119e-05
5.1526e-05
5.1862e-05
5.2199e-05
5.2538e-05
5.2877e-05
5.3217e-05
5.3558e-05
5.39e-05
5.4243e-05
5.4587e-05
5.4932e-05
5.5278e-05
5.5624e-05
5.5972e-05
5.632e-05
5.6669e-05
5.7019e-05
5.737e-05
5.7722e-05
5.8074e-05
5.8427e-05
5.8781e-05
5.9136e-05
5.9492e-05
5.9848e-05
6.0205e-05
6.0563e-05
6.0921e-05
6.128e-05
6.164e-05
6.2e-05
6.2362e-05
6.2723e-05
6.3086e-05
6.3449e-05
6.3812e-05
6.4177e-05
6.4542e-05
6.4907e-05
6.5273e-05
6.5639e-05
6.6006e-05
6.6374e-05
6.6742e-05
6.711e-05
6.7479e-05
6.7848e-05
6.8218e-05
6.8588e-05
6.8959e-05
6.933e-05
6.9701e-05
7.0073e-05
7.0445e-05
7.0818e-05
7.119e-05
7.1563e-05
7.1937e-05
7.231e-05
7.2684e-05
7.3058e-05
7.3432e-05
7.3807e-05
7.4181e-05
7.4556e-05
7.4931e-05
7.5306e-05
7.5681e-05
7.6057e-05
7.6432e-05
7.6807e-05
7.7183e-05
7.7558e-05
7.7934e-05
7.8309e-05
7.8685e-05
7.906e-05
7.9436e-05
7.9811e-05
8.0186e-05
8.0561e-05
8.0936e-05
8.1311e-05
8.1686e-05
8.206e-05
8.2435e-05
8.2809e-05
8.3183e-05
8.3556e-05
8.3929e-05
8.4302e-05
8.4675e-05
8.5047e-05
8.5419e-05
8.5791e-05
8.6162e-05
8.6533e-05
8.6904e-05
8.7274e-05
8.7643e-05
8.8012e-05
8.8381e-05
8.8749e-05
8.9116e-05
8.9483e-05
8.9849e-05
9.0215e-05
9.058e-05
9.0944e-05
9.1308e-05
9.1671e-05
9.2034e-05
9.2395e-05
9.2756e-05
9.3116e-05
9.3476e-05
9.3834e-05
9.4192e-05
9.4549e-05
9.4905e-05
9.5261e-05
9.5615e-05
9.5968e-05
9.6321e-05
9.6672e-05
9.7023e-05
9.7372e-05
9.7721e-05
9.8068e-05
9.8415e-05
9.876e-05
9.9104e-05
9.9448e-05
9.979e-05
0.00010013
0.00010047
0.00010081
0.00010115
0.00010148
0.00010182
0.00010215
0.00010248
0.00010281
0.00010314
0.00010347
0.0001038
0.00010412
0.00010445
0.00010477
0.00010509
0.00010541
0.00010573
0.00010605
0.00010636
0.00010667
0.00010699
0.0001073
0.00010761
0.00010791
0.00010822
0.00010852
0.00010883
0.00010913
0.00010942
0.00010972
0.00011002
0.00011031
0.0001106
0.00011089
0.00011118
0.00011147
0.00011175
0.00011203
0.00011231
0.00011259
0.00011287
0.00011315
0.00011342
0.00011369
0.00011396
0.00011422
0.00011449
0.00011475
0.00011501
0.00011527
0.00011553
0.00011578
0.00011603
0.00011629
0.00011653
0.00011678
0.00011702
0.00011726
0.0001175
0.00011774
0.00011797
0.00011821
0.00011844
0.00011866
0.00011889
0.00011911
0.00011933
0.00011955
0.00011977
0.00011998
0.00012019
0.0001204
0.00012061
0.00012081
0.00012101
0.00012121
0.00012141
0.0001216
0.00012179
0.00012198
0.00012217
0.00012235
0.00012253
0.00012271
0.00012288
0.00012306
0.00012323
0.0001234
0.00012356
0.00012372
0.00012388
0.00012404
0.00012419
0.00012435
0.0001245
0.00012464
0.00012479
0.00012493
0.00012506
0.0001252
0.00012533
0.00012546
0.00012559
0.00012571
0.00012584
0.00012595
0.00012607
0.00012618
0.00012629
0.0001264
0.0001265
0.00012661
0.00012671
0.0001268
0.00012689
0.00012698
0.00012707
0.00012716
0.00012724
0.00012732
0.00012739
0.00012746
0.00012753
0.0001276
0.00012766
0.00012772
0.00012778
0.00012784
0.00012789
0.00012794
0.00012798
0.00012803
0.00012807
0.00012811
0.00012814
0.00012817
0.0001282
0.00012822
0.00012825
0.00012827
0.00012828
0.0001283
0.00012831
0.00012831
0.00012832
0.00012832
0.00012832
0.00012831
0.00012831
0.0001283
0.00012828
0.00012827
0.00012825
0.00012822
0.0001282
0.00012817
0.00012814
0.0001281
0.00012807
0.00012803
0.00012798
0.00012794
0.00012789
0.00012784
0.00012778
0.00012772
0.00012766
0.0001276
0.00012753
0.00012746
0.00012739
0.00012731
0.00012723
0.00012715
0.00012707
0.00012698
0.00012689
0.0001268
0.0001267
0.0001266
0.0001265
0.0001264
0.00012629
0.00012618
0.00012607
0.00012595
0.00012583
0.00012571
0.00012559
0.00012546
0.00012533
0.0001252
0.00012506
0.00012492
0.00012478
0.00012464
0.00012449
0.00012434
0.00012419
0.00012404
0.00012388
0.00012372
0.00012356
0.00012339
0.00012322
0.00012305
0.00012288
0.0001227
0.00012252
0.00012234
0.00012216
0.00012197
0.00012178
0.00012159
0.0001214
0.0001212
0.000121
0.0001208
0.0001206
0.00012039
0.00012018
0.00011997
0.00011976
0.00011954
0.00011933
0.00011911
0.00011888
0.00011866
0.00011843
0.0001182
0.00011797
0.00011773
0.0001175
0.00011726
0.00011701
0.00011677
0.00011653
0.00011628
0.00011603
0.00011578
0.00011552
0.00011526
0.00011501
0.00011474
0.00011448
0.00011422
0.00011395
0.00011368
0.00011341
0.00011314
0.00011286
0.00011259
0.00011231
0.00011203
0.00011174
0.00011146
0.00011117
0.00011088
0.00011059
0.0001103
0.00011001
0.00010971
0.00010942
0.00010912
0.00010882
0.00010851
0.00010821
0.0001079
0.0001076
0.00010729
0.00010698
0.00010667
0.00010635
0.00010604
0.00010572
0.0001054
0.00010508
0.00010476
0.00010444
0.00010411
0.00010379
0.00010346
0.00010313
0.0001028
0.00010247
0.00010214
0.00010181
0.00010147
0.00010114
0.0001008
0.00010046
0.00010012
9.978e-05
9.9438e-05
9.9095e-05
9.8751e-05
9.8405e-05
9.8059e-05
9.7711e-05
9.7363e-05
9.7013e-05
9.6663e-05
9.6311e-05
9.5959e-05
9.5605e-05
9.5251e-05
9.4896e-05
9.4539e-05
9.4183e-05
9.3825e-05
9.3466e-05
9.3107e-05
9.2747e-05
9.2386e-05
9.2024e-05
9.1662e-05
9.1298e-05
9.0935e-05
9.057e-05
9.0205e-05
8.9839e-05
8.9473e-05
8.9106e-05
8.8739e-05
8.8371e-05
8.8002e-05
8.7633e-05
8.7264e-05
8.6894e-05
8.6524e-05
8.6153e-05
8.5782e-05
8.541e-05
8.5038e-05
8.4666e-05
8.4293e-05
8.392e-05
8.3547e-05
8.3173e-05
8.2799e-05
8.2425e-05
8.2051e-05
8.1677e-05
8.1302e-05
8.0927e-05
8.0552e-05
8.0177e-05
7.9802e-05
7.9426e-05
7.9051e-05
7.8676e-05
7.83e-05
7.7925e-05
7.7549e-05
7.7174e-05
7.6798e-05
7.6423e-05
7.6048e-05
7.5672e-05
7.5297e-05
7.4922e-05
7.4547e-05
7.4172e-05
7.3798e-05
7.3423e-05
7.3049e-05
7.2675e-05
7.2301e-05
7.1928e-05
7.1555e-05
7.1182e-05
7.0809e-05
7.0437e-05
7.0065e-05
6.9693e-05
6.9322e-05
6.8951e-05
6.858e-05
6.821e-05
6.784e-05
6.7471e-05
6.7102e-05
6.6734e-05
6.6366e-05
6.5998e-05
6.5631e-05
6.5265e-05
6.4899e-05
6.4534e-05
6.4169e-05
6.3805e-05
6.3441e-05
6.3078e-05
6.2716e-05
6.2354e-05
6.1993e-05
6.1633e-05
6.1273e-05
6.0914e-05
6.0555e-05
6.0198e-05
5.9841e-05
5.9484e-05
5.9129e-05
5.8774e-05
5.842e-05
5.8067e-05
5.7715e-05
5.7363e-05
5.7012e-05
5.6662e-05
5.6313e-05
5.5965e-05
5.5618e-05
5.5271e-05
5.4925e-05
5.4581e-05
5.4237e-05
5.3894e-05
5.3552e-05
5.3211e-05
5.2871e-05
5.2531e-05
5.2193e-05
5.1856e-05
5.152e-05
5.1184e-05
5.085e-05
5.0517e-05
5.0184e-05
4.9853e-05
4.9523e-05
4.9194e-05
4.8866e-05
4.8539e-05
4.8213e-05
4.7888e-05
4.7564e-05
4.7241e-05
4.6919e-05
4.6599e-05
4.6279e-05
4.5961e-05
4.5644e-05
4.5328e-05
4.5013e-05
4.4699e-05
4.4387e-05
4.4075e-05
4.3765e-05
4.3456e-05
4.3148e-05
4.2841e-05
4.2536e-05
4.2231e-05
4.1928e-05
4.1626e-05
4.1325e-05
4.1026e-05
4.0728e-05
4.043e-05
4.0135e-05
3.984e-05
3.9547e-05
3.9255e-05
3.8964e-05
3.8674e-05
3.8386e-05
3.8099e-05
3.7813e-05
3.7528e-05
3.7245e-05
3.6963e-05
3.6682e-05
3.6403e-05
3.6125e-05
3.5848e-05
3.5572e-05
3.5298e-05
3.5025e-05
3.4754e-05
3.4483e-05
3.4214e-05
3.3946e-05
3.368e-05
3.3415e-05
3.3151e-05
3.2889e-05
3.2627e-05
3.2368e-05
3.2109e-05
3.1852e-05
3.1596e-05
3.1342e-05
3.1088e-05
3.0836e-05
3.0586e-05
3.0337e-05
3.0089e-05
2.9842e-05
2.9597e-05
2.9353e-05
2.911e-05
2.8869e-05
2.8629e-05
2.8391e-05
2.8153e-05
2.7918e-05
2.7683e-05
2.745e-05
2.7218e-05
2.6987e-05
2.6758e-05
2.653e-05
2.6304e-05
2.6078e-05
2.5854e-05
2.5632e-05
2.541e-05
2.519e-05
2.4972e-05
2.4755e-05
2.4539e-05
2.4324e-05
2.411e-05
2.3898e-05
2.3688e-05
2.3478e-05
2.327e-05
2.3063e-05
2.2858e-05
2.2654e-05
2.2451e-05
2.2249e-05
2.2049e-05
2.185e-05
2.1652e-05
2.1456e-05
2.1261e-05
2.1067e-05
2.0874e-05
2.0683e-05
2.0493e-05
2.0304e-05
2.0117e-05
1.9931e-05
1.9746e-05
1.9562e-05
1.938e-05
1.9198e-05
1.9018e-05
1.884e-05
1.8662e-05
1.8486e-05
1.8311e-05
1.8138e-05
1.7965e-05
1.7794e-05
1.7624e-05
1.7455e-05
1.7287e-05
1.7121e-05
1.6956e-05
1.6792e-05
1.6629e-05
1.6467e-05
1.6307e-05
1.6148e-05
1.599e-05
1.5833e-05
1.5677e-05
1.5523e-05
1.5369e-05
1.5217e-05
1.5066e-05
1.4916e-05
1.4768e-05
1.462e-05
1.4474e-05
1.4328e-05
1.4184e-05
1.4041e-05
1.3899e-05
1.3758e-05
1.3619e-05
1.348e-05
1.3343e-05
1.3206e-05
1.3071e-05
1.2937e-05
1.2803e-05
1.2671e-05
1.254e-05
1.241e-05
1.2282e-05
1.2154e-05
1.2027e-05
1.1901e-05
1.1776e-05
1.1653e-05
1.153e-05
1.1409e-05
1.1288e-05
1.1168e-05
1.105e-05
1.0932e-05
1.0816e-05
1.07e-05
1.0586e-05
1.0472e-05
1.0359e-05
1.0248e-05
1.0137e-05
1.0027e-05
9.9187e-06
9.8109e-06
9.704e-06
9.5981e-06
9.4931e-06
9.3891e-06
9.2859e-06
9.1837e-06
9.0824e-06
8.9821e-06
8.8826e-06
8.784e-06
8.6863e-06
8.5895e-06
8.4936e-06
8.3985e-06
8.3043e-06
8.211e-06
8.1186e-06
8.027e-06
7.9362e-06
7.8463e-06
7.7572e-06
7.669e-06
7.5816e-06
7.495e-06
7.4092e-06
7.3243e-06
7.2401e-06
7.1568e-06
7.0742e-06
6.9924e-06
6.9114e-06
6.8312e-06
6.7518e-06
6.6731e-06
6.5952e-06
6.5181e-06
6.4417e-06
6.366e-06
6.2911e-06
6.217e-06
6.1435e-06
6.0708e-06
5.9989e-06
5.9276e-06
5.857e-06
5.7872e-06
5.718e-06
5.6495e-06
5.5818e-06
5.5147e-06
5.4483e-06
5.3825e-06
5.3175e-06
5.2531e-06
5.1893e-06
5.1263e-06
5.0638e-06
5.002e-06
4.9409e-06
4.8804e-06
4.8205e-06
4.7612e-06
4.7026e-06
4.6445e-06
4.5871e-06
4.5303e-06
4.4741e-06
4.4184e-06
4.3634e-06
4.3089e-06
4.2551e-06
4.2018e-06
4.1491e-06
4.0969e-06
4.0453e-06
3.9943e-06
3.9438e-06
3.8939e-06
3.8445e-06
3.7956e-06
3.7473e-06
3.6995e-06
3.6522e-06
3.6055e-06
3.5592e-06
3.5135e-06
3.4683e-06
3.4236e-06
3.3794e-06
3.3356e-06
3.2924e-06
3.2497e-06
3.2074e-06
3.1656e-06
3.1243e-06
3.0834e-06
3.043e-06
3.0031e-06
2.9636e-06
2.9246e-06
2.886e-06
2.8479e-06
2.8102e-06
2.7729e-06
2.7361e-06
2.6997e-06
2.6637e-06
2.6281e-06
2.593e-06
2.5583e-06
2.5239e-06
2.49e-06
2.4565e-06
2.4233e-06
2.3906e-06
2.3582e-06
2.3263e-06
2.2947e-06
2.2634e-06
2.2326e-06
2.2021e-06
2.172e-06
2.1423e-06
2.1129e-06
2.0838e-06
2.0552e-06
2.0268e-06
1.9988e-06
1.9712e-06
1.9439e-06
1.9169e-06
1.8902e-06
1.8639e-06
1.8379e-06
1.8122e-06
1.7869e-06
1.7618e-06
1.7371e-06
1.7127e-06
1.6885e-06
1.6647e-06
1.6412e-06
1.618e-06
1.595e-06
1.5724e-06
1.55e-06
1.5279e-06
1.5061e-06
1.4846e-06
1.4633e-06
1.4424e-06
1.4217e-06
1.4012e-06
1.381e-06
1.3611e-06
1.3414e-06
1.322e-06
1.3028e-06
1.2839e-06
1.2652e-06
1.2468e-06
1.2286e-06
1.2107e-06
1.1929e-06
1.1755e-06
1.1582e-06
1.1412e-06
1.1244e-06
1.1078e-06
1.0914e-06
1.0753e-06
1.0593e-06
1.0436e-06
1.0281e-06
1.0128e-06
9.9767e-07
9.8277e-07
9.6807e-07
9.5357e-07
9.3926e-07
9.2515e-07
9.1123e-07
8.9749e-07
8.8395e-07
8.7058e-07
8.574e-07
8.444e-07
8.3158e-07
8.1893e-07
8.0645e-07
7.9415e-07
7.8202e-07
7.7005e-07
7.5825e-07
7.4662e-07
7.3514e-07
7.2382e-07
7.1267e-07
7.0166e-07
6.9082e-07
6.8012e-07
6.6957e-07
6.5917e-07
6.4892e-07
6.3881e-07
6.2885e-07
6.1902e-07
6.0934e-07
5.9979e-07
5.9038e-07
5.811e-07
5.7196e-07
5.6295e-07
5.5406e-07
5.4531e-07
5.3667e-07
5.2817e-07
5.1978e-07
5.1152e-07
5.0338e-07
4.9535e-07
4.8744e-07
4.7965e-07
4.7197e-07
4.644e-07
4.5695e-07
4.496e-07
4.4236e-07
4.3523e-07
4.282e-07
4.2127e-07
4.1445e-07
4.0773e-07
4.0111e-07
3.9458e-07
3.8816e-07
3.8183e-07
3.7559e-07
3.6945e-07
3.634e-07
3.5744e-07
3.5157e-07
3.4579e-07
3.4009e-07
3.3448e-07
3.2896e-07
3.2352e-07
3.1816e-07
3.1288e-07
3.0769e-07
3.0257e-07
2.9753e-07
2.9257e-07
2.8769e-07
2.8288e-07
2.7814e-07
2.7348e-07
2.6889e-07
2.6436e-07
2.5991e-07
2.5553e-07
2.5122e-07
2.4697e-07
2.4279e-07
2.3868e-07
2.3463e-07
2.3064e-07
2.2671e-07
2.2285e-07
2.1905e-07
2.153e-07
2.1162e-07
2.08e-07
2.0443e-07
2.0092e-07
1.9746e-07
1.9406e-07
1.9071e-07
1.8742e-07
1.8418e-07
1.8099e-07
1.7785e-07
1.7476e-07
1.7172e-07
1.6873e-07
1.6579e-07
1.629e-07
1.6005e-07
1.5725e-07
1.545e-07
1.5179e-07
1.4912e-07
1.465e-07
1.4392e-07
1.4138e-07
1.3888e-07
1.3643e-07
1.3401e-07
1.3164e-07
1.293e-07
1.27e-07
1.2474e-07
1.2252e-07
1.2033e-07
1.1818e-07
1.1607e-07
1.1399e-07
1.1195e-07
1.0994e-07
1.0796e-07
1.0602e-07
1.0411e-07
1.0223e-07
1.0038e-07
9.8564e-08
9.6778e-08
9.5023e-08
9.3297e-08
9.1601e-08
8.9933e-08
8.8294e-08
8.6682e-08
8.5098e-08
8.3541e-08
8.201e-08
8.0506e-08
7.9027e-08
7.7574e-08
7.6146e-08
7.4742e-08
7.3362e-08
7.2006e-08
7.0674e-08
6.9365e-08
6.8078e-08
6.6814e-08
6.5571e-08
6.435e-08
6.3151e-08
6.1972e-08
6.0814e-08
5.9676e-08
5.8559e-08
5.746e-08
5.6381e-08
5.5321e-08
5.428e-08
5.3257e-08
5.2252e-08
5.1265e-08
5.0295e-08
4.9343e-08
4.8407e-08
4.7488e-08
4.6586e-08
4.5699e-08
4.4829e-08
4.3974e-08
4.3134e-08
4.2309e-08
4.1499e-08
4.0704e-08
3.9923e-08
3.9156e-08
3.8403e-08
3.7663e-08
3.6937e-08
3.6224e-08
3.5524e-08
3.4837e-08
3.4162e-08
3.3499e-08
3.2849e-08
3.221e-08
3.1583e-08
3.0968e-08
3.0364e-08
2.9771e-08
2.9189e-08
2.8617e-08
2.8056e-08
2.7506e-08
2.6966e-08
2.6435e-08
2.5915e-08
2.5404e-08
2.4902e-08
2.441e-08
2.3928e-08
2.3454e-08
2.2989e-08
2.2532e-08
2.2085e-08
2.1645e-08
2.1214e-08
2.0791e-08
2.0376e-08
1.9969e-08
1.9569e-08
1.9177e-08
1.8792e-08
1.8415e-08
1.8045e-08
1.7682e-08
1.7326e-08
1.6976e-08
1.6633e-08
1.6297e-08
1.5967e-08
1.5644e-08
1.5327e-08
1.5015e-08
1.471e-08
1.4411e-08
1.4117e-08
1.3829e-08
1.3547e-08
1.327e-08
1.2998e-08
1.2732e-08
1.2471e-08
1.2215e-08
1.1964e-08
1.1717e-08
1.1476e-08
1.1239e-08
1.1007e-08
1.078e-08
1.0557e-08
1.0338e-08
1.0124e-08
9.9133e-09
9.7073e-09
9.5053e-09
9.3073e-09
9.1132e-09
8.923e-09
8.7365e-09
8.5537e-09
8.3746e-09
8.199e-09
8.0269e-09
7.8582e-09
7.6929e-09
7.5309e-09
7.3722e-09
7.2166e-09
7.0641e-09
6.9147e-09
6.7683e-09
6.6249e-09
6.4843e-09
6.3466e-09
6.2116e-09
6.0794e-09
5.9499e-09
5.823e-09
5.6986e-09
5.5768e-09
5.4575e-09
5.3405e-09
5.226e-09
5.1138e-09
5.0039e-09
4.8963e-09
4.7908e-09
4.6875e-09
4.5864e-09
4.4873e-09
4.3902e-09
4.2952e-09
4.2021e-09
4.1109e-09
4.0217e-09
3.9342e-09
3.8486e-09
3.7647e-09
3.6826e-09
3.6022e-09
3.5235e-09
3.4464e-09
3.3709e-09
3.297e-09
3.2247e-09
3.1538e-09
3.0845e-09
3.0166e-09
2.9501e-09
2.885e-09
2.8213e-09
2.759e-09
2.6979e-09
2.6381e-09
2.5797e-09
2.5224e-09
2.4663e-09
2.4115e-09
2.3578e-09
2.3053e-09
2.2538e-09
2.2035e-09
2.1542e-09
2.106e-09
2.0588e-09
2.0127e-09
1.9675e-09
1.9233e-09
1.88e-09
1.8377e-09
1.7963e-09
1.7558e-09
1.7161e-09
1.6773e-09
1.6394e-09
1.6022e-09
1.5659e-09
1.5304e-09
1.4956e-09
1.4616e-09
1.4283e-09
1.3958e-09
1.3639e-09
1.3328e-09
1.3023e-09
1.2725e-09
1.2434e-09
1.2149e-09
1.187e-09
1.1597e-09
1.1331e-09
1.107e-09
1.0815e-09
1.0566e-09
1.0322e-09
1.0083e-09
9.85e-10
9.6219e-10
9.399e-10
9.1809e-10
8.9678e-10
8.7593e-10
8.5555e-10
8.3563e-10
8.1615e-10
7.9711e-10
7.7849e-10
7.6029e-10
7.425e-10
7.2511e-10
7.0811e-10
6.9149e-10
6.7524e-10
6.5937e-10
6.4385e-10
6.2868e-10
6.1385e-10
5.9936e-10
5.852e-10
5.7136e-10
5.5783e-10
5.4461e-10
5.317e-10
5.1907e-10
5.0674e-10
4.9468e-10
4.829e-10
4.714e-10
4.6015e-10
4.4916e-10
4.3843e-10
4.2794e-10
4.1769e-10
4.0768e-10
3.979e-10
3.8834e-10
3.7901e-10
3.6989e-10
3.6098e-10
3.5228e-10
3.4378e-10
3.3548e-10
3.2737e-10
3.1945e-10
3.1171e-10
3.0415e-10
2.9677e-10
2.8957e-10
2.8253e-10
2.7565e-10
2.6894e-10
2.6238e-10
2.5598e-10
2.4973e-10
2.4362e-10
2.3766e-10
2.3184e-10
2.2616e-10
2.2061e-10
2.1519e-10
2.099e-10
2.0474e-10
1.997e-10
1.9477e-10
1.8997e-10
1.8528e-10
1.807e-10
1.7623e-10
1.7186e-10
1.676e-10
1.6344e-10
1.5939e-10
1.5542e-10
1.5156e-10
1.4778e-10
1.441e-10
1.4051e-10
1.37e-10
1.3358e-10
1.3023e-10
1.2697e-10
1.2379e-10
1.2069e-10
1.1766e-10
1.147e-10
1.1182e-10
1.09e-10
1.0626e-10
1.0358e-10
1.0096e-10
9.8411e-11
9.5923e-11
9.3496e-11
9.1127e-11
8.8817e-11
8.6563e-11
8.4365e-11
8.222e-11
8.0128e-11
7.8087e-11
7.6097e-11
7.4156e-11
7.2262e-11
7.0415e-11
6.8614e-11
6.6857e-11
6.5144e-11
6.3473e-11
6.1844e-11
6.0255e-11
5.8706e-11
5.7195e-11
5.5721e-11
5.4284e-11
5.2884e-11
5.1518e-11
5.0186e-11
4.8887e-11
4.7621e-11
4.6387e-11
4.5184e-11
4.401e-11
4.2867e-11
4.1752e-11
4.0665e-11
3.9605e-11
3.8572e-11
3.7566e-11
3.6584e-11
3.5628e-11
3.4695e-11
3.3787e-11
3.2901e-11
3.2038e-11
3.1196e-11
3.0377e-11
2.9577e-11
2.8799e-11
2.804e-11
2.73e-11
2.658e-11
2.5878e-11
2.5193e-11
2.4527e-11
2.3877e-11
2.3244e-11
2.2627e-11
2.2027e-11
2.1441e-11
2.0871e-11
2.0315e-11
1.9774e-11
1.9247e-11
1.8733e-11
1.8233e-11
1.7745e-11
1.727e-11
1.6808e-11
1.6357e-11
1.5918e-11
1.5491e-11
1.5075e-11
1.4669e-11
1.4275e-11
1.389e-11
1.3516e-11
1.3151e-11
1.2796e-11
1.245e-11
1.2113e-11
1.1785e-11
1.1466e-11
1.1155e-11
1.0852e-11
1.0557e-11
1.027e-11
9.9907e-12
9.7187e-12
9.4538e-12
9.1959e-12
8.9448e-12
8.7004e-12
8.4625e-12
8.2309e-12
8.0054e-12
7.786e-12
7.5723e-12
7.3644e-12
7.162e-12
6.965e-12
6.7733e-12
6.5867e-12
6.4051e-12
6.2283e-12
6.0563e-12
5.8889e-12
5.726e-12
5.5675e-12
5.4132e-12
5.2631e-12
5.1171e-12
4.9749e-12
4.8366e-12
4.7021e-12
4.5711e-12
4.4438e-12
4.3198e-12
4.1993e-12
4.082e-12
3.9678e-12
3.8568e-12
3.7488e-12
3.6438e-12
3.5416e-12
3.4421e-12
3.3454e-12
3.2514e-12
3.1599e-12
3.0709e-12
2.9844e-12
2.9002e-12
2.8183e-12
2.7387e-12
2.6613e-12
2.586e-12
2.5127e-12
2.4415e-12
2.3723e-12
2.3049e-12
2.2395e-12
2.1758e-12
2.1139e-12
2.0537e-12
1.9951e-12
1.9382e-12
1.8829e-12
1.8291e-12
1.7768e-12
1.726e-12
1.6766e-12
1.6285e-12
1.5818e-12
1.5364e-12
1.4923e-12
1.4494e-12
1.4077e-12
1.3671e-12
1.3278e-12
1.2895e-12
1.2522e-12
1.2161e-12
1.1809e-12
1.1468e-12
1.1136e-12
1.0813e-12
1.0499e-12
1.0195e-12
9.8987e-13
9.611e-13
9.3314e-13
9.0598e-13
8.7959e-13
8.5394e-13
8.2903e-13
8.0482e-13
7.813e-13
7.5845e-13
7.3626e-13
7.1469e-13
6.9374e-13
6.7339e-13
6.5362e-13
6.3442e-13
6.1576e-13
5.9764e-13
5.8004e-13
5.6295e-13
5.4635e-13
5.3022e-13
5.1456e-13
4.9935e-13
4.8458e-13
4.7023e-13
4.563e-13
4.4277e-13
4.2963e-13
4.1687e-13
4.0448e-13
3.9245e-13
3.8077e-13
3.6943e-13
3.5842e-13
3.4772e-13
3.3734e-13
3.2726e-13
3.1748e-13
3.0798e-13
2.9876e-13
2.898e-13
2.8111e-13
2.7268e-13
2.6449e-13
2.5654e-13
2.4882e-13
2.4133e-13
2.3406e-13
2.27e-13
2.2015e-13
2.1351e-13
2.0706e-13
2.008e-13
1.9472e-13
1.8882e-13
1.831e-13
1.7755e-13
1.7216e-13
1.6693e-13
1.6186e-13
1.5693e-13
1.5216e-13
1.4752e-13
1.4302e-13
1.3866e-13
1.3443e-13
1.3032e-13
1.2633e-13
1.2247e-13
1.1872e-13
1.1508e-13
1.1155e-13
1.0813e-13
1.0481e-13
1.0159e-13
9.8461e-14
9.5431e-14
9.2491e-14
8.964e-14
8.6875e-14
8.4193e-14
8.1593e-14
7.907e-14
7.6624e-14
7.4252e-14
7.1951e-14
6.972e-14
6.7557e-14
6.546e-14
6.3426e-14
6.1453e-14
5.9541e-14
5.7687e-14
5.5889e-14
5.4147e-14
5.2457e-14
5.0819e-14
4.923e-14
4.7691e-14
4.6198e-14
4.4751e-14
4.3349e-14
4.1989e-14
4.0671e-14
3.9393e-14
3.8155e-14
3.6955e-14
3.5792e-14
3.4664e-14
3.3572e-14
3.2513e-14
3.1486e-14
3.0492e-14
2.9528e-14
2.8594e-14
2.7688e-14
2.6811e-14
2.5961e-14
2.5138e-14
2.4339e-14
2.3566e-14
2.2817e-14
2.2091e-14
2.1388e-14
2.0706e-14
2.0046e-14
1.9406e-14
1.8787e-14
1.8187e-14
1.7605e-14
1.7042e-14
1.6496e-14
1.5968e-14
1.5456e-14
1.496e-14
1.4479e-14
1.4014e-14
1.3564e-14
1.3127e-14
1.2704e-14
1.2295e-14
1.1899e-14
1.1515e-14
1.1143e-14
1.0783e-14
1.0434e-14
1.0097e-14
9.7698e-15
9.4532e-15
9.1467e-15
8.8499e-15
8.5626e-15
8.2844e-15
8.015e-15
7.7543e-15
7.5018e-15
7.2574e-15
7.0208e-15
6.7917e-15
6.57e-15
6.3553e-15
6.1475e-15
5.9464e-15
5.7517e-15
5.5633e-15
5.3809e-15
5.2044e-15
5.0335e-15
4.8682e-15
4.7082e-15
4.5533e-15
4.4034e-15
4.2583e-15
4.118e-15
3.9821e-15
3.8507e-15
3.7235e-15
3.6004e-15
3.4813e-15
3.3661e-15
3.2546e-15
3.1468e-15
3.0424e-15
2.9414e-15
2.8437e-15
2.7492e-15
2.6578e-15
2.5693e-15
2.4838e-15
2.401e-15
2.321e-15
2.2435e-15
2.1686e-15
2.0961e-15
2.0261e-15
1.9583e-15
1.8927e-15
1.8293e-15
1.768e-15
1.7087e-15
1.6513e-15
1.5958e-15
1.5422e-15
1.4903e-15
1.4401e-15
1.3916e-15
1.3447e-15
1.2994e-15
1.2555e-15
1.2131e-15
1.1721e-15
1.1325e-15
1.0942e-15
1.0571e-15
1.0213e-15
9.8665e-16
9.5317e-16
9.2081e-16
8.8953e-16
8.5929e-16
8.3005e-16
8.018e-16
7.7448e-16
7.4808e-16
7.2257e-16
6.979e-16
6.7407e-16
6.5103e-16
6.2876e-16
6.0725e-16
5.8645e-16
5.6636e-16
5.4694e-16
5.2817e-16
5.1003e-16
4.9251e-16
4.7558e-16
4.5922e-16
4.4341e-16
4.2814e-16
4.1338e-16
3.9912e-16
3.8534e-16
3.7204e-16
3.5918e-16
3.4676e-16
3.3476e-16
3.2317e-16
3.1197e-16
3.0115e-16
2.9071e-16
2.8061e-16
2.7087e-16
2.6145e-16
2.5236e-16
2.4357e-16
2.3509e-16
2.269e-16
2.1898e-16
2.1134e-16
2.0396e-16
1.9684e-16
1.8995e-16
1.8331e-16
1.7689e-16
1.7069e-16
1.6471e-16
1.5893e-16
1.5336e-16
1.4797e-16
1.4277e-16
1.3775e-16
1.329e-16
1.2822e-16
1.237e-16
1.1934e-16
1.1513e-16
1.1107e-16
1.0715e-16
1.0336e-16
9.9704e-17
9.6175e-17
9.2769e-17
8.9482e-17
8.6309e-17
8.3247e-17
8.0292e-17
7.7439e-17
7.4687e-17
7.203e-17
6.9467e-17
6.6993e-17
6.4605e-17
6.2302e-17
6.0079e-17
5.7934e-17
5.5864e-17
5.3867e-17
5.194e-17
5.0081e-17
4.8287e-17
4.6557e-17
4.4887e-17
4.3276e-17
4.1723e-17
4.0224e-17
3.8777e-17
3.7383e-17
3.6037e-17
3.4739e-17
3.3487e-17
3.2279e-17
3.1115e-17
2.9991e-17
2.8908e-17
2.7863e-17
2.6855e-17
2.5883e-17
2.4945e-17
2.4041e-17
2.3169e-17
2.2329e-17
2.1518e-17
2.0736e-17
1.9982e-17
1.9255e-17
1.8554e-17
1.7879e-17
1.7227e-17
1.6599e-17
1.5993e-17
1.5409e-17
1.4846e-17
1.4304e-17
1.378e-17
1.3276e-17
1.279e-17
1.2321e-17
1.1869e-17
1.1434e-17
1.1014e-17
1.061e-17
1.022e-17
9.8437e-18
9.4815e-18
9.1323e-18
8.7958e-18
8.4715e-18
8.159e-18
7.8578e-18
7.5676e-18
7.2879e-18
7.0184e-18
6.7587e-18
6.5084e-18
6.2673e-18
6.035e-18
5.8111e-18
5.5954e-18
5.3876e-18
5.1874e-18
4.9945e-18
4.8087e-18
4.6297e-18
4.4573e-18
4.2911e-18
4.1311e-18
3.9769e-18
3.8284e-18
3.6854e-18
3.5476e-18
3.4149e-18
3.2871e-18
3.164e-18
3.0454e-18
2.9312e-18
2.8213e-18
2.7153e-18
2.6134e-18
2.5151e-18
2.4205e-18
2.3295e-18
2.2417e-18
2.1573e-18
2.076e-18
1.9977e-18
1.9223e-18
1.8497e-18
1.7798e-18
1.7125e-18
1.6477e-18
1.5853e-18
1.5253e-18
1.4675e-18
1.4118e-18
1.3583e-18
1.3067e-18
1.257e-18
1.2093e-18
1.1633e-18
1.119e-18
1.0764e-18
1.0354e-18
9.9591e-19
9.5792e-19
9.2136e-19
8.8618e-19
8.5231e-19
8.1973e-19
7.8837e-19
7.5819e-19
7.2915e-19
7.012e-19
6.7432e-19
6.4844e-19
6.2355e-19
5.996e-19
5.7655e-19
5.5438e-19
5.3304e-19
5.1252e-19
4.9278e-19
4.7378e-19
4.5551e-19
4.3793e-19
4.2102e-19
4.0475e-19
3.891e-19
3.7405e-19
3.5957e-19
3.4565e-19
3.3226e-19
3.1937e-19
3.0698e-19
2.9507e-19
2.8361e-19
2.7259e-19
2.6199e-19
2.518e-19
2.4199e-19
2.3257e-19
2.235e-19
2.1479e-19
2.0641e-19
1.9835e-19
1.906e-19
1.8315e-19
1.7599e-19
1.691e-19
1.6248e-19
1.5612e-19
1.5e-19
1.4412e-19
1.3846e-19
1.3303e-19
1.278e-19
1.2278e-19
1.1795e-19
1.1331e-19
1.0884e-19
1.0456e-19
1.0043e-19
9.6473e-20
9.2666e-20
8.9007e-20
8.5491e-20
8.2111e-20
7.8863e-20
7.5742e-20
7.2743e-20
6.9861e-20
6.7091e-20
6.443e-20
6.1873e-20
5.9416e-20
5.7056e-20
5.4787e-20
5.2608e-20
5.0514e-20
4.8503e-20
4.657e-20
4.4714e-20
4.293e-20
4.1217e-20
3.9571e-20
3.799e-20
3.6471e-20
3.5012e-20
3.3611e-20
3.2265e-20
3.0972e-20
2.9731e-20
2.8538e-20
2.7393e-20
2.6293e-20
2.5236e-20
2.4222e-20
2.3248e-20
2.2312e-20
2.1414e-20
2.0551e-20
1.9722e-20
1.8927e-20
1.8163e-20
1.743e-20
1.6725e-20
1.6049e-20
1.54e-20
1.4777e-20
1.4179e-20
1.3604e-20
1.3053e-20
1.2523e-20
1.2015e-20
1.1527e-20
1.1059e-20
1.0609e-20
1.0178e-20
9.7638e-21
9.3663e-21
8.9848e-21
8.6186e-21
8.2671e-21
7.9298e-21
7.606e-21
7.2953e-21
6.9972e-21
6.711e-21
6.4365e-21
6.173e-21
5.9201e-21
5.6775e-21
5.4447e-21
5.2213e-21
5.007e-21
4.8014e-21
4.6041e-21
4.4148e-21
4.2331e-21
4.0589e-21
3.8918e-21
3.7314e-21
3.5776e-21
3.43e-21
3.2884e-21
3.1526e-21
3.0224e-21
2.8974e-21
2.7776e-21
2.6627e-21
2.5524e-21
2.4467e-21
2.3453e-21
2.248e-21
2.1547e-21
2.0653e-21
1.9795e-21
1.8972e-21
1.8183e-21
1.7426e-21
1.6701e-21
1.6005e-21
1.5338e-21
1.4699e-21
1.4086e-21
1.3498e-21
1.2934e-21
1.2394e-21
1.1876e-21
1.1379e-21
1.0903e-21
1.0446e-21
1.0008e-21
9.5889e-22
9.1867e-22
8.8012e-22
8.4317e-22
8.0775e-22
7.738e-22
7.4126e-22
7.1007e-22
6.8018e-22
6.5153e-22
6.2408e-22
5.9776e-22
5.7255e-22
5.4838e-22
5.2522e-22
5.0303e-22
4.8177e-22
4.6139e-22
4.4186e-22
4.2315e-22
4.0523e-22
3.8805e-22
3.716e-22
3.5583e-22
3.4072e-22
3.2625e-22
3.1239e-22
2.991e-22
2.8638e-22
2.7419e-22
2.6251e-22
2.5133e-22
2.4061e-22
2.3035e-22
2.2052e-22
2.111e-22
2.0209e-22
1.9345e-22
1.8518e-22
1.7725e-22
1.6966e-22
1.624e-22
1.5544e-22
1.4877e-22
1.4239e-22
1.3628e-22
1.3043e-22
1.2482e-22
1.1946e-22
1.1432e-22
1.094e-22
1.0469e-22
1.0018e-22
9.5864e-23
9.173e-23
8.7773e-23
8.3984e-23
8.0357e-23
7.6885e-23
7.3561e-23
7.0379e-23
6.7333e-23
6.4418e-23
6.1627e-23
5.8956e-23
5.64e-23
5.3953e-23
5.161e-23
4.9369e-23
4.7224e-23
4.5171e-23
4.3206e-23
4.1325e-23
3.9526e-23
3.7804e-23
3.6156e-23
3.4579e-23
3.3071e-23
3.1627e-23
3.0246e-23
2.8924e-23
2.7659e-23
2.6449e-23
2.5292e-23
2.4184e-23
2.3125e-23
2.2111e-23
2.1142e-23
2.0214e-23
1.9327e-23
1.8478e-23
1.7666e-23
1.6889e-23
1.6146e-23
1.5435e-23
1.4756e-23
1.4106e-23
1.3484e-23
1.2889e-23
1.2321e-23
1.1777e-23
1.1257e-23
1.0759e-23
1.0284e-23
9.8287e-24
9.3938e-24
8.9778e-24
8.5801e-24
8.1998e-24
7.8362e-24
7.4886e-24
7.1562e-24
6.8384e-24
6.5345e-24
6.244e-24
5.9663e-24
5.7008e-24
5.447e-24
5.2044e-24
4.9724e-24
4.7507e-24
4.5388e-24
4.3362e-24
4.1426e-24
3.9575e-24
3.7806e-24
3.6115e-24
3.4499e-24
3.2955e-24
3.1479e-24
3.0068e-24
2.872e-24
2.7432e-24
2.6201e-24
2.5025e-24
2.3901e-24
2.2826e-24
2.18e-24
2.0819e-24
1.9882e-24
1.8987e-24
1.8131e-24
1.7314e-24
1.6533e-24
1.5787e-24
1.5075e-24
1.4394e-24
1.3743e-24
1.3122e-24
1.2528e-24
1.1961e-24
1.142e-24
1.0903e-24
1.0408e-24
9.9365e-25
9.4857e-25
9.0552e-25
8.644e-25
8.2513e-25
7.8762e-25
7.518e-25
7.176e-25
6.8493e-25
6.5374e-25
6.2395e-25
5.955e-25
5.6834e-25
5.4241e-25
5.1765e-25
4.94e-25
4.7143e-25
4.4987e-25
4.2929e-25
4.0965e-25
3.9089e-25
3.7298e-25
3.5589e-25
3.3957e-25
3.2399e-25
3.0912e-25
2.9493e-25
2.8138e-25
2.6844e-25
2.561e-25
2.4432e-25
2.3307e-25
2.2234e-25
2.1209e-25
2.0231e-25
1.9298e-25
1.8408e-25
1.7558e-25
1.6747e-25
1.5973e-25
1.5235e-25
1.453e-25
1.3858e-25
1.3216e-25
1.2604e-25
1.202e-25
1.1463e-25
1.0931e-25
1.0424e-25
9.9397e-26
9.478e-26
9.0375e-26
8.6173e-26
8.2164e-26
7.834e-26
7.4692e-26
7.1212e-26
6.7893e-26
6.4728e-26
6.1708e-26
5.8828e-26
5.6081e-26
5.3461e-26
5.0962e-26
4.8579e-26
4.6306e-26
4.4138e-26
4.2071e-26
4.01e-26
3.8221e-26
3.6428e-26
3.4719e-26
3.3089e-26
3.1535e-26
3.0054e-26
2.8641e-26
2.7294e-26
2.601e-26
2.4785e-26
2.3618e-26
2.2505e-26
2.1444e-26
2.0433e-26
1.9469e-26
1.855e-26
1.7674e-26
1.6839e-26
1.6043e-26
1.5284e-26
1.4561e-26
1.3871e-26
1.3214e-26
1.2588e-26
1.1992e-26
1.1423e-26
1.0881e-26
1.0364e-26
9.872e-27
9.4029e-27
8.9559e-27
8.5299e-27
8.1241e-27
7.7373e-27
7.3688e-27
7.0177e-27
6.6831e-27
6.3644e-27
6.0607e-27
5.7714e-27
5.4957e-27
5.2331e-27
4.983e-27
4.7447e-27
4.5176e-27
4.3014e-27
4.0954e-27
3.8991e-27
3.7122e-27
3.5342e-27
3.3646e-27
3.2031e-27
3.0493e-27
2.9027e-27
2.7632e-27
2.6303e-27
2.5038e-27
2.3832e-27
2.2685e-27
2.1592e-27
2.0551e-27
1.956e-27
1.8616e-27
1.7717e-27
1.6862e-27
1.6047e-27
1.5272e-27
1.4533e-27
1.383e-27
1.3161e-27
1.2523e-27
1.1917e-27
1.1339e-27
1.0789e-27
1.0266e-27
9.7675e-28
9.2932e-28
8.8417e-28
8.412e-28
8.003e-28
7.6137e-28
7.2431e-28
6.8904e-28
6.5548e-28
6.2354e-28
5.9313e-28
5.642e-28
5.3667e-28
5.1047e-28
4.8553e-28
4.6181e-28
4.3923e-28
4.1775e-28
3.973e-28
3.7785e-28
3.5935e-28
3.4174e-28
3.2499e-28
3.0905e-28
2.9388e-28
2.7946e-28
2.6573e-28
2.5268e-28
2.4026e-28
2.2844e-28
2.172e-28
2.0651e-28
1.9634e-28
1.8667e-28
1.7747e-28
1.6872e-28
1.604e-28
1.5248e-28
1.4495e-28
1.3779e-28
1.3098e-28
1.245e-28
1.1835e-28
1.1249e-28
1.0692e-28
1.0162e-28
9.6589e-29
9.18e-29
8.7247e-29
8.2918e-29
7.8802e-29
7.4888e-29
7.1168e-29
6.763e-29
6.4267e-29
6.1069e-29
5.803e-29
5.514e-29
5.2393e-29
4.9782e-29
4.73e-29
4.494e-29
4.2697e-29
4.0566e-29
3.8539e-29
3.6613e-29
3.4783e-29
3.3043e-29
3.139e-29
2.9818e-29
2.8325e-29
2.6906e-29
2.5557e-29
2.4275e-29
2.3057e-29
2.19e-29
2.08e-29
1.9755e-29
1.8762e-29
1.7819e-29
1.6923e-29
1.6071e-29
1.5262e-29
1.4493e-29
1.3763e-29
1.3069e-29
1.241e-29
1.1784e-29
1.1189e-29
1.0624e-29
1.0087e-29
9.5771e-30
9.0928e-30
8.6328e-30
8.1958e-30
7.7808e-30
7.3867e-30
7.0123e-30
6.6568e-30
6.3191e-30
5.9985e-30
5.6939e-30
5.4047e-30
5.1301e-30
4.8693e-30
4.6217e-30
4.3865e-30
4.1633e-30
3.9513e-30
3.75e-30
3.5588e-30
3.3774e-30
3.2051e-30
3.0415e-30
2.8863e-30
2.7388e-30
2.5989e-30
2.466e-30
2.3399e-30
2.2202e-30
2.1065e-30
1.9987e-30
1.8963e-30
1.7991e-30
1.7068e-30
1.6193e-30
1.5362e-30
1.4573e-30
1.3825e-30
1.3114e-30
1.244e-30
1.18e-30
1.1193e-30
1.0617e-30
1.007e-30
9.5513e-31
9.0591e-31
8.592e-31
8.1487e-31
7.7282e-31
7.3292e-31
6.9507e-31
6.5915e-31
6.2508e-31
5.9275e-31
5.6208e-31
5.3299e-31
5.0539e-31
4.7921e-31
4.5437e-31
4.3081e-31
4.0846e-31
3.8727e-31
3.6716e-31
3.4809e-31
3.3001e-31
3.1285e-31
2.9658e-31
2.8115e-31
2.6652e-31
2.5264e-31
2.3948e-31
2.27e-31
2.1517e-31
2.0394e-31
1.933e-31
1.8321e-31
1.7364e-31
1.6457e-31
1.5597e-31
1.4781e-31
1.4008e-31
1.3275e-31
1.258e-31
1.1921e-31
1.1296e-31
1.0704e-31
1.0143e-31
9.6107e-32
9.1062e-32
8.628e-32
8.1748e-32
7.7452e-32
7.3379e-32
6.952e-32
6.5862e-32
6.2394e-32
5.9108e-32
5.5994e-32
5.3043e-32
5.0246e-32
4.7595e-32
4.5083e-32
4.2703e-32
4.0448e-32
3.831e-32
3.6285e-32
3.4366e-32
3.2548e-32
3.0825e-32
2.9193e-32
2.7646e-32
2.6181e-32
2.4793e-32
2.3478e-32
2.2232e-32
2.1052e-32
1.9934e-32
1.8875e-32
1.7872e-32
1.6922e-32
1.6022e-32
1.5169e-32
1.4361e-32
1.3597e-32
1.2872e-32
1.2186e-32
1.1536e-32
1.0921e-32
1.0338e-32
9.7859e-33
9.2632e-33
8.7682e-33
8.2995e-33
7.8556e-33
7.4353e-33
7.0374e-33
6.6606e-33
6.3038e-33
5.9659e-33
5.6461e-33
5.3433e-33
5.0566e-33
4.7851e-33
4.5282e-33
4.2849e-33
4.0546e-33
3.8366e-33
3.6303e-33
3.4349e-33
3.25e-33
3.075e-33
2.9093e-33
2.7525e-33
2.6041e-33
2.4636e-33
2.3307e-33
2.2048e-33
2.0858e-33
1.9731e-33
1.8664e-33
1.7655e-33
1.67e-33
1.5796e-33
1.4941e-33
1.4132e-33
1.3366e-33
1.2641e-33
1.1956e-33
1.1307e-33
1.0694e-33
1.0113e-33
9.5637e-34
9.0441e-34
8.5524e-34
8.0873e-34
7.6473e-34
7.2311e-34
6.8374e-34
6.465e-34
6.1127e-34
5.7794e-34
5.4643e-34
5.1661e-34
4.8842e-34
4.6175e-34
4.3652e-34
4.1267e-34
3.9011e-34
3.6878e-34
3.486e-34
3.2952e-34
3.1147e-34
2.9441e-34
2.7828e-34
2.6302e-34
2.486e-34
2.3496e-34
2.2206e-34
2.0987e-34
1.9834e-34
1.8744e-34
1.7714e-34
1.6739e-34
1.5818e-34
1.4948e-34
1.4125e-34
1.3347e-34
1.2611e-34
1.1916e-34
1.1259e-34
1.0637e-34
1.005e-34
9.4953e-35
8.9708e-35
8.475e-35
8.0065e-35
7.5637e-35
7.1452e-35
6.7497e-35
6.376e-35
6.0228e-35
5.689e-35
5.3736e-35
5.0756e-35
4.794e-35
4.5279e-35
4.2765e-35
4.039e-35
3.8145e-35
3.6025e-35
3.4021e-35
3.2128e-35
3.034e-35
2.8651e-35
2.7055e-35
2.5547e-35
2.4123e-35
2.2778e-35
2.1507e-35
2.0307e-35
1.9173e-35
1.8102e-35
1.7091e-35
1.6135e-35
1.5233e-35
1.4381e-35
1.3576e-35
1.2816e-35
1.2098e-35
1.142e-35
1.078e-35
1.0176e-35
9.6048e-36
9.0658e-36
8.5568e-36
8.0762e-36
7.6225e-36
7.194e-36
6.7895e-36
6.4076e-36
6.047e-36
5.7066e-36
5.3852e-36
5.0818e-36
4.7954e-36
4.5251e-36
4.2698e-36
4.0289e-36
3.8015e-36
3.5868e-36
3.3842e-36
3.1929e-36
3.0124e-36
2.842e-36
2.6812e-36
2.5295e-36
2.3862e-36
2.2511e-36
2.1235e-36
2.0031e-36
1.8895e-36
1.7823e-36
1.6812e-36
1.5857e-36
1.4956e-36
1.4107e-36
1.3305e-36
1.2548e-36
1.1834e-36
1.1161e-36
1.0525e-36
9.926e-37
9.3604e-37
8.8269e-37
8.3236e-37
7.8488e-37
7.401e-37
6.9785e-37
6.58e-37
6.2041e-37
5.8495e-37
5.5151e-37
5.1996e-37
4.9021e-37
4.6215e-37
4.3569e-37
4.1073e-37
3.872e-37
3.65e-37
3.4407e-37
3.2433e-37
3.0572e-37
2.8816e-37
2.7161e-37
2.5601e-37
2.4129e-37
2.2742e-37
2.1433e-37
2.02e-37
1.9037e-37
1.7941e-37
1.6907e-37
1.5933e-37
1.5014e-37
1.4148e-37
1.3332e-37
1.2562e-37
1.1837e-37
1.1153e-37
1.0509e-37
9.9012e-38
9.3286e-38
8.7889e-38
8.2803e-38
7.8009e-38
7.3491e-38
6.9233e-38
6.522e-38
6.1438e-38
5.7874e-38
5.4516e-38
5.1351e-38
4.8369e-38
4.5559e-38
4.2912e-38
4.0417e-38
3.8066e-38
3.5852e-38
3.3765e-38
3.1799e-38
2.9947e-38
2.8202e-38
2.6558e-38
2.5009e-38
2.355e-38
2.2176e-38
2.0881e-38
1.9662e-38
1.8513e-38
1.7431e-38
1.6412e-38
1.5452e-38
1.4548e-38
1.3697e-38
1.2895e-38
1.2139e-38
1.1428e-38
1.0758e-38
1.0127e-38
9.533e-39
8.9736e-39
8.4468e-39
7.9507e-39
7.4836e-39
7.0438e-39
6.6296e-39
6.2397e-39
5.8726e-39
5.5269e-39
5.2015e-39
4.8951e-39
4.6066e-39
4.3351e-39
4.0794e-39
3.8388e-39
3.6122e-39
3.399e-39
3.1983e-39
3.0093e-39
2.8314e-39
2.664e-39
2.5065e-39
2.3582e-39
2.2186e-39
2.0872e-39
1.9636e-39
1.8472e-39
1.7377e-39
1.6347e-39
1.5377e-39
1.4465e-39
1.3606e-39
1.2798e-39
1.2038e-39
1.1322e-39
1.0649e-39
1.0016e-39
9.42e-40
8.8593e-40
8.3319e-40
7.8356e-40
7.3687e-40
6.9295e-40
6.5163e-40
6.1276e-40
5.762e-40
5.4181e-40
5.0945e-40
4.7902e-40
4.5039e-40
4.2347e-40
3.9815e-40
3.7433e-40
3.5192e-40
3.3086e-40
3.1104e-40
2.9241e-40
2.7488e-40
2.584e-40
2.429e-40
2.2833e-40
2.1462e-40
2.0174e-40
1.8962e-40
1.7823e-40
1.6751e-40
1.5744e-40
1.4797e-40
1.3907e-40
1.307e-40
1.2283e-40
1.1543e-40
1.0847e-40
1.0193e-40
9.5785e-41
9.0006e-41
8.4575e-41
7.9469e-41
7.4669e-41
7.0158e-41
6.5918e-41
6.1933e-41
5.8187e-41
5.4667e-41
5.1358e-41
4.8249e-41
4.5326e-41
4.258e-41
3.9999e-41
3.7574e-41
3.5295e-41
3.3153e-41
3.1141e-41
2.925e-41
2.7473e-41
2.5804e-41
2.4235e-41
2.2762e-41
2.1377e-41
2.0076e-41
1.8854e-41
1.7706e-41
1.6627e-41
1.5614e-41
1.4662e-41
1.3768e-41
1.2928e-41
1.2139e-41
1.1398e-41
1.0702e-41
1.0048e-41
9.4342e-42
8.8574e-42
8.3157e-42
7.8069e-42
7.3291e-42
6.8804e-42
6.459e-42
6.0633e-42
5.6917e-42
5.3427e-42
5.015e-42
4.7074e-42
4.4184e-42
4.1471e-42
3.8924e-42
3.6533e-42
3.4287e-42
3.2179e-42
3.02e-42
2.8342e-42
2.6597e-42
2.496e-42
2.3422e-42
2.1979e-42
2.0624e-42
1.9353e-42
1.8159e-42
1.7038e-42
1.5987e-42
1.4999e-42
1.4073e-42
1.3203e-42
1.2387e-42
1.1621e-42
1.0902e-42
1.0228e-42
9.5947e-43
9.0006e-43
8.443e-43
7.9198e-43
7.4289e-43
6.9682e-43
6.536e-43
6.1304e-43
5.7499e-43
5.3928e-43
5.0578e-43
4.7435e-43
4.4486e-43
4.172e-43
3.9125e-43
3.669e-43
3.4406e-43
3.2264e-43
3.0254e-43
2.8369e-43
2.66e-43
2.4941e-43
2.3385e-43
2.1926e-43
2.0557e-43
1.9274e-43
1.807e-43
1.6941e-43
1.5882e-43
1.4888e-43
1.3957e-43
1.3084e-43
1.2265e-43
1.1497e-43
1.0776e-43
1.0101e-43
9.4679e-44
8.8742e-44
8.3175e-44
7.7956e-44
7.3062e-44
6.8474e-44
6.4173e-44
6.014e-44
5.636e-44
5.2816e-44
4.9493e-44
4.6379e-44
4.3459e-44
4.0723e-44
3.8157e-44
3.5753e-44
3.3499e-44
3.1387e-44
2.9407e-44
2.7551e-44
2.5812e-44
2.4182e-44
2.2655e-44
2.1223e-44
1.9882e-44
1.8625e-44
1.7447e-44
1.6343e-44
1.5308e-44
1.4339e-44
1.3431e-44
1.258e-44
1.1782e-44
1.1035e-44
1.0335e-44
9.6795e-45
9.0651e-45
8.4895e-45
7.9503e-45
7.4452e-45
6.9719e-45
6.5287e-45
6.1134e-45
5.7245e-45
5.3601e-45
5.0188e-45
4.6992e-45
4.3998e-45
4.1194e-45
3.8568e-45
3.6108e-45
3.3804e-45
3.1647e-45
2.9626e-45
2.7734e-45
2.5962e-45
2.4303e-45
2.275e-45
2.1295e-45
1.9932e-45
1.8657e-45
1.7462e-45
1.6344e-45
1.5297e-45
1.4317e-45
1.3399e-45
1.254e-45
1.1735e-45
1.0982e-45
1.0277e-45
9.6175e-46
8.9997e-46
8.4214e-46
7.8801e-46
7.3734e-46
6.8991e-46
6.4552e-46
6.0397e-46
5.6508e-46
5.2869e-46
4.9462e-46
4.6274e-46
4.3291e-46
4.0499e-46
3.7886e-46
3.5441e-46
3.3152e-46
3.1011e-46
2.9008e-46
2.7133e-46
2.5379e-46
2.3738e-46
2.2202e-46
2.0765e-46
1.9421e-46
1.8163e-46
1.6987e-46
1.5886e-46
1.4856e-46
1.3893e-46
1.2992e-46
1.2149e-46
1.136e-46
1.0622e-46
9.9325e-47
9.2871e-47
8.6835e-47
8.1189e-47
7.5908e-47
7.0969e-47
6.635e-47
6.2031e-47
5.7991e-47
5.4213e-47
5.0679e-47
4.7375e-47
4.4286e-47
4.1397e-47
3.8695e-47
3.6169e-47
3.3807e-47
3.1599e-47
2.9534e-47
2.7603e-47
2.5798e-47
2.4111e-47
2.2533e-47
2.1058e-47
1.968e-47
1.8391e-47
1.7186e-47
1.6059e-47
1.5006e-47
1.4022e-47
1.3102e-47
1.2242e-47
1.1439e-47
1.0687e-47
9.9853e-48
9.3291e-48
8.7158e-48
8.1427e-48
7.6071e-48
7.1065e-48
6.6387e-48
6.2016e-48
5.7931e-48
5.4114e-48
5.0547e-48
4.7214e-48
4.41e-48
4.1191e-48
3.8472e-48
3.5932e-48
3.3559e-48
3.1342e-48
2.9271e-48
2.7336e-48
2.5528e-48
2.3839e-48
2.2262e-48
2.0788e-48
1.9412e-48
1.8126e-48
1.6925e-48
1.5803e-48
1.4755e-48
1.3777e-48
1.2863e-48
1.2009e-48
1.1212e-48
1.0467e-48
9.7717e-49
9.1223e-49
8.5159e-49
7.9496e-49
7.4208e-49
6.927e-49
6.4659e-49
6.0354e-49
5.6334e-49
5.258e-49
4.9076e-49
4.5804e-49
4.2749e-49
3.9897e-49
3.7234e-49
3.4748e-49
3.2428e-49
3.0261e-49
2.8239e-49
2.6352e-49
2.4589e-49
2.2945e-49
2.1409e-49
1.9976e-49
1.8639e-49
1.739e-49
1.6225e-49
1.5138e-49
1.4123e-49
1.3176e-49
1.2292e-49
1.1467e-49
1.0697e-49
9.9789e-50
9.3086e-50
8.6831e-50
8.0995e-50
7.5549e-50
7.0467e-50
6.5726e-50
6.1303e-50
5.7176e-50
5.3325e-50
4.9732e-50
4.6381e-50
4.3254e-50
4.0338e-50
3.7617e-50
3.5078e-50
3.2711e-50
3.0502e-50
2.8442e-50
2.652e-50
2.4728e-50
2.3056e-50
2.1497e-50
2.0042e-50
1.8686e-50
1.7421e-50
1.6241e-50
1.5141e-50
1.4115e-50
1.3159e-50
1.2266e-50
1.1434e-50
1.0659e-50
9.9352e-51
9.2607e-51
8.6318e-51
8.0454e-51
7.4987e-51
6.989e-51
6.5137e-51
6.0707e-51
5.6576e-51
5.2725e-51
4.9135e-51
4.5789e-51
4.2669e-51
3.9762e-51
3.7051e-51
3.4524e-51
3.2169e-51
2.9974e-51
2.7928e-51
2.6021e-51
2.4244e-51
2.2587e-51
2.1044e-51
1.9605e-51
1.8264e-51
1.7015e-51
1.585e-51
1.4765e-51
1.3754e-51
1.2812e-51
1.1934e-51
1.1116e-51
1.0354e-51
9.6439e-52
8.9823e-52
8.3658e-52
7.7915e-52
7.2565e-52
6.758e-52
6.2936e-52
5.861e-52
5.458e-52
5.0826e-52
4.7329e-52
4.4072e-52
4.1038e-52
3.8212e-52
3.5579e-52
3.3127e-52
3.0844e-52
2.8717e-52
2.6736e-52
2.4892e-52
2.3174e-52
2.1574e-52
2.0084e-52
1.8696e-52
1.7404e-52
1.6201e-52
1.5081e-52
1.4038e-52
1.3066e-52
1.2162e-52
1.132e-52
1.0536e-52
9.8061e-53
9.1265e-53
8.4939e-53
7.9049e-53
7.3565e-53
6.8461e-53
6.3709e-53
5.9286e-53
5.5168e-53
5.1335e-53
4.7768e-53
4.4447e-53
4.1356e-53
3.8479e-53
3.5802e-53
3.331e-53
3.0991e-53
2.8832e-53
2.6824e-53
2.4954e-53
2.3215e-53
2.1596e-53
2.0089e-53
1.8687e-53
1.7383e-53
1.6169e-53
1.504e-53
1.3989e-53
1.3012e-53
1.2102e-53
1.1256e-53
1.0468e-53
9.7359e-54
9.0544e-54
8.4205e-54
7.8307e-54
7.2821e-54
6.7717e-54
6.297e-54
5.8554e-54
5.4447e-54
5.0627e-54
4.7073e-54
4.3768e-54
4.0694e-54
3.7835e-54
3.5176e-54
3.2703e-54
3.0404e-54
2.8265e-54
2.6276e-54
2.4427e-54
2.2707e-54
2.1108e-54
1.9621e-54
1.8238e-54
1.6952e-54
1.5757e-54
1.4646e-54
1.3612e-54
1.2651e-54
1.1758e-54
1.0928e-54
1.0156e-54
9.4382e-55
8.771e-55
8.1508e-55
7.5743e-55
7.0384e-55
6.5402e-55
6.0772e-55
5.6468e-55
5.2468e-55
4.875e-55
4.5295e-55
4.2083e-55
3.9098e-55
3.6324e-55
3.3746e-55
3.1351e-55
2.9124e-55
2.7055e-55
2.5133e-55
2.3347e-55
2.1687e-55
2.0144e-55
1.8711e-55
1.738e-55
1.6142e-55
1.4993e-55
1.3925e-55
1.2933e-55
1.2011e-55
1.1155e-55
1.0359e-55
9.6202e-56
8.9337e-56
8.296e-56
7.7037e-56
7.1534e-56
6.6423e-56
6.1676e-56
5.7267e-56
5.3172e-56
4.9368e-56
4.5836e-56
4.2555e-56
3.9508e-56
3.6679e-56
3.4051e-56
3.1611e-56
2.9345e-56
2.7241e-56
2.5287e-56
2.3472e-56
2.1788e-56
2.0224e-56
1.8771e-56
1.7423e-56
1.6171e-56
1.5008e-56
1.3929e-56
1.2928e-56
1.1997e-56
1.1134e-56
1.0333e-56
9.5885e-57
8.8978e-57
8.2567e-57
7.6616e-57
7.1093e-57
6.5966e-57
6.1207e-57
5.679e-57
5.2691e-57
4.8887e-57
4.5356e-57
4.2079e-57
3.9038e-57
3.6216e-57
3.3597e-57
3.1167e-57
2.8912e-57
2.6819e-57
2.4878e-57
2.3076e-57
2.1404e-57
1.9853e-57
1.8414e-57
1.7079e-57
1.584e-57
1.4691e-57
1.3625e-57
1.2636e-57
1.1718e-57
1.0867e-57
1.0078e-57
9.3451e-58
8.6657e-58
8.0355e-58
7.451e-58
6.9088e-58
6.4059e-58
5.9395e-58
5.5069e-58
5.1058e-58
4.7337e-58
4.3886e-58
4.0686e-58
3.7718e-58
3.4966e-58
3.2415e-58
3.0048e-58
2.7854e-58
2.5819e-58
2.3933e-58
2.2183e-58
2.0562e-58
1.9058e-58
1.7664e-58
1.6371e-58
1.5173e-58
1.4062e-58
1.3032e-58
1.2077e-58
1.1192e-58
1.0372e-58
9.6111e-59
8.9061e-59
8.2526e-59
7.6469e-59
7.0856e-59
6.5652e-59
6.0829e-59
5.636e-59
5.2217e-59
4.8378e-59
4.482e-59
4.1523e-59
3.8467e-59
3.5636e-59
3.3012e-59
3.0581e-59
2.8328e-59
2.624e-59
2.4306e-59
2.2513e-59
2.0853e-59
1.9314e-59
1.7889e-59
1.6568e-59
1.5345e-59
1.4211e-59
1.3161e-59
1.2188e-59
1.1287e-59
1.0452e-59
9.6792e-60
8.963e-60
8.2995e-60
7.685e-60
7.1158e-60
6.5887e-60
6.1004e-60
5.6482e-60
5.2294e-60
4.8415e-60
4.4823e-60
4.1497e-60
3.8416e-60
3.5564e-60
3.2922e-60
3.0476e-60
2.8211e-60
2.6113e-60
2.4172e-60
2.2374e-60
2.0709e-60
1.9167e-60
1.774e-60
1.6419e-60
1.5196e-60
1.4064e-60
1.3015e-60
1.2045e-60
1.1147e-60
1.0315e-60
9.5453e-61
8.8328e-61
8.1733e-61
7.5628e-61
6.9978e-61
6.4748e-61
5.9908e-61
5.5429e-61
5.1283e-61
4.7446e-61
4.3895e-61
4.0609e-61
3.7568e-61
3.4754e-61
3.215e-61
2.974e-61
2.7511e-61
2.5448e-61
2.3539e-61
2.1773e-61
2.0138e-61
1.8626e-61
1.7228e-61
1.5933e-61
1.4736e-61
1.3629e-61
1.2604e-61
1.1656e-61
1.0779e-61
9.968e-62
9.2177e-62
8.5237e-62
7.8817e-62
7.2879e-62
6.7387e-62
6.2308e-62
5.7609e-62
5.3264e-62
4.9246e-62
4.553e-62
4.2093e-62
3.8914e-62
3.5975e-62
3.3257e-62
3.0744e-62
2.842e-62
2.6271e-62
2.4284e-62
2.2446e-62
2.0747e-62
1.9177e-62
1.7725e-62
1.6382e-62
1.5141e-62
1.3993e-62
1.2932e-62
1.1952e-62
1.1045e-62
1.0207e-62
9.4324e-63
8.7163e-63
8.0544e-63
7.4426e-63
6.8771e-63
6.3544e-63
5.8713e-63
5.4248e-63
5.0121e-63
4.6307e-63
4.2783e-63
3.9525e-63
3.6515e-63
3.3734e-63
3.1163e-63
2.8788e-63
2.6593e-63
2.4565e-63
2.2691e-63
2.096e-63
1.936e-63
1.7882e-63
1.6516e-63
1.5254e-63
1.4089e-63
1.3012e-63
1.2017e-63
1.1098e-63
1.0249e-63
9.4646e-64
8.7401e-64
8.0709e-64
7.4528e-64
6.8818e-64
6.3545e-64
5.8674e-64
5.4175e-64
5.002e-64
4.6183e-64
4.2639e-64
3.9366e-64
3.6343e-64
3.3552e-64
3.0974e-64
2.8594e-64
2.6396e-64
2.4367e-64
2.2493e-64
2.0762e-64
1.9164e-64
1.7689e-64
1.6327e-64
1.507e-64
1.3909e-64
1.2837e-64
1.1847e-64
1.0934e-64
1.0091e-64
9.3122e-65
8.5936e-65
7.9302e-65
7.3179e-65
6.7527e-65
6.2311e-65
5.7495e-65
5.3051e-65
4.8949e-65
4.5163e-65
4.1669e-65
3.8445e-65
3.5469e-65
3.2723e-65
3.0188e-65
2.785e-65
2.5692e-65
2.37e-65
2.1863e-65
2.0167e-65
1.8602e-65
1.7159e-65
1.5827e-65
1.4598e-65
1.3464e-65
1.2418e-65
1.1453e-65
1.0563e-65
9.7418e-66
8.9842e-66
8.2853e-66
7.6406e-66
7.0458e-66
6.4973e-66
5.9913e-66
5.5245e-66
5.094e-66
4.697e-66
4.3308e-66
3.993e-66
3.6815e-66
3.3943e-66
3.1293e-66
2.885e-66
2.6597e-66
2.452e-66
2.2604e-66
2.0837e-66
1.9208e-66
1.7706e-66
1.6321e-66
1.5044e-66
1.3866e-66
1.2781e-66
1.178e-66
1.0857e-66
1.0006e-66
9.2222e-67
8.4992e-67
7.8327e-67
7.2183e-67
6.652e-67
6.1299e-67
5.6487e-67
5.2051e-67
4.7963e-67
4.4194e-67
4.0721e-67
3.752e-67
3.457e-67
3.1851e-67
2.9345e-67
2.7035e-67
2.4907e-67
2.2946e-67
2.1139e-67
1.9473e-67
1.7939e-67
1.6525e-67
1.5222e-67
1.4021e-67
1.2915e-67
1.1896e-67
1.0957e-67
1.0092e-67
9.2948e-68
8.5605e-68
7.884e-68
7.2609e-68
6.6868e-68
6.158e-68
5.6708e-68
5.2221e-68
4.8088e-68
4.4281e-68
4.0774e-68
3.7544e-68
3.4569e-68
3.183e-68
2.9306e-68
2.6982e-68
2.4842e-68
2.2871e-68
2.1056e-68
1.9384e-68
1.7845e-68
1.6428e-68
1.5122e-68
1.3921e-68
1.2814e-68
1.1795e-68
1.0857e-68
9.9932e-69
9.1979e-69
8.4658e-69
7.7917e-69
7.1712e-69
6.5999e-69
6.0739e-69
5.5898e-69
5.1441e-69
4.7339e-69
4.3562e-69
4.0086e-69
3.6887e-69
3.3942e-69
3.1231e-69
2.8737e-69
2.644e-69
2.4327e-69
2.2382e-69
2.0593e-69
1.8945e-69
1.743e-69
1.6035e-69
1.4751e-69
1.357e-69
1.2483e-69
1.1483e-69
1.0563e-69
9.716e-70
8.937e-70
8.2202e-70
7.5607e-70
6.954e-70
6.3959e-70
5.8823e-70
5.4099e-70
4.9753e-70
4.5756e-70
4.2078e-70
3.8695e-70
3.5583e-70
3.2721e-70
3.0088e-70
2.7667e-70
2.5439e-70
2.3391e-70
2.1507e-70
1.9774e-70
1.8181e-70
1.6715e-70
1.5367e-70
1.4128e-70
1.2988e-70
1.194e-70
1.0976e-70
1.009e-70
9.2751e-71
8.5258e-71
7.8369e-71
7.2035e-71
6.6211e-71
6.0857e-71
5.5934e-71
5.1408e-71
4.7248e-71
4.3423e-71
3.9907e-71
3.6674e-71
3.3703e-71
3.0972e-71
2.8461e-71
2.6153e-71
2.4032e-71
2.2082e-71
2.0291e-71
1.8644e-71
1.713e-71
1.5739e-71
1.446e-71
1.3285e-71
1.2205e-71
1.1213e-71
1.0301e-71
9.4634e-72
8.6935e-72
7.986e-72
7.3359e-72
6.7385e-72
6.1897e-72
5.6854e-72
5.2221e-72
4.7964e-72
4.4054e-72
4.0461e-72
3.716e-72
3.4128e-72
3.1342e-72
2.8784e-72
2.6433e-72
2.4274e-72
2.2291e-72
2.0469e-72
1.8796e-72
1.7259e-72
1.5847e-72
1.4551e-72
1.336e-72
1.2266e-72
1.1262e-72
1.034e-72
9.4925e-73
8.7147e-73
8.0004e-73
7.3445e-73
6.7422e-73
6.1891e-73
5.6813e-73
5.2151e-73
4.787e-73
4.3939e-73
4.033e-73
3.7017e-73
3.3975e-73
3.1182e-73
2.8618e-73
2.6264e-73
2.4104e-73
2.212e-73
2.03e-73
1.8629e-73
1.7095e-73
1.5686e-73
1.4394e-73
1.3208e-73
1.2119e-73
1.112e-73
1.0203e-73
9.3608e-74
8.5884e-74
7.8795e-74
7.2289e-74
6.6319e-74
6.0841e-74
5.5814e-74
5.1201e-74
4.6968e-74
4.3084e-74
3.952e-74
3.6251e-74
3.3251e-74
3.0498e-74
2.7973e-74
2.5656e-74
2.3531e-74
2.1581e-74
1.9792e-74
1.8151e-74
1.6646e-74
1.5265e-74
1.3999e-74
1.2837e-74
1.1771e-74
1.0794e-74
9.8973e-75
9.075e-75
8.3209e-75
7.6292e-75
6.9949e-75
6.4132e-75
5.8797e-75
5.3905e-75
4.9418e-75
4.5304e-75
4.1532e-75
3.8073e-75
3.4901e-75
3.1992e-75
2.9325e-75
2.688e-75
2.4638e-75
2.2583e-75
2.0699e-75
1.8971e-75
1.7387e-75
1.5935e-75
1.4604e-75
1.3384e-75
1.2266e-75
1.124e-75
1.03e-75
9.4389e-76
8.6493e-76
7.9255e-76
7.2622e-76
6.6542e-76
6.0969e-76
5.5862e-76
5.1182e-76
4.6892e-76
4.2961e-76
3.9359e-76
3.6058e-76
3.3033e-76
3.0261e-76
2.7721e-76
2.5394e-76
2.3261e-76
2.1307e-76
1.9517e-76
1.7877e-76
1.6374e-76
1.4997e-76
1.3736e-76
1.258e-76
1.1522e-76
1.0552e-76
9.6634e-77
8.8496e-77
8.1042e-77
7.4213e-77
6.7959e-77
6.223e-77
5.6983e-77
5.2177e-77
4.7775e-77
4.3743e-77
4.0051e-77
3.667e-77
3.3573e-77
3.0737e-77
2.814e-77
2.5762e-77
2.3584e-77
2.159e-77
1.9764e-77
1.8092e-77
1.6561e-77
1.5159e-77
1.3876e-77
1.2701e-77
1.1625e-77
1.064e-77
9.7381e-78
8.9126e-78
8.1569e-78
7.4651e-78
6.8318e-78
6.2521e-78
5.7214e-78
5.2357e-78
4.791e-78
4.3841e-78
4.0116e-78
3.6707e-78
3.3586e-78
3.0731e-78
2.8117e-78
2.5725e-78
2.3536e-78
2.1533e-78
1.97e-78
1.8022e-78
1.6487e-78
1.5082e-78
1.3797e-78
1.2621e-78
1.1545e-78
1.056e-78
9.6595e-79
8.8353e-79
8.0812e-79
7.3913e-79
6.7601e-79
6.1827e-79
5.6545e-79
5.1713e-79
4.7293e-79
4.3249e-79
3.9551e-79
3.6168e-79
3.3073e-79
3.0242e-79
2.7654e-79
2.5286e-79
2.312e-79
2.1139e-79
1.9328e-79
1.7671e-79
1.6156e-79
1.4771e-79
1.3504e-79
1.2345e-79
1.1286e-79
1.0317e-79
9.4311e-80
8.6212e-80
7.8806e-80
7.2034e-80
6.5843e-80
6.0183e-80
5.5007e-80
5.0276e-80
4.5951e-80
4.1997e-80
3.8382e-80
3.5077e-80
3.2056e-80
2.9295e-80
2.6771e-80
2.4464e-80
2.2355e-80
2.0427e-80
1.8666e-80
1.7055e-80
1.5584e-80
1.4239e-80
1.3009e-80
1.1886e-80
1.0859e-80
9.9211e-81
9.0637e-81
8.2802e-81
7.5643e-81
6.9102e-81
6.3124e-81
5.7662e-81
5.2672e-81
4.8112e-81
4.3946e-81
4.014e-81
3.6663e-81
3.3486e-81
3.0583e-81
2.7932e-81
2.551e-81
2.3297e-81
2.1276e-81
1.943e-81
1.7743e-81
1.6202e-81
1.4795e-81
1.351e-81
1.2336e-81
1.1264e-81
1.0285e-81
9.3906e-82
8.5739e-82
7.828e-82
7.1469e-82
6.5248e-82
5.9568e-82
5.4381e-82
4.9644e-82
4.5319e-82
4.137e-82
3.7764e-82
3.4471e-82
3.1465e-82
2.872e-82
2.6214e-82
2.3927e-82
2.1838e-82
1.9931e-82
1.819e-82
1.6601e-82
1.5151e-82
1.3827e-82
1.2618e-82
1.1514e-82
1.0507e-82
9.5881e-83
8.7491e-83
7.9833e-83
7.2843e-83
6.6464e-83
6.0643e-83
5.5329e-83
5.0481e-83
4.6056e-83
4.2018e-83
3.8333e-83
3.497e-83
3.1902e-83
2.9102e-83
2.6547e-83
2.4216e-83
2.2089e-83
2.0149e-83
1.8378e-83
1.6763e-83
1.5289e-83
1.3945e-83
1.2718e-83
1.1599e-83
1.0579e-83
9.6475e-84
8.7982e-84
8.0234e-84
7.3166e-84
6.672e-84
6.084e-84
5.5477e-84
5.0586e-84
4.6125e-84
4.2056e-84
3.8345e-84
3.4961e-84
3.1875e-84
2.906e-84
2.6494e-84
2.4153e-84
2.2019e-84
2.0073e-84
1.8298e-84
1.668e-84
1.5205e-84
1.386e-84
1.2633e-84
1.1515e-84
1.0496e-84
9.5664e-85
8.719e-85
7.9466e-85
7.2424e-85
6.6004e-85
6.0152e-85
5.4818e-85
4.9955e-85
4.5523e-85
4.1483e-85
3.7801e-85
3.4444e-85
3.1385e-85
2.8597e-85
2.6057e-85
2.3741e-85
2.163e-85
1.9707e-85
1.7954e-85
1.6357e-85
1.4902e-85
1.3575e-85
1.2367e-85
1.1266e-85
1.0262e-85
9.3481e-86
8.5151e-86
7.7562e-86
7.0647e-86
6.4347e-86
5.8608e-86
5.3379e-86
4.8616e-86
4.4276e-86
4.0324e-86
3.6723e-86
3.3443e-86
3.0455e-86
2.7733e-86
2.5254e-86
2.2996e-86
2.094e-86
1.9067e-86
1.7361e-86
1.5807e-86
1.4392e-86
1.3104e-86
1.193e-86
1.0861e-86
9.8883e-87
9.0021e-87
8.1951e-87
7.4603e-87
6.7913e-87
6.182e-87
5.6273e-87
5.1223e-87
4.6625e-87
4.2438e-87
3.8627e-87
3.5157e-87
3.1998e-87
2.9122e-87
2.6504e-87
2.4121e-87
2.1951e-87
1.9977e-87
1.8179e-87
1.6543e-87
1.5054e-87
1.3698e-87
1.2464e-87
1.1341e-87
1.0319e-87
9.3894e-88
8.5429e-88
7.7726e-88
7.0715e-88
6.4335e-88
5.853e-88
5.3247e-88
4.844e-88
4.4066e-88
4.0085e-88
3.6464e-88
3.3169e-88
3.0171e-88
2.7443e-88
2.4961e-88
2.2704e-88
2.065e-88
1.8781e-88
1.7081e-88
1.5535e-88
1.4128e-88
1.2848e-88
1.1684e-88
1.0625e-88
9.6621e-89
8.7861e-89
7.9893e-89
7.2647e-89
6.6055e-89
6.0061e-89
5.4609e-89
4.9651e-89
4.5142e-89
4.1042e-89
3.7313e-89
3.3922e-89
3.0838e-89
2.8035e-89
2.5485e-89
2.3167e-89
2.1059e-89
1.9143e-89
1.74e-89
1.5816e-89
1.4376e-89
1.3066e-89
1.1876e-89
1.0793e-89
9.8095e-90
8.9151e-90
8.1021e-90
7.363e-90
6.6912e-90
6.0806e-90
5.5256e-90
5.0211e-90
4.5625e-90
4.1457e-90
3.767e-90
3.4227e-90
3.1098e-90
2.8255e-90
2.5671e-90
2.3323e-90
2.1189e-90
1.925e-90
1.7488e-90
1.5887e-90
1.4432e-90
1.311e-90
1.1909e-90
1.0817e-90
9.8257e-91
8.9248e-91
8.1063e-91
7.3627e-91
6.6872e-91
6.0735e-91
5.516e-91
5.0096e-91
4.5495e-91
4.1316e-91
3.752e-91
3.4072e-91
3.094e-91
2.8095e-91
2.5512e-91
2.3165e-91
2.1034e-91
1.9098e-91
1.734e-91
1.5744e-91
1.4294e-91
1.2977e-91
1.1782e-91
1.0696e-91
9.7099e-92
8.8147e-92
8.0018e-92
7.2637e-92
6.5936e-92
5.9851e-92
5.4326e-92
4.9311e-92
4.4757e-92
4.0623e-92
3.687e-92
3.3463e-92
3.037e-92
2.7562e-92
2.5013e-92
2.27e-92
2.06e-92
1.8693e-92
1.6963e-92
1.5393e-92
1.3967e-92
1.2674e-92
1.15e-92
1.0434e-92
9.4668e-93
8.5892e-93
7.7927e-93
7.0699e-93
6.4141e-93
5.8189e-93
5.2788e-93
4.7887e-93
4.3441e-93
3.9406e-93
3.5745e-93
3.2424e-93
2.941e-93
2.6676e-93
2.4196e-93
2.1945e-93
1.9904e-93
1.8052e-93
1.6372e-93
1.4848e-93
1.3465e-93
1.2211e-93
1.1074e-93
1.0042e-93
9.1061e-94
8.2572e-94
7.4873e-94
6.789e-94
6.1558e-94
5.5814e-94
5.0605e-94
4.5882e-94
4.1598e-94
3.7713e-94
3.419e-94
3.0996e-94
2.8099e-94
2.5473e-94
2.3091e-94
2.0932e-94
1.8974e-94
1.7199e-94
1.5589e-94
1.413e-94
1.2807e-94
1.1608e-94
1.0521e-94
9.5351e-95
8.6416e-95
7.8316e-95
7.0974e-95
6.4319e-95
5.8286e-95
5.2818e-95
4.7862e-95
4.337e-95
3.9299e-95
3.5608e-95
3.2264e-95
2.9233e-95
2.6486e-95
2.3997e-95
2.1741e-95
1.9697e-95
1.7845e-95
1.6166e-95
1.4645e-95
1.3267e-95
1.2018e-95
1.0886e-95
9.8612e-96
8.9323e-96
8.0908e-96
7.3283e-96
6.6375e-96
6.0118e-96
5.4448e-96
4.9313e-96
4.466e-96
4.0446e-96
3.6628e-96
3.317e-96
3.0038e-96
2.7201e-96
2.4631e-96
2.2304e-96
2.0196e-96
1.8287e-96
1.6557e-96
1.4992e-96
1.3573e-96
1.2289e-96
1.1126e-96
1.0073e-96
9.119e-97
8.2554e-97
7.4734e-97
6.7653e-97
6.1242e-97
5.5437e-97
5.0181e-97
4.5422e-97
4.1114e-97
3.7213e-97
3.3682e-97
3.0485e-97
2.759e-97
2.497e-97
2.2599e-97
2.0452e-97
1.8508e-97
1.6749e-97
1.5157e-97
1.3716e-97
1.2411e-97
1.1231e-97
1.0162e-97
9.1949e-98
8.3196e-98
7.5274e-98
6.8106e-98
6.1618e-98
5.5747e-98
5.0435e-98
4.5627e-98
4.1277e-98
3.7341e-98
3.3779e-98
3.0556e-98
2.764e-98
2.5002e-98
2.2615e-98
2.0456e-98
1.8502e-98
1.6734e-98
1.5135e-98
1.3689e-98
1.238e-98
1.1196e-98
1.0126e-98
9.157e-99
8.2809e-99
7.4884e-99
6.7715e-99
6.1232e-99
5.5368e-99
5.0065e-99
4.5268e-99
4.093e-99
3.7007e-99
3.3459e-99
3.025e-99
2.7349e-99
2.4725e-99
2.2353e-99
2.0207e-99
1.8267e-99
1.6513e-99
1.4927e-99
1.3493e-99
1.2197e-99
1.1025e-99
9.9649e-100
9.0068e-100
8.1406e-100
7.3576e-100
6.6497e-100
6.0098e-100
5.4313e-100
4.9084e-100
4.4358e-100
4.0085e-100
3.6223e-100
3.2733e-100
2.9578e-100
2.6727e-100
2.415e-100
2.1821e-100
1.9716e-100
1.7813e-100
1.6094e-100
1.4541e-100
1.3137e-100
1.1868e-100
1.0722e-100
9.6858e-101
8.7498e-101
7.9041e-101
7.1399e-101
6.4495e-101
5.8257e-101
5.2621e-101
4.7529e-101
4.2929e-101
3.8774e-101
3.5019e-101
3.1628e-101
2.8564e-101
2.5796e-101
2.3296e-101
2.1038e-101
1.8999e-101
1.7156e-101
1.5492e-101
1.3989e-101
1.2632e-101
1.1406e-101
1.0298e-101
9.2984e-102
8.3953e-102
7.5797e-102
6.8432e-102
6.1782e-102
5.5776e-102
5.0353e-102
4.5456e-102
4.1035e-102
3.7042e-102
3.3437e-102
3.0183e-102
2.7244e-102
2.4591e-102
2.2196e-102
2.0034e-102
1.8082e-102
1.6319e-102
1.4729e-102
1.3292e-102
1.1996e-102
1.0826e-102
9.7697e-103
8.8163e-103
7.9557e-103
7.179e-103
6.4779e-103
5.8452e-103
5.2742e-103
4.7588e-103
4.2937e-103
3.8739e-103
3.4951e-103
3.1533e-103
2.8449e-103
2.5665e-103
2.3153e-103
2.0887e-103
1.8842e-103
1.6997e-103
1.5332e-103
1.383e-103
1.2475e-103
1.1252e-103
1.0149e-103
9.1538e-104
8.256e-104
7.4461e-104
6.7155e-104
6.0565e-104
5.462e-104
4.9257e-104
4.442e-104
4.0057e-104
3.6121e-104
3.2572e-104
2.937e-104
2.6483e-104
2.3879e-104
2.153e-104
1.9412e-104
1.7502e-104
1.578e-104
1.4226e-104
1.2826e-104
1.1563e-104
1.0424e-104
9.3968e-105
8.4709e-105
7.6359e-105
6.8832e-105
6.2044e-105
5.5925e-105
5.0408e-105
4.5435e-105
4.0951e-105
3.6908e-105
3.3264e-105
2.9979e-105
2.7018e-105
2.4349e-105
2.1943e-105
1.9774e-105
1.7819e-105
1.6057e-105
1.4469e-105
1.3038e-105
1.1748e-105
1.0585e-105
9.5374e-106
8.5931e-106
7.7421e-106
6.9753e-106
6.2842e-106
5.6615e-106
5.1004e-106
4.5947e-106
4.1392e-106
3.7286e-106
3.3588e-106
3.0255e-106
2.7253e-106
2.4548e-106
2.211e-106
1.9915e-106
1.7937e-106
1.6155e-106
1.455e-106
1.3103e-106
1.1801e-106
1.0627e-106
9.5706e-107
8.6186e-107
7.7611e-107
6.9887e-107
6.2931e-107
5.6666e-107
5.1023e-107
4.5941e-107
4.1364e-107
3.7243e-107
3.3531e-107
3.0188e-107
2.7179e-107
2.4468e-107
2.2027e-107
1.983e-107
1.7851e-107
1.6069e-107
1.4465e-107
1.3021e-107
1.172e-107
1.0549e-107
9.4953e-108
8.5464e-108
7.6921e-108
6.923e-108
6.2307e-108
5.6075e-108
5.0465e-108
4.5415e-108
4.087e-108
3.6779e-108
3.3096e-108
2.9781e-108
2.6798e-108
2.4113e-108
2.1697e-108
1.9522e-108
1.7565e-108
1.5804e-108
1.4218e-108
1.2792e-108
1.1509e-108
1.0354e-108
9.3142e-109
8.379e-109
7.5376e-109
6.7805e-109
6.0993e-109
5.4864e-109
4.9349e-109
4.4388e-109
3.9925e-109
3.591e-109
3.2297e-109
2.9048e-109
2.6124e-109
2.3495e-109
2.1129e-109
1.9002e-109
1.7088e-109
1.5366e-109
1.3818e-109
1.2425e-109
1.1173e-109
1.0046e-109
9.0332e-110
8.1221e-110
7.3026e-110
6.5657e-110
5.903e-110
5.3071e-110
4.7712e-110
4.2894e-110
3.8561e-110
3.4665e-110
3.1162e-110
2.8012e-110
2.518e-110
2.2634e-110
2.0344e-110
1.8286e-110
1.6436e-110
1.4773e-110
1.3277e-110
1.1933e-110
1.0724e-110
9.6381e-111
8.6617e-111
7.784e-111
6.995e-111
6.2859e-111
5.6485e-111
5.0757e-111
4.5608e-111
4.0981e-111
3.6822e-111
3.3085e-111
2.9726e-111
2.6707e-111
2.3995e-111
2.1557e-111
1.9367e-111
1.7399e-111
1.563e-111
1.4041e-111
1.2613e-111
1.133e-111
1.0178e-111
9.1419e-112
8.2115e-112
7.3756e-112
6.6246e-112
5.95e-112
5.3439e-112
4.7995e-112
4.3104e-112
3.871e-112
3.4764e-112
3.1219e-112
2.8035e-112
2.5176e-112
2.2607e-112
2.03e-112
1.8228e-112
1.6367e-112
1.4696e-112
1.3195e-112
1.1847e-112
1.0636e-112
9.5493e-113
8.5732e-113
7.6966e-113
6.9096e-113
6.2028e-113
5.5683e-113
4.9985e-113
4.4869e-113
4.0276e-113
3.6152e-113
3.245e-113
2.9126e-113
2.6142e-113
2.3463e-113
2.1058e-113
1.89e-113
1.6962e-113
1.5222e-113
1.3661e-113
1.2259e-113
1.1001e-113
9.8719e-114
8.8585e-114
7.9488e-114
7.1325e-114
6.3998e-114
5.7422e-114
5.1521e-114
4.6225e-114
4.1473e-114
3.7208e-114
3.3381e-114
2.9947e-114
2.6866e-114
2.4101e-114
2.162e-114
1.9394e-114
1.7397e-114
1.5605e-114
1.3997e-114
1.2555e-114
1.1261e-114
1.01e-114
9.0588e-115
8.1246e-115
7.2866e-115
6.5349e-115
5.8605e-115
5.2557e-115
4.7131e-115
4.2265e-115
3.79e-115
3.3985e-115
3.0474e-115
2.7325e-115
2.45e-115
2.1968e-115
1.9696e-115
1.7659e-115
1.5832e-115
1.4194e-115
1.2725e-115
1.1408e-115
1.0227e-115
9.1682e-116
8.2187e-116
7.3673e-116
6.604e-116
5.9196e-116
5.306e-116
4.7559e-116
4.2627e-116
3.8206e-116
3.4243e-116
3.069e-116
2.7505e-116
2.465e-116
2.2091e-116
1.9797e-116
1.774e-116
1.5897e-116
1.4246e-116
1.2765e-116
1.1438e-116
1.0249e-116
9.1832e-117
8.228e-117
7.372e-117
6.6049e-117
5.9175e-117
5.3015e-117
4.7496e-117
4.255e-117
3.8118e-117
3.4147e-117
3.0588e-117
2.74e-117
2.4544e-117
2.1985e-117
1.9692e-117
1.7638e-117
1.5798e-117
1.415e-117
1.2673e-117
1.135e-117
1.0165e-117
9.1033e-118
8.1524e-118
7.3007e-118
6.5378e-118
5.8545e-118
5.2424e-118
4.6943e-118
4.2034e-118
3.7637e-118
3.3699e-118
3.0173e-118
2.7015e-118
2.4187e-118
2.1654e-118
1.9386e-118
1.7356e-118
1.5537e-118
1.3909e-118
1.2451e-118
1.1146e-118
9.9773e-119
8.9309e-119
7.9941e-119
7.1554e-119
6.4045e-119
5.7323e-119
5.1305e-119
4.5918e-119
4.1096e-119
3.6779e-119
3.2915e-119
2.9456e-119
2.636e-119
2.3589e-119
2.1108e-119
1.8888e-119
1.6901e-119
1.5123e-119
1.3532e-119
1.2107e-119
1.0833e-119
9.6922e-120
8.6714e-120
7.758e-120
6.9406e-120
6.2092e-120
5.5547e-120
4.9692e-120
4.4452e-120
3.9764e-120
3.5569e-120
3.1816e-120
2.8459e-120
2.5455e-120
2.2768e-120
2.0364e-120
1.8213e-120
1.6289e-120
1.4568e-120
1.3029e-120
1.1652e-120
1.042e-120
9.318e-121
8.3326e-121
7.4511e-121
6.6628e-121
5.9577e-121
5.3271e-121
4.7632e-121
4.2588e-121
3.8078e-121
3.4044e-121
3.0437e-121
2.7212e-121
2.4328e-121
2.1749e-121
1.9443e-121
1.7381e-121
1.5537e-121
1.3889e-121
1.2415e-121
1.1097e-121
9.9191e-122
8.8659e-122
7.9243e-122
7.0826e-122
6.3301e-122
5.6574e-122
5.0561e-122
4.5186e-122
4.0382e-122
3.6087e-122
3.2249e-122
2.8818e-122
2.5751e-122
2.301e-122
2.0561e-122
1.8372e-122
1.6415e-122
1.4667e-122
1.3104e-122
1.1708e-122
1.046e-122
9.3449e-123
8.3485e-123
7.4582e-123
6.6627e-123
5.9519e-123
5.3168e-123
4.7493e-123
4.2424e-123
3.7894e-123
3.3847e-123
3.0232e-123
2.7002e-123
2.4117e-123
2.154e-123
1.9237e-123
1.718e-123
1.5343e-123
1.3702e-123
1.2236e-123
1.0927e-123
9.7575e-124
8.7131e-124
7.7802e-124
6.9471e-124
6.203e-124
5.5385e-124
4.9451e-124
4.4151e-124
3.9419e-124
3.5193e-124
3.1419e-124
2.8049e-124
2.504e-124
2.2353e-124
1.9955e-124
1.7813e-124
1.59e-124
1.4193e-124
1.2669e-124
1.1308e-124
1.0093e-124
9.0083e-125
8.0401e-125
7.1757e-125
6.4041e-125
5.7154e-125
5.1006e-125
4.5518e-125
4.062e-125
3.6248e-125
3.2346e-125
2.8863e-125
2.5755e-125
2.2981e-125
2.0505e-125
1.8295e-125
1.6323e-125
1.4564e-125
1.2994e-125
1.1592e-125
1.0342e-125
9.2262e-126
8.2307e-126
7.3424e-126
6.5498e-126
5.8427e-126
5.2117e-126
4.6488e-126
4.1466e-126
3.6986e-126
3.2989e-126
2.9423e-126
2.6242e-126
2.3404e-126
2.0873e-126
1.8615e-126
1.6601e-126
1.4804e-126
1.3202e-126
1.1773e-126
1.0498e-126
9.3609e-127
8.3469e-127
7.4425e-127
6.636e-127
5.9168e-127
5.2753e-127
4.7033e-127
4.1933e-127
3.7384e-127
3.3328e-127
2.9712e-127
2.6487e-127
2.3612e-127
2.1048e-127
1.8762e-127
1.6724e-127
1.4908e-127
1.3288e-127
1.1844e-127
1.0556e-127
9.4085e-128
8.3854e-128
7.4733e-128
6.6603e-128
5.9357e-128
5.2897e-128
4.7139e-128
4.2007e-128
3.7433e-128
3.3356e-128
2.9723e-128
2.6484e-128
2.3598e-128
2.1026e-128
1.8734e-128
1.6691e-128
1.4871e-128
1.3249e-128
1.1803e-128
1.0515e-128
9.3676e-129
8.345e-129
7.4339e-129
6.6221e-129
5.8988e-129
5.2543e-129
4.6802e-129
4.1687e-129
3.713e-129
3.3071e-129
2.9454e-129
2.6233e-129
2.3363e-129
2.0807e-129
1.853e-129
1.6502e-129
1.4695e-129
1.3086e-129
1.1653e-129
1.0376e-129
9.2395e-130
8.227e-130
7.3253e-130
6.5223e-130
5.8071e-130
5.1703e-130
4.6032e-130
4.0982e-130
3.6485e-130
3.248e-130
2.8915e-130
2.574e-130
2.2914e-130
2.0397e-130
1.8156e-130
1.6161e-130
1.4385e-130
1.2804e-130
1.1396e-130
1.0143e-130
9.0277e-131
8.0346e-131
7.1506e-131
6.3637e-131
5.6633e-131
5.0399e-131
4.4849e-131
3.991e-131
3.5514e-131
3.1602e-131
2.8119e-131
2.502e-131
2.2262e-131
1.9808e-131
1.7623e-131
1.568e-131
1.395e-131
1.2411e-131
1.1041e-131
9.8224e-132
8.738e-132
7.7731e-132
6.9146e-132
6.1508e-132
5.4712e-132
4.8666e-132
4.3288e-132
3.8502e-132
3.4245e-132
3.0458e-132
2.7089e-132
2.4092e-132
2.1426e-132
1.9055e-132
1.6946e-132
1.507e-132
1.3401e-132
1.1917e-132
1.0596e-132
9.4224e-133
8.3782e-133
7.4496e-133
6.6237e-133
5.8893e-133
5.2361e-133
4.6553e-133
4.1388e-133
3.6795e-133
3.2712e-133
2.908e-133
2.5852e-133
2.2981e-133
2.0428e-133
1.8159e-133
1.6141e-133
1.4347e-133
1.2753e-133
1.1335e-133
1.0074e-133
8.954e-134
7.9579e-134
7.0725e-134
6.2855e-134
5.5859e-134
4.9641e-134
4.4114e-134
3.9201e-134
3.4835e-134
3.0954e-134
2.7505e-134
2.4439e-134
2.1715e-134
1.9294e-134
1.7143e-134
1.5231e-134
1.3532e-134
1.2022e-134
1.068e-134
9.4882e-135
8.429e-135
7.4878e-135
6.6516e-135
5.9086e-135
5.2485e-135
4.662e-135
4.141e-135
3.6781e-135
3.2669e-135
2.9015e-135
2.577e-135
2.2887e-135
2.0327e-135
1.8052e-135
1.6031e-135
1.4237e-135
1.2642e-135
1.1227e-135
9.9691e-136
8.8522e-136
7.8603e-136
6.9793e-136
6.197e-136
5.5022e-136
4.8852e-136
4.3372e-136
3.8507e-136
3.4186e-136
3.035e-136
2.6943e-136
2.3919e-136
2.1233e-136
1.8848e-136
1.6731e-136
1.4851e-136
1.3183e-136
1.1701e-136
1.0386e-136
9.218e-137
8.1814e-137
7.2612e-137
6.4443e-137
5.7193e-137
5.0756e-137
4.5043e-137
3.9972e-137
3.5472e-137
3.1477e-137
2.7931e-137
2.4784e-137
2.1992e-137
1.9513e-137
1.7313e-137
1.5361e-137
1.3629e-137
1.2092e-137
1.0728e-137
9.5175e-138
8.4434e-138
7.4904e-138
6.6448e-138
5.8945e-138
5.2288e-138
4.6382e-138
4.1142e-138
3.6493e-138
3.2369e-138
2.871e-138
2.5464e-138
2.2584e-138
2.003e-138
1.7764e-138
1.5754e-138
1.3971e-138
1.239e-138
1.0988e-138
9.7434e-139
8.64e-139
7.6614e-139
6.7934e-139
6.0236e-139
5.341e-139
4.7356e-139
4.1987e-139
3.7226e-139
3.3004e-139
2.926e-139
2.594e-139
2.2997e-139
2.0387e-139
1.8072e-139
1.602e-139
1.4201e-139
1.2588e-139
1.1158e-139
9.8902e-140
8.7662e-140
7.7698e-140
6.8865e-140
6.1034e-140
5.4093e-140
4.794e-140
4.2486e-140
3.7651e-140
3.3366e-140
2.9568e-140
2.6202e-140
2.3218e-140
2.0573e-140
1.823e-140
1.6153e-140
1.4312e-140
1.2681e-140
1.1235e-140
9.9541e-141
8.8189e-141
7.813e-141
6.9216e-141
6.1319e-141
5.432e-141
4.812e-141
4.2626e-141
3.7759e-141
3.3446e-141
2.9626e-141
2.6241e-141
2.3242e-141
2.0586e-141
1.8233e-141
1.6148e-141
1.4301e-141
1.2666e-141
1.1217e-141
9.9334e-142
8.7966e-142
7.7898e-142
6.898e-142
6.1082e-142
5.4086e-142
4.7891e-142
4.2405e-142
3.7546e-142
3.3243e-142
2.9432e-142
2.6058e-142
2.307e-142
2.0424e-142
1.8081e-142
1.6007e-142
1.417e-142
1.2544e-142
1.1104e-142
9.8288e-143
8.7001e-143
7.7008e-143
6.8162e-143
6.033e-143
5.3397e-143
4.7259e-143
4.1826e-143
3.7017e-143
3.276e-143
2.8992e-143
2.5656e-143
2.2704e-143
2.0091e-143
1.7779e-143
1.5732e-143
1.392e-143
1.2317e-143
1.0898e-143
9.6427e-144
8.5316e-144
7.5483e-144
6.6782e-144
5.9082e-144
5.2269e-144
4.624e-144
4.0906e-144
3.6186e-144
3.2011e-144
2.8316e-144
2.5047e-144
2.2155e-144
1.9597e-144
1.7333e-144
1.5331e-144
1.3559e-144
1.1992e-144
1.0606e-144
9.38e-145
8.2954e-145
7.336e-145
6.4875e-145
5.7369e-145
5.0731e-145
4.486e-145
3.9667e-145
3.5074e-145
3.1013e-145
2.7421e-145
2.4245e-145
2.1436e-145
1.8952e-145
1.6755e-145
1.4813e-145
1.3096e-145
1.1577e-145
1.0234e-145
9.047e-146
7.9973e-146
7.0693e-146
6.2488e-146
5.5233e-146
4.882e-146
4.3151e-146
3.8139e-146
3.3708e-146
2.9792e-146
2.6329e-146
2.3269e-146
2.0564e-146
1.8173e-146
1.6059e-146
1.4191e-146
1.254e-146
1.1081e-146
9.7916e-147
8.6518e-147
7.6446e-147
6.7544e-147
5.9678e-147
5.2726e-147
4.6583e-147
4.1155e-147
3.6359e-147
3.212e-147
2.8376e-147
2.5067e-147
2.2143e-147
1.956e-147
1.7278e-147
1.5262e-147
1.3481e-147
1.1907e-147
1.0517e-147
9.2886e-148
8.2037e-148
7.2454e-148
6.3988e-148
5.6511e-148
4.9906e-148
4.4072e-148
3.8919e-148
3.4367e-148
3.0348e-148
2.6797e-148
2.3662e-148
2.0893e-148
1.8447e-148
1.6288e-148
1.4381e-148
1.2697e-148
1.1209e-148
9.8963e-149
8.7367e-149
7.7128e-149
6.8088e-149
6.0105e-149
5.3058e-149
4.6835e-149
4.1342e-149
3.6492e-149
3.221e-149
2.843e-149
2.5092e-149
2.2147e-149
1.9546e-149
1.7251e-149
1.5224e-149
1.3436e-149
1.1857e-149
1.0463e-149
9.2334e-150
8.1479e-150
7.1898e-150
6.3442e-150
5.5979e-150
4.9393e-150
4.3581e-150
3.8452e-150
3.3925e-150
2.9931e-150
2.6407e-150
2.3297e-150
2.0552e-150
1.8131e-150
1.5994e-150
1.4109e-150
1.2446e-150
1.0979e-150
9.684e-151
8.5418e-151
7.5342e-151
6.6453e-151
5.8611e-151
5.1693e-151
4.5591e-151
4.0208e-151
3.546e-151
3.1272e-151
2.7578e-151
2.4319e-151
2.1446e-151
1.8911e-151
1.6675e-151
1.4704e-151
1.2965e-151
1.1431e-151
1.0079e-151
8.8866e-152
7.835e-152
6.9077e-152
6.0899e-152
5.3689e-152
4.7331e-152
4.1725e-152
3.6782e-152
3.2424e-152
2.8581e-152
2.5194e-152
2.2207e-152
1.9574e-152
1.7253e-152
1.5206e-152
1.3403e-152
1.1812e-152
1.0411e-152
9.1749e-153
8.0857e-153
7.1256e-153
6.2794e-153
5.5336e-153
4.8762e-153
4.2968e-153
3.7862e-153
3.3362e-153
2.9396e-153
2.5901e-153
2.2821e-153
2.0106e-153
1.7714e-153
1.5607e-153
1.3749e-153
1.2113e-153
1.0671e-153
9.4003e-154
8.2808e-154
7.2945e-154
6.4255e-154
5.6599e-154
4.9854e-154
4.3912e-154
3.8677e-154
3.4065e-154
3.0003e-154
2.6424e-154
2.3272e-154
2.0495e-154
1.8049e-154
1.5895e-154
1.3998e-154
1.2326e-154
1.0854e-154
9.5578e-155
8.416e-155
7.4104e-155
6.5248e-155
5.745e-155
5.0582e-155
4.4534e-155
3.9208e-155
3.4519e-155
3.0389e-155
2.6753e-155
2.3552e-155
2.0733e-155
1.8251e-155
1.6065e-155
1.4142e-155
1.2448e-155
1.0957e-155
9.6438e-156
8.4881e-156
7.4708e-156
6.5752e-156
5.7868e-156
5.0929e-156
4.482e-156
3.9444e-156
3.4711e-156
3.0546e-156
2.6879e-156
2.3653e-156
2.0813e-156
1.8314e-156
1.6114e-156
1.4178e-156
1.2475e-156
1.0976e-156
9.6565e-157
8.4957e-157
7.4742e-157
6.5754e-157
5.7846e-157
5.0887e-157
4.4765e-157
3.9378e-157
3.4639e-157
3.0469e-157
2.68e-157
2.3573e-157
2.0734e-157
1.8236e-157
1.6039e-157
1.4107e-157
1.2406e-157
1.0911e-157
9.5954e-158
8.4383e-158
7.4206e-158
6.5255e-158
5.7382e-158
5.0458e-158
4.4368e-158
3.9013e-158
3.4303e-158
3.0161e-158
2.6518e-158
2.3315e-158
2.0498e-158
1.8021e-158
1.5843e-158
1.3928e-158
1.2244e-158
1.0764e-158
9.4622e-159
8.3177e-159
7.3115e-159
6.4269e-159
5.6492e-159
4.9655e-159
4.3645e-159
3.8361e-159
3.3717e-159
2.9635e-159
2.6046e-159
2.2893e-159
2.0121e-159
1.7685e-159
1.5544e-159
1.3663e-159
1.201e-159
1.0559e-159
9.2833e-160
8.1634e-160
7.1801e-160
6.317e-160
5.5598e-160
4.8957e-160
4.3138e-160
3.8043e-160
3.3587e-160
2.9695e-160
2.6304e-160
2.3355e-160
2.0799e-160
1.8596e-160
1.6706e-160
1.51e-160
1.3751e-160
1.2636e-160
1.1737e-160
1.1039e-160
1.0532e-160
1.0207e-160
1.0059e-160
1.0088e-160
