6.9128e-08
6.9013e-08
6.8899e-08
6.8784e-08
6.867e-08
6.8556e-08
6.8442e-08
6.8329e-08
6.8215e-08
6.8102e-08
6.7988e-08
6.7875e-08
6.7762e-08
6.765e-08
6.7537e-08
6.7424e-08
6.7312e-08
6.72e-08
6.7088e-08
6.6976e-08
6.6864e-08
6.6753e-08
6.6641e-08
6.653e-08
6.6419e-08
6.6308e-08
6.6197e-08
6.6086e-08
6.5975e-08
6.5865e-08
6.5755e-08
6.5645e-08
6.5535e-08
6.5425e-08
6.5315e-08
6.5206e-08
6.5096e-08
6.4987e-08
6.4878e-08
6.4769e-08
6.466e-08
6.4552e-08
6.4443e-08
6.4335e-08
6.4226e-08
6.4118e-08
6.401e-08
6.3903e-08
6.3795e-08
6.3688e-08
6.358e-08
6.3473e-08
6.3366e-08
6.3259e-08
6.3152e-08
6.3046e-08
6.2939e-08
6.2833e-08
6.2727e-08
6.2621e-08
6.2515e-08
6.2409e-08
6.2304e-08
6.2198e-08
6.2093e-08
6.1988e-08
6.1883e-08
6.1778e-08
6.1673e-08
6.1568e-08
6.1464e-08
6.136e-08
6.1255e-08
6.1151e-08
6.1047e-08
6.0944e-08
6.084e-08
6.0737e-08
6.0633e-08
6.053e-08
6.0427e-08
6.0324e-08
6.0221e-08
6.0119e-08
6.0016e-08
5.9914e-08
5.9812e-08
5.971e-08
5.9608e-08
5.9506e-08
5.9405e-08
5.9303e-08
5.9202e-08
5.91e-08
5.8999e-08
5.8898e-08
5.8798e-08
5.8697e-08
5.8597e-08
5.8496e-08
5.8396e-08
5.8296e-08
5.8196e-08
5.8096e-08
5.7996e-08
5.7897e-08
5.7797e-08
5.7698e-08
5.7599e-08
5.75e-08
5.7401e-08
5.7303e-08
5.7204e-08
5.7105e-08
5.7007e-08
5.6909e-08
5.6811e-08
5.6713e-08
5.6615e-08
5.6518e-08
5.642e-08
5.6323e-08
5.6226e-08
5.6129e-08
5.6032e-08
5.5935e-08
5.5838e-08
5.5742e-08
5.5645e-08
5.5549e-08
5.5453e-08
5.5357e-08
5.5261e-08
5.5165e-08
5.507e-08
5.4974e-08
5.4879e-08
5.4784e-08
5.4689e-08
5.4594e-08
5.4499e-08
5.4404e-08
5.431e-08
5.4216e-08
5.4121e-08
5.4027e-08
5.3933e-08
5.3839e-08
5.3746e-08
5.3652e-08
5.3559e-08
5.3465e-08
5.3372e-08
5.3279e-08
5.3186e-08
5.3093e-08
5.3001e-08
5.2908e-08
5.2816e-08
5.2724e-08
5.2631e-08
5.2539e-08
5.2448e-08
5.2356e-08
5.2264e-08
5.2173e-08
5.2081e-08
5.199e-08
5.1899e-08
5.1808e-08
5.1717e-08
5.1627e-08
5.1536e-08
5.1446e-08
5.1355e-08
5.1265e-08
5.1175e-08
5.1085e-08
5.0995e-08
5.0906e-08
5.0816e-08
5.0727e-08
5.0638e-08
5.0548e-08
5.0459e-08
5.037e-08
5.0282e-08
5.0193e-08
5.0105e-08
5.0016e-08
4.9928e-08
4.984e-08
4.9752e-08
4.9664e-08
4.9576e-08
4.9489e-08
4.9401e-08
4.9314e-08
4.9227e-08
4.914e-08
4.9053e-08
4.8966e-08
4.8879e-08
4.8792e-08
4.8706e-08
4.862e-08
4.8533e-08
4.8447e-08
4.8361e-08
4.8275e-08
4.819e-08
4.8104e-08
4.8019e-08
4.7933e-08
4.7848e-08
4.7763e-08
4.7678e-08
4.7593e-08
4.7509e-08
4.7424e-08
4.7339e-08
4.7255e-08
4.7171e-08
4.7087e-08
4.7003e-08
4.6919e-08
4.6835e-08
4.6752e-08
4.6668e-08
4.6585e-08
4.6502e-08
4.6418e-08
4.6335e-08
4.6253e-08
4.617e-08
4.6087e-08
4.6005e-08
4.5922e-08
4.584e-08
4.5758e-08
4.5676e-08
4.5594e-08
4.5512e-08
4.5431e-08
4.5349e-08
4.5268e-08
4.5187e-08
4.5105e-08
4.5024e-08
4.4943e-08
4.4863e-08
4.4782e-08
4.4701e-08
4.4621e-08
4.4541e-08
4.446e-08
4.438e-08
4.43e-08
4.4221e-08
4.4141e-08
4.4061e-08
4.3982e-08
4.3902e-08
4.3823e-08
4.3744e-08
4.3665e-08
4.3586e-08
4.3507e-08
4.3429e-08
4.335e-08
4.3272e-08
4.3194e-08
4.3115e-08
4.3037e-08
4.2959e-08
4.2882e-08
4.2804e-08
4.2726e-08
4.2649e-08
4.2572e-08
4.2494e-08
4.2417e-08
4.234e-08
4.2263e-08
4.2187e-08
4.211e-08
4.2033e-08
4.1957e-08
4.1881e-08
4.1805e-08
4.1729e-08
4.1653e-08
4.1577e-08
4.1501e-08
4.1425e-08
4.135e-08
4.1275e-08
4.1199e-08
4.1124e-08
4.1049e-08
4.0974e-08
4.09e-08
4.0825e-08
4.075e-08
4.0676e-08
4.0602e-08
4.0527e-08
4.0453e-08
4.0379e-08
4.0305e-08
4.0232e-08
4.0158e-08
4.0084e-08
4.0011e-08
3.9938e-08
3.9865e-08
3.9792e-08
3.9719e-08
3.9646e-08
3.9573e-08
3.95e-08
3.9428e-08
3.9355e-08
3.9283e-08
3.9211e-08
3.9139e-08
3.9067e-08
3.8995e-08
3.8923e-08
3.8852e-08
3.878e-08
3.8709e-08
3.8638e-08
3.8567e-08
3.8496e-08
3.8425e-08
3.8354e-08
3.8283e-08
3.8212e-08
3.8142e-08
3.8072e-08
3.8001e-08
3.7931e-08
3.7861e-08
3.7791e-08
3.7721e-08
3.7652e-08
3.7582e-08
3.7513e-08
3.7443e-08
3.7374e-08
3.7305e-08
3.7236e-08
3.7167e-08
3.7098e-08
3.7029e-08
3.6961e-08
3.6892e-08
3.6824e-08
3.6755e-08
3.6687e-08
3.6619e-08
3.6551e-08
3.6483e-08
3.6416e-08
3.6348e-08
3.628e-08
3.6213e-08
3.6146e-08
3.6078e-08
3.6011e-08
3.5944e-08
3.5877e-08
3.5811e-08
3.5744e-08
3.5678e-08
3.5611e-08
3.5545e-08
3.5478e-08
3.5412e-08
3.5346e-08
3.528e-08
3.5215e-08
3.5149e-08
3.5083e-08
3.5018e-08
3.4952e-08
3.4887e-08
3.4822e-08
3.4757e-08
3.4692e-08
3.4627e-08
3.4562e-08
3.4498e-08
3.4433e-08
3.4369e-08
3.4305e-08
3.424e-08
3.4176e-08
3.4112e-08
3.4048e-08
3.3984e-08
3.3921e-08
3.3857e-08
3.3794e-08
3.373e-08
3.3667e-08
3.3604e-08
3.3541e-08
3.3478e-08
3.3415e-08
3.3352e-08
3.329e-08
3.3227e-08
3.3165e-08
3.3102e-08
3.304e-08
3.2978e-08
3.2916e-08
3.2854e-08
3.2792e-08
3.2731e-08
3.2669e-08
3.2607e-08
3.2546e-08
3.2485e-08
3.2424e-08
3.2362e-08
3.2301e-08
3.2241e-08
3.218e-08
3.2119e-08
3.2059e-08
3.1998e-08
3.1938e-08
3.1877e-08
3.1817e-08
3.1757e-08
3.1697e-08
3.1637e-08
3.1578e-08
3.1518e-08
3.1458e-08
3.1399e-08
3.134e-08
3.128e-08
3.1221e-08
3.1162e-08
3.1103e-08
3.1044e-08
3.0986e-08
3.0927e-08
3.0868e-08
3.081e-08
3.0752e-08
3.0693e-08
3.0635e-08
3.0577e-08
3.0519e-08
3.0461e-08
3.0404e-08
3.0346e-08
3.0288e-08
3.0231e-08
3.0174e-08
3.0116e-08
3.0059e-08
3.0002e-08
2.9945e-08
2.9888e-08
2.9831e-08
2.9775e-08
2.9718e-08
2.9662e-08
2.9605e-08
2.9549e-08
2.9493e-08
2.9437e-08
2.9381e-08
2.9325e-08
2.9269e-08
2.9214e-08
2.9158e-08
2.9103e-08
2.9047e-08
2.8992e-08
2.8937e-08
2.8882e-08
2.8827e-08
2.8772e-08
2.8717e-08
2.8662e-08
2.8608e-08
2.8553e-08
2.8499e-08
2.8445e-08
2.839e-08
2.8336e-08
2.8282e-08
2.8228e-08
2.8175e-08
2.8121e-08
2.8067e-08
2.8014e-08
2.796e-08
2.7907e-08
2.7854e-08
2.7801e-08
2.7748e-08
2.7695e-08
2.7642e-08
2.7589e-08
2.7536e-08
2.7484e-08
2.7431e-08
2.7379e-08
2.7327e-08
2.7275e-08
2.7222e-08
2.717e-08
2.7119e-08
2.7067e-08
2.7015e-08
2.6963e-08
2.6912e-08
2.6861e-08
2.6809e-08
2.6758e-08
2.6707e-08
2.6656e-08
2.6605e-08
2.6554e-08
2.6503e-08
2.6453e-08
2.6402e-08
2.6352e-08
2.6301e-08
2.6251e-08
2.6201e-08
2.6151e-08
2.6101e-08
2.6051e-08
2.6001e-08
2.5951e-08
2.5902e-08
2.5852e-08
2.5803e-08
2.5753e-08
2.5704e-08
2.5655e-08
2.5606e-08
2.5557e-08
2.5508e-08
2.5459e-08
2.5411e-08
2.5362e-08
2.5314e-08
2.5265e-08
2.5217e-08
2.5169e-08
2.512e-08
2.5072e-08
2.5024e-08
2.4977e-08
2.4929e-08
2.4881e-08
2.4834e-08
2.4786e-08
2.4739e-08
2.4692e-08
2.4644e-08
2.4597e-08
2.455e-08
2.4503e-08
2.4456e-08
2.441e-08
2.4363e-08
2.4317e-08
2.427e-08
2.4224e-08
2.4177e-08
2.4131e-08
2.4085e-08
2.4039e-08
2.3993e-08
2.3947e-08
2.3902e-08
2.3856e-08
2.3811e-08
2.3765e-08
2.372e-08
2.3674e-08
2.3629e-08
2.3584e-08
2.3539e-08
2.3494e-08
2.345e-08
2.3405e-08
2.336e-08
2.3316e-08
2.3271e-08
2.3227e-08
2.3183e-08
2.3138e-08
2.3094e-08
2.305e-08
2.3006e-08
2.2963e-08
2.2919e-08
2.2875e-08
2.2832e-08
2.2788e-08
2.2745e-08
2.2702e-08
2.2658e-08
2.2615e-08
2.2572e-08
2.253e-08
2.2487e-08
2.2444e-08
2.2401e-08
2.2359e-08
2.2316e-08
2.2274e-08
2.2232e-08
2.219e-08
2.2147e-08
2.2105e-08
2.2064e-08
2.2022e-08
2.198e-08
2.1938e-08
2.1897e-08
2.1855e-08
2.1814e-08
2.1773e-08
2.1731e-08
2.169e-08
2.1649e-08
2.1608e-08
2.1568e-08
2.1527e-08
2.1486e-08
2.1446e-08
2.1405e-08
2.1365e-08
2.1324e-08
2.1284e-08
2.1244e-08
2.1204e-08
2.1164e-08
2.1124e-08
2.1084e-08
2.1045e-08
2.1005e-08
2.0966e-08
2.0926e-08
2.0887e-08
2.0848e-08
2.0809e-08
2.077e-08
2.0731e-08
2.0692e-08
2.0653e-08
2.0614e-08
2.0576e-08
2.0537e-08
2.0499e-08
2.046e-08
2.0422e-08
2.0384e-08
2.0346e-08
2.0308e-08
2.027e-08
2.0232e-08
2.0195e-08
2.0157e-08
2.0119e-08
2.0082e-08
2.0045e-08
2.0007e-08
1.997e-08
1.9933e-08
1.9896e-08
1.9859e-08
1.9822e-08
1.9785e-08
1.9749e-08
1.9712e-08
1.9676e-08
1.9639e-08
1.9603e-08
1.9567e-08
1.9531e-08
1.9495e-08
1.9459e-08
1.9423e-08
1.9387e-08
1.9351e-08
1.9316e-08
1.928e-08
1.9245e-08
1.921e-08
1.9174e-08
1.9139e-08
1.9104e-08
1.9069e-08
1.9034e-08
1.9e-08
1.8965e-08
1.893e-08
1.8896e-08
1.8861e-08
1.8827e-08
1.8793e-08
1.8758e-08
1.8724e-08
1.869e-08
1.8656e-08
1.8623e-08
1.8589e-08
1.8555e-08
1.8522e-08
1.8488e-08
1.8455e-08
1.8422e-08
1.8388e-08
1.8355e-08
1.8322e-08
1.8289e-08
1.8256e-08
1.8224e-08
1.8191e-08
1.8158e-08
1.8126e-08
1.8094e-08
1.8061e-08
1.8029e-08
1.7997e-08
1.7965e-08
1.7933e-08
1.7901e-08
1.7869e-08
1.7838e-08
1.7806e-08
1.7774e-08
1.7743e-08
1.7712e-08
1.768e-08
1.7649e-08
1.7618e-08
1.7587e-08
1.7556e-08
1.7526e-08
1.7495e-08
1.7464e-08
1.7434e-08
1.7403e-08
1.7373e-08
1.7343e-08
1.7312e-08
1.7282e-08
1.7252e-08
1.7222e-08
1.7193e-08
1.7163e-08
1.7133e-08
1.7104e-08
1.7074e-08
1.7045e-08
1.7016e-08
1.6986e-08
1.6957e-08
1.6928e-08
1.6899e-08
1.687e-08
1.6842e-08
1.6813e-08
1.6784e-08
1.6756e-08
1.6728e-08
1.6699e-08
1.6671e-08
1.6643e-08
1.6615e-08
1.6587e-08
1.6559e-08
1.6531e-08
1.6504e-08
1.6476e-08
1.6449e-08
1.6421e-08
1.6394e-08
1.6367e-08
1.634e-08
1.6313e-08
1.6286e-08
1.6259e-08
1.6232e-08
1.6205e-08
1.6179e-08
1.6152e-08
1.6126e-08
1.61e-08
1.6073e-08
1.6047e-08
1.6021e-08
1.5995e-08
1.5969e-08
1.5944e-08
1.5918e-08
1.5892e-08
1.5867e-08
1.5841e-08
1.5816e-08
1.5791e-08
1.5766e-08
1.5741e-08
1.5716e-08
1.5691e-08
1.5666e-08
1.5642e-08
1.5617e-08
1.5593e-08
1.5568e-08
1.5544e-08
1.552e-08
1.5496e-08
1.5472e-08
1.5448e-08
1.5424e-08
1.54e-08
1.5376e-08
1.5353e-08
1.5329e-08
1.5306e-08
1.5283e-08
1.526e-08
1.5237e-08
1.5214e-08
1.5191e-08
1.5168e-08
1.5145e-08
1.5122e-08
1.51e-08
1.5078e-08
1.5055e-08
1.5033e-08
1.5011e-08
1.4989e-08
1.4967e-08
1.4945e-08
1.4923e-08
1.4901e-08
1.488e-08
1.4858e-08
1.4837e-08
1.4816e-08
1.4795e-08
1.4773e-08
1.4752e-08
1.4731e-08
1.4711e-08
1.469e-08
1.4669e-08
1.4649e-08
1.4628e-08
1.4608e-08
1.4588e-08
1.4568e-08
1.4548e-08
1.4528e-08
1.4508e-08
1.4488e-08
1.4468e-08
1.4449e-08
1.4429e-08
1.441e-08
1.4391e-08
1.4371e-08
1.4352e-08
1.4333e-08
1.4314e-08
1.4296e-08
1.4277e-08
1.4258e-08
1.424e-08
1.4221e-08
1.4203e-08
1.4185e-08
1.4167e-08
1.4149e-08
1.4131e-08
1.4113e-08
1.4095e-08
1.4078e-08
1.406e-08
1.4043e-08
1.4026e-08
1.4008e-08
1.3991e-08
1.3974e-08
1.3957e-08
1.3941e-08
1.3924e-08
1.3907e-08
1.3891e-08
1.3874e-08
1.3858e-08
1.3842e-08
1.3826e-08
1.381e-08
1.3794e-08
1.3778e-08
1.3762e-08
1.3747e-08
1.3731e-08
1.3716e-08
1.37e-08
1.3685e-08
1.367e-08
1.3655e-08
1.364e-08
1.3626e-08
1.3611e-08
1.3596e-08
1.3582e-08
1.3567e-08
1.3553e-08
1.3539e-08
1.3525e-08
1.3511e-08
1.3497e-08
1.3483e-08
1.347e-08
1.3456e-08
1.3443e-08
1.343e-08
1.3416e-08
1.3403e-08
1.339e-08
1.3377e-08
1.3365e-08
1.3352e-08
1.3339e-08
1.3327e-08
1.3314e-08
1.3302e-08
1.329e-08
1.3278e-08
1.3266e-08
1.3254e-08
1.3243e-08
1.3231e-08
1.3219e-08
1.3208e-08
1.3197e-08
1.3186e-08
1.3175e-08
1.3164e-08
1.3153e-08
1.3142e-08
1.3131e-08
1.3121e-08
1.311e-08
1.31e-08
1.309e-08
1.308e-08
1.307e-08
1.306e-08
1.305e-08
1.3041e-08
1.3031e-08
1.3022e-08
1.3013e-08
1.3003e-08
1.2994e-08
1.2985e-08
1.2977e-08
1.2968e-08
1.2959e-08
1.2951e-08
1.2942e-08
1.2934e-08
1.2926e-08
1.2918e-08
1.291e-08
1.2902e-08
1.2894e-08
1.2887e-08
1.2879e-08
1.2872e-08
1.2865e-08
1.2858e-08
1.2851e-08
1.2844e-08
1.2837e-08
1.283e-08
1.2824e-08
1.2818e-08
1.2811e-08
1.2805e-08
1.2799e-08
1.2793e-08
1.2787e-08
1.2782e-08
1.2776e-08
1.2771e-08
1.2765e-08
1.276e-08
1.2755e-08
1.275e-08
1.2745e-08
1.274e-08
1.2736e-08
1.2731e-08
1.2727e-08
1.2723e-08
1.2719e-08
1.2715e-08
1.2711e-08
1.2707e-08
1.2703e-08
1.27e-08
1.2697e-08
1.2693e-08
1.269e-08
1.2687e-08
1.2684e-08
1.2682e-08
1.2679e-08
1.2677e-08
1.2674e-08
1.2672e-08
1.267e-08
1.2668e-08
1.2666e-08
1.2664e-08
1.2663e-08
1.2661e-08
1.266e-08
1.2659e-08
1.2658e-08
1.2657e-08
1.2656e-08
1.2655e-08
1.2655e-08
1.2654e-08
1.2654e-08
1.2654e-08
1.2654e-08
1.2654e-08
1.2654e-08
1.2655e-08
1.2655e-08
1.2656e-08
1.2657e-08
1.2657e-08
1.2658e-08
1.266e-08
1.2661e-08
1.2662e-08
1.2664e-08
1.2666e-08
1.2668e-08
1.267e-08
1.2672e-08
1.2674e-08
1.2677e-08
1.2679e-08
1.2682e-08
1.2685e-08
1.2688e-08
1.2691e-08
1.2694e-08
1.2697e-08
1.2701e-08
1.2705e-08
1.2708e-08
1.2712e-08
1.2716e-08
1.2721e-08
1.2725e-08
1.273e-08
1.2734e-08
1.2739e-08
1.2744e-08
1.2749e-08
1.2755e-08
1.276e-08
1.2765e-08
1.2771e-08
1.2777e-08
1.2783e-08
1.2789e-08
1.2795e-08
1.2802e-08
1.2809e-08
1.2815e-08
1.2822e-08
1.2829e-08
1.2836e-08
1.2844e-08
1.2851e-08
1.2859e-08
1.2867e-08
1.2875e-08
1.2883e-08
1.2891e-08
1.2899e-08
1.2908e-08
1.2917e-08
1.2926e-08
1.2935e-08
1.2944e-08
1.2953e-08
1.2963e-08
1.2972e-08
1.2982e-08
1.2992e-08
1.3002e-08
1.3013e-08
1.3023e-08
1.3034e-08
1.3044e-08
1.3055e-08
1.3067e-08
1.3078e-08
1.3089e-08
1.3101e-08
1.3113e-08
1.3124e-08
1.3137e-08
1.3149e-08
1.3161e-08
1.3174e-08
1.3187e-08
1.3199e-08
1.3213e-08
1.3226e-08
1.3239e-08
1.3253e-08
1.3267e-08
1.328e-08
1.3295e-08
1.3309e-08
1.3323e-08
1.3338e-08
1.3353e-08
1.3368e-08
1.3383e-08
1.3398e-08
1.3413e-08
1.3429e-08
1.3445e-08
1.3461e-08
1.3477e-08
1.3493e-08
1.351e-08
1.3527e-08
1.3544e-08
1.3561e-08
1.3578e-08
1.3595e-08
1.3613e-08
1.3631e-08
1.3649e-08
1.3667e-08
1.3685e-08
1.3704e-08
1.3722e-08
1.3741e-08
1.376e-08
1.3779e-08
1.3799e-08
1.3818e-08
1.3838e-08
1.3858e-08
1.3878e-08
1.3899e-08
1.3919e-08
1.394e-08
1.3961e-08
1.3982e-08
1.4004e-08
1.4025e-08
1.4047e-08
1.4069e-08
1.4091e-08
1.4113e-08
1.4136e-08
1.4158e-08
1.4181e-08
1.4204e-08
1.4227e-08
1.4251e-08
1.4275e-08
1.4298e-08
1.4322e-08
1.4347e-08
1.4371e-08
1.4396e-08
1.4421e-08
1.4446e-08
1.4471e-08
1.4497e-08
1.4522e-08
1.4548e-08
1.4574e-08
1.4601e-08
1.4627e-08
1.4654e-08
1.4681e-08
1.4708e-08
1.4735e-08
1.4763e-08
1.4791e-08
1.4819e-08
1.4847e-08
1.4875e-08
1.4904e-08
1.4933e-08
1.4962e-08
1.4991e-08
1.502e-08
1.505e-08
1.508e-08
1.511e-08
1.5141e-08
1.5171e-08
1.5202e-08
1.5233e-08
1.5264e-08
1.5296e-08
1.5327e-08
1.5359e-08
1.5391e-08
1.5424e-08
1.5456e-08
1.5489e-08
1.5522e-08
1.5555e-08
1.5589e-08
1.5623e-08
1.5657e-08
1.5691e-08
1.5725e-08
1.576e-08
1.5795e-08
1.583e-08
1.5865e-08
1.5901e-08
1.5937e-08
1.5973e-08
1.6009e-08
1.6046e-08
1.6083e-08
1.612e-08
1.6157e-08
1.6194e-08
1.6232e-08
1.627e-08
1.6309e-08
1.6347e-08
1.6386e-08
1.6425e-08
1.6464e-08
1.6503e-08
1.6543e-08
1.6583e-08
1.6623e-08
1.6664e-08
1.6705e-08
1.6746e-08
1.6787e-08
1.6828e-08
1.687e-08
1.6912e-08
1.6955e-08
1.6997e-08
1.704e-08
1.7083e-08
1.7126e-08
1.717e-08
1.7214e-08
1.7258e-08
1.7302e-08
1.7347e-08
1.7392e-08
1.7437e-08
1.7482e-08
1.7528e-08
1.7574e-08
1.762e-08
1.7667e-08
1.7714e-08
1.7761e-08
1.7808e-08
1.7856e-08
1.7904e-08
1.7952e-08
1.8e-08
1.8049e-08
1.8098e-08
1.8147e-08
1.8197e-08
1.8247e-08
1.8297e-08
1.8347e-08
1.8398e-08
1.8449e-08
1.85e-08
1.8552e-08
1.8604e-08
1.8656e-08
1.8708e-08
1.8761e-08
1.8814e-08
1.8868e-08
1.8921e-08
1.8975e-08
1.9029e-08
1.9084e-08
1.9139e-08
1.9194e-08
1.9249e-08
1.9305e-08
1.9361e-08
1.9417e-08
1.9474e-08
1.9531e-08
1.9588e-08
1.9646e-08
1.9704e-08
1.9762e-08
1.982e-08
1.9879e-08
1.9938e-08
1.9998e-08
2.0057e-08
2.0117e-08
2.0178e-08
2.0238e-08
2.0299e-08
2.0361e-08
2.0422e-08
2.0484e-08
2.0547e-08
2.0609e-08
2.0672e-08
2.0736e-08
2.0799e-08
2.0863e-08
2.0928e-08
2.0992e-08
2.1057e-08
2.1122e-08
2.1188e-08
2.1254e-08
2.132e-08
2.1387e-08
2.1454e-08
2.1521e-08
2.1589e-08
2.1657e-08
2.1725e-08
2.1794e-08
2.1863e-08
2.1932e-08
2.2002e-08
2.2072e-08
2.2143e-08
2.2213e-08
2.2284e-08
2.2356e-08
2.2428e-08
2.25e-08
2.2573e-08
2.2645e-08
2.2719e-08
2.2792e-08
2.2866e-08
2.2941e-08
2.3016e-08
2.3091e-08
2.3166e-08
2.3242e-08
2.3318e-08
2.3395e-08
2.3472e-08
2.3549e-08
2.3627e-08
2.3705e-08
2.3784e-08
2.3862e-08
2.3942e-08
2.4021e-08
2.4101e-08
2.4182e-08
2.4262e-08
2.4344e-08
2.4425e-08
2.4507e-08
2.4589e-08
2.4672e-08
2.4755e-08
2.4839e-08
2.4923e-08
2.5007e-08
2.5092e-08
2.5177e-08
2.5262e-08
2.5348e-08
2.5435e-08
2.5521e-08
2.5609e-08
2.5696e-08
2.5784e-08
2.5872e-08
2.5961e-08
2.605e-08
2.614e-08
2.623e-08
2.6321e-08
2.6412e-08
2.6503e-08
2.6595e-08
2.6687e-08
2.6779e-08
2.6872e-08
2.6966e-08
2.706e-08
2.7154e-08
2.7249e-08
2.7344e-08
2.7439e-08
2.7535e-08
2.7632e-08
2.7729e-08
2.7826e-08
2.7924e-08
2.8022e-08
2.8121e-08
2.822e-08
2.832e-08
2.842e-08
2.852e-08
2.8621e-08
2.8723e-08
2.8825e-08
2.8927e-08
2.903e-08
2.9133e-08
2.9237e-08
2.9341e-08
2.9446e-08
2.9551e-08
2.9656e-08
2.9763e-08
2.9869e-08
2.9976e-08
3.0084e-08
3.0192e-08
3.03e-08
3.0409e-08
3.0518e-08
3.0628e-08
3.0739e-08
3.085e-08
3.0961e-08
3.1073e-08
3.1185e-08
3.1298e-08
3.1411e-08
3.1525e-08
3.164e-08
3.1754e-08
3.187e-08
3.1986e-08
3.2102e-08
3.2219e-08
3.2336e-08
3.2454e-08
3.2573e-08
3.2692e-08
3.2811e-08
3.2931e-08
3.3051e-08
3.3172e-08
3.3294e-08
3.3416e-08
3.3539e-08
3.3662e-08
3.3785e-08
3.391e-08
3.4034e-08
3.416e-08
3.4285e-08
3.4412e-08
3.4539e-08
3.4666e-08
3.4794e-08
3.4923e-08
3.5052e-08
3.5181e-08
3.5311e-08
3.5442e-08
3.5573e-08
3.5705e-08
3.5838e-08
3.5971e-08
3.6104e-08
3.6238e-08
3.6373e-08
3.6508e-08
3.6644e-08
3.678e-08
3.6917e-08
3.7055e-08
3.7193e-08
3.7332e-08
3.7471e-08
3.7611e-08
3.7751e-08
3.7892e-08
3.8034e-08
3.8176e-08
3.8319e-08
3.8462e-08
3.8606e-08
3.8751e-08
3.8896e-08
3.9042e-08
3.9189e-08
3.9336e-08
3.9483e-08
3.9632e-08
3.978e-08
3.993e-08
4.008e-08
4.0231e-08
4.0382e-08
4.0534e-08
4.0687e-08
4.084e-08
4.0994e-08
4.1149e-08
4.1304e-08
4.146e-08
4.1616e-08
4.1773e-08
4.1931e-08
4.2089e-08
4.2248e-08
4.2408e-08
4.2568e-08
4.2729e-08
4.2891e-08
4.3053e-08
4.3216e-08
4.338e-08
4.3544e-08
4.3709e-08
4.3875e-08
4.4041e-08
4.4208e-08
4.4376e-08
4.4544e-08
4.4714e-08
4.4883e-08
4.5054e-08
4.5225e-08
4.5397e-08
4.5569e-08
4.5742e-08
4.5916e-08
4.6091e-08
4.6266e-08
4.6442e-08
4.6619e-08
4.6796e-08
4.6975e-08
4.7153e-08
4.7333e-08
4.7513e-08
4.7694e-08
4.7876e-08
4.8059e-08
4.8242e-08
4.8426e-08
4.861e-08
4.8796e-08
4.8982e-08
4.9169e-08
4.9357e-08
4.9545e-08
4.9734e-08
4.9924e-08
5.0115e-08
5.0306e-08
5.0498e-08
5.0691e-08
5.0885e-08
5.1079e-08
5.1275e-08
5.1471e-08
5.1667e-08
5.1865e-08
5.2063e-08
5.2262e-08
5.2462e-08
5.2663e-08
5.2864e-08
5.3067e-08
5.327e-08
5.3474e-08
5.3678e-08
5.3884e-08
5.409e-08
5.4297e-08
5.4505e-08
5.4714e-08
5.4923e-08
5.5134e-08
5.5345e-08
5.5557e-08
5.577e-08
5.5983e-08
5.6198e-08
5.6413e-08
5.6629e-08
5.6846e-08
5.7064e-08
5.7283e-08
5.7502e-08
5.7723e-08
5.7944e-08
5.8166e-08
5.8389e-08
5.8613e-08
5.8837e-08
5.9063e-08
5.9289e-08
5.9517e-08
5.9745e-08
5.9974e-08
6.0204e-08
6.0435e-08
6.0666e-08
6.0899e-08
6.1133e-08
6.1367e-08
6.1602e-08
6.1838e-08
6.2076e-08
6.2314e-08
6.2553e-08
6.2792e-08
6.3033e-08
6.3275e-08
6.3517e-08
6.3761e-08
6.4005e-08
6.4251e-08
6.4497e-08
6.4745e-08
6.4993e-08
6.5242e-08
6.5492e-08
6.5743e-08
6.5995e-08
6.6248e-08
6.6502e-08
6.6757e-08
6.7013e-08
6.727e-08
6.7527e-08
6.7786e-08
6.8046e-08
6.8307e-08
6.8568e-08
6.8831e-08
6.9095e-08
6.936e-08
6.9625e-08
6.9892e-08
7.016e-08
7.0428e-08
7.0698e-08
7.0969e-08
7.1241e-08
7.1513e-08
7.1787e-08
7.2062e-08
7.2338e-08
7.2615e-08
7.2893e-08
7.3172e-08
7.3452e-08
7.3733e-08
7.4015e-08
7.4298e-08
7.4582e-08
7.4868e-08
7.5154e-08
7.5441e-08
7.573e-08
7.602e-08
7.631e-08
7.6602e-08
7.6895e-08
7.7189e-08
7.7484e-08
7.778e-08
7.8077e-08
7.8375e-08
7.8675e-08
7.8975e-08
7.9277e-08
7.9579e-08
7.9883e-08
8.0188e-08
8.0494e-08
8.0802e-08
8.111e-08
8.1419e-08
8.173e-08
8.2042e-08
8.2355e-08
8.2669e-08
8.2984e-08
8.33e-08
8.3618e-08
8.3937e-08
8.4257e-08
8.4578e-08
8.49e-08
8.5223e-08
8.5548e-08
8.5874e-08
8.6201e-08
8.6529e-08
8.6858e-08
8.7189e-08
8.7521e-08
8.7854e-08
8.8188e-08
8.8523e-08
8.886e-08
8.9198e-08
8.9537e-08
8.9877e-08
9.0219e-08
9.0562e-08
9.0906e-08
9.1251e-08
9.1598e-08
9.1946e-08
9.2295e-08
9.2645e-08
9.2997e-08
9.3349e-08
9.3704e-08
9.4059e-08
9.4416e-08
9.4774e-08
9.5133e-08
9.5494e-08
9.5856e-08
9.6219e-08
9.6584e-08
9.6949e-08
9.7317e-08
9.7685e-08
9.8055e-08
9.8426e-08
9.8798e-08
9.9172e-08
9.9547e-08
9.9924e-08
1.003e-07
1.0068e-07
1.0106e-07
1.0144e-07
1.0183e-07
1.0221e-07
1.026e-07
1.0298e-07
1.0337e-07
1.0376e-07
1.0416e-07
1.0455e-07
1.0494e-07
1.0534e-07
1.0574e-07
1.0613e-07
1.0653e-07
1.0694e-07
1.0734e-07
1.0774e-07
1.0815e-07
1.0856e-07
1.0896e-07
1.0937e-07
1.0979e-07
1.102e-07
1.1061e-07
1.1103e-07
1.1145e-07
1.1187e-07
1.1229e-07
1.1271e-07
1.1313e-07
1.1356e-07
1.1398e-07
1.1441e-07
1.1484e-07
1.1527e-07
1.157e-07
1.1614e-07
1.1657e-07
1.1701e-07
1.1745e-07
1.1789e-07
1.1833e-07
1.1877e-07
1.1922e-07
1.1966e-07
1.2011e-07
1.2056e-07
1.2101e-07
1.2146e-07
1.2192e-07
1.2237e-07
1.2283e-07
1.2329e-07
1.2375e-07
1.2421e-07
1.2467e-07
1.2514e-07
1.2561e-07
1.2607e-07
1.2654e-07
1.2702e-07
1.2749e-07
1.2796e-07
1.2844e-07
1.2892e-07
1.294e-07
1.2988e-07
1.3036e-07
1.3085e-07
1.3134e-07
1.3182e-07
1.3231e-07
1.3281e-07
1.333e-07
1.3379e-07
1.3429e-07
1.3479e-07
1.3529e-07
1.3579e-07
1.363e-07
1.368e-07
1.3731e-07
1.3782e-07
1.3833e-07
1.3884e-07
1.3935e-07
1.3987e-07
1.4039e-07
1.4091e-07
1.4143e-07
1.4195e-07
1.4248e-07
1.43e-07
1.4353e-07
1.4406e-07
1.4459e-07
1.4513e-07
1.4566e-07
1.462e-07
1.4674e-07
1.4728e-07
1.4783e-07
1.4837e-07
1.4892e-07
1.4947e-07
1.5002e-07
1.5057e-07
1.5112e-07
1.5168e-07
1.5224e-07
1.528e-07
1.5336e-07
1.5392e-07
1.5449e-07
1.5506e-07
1.5563e-07
1.562e-07
1.5677e-07
1.5735e-07
1.5792e-07
1.585e-07
1.5908e-07
1.5967e-07
1.6025e-07
1.6084e-07
1.6143e-07
1.6202e-07
1.6261e-07
1.6321e-07
1.638e-07
1.644e-07
1.65e-07
1.6561e-07
1.6621e-07
1.6682e-07
1.6743e-07
1.6804e-07
1.6865e-07
1.6927e-07
1.6988e-07
1.705e-07
1.7112e-07
1.7175e-07
1.7237e-07
1.73e-07
1.7363e-07
1.7426e-07
1.749e-07
1.7553e-07
1.7617e-07
1.7681e-07
1.7745e-07
1.781e-07
1.7875e-07
1.7939e-07
1.8005e-07
1.807e-07
1.8135e-07
1.8201e-07
1.8267e-07
1.8333e-07
1.84e-07
1.8466e-07
1.8533e-07
1.86e-07
1.8668e-07
1.8735e-07
1.8803e-07
1.8871e-07
1.8939e-07
1.9007e-07
1.9076e-07
1.9145e-07
1.9214e-07
1.9283e-07
1.9353e-07
1.9423e-07
1.9493e-07
1.9563e-07
1.9633e-07
1.9704e-07
1.9775e-07
1.9846e-07
1.9918e-07
1.9989e-07
2.0061e-07
2.0133e-07
2.0206e-07
2.0278e-07
2.0351e-07
2.0424e-07
2.0497e-07
2.0571e-07
2.0645e-07
2.0719e-07
2.0793e-07
2.0867e-07
2.0942e-07
2.1017e-07
2.1092e-07
2.1168e-07
2.1243e-07
2.1319e-07
2.1396e-07
2.1472e-07
2.1549e-07
2.1626e-07
2.1703e-07
2.178e-07
2.1858e-07
2.1936e-07
2.2014e-07
2.2093e-07
2.2171e-07
2.225e-07
2.233e-07
2.2409e-07
2.2489e-07
2.2569e-07
2.2649e-07
2.2729e-07
2.281e-07
2.2891e-07
2.2973e-07
2.3054e-07
2.3136e-07
2.3218e-07
2.33e-07
2.3383e-07
2.3466e-07
2.3549e-07
2.3632e-07
2.3716e-07
2.38e-07
2.3884e-07
2.3969e-07
2.4053e-07
2.4138e-07
2.4224e-07
2.4309e-07
2.4395e-07
2.4481e-07
2.4567e-07
2.4654e-07
2.4741e-07
2.4828e-07
2.4916e-07
2.5003e-07
2.5092e-07
2.518e-07
2.5268e-07
2.5357e-07
2.5446e-07
2.5536e-07
2.5626e-07
2.5716e-07
2.5806e-07
2.5897e-07
2.5987e-07
2.6079e-07
2.617e-07
2.6262e-07
2.6354e-07
2.6446e-07
2.6539e-07
2.6632e-07
2.6725e-07
2.6818e-07
2.6912e-07
2.7006e-07
2.71e-07
2.7195e-07
2.729e-07
2.7385e-07
2.7481e-07
2.7577e-07
2.7673e-07
2.7769e-07
2.7866e-07
2.7963e-07
2.8061e-07
2.8158e-07
2.8256e-07
2.8355e-07
2.8453e-07
2.8552e-07
2.8651e-07
2.8751e-07
2.8851e-07
2.8951e-07
2.9051e-07
2.9152e-07
2.9253e-07
2.9355e-07
2.9456e-07
2.9558e-07
2.9661e-07
2.9763e-07
2.9866e-07
2.997e-07
3.0073e-07
3.0177e-07
3.0281e-07
3.0386e-07
3.0491e-07
3.0596e-07
3.0702e-07
3.0808e-07
3.0914e-07
3.102e-07
3.1127e-07
3.1234e-07
3.1342e-07
3.145e-07
3.1558e-07
3.1667e-07
3.1775e-07
3.1885e-07
3.1994e-07
3.2104e-07
3.2214e-07
3.2325e-07
3.2436e-07
3.2547e-07
3.2659e-07
3.277e-07
3.2883e-07
3.2995e-07
3.3108e-07
3.3222e-07
3.3335e-07
3.3449e-07
3.3563e-07
3.3678e-07
3.3793e-07
3.3909e-07
3.4024e-07
3.414e-07
3.4257e-07
3.4374e-07
3.4491e-07
3.4608e-07
3.4726e-07
3.4844e-07
3.4963e-07
3.5082e-07
3.5201e-07
3.5321e-07
3.5441e-07
3.5561e-07
3.5682e-07
3.5803e-07
3.5924e-07
3.6046e-07
3.6169e-07
3.6291e-07
3.6414e-07
3.6537e-07
3.6661e-07
3.6785e-07
3.691e-07
3.7034e-07
3.716e-07
3.7285e-07
3.7411e-07
3.7537e-07
3.7664e-07
3.7791e-07
3.7919e-07
3.8047e-07
3.8175e-07
3.8303e-07
3.8432e-07
3.8562e-07
3.8692e-07
3.8822e-07
3.8952e-07
3.9083e-07
3.9215e-07
3.9346e-07
3.9478e-07
3.9611e-07
3.9744e-07
3.9877e-07
4.0011e-07
4.0145e-07
4.0279e-07
4.0414e-07
4.055e-07
4.0685e-07
4.0821e-07
4.0958e-07
4.1095e-07
4.1232e-07
4.137e-07
4.1508e-07
4.1646e-07
4.1785e-07
4.1925e-07
4.2064e-07
4.2205e-07
4.2345e-07
4.2486e-07
4.2628e-07
4.2769e-07
4.2912e-07
4.3054e-07
4.3198e-07
4.3341e-07
4.3485e-07
4.3629e-07
4.3774e-07
4.3919e-07
4.4065e-07
4.4211e-07
4.4358e-07
4.4504e-07
4.4652e-07
4.48e-07
4.4948e-07
4.5096e-07
4.5245e-07
4.5395e-07
4.5545e-07
4.5695e-07
4.5846e-07
4.5997e-07
4.6149e-07
4.6301e-07
4.6454e-07
4.6607e-07
4.676e-07
4.6914e-07
4.7069e-07
4.7223e-07
4.7379e-07
4.7534e-07
4.7691e-07
4.7847e-07
4.8004e-07
4.8162e-07
4.832e-07
4.8478e-07
4.8637e-07
4.8797e-07
4.8956e-07
4.9117e-07
4.9277e-07
4.9439e-07
4.96e-07
4.9762e-07
4.9925e-07
5.0088e-07
5.0252e-07
5.0416e-07
5.058e-07
5.0745e-07
5.091e-07
5.1076e-07
5.1243e-07
5.141e-07
5.1577e-07
5.1745e-07
5.1913e-07
5.2082e-07
5.2251e-07
5.2421e-07
5.2591e-07
5.2762e-07
5.2933e-07
5.3104e-07
5.3277e-07
5.3449e-07
5.3622e-07
5.3796e-07
5.397e-07
5.4145e-07
5.432e-07
5.4496e-07
5.4672e-07
5.4848e-07
5.5025e-07
5.5203e-07
5.5381e-07
5.556e-07
5.5739e-07
5.5918e-07
5.6099e-07
5.6279e-07
5.646e-07
5.6642e-07
5.6824e-07
5.7007e-07
5.719e-07
5.7374e-07
5.7558e-07
5.7743e-07
5.7928e-07
5.8114e-07
5.83e-07
5.8487e-07
5.8674e-07
5.8862e-07
5.9051e-07
5.924e-07
5.9429e-07
5.9619e-07
5.981e-07
6.0001e-07
6.0192e-07
6.0384e-07
6.0577e-07
6.077e-07
6.0964e-07
6.1158e-07
6.1353e-07
6.1548e-07
6.1744e-07
6.1941e-07
6.2138e-07
6.2335e-07
6.2533e-07
6.2732e-07
6.2931e-07
6.3131e-07
6.3331e-07
6.3532e-07
6.3734e-07
6.3935e-07
6.4138e-07
6.4341e-07
6.4545e-07
6.4749e-07
6.4954e-07
6.5159e-07
6.5365e-07
6.5571e-07
6.5778e-07
6.5986e-07
6.6194e-07
6.6403e-07
6.6612e-07
6.6822e-07
6.7032e-07
6.7243e-07
6.7455e-07
6.7667e-07
6.788e-07
6.8093e-07
6.8307e-07
6.8522e-07
6.8737e-07
6.8953e-07
6.9169e-07
6.9386e-07
6.9603e-07
6.9821e-07
7.004e-07
7.0259e-07
7.0479e-07
7.0699e-07
7.092e-07
7.1142e-07
7.1364e-07
7.1587e-07
7.181e-07
7.2034e-07
7.2259e-07
7.2484e-07
7.271e-07
7.2937e-07
7.3164e-07
7.3391e-07
7.362e-07
7.3849e-07
7.4078e-07
7.4308e-07
7.4539e-07
7.477e-07
7.5002e-07
7.5235e-07
7.5468e-07
7.5702e-07
7.5937e-07
7.6172e-07
7.6408e-07
7.6644e-07
7.6881e-07
7.7119e-07
7.7357e-07
7.7596e-07
7.7835e-07
7.8076e-07
7.8316e-07
7.8558e-07
7.88e-07
7.9043e-07
7.9286e-07
7.953e-07
7.9775e-07
8.002e-07
8.0266e-07
8.0513e-07
8.076e-07
8.1008e-07
8.1257e-07
8.1506e-07
8.1756e-07
8.2007e-07
8.2258e-07
8.251e-07
8.2763e-07
8.3016e-07
8.327e-07
8.3525e-07
8.378e-07
8.4036e-07
8.4293e-07
8.455e-07
8.4808e-07
8.5066e-07
8.5326e-07
8.5586e-07
8.5846e-07
8.6108e-07
8.637e-07
8.6633e-07
8.6896e-07
8.716e-07
8.7425e-07
8.7691e-07
8.7957e-07
8.8224e-07
8.8491e-07
8.876e-07
8.9029e-07
8.9298e-07
8.9569e-07
8.984e-07
9.0111e-07
9.0384e-07
9.0657e-07
9.0931e-07
9.1206e-07
9.1481e-07
9.1757e-07
9.2034e-07
9.2311e-07
9.259e-07
9.2868e-07
9.3148e-07
9.3428e-07
9.371e-07
9.3991e-07
9.4274e-07
9.4557e-07
9.4841e-07
9.5126e-07
9.5411e-07
9.5697e-07
9.5984e-07
9.6272e-07
9.656e-07
9.6849e-07
9.7139e-07
9.743e-07
9.7721e-07
9.8013e-07
9.8306e-07
9.86e-07
9.8894e-07
9.9189e-07
9.9485e-07
9.9782e-07
1.0008e-06
1.0038e-06
1.0068e-06
1.0098e-06
1.0128e-06
1.0158e-06
1.0188e-06
1.0218e-06
1.0249e-06
1.0279e-06
1.0309e-06
1.034e-06
1.0371e-06
1.0401e-06
1.0432e-06
1.0463e-06
1.0494e-06
1.0525e-06
1.0556e-06
1.0587e-06
1.0619e-06
1.065e-06
1.0681e-06
1.0713e-06
1.0745e-06
1.0776e-06
1.0808e-06
1.084e-06
1.0872e-06
1.0904e-06
1.0936e-06
1.0968e-06
1.1e-06
1.1032e-06
1.1065e-06
1.1097e-06
1.113e-06
1.1162e-06
1.1195e-06
1.1228e-06
1.1261e-06
1.1294e-06
1.1327e-06
1.136e-06
1.1393e-06
1.1426e-06
1.146e-06
1.1493e-06
1.1527e-06
1.156e-06
1.1594e-06
1.1628e-06
1.1662e-06
1.1696e-06
1.173e-06
1.1764e-06
1.1798e-06
1.1832e-06
1.1867e-06
1.1901e-06
1.1936e-06
1.197e-06
1.2005e-06
1.204e-06
1.2075e-06
1.211e-06
1.2145e-06
1.218e-06
1.2215e-06
1.225e-06
1.2286e-06
1.2321e-06
1.2357e-06
1.2393e-06
1.2428e-06
1.2464e-06
1.25e-06
1.2536e-06
1.2572e-06
1.2608e-06
1.2645e-06
1.2681e-06
1.2717e-06
1.2754e-06
1.279e-06
1.2827e-06
1.2864e-06
1.2901e-06
1.2938e-06
1.2975e-06
1.3012e-06
1.3049e-06
1.3087e-06
1.3124e-06
1.3162e-06
1.3199e-06
1.3237e-06
1.3275e-06
1.3312e-06
1.335e-06
1.3388e-06
1.3427e-06
1.3465e-06
1.3503e-06
1.3542e-06
1.358e-06
1.3619e-06
1.3657e-06
1.3696e-06
1.3735e-06
1.3774e-06
1.3813e-06
1.3852e-06
1.3891e-06
1.3931e-06
1.397e-06
1.401e-06
1.4049e-06
1.4089e-06
1.4129e-06
1.4169e-06
1.4209e-06
1.4249e-06
1.4289e-06
1.4329e-06
1.437e-06
1.441e-06
1.4451e-06
1.4491e-06
1.4532e-06
1.4573e-06
1.4614e-06
1.4655e-06
1.4696e-06
1.4737e-06
1.4779e-06
1.482e-06
1.4862e-06
1.4903e-06
1.4945e-06
1.4987e-06
1.5029e-06
1.5071e-06
1.5113e-06
1.5155e-06
1.5197e-06
1.524e-06
1.5282e-06
1.5325e-06
1.5368e-06
1.541e-06
1.5453e-06
1.5496e-06
1.5539e-06
1.5583e-06
1.5626e-06
1.5669e-06
1.5713e-06
1.5756e-06
1.58e-06
1.5844e-06
1.5888e-06
1.5932e-06
1.5976e-06
1.602e-06
1.6064e-06
1.6109e-06
1.6153e-06
1.6198e-06
1.6243e-06
1.6287e-06
1.6332e-06
1.6377e-06
1.6423e-06
1.6468e-06
1.6513e-06
1.6559e-06
1.6604e-06
1.665e-06
1.6695e-06
1.6741e-06
1.6787e-06
1.6833e-06
1.6879e-06
1.6926e-06
1.6972e-06
1.7019e-06
1.7065e-06
1.7112e-06
1.7159e-06
1.7206e-06
1.7253e-06
1.73e-06
1.7347e-06
1.7394e-06
1.7442e-06
1.7489e-06
1.7537e-06
1.7585e-06
1.7632e-06
1.768e-06
1.7728e-06
1.7777e-06
1.7825e-06
1.7873e-06
1.7922e-06
1.797e-06
1.8019e-06
1.8068e-06
1.8117e-06
1.8166e-06
1.8215e-06
1.8264e-06
1.8314e-06
1.8363e-06
1.8413e-06
1.8463e-06
1.8512e-06
1.8562e-06
1.8612e-06
1.8662e-06
1.8713e-06
1.8763e-06
1.8814e-06
1.8864e-06
1.8915e-06
1.8966e-06
1.9017e-06
1.9068e-06
1.9119e-06
1.917e-06
1.9221e-06
1.9273e-06
1.9324e-06
1.9376e-06
1.9428e-06
1.948e-06
1.9532e-06
1.9584e-06
1.9636e-06
1.9689e-06
1.9741e-06
1.9794e-06
1.9847e-06
1.99e-06
1.9952e-06
2.0006e-06
2.0059e-06
2.0112e-06
2.0165e-06
2.0219e-06
2.0273e-06
2.0326e-06
2.038e-06
2.0434e-06
2.0488e-06
2.0543e-06
2.0597e-06
2.0652e-06
2.0706e-06
2.0761e-06
2.0816e-06
2.0871e-06
2.0926e-06
2.0981e-06
2.1036e-06
2.1092e-06
2.1147e-06
2.1203e-06
2.1259e-06
2.1314e-06
2.137e-06
2.1427e-06
2.1483e-06
2.1539e-06
2.1596e-06
2.1652e-06
2.1709e-06
2.1766e-06
2.1823e-06
2.188e-06
2.1937e-06
2.1994e-06
2.2052e-06
2.2109e-06
2.2167e-06
2.2225e-06
2.2283e-06
2.2341e-06
2.2399e-06
2.2458e-06
2.2516e-06
2.2574e-06
2.2633e-06
2.2692e-06
2.2751e-06
2.281e-06
2.2869e-06
2.2928e-06
2.2988e-06
2.3047e-06
2.3107e-06
2.3167e-06
2.3227e-06
2.3287e-06
2.3347e-06
2.3407e-06
2.3468e-06
2.3528e-06
2.3589e-06
2.365e-06
2.3711e-06
2.3772e-06
2.3833e-06
2.3894e-06
2.3955e-06
2.4017e-06
2.4079e-06
2.414e-06
2.4202e-06
2.4264e-06
2.4327e-06
2.4389e-06
2.4451e-06
2.4514e-06
2.4577e-06
2.4639e-06
2.4702e-06
2.4766e-06
2.4829e-06
2.4892e-06
2.4956e-06
2.5019e-06
2.5083e-06
2.5147e-06
2.5211e-06
2.5275e-06
2.5339e-06
2.5403e-06
2.5468e-06
2.5533e-06
2.5597e-06
2.5662e-06
2.5727e-06
2.5792e-06
2.5858e-06
2.5923e-06
2.5989e-06
2.6054e-06
2.612e-06
2.6186e-06
2.6252e-06
2.6319e-06
2.6385e-06
2.6451e-06
2.6518e-06
2.6585e-06
2.6652e-06
2.6719e-06
2.6786e-06
2.6853e-06
2.692e-06
2.6988e-06
2.7056e-06
2.7124e-06
2.7192e-06
2.726e-06
2.7328e-06
2.7396e-06
2.7465e-06
2.7533e-06
2.7602e-06
2.7671e-06
2.774e-06
2.7809e-06
2.7879e-06
2.7948e-06
2.8018e-06
2.8087e-06
2.8157e-06
2.8227e-06
2.8297e-06
2.8368e-06
2.8438e-06
2.8509e-06
2.8579e-06
2.865e-06
2.8721e-06
2.8792e-06
2.8863e-06
2.8935e-06
2.9006e-06
2.9078e-06
2.915e-06
2.9222e-06
2.9294e-06
2.9366e-06
2.9438e-06
2.9511e-06
2.9583e-06
2.9656e-06
2.9729e-06
2.9802e-06
2.9875e-06
2.9949e-06
3.0022e-06
3.0096e-06
3.017e-06
3.0243e-06
3.0318e-06
3.0392e-06
3.0466e-06
3.054e-06
3.0615e-06
3.069e-06
3.0765e-06
3.084e-06
3.0915e-06
3.099e-06
3.1066e-06
3.1141e-06
3.1217e-06
3.1293e-06
3.1369e-06
3.1445e-06
3.1522e-06
3.1598e-06
3.1675e-06
3.1751e-06
3.1828e-06
3.1905e-06
3.1983e-06
3.206e-06
3.2137e-06
3.2215e-06
3.2293e-06
3.2371e-06
3.2449e-06
3.2527e-06
3.2605e-06
3.2684e-06
3.2763e-06
3.2841e-06
3.292e-06
3.3e-06
3.3079e-06
3.3158e-06
3.3238e-06
3.3317e-06
3.3397e-06
3.3477e-06
3.3557e-06
3.3638e-06
3.3718e-06
3.3799e-06
3.3879e-06
3.396e-06
3.4041e-06
3.4122e-06
3.4204e-06
3.4285e-06
3.4367e-06
3.4449e-06
3.4531e-06
3.4613e-06
3.4695e-06
3.4777e-06
3.486e-06
3.4942e-06
3.5025e-06
3.5108e-06
3.5191e-06
3.5275e-06
3.5358e-06
3.5442e-06
3.5525e-06
3.5609e-06
3.5693e-06
3.5777e-06
3.5862e-06
3.5946e-06
3.6031e-06
3.6116e-06
3.6201e-06
3.6286e-06
3.6371e-06
3.6456e-06
3.6542e-06
3.6628e-06
3.6713e-06
3.6799e-06
3.6886e-06
3.6972e-06
3.7058e-06
3.7145e-06
3.7232e-06
3.7319e-06
3.7406e-06
3.7493e-06
3.7581e-06
3.7668e-06
3.7756e-06
3.7844e-06
3.7932e-06
3.802e-06
3.8108e-06
3.8197e-06
3.8285e-06
3.8374e-06
3.8463e-06
3.8552e-06
3.8641e-06
3.8731e-06
3.882e-06
3.891e-06
3.9e-06
3.909e-06
3.918e-06
3.9271e-06
3.9361e-06
3.9452e-06
3.9543e-06
3.9634e-06
3.9725e-06
3.9816e-06
3.9908e-06
3.9999e-06
4.0091e-06
4.0183e-06
4.0275e-06
4.0367e-06
4.046e-06
4.0552e-06
4.0645e-06
4.0738e-06
4.0831e-06
4.0924e-06
4.1018e-06
4.1111e-06
4.1205e-06
4.1299e-06
4.1393e-06
4.1487e-06
4.1581e-06
4.1676e-06
4.1771e-06
4.1865e-06
4.196e-06
4.2055e-06
4.2151e-06
4.2246e-06
4.2342e-06
4.2438e-06
4.2534e-06
4.263e-06
4.2726e-06
4.2822e-06
4.2919e-06
4.3016e-06
4.3113e-06
4.321e-06
4.3307e-06
4.3404e-06
4.3502e-06
4.36e-06
4.3698e-06
4.3796e-06
4.3894e-06
4.3992e-06
4.4091e-06
4.419e-06
4.4288e-06
4.4387e-06
4.4487e-06
4.4586e-06
4.4686e-06
4.4785e-06
4.4885e-06
4.4985e-06
4.5085e-06
4.5186e-06
4.5286e-06
4.5387e-06
4.5488e-06
4.5589e-06
4.569e-06
4.5791e-06
4.5893e-06
4.5994e-06
4.6096e-06
4.6198e-06
4.63e-06
4.6403e-06
4.6505e-06
4.6608e-06
4.6711e-06
4.6814e-06
4.6917e-06
4.702e-06
4.7124e-06
4.7227e-06
4.7331e-06
4.7435e-06
4.7539e-06
4.7644e-06
4.7748e-06
4.7853e-06
4.7958e-06
4.8063e-06
4.8168e-06
4.8273e-06
4.8379e-06
4.8484e-06
4.859e-06
4.8696e-06
4.8802e-06
4.8909e-06
4.9015e-06
4.9122e-06
4.9229e-06
4.9336e-06
4.9443e-06
4.955e-06
4.9658e-06
4.9765e-06
4.9873e-06
4.9981e-06
5.0089e-06
5.0198e-06
5.0306e-06
5.0415e-06
5.0524e-06
5.0633e-06
5.0742e-06
5.0852e-06
5.0961e-06
5.1071e-06
5.1181e-06
5.1291e-06
5.1401e-06
5.1511e-06
5.1622e-06
5.1733e-06
5.1844e-06
5.1955e-06
5.2066e-06
5.2177e-06
5.2289e-06
5.2401e-06
5.2513e-06
5.2625e-06
5.2737e-06
5.2849e-06
5.2962e-06
5.3075e-06
5.3188e-06
5.3301e-06
5.3414e-06
5.3528e-06
5.3641e-06
5.3755e-06
5.3869e-06
5.3983e-06
5.4098e-06
5.4212e-06
5.4327e-06
5.4442e-06
5.4557e-06
5.4672e-06
5.4787e-06
5.4903e-06
5.5018e-06
5.5134e-06
5.525e-06
5.5367e-06
5.5483e-06
5.5599e-06
5.5716e-06
5.5833e-06
5.595e-06
5.6067e-06
5.6185e-06
5.6302e-06
5.642e-06
5.6538e-06
5.6656e-06
5.6775e-06
5.6893e-06
5.7012e-06
5.7131e-06
5.725e-06
5.7369e-06
5.7488e-06
5.7608e-06
5.7727e-06
5.7847e-06
5.7967e-06
5.8087e-06
5.8208e-06
5.8328e-06
5.8449e-06
5.857e-06
5.8691e-06
5.8812e-06
5.8934e-06
5.9055e-06
5.9177e-06
5.9299e-06
5.9421e-06
5.9543e-06
5.9666e-06
5.9788e-06
5.9911e-06
6.0034e-06
6.0157e-06
6.0281e-06
6.0404e-06
6.0528e-06
6.0652e-06
6.0776e-06
6.09e-06
6.1024e-06
6.1149e-06
6.1274e-06
6.1398e-06
6.1523e-06
6.1649e-06
6.1774e-06
6.19e-06
6.2026e-06
6.2152e-06
6.2278e-06
6.2404e-06
6.253e-06
6.2657e-06
6.2784e-06
6.2911e-06
6.3038e-06
6.3165e-06
6.3293e-06
6.3421e-06
6.3549e-06
6.3677e-06
6.3805e-06
6.3933e-06
6.4062e-06
6.4191e-06
6.4319e-06
6.4449e-06
6.4578e-06
6.4707e-06
6.4837e-06
6.4967e-06
6.5097e-06
6.5227e-06
6.5357e-06
6.5488e-06
6.5618e-06
6.5749e-06
6.588e-06
6.6011e-06
6.6143e-06
6.6274e-06
6.6406e-06
6.6538e-06
6.667e-06
6.6802e-06
6.6935e-06
6.7067e-06
6.72e-06
6.7333e-06
6.7466e-06
6.76e-06
6.7733e-06
6.7867e-06
6.8001e-06
6.8135e-06
6.8269e-06
6.8403e-06
6.8538e-06
6.8673e-06
6.8807e-06
6.8942e-06
6.9078e-06
6.9213e-06
6.9349e-06
6.9485e-06
6.962e-06
6.9757e-06
6.9893e-06
7.0029e-06
7.0166e-06
7.0303e-06
7.044e-06
7.0577e-06
7.0714e-06
7.0852e-06
7.099e-06
7.1127e-06
7.1265e-06
7.1404e-06
7.1542e-06
7.1681e-06
7.1819e-06
7.1958e-06
7.2097e-06
7.2237e-06
7.2376e-06
7.2516e-06
7.2656e-06
7.2796e-06
7.2936e-06
7.3076e-06
7.3217e-06
7.3357e-06
7.3498e-06
7.3639e-06
7.378e-06
7.3922e-06
7.4063e-06
7.4205e-06
7.4347e-06
7.4489e-06
7.4631e-06
7.4774e-06
7.4916e-06
7.5059e-06
7.5202e-06
7.5345e-06
7.5488e-06
7.5632e-06
7.5775e-06
7.5919e-06
7.6063e-06
7.6207e-06
7.6352e-06
7.6496e-06
7.6641e-06
7.6786e-06
7.6931e-06
7.7076e-06
7.7222e-06
7.7367e-06
7.7513e-06
7.7659e-06
7.7805e-06
7.7951e-06
7.8097e-06
7.8244e-06
7.8391e-06
7.8538e-06
7.8685e-06
7.8832e-06
7.898e-06
7.9127e-06
7.9275e-06
7.9423e-06
7.9571e-06
7.972e-06
7.9868e-06
8.0017e-06
8.0166e-06
8.0315e-06
8.0464e-06
8.0613e-06
8.0763e-06
8.0913e-06
8.1062e-06
8.1212e-06
8.1363e-06
8.1513e-06
8.1664e-06
8.1814e-06
8.1965e-06
8.2116e-06
8.2268e-06
8.2419e-06
8.2571e-06
8.2722e-06
8.2874e-06
8.3027e-06
8.3179e-06
8.3331e-06
8.3484e-06
8.3637e-06
8.379e-06
8.3943e-06
8.4096e-06
8.425e-06
8.4403e-06
8.4557e-06
8.4711e-06
8.4865e-06
8.502e-06
8.5174e-06
8.5329e-06
8.5484e-06
8.5639e-06
8.5794e-06
8.5949e-06
8.6105e-06
8.626e-06
8.6416e-06
8.6572e-06
8.6729e-06
8.6885e-06
8.7041e-06
8.7198e-06
8.7355e-06
8.7512e-06
8.7669e-06
8.7827e-06
8.7984e-06
8.8142e-06
8.83e-06
8.8458e-06
8.8616e-06
8.8775e-06
8.8933e-06
8.9092e-06
8.9251e-06
8.941e-06
8.9569e-06
8.9728e-06
8.9888e-06
9.0048e-06
9.0208e-06
9.0368e-06
9.0528e-06
9.0688e-06
9.0849e-06
9.101e-06
9.1171e-06
9.1332e-06
9.1493e-06
9.1654e-06
9.1816e-06
9.1977e-06
9.2139e-06
9.2301e-06
9.2464e-06
9.2626e-06
9.2789e-06
9.2951e-06
9.3114e-06
9.3277e-06
9.344e-06
9.3604e-06
9.3767e-06
9.3931e-06
9.4095e-06
9.4259e-06
9.4423e-06
9.4587e-06
9.4752e-06
9.4917e-06
9.5081e-06
9.5246e-06
9.5412e-06
9.5577e-06
9.5742e-06
9.5908e-06
9.6074e-06
9.624e-06
9.6406e-06
9.6572e-06
9.6739e-06
9.6905e-06
9.7072e-06
9.7239e-06
9.7406e-06
9.7574e-06
9.7741e-06
9.7909e-06
9.8076e-06
9.8244e-06
9.8412e-06
9.858e-06
9.8749e-06
9.8917e-06
9.9086e-06
9.9255e-06
9.9424e-06
9.9593e-06
9.9762e-06
9.9932e-06
1.001e-05
1.0027e-05
1.0044e-05
1.0061e-05
1.0078e-05
1.0095e-05
1.0112e-05
1.0129e-05
1.0146e-05
1.0164e-05
1.0181e-05
1.0198e-05
1.0215e-05
1.0232e-05
1.0249e-05
1.0267e-05
1.0284e-05
1.0301e-05
1.0318e-05
1.0335e-05
1.0353e-05
1.037e-05
1.0387e-05
1.0405e-05
1.0422e-05
1.0439e-05
1.0457e-05
1.0474e-05
1.0492e-05
1.0509e-05
1.0526e-05
1.0544e-05
1.0561e-05
1.0579e-05
1.0596e-05
1.0614e-05
1.0631e-05
1.0649e-05
1.0666e-05
1.0684e-05
1.0702e-05
1.0719e-05
1.0737e-05
1.0754e-05
1.0772e-05
1.079e-05
1.0807e-05
1.0825e-05
1.0843e-05
1.086e-05
1.0878e-05
1.0896e-05
1.0914e-05
1.0931e-05
1.0949e-05
1.0967e-05
1.0985e-05
1.1003e-05
1.1021e-05
1.1038e-05
1.1056e-05
1.1074e-05
1.1092e-05
1.111e-05
1.1128e-05
1.1146e-05
1.1164e-05
1.1182e-05
1.12e-05
1.1218e-05
1.1236e-05
1.1254e-05
1.1272e-05
1.129e-05
1.1308e-05
1.1326e-05
1.1344e-05
1.1362e-05
1.1381e-05
1.1399e-05
1.1417e-05
1.1435e-05
1.1453e-05
1.1471e-05
1.149e-05
1.1508e-05
1.1526e-05
1.1544e-05
1.1563e-05
1.1581e-05
1.1599e-05
1.1618e-05
1.1636e-05
1.1654e-05
1.1673e-05
1.1691e-05
1.1709e-05
1.1728e-05
1.1746e-05
1.1765e-05
1.1783e-05
1.1802e-05
1.182e-05
1.1839e-05
1.1857e-05
1.1876e-05
1.1894e-05
1.1913e-05
1.1931e-05
1.195e-05
1.1968e-05
1.1987e-05
1.2005e-05
1.2024e-05
1.2043e-05
1.2061e-05
1.208e-05
1.2099e-05
1.2117e-05
1.2136e-05
1.2155e-05
1.2174e-05
1.2192e-05
1.2211e-05
1.223e-05
1.2249e-05
1.2267e-05
1.2286e-05
1.2305e-05
1.2324e-05
1.2343e-05
1.2361e-05
1.238e-05
1.2399e-05
1.2418e-05
1.2437e-05
1.2456e-05
1.2475e-05
1.2494e-05
1.2513e-05
1.2532e-05
1.2551e-05
1.257e-05
1.2589e-05
1.2608e-05
1.2627e-05
1.2646e-05
1.2665e-05
1.2684e-05
1.2703e-05
1.2722e-05
1.2741e-05
1.276e-05
1.2779e-05
1.2798e-05
1.2818e-05
1.2837e-05
1.2856e-05
1.2875e-05
1.2894e-05
1.2914e-05
1.2933e-05
1.2952e-05
1.2971e-05
1.299e-05
1.301e-05
1.3029e-05
1.3048e-05
1.3068e-05
1.3087e-05
1.3106e-05
1.3126e-05
1.3145e-05
1.3164e-05
1.3184e-05
1.3203e-05
1.3222e-05
1.3242e-05
1.3261e-05
1.3281e-05
1.33e-05
1.332e-05
1.3339e-05
1.3359e-05
1.3378e-05
1.3397e-05
1.3417e-05
1.3437e-05
1.3456e-05
1.3476e-05
1.3495e-05
1.3515e-05
1.3534e-05
1.3554e-05
1.3573e-05
1.3593e-05
1.3613e-05
1.3632e-05
1.3652e-05
1.3672e-05
1.3691e-05
1.3711e-05
1.3731e-05
1.375e-05
1.377e-05
1.379e-05
1.3809e-05
1.3829e-05
1.3849e-05
1.3869e-05
1.3888e-05
1.3908e-05
1.3928e-05
1.3948e-05
1.3967e-05
1.3987e-05
1.4007e-05
1.4027e-05
1.4047e-05
1.4067e-05
1.4086e-05
1.4106e-05
1.4126e-05
1.4146e-05
1.4166e-05
1.4186e-05
1.4206e-05
1.4226e-05
1.4246e-05
1.4266e-05
1.4286e-05
1.4305e-05
1.4325e-05
1.4345e-05
1.4365e-05
1.4385e-05
1.4405e-05
1.4425e-05
1.4445e-05
1.4466e-05
1.4486e-05
1.4506e-05
1.4526e-05
1.4546e-05
1.4566e-05
1.4586e-05
1.4606e-05
1.4626e-05
1.4646e-05
1.4666e-05
1.4686e-05
1.4707e-05
1.4727e-05
1.4747e-05
1.4767e-05
1.4787e-05
1.4807e-05
1.4828e-05
1.4848e-05
1.4868e-05
1.4888e-05
1.4908e-05
1.4929e-05
1.4949e-05
1.4969e-05
1.4989e-05
1.501e-05
1.503e-05
1.505e-05
1.5071e-05
1.5091e-05
1.5111e-05
1.5131e-05
1.5152e-05
1.5172e-05
1.5192e-05
1.5213e-05
1.5233e-05
1.5253e-05
1.5274e-05
1.5294e-05
1.5315e-05
1.5335e-05
1.5355e-05
1.5376e-05
1.5396e-05
1.5417e-05
1.5437e-05
1.5457e-05
1.5478e-05
1.5498e-05
1.5519e-05
1.5539e-05
1.556e-05
1.558e-05
1.5601e-05
1.5621e-05
1.5642e-05
1.5662e-05
1.5683e-05
1.5703e-05
1.5724e-05
1.5744e-05
1.5765e-05
1.5785e-05
1.5806e-05
1.5826e-05
1.5847e-05
1.5867e-05
1.5888e-05
1.5908e-05
1.5929e-05
1.595e-05
1.597e-05
1.5991e-05
1.6011e-05
1.6032e-05
1.6053e-05
1.6073e-05
1.6094e-05
1.6114e-05
1.6135e-05
1.6156e-05
1.6176e-05
1.6197e-05
1.6218e-05
1.6238e-05
1.6259e-05
1.628e-05
1.63e-05
1.6321e-05
1.6342e-05
1.6362e-05
1.6383e-05
1.6404e-05
1.6424e-05
1.6445e-05
1.6466e-05
1.6487e-05
1.6507e-05
1.6528e-05
1.6549e-05
1.657e-05
1.659e-05
1.6611e-05
1.6632e-05
1.6653e-05
1.6673e-05
1.6694e-05
1.6715e-05
1.6736e-05
1.6756e-05
1.6777e-05
1.6798e-05
1.6819e-05
1.684e-05
1.686e-05
1.6881e-05
1.6902e-05
1.6923e-05
1.6944e-05
1.6964e-05
1.6985e-05
1.7006e-05
1.7027e-05
1.7048e-05
1.7068e-05
1.7089e-05
1.711e-05
1.7131e-05
1.7152e-05
1.7173e-05
1.7193e-05
1.7214e-05
1.7235e-05
1.7256e-05
1.7277e-05
1.7298e-05
1.7319e-05
1.7339e-05
1.736e-05
1.7381e-05
1.7402e-05
1.7423e-05
1.7444e-05
1.7465e-05
1.7486e-05
1.7507e-05
1.7527e-05
1.7548e-05
1.7569e-05
1.759e-05
1.7611e-05
1.7632e-05
1.7653e-05
1.7674e-05
1.7695e-05
1.7716e-05
1.7736e-05
1.7757e-05
1.7778e-05
1.7799e-05
1.782e-05
1.7841e-05
1.7862e-05
1.7883e-05
1.7904e-05
1.7925e-05
1.7946e-05
1.7966e-05
1.7987e-05
1.8008e-05
1.8029e-05
1.805e-05
1.8071e-05
1.8092e-05
1.8113e-05
1.8134e-05
1.8155e-05
1.8176e-05
1.8197e-05
1.8218e-05
1.8239e-05
1.826e-05
1.828e-05
1.8301e-05
1.8322e-05
1.8343e-05
1.8364e-05
1.8385e-05
1.8406e-05
1.8427e-05
1.8448e-05
1.8469e-05
1.849e-05
1.8511e-05
1.8532e-05
1.8553e-05
1.8574e-05
1.8594e-05
1.8615e-05
1.8636e-05
1.8657e-05
1.8678e-05
1.8699e-05
1.872e-05
1.8741e-05
1.8762e-05
1.8783e-05
1.8804e-05
1.8825e-05
1.8846e-05
1.8866e-05
1.8887e-05
1.8908e-05
1.8929e-05
1.895e-05
1.8971e-05
1.8992e-05
1.9013e-05
1.9034e-05
1.9055e-05
1.9076e-05
1.9096e-05
1.9117e-05
1.9138e-05
1.9159e-05
1.918e-05
1.9201e-05
1.9222e-05
1.9243e-05
1.9264e-05
1.9285e-05
1.9305e-05
1.9326e-05
1.9347e-05
1.9368e-05
1.9389e-05
1.941e-05
1.9431e-05
1.9451e-05
1.9472e-05
1.9493e-05
1.9514e-05
1.9535e-05
1.9556e-05
1.9577e-05
1.9597e-05
1.9618e-05
1.9639e-05
1.966e-05
1.9681e-05
1.9702e-05
1.9722e-05
1.9743e-05
1.9764e-05
1.9785e-05
1.9806e-05
1.9826e-05
1.9847e-05
1.9868e-05
1.9889e-05
1.991e-05
1.993e-05
1.9951e-05
1.9972e-05
1.9993e-05
2.0013e-05
2.0034e-05
2.0055e-05
2.0076e-05
2.0096e-05
2.0117e-05
2.0138e-05
2.0159e-05
2.0179e-05
2.02e-05
2.0221e-05
2.0242e-05
2.0262e-05
2.0283e-05
2.0304e-05
2.0324e-05
2.0345e-05
2.0366e-05
2.0386e-05
2.0407e-05
2.0428e-05
2.0448e-05
2.0469e-05
2.049e-05
2.051e-05
2.0531e-05
2.0552e-05
2.0572e-05
2.0593e-05
2.0613e-05
2.0634e-05
2.0655e-05
2.0675e-05
2.0696e-05
2.0716e-05
2.0737e-05
2.0758e-05
2.0778e-05
2.0799e-05
2.0819e-05
2.084e-05
2.086e-05
2.0881e-05
2.0901e-05
2.0922e-05
2.0942e-05
2.0963e-05
2.0983e-05
2.1004e-05
2.1024e-05
2.1045e-05
2.1065e-05
2.1086e-05
2.1106e-05
2.1127e-05
2.1147e-05
2.1167e-05
2.1188e-05
2.1208e-05
2.1229e-05
2.1249e-05
2.1269e-05
2.129e-05
2.131e-05
2.133e-05
2.1351e-05
2.1371e-05
2.1392e-05
2.1412e-05
2.1432e-05
2.1452e-05
2.1473e-05
2.1493e-05
2.1513e-05
2.1534e-05
2.1554e-05
2.1574e-05
2.1594e-05
2.1615e-05
2.1635e-05
2.1655e-05
2.1675e-05
2.1695e-05
2.1716e-05
2.1736e-05
2.1756e-05
2.1776e-05
2.1796e-05
2.1816e-05
2.1837e-05
2.1857e-05
2.1877e-05
2.1897e-05
2.1917e-05
2.1937e-05
2.1957e-05
2.1977e-05
2.1997e-05
2.2017e-05
2.2037e-05
2.2057e-05
2.2077e-05
2.2097e-05
2.2117e-05
2.2137e-05
2.2157e-05
2.2177e-05
2.2197e-05
2.2217e-05
2.2237e-05
2.2257e-05
2.2277e-05
2.2297e-05
2.2317e-05
2.2337e-05
2.2357e-05
2.2376e-05
2.2396e-05
2.2416e-05
2.2436e-05
2.2456e-05
2.2475e-05
2.2495e-05
2.2515e-05
2.2535e-05
2.2554e-05
2.2574e-05
2.2594e-05
2.2614e-05
2.2633e-05
2.2653e-05
2.2673e-05
2.2692e-05
2.2712e-05
2.2732e-05
2.2751e-05
2.2771e-05
2.279e-05
2.281e-05
2.283e-05
2.2849e-05
2.2869e-05
2.2888e-05
2.2908e-05
2.2927e-05
2.2947e-05
2.2966e-05
2.2986e-05
2.3005e-05
2.3025e-05
2.3044e-05
2.3063e-05
2.3083e-05
2.3102e-05
2.3122e-05
2.3141e-05
2.316e-05
2.318e-05
2.3199e-05
2.3218e-05
2.3237e-05
2.3257e-05
2.3276e-05
2.3295e-05
2.3314e-05
2.3334e-05
2.3353e-05
2.3372e-05
2.3391e-05
2.341e-05
2.343e-05
2.3449e-05
2.3468e-05
2.3487e-05
2.3506e-05
2.3525e-05
2.3544e-05
2.3563e-05
2.3582e-05
2.3601e-05
2.362e-05
2.3639e-05
2.3658e-05
2.3677e-05
2.3696e-05
2.3715e-05
2.3734e-05
2.3753e-05
2.3771e-05
2.379e-05
2.3809e-05
2.3828e-05
2.3847e-05
2.3866e-05
2.3884e-05
2.3903e-05
2.3922e-05
2.3941e-05
2.3959e-05
2.3978e-05
2.3997e-05
2.4015e-05
2.4034e-05
2.4053e-05
2.4071e-05
2.409e-05
2.4108e-05
2.4127e-05
2.4145e-05
2.4164e-05
2.4182e-05
2.4201e-05
2.4219e-05
2.4238e-05
2.4256e-05
2.4275e-05
2.4293e-05
2.4311e-05
2.433e-05
2.4348e-05
2.4366e-05
2.4385e-05
2.4403e-05
2.4421e-05
2.444e-05
2.4458e-05
2.4476e-05
2.4494e-05
2.4512e-05
2.4531e-05
2.4549e-05
2.4567e-05
2.4585e-05
2.4603e-05
2.4621e-05
2.4639e-05
2.4657e-05
2.4675e-05
2.4693e-05
2.4711e-05
2.4729e-05
2.4747e-05
2.4765e-05
2.4783e-05
2.4801e-05
2.4819e-05
2.4837e-05
2.4854e-05
2.4872e-05
2.489e-05
2.4908e-05
2.4925e-05
2.4943e-05
2.4961e-05
2.4979e-05
2.4996e-05
2.5014e-05
2.5031e-05
2.5049e-05
2.5067e-05
2.5084e-05
2.5102e-05
2.5119e-05
2.5137e-05
2.5154e-05
2.5172e-05
2.5189e-05
2.5207e-05
2.5224e-05
2.5241e-05
2.5259e-05
2.5276e-05
2.5293e-05
2.5311e-05
2.5328e-05
2.5345e-05
2.5362e-05
2.538e-05
2.5397e-05
2.5414e-05
2.5431e-05
2.5448e-05
2.5465e-05
2.5482e-05
2.55e-05
2.5517e-05
2.5534e-05
2.5551e-05
2.5568e-05
2.5585e-05
2.5601e-05
2.5618e-05
2.5635e-05
2.5652e-05
2.5669e-05
2.5686e-05
2.5703e-05
2.5719e-05
2.5736e-05
2.5753e-05
2.577e-05
2.5786e-05
2.5803e-05
2.582e-05
2.5836e-05
2.5853e-05
2.5869e-05
2.5886e-05
2.5902e-05
2.5919e-05
2.5935e-05
2.5952e-05
2.5968e-05
2.5985e-05
2.6001e-05
2.6017e-05
2.6034e-05
2.605e-05
2.6066e-05
2.6083e-05
2.6099e-05
2.6115e-05
2.6131e-05
2.6147e-05
2.6164e-05
2.618e-05
2.6196e-05
2.6212e-05
2.6228e-05
2.6244e-05
2.626e-05
2.6276e-05
2.6292e-05
2.6308e-05
2.6324e-05
2.634e-05
2.6355e-05
2.6371e-05
2.6387e-05
2.6403e-05
2.6419e-05
2.6434e-05
2.645e-05
2.6466e-05
2.6481e-05
2.6497e-05
2.6513e-05
2.6528e-05
2.6544e-05
2.6559e-05
2.6575e-05
2.659e-05
2.6606e-05
2.6621e-05
2.6637e-05
2.6652e-05
2.6667e-05
2.6683e-05
2.6698e-05
2.6713e-05
2.6728e-05
2.6744e-05
2.6759e-05
2.6774e-05
2.6789e-05
2.6804e-05
2.6819e-05
2.6834e-05
2.685e-05
2.6865e-05
2.688e-05
2.6894e-05
2.6909e-05
2.6924e-05
2.6939e-05
2.6954e-05
2.6969e-05
2.6984e-05
2.6998e-05
2.7013e-05
2.7028e-05
2.7043e-05
2.7057e-05
2.7072e-05
2.7087e-05
2.7101e-05
2.7116e-05
2.713e-05
2.7145e-05
2.7159e-05
2.7174e-05
2.7188e-05
2.7202e-05
2.7217e-05
2.7231e-05
2.7245e-05
2.726e-05
2.7274e-05
2.7288e-05
2.7302e-05
2.7317e-05
2.7331e-05
2.7345e-05
2.7359e-05
2.7373e-05
2.7387e-05
2.7401e-05
2.7415e-05
2.7429e-05
2.7443e-05
2.7457e-05
2.747e-05
2.7484e-05
2.7498e-05
2.7512e-05
2.7526e-05
2.7539e-05
2.7553e-05
2.7567e-05
2.758e-05
2.7594e-05
2.7607e-05
2.7621e-05
2.7634e-05
2.7648e-05
2.7661e-05
2.7675e-05
2.7688e-05
2.7702e-05
2.7715e-05
2.7728e-05
2.7741e-05
2.7755e-05
2.7768e-05
2.7781e-05
2.7794e-05
2.7807e-05
2.782e-05
2.7833e-05
2.7847e-05
2.786e-05
2.7872e-05
2.7885e-05
2.7898e-05
2.7911e-05
2.7924e-05
2.7937e-05
2.795e-05
2.7962e-05
2.7975e-05
2.7988e-05
2.8001e-05
2.8013e-05
2.8026e-05
2.8038e-05
2.8051e-05
2.8063e-05
2.8076e-05
2.8088e-05
2.8101e-05
2.8113e-05
2.8126e-05
2.8138e-05
2.815e-05
2.8162e-05
2.8175e-05
2.8187e-05
2.8199e-05
2.8211e-05
2.8223e-05
2.8235e-05
2.8247e-05
2.8259e-05
2.8271e-05
2.8283e-05
2.8295e-05
2.8307e-05
2.8319e-05
2.8331e-05
2.8343e-05
2.8354e-05
2.8366e-05
2.8378e-05
2.8389e-05
2.8401e-05
2.8413e-05
2.8424e-05
2.8436e-05
2.8447e-05
2.8459e-05
2.847e-05
2.8482e-05
2.8493e-05
2.8504e-05
2.8516e-05
2.8527e-05
2.8538e-05
2.8549e-05
2.8561e-05
2.8572e-05
2.8583e-05
2.8594e-05
2.8605e-05
2.8616e-05
2.8627e-05
2.8638e-05
2.8649e-05
2.866e-05
2.8671e-05
2.8681e-05
2.8692e-05
2.8703e-05
2.8714e-05
2.8724e-05
2.8735e-05
2.8746e-05
2.8756e-05
2.8767e-05
2.8777e-05
2.8788e-05
2.8798e-05
2.8809e-05
2.8819e-05
2.8829e-05
2.884e-05
2.885e-05
2.886e-05
2.887e-05
2.8881e-05
2.8891e-05
2.8901e-05
2.8911e-05
2.8921e-05
2.8931e-05
2.8941e-05
2.8951e-05
2.8961e-05
2.8971e-05
2.898e-05
2.899e-05
2.9e-05
2.901e-05
2.9019e-05
2.9029e-05
2.9039e-05
2.9048e-05
2.9058e-05
2.9067e-05
2.9077e-05
2.9086e-05
2.9096e-05
2.9105e-05
2.9115e-05
2.9124e-05
2.9133e-05
2.9142e-05
2.9152e-05
2.9161e-05
2.917e-05
2.9179e-05
2.9188e-05
2.9197e-05
2.9206e-05
2.9215e-05
2.9224e-05
2.9233e-05
2.9242e-05
2.9251e-05
2.9259e-05
2.9268e-05
2.9277e-05
2.9286e-05
2.9294e-05
2.9303e-05
2.9312e-05
2.932e-05
2.9329e-05
2.9337e-05
2.9345e-05
2.9354e-05
2.9362e-05
2.9371e-05
2.9379e-05
2.9387e-05
2.9395e-05
2.9404e-05
2.9412e-05
2.942e-05
2.9428e-05
2.9436e-05
2.9444e-05
2.9452e-05
2.946e-05
2.9468e-05
2.9476e-05
2.9483e-05
2.9491e-05
2.9499e-05
2.9507e-05
2.9514e-05
2.9522e-05
2.953e-05
2.9537e-05
2.9545e-05
2.9552e-05
2.956e-05
2.9567e-05
2.9575e-05
2.9582e-05
2.9589e-05
2.9597e-05
2.9604e-05
2.9611e-05
2.9618e-05
2.9625e-05
2.9632e-05
2.9639e-05
2.9646e-05
2.9653e-05
2.966e-05
2.9667e-05
2.9674e-05
2.9681e-05
2.9688e-05
2.9695e-05
2.9701e-05
2.9708e-05
2.9715e-05
2.9721e-05
2.9728e-05
2.9734e-05
2.9741e-05
2.9747e-05
2.9754e-05
2.976e-05
2.9767e-05
2.9773e-05
2.9779e-05
2.9785e-05
2.9792e-05
2.9798e-05
2.9804e-05
2.981e-05
2.9816e-05
2.9822e-05
2.9828e-05
2.9834e-05
2.984e-05
2.9846e-05
2.9852e-05
2.9857e-05
2.9863e-05
2.9869e-05
2.9875e-05
2.988e-05
2.9886e-05
2.9891e-05
2.9897e-05
2.9903e-05
2.9908e-05
2.9913e-05
2.9919e-05
2.9924e-05
2.9929e-05
2.9935e-05
2.994e-05
2.9945e-05
2.995e-05
2.9955e-05
2.996e-05
2.9965e-05
2.997e-05
2.9975e-05
2.998e-05
2.9985e-05
2.999e-05
2.9995e-05
3e-05
3.0004e-05
3.0009e-05
3.0014e-05
3.0018e-05
3.0023e-05
3.0028e-05
3.0032e-05
3.0036e-05
3.0041e-05
3.0045e-05
3.005e-05
3.0054e-05
3.0058e-05
3.0062e-05
3.0067e-05
3.0071e-05
3.0075e-05
3.0079e-05
3.0083e-05
3.0087e-05
3.0091e-05
3.0095e-05
3.0099e-05
3.0103e-05
3.0107e-05
3.011e-05
3.0114e-05
3.0118e-05
3.0121e-05
3.0125e-05
3.0129e-05
3.0132e-05
3.0136e-05
3.0139e-05
3.0143e-05
3.0146e-05
3.0149e-05
3.0153e-05
3.0156e-05
3.0159e-05
3.0162e-05
3.0165e-05
3.0169e-05
3.0172e-05
3.0175e-05
3.0178e-05
3.0181e-05
3.0184e-05
3.0186e-05
3.0189e-05
3.0192e-05
3.0195e-05
3.0198e-05
3.02e-05
3.0203e-05
3.0205e-05
3.0208e-05
3.0211e-05
3.0213e-05
3.0216e-05
3.0218e-05
3.022e-05
3.0223e-05
3.0225e-05
3.0227e-05
3.0229e-05
3.0232e-05
3.0234e-05
3.0236e-05
3.0238e-05
3.024e-05
3.0242e-05
3.0244e-05
3.0246e-05
3.0248e-05
3.0249e-05
3.0251e-05
3.0253e-05
3.0255e-05
3.0256e-05
3.0258e-05
3.026e-05
3.0261e-05
3.0263e-05
3.0264e-05
3.0266e-05
3.0267e-05
3.0268e-05
3.027e-05
3.0271e-05
3.0272e-05
3.0273e-05
3.0275e-05
3.0276e-05
3.0277e-05
3.0278e-05
3.0279e-05
3.028e-05
3.0281e-05
3.0282e-05
3.0282e-05
3.0283e-05
3.0284e-05
3.0285e-05
3.0285e-05
3.0286e-05
3.0287e-05
3.0287e-05
3.0288e-05
3.0288e-05
3.0289e-05
3.0289e-05
3.029e-05
3.029e-05
3.029e-05
3.029e-05
3.0291e-05
3.0291e-05
3.0291e-05
3.0291e-05
3.0291e-05
3.0291e-05
3.0291e-05
3.0291e-05
3.0291e-05
3.0291e-05
3.0291e-05
3.029e-05
3.029e-05
3.029e-05
3.029e-05
3.0289e-05
3.0289e-05
3.0288e-05
3.0288e-05
3.0287e-05
3.0287e-05
3.0286e-05
3.0285e-05
3.0285e-05
3.0284e-05
3.0283e-05
3.0283e-05
3.0282e-05
3.0281e-05
3.028e-05
3.0279e-05
3.0278e-05
3.0277e-05
3.0276e-05
3.0275e-05
3.0273e-05
3.0272e-05
3.0271e-05
3.027e-05
3.0268e-05
3.0267e-05
3.0266e-05
3.0264e-05
3.0263e-05
3.0261e-05
3.026e-05
3.0258e-05
3.0257e-05
3.0255e-05
3.0253e-05
3.0251e-05
3.025e-05
3.0248e-05
3.0246e-05
3.0244e-05
3.0242e-05
3.024e-05
3.0238e-05
3.0236e-05
3.0234e-05
3.0232e-05
3.023e-05
3.0227e-05
3.0225e-05
3.0223e-05
3.0221e-05
3.0218e-05
3.0216e-05
3.0213e-05
3.0211e-05
3.0208e-05
3.0206e-05
3.0203e-05
3.02e-05
3.0198e-05
3.0195e-05
3.0192e-05
3.0189e-05
3.0187e-05
3.0184e-05
3.0181e-05
3.0178e-05
3.0175e-05
3.0172e-05
3.0169e-05
3.0166e-05
3.0163e-05
3.0159e-05
3.0156e-05
3.0153e-05
3.015e-05
3.0146e-05
3.0143e-05
3.0139e-05
3.0136e-05
3.0132e-05
3.0129e-05
3.0125e-05
3.0122e-05
3.0118e-05
3.0114e-05
3.0111e-05
3.0107e-05
3.0103e-05
3.0099e-05
3.0095e-05
3.0091e-05
3.0087e-05
3.0083e-05
3.0079e-05
3.0075e-05
3.0071e-05
3.0067e-05
3.0063e-05
3.0059e-05
3.0054e-05
3.005e-05
3.0046e-05
3.0041e-05
3.0037e-05
3.0032e-05
3.0028e-05
3.0023e-05
3.0019e-05
3.0014e-05
3.001e-05
3.0005e-05
3e-05
2.9995e-05
2.9991e-05
2.9986e-05
2.9981e-05
2.9976e-05
2.9971e-05
2.9966e-05
2.9961e-05
2.9956e-05
2.9951e-05
2.9946e-05
2.994e-05
2.9935e-05
2.993e-05
2.9925e-05
2.9919e-05
2.9914e-05
2.9908e-05
2.9903e-05
2.9897e-05
2.9892e-05
2.9886e-05
2.9881e-05
2.9875e-05
2.9869e-05
2.9864e-05
2.9858e-05
2.9852e-05
2.9846e-05
2.984e-05
2.9835e-05
2.9829e-05
2.9823e-05
2.9817e-05
2.9811e-05
2.9804e-05
2.9798e-05
2.9792e-05
2.9786e-05
2.978e-05
2.9773e-05
2.9767e-05
2.9761e-05
2.9754e-05
2.9748e-05
2.9741e-05
2.9735e-05
2.9728e-05
2.9722e-05
2.9715e-05
2.9709e-05
2.9702e-05
2.9695e-05
2.9688e-05
2.9682e-05
2.9675e-05
2.9668e-05
2.9661e-05
2.9654e-05
2.9647e-05
2.964e-05
2.9633e-05
2.9626e-05
2.9619e-05
2.9612e-05
2.9604e-05
2.9597e-05
2.959e-05
2.9583e-05
2.9575e-05
2.9568e-05
2.956e-05
2.9553e-05
2.9545e-05
2.9538e-05
2.953e-05
2.9523e-05
2.9515e-05
2.9507e-05
2.95e-05
2.9492e-05
2.9484e-05
2.9476e-05
2.9468e-05
2.9461e-05
2.9453e-05
2.9445e-05
2.9437e-05
2.9429e-05
2.9421e-05
2.9412e-05
2.9404e-05
2.9396e-05
2.9388e-05
2.938e-05
2.9371e-05
2.9363e-05
2.9355e-05
2.9346e-05
2.9338e-05
2.9329e-05
2.9321e-05
2.9312e-05
2.9304e-05
2.9295e-05
2.9286e-05
2.9278e-05
2.9269e-05
2.926e-05
2.9251e-05
2.9243e-05
2.9234e-05
2.9225e-05
2.9216e-05
2.9207e-05
2.9198e-05
2.9189e-05
2.918e-05
2.9171e-05
2.9162e-05
2.9152e-05
2.9143e-05
2.9134e-05
2.9125e-05
2.9115e-05
2.9106e-05
2.9097e-05
2.9087e-05
2.9078e-05
2.9068e-05
2.9059e-05
2.9049e-05
2.904e-05
2.903e-05
2.902e-05
2.9011e-05
2.9001e-05
2.8991e-05
2.8981e-05
2.8971e-05
2.8962e-05
2.8952e-05
2.8942e-05
2.8932e-05
2.8922e-05
2.8912e-05
2.8902e-05
2.8892e-05
2.8881e-05
2.8871e-05
2.8861e-05
2.8851e-05
2.884e-05
2.883e-05
2.882e-05
2.8809e-05
2.8799e-05
2.8789e-05
2.8778e-05
2.8768e-05
2.8757e-05
2.8746e-05
2.8736e-05
2.8725e-05
2.8714e-05
2.8704e-05
2.8693e-05
2.8682e-05
2.8671e-05
2.8661e-05
2.865e-05
2.8639e-05
2.8628e-05
2.8617e-05
2.8606e-05
2.8595e-05
2.8584e-05
2.8573e-05
2.8561e-05
2.855e-05
2.8539e-05
2.8528e-05
2.8517e-05
2.8505e-05
2.8494e-05
2.8483e-05
2.8471e-05
2.846e-05
2.8448e-05
2.8437e-05
2.8425e-05
2.8414e-05
2.8402e-05
2.839e-05
2.8379e-05
2.8367e-05
2.8355e-05
2.8344e-05
2.8332e-05
2.832e-05
2.8308e-05
2.8296e-05
2.8284e-05
2.8272e-05
2.826e-05
2.8248e-05
2.8236e-05
2.8224e-05
2.8212e-05
2.82e-05
2.8188e-05
2.8176e-05
2.8163e-05
2.8151e-05
2.8139e-05
2.8127e-05
2.8114e-05
2.8102e-05
2.8089e-05
2.8077e-05
2.8064e-05
2.8052e-05
2.8039e-05
2.8027e-05
2.8014e-05
2.8002e-05
2.7989e-05
2.7976e-05
2.7964e-05
2.7951e-05
2.7938e-05
2.7925e-05
2.7912e-05
2.7899e-05
2.7887e-05
2.7874e-05
2.7861e-05
2.7848e-05
2.7835e-05
2.7822e-05
2.7808e-05
2.7795e-05
2.7782e-05
2.7769e-05
2.7756e-05
2.7743e-05
2.7729e-05
2.7716e-05
2.7703e-05
2.7689e-05
2.7676e-05
2.7662e-05
2.7649e-05
2.7636e-05
2.7622e-05
2.7609e-05
2.7595e-05
2.7581e-05
2.7568e-05
2.7554e-05
2.754e-05
2.7527e-05
2.7513e-05
2.7499e-05
2.7485e-05
2.7472e-05
2.7458e-05
2.7444e-05
2.743e-05
2.7416e-05
2.7402e-05
2.7388e-05
2.7374e-05
2.736e-05
2.7346e-05
2.7332e-05
2.7318e-05
2.7304e-05
2.7289e-05
2.7275e-05
2.7261e-05
2.7247e-05
2.7232e-05
2.7218e-05
2.7204e-05
2.7189e-05
2.7175e-05
2.716e-05
2.7146e-05
2.7131e-05
2.7117e-05
2.7102e-05
2.7088e-05
2.7073e-05
2.7058e-05
2.7044e-05
2.7029e-05
2.7014e-05
2.7e-05
2.6985e-05
2.697e-05
2.6955e-05
2.694e-05
2.6926e-05
2.6911e-05
2.6896e-05
2.6881e-05
2.6866e-05
2.6851e-05
2.6836e-05
2.6821e-05
2.6806e-05
2.679e-05
2.6775e-05
2.676e-05
2.6745e-05
2.673e-05
2.6715e-05
2.6699e-05
2.6684e-05
2.6669e-05
2.6653e-05
2.6638e-05
2.6622e-05
2.6607e-05
2.6592e-05
2.6576e-05
2.6561e-05
2.6545e-05
2.653e-05
2.6514e-05
2.6498e-05
2.6483e-05
2.6467e-05
2.6451e-05
2.6436e-05
2.642e-05
2.6404e-05
2.6388e-05
2.6373e-05
2.6357e-05
2.6341e-05
2.6325e-05
2.6309e-05
2.6293e-05
2.6277e-05
2.6261e-05
2.6245e-05
2.6229e-05
2.6213e-05
2.6197e-05
2.6181e-05
2.6165e-05
2.6149e-05
2.6133e-05
2.6116e-05
2.61e-05
2.6084e-05
2.6068e-05
2.6051e-05
2.6035e-05
2.6019e-05
2.6002e-05
2.5986e-05
2.597e-05
2.5953e-05
2.5937e-05
2.592e-05
2.5904e-05
2.5887e-05
2.5871e-05
2.5854e-05
2.5838e-05
2.5821e-05
2.5804e-05
2.5788e-05
2.5771e-05
2.5754e-05
2.5737e-05
2.5721e-05
2.5704e-05
2.5687e-05
2.567e-05
2.5654e-05
2.5637e-05
2.562e-05
2.5603e-05
2.5586e-05
2.5569e-05
2.5552e-05
2.5535e-05
2.5518e-05
2.5501e-05
2.5484e-05
2.5467e-05
2.545e-05
2.5433e-05
2.5415e-05
2.5398e-05
2.5381e-05
2.5364e-05
2.5347e-05
2.5329e-05
2.5312e-05
2.5295e-05
2.5278e-05
2.526e-05
2.5243e-05
2.5225e-05
2.5208e-05
2.5191e-05
2.5173e-05
2.5156e-05
2.5138e-05
2.5121e-05
2.5103e-05
2.5086e-05
2.5068e-05
2.5051e-05
2.5033e-05
2.5015e-05
2.4998e-05
2.498e-05
2.4962e-05
2.4945e-05
2.4927e-05
2.4909e-05
2.4891e-05
2.4874e-05
2.4856e-05
2.4838e-05
2.482e-05
2.4802e-05
2.4784e-05
2.4767e-05
2.4749e-05
2.4731e-05
2.4713e-05
2.4695e-05
2.4677e-05
2.4659e-05
2.4641e-05
2.4623e-05
2.4605e-05
2.4586e-05
2.4568e-05
2.455e-05
2.4532e-05
2.4514e-05
2.4496e-05
2.4478e-05
2.4459e-05
2.4441e-05
2.4423e-05
2.4405e-05
2.4386e-05
2.4368e-05
2.435e-05
2.4331e-05
2.4313e-05
2.4295e-05
2.4276e-05
2.4258e-05
2.4239e-05
2.4221e-05
2.4202e-05
2.4184e-05
2.4165e-05
2.4147e-05
2.4128e-05
2.411e-05
2.4091e-05
2.4073e-05
2.4054e-05
2.4035e-05
2.4017e-05
2.3998e-05
2.398e-05
2.3961e-05
2.3942e-05
2.3923e-05
2.3905e-05
2.3886e-05
2.3867e-05
2.3848e-05
2.383e-05
2.3811e-05
2.3792e-05
2.3773e-05
2.3754e-05
2.3735e-05
2.3716e-05
2.3698e-05
2.3679e-05
2.366e-05
2.3641e-05
2.3622e-05
2.3603e-05
2.3584e-05
2.3565e-05
2.3546e-05
2.3527e-05
2.3508e-05
2.3488e-05
2.3469e-05
2.345e-05
2.3431e-05
2.3412e-05
2.3393e-05
2.3374e-05
2.3354e-05
2.3335e-05
2.3316e-05
2.3297e-05
2.3278e-05
2.3258e-05
2.3239e-05
2.322e-05
2.32e-05
2.3181e-05
2.3162e-05
2.3143e-05
2.3123e-05
2.3104e-05
2.3084e-05
2.3065e-05
2.3046e-05
2.3026e-05
2.3007e-05
2.2987e-05
2.2968e-05
2.2948e-05
2.2929e-05
2.2909e-05
2.289e-05
2.287e-05
2.2851e-05
2.2831e-05
2.2812e-05
2.2792e-05
2.2772e-05
2.2753e-05
2.2733e-05
2.2714e-05
2.2694e-05
2.2674e-05
2.2655e-05
2.2635e-05
2.2615e-05
2.2596e-05
2.2576e-05
2.2556e-05
2.2536e-05
2.2517e-05
2.2497e-05
2.2477e-05
2.2457e-05
2.2437e-05
2.2418e-05
2.2398e-05
2.2378e-05
2.2358e-05
2.2338e-05
2.2318e-05
2.2299e-05
2.2279e-05
2.2259e-05
2.2239e-05
2.2219e-05
2.2199e-05
2.2179e-05
2.2159e-05
2.2139e-05
2.2119e-05
2.2099e-05
2.2079e-05
2.2059e-05
2.2039e-05
2.2019e-05
2.1999e-05
2.1979e-05
2.1959e-05
2.1939e-05
2.1919e-05
2.1899e-05
2.1879e-05
2.1858e-05
2.1838e-05
2.1818e-05
2.1798e-05
2.1778e-05
2.1758e-05
2.1738e-05
2.1717e-05
2.1697e-05
2.1677e-05
2.1657e-05
2.1637e-05
2.1616e-05
2.1596e-05
2.1576e-05
2.1556e-05
2.1535e-05
2.1515e-05
2.1495e-05
2.1474e-05
2.1454e-05
2.1434e-05
2.1414e-05
2.1393e-05
2.1373e-05
2.1353e-05
2.1332e-05
2.1312e-05
2.1291e-05
2.1271e-05
2.1251e-05
2.123e-05
2.121e-05
2.1189e-05
2.1169e-05
2.1149e-05
2.1128e-05
2.1108e-05
2.1087e-05
2.1067e-05
2.1046e-05
2.1026e-05
2.1005e-05
2.0985e-05
2.0965e-05
2.0944e-05
2.0924e-05
2.0903e-05
2.0882e-05
2.0862e-05
2.0841e-05
2.0821e-05
2.08e-05
2.078e-05
2.0759e-05
2.0739e-05
2.0718e-05
2.0698e-05
2.0677e-05
2.0656e-05
2.0636e-05
2.0615e-05
2.0595e-05
2.0574e-05
2.0553e-05
2.0533e-05
2.0512e-05
2.0491e-05
2.0471e-05
2.045e-05
2.0429e-05
2.0409e-05
2.0388e-05
2.0367e-05
2.0347e-05
2.0326e-05
2.0305e-05
2.0285e-05
2.0264e-05
2.0243e-05
2.0223e-05
2.0202e-05
2.0181e-05
2.016e-05
2.014e-05
2.0119e-05
2.0098e-05
2.0077e-05
2.0057e-05
2.0036e-05
2.0015e-05
1.9994e-05
1.9974e-05
1.9953e-05
1.9932e-05
1.9911e-05
1.9891e-05
1.987e-05
1.9849e-05
1.9828e-05
1.9807e-05
1.9787e-05
1.9766e-05
1.9745e-05
1.9724e-05
1.9703e-05
1.9682e-05
1.9662e-05
1.9641e-05
1.962e-05
1.9599e-05
1.9578e-05
1.9557e-05
1.9537e-05
1.9516e-05
1.9495e-05
1.9474e-05
1.9453e-05
1.9432e-05
1.9411e-05
1.9391e-05
1.937e-05
1.9349e-05
1.9328e-05
1.9307e-05
1.9286e-05
1.9265e-05
1.9244e-05
1.9224e-05
1.9203e-05
1.9182e-05
1.9161e-05
1.914e-05
1.9119e-05
1.9098e-05
1.9077e-05
1.9056e-05
1.9035e-05
1.9015e-05
1.8994e-05
1.8973e-05
1.8952e-05
1.8931e-05
1.891e-05
1.8889e-05
1.8868e-05
1.8847e-05
1.8826e-05
1.8805e-05
1.8785e-05
1.8764e-05
1.8743e-05
1.8722e-05
1.8701e-05
1.868e-05
1.8659e-05
1.8638e-05
1.8617e-05
1.8596e-05
1.8575e-05
1.8554e-05
1.8533e-05
1.8512e-05
1.8492e-05
1.8471e-05
1.845e-05
1.8429e-05
1.8408e-05
1.8387e-05
1.8366e-05
1.8345e-05
1.8324e-05
1.8303e-05
1.8282e-05
1.8261e-05
1.824e-05
1.8219e-05
1.8198e-05
1.8178e-05
1.8157e-05
1.8136e-05
1.8115e-05
1.8094e-05
1.8073e-05
1.8052e-05
1.8031e-05
1.801e-05
1.7989e-05
1.7968e-05
1.7947e-05
1.7926e-05
1.7905e-05
1.7885e-05
1.7864e-05
1.7843e-05
1.7822e-05
1.7801e-05
1.778e-05
1.7759e-05
1.7738e-05
1.7717e-05
1.7696e-05
1.7675e-05
1.7655e-05
1.7634e-05
1.7613e-05
1.7592e-05
1.7571e-05
1.755e-05
1.7529e-05
1.7508e-05
1.7487e-05
1.7466e-05
1.7446e-05
1.7425e-05
1.7404e-05
1.7383e-05
1.7362e-05
1.7341e-05
1.732e-05
1.7299e-05
1.7279e-05
1.7258e-05
1.7237e-05
1.7216e-05
1.7195e-05
1.7174e-05
1.7153e-05
1.7133e-05
1.7112e-05
1.7091e-05
1.707e-05
1.7049e-05
1.7028e-05
1.7008e-05
1.6987e-05
1.6966e-05
1.6945e-05
1.6924e-05
1.6904e-05
1.6883e-05
1.6862e-05
1.6841e-05
1.682e-05
1.68e-05
1.6779e-05
1.6758e-05
1.6737e-05
1.6717e-05
1.6696e-05
1.6675e-05
1.6654e-05
1.6633e-05
1.6613e-05
1.6592e-05
1.6571e-05
1.6551e-05
1.653e-05
1.6509e-05
1.6488e-05
1.6468e-05
1.6447e-05
1.6426e-05
1.6405e-05
1.6385e-05
1.6364e-05
1.6343e-05
1.6323e-05
1.6302e-05
1.6281e-05
1.6261e-05
1.624e-05
1.6219e-05
1.6199e-05
1.6178e-05
1.6157e-05
1.6137e-05
1.6116e-05
1.6096e-05
1.6075e-05
1.6054e-05
1.6034e-05
1.6013e-05
1.5992e-05
1.5972e-05
1.5951e-05
1.5931e-05
1.591e-05
1.589e-05
1.5869e-05
1.5848e-05
1.5828e-05
1.5807e-05
1.5787e-05
1.5766e-05
1.5746e-05
1.5725e-05
1.5705e-05
1.5684e-05
1.5664e-05
1.5643e-05
1.5623e-05
1.5602e-05
1.5582e-05
1.5561e-05
1.5541e-05
1.552e-05
1.55e-05
1.548e-05
1.5459e-05
1.5439e-05
1.5418e-05
1.5398e-05
1.5377e-05
1.5357e-05
1.5337e-05
1.5316e-05
1.5296e-05
1.5275e-05
1.5255e-05
1.5235e-05
1.5214e-05
1.5194e-05
1.5174e-05
1.5153e-05
1.5133e-05
1.5113e-05
1.5093e-05
1.5072e-05
1.5052e-05
1.5032e-05
1.5011e-05
1.4991e-05
1.4971e-05
1.4951e-05
1.493e-05
1.491e-05
1.489e-05
1.487e-05
1.4849e-05
1.4829e-05
1.4809e-05
1.4789e-05
1.4769e-05
1.4749e-05
1.4728e-05
1.4708e-05
1.4688e-05
1.4668e-05
1.4648e-05
1.4628e-05
1.4608e-05
1.4588e-05
1.4567e-05
1.4547e-05
1.4527e-05
1.4507e-05
1.4487e-05
1.4467e-05
1.4447e-05
1.4427e-05
1.4407e-05
1.4387e-05
1.4367e-05
1.4347e-05
1.4327e-05
1.4307e-05
1.4287e-05
1.4267e-05
1.4247e-05
1.4227e-05
1.4207e-05
1.4187e-05
1.4168e-05
1.4148e-05
1.4128e-05
1.4108e-05
1.4088e-05
1.4068e-05
1.4048e-05
1.4029e-05
1.4009e-05
1.3989e-05
1.3969e-05
1.3949e-05
1.3929e-05
1.391e-05
1.389e-05
1.387e-05
1.385e-05
1.3831e-05
1.3811e-05
1.3791e-05
1.3772e-05
1.3752e-05
1.3732e-05
1.3712e-05
1.3693e-05
1.3673e-05
1.3654e-05
1.3634e-05
1.3614e-05
1.3595e-05
1.3575e-05
1.3555e-05
1.3536e-05
1.3516e-05
1.3497e-05
1.3477e-05
1.3458e-05
1.3438e-05
1.3419e-05
1.3399e-05
1.338e-05
1.336e-05
1.3341e-05
1.3321e-05
1.3302e-05
1.3282e-05
1.3263e-05
1.3243e-05
1.3224e-05
1.3205e-05
1.3185e-05
1.3166e-05
1.3147e-05
1.3127e-05
1.3108e-05
1.3089e-05
1.3069e-05
1.305e-05
1.3031e-05
1.3011e-05
1.2992e-05
1.2973e-05
1.2954e-05
1.2934e-05
1.2915e-05
1.2896e-05
1.2877e-05
1.2858e-05
1.2838e-05
1.2819e-05
1.28e-05
1.2781e-05
1.2762e-05
1.2743e-05
1.2724e-05
1.2704e-05
1.2685e-05
1.2666e-05
1.2647e-05
1.2628e-05
1.2609e-05
1.259e-05
1.2571e-05
1.2552e-05
1.2533e-05
1.2514e-05
1.2495e-05
1.2476e-05
1.2457e-05
1.2439e-05
1.242e-05
1.2401e-05
1.2382e-05
1.2363e-05
1.2344e-05
1.2325e-05
1.2306e-05
1.2288e-05
1.2269e-05
1.225e-05
1.2231e-05
1.2213e-05
1.2194e-05
1.2175e-05
1.2156e-05
1.2138e-05
1.2119e-05
1.21e-05
1.2082e-05
1.2063e-05
1.2044e-05
1.2026e-05
1.2007e-05
1.1988e-05
1.197e-05
1.1951e-05
1.1933e-05
1.1914e-05
1.1896e-05
1.1877e-05
1.1859e-05
1.184e-05
1.1822e-05
1.1803e-05
1.1785e-05
1.1766e-05
1.1748e-05
1.1729e-05
1.1711e-05
1.1693e-05
1.1674e-05
1.1656e-05
1.1637e-05
1.1619e-05
1.1601e-05
1.1583e-05
1.1564e-05
1.1546e-05
1.1528e-05
1.1509e-05
1.1491e-05
1.1473e-05
1.1455e-05
1.1437e-05
1.1418e-05
1.14e-05
1.1382e-05
1.1364e-05
1.1346e-05
1.1328e-05
1.131e-05
1.1291e-05
1.1273e-05
1.1255e-05
1.1237e-05
1.1219e-05
1.1201e-05
1.1183e-05
1.1165e-05
1.1147e-05
1.1129e-05
1.1111e-05
1.1094e-05
1.1076e-05
1.1058e-05
1.104e-05
1.1022e-05
1.1004e-05
1.0986e-05
1.0968e-05
1.0951e-05
1.0933e-05
1.0915e-05
1.0897e-05
1.088e-05
1.0862e-05
1.0844e-05
1.0826e-05
1.0809e-05
1.0791e-05
1.0773e-05
1.0756e-05
1.0738e-05
1.0721e-05
1.0703e-05
1.0685e-05
1.0668e-05
1.065e-05
1.0633e-05
1.0615e-05
1.0598e-05
1.058e-05
1.0563e-05
1.0545e-05
1.0528e-05
1.051e-05
1.0493e-05
1.0476e-05
1.0458e-05
1.0441e-05
1.0423e-05
1.0406e-05
1.0389e-05
1.0371e-05
1.0354e-05
1.0337e-05
1.032e-05
1.0302e-05
1.0285e-05
1.0268e-05
1.0251e-05
1.0234e-05
1.0216e-05
1.0199e-05
1.0182e-05
1.0165e-05
1.0148e-05
1.0131e-05
1.0114e-05
1.0097e-05
1.008e-05
1.0063e-05
1.0046e-05
1.0029e-05
1.0012e-05
9.9946e-06
9.9776e-06
9.9607e-06
9.9438e-06
9.9269e-06
9.91e-06
9.8931e-06
9.8763e-06
9.8594e-06
9.8426e-06
9.8258e-06
9.809e-06
9.7922e-06
9.7755e-06
9.7587e-06
9.742e-06
9.7253e-06
9.7086e-06
9.6919e-06
9.6752e-06
9.6586e-06
9.642e-06
9.6253e-06
9.6087e-06
9.5922e-06
9.5756e-06
9.559e-06
9.5425e-06
9.526e-06
9.5095e-06
9.493e-06
9.4765e-06
9.4601e-06
9.4436e-06
9.4272e-06
9.4108e-06
9.3944e-06
9.3781e-06
9.3617e-06
9.3454e-06
9.329e-06
9.3127e-06
9.2965e-06
9.2802e-06
9.2639e-06
9.2477e-06
9.2315e-06
9.2153e-06
9.1991e-06
9.1829e-06
9.1667e-06
9.1506e-06
9.1345e-06
9.1184e-06
9.1023e-06
9.0862e-06
9.0701e-06
9.0541e-06
9.0381e-06
9.0221e-06
9.0061e-06
8.9901e-06
8.9741e-06
8.9582e-06
8.9423e-06
8.9264e-06
8.9105e-06
8.8946e-06
8.8787e-06
8.8629e-06
8.8471e-06
8.8313e-06
8.8155e-06
8.7997e-06
8.7839e-06
8.7682e-06
8.7525e-06
8.7368e-06
8.7211e-06
8.7054e-06
8.6898e-06
8.6741e-06
8.6585e-06
8.6429e-06
8.6273e-06
8.6117e-06
8.5962e-06
8.5806e-06
8.5651e-06
8.5496e-06
8.5341e-06
8.5187e-06
8.5032e-06
8.4878e-06
8.4724e-06
8.457e-06
8.4416e-06
8.4262e-06
8.4109e-06
8.3955e-06
8.3802e-06
8.3649e-06
8.3496e-06
8.3344e-06
8.3191e-06
8.3039e-06
8.2887e-06
8.2735e-06
8.2583e-06
8.2431e-06
8.228e-06
8.2129e-06
8.1978e-06
8.1827e-06
8.1676e-06
8.1525e-06
8.1375e-06
8.1225e-06
8.1075e-06
8.0925e-06
8.0775e-06
8.0625e-06
8.0476e-06
8.0327e-06
8.0178e-06
8.0029e-06
7.988e-06
7.9732e-06
7.9583e-06
7.9435e-06
7.9287e-06
7.9139e-06
7.8992e-06
7.8844e-06
7.8697e-06
7.855e-06
7.8403e-06
7.8256e-06
7.8109e-06
7.7963e-06
7.7817e-06
7.7671e-06
7.7525e-06
7.7379e-06
7.7233e-06
7.7088e-06
7.6943e-06
7.6798e-06
7.6653e-06
7.6508e-06
7.6363e-06
7.6219e-06
7.6075e-06
7.5931e-06
7.5787e-06
7.5643e-06
7.55e-06
7.5357e-06
7.5214e-06
7.5071e-06
7.4928e-06
7.4785e-06
7.4643e-06
7.45e-06
7.4358e-06
7.4216e-06
7.4075e-06
7.3933e-06
7.3792e-06
7.3651e-06
7.3509e-06
7.3369e-06
7.3228e-06
7.3087e-06
7.2947e-06
7.2807e-06
7.2667e-06
7.2527e-06
7.2387e-06
7.2248e-06
7.2109e-06
7.197e-06
7.1831e-06
7.1692e-06
7.1553e-06
7.1415e-06
7.1277e-06
7.1139e-06
7.1001e-06
7.0863e-06
7.0725e-06
7.0588e-06
7.0451e-06
7.0314e-06
7.0177e-06
7.004e-06
6.9904e-06
6.9768e-06
6.9631e-06
6.9495e-06
6.936e-06
6.9224e-06
6.9089e-06
6.8953e-06
6.8818e-06
6.8683e-06
6.8549e-06
6.8414e-06
6.828e-06
6.8145e-06
6.8011e-06
6.7878e-06
6.7744e-06
6.761e-06
6.7477e-06
6.7344e-06
6.7211e-06
6.7078e-06
6.6946e-06
6.6813e-06
6.6681e-06
6.6549e-06
6.6417e-06
6.6285e-06
6.6153e-06
6.6022e-06
6.5891e-06
6.576e-06
6.5629e-06
6.5498e-06
6.5368e-06
6.5237e-06
6.5107e-06
6.4977e-06
6.4847e-06
6.4718e-06
6.4588e-06
6.4459e-06
6.433e-06
6.4201e-06
6.4072e-06
6.3944e-06
6.3815e-06
6.3687e-06
6.3559e-06
6.3431e-06
6.3303e-06
6.3176e-06
6.3048e-06
6.2921e-06
6.2794e-06
6.2667e-06
6.2541e-06
6.2414e-06
6.2288e-06
6.2162e-06
6.2036e-06
6.191e-06
6.1784e-06
6.1659e-06
6.1534e-06
6.1408e-06
6.1284e-06
6.1159e-06
6.1034e-06
6.091e-06
6.0786e-06
6.0662e-06
6.0538e-06
6.0414e-06
6.029e-06
6.0167e-06
6.0044e-06
5.9921e-06
5.9798e-06
5.9675e-06
5.9553e-06
5.9431e-06
5.9309e-06
5.9187e-06
5.9065e-06
5.8943e-06
5.8822e-06
5.8701e-06
5.8579e-06
5.8459e-06
5.8338e-06
5.8217e-06
5.8097e-06
5.7977e-06
5.7857e-06
5.7737e-06
5.7617e-06
5.7498e-06
5.7378e-06
5.7259e-06
5.714e-06
5.7021e-06
5.6903e-06
5.6784e-06
5.6666e-06
5.6548e-06
5.643e-06
5.6312e-06
5.6194e-06
5.6077e-06
5.596e-06
5.5842e-06
5.5726e-06
5.5609e-06
5.5492e-06
5.5376e-06
5.526e-06
5.5143e-06
5.5028e-06
5.4912e-06
5.4796e-06
5.4681e-06
5.4566e-06
5.4451e-06
5.4336e-06
5.4221e-06
5.4107e-06
5.3992e-06
5.3878e-06
5.3764e-06
5.365e-06
5.3537e-06
5.3423e-06
5.331e-06
5.3197e-06
5.3084e-06
5.2971e-06
5.2858e-06
5.2746e-06
5.2634e-06
5.2522e-06
5.241e-06
5.2298e-06
5.2186e-06
5.2075e-06
5.1964e-06
5.1852e-06
5.1742e-06
5.1631e-06
5.152e-06
5.141e-06
5.13e-06
5.1189e-06
5.108e-06
5.097e-06
5.086e-06
5.0751e-06
5.0642e-06
5.0533e-06
5.0424e-06
5.0315e-06
5.0206e-06
5.0098e-06
4.999e-06
4.9882e-06
4.9774e-06
4.9666e-06
4.9559e-06
4.9451e-06
4.9344e-06
4.9237e-06
4.913e-06
4.9024e-06
4.8917e-06
4.8811e-06
4.8705e-06
4.8599e-06
4.8493e-06
4.8387e-06
4.8282e-06
4.8176e-06
4.8071e-06
4.7966e-06
4.7861e-06
4.7756e-06
4.7652e-06
4.7548e-06
4.7443e-06
4.7339e-06
4.7236e-06
4.7132e-06
4.7028e-06
4.6925e-06
4.6822e-06
4.6719e-06
4.6616e-06
4.6513e-06
4.6411e-06
4.6308e-06
4.6206e-06
4.6104e-06
4.6002e-06
4.5901e-06
4.5799e-06
4.5698e-06
4.5597e-06
4.5496e-06
4.5395e-06
4.5294e-06
4.5194e-06
4.5093e-06
4.4993e-06
4.4893e-06
4.4793e-06
4.4693e-06
4.4594e-06
4.4494e-06
4.4395e-06
4.4296e-06
4.4197e-06
4.4099e-06
4.4e-06
4.3902e-06
4.3803e-06
4.3705e-06
4.3607e-06
4.351e-06
4.3412e-06
4.3315e-06
4.3217e-06
4.312e-06
4.3023e-06
4.2927e-06
4.283e-06
4.2734e-06
4.2637e-06
4.2541e-06
4.2445e-06
4.2349e-06
4.2254e-06
4.2158e-06
4.2063e-06
4.1968e-06
4.1873e-06
4.1778e-06
4.1683e-06
4.1589e-06
4.1494e-06
4.14e-06
4.1306e-06
4.1212e-06
4.1119e-06
4.1025e-06
4.0932e-06
4.0838e-06
4.0745e-06
4.0652e-06
4.056e-06
4.0467e-06
4.0375e-06
4.0282e-06
4.019e-06
4.0098e-06
4.0007e-06
3.9915e-06
3.9823e-06
3.9732e-06
3.9641e-06
3.955e-06
3.9459e-06
3.9368e-06
3.9278e-06
3.9187e-06
3.9097e-06
3.9007e-06
3.8917e-06
3.8827e-06
3.8738e-06
3.8648e-06
3.8559e-06
3.847e-06
3.8381e-06
3.8292e-06
3.8204e-06
3.8115e-06
3.8027e-06
3.7939e-06
3.785e-06
3.7763e-06
3.7675e-06
3.7587e-06
3.75e-06
3.7413e-06
3.7326e-06
3.7239e-06
3.7152e-06
3.7065e-06
3.6979e-06
3.6892e-06
3.6806e-06
3.672e-06
3.6634e-06
3.6549e-06
3.6463e-06
3.6378e-06
3.6292e-06
3.6207e-06
3.6122e-06
3.6037e-06
3.5953e-06
3.5868e-06
3.5784e-06
3.57e-06
3.5616e-06
3.5532e-06
3.5448e-06
3.5364e-06
3.5281e-06
3.5198e-06
3.5115e-06
3.5032e-06
3.4949e-06
3.4866e-06
3.4784e-06
3.4701e-06
3.4619e-06
3.4537e-06
3.4455e-06
3.4373e-06
3.4291e-06
3.421e-06
3.4129e-06
3.4047e-06
3.3966e-06
3.3886e-06
3.3805e-06
3.3724e-06
3.3644e-06
3.3564e-06
3.3483e-06
3.3403e-06
3.3324e-06
3.3244e-06
3.3164e-06
3.3085e-06
3.3006e-06
3.2926e-06
3.2848e-06
3.2769e-06
3.269e-06
3.2612e-06
3.2533e-06
3.2455e-06
3.2377e-06
3.2299e-06
3.2221e-06
3.2143e-06
3.2066e-06
3.1989e-06
3.1911e-06
3.1834e-06
3.1757e-06
3.1681e-06
3.1604e-06
3.1527e-06
3.1451e-06
3.1375e-06
3.1299e-06
3.1223e-06
3.1147e-06
3.1072e-06
3.0996e-06
3.0921e-06
3.0846e-06
3.077e-06
3.0696e-06
3.0621e-06
3.0546e-06
3.0472e-06
3.0397e-06
3.0323e-06
3.0249e-06
3.0175e-06
3.0101e-06
3.0028e-06
2.9954e-06
2.9881e-06
2.9808e-06
2.9735e-06
2.9662e-06
2.9589e-06
2.9516e-06
2.9444e-06
2.9371e-06
2.9299e-06
2.9227e-06
2.9155e-06
2.9083e-06
2.9012e-06
2.894e-06
2.8869e-06
2.8798e-06
2.8726e-06
2.8655e-06
2.8585e-06
2.8514e-06
2.8443e-06
2.8373e-06
2.8303e-06
2.8232e-06
2.8162e-06
2.8093e-06
2.8023e-06
2.7953e-06
2.7884e-06
2.7814e-06
2.7745e-06
2.7676e-06
2.7607e-06
2.7538e-06
2.747e-06
2.7401e-06
2.7333e-06
2.7265e-06
2.7197e-06
2.7129e-06
2.7061e-06
2.6993e-06
2.6926e-06
2.6858e-06
2.6791e-06
2.6724e-06
2.6657e-06
2.659e-06
2.6523e-06
2.6456e-06
2.639e-06
2.6323e-06
2.6257e-06
2.6191e-06
2.6125e-06
2.6059e-06
2.5994e-06
2.5928e-06
2.5863e-06
2.5797e-06
2.5732e-06
2.5667e-06
2.5602e-06
2.5537e-06
2.5473e-06
2.5408e-06
2.5344e-06
2.528e-06
2.5215e-06
2.5151e-06
2.5088e-06
2.5024e-06
2.496e-06
2.4897e-06
2.4833e-06
2.477e-06
2.4707e-06
2.4644e-06
2.4581e-06
2.4519e-06
2.4456e-06
2.4394e-06
2.4331e-06
2.4269e-06
2.4207e-06
2.4145e-06
2.4083e-06
2.4022e-06
2.396e-06
2.3899e-06
2.3837e-06
2.3776e-06
2.3715e-06
2.3654e-06
2.3593e-06
2.3533e-06
2.3472e-06
2.3412e-06
2.3351e-06
2.3291e-06
2.3231e-06
2.3171e-06
2.3111e-06
2.3052e-06
2.2992e-06
2.2933e-06
2.2873e-06
2.2814e-06
2.2755e-06
2.2696e-06
2.2637e-06
2.2579e-06
2.252e-06
2.2462e-06
2.2403e-06
2.2345e-06
2.2287e-06
2.2229e-06
2.2171e-06
2.2114e-06
2.2056e-06
2.1999e-06
2.1941e-06
2.1884e-06
2.1827e-06
2.177e-06
2.1713e-06
2.1656e-06
2.16e-06
2.1543e-06
2.1487e-06
2.1431e-06
2.1374e-06
2.1318e-06
2.1263e-06
2.1207e-06
2.1151e-06
2.1096e-06
2.104e-06
2.0985e-06
2.093e-06
2.0875e-06
2.082e-06
2.0765e-06
2.071e-06
2.0655e-06
2.0601e-06
2.0547e-06
2.0492e-06
2.0438e-06
2.0384e-06
2.033e-06
2.0276e-06
2.0223e-06
2.0169e-06
2.0116e-06
2.0062e-06
2.0009e-06
1.9956e-06
1.9903e-06
1.985e-06
1.9798e-06
1.9745e-06
1.9692e-06
1.964e-06
1.9588e-06
1.9536e-06
1.9484e-06
1.9432e-06
1.938e-06
1.9328e-06
1.9276e-06
1.9225e-06
1.9174e-06
1.9122e-06
1.9071e-06
1.902e-06
1.8969e-06
1.8918e-06
1.8868e-06
1.8817e-06
1.8766e-06
1.8716e-06
1.8666e-06
1.8616e-06
1.8566e-06
1.8516e-06
1.8466e-06
1.8416e-06
1.8367e-06
1.8317e-06
1.8268e-06
1.8218e-06
1.8169e-06
1.812e-06
1.8071e-06
1.8022e-06
1.7974e-06
1.7925e-06
1.7877e-06
1.7828e-06
1.778e-06
1.7732e-06
1.7684e-06
1.7636e-06
1.7588e-06
1.754e-06
1.7492e-06
1.7445e-06
1.7397e-06
1.735e-06
1.7303e-06
1.7256e-06
1.7209e-06
1.7162e-06
1.7115e-06
1.7068e-06
1.7022e-06
1.6975e-06
1.6929e-06
1.6883e-06
1.6836e-06
1.679e-06
1.6744e-06
1.6698e-06
1.6653e-06
1.6607e-06
1.6561e-06
1.6516e-06
1.6471e-06
1.6425e-06
1.638e-06
1.6335e-06
1.629e-06
1.6246e-06
1.6201e-06
1.6156e-06
1.6112e-06
1.6067e-06
1.6023e-06
1.5979e-06
1.5935e-06
1.5891e-06
1.5847e-06
1.5803e-06
1.5759e-06
1.5716e-06
1.5672e-06
1.5629e-06
1.5585e-06
1.5542e-06
1.5499e-06
1.5456e-06
1.5413e-06
1.537e-06
1.5328e-06
1.5285e-06
1.5242e-06
1.52e-06
1.5158e-06
1.5115e-06
1.5073e-06
1.5031e-06
1.4989e-06
1.4948e-06
1.4906e-06
1.4864e-06
1.4823e-06
1.4781e-06
1.474e-06
1.4699e-06
1.4657e-06
1.4616e-06
1.4575e-06
1.4535e-06
1.4494e-06
1.4453e-06
1.4413e-06
1.4372e-06
1.4332e-06
1.4291e-06
1.4251e-06
1.4211e-06
1.4171e-06
1.4131e-06
1.4091e-06
1.4052e-06
1.4012e-06
1.3973e-06
1.3933e-06
1.3894e-06
1.3854e-06
1.3815e-06
1.3776e-06
1.3737e-06
1.3698e-06
1.366e-06
1.3621e-06
1.3582e-06
1.3544e-06
1.3505e-06
1.3467e-06
1.3429e-06
1.3391e-06
1.3353e-06
1.3315e-06
1.3277e-06
1.3239e-06
1.3201e-06
1.3164e-06
1.3126e-06
1.3089e-06
1.3051e-06
1.3014e-06
1.2977e-06
1.294e-06
1.2903e-06
1.2866e-06
1.2829e-06
1.2792e-06
1.2756e-06
1.2719e-06
1.2683e-06
1.2646e-06
1.261e-06
1.2574e-06
1.2538e-06
1.2502e-06
1.2466e-06
1.243e-06
1.2394e-06
1.2359e-06
1.2323e-06
1.2288e-06
1.2252e-06
1.2217e-06
1.2182e-06
1.2147e-06
1.2111e-06
1.2077e-06
1.2042e-06
1.2007e-06
1.1972e-06
1.1937e-06
1.1903e-06
1.1868e-06
1.1834e-06
1.18e-06
1.1766e-06
1.1731e-06
1.1697e-06
1.1663e-06
1.163e-06
1.1596e-06
1.1562e-06
1.1528e-06
1.1495e-06
1.1461e-06
1.1428e-06
1.1395e-06
1.1362e-06
1.1328e-06
1.1295e-06
1.1262e-06
1.123e-06
1.1197e-06
1.1164e-06
1.1131e-06
1.1099e-06
1.1066e-06
1.1034e-06
1.1002e-06
1.0969e-06
1.0937e-06
1.0905e-06
1.0873e-06
1.0841e-06
1.0809e-06
1.0778e-06
1.0746e-06
1.0714e-06
1.0683e-06
1.0651e-06
1.062e-06
1.0589e-06
1.0557e-06
1.0526e-06
1.0495e-06
1.0464e-06
1.0433e-06
1.0403e-06
1.0372e-06
1.0341e-06
1.0311e-06
1.028e-06
1.025e-06
1.0219e-06
1.0189e-06
1.0159e-06
1.0129e-06
1.0099e-06
1.0069e-06
1.0039e-06
1.0009e-06
9.9793e-07
9.9496e-07
9.92e-07
9.8905e-07
9.861e-07
9.8317e-07
9.8024e-07
9.7731e-07
9.744e-07
9.7149e-07
9.6859e-07
9.657e-07
9.6282e-07
9.5994e-07
9.5707e-07
9.5421e-07
9.5135e-07
9.485e-07
9.4566e-07
9.4283e-07
9.4e-07
9.3718e-07
9.3437e-07
9.3157e-07
9.2877e-07
9.2598e-07
9.232e-07
9.2042e-07
9.1765e-07
9.1489e-07
9.1213e-07
9.0939e-07
9.0665e-07
9.0391e-07
9.0119e-07
8.9847e-07
8.9576e-07
8.9305e-07
8.9035e-07
8.8766e-07
8.8498e-07
8.823e-07
8.7963e-07
8.7697e-07
8.7431e-07
8.7166e-07
8.6902e-07
8.6639e-07
8.6376e-07
8.6114e-07
8.5852e-07
8.5591e-07
8.5331e-07
8.5072e-07
8.4813e-07
8.4555e-07
8.4297e-07
8.4041e-07
8.3785e-07
8.3529e-07
8.3275e-07
8.3021e-07
8.2767e-07
8.2514e-07
8.2262e-07
8.2011e-07
8.176e-07
8.151e-07
8.1261e-07
8.1012e-07
8.0764e-07
8.0516e-07
8.027e-07
8.0024e-07
7.9778e-07
7.9533e-07
7.9289e-07
7.9046e-07
7.8803e-07
7.856e-07
7.8319e-07
7.8078e-07
7.7838e-07
7.7598e-07
7.7359e-07
7.712e-07
7.6883e-07
7.6645e-07
7.6409e-07
7.6173e-07
7.5938e-07
7.5703e-07
7.5469e-07
7.5236e-07
7.5003e-07
7.4771e-07
7.454e-07
7.4309e-07
7.4078e-07
7.3849e-07
7.362e-07
7.3391e-07
7.3164e-07
7.2936e-07
7.271e-07
7.2484e-07
7.2258e-07
7.2034e-07
7.181e-07
7.1586e-07
7.1363e-07
7.1141e-07
7.0919e-07
7.0698e-07
7.0477e-07
7.0257e-07
7.0038e-07
6.9819e-07
6.9601e-07
6.9384e-07
6.9167e-07
6.895e-07
6.8735e-07
6.8519e-07
6.8305e-07
6.8091e-07
6.7877e-07
6.7664e-07
6.7452e-07
6.724e-07
6.7029e-07
6.6819e-07
6.6609e-07
6.6399e-07
6.619e-07
6.5982e-07
6.5774e-07
6.5567e-07
6.5361e-07
6.5155e-07
6.4949e-07
6.4744e-07
6.454e-07
6.4336e-07
6.4133e-07
6.3931e-07
6.3728e-07
6.3527e-07
6.3326e-07
6.3126e-07
6.2926e-07
6.2726e-07
6.2528e-07
6.2329e-07
6.2132e-07
6.1935e-07
6.1738e-07
6.1542e-07
6.1347e-07
6.1152e-07
6.0957e-07
6.0763e-07
6.057e-07
6.0377e-07
6.0185e-07
5.9993e-07
5.9802e-07
5.9612e-07
5.9421e-07
5.9232e-07
5.9043e-07
5.8854e-07
5.8666e-07
5.8479e-07
5.8292e-07
5.8105e-07
5.7919e-07
5.7734e-07
5.7549e-07
5.7365e-07
5.7181e-07
5.6998e-07
5.6815e-07
5.6633e-07
5.6451e-07
5.627e-07
5.6089e-07
5.5908e-07
5.5729e-07
5.5549e-07
5.5371e-07
5.5192e-07
5.5015e-07
5.4838e-07
5.4661e-07
5.4485e-07
5.4309e-07
5.4134e-07
5.3959e-07
5.3785e-07
5.3611e-07
5.3438e-07
5.3265e-07
5.3092e-07
5.2921e-07
5.2749e-07
5.2579e-07
5.2408e-07
5.2238e-07
5.2069e-07
5.19e-07
5.1732e-07
5.1564e-07
5.1396e-07
5.1229e-07
5.1063e-07
5.0897e-07
5.0731e-07
5.0566e-07
5.0402e-07
5.0237e-07
5.0074e-07
4.9911e-07
4.9748e-07
4.9586e-07
4.9424e-07
4.9262e-07
4.9102e-07
4.8941e-07
4.8781e-07
4.8622e-07
4.8463e-07
4.8304e-07
4.8146e-07
4.7988e-07
4.7831e-07
4.7674e-07
4.7518e-07
4.7362e-07
4.7207e-07
4.7052e-07
4.6897e-07
4.6743e-07
4.659e-07
4.6437e-07
4.6284e-07
4.6132e-07
4.598e-07
4.5828e-07
4.5677e-07
4.5527e-07
4.5377e-07
4.5227e-07
4.5078e-07
4.4929e-07
4.4781e-07
4.4633e-07
4.4485e-07
4.4338e-07
4.4192e-07
4.4045e-07
4.39e-07
4.3754e-07
4.3609e-07
4.3465e-07
4.3321e-07
4.3177e-07
4.3034e-07
4.2891e-07
4.2749e-07
4.2607e-07
4.2465e-07
4.2324e-07
4.2183e-07
4.2043e-07
4.1903e-07
4.1764e-07
4.1625e-07
4.1486e-07
4.1348e-07
4.121e-07
4.1072e-07
4.0935e-07
4.0799e-07
4.0662e-07
4.0526e-07
4.0391e-07
4.0256e-07
4.0121e-07
3.9987e-07
3.9853e-07
3.972e-07
3.9587e-07
3.9454e-07
3.9322e-07
3.919e-07
3.9059e-07
3.8927e-07
3.8797e-07
3.8666e-07
3.8537e-07
3.8407e-07
3.8278e-07
3.8149e-07
3.8021e-07
3.7893e-07
3.7765e-07
3.7638e-07
3.7511e-07
3.7385e-07
3.7258e-07
3.7133e-07
3.7007e-07
3.6882e-07
3.6758e-07
3.6634e-07
3.651e-07
3.6386e-07
3.6263e-07
3.614e-07
3.6018e-07
3.5896e-07
3.5774e-07
3.5653e-07
3.5532e-07
3.5412e-07
3.5292e-07
3.5172e-07
3.5052e-07
3.4933e-07
3.4814e-07
3.4696e-07
3.4578e-07
3.446e-07
3.4343e-07
3.4226e-07
3.411e-07
3.3993e-07
3.3877e-07
3.3762e-07
3.3647e-07
3.3532e-07
3.3417e-07
3.3303e-07
3.3189e-07
3.3076e-07
3.2963e-07
3.285e-07
3.2738e-07
3.2626e-07
3.2514e-07
3.2403e-07
3.2291e-07
3.2181e-07
3.207e-07
3.196e-07
3.1851e-07
3.1741e-07
3.1632e-07
3.1524e-07
3.1415e-07
3.1307e-07
3.1199e-07
3.1092e-07
3.0985e-07
3.0878e-07
3.0772e-07
3.0666e-07
3.056e-07
3.0455e-07
3.035e-07
3.0245e-07
3.014e-07
3.0036e-07
2.9933e-07
2.9829e-07
2.9726e-07
2.9623e-07
2.9521e-07
2.9418e-07
2.9316e-07
2.9215e-07
2.9114e-07
2.9013e-07
2.8912e-07
2.8812e-07
2.8712e-07
2.8612e-07
2.8513e-07
2.8414e-07
2.8315e-07
2.8216e-07
2.8118e-07
2.802e-07
2.7923e-07
2.7825e-07
2.7729e-07
2.7632e-07
2.7536e-07
2.744e-07
2.7344e-07
2.7248e-07
2.7153e-07
2.7058e-07
2.6964e-07
2.687e-07
2.6776e-07
2.6682e-07
2.6589e-07
2.6495e-07
2.6403e-07
2.631e-07
2.6218e-07
2.6126e-07
2.6034e-07
2.5943e-07
2.5852e-07
2.5761e-07
2.5671e-07
2.5581e-07
2.5491e-07
2.5401e-07
2.5312e-07
2.5223e-07
2.5134e-07
2.5045e-07
2.4957e-07
2.4869e-07
2.4781e-07
2.4694e-07
2.4607e-07
2.452e-07
2.4433e-07
2.4347e-07
2.4261e-07
2.4175e-07
2.409e-07
2.4005e-07
2.392e-07
2.3835e-07
2.3751e-07
2.3667e-07
2.3583e-07
2.3499e-07
2.3416e-07
2.3333e-07
2.325e-07
2.3167e-07
2.3085e-07
2.3003e-07
2.2921e-07
2.284e-07
2.2759e-07
2.2678e-07
2.2597e-07
2.2517e-07
2.2436e-07
2.2356e-07
2.2277e-07
2.2197e-07
2.2118e-07
2.2039e-07
2.1961e-07
2.1882e-07
2.1804e-07
2.1726e-07
2.1648e-07
2.1571e-07
2.1494e-07
2.1417e-07
2.134e-07
2.1264e-07
2.1188e-07
2.1112e-07
2.1036e-07
2.0961e-07
2.0886e-07
2.0811e-07
2.0736e-07
2.0661e-07
2.0587e-07
2.0513e-07
2.0439e-07
2.0366e-07
2.0293e-07
2.022e-07
2.0147e-07
2.0074e-07
2.0002e-07
1.993e-07
1.9858e-07
1.9786e-07
1.9715e-07
1.9644e-07
1.9573e-07
1.9502e-07
1.9432e-07
1.9362e-07
1.9292e-07
1.9222e-07
1.9152e-07
1.9083e-07
1.9014e-07
1.8945e-07
1.8876e-07
1.8808e-07
1.874e-07
1.8672e-07
1.8604e-07
1.8537e-07
1.8469e-07
1.8402e-07
1.8335e-07
1.8269e-07
1.8202e-07
1.8136e-07
1.807e-07
1.8004e-07
1.7939e-07
1.7873e-07
1.7808e-07
1.7743e-07
1.7679e-07
1.7614e-07
1.755e-07
1.7486e-07
1.7422e-07
1.7358e-07
1.7295e-07
1.7232e-07
1.7169e-07
1.7106e-07
1.7043e-07
1.6981e-07
1.6919e-07
1.6857e-07
1.6795e-07
1.6734e-07
1.6672e-07
1.6611e-07
1.655e-07
1.6489e-07
1.6429e-07
1.6369e-07
1.6308e-07
1.6248e-07
1.6189e-07
1.6129e-07
1.607e-07
1.6011e-07
1.5952e-07
1.5893e-07
1.5834e-07
1.5776e-07
1.5718e-07
1.566e-07
1.5602e-07
1.5545e-07
1.5487e-07
1.543e-07
1.5373e-07
1.5316e-07
1.526e-07
1.5203e-07
1.5147e-07
1.5091e-07
1.5035e-07
1.4979e-07
1.4924e-07
1.4869e-07
1.4813e-07
1.4759e-07
1.4704e-07
1.4649e-07
1.4595e-07
1.4541e-07
1.4487e-07
1.4433e-07
1.4379e-07
1.4326e-07
1.4272e-07
1.4219e-07
1.4166e-07
1.4114e-07
1.4061e-07
1.4009e-07
1.3957e-07
1.3905e-07
1.3853e-07
1.3801e-07
1.375e-07
1.3698e-07
1.3647e-07
1.3596e-07
1.3545e-07
1.3495e-07
1.3444e-07
1.3394e-07
1.3344e-07
1.3294e-07
1.3244e-07
1.3194e-07
1.3145e-07
1.3096e-07
1.3047e-07
1.2998e-07
1.2949e-07
1.29e-07
1.2852e-07
1.2804e-07
1.2756e-07
1.2708e-07
1.266e-07
1.2612e-07
1.2565e-07
1.2518e-07
1.2471e-07
1.2424e-07
1.2377e-07
1.233e-07
1.2284e-07
1.2237e-07
1.2191e-07
1.2145e-07
1.2099e-07
1.2054e-07
1.2008e-07
1.1963e-07
1.1918e-07
1.1873e-07
1.1828e-07
1.1783e-07
1.1739e-07
1.1694e-07
1.165e-07
1.1606e-07
1.1562e-07
1.1518e-07
1.1474e-07
1.1431e-07
1.1387e-07
1.1344e-07
1.1301e-07
1.1258e-07
1.1216e-07
1.1173e-07
1.1131e-07
1.1088e-07
1.1046e-07
1.1004e-07
1.0962e-07
1.0921e-07
1.0879e-07
1.0838e-07
1.0796e-07
1.0755e-07
1.0714e-07
1.0673e-07
1.0633e-07
1.0592e-07
1.0552e-07
1.0511e-07
1.0471e-07
1.0431e-07
1.0391e-07
1.0352e-07
1.0312e-07
1.0273e-07
1.0234e-07
1.0194e-07
1.0155e-07
1.0117e-07
1.0078e-07
1.0039e-07
1.0001e-07
9.9624e-08
9.9242e-08
9.8862e-08
9.8483e-08
9.8105e-08
9.7729e-08
9.7353e-08
9.698e-08
9.6607e-08
9.6236e-08
9.5866e-08
9.5498e-08
9.5131e-08
9.4765e-08
9.4401e-08
9.4037e-08
9.3675e-08
9.3315e-08
9.2956e-08
9.2597e-08
9.2241e-08
9.1885e-08
9.1531e-08
9.1178e-08
9.0827e-08
9.0476e-08
9.0127e-08
8.9779e-08
8.9433e-08
8.9087e-08
8.8743e-08
8.84e-08
8.8059e-08
8.7718e-08
8.7379e-08
8.7041e-08
8.6705e-08
8.6369e-08
8.6035e-08
8.5702e-08
8.537e-08
8.504e-08
8.471e-08
8.4382e-08
8.4055e-08
8.3729e-08
8.3404e-08
8.3081e-08
8.2759e-08
8.2438e-08
8.2118e-08
8.1799e-08
8.1482e-08
8.1165e-08
8.085e-08
8.0536e-08
8.0223e-08
7.9911e-08
7.9601e-08
7.9291e-08
7.8983e-08
7.8676e-08
7.837e-08
7.8065e-08
7.7761e-08
7.7458e-08
7.7157e-08
7.6856e-08
7.6557e-08
7.6259e-08
7.5962e-08
7.5666e-08
7.5371e-08
7.5077e-08
7.4784e-08
7.4493e-08
7.4202e-08
7.3913e-08
7.3625e-08
7.3337e-08
7.3051e-08
7.2766e-08
7.2482e-08
7.2199e-08
7.1917e-08
7.1636e-08
7.1357e-08
7.1078e-08
7.08e-08
7.0524e-08
7.0248e-08
6.9974e-08
6.97e-08
6.9428e-08
6.9156e-08
6.8886e-08
6.8617e-08
6.8348e-08
6.8081e-08
6.7815e-08
6.755e-08
6.7285e-08
6.7022e-08
6.676e-08
6.6499e-08
6.6239e-08
6.5979e-08
6.5721e-08
6.5464e-08
6.5208e-08
6.4953e-08
6.4699e-08
6.4445e-08
6.4193e-08
6.3942e-08
6.3692e-08
6.3442e-08
6.3194e-08
6.2947e-08
6.27e-08
6.2455e-08
6.221e-08
6.1967e-08
6.1724e-08
6.1483e-08
6.1242e-08
6.1003e-08
6.0764e-08
6.0526e-08
6.0289e-08
6.0053e-08
5.9818e-08
5.9584e-08
5.9351e-08
5.9119e-08
5.8888e-08
5.8658e-08
5.8428e-08
5.82e-08
5.7972e-08
5.7746e-08
5.752e-08
5.7295e-08
5.7071e-08
5.6848e-08
5.6626e-08
5.6405e-08
5.6185e-08
5.5966e-08
5.5747e-08
5.553e-08
5.5313e-08
5.5097e-08
5.4882e-08
5.4668e-08
5.4455e-08
5.4243e-08
5.4032e-08
5.3821e-08
5.3612e-08
5.3403e-08
5.3195e-08
5.2988e-08
5.2782e-08
5.2577e-08
5.2373e-08
5.2169e-08
5.1967e-08
5.1765e-08
5.1564e-08
5.1364e-08
5.1165e-08
5.0966e-08
5.0769e-08
5.0572e-08
5.0377e-08
5.0182e-08
4.9988e-08
4.9794e-08
4.9602e-08
4.941e-08
4.922e-08
4.903e-08
4.8841e-08
4.8653e-08
4.8465e-08
4.8279e-08
4.8093e-08
4.7908e-08
4.7724e-08
4.7541e-08
4.7359e-08
4.7177e-08
4.6996e-08
4.6816e-08
4.6637e-08
4.6459e-08
4.6282e-08
4.6105e-08
4.5929e-08
4.5754e-08
4.558e-08
4.5407e-08
4.5234e-08
4.5062e-08
4.4891e-08
4.4721e-08
4.4552e-08
4.4383e-08
4.4216e-08
4.4049e-08
4.3882e-08
4.3717e-08
4.3553e-08
4.3389e-08
4.3226e-08
4.3064e-08
4.2903e-08
4.2742e-08
4.2582e-08
4.2423e-08
4.2265e-08
4.2108e-08
4.1951e-08
4.1796e-08
4.1641e-08
4.1486e-08
4.1333e-08
4.118e-08
4.1029e-08
4.0878e-08
4.0727e-08
4.0578e-08
4.0429e-08
4.0281e-08
4.0134e-08
3.9988e-08
3.9842e-08
3.9698e-08
3.9554e-08
3.9411e-08
3.9268e-08
3.9127e-08
3.8986e-08
3.8846e-08
3.8707e-08
3.8568e-08
3.8431e-08
3.8294e-08
3.8158e-08
3.8022e-08
3.7888e-08
3.7754e-08
3.7621e-08
3.7489e-08
3.7358e-08
3.7227e-08
3.7097e-08
3.6968e-08
3.684e-08
3.6713e-08
3.6586e-08
3.646e-08
3.6335e-08
3.6211e-08
3.6087e-08
3.5965e-08
3.5843e-08
3.5721e-08
3.5601e-08
3.5482e-08
3.5363e-08
3.5245e-08
3.5128e-08
3.5011e-08
3.4896e-08
3.4781e-08
3.4667e-08
3.4554e-08
3.4442e-08
3.433e-08
3.4219e-08
3.4109e-08
3.4e-08
