9.4549e-08
9.4404e-08
9.4259e-08
9.4114e-08
9.3969e-08
9.3824e-08
9.368e-08
9.3536e-08
9.3392e-08
9.3248e-08
9.3104e-08
9.296e-08
9.2817e-08
9.2674e-08
9.2531e-08
9.2388e-08
9.2245e-08
9.2103e-08
9.1961e-08
9.1818e-08
9.1676e-08
9.1535e-08
9.1393e-08
9.1251e-08
9.111e-08
9.0969e-08
9.0828e-08
9.0687e-08
9.0547e-08
9.0406e-08
9.0266e-08
9.0126e-08
8.9986e-08
8.9846e-08
8.9707e-08
8.9567e-08
8.9428e-08
8.9289e-08
8.915e-08
8.9012e-08
8.8873e-08
8.8735e-08
8.8597e-08
8.8459e-08
8.8321e-08
8.8183e-08
8.8046e-08
8.7908e-08
8.7771e-08
8.7634e-08
8.7497e-08
8.7361e-08
8.7224e-08
8.7088e-08
8.6952e-08
8.6816e-08
8.668e-08
8.6544e-08
8.6409e-08
8.6273e-08
8.6138e-08
8.6003e-08
8.5869e-08
8.5734e-08
8.56e-08
8.5465e-08
8.5331e-08
8.5197e-08
8.5063e-08
8.493e-08
8.4796e-08
8.4663e-08
8.453e-08
8.4397e-08
8.4264e-08
8.4132e-08
8.3999e-08
8.3867e-08
8.3735e-08
8.3603e-08
8.3471e-08
8.3339e-08
8.3208e-08
8.3077e-08
8.2945e-08
8.2814e-08
8.2684e-08
8.2553e-08
8.2423e-08
8.2292e-08
8.2162e-08
8.2032e-08
8.1902e-08
8.1773e-08
8.1643e-08
8.1514e-08
8.1385e-08
8.1256e-08
8.1127e-08
8.0998e-08
8.087e-08
8.0741e-08
8.0613e-08
8.0485e-08
8.0357e-08
8.023e-08
8.0102e-08
7.9975e-08
7.9847e-08
7.972e-08
7.9593e-08
7.9467e-08
7.934e-08
7.9214e-08
7.9088e-08
7.8961e-08
7.8836e-08
7.871e-08
7.8584e-08
7.8459e-08
7.8333e-08
7.8208e-08
7.8083e-08
7.7959e-08
7.7834e-08
7.7709e-08
7.7585e-08
7.7461e-08
7.7337e-08
7.7213e-08
7.7089e-08
7.6966e-08
7.6843e-08
7.6719e-08
7.6596e-08
7.6473e-08
7.6351e-08
7.6228e-08
7.6106e-08
7.5983e-08
7.5861e-08
7.5739e-08
7.5618e-08
7.5496e-08
7.5375e-08
7.5253e-08
7.5132e-08
7.5011e-08
7.489e-08
7.4769e-08
7.4649e-08
7.4529e-08
7.4408e-08
7.4288e-08
7.4168e-08
7.4049e-08
7.3929e-08
7.381e-08
7.369e-08
7.3571e-08
7.3452e-08
7.3333e-08
7.3215e-08
7.3096e-08
7.2978e-08
7.286e-08
7.2741e-08
7.2624e-08
7.2506e-08
7.2388e-08
7.2271e-08
7.2153e-08
7.2036e-08
7.1919e-08
7.1803e-08
7.1686e-08
7.1569e-08
7.1453e-08
7.1337e-08
7.1221e-08
7.1105e-08
7.0989e-08
7.0873e-08
7.0758e-08
7.0643e-08
7.0527e-08
7.0412e-08
7.0298e-08
7.0183e-08
7.0068e-08
6.9954e-08
6.984e-08
6.9726e-08
6.9612e-08
6.9498e-08
6.9384e-08
6.9271e-08
6.9157e-08
6.9044e-08
6.8931e-08
6.8818e-08
6.8705e-08
6.8593e-08
6.848e-08
6.8368e-08
6.8256e-08
6.8144e-08
6.8032e-08
6.792e-08
6.7809e-08
6.7697e-08
6.7586e-08
6.7475e-08
6.7364e-08
6.7253e-08
6.7143e-08
6.7032e-08
6.6922e-08
6.6811e-08
6.6701e-08
6.6591e-08
6.6482e-08
6.6372e-08
6.6262e-08
6.6153e-08
6.6044e-08
6.5935e-08
6.5826e-08
6.5717e-08
6.5609e-08
6.55e-08
6.5392e-08
6.5284e-08
6.5176e-08
6.5068e-08
6.496e-08
6.4852e-08
6.4745e-08
6.4637e-08
6.453e-08
6.4423e-08
6.4316e-08
6.421e-08
6.4103e-08
6.3997e-08
6.389e-08
6.3784e-08
6.3678e-08
6.3572e-08
6.3467e-08
6.3361e-08
6.3255e-08
6.315e-08
6.3045e-08
6.294e-08
6.2835e-08
6.273e-08
6.2626e-08
6.2521e-08
6.2417e-08
6.2313e-08
6.2209e-08
6.2105e-08
6.2001e-08
6.1898e-08
6.1794e-08
6.1691e-08
6.1588e-08
6.1485e-08
6.1382e-08
6.1279e-08
6.1176e-08
6.1074e-08
6.0972e-08
6.0869e-08
6.0767e-08
6.0665e-08
6.0564e-08
6.0462e-08
6.0361e-08
6.0259e-08
6.0158e-08
6.0057e-08
5.9956e-08
5.9855e-08
5.9755e-08
5.9654e-08
5.9554e-08
5.9453e-08
5.9353e-08
5.9253e-08
5.9153e-08
5.9054e-08
5.8954e-08
5.8855e-08
5.8756e-08
5.8656e-08
5.8557e-08
5.8459e-08
5.836e-08
5.8261e-08
5.8163e-08
5.8064e-08
5.7966e-08
5.7868e-08
5.777e-08
5.7673e-08
5.7575e-08
5.7477e-08
5.738e-08
5.7283e-08
5.7186e-08
5.7089e-08
5.6992e-08
5.6895e-08
5.6799e-08
5.6702e-08
5.6606e-08
5.651e-08
5.6414e-08
5.6318e-08
5.6222e-08
5.6127e-08
5.6031e-08
5.5936e-08
5.5841e-08
5.5746e-08
5.5651e-08
5.5556e-08
5.5461e-08
5.5367e-08
5.5272e-08
5.5178e-08
5.5084e-08
5.499e-08
5.4896e-08
5.4802e-08
5.4709e-08
5.4615e-08
5.4522e-08
5.4429e-08
5.4335e-08
5.4243e-08
5.415e-08
5.4057e-08
5.3964e-08
5.3872e-08
5.378e-08
5.3688e-08
5.3596e-08
5.3504e-08
5.3412e-08
5.332e-08
5.3229e-08
5.3137e-08
5.3046e-08
5.2955e-08
5.2864e-08
5.2773e-08
5.2683e-08
5.2592e-08
5.2501e-08
5.2411e-08
5.2321e-08
5.2231e-08
5.2141e-08
5.2051e-08
5.1961e-08
5.1872e-08
5.1782e-08
5.1693e-08
5.1604e-08
5.1515e-08
5.1426e-08
5.1337e-08
5.1249e-08
5.116e-08
5.1072e-08
5.0983e-08
5.0895e-08
5.0807e-08
5.0719e-08
5.0632e-08
5.0544e-08
5.0456e-08
5.0369e-08
5.0282e-08
5.0195e-08
5.0108e-08
5.0021e-08
4.9934e-08
4.9848e-08
4.9761e-08
4.9675e-08
4.9588e-08
4.9502e-08
4.9416e-08
4.933e-08
4.9245e-08
4.9159e-08
4.9074e-08
4.8988e-08
4.8903e-08
4.8818e-08
4.8733e-08
4.8648e-08
4.8563e-08
4.8479e-08
4.8394e-08
4.831e-08
4.8226e-08
4.8142e-08
4.8058e-08
4.7974e-08
4.789e-08
4.7806e-08
4.7723e-08
4.764e-08
4.7556e-08
4.7473e-08
4.739e-08
4.7307e-08
4.7225e-08
4.7142e-08
4.7059e-08
4.6977e-08
4.6895e-08
4.6813e-08
4.6731e-08
4.6649e-08
4.6567e-08
4.6485e-08
4.6404e-08
4.6322e-08
4.6241e-08
4.616e-08
4.6079e-08
4.5998e-08
4.5917e-08
4.5837e-08
4.5756e-08
4.5676e-08
4.5595e-08
4.5515e-08
4.5435e-08
4.5355e-08
4.5275e-08
4.5196e-08
4.5116e-08
4.5036e-08
4.4957e-08
4.4878e-08
4.4799e-08
4.472e-08
4.4641e-08
4.4562e-08
4.4484e-08
4.4405e-08
4.4327e-08
4.4248e-08
4.417e-08
4.4092e-08
4.4014e-08
4.3937e-08
4.3859e-08
4.3781e-08
4.3704e-08
4.3627e-08
4.3549e-08
4.3472e-08
4.3395e-08
4.3318e-08
4.3242e-08
4.3165e-08
4.3089e-08
4.3012e-08
4.2936e-08
4.286e-08
4.2784e-08
4.2708e-08
4.2632e-08
4.2557e-08
4.2481e-08
4.2406e-08
4.233e-08
4.2255e-08
4.218e-08
4.2105e-08
4.203e-08
4.1955e-08
4.1881e-08
4.1806e-08
4.1732e-08
4.1658e-08
4.1584e-08
4.1509e-08
4.1436e-08
4.1362e-08
4.1288e-08
4.1214e-08
4.1141e-08
4.1068e-08
4.0994e-08
4.0921e-08
4.0848e-08
4.0775e-08
4.0703e-08
4.063e-08
4.0558e-08
4.0485e-08
4.0413e-08
4.0341e-08
4.0269e-08
4.0197e-08
4.0125e-08
4.0053e-08
3.9981e-08
3.991e-08
3.9838e-08
3.9767e-08
3.9696e-08
3.9625e-08
3.9554e-08
3.9483e-08
3.9412e-08
3.9342e-08
3.9271e-08
3.9201e-08
3.9131e-08
3.9061e-08
3.8991e-08
3.8921e-08
3.8851e-08
3.8781e-08
3.8711e-08
3.8642e-08
3.8573e-08
3.8503e-08
3.8434e-08
3.8365e-08
3.8296e-08
3.8228e-08
3.8159e-08
3.809e-08
3.8022e-08
3.7953e-08
3.7885e-08
3.7817e-08
3.7749e-08
3.7681e-08
3.7613e-08
3.7546e-08
3.7478e-08
3.7411e-08
3.7343e-08
3.7276e-08
3.7209e-08
3.7142e-08
3.7075e-08
3.7008e-08
3.6941e-08
3.6875e-08
3.6808e-08
3.6742e-08
3.6676e-08
3.661e-08
3.6543e-08
3.6478e-08
3.6412e-08
3.6346e-08
3.628e-08
3.6215e-08
3.615e-08
3.6084e-08
3.6019e-08
3.5954e-08
3.5889e-08
3.5824e-08
3.576e-08
3.5695e-08
3.563e-08
3.5566e-08
3.5502e-08
3.5438e-08
3.5373e-08
3.531e-08
3.5246e-08
3.5182e-08
3.5118e-08
3.5055e-08
3.4991e-08
3.4928e-08
3.4865e-08
3.4802e-08
3.4739e-08
3.4676e-08
3.4613e-08
3.455e-08
3.4488e-08
3.4425e-08
3.4363e-08
3.4301e-08
3.4239e-08
3.4177e-08
3.4115e-08
3.4053e-08
3.3991e-08
3.3929e-08
3.3868e-08
3.3807e-08
3.3745e-08
3.3684e-08
3.3623e-08
3.3562e-08
3.3501e-08
3.344e-08
3.338e-08
3.3319e-08
3.3259e-08
3.3198e-08
3.3138e-08
3.3078e-08
3.3018e-08
3.2958e-08
3.2898e-08
3.2839e-08
3.2779e-08
3.272e-08
3.266e-08
3.2601e-08
3.2542e-08
3.2483e-08
3.2424e-08
3.2365e-08
3.2306e-08
3.2248e-08
3.2189e-08
3.2131e-08
3.2072e-08
3.2014e-08
3.1956e-08
3.1898e-08
3.184e-08
3.1782e-08
3.1724e-08
3.1667e-08
3.1609e-08
3.1552e-08
3.1495e-08
3.1437e-08
3.138e-08
3.1323e-08
3.1266e-08
3.121e-08
3.1153e-08
3.1096e-08
3.104e-08
3.0984e-08
3.0927e-08
3.0871e-08
3.0815e-08
3.0759e-08
3.0703e-08
3.0648e-08
3.0592e-08
3.0537e-08
3.0481e-08
3.0426e-08
3.0371e-08
3.0315e-08
3.026e-08
3.0205e-08
3.0151e-08
3.0096e-08
3.0041e-08
2.9987e-08
2.9932e-08
2.9878e-08
2.9824e-08
2.977e-08
2.9716e-08
2.9662e-08
2.9608e-08
2.9555e-08
2.9501e-08
2.9447e-08
2.9394e-08
2.9341e-08
2.9288e-08
2.9235e-08
2.9182e-08
2.9129e-08
2.9076e-08
2.9023e-08
2.8971e-08
2.8918e-08
2.8866e-08
2.8814e-08
2.8761e-08
2.8709e-08
2.8657e-08
2.8606e-08
2.8554e-08
2.8502e-08
2.8451e-08
2.8399e-08
2.8348e-08
2.8297e-08
2.8245e-08
2.8194e-08
2.8143e-08
2.8093e-08
2.8042e-08
2.7991e-08
2.7941e-08
2.789e-08
2.784e-08
2.779e-08
2.774e-08
2.7689e-08
2.764e-08
2.759e-08
2.754e-08
2.749e-08
2.7441e-08
2.7391e-08
2.7342e-08
2.7293e-08
2.7244e-08
2.7195e-08
2.7146e-08
2.7097e-08
2.7048e-08
2.6999e-08
2.6951e-08
2.6903e-08
2.6854e-08
2.6806e-08
2.6758e-08
2.671e-08
2.6662e-08
2.6614e-08
2.6566e-08
2.6519e-08
2.6471e-08
2.6424e-08
2.6376e-08
2.6329e-08
2.6282e-08
2.6235e-08
2.6188e-08
2.6141e-08
2.6094e-08
2.6048e-08
2.6001e-08
2.5955e-08
2.5909e-08
2.5862e-08
2.5816e-08
2.577e-08
2.5724e-08
2.5678e-08
2.5633e-08
2.5587e-08
2.5541e-08
2.5496e-08
2.5451e-08
2.5405e-08
2.536e-08
2.5315e-08
2.527e-08
2.5225e-08
2.5181e-08
2.5136e-08
2.5091e-08
2.5047e-08
2.5003e-08
2.4958e-08
2.4914e-08
2.487e-08
2.4826e-08
2.4782e-08
2.4739e-08
2.4695e-08
2.4651e-08
2.4608e-08
2.4565e-08
2.4521e-08
2.4478e-08
2.4435e-08
2.4392e-08
2.4349e-08
2.4307e-08
2.4264e-08
2.4221e-08
2.4179e-08
2.4137e-08
2.4094e-08
2.4052e-08
2.401e-08
2.3968e-08
2.3926e-08
2.3884e-08
2.3843e-08
2.3801e-08
2.376e-08
2.3718e-08
2.3677e-08
2.3636e-08
2.3595e-08
2.3554e-08
2.3513e-08
2.3472e-08
2.3432e-08
2.3391e-08
2.335e-08
2.331e-08
2.327e-08
2.323e-08
2.319e-08
2.315e-08
2.311e-08
2.307e-08
2.303e-08
2.2991e-08
2.2951e-08
2.2912e-08
2.2872e-08
2.2833e-08
2.2794e-08
2.2755e-08
2.2716e-08
2.2677e-08
2.2639e-08
2.26e-08
2.2562e-08
2.2523e-08
2.2485e-08
2.2447e-08
2.2409e-08
2.2371e-08
2.2333e-08
2.2295e-08
2.2257e-08
2.222e-08
2.2182e-08
2.2145e-08
2.2107e-08
2.207e-08
2.2033e-08
2.1996e-08
2.1959e-08
2.1922e-08
2.1886e-08
2.1849e-08
2.1813e-08
2.1776e-08
2.174e-08
2.1704e-08
2.1668e-08
2.1632e-08
2.1596e-08
2.156e-08
2.1524e-08
2.1489e-08
2.1453e-08
2.1418e-08
2.1382e-08
2.1347e-08
2.1312e-08
2.1277e-08
2.1242e-08
2.1207e-08
2.1173e-08
2.1138e-08
2.1104e-08
2.1069e-08
2.1035e-08
2.1001e-08
2.0967e-08
2.0933e-08
2.0899e-08
2.0865e-08
2.0831e-08
2.0798e-08
2.0764e-08
2.0731e-08
2.0697e-08
2.0664e-08
2.0631e-08
2.0598e-08
2.0565e-08
2.0533e-08
2.05e-08
2.0467e-08
2.0435e-08
2.0402e-08
2.037e-08
2.0338e-08
2.0306e-08
2.0274e-08
2.0242e-08
2.021e-08
2.0179e-08
2.0147e-08
2.0116e-08
2.0084e-08
2.0053e-08
2.0022e-08
1.9991e-08
1.996e-08
1.9929e-08
1.9898e-08
1.9868e-08
1.9837e-08
1.9807e-08
1.9776e-08
1.9746e-08
1.9716e-08
1.9686e-08
1.9656e-08
1.9626e-08
1.9596e-08
1.9567e-08
1.9537e-08
1.9508e-08
1.9479e-08
1.9449e-08
1.942e-08
1.9391e-08
1.9362e-08
1.9334e-08
1.9305e-08
1.9276e-08
1.9248e-08
1.9219e-08
1.9191e-08
1.9163e-08
1.9135e-08
1.9107e-08
1.9079e-08
1.9051e-08
1.9024e-08
1.8996e-08
1.8969e-08
1.8942e-08
1.8914e-08
1.8887e-08
1.886e-08
1.8833e-08
1.8806e-08
1.878e-08
1.8753e-08
1.8727e-08
1.87e-08
1.8674e-08
1.8648e-08
1.8622e-08
1.8596e-08
1.857e-08
1.8544e-08
1.8519e-08
1.8493e-08
1.8468e-08
1.8442e-08
1.8417e-08
1.8392e-08
1.8367e-08
1.8342e-08
1.8318e-08
1.8293e-08
1.8268e-08
1.8244e-08
1.8219e-08
1.8195e-08
1.8171e-08
1.8147e-08
1.8123e-08
1.8099e-08
1.8076e-08
1.8052e-08
1.8029e-08
1.8005e-08
1.7982e-08
1.7959e-08
1.7936e-08
1.7913e-08
1.789e-08
1.7867e-08
1.7845e-08
1.7822e-08
1.78e-08
1.7778e-08
1.7755e-08
1.7733e-08
1.7711e-08
1.769e-08
1.7668e-08
1.7646e-08
1.7625e-08
1.7603e-08
1.7582e-08
1.7561e-08
1.754e-08
1.7519e-08
1.7498e-08
1.7477e-08
1.7457e-08
1.7436e-08
1.7416e-08
1.7396e-08
1.7376e-08
1.7356e-08
1.7336e-08
1.7316e-08
1.7296e-08
1.7276e-08
1.7257e-08
1.7238e-08
1.7218e-08
1.7199e-08
1.718e-08
1.7161e-08
1.7143e-08
1.7124e-08
1.7105e-08
1.7087e-08
1.7069e-08
1.705e-08
1.7032e-08
1.7014e-08
1.6996e-08
1.6979e-08
1.6961e-08
1.6944e-08
1.6926e-08
1.6909e-08
1.6892e-08
1.6875e-08
1.6858e-08
1.6841e-08
1.6824e-08
1.6808e-08
1.6791e-08
1.6775e-08
1.6759e-08
1.6742e-08
1.6726e-08
1.6711e-08
1.6695e-08
1.6679e-08
1.6664e-08
1.6648e-08
1.6633e-08
1.6618e-08
1.6603e-08
1.6588e-08
1.6573e-08
1.6559e-08
1.6544e-08
1.653e-08
1.6515e-08
1.6501e-08
1.6487e-08
1.6473e-08
1.6459e-08
1.6446e-08
1.6432e-08
1.6419e-08
1.6405e-08
1.6392e-08
1.6379e-08
1.6366e-08
1.6353e-08
1.634e-08
1.6328e-08
1.6315e-08
1.6303e-08
1.6291e-08
1.6279e-08
1.6267e-08
1.6255e-08
1.6243e-08
1.6232e-08
1.622e-08
1.6209e-08
1.6198e-08
1.6187e-08
1.6176e-08
1.6165e-08
1.6154e-08
1.6144e-08
1.6133e-08
1.6123e-08
1.6113e-08
1.6103e-08
1.6093e-08
1.6083e-08
1.6073e-08
1.6064e-08
1.6055e-08
1.6045e-08
1.6036e-08
1.6027e-08
1.6018e-08
1.601e-08
1.6001e-08
1.5992e-08
1.5984e-08
1.5976e-08
1.5968e-08
1.596e-08
1.5952e-08
1.5944e-08
1.5937e-08
1.5929e-08
1.5922e-08
1.5915e-08
1.5908e-08
1.5901e-08
1.5894e-08
1.5888e-08
1.5881e-08
1.5875e-08
1.5869e-08
1.5863e-08
1.5857e-08
1.5851e-08
1.5845e-08
1.584e-08
1.5835e-08
1.5829e-08
1.5824e-08
1.5819e-08
1.5814e-08
1.581e-08
1.5805e-08
1.5801e-08
1.5797e-08
1.5793e-08
1.5789e-08
1.5785e-08
1.5781e-08
1.5778e-08
1.5774e-08
1.5771e-08
1.5768e-08
1.5765e-08
1.5762e-08
1.5759e-08
1.5757e-08
1.5754e-08
1.5752e-08
1.575e-08
1.5748e-08
1.5746e-08
1.5745e-08
1.5743e-08
1.5742e-08
1.5741e-08
1.5739e-08
1.5739e-08
1.5738e-08
1.5737e-08
1.5737e-08
1.5736e-08
1.5736e-08
1.5736e-08
1.5736e-08
1.5737e-08
1.5737e-08
1.5738e-08
1.5738e-08
1.5739e-08
1.574e-08
1.5741e-08
1.5743e-08
1.5744e-08
1.5746e-08
1.5748e-08
1.575e-08
1.5752e-08
1.5754e-08
1.5756e-08
1.5759e-08
1.5762e-08
1.5765e-08
1.5768e-08
1.5771e-08
1.5774e-08
1.5778e-08
1.5781e-08
1.5785e-08
1.5789e-08
1.5793e-08
1.5798e-08
1.5802e-08
1.5807e-08
1.5812e-08
1.5817e-08
1.5822e-08
1.5827e-08
1.5833e-08
1.5838e-08
1.5844e-08
1.585e-08
1.5856e-08
1.5862e-08
1.5869e-08
1.5875e-08
1.5882e-08
1.5889e-08
1.5896e-08
1.5904e-08
1.5911e-08
1.5919e-08
1.5926e-08
1.5934e-08
1.5943e-08
1.5951e-08
1.5959e-08
1.5968e-08
1.5977e-08
1.5986e-08
1.5995e-08
1.6004e-08
1.6014e-08
1.6023e-08
1.6033e-08
1.6043e-08
1.6054e-08
1.6064e-08
1.6074e-08
1.6085e-08
1.6096e-08
1.6107e-08
1.6118e-08
1.613e-08
1.6142e-08
1.6153e-08
1.6165e-08
1.6177e-08
1.619e-08
1.6202e-08
1.6215e-08
1.6228e-08
1.6241e-08
1.6254e-08
1.6268e-08
1.6281e-08
1.6295e-08
1.6309e-08
1.6323e-08
1.6338e-08
1.6352e-08
1.6367e-08
1.6382e-08
1.6397e-08
1.6412e-08
1.6428e-08
1.6444e-08
1.646e-08
1.6476e-08
1.6492e-08
1.6508e-08
1.6525e-08
1.6542e-08
1.6559e-08
1.6576e-08
1.6594e-08
1.6611e-08
1.6629e-08
1.6647e-08
1.6665e-08
1.6684e-08
1.6702e-08
1.6721e-08
1.674e-08
1.6759e-08
1.6779e-08
1.6798e-08
1.6818e-08
1.6838e-08
1.6858e-08
1.6879e-08
1.6899e-08
1.692e-08
1.6941e-08
1.6963e-08
1.6984e-08
1.7006e-08
1.7027e-08
1.705e-08
1.7072e-08
1.7094e-08
1.7117e-08
1.714e-08
1.7163e-08
1.7186e-08
1.721e-08
1.7234e-08
1.7258e-08
1.7282e-08
1.7306e-08
1.7331e-08
1.7356e-08
1.7381e-08
1.7406e-08
1.7431e-08
1.7457e-08
1.7483e-08
1.7509e-08
1.7536e-08
1.7562e-08
1.7589e-08
1.7616e-08
1.7643e-08
1.7671e-08
1.7698e-08
1.7726e-08
1.7754e-08
1.7783e-08
1.7811e-08
1.784e-08
1.7869e-08
1.7899e-08
1.7928e-08
1.7958e-08
1.7988e-08
1.8018e-08
1.8049e-08
1.8079e-08
1.811e-08
1.8141e-08
1.8173e-08
1.8204e-08
1.8236e-08
1.8268e-08
1.8301e-08
1.8333e-08
1.8366e-08
1.8399e-08
1.8432e-08
1.8466e-08
1.85e-08
1.8534e-08
1.8568e-08
1.8602e-08
1.8637e-08
1.8672e-08
1.8707e-08
1.8743e-08
1.8778e-08
1.8814e-08
1.8851e-08
1.8887e-08
1.8924e-08
1.8961e-08
1.8998e-08
1.9036e-08
1.9073e-08
1.9111e-08
1.915e-08
1.9188e-08
1.9227e-08
1.9266e-08
1.9305e-08
1.9345e-08
1.9385e-08
1.9425e-08
1.9465e-08
1.9506e-08
1.9547e-08
1.9588e-08
1.9629e-08
1.9671e-08
1.9713e-08
1.9755e-08
1.9797e-08
1.984e-08
1.9883e-08
1.9926e-08
1.997e-08
2.0014e-08
2.0058e-08
2.0102e-08
2.0147e-08
2.0192e-08
2.0237e-08
2.0282e-08
2.0328e-08
2.0374e-08
2.042e-08
2.0467e-08
2.0514e-08
2.0561e-08
2.0609e-08
2.0656e-08
2.0704e-08
2.0753e-08
2.0801e-08
2.085e-08
2.0899e-08
2.0949e-08
2.0998e-08
2.1049e-08
2.1099e-08
2.1149e-08
2.12e-08
2.1252e-08
2.1303e-08
2.1355e-08
2.1407e-08
2.146e-08
2.1512e-08
2.1565e-08
2.1619e-08
2.1672e-08
2.1726e-08
2.178e-08
2.1835e-08
2.189e-08
2.1945e-08
2.2e-08
2.2056e-08
2.2112e-08
2.2169e-08
2.2225e-08
2.2282e-08
2.234e-08
2.2397e-08
2.2455e-08
2.2514e-08
2.2572e-08
2.2631e-08
2.269e-08
2.275e-08
2.281e-08
2.287e-08
2.2931e-08
2.2992e-08
2.3053e-08
2.3114e-08
2.3176e-08
2.3238e-08
2.3301e-08
2.3364e-08
2.3427e-08
2.349e-08
2.3554e-08
2.3618e-08
2.3683e-08
2.3748e-08
2.3813e-08
2.3879e-08
2.3944e-08
2.4011e-08
2.4077e-08
2.4144e-08
2.4212e-08
2.4279e-08
2.4347e-08
2.4415e-08
2.4484e-08
2.4553e-08
2.4622e-08
2.4692e-08
2.4762e-08
2.4833e-08
2.4904e-08
2.4975e-08
2.5046e-08
2.5118e-08
2.519e-08
2.5263e-08
2.5336e-08
2.5409e-08
2.5483e-08
2.5557e-08
2.5631e-08
2.5706e-08
2.5781e-08
2.5857e-08
2.5933e-08
2.6009e-08
2.6086e-08
2.6163e-08
2.624e-08
2.6318e-08
2.6396e-08
2.6475e-08
2.6554e-08
2.6633e-08
2.6713e-08
2.6793e-08
2.6874e-08
2.6955e-08
2.7036e-08
2.7118e-08
2.72e-08
2.7282e-08
2.7365e-08
2.7448e-08
2.7532e-08
2.7616e-08
2.7701e-08
2.7785e-08
2.7871e-08
2.7956e-08
2.8043e-08
2.8129e-08
2.8216e-08
2.8303e-08
2.8391e-08
2.8479e-08
2.8568e-08
2.8657e-08
2.8746e-08
2.8836e-08
2.8926e-08
2.9017e-08
2.9108e-08
2.9199e-08
2.9291e-08
2.9384e-08
2.9476e-08
2.957e-08
2.9663e-08
2.9757e-08
2.9852e-08
2.9947e-08
3.0042e-08
3.0138e-08
3.0234e-08
3.0331e-08
3.0428e-08
3.0526e-08
3.0624e-08
3.0722e-08
3.0821e-08
3.092e-08
3.102e-08
3.112e-08
3.1221e-08
3.1322e-08
3.1424e-08
3.1526e-08
3.1629e-08
3.1732e-08
3.1835e-08
3.1939e-08
3.2044e-08
3.2148e-08
3.2254e-08
3.236e-08
3.2466e-08
3.2573e-08
3.268e-08
3.2788e-08
3.2896e-08
3.3004e-08
3.3114e-08
3.3223e-08
3.3333e-08
3.3444e-08
3.3555e-08
3.3667e-08
3.3779e-08
3.3891e-08
3.4004e-08
3.4118e-08
3.4232e-08
3.4346e-08
3.4461e-08
3.4577e-08
3.4693e-08
3.481e-08
3.4927e-08
3.5044e-08
3.5162e-08
3.5281e-08
3.54e-08
3.5519e-08
3.564e-08
3.576e-08
3.5881e-08
3.6003e-08
3.6125e-08
3.6248e-08
3.6371e-08
3.6495e-08
3.6619e-08
3.6744e-08
3.687e-08
3.6996e-08
3.7122e-08
3.7249e-08
3.7376e-08
3.7505e-08
3.7633e-08
3.7762e-08
3.7892e-08
3.8022e-08
3.8153e-08
3.8284e-08
3.8416e-08
3.8549e-08
3.8682e-08
3.8815e-08
3.895e-08
3.9084e-08
3.9219e-08
3.9355e-08
3.9492e-08
3.9629e-08
3.9766e-08
3.9904e-08
4.0043e-08
4.0182e-08
4.0322e-08
4.0463e-08
4.0604e-08
4.0745e-08
4.0887e-08
4.103e-08
4.1174e-08
4.1317e-08
4.1462e-08
4.1607e-08
4.1753e-08
4.1899e-08
4.2046e-08
4.2194e-08
4.2342e-08
4.2491e-08
4.264e-08
4.279e-08
4.2941e-08
4.3092e-08
4.3244e-08
4.3396e-08
4.3549e-08
4.3703e-08
4.3857e-08
4.4012e-08
4.4168e-08
4.4324e-08
4.4481e-08
4.4638e-08
4.4796e-08
4.4955e-08
4.5115e-08
4.5275e-08
4.5435e-08
4.5597e-08
4.5759e-08
4.5921e-08
4.6085e-08
4.6248e-08
4.6413e-08
4.6578e-08
4.6744e-08
4.6911e-08
4.7078e-08
4.7246e-08
4.7415e-08
4.7584e-08
4.7754e-08
4.7924e-08
4.8096e-08
4.8268e-08
4.844e-08
4.8614e-08
4.8788e-08
4.8963e-08
4.9138e-08
4.9314e-08
4.9491e-08
4.9668e-08
4.9847e-08
5.0026e-08
5.0205e-08
5.0385e-08
5.0567e-08
5.0748e-08
5.0931e-08
5.1114e-08
5.1298e-08
5.1482e-08
5.1668e-08
5.1854e-08
5.2041e-08
5.2228e-08
5.2417e-08
5.2606e-08
5.2795e-08
5.2986e-08
5.3177e-08
5.3369e-08
5.3562e-08
5.3755e-08
5.3949e-08
5.4144e-08
5.434e-08
5.4537e-08
5.4734e-08
5.4932e-08
5.5131e-08
5.533e-08
5.553e-08
5.5732e-08
5.5933e-08
5.6136e-08
5.6339e-08
5.6544e-08
5.6749e-08
5.6954e-08
5.7161e-08
5.7368e-08
5.7577e-08
5.7786e-08
5.7995e-08
5.8206e-08
5.8417e-08
5.8629e-08
5.8842e-08
5.9056e-08
5.9271e-08
5.9486e-08
5.9703e-08
5.992e-08
6.0138e-08
6.0356e-08
6.0576e-08
6.0796e-08
6.1017e-08
6.124e-08
6.1462e-08
6.1686e-08
6.1911e-08
6.2136e-08
6.2363e-08
6.259e-08
6.2818e-08
6.3047e-08
6.3276e-08
6.3507e-08
6.3738e-08
6.3971e-08
6.4204e-08
6.4438e-08
6.4673e-08
6.4909e-08
6.5146e-08
6.5383e-08
6.5622e-08
6.5861e-08
6.6102e-08
6.6343e-08
6.6585e-08
6.6828e-08
6.7072e-08
6.7317e-08
6.7562e-08
6.7809e-08
6.8057e-08
6.8305e-08
6.8555e-08
6.8805e-08
6.9056e-08
6.9308e-08
6.9562e-08
6.9816e-08
7.0071e-08
7.0327e-08
7.0584e-08
7.0842e-08
7.11e-08
7.136e-08
7.1621e-08
7.1883e-08
7.2145e-08
7.2409e-08
7.2673e-08
7.2939e-08
7.3206e-08
7.3473e-08
7.3742e-08
7.4011e-08
7.4282e-08
7.4553e-08
7.4826e-08
7.5099e-08
7.5373e-08
7.5649e-08
7.5925e-08
7.6203e-08
7.6481e-08
7.6761e-08
7.7041e-08
7.7323e-08
7.7606e-08
7.7889e-08
7.8174e-08
7.846e-08
7.8746e-08
7.9034e-08
7.9323e-08
7.9613e-08
7.9904e-08
8.0196e-08
8.0489e-08
8.0783e-08
8.1078e-08
8.1374e-08
8.1671e-08
8.197e-08
8.2269e-08
8.257e-08
8.2871e-08
8.3174e-08
8.3478e-08
8.3783e-08
8.4089e-08
8.4396e-08
8.4704e-08
8.5013e-08
8.5323e-08
8.5635e-08
8.5948e-08
8.6261e-08
8.6576e-08
8.6892e-08
8.7209e-08
8.7527e-08
8.7847e-08
8.8167e-08
8.8489e-08
8.8812e-08
8.9136e-08
8.9461e-08
8.9787e-08
9.0115e-08
9.0443e-08
9.0773e-08
9.1104e-08
9.1436e-08
9.1769e-08
9.2104e-08
9.244e-08
9.2776e-08
9.3114e-08
9.3454e-08
9.3794e-08
9.4136e-08
9.4479e-08
9.4823e-08
9.5168e-08
9.5515e-08
9.5862e-08
9.6211e-08
9.6561e-08
9.6913e-08
9.7265e-08
9.7619e-08
9.7974e-08
9.8331e-08
9.8688e-08
9.9047e-08
9.9408e-08
9.9769e-08
1.0013e-07
1.005e-07
1.0086e-07
1.0123e-07
1.016e-07
1.0196e-07
1.0233e-07
1.0271e-07
1.0308e-07
1.0345e-07
1.0383e-07
1.0421e-07
1.0458e-07
1.0496e-07
1.0534e-07
1.0573e-07
1.0611e-07
1.0649e-07
1.0688e-07
1.0727e-07
1.0766e-07
1.0805e-07
1.0844e-07
1.0883e-07
1.0923e-07
1.0962e-07
1.1002e-07
1.1042e-07
1.1082e-07
1.1122e-07
1.1162e-07
1.1202e-07
1.1243e-07
1.1284e-07
1.1324e-07
1.1365e-07
1.1406e-07
1.1448e-07
1.1489e-07
1.1531e-07
1.1572e-07
1.1614e-07
1.1656e-07
1.1698e-07
1.174e-07
1.1783e-07
1.1825e-07
1.1868e-07
1.1911e-07
1.1954e-07
1.1997e-07
1.204e-07
1.2083e-07
1.2127e-07
1.2171e-07
1.2214e-07
1.2258e-07
1.2303e-07
1.2347e-07
1.2391e-07
1.2436e-07
1.2481e-07
1.2525e-07
1.2571e-07
1.2616e-07
1.2661e-07
1.2707e-07
1.2752e-07
1.2798e-07
1.2844e-07
1.289e-07
1.2936e-07
1.2983e-07
1.303e-07
1.3076e-07
1.3123e-07
1.317e-07
1.3217e-07
1.3265e-07
1.3312e-07
1.336e-07
1.3408e-07
1.3456e-07
1.3504e-07
1.3553e-07
1.3601e-07
1.365e-07
1.3699e-07
1.3748e-07
1.3797e-07
1.3846e-07
1.3896e-07
1.3945e-07
1.3995e-07
1.4045e-07
1.4095e-07
1.4146e-07
1.4196e-07
1.4247e-07
1.4298e-07
1.4349e-07
1.44e-07
1.4451e-07
1.4503e-07
1.4554e-07
1.4606e-07
1.4658e-07
1.471e-07
1.4763e-07
1.4815e-07
1.4868e-07
1.4921e-07
1.4974e-07
1.5027e-07
1.5081e-07
1.5134e-07
1.5188e-07
1.5242e-07
1.5296e-07
1.5351e-07
1.5405e-07
1.546e-07
1.5515e-07
1.557e-07
1.5625e-07
1.568e-07
1.5736e-07
1.5792e-07
1.5848e-07
1.5904e-07
1.596e-07
1.6017e-07
1.6073e-07
1.613e-07
1.6187e-07
1.6244e-07
1.6302e-07
1.6359e-07
1.6417e-07
1.6475e-07
1.6533e-07
1.6592e-07
1.665e-07
1.6709e-07
1.6768e-07
1.6827e-07
1.6887e-07
1.6946e-07
1.7006e-07
1.7066e-07
1.7126e-07
1.7186e-07
1.7247e-07
1.7307e-07
1.7368e-07
1.7429e-07
1.7491e-07
1.7552e-07
1.7614e-07
1.7676e-07
1.7738e-07
1.78e-07
1.7863e-07
1.7925e-07
1.7988e-07
1.8051e-07
1.8115e-07
1.8178e-07
1.8242e-07
1.8306e-07
1.837e-07
1.8434e-07
1.8499e-07
1.8564e-07
1.8629e-07
1.8694e-07
1.8759e-07
1.8825e-07
1.8891e-07
1.8957e-07
1.9023e-07
1.9089e-07
1.9156e-07
1.9223e-07
1.929e-07
1.9357e-07
1.9425e-07
1.9492e-07
1.956e-07
1.9628e-07
1.9697e-07
1.9765e-07
1.9834e-07
1.9903e-07
1.9973e-07
2.0042e-07
2.0112e-07
2.0182e-07
2.0252e-07
2.0322e-07
2.0393e-07
2.0463e-07
2.0534e-07
2.0606e-07
2.0677e-07
2.0749e-07
2.0821e-07
2.0893e-07
2.0965e-07
2.1038e-07
2.1111e-07
2.1184e-07
2.1257e-07
2.1331e-07
2.1405e-07
2.1479e-07
2.1553e-07
2.1627e-07
2.1702e-07
2.1777e-07
2.1852e-07
2.1928e-07
2.2003e-07
2.2079e-07
2.2155e-07
2.2232e-07
2.2308e-07
2.2385e-07
2.2462e-07
2.2539e-07
2.2617e-07
2.2695e-07
2.2773e-07
2.2851e-07
2.293e-07
2.3009e-07
2.3088e-07
2.3167e-07
2.3246e-07
2.3326e-07
2.3406e-07
2.3487e-07
2.3567e-07
2.3648e-07
2.3729e-07
2.381e-07
2.3892e-07
2.3974e-07
2.4056e-07
2.4138e-07
2.422e-07
2.4303e-07
2.4386e-07
2.447e-07
2.4553e-07
2.4637e-07
2.4721e-07
2.4806e-07
2.489e-07
2.4975e-07
2.506e-07
2.5146e-07
2.5231e-07
2.5317e-07
2.5403e-07
2.549e-07
2.5577e-07
2.5664e-07
2.5751e-07
2.5838e-07
2.5926e-07
2.6014e-07
2.6103e-07
2.6191e-07
2.628e-07
2.6369e-07
2.6459e-07
2.6548e-07
2.6638e-07
2.6729e-07
2.6819e-07
2.691e-07
2.7001e-07
2.7093e-07
2.7184e-07
2.7276e-07
2.7368e-07
2.7461e-07
2.7554e-07
2.7647e-07
2.774e-07
2.7834e-07
2.7927e-07
2.8022e-07
2.8116e-07
2.8211e-07
2.8306e-07
2.8401e-07
2.8497e-07
2.8593e-07
2.8689e-07
2.8786e-07
2.8882e-07
2.8979e-07
2.9077e-07
2.9174e-07
2.9272e-07
2.9371e-07
2.9469e-07
2.9568e-07
2.9667e-07
2.9767e-07
2.9867e-07
2.9967e-07
3.0067e-07
3.0168e-07
3.0269e-07
3.037e-07
3.0471e-07
3.0573e-07
3.0675e-07
3.0778e-07
3.0881e-07
3.0984e-07
3.1087e-07
3.1191e-07
3.1295e-07
3.1399e-07
3.1504e-07
3.1609e-07
3.1714e-07
3.182e-07
3.1926e-07
3.2032e-07
3.2139e-07
3.2245e-07
3.2353e-07
3.246e-07
3.2568e-07
3.2676e-07
3.2784e-07
3.2893e-07
3.3002e-07
3.3112e-07
3.3222e-07
3.3332e-07
3.3442e-07
3.3553e-07
3.3664e-07
3.3775e-07
3.3887e-07
3.3999e-07
3.4111e-07
3.4224e-07
3.4337e-07
3.445e-07
3.4564e-07
3.4678e-07
3.4793e-07
3.4907e-07
3.5022e-07
3.5138e-07
3.5254e-07
3.537e-07
3.5486e-07
3.5603e-07
3.572e-07
3.5837e-07
3.5955e-07
3.6073e-07
3.6192e-07
3.6311e-07
3.643e-07
3.6549e-07
3.6669e-07
3.6789e-07
3.691e-07
3.7031e-07
3.7152e-07
3.7274e-07
3.7396e-07
3.7518e-07
3.7641e-07
3.7764e-07
3.7887e-07
3.8011e-07
3.8135e-07
3.826e-07
3.8385e-07
3.851e-07
3.8635e-07
3.8761e-07
3.8888e-07
3.9014e-07
3.9141e-07
3.9269e-07
3.9397e-07
3.9525e-07
3.9653e-07
3.9782e-07
3.9911e-07
4.0041e-07
4.0171e-07
4.0301e-07
4.0432e-07
4.0563e-07
4.0695e-07
4.0827e-07
4.0959e-07
4.1092e-07
4.1225e-07
4.1358e-07
4.1492e-07
4.1626e-07
4.1761e-07
4.1896e-07
4.2031e-07
4.2167e-07
4.2303e-07
4.2439e-07
4.2576e-07
4.2714e-07
4.2851e-07
4.2989e-07
4.3128e-07
4.3267e-07
4.3406e-07
4.3546e-07
4.3686e-07
4.3826e-07
4.3967e-07
4.4108e-07
4.425e-07
4.4392e-07
4.4534e-07
4.4677e-07
4.482e-07
4.4964e-07
4.5108e-07
4.5253e-07
4.5398e-07
4.5543e-07
4.5689e-07
4.5835e-07
4.5981e-07
4.6128e-07
4.6276e-07
4.6423e-07
4.6572e-07
4.672e-07
4.6869e-07
4.7019e-07
4.7169e-07
4.7319e-07
4.747e-07
4.7621e-07
4.7772e-07
4.7924e-07
4.8077e-07
4.823e-07
4.8383e-07
4.8537e-07
4.8691e-07
4.8845e-07
4.9e-07
4.9156e-07
4.9312e-07
4.9468e-07
4.9625e-07
4.9782e-07
4.994e-07
5.0098e-07
5.0256e-07
5.0415e-07
5.0574e-07
5.0734e-07
5.0894e-07
5.1055e-07
5.1216e-07
5.1378e-07
5.154e-07
5.1702e-07
5.1865e-07
5.2029e-07
5.2193e-07
5.2357e-07
5.2522e-07
5.2687e-07
5.2853e-07
5.3019e-07
5.3185e-07
5.3352e-07
5.352e-07
5.3688e-07
5.3856e-07
5.4025e-07
5.4195e-07
5.4364e-07
5.4535e-07
5.4706e-07
5.4877e-07
5.5048e-07
5.5221e-07
5.5393e-07
5.5566e-07
5.574e-07
5.5914e-07
5.6089e-07
5.6264e-07
5.6439e-07
5.6615e-07
5.6792e-07
5.6969e-07
5.7146e-07
5.7324e-07
5.7502e-07
5.7681e-07
5.7861e-07
5.804e-07
5.8221e-07
5.8402e-07
5.8583e-07
5.8765e-07
5.8947e-07
5.913e-07
5.9313e-07
5.9497e-07
5.9681e-07
5.9866e-07
6.0051e-07
6.0237e-07
6.0423e-07
6.061e-07
6.0798e-07
6.0985e-07
6.1174e-07
6.1362e-07
6.1552e-07
6.1742e-07
6.1932e-07
6.2123e-07
6.2314e-07
6.2506e-07
6.2699e-07
6.2891e-07
6.3085e-07
6.3279e-07
6.3473e-07
6.3668e-07
6.3864e-07
6.406e-07
6.4256e-07
6.4454e-07
6.4651e-07
6.4849e-07
6.5048e-07
6.5247e-07
6.5447e-07
6.5647e-07
6.5848e-07
6.6049e-07
6.6251e-07
6.6454e-07
6.6657e-07
6.686e-07
6.7064e-07
6.7269e-07
6.7474e-07
6.7679e-07
6.7886e-07
6.8092e-07
6.83e-07
6.8507e-07
6.8716e-07
6.8925e-07
6.9134e-07
6.9344e-07
6.9555e-07
6.9766e-07
6.9978e-07
7.019e-07
7.0403e-07
7.0616e-07
7.083e-07
7.1045e-07
7.126e-07
7.1475e-07
7.1692e-07
7.1908e-07
7.2126e-07
7.2344e-07
7.2562e-07
7.2781e-07
7.3001e-07
7.3221e-07
7.3442e-07
7.3663e-07
7.3885e-07
7.4107e-07
7.4331e-07
7.4554e-07
7.4778e-07
7.5003e-07
7.5229e-07
7.5455e-07
7.5681e-07
7.5908e-07
7.6136e-07
7.6365e-07
7.6593e-07
7.6823e-07
7.7053e-07
7.7284e-07
7.7515e-07
7.7747e-07
7.798e-07
7.8213e-07
7.8446e-07
7.8681e-07
7.8916e-07
7.9151e-07
7.9387e-07
7.9624e-07
7.9861e-07
8.0099e-07
8.0338e-07
8.0577e-07
8.0817e-07
8.1057e-07
8.1298e-07
8.154e-07
8.1782e-07
8.2025e-07
8.2269e-07
8.2513e-07
8.2758e-07
8.3003e-07
8.3249e-07
8.3496e-07
8.3743e-07
8.3991e-07
8.4239e-07
8.4489e-07
8.4738e-07
8.4989e-07
8.524e-07
8.5492e-07
8.5744e-07
8.5997e-07
8.6251e-07
8.6505e-07
8.676e-07
8.7015e-07
8.7271e-07
8.7528e-07
8.7786e-07
8.8044e-07
8.8303e-07
8.8562e-07
8.8822e-07
8.9083e-07
8.9345e-07
8.9607e-07
8.9869e-07
9.0133e-07
9.0397e-07
9.0662e-07
9.0927e-07
9.1193e-07
9.146e-07
9.1727e-07
9.1995e-07
9.2264e-07
9.2533e-07
9.2803e-07
9.3074e-07
9.3345e-07
9.3618e-07
9.389e-07
9.4164e-07
9.4438e-07
9.4713e-07
9.4988e-07
9.5265e-07
9.5541e-07
9.5819e-07
9.6097e-07
9.6376e-07
9.6656e-07
9.6936e-07
9.7217e-07
9.7499e-07
9.7781e-07
9.8064e-07
9.8348e-07
9.8633e-07
9.8918e-07
9.9204e-07
9.9491e-07
9.9778e-07
1.0007e-06
1.0035e-06
1.0064e-06
1.0093e-06
1.0123e-06
1.0152e-06
1.0181e-06
1.021e-06
1.024e-06
1.0269e-06
1.0299e-06
1.0328e-06
1.0358e-06
1.0388e-06
1.0417e-06
1.0447e-06
1.0477e-06
1.0507e-06
1.0537e-06
1.0567e-06
1.0598e-06
1.0628e-06
1.0658e-06
1.0689e-06
1.0719e-06
1.075e-06
1.0781e-06
1.0812e-06
1.0842e-06
1.0873e-06
1.0904e-06
1.0935e-06
1.0966e-06
1.0998e-06
1.1029e-06
1.106e-06
1.1092e-06
1.1123e-06
1.1155e-06
1.1187e-06
1.1218e-06
1.125e-06
1.1282e-06
1.1314e-06
1.1346e-06
1.1378e-06
1.141e-06
1.1443e-06
1.1475e-06
1.1508e-06
1.154e-06
1.1573e-06
1.1605e-06
1.1638e-06
1.1671e-06
1.1704e-06
1.1737e-06
1.177e-06
1.1803e-06
1.1836e-06
1.1869e-06
1.1903e-06
1.1936e-06
1.197e-06
1.2003e-06
1.2037e-06
1.2071e-06
1.2105e-06
1.2139e-06
1.2173e-06
1.2207e-06
1.2241e-06
1.2275e-06
1.231e-06
1.2344e-06
1.2379e-06
1.2413e-06
1.2448e-06
1.2483e-06
1.2517e-06
1.2552e-06
1.2587e-06
1.2622e-06
1.2657e-06
1.2693e-06
1.2728e-06
1.2763e-06
1.2799e-06
1.2834e-06
1.287e-06
1.2906e-06
1.2942e-06
1.2978e-06
1.3014e-06
1.305e-06
1.3086e-06
1.3122e-06
1.3158e-06
1.3195e-06
1.3231e-06
1.3268e-06
1.3304e-06
1.3341e-06
1.3378e-06
1.3415e-06
1.3452e-06
1.3489e-06
1.3526e-06
1.3563e-06
1.3601e-06
1.3638e-06
1.3676e-06
1.3713e-06
1.3751e-06
1.3789e-06
1.3827e-06
1.3865e-06
1.3903e-06
1.3941e-06
1.3979e-06
1.4017e-06
1.4056e-06
1.4094e-06
1.4133e-06
1.4171e-06
1.421e-06
1.4249e-06
1.4288e-06
1.4327e-06
1.4366e-06
1.4405e-06
1.4444e-06
1.4484e-06
1.4523e-06
1.4563e-06
1.4602e-06
1.4642e-06
1.4682e-06
1.4722e-06
1.4762e-06
1.4802e-06
1.4842e-06
1.4882e-06
1.4923e-06
1.4963e-06
1.5004e-06
1.5044e-06
1.5085e-06
1.5126e-06
1.5167e-06
1.5208e-06
1.5249e-06
1.529e-06
1.5331e-06
1.5373e-06
1.5414e-06
1.5456e-06
1.5497e-06
1.5539e-06
1.5581e-06
1.5623e-06
1.5665e-06
1.5707e-06
1.5749e-06
1.5791e-06
1.5834e-06
1.5876e-06
1.5919e-06
1.5961e-06
1.6004e-06
1.6047e-06
1.609e-06
1.6133e-06
1.6176e-06
1.6219e-06
1.6263e-06
1.6306e-06
1.635e-06
1.6393e-06
1.6437e-06
1.6481e-06
1.6525e-06
1.6569e-06
1.6613e-06
1.6657e-06
1.6701e-06
1.6746e-06
1.679e-06
1.6835e-06
1.688e-06
1.6924e-06
1.6969e-06
1.7014e-06
1.7059e-06
1.7105e-06
1.715e-06
1.7195e-06
1.7241e-06
1.7286e-06
1.7332e-06
1.7378e-06
1.7424e-06
1.747e-06
1.7516e-06
1.7562e-06
1.7608e-06
1.7655e-06
1.7701e-06
1.7748e-06
1.7794e-06
1.7841e-06
1.7888e-06
1.7935e-06
1.7982e-06
1.8029e-06
1.8076e-06
1.8124e-06
1.8171e-06
1.8219e-06
1.8267e-06
1.8314e-06
1.8362e-06
1.841e-06
1.8458e-06
1.8507e-06
1.8555e-06
1.8603e-06
1.8652e-06
1.8701e-06
1.8749e-06
1.8798e-06
1.8847e-06
1.8896e-06
1.8945e-06
1.8994e-06
1.9044e-06
1.9093e-06
1.9143e-06
1.9192e-06
1.9242e-06
1.9292e-06
1.9342e-06
1.9392e-06
1.9442e-06
1.9493e-06
1.9543e-06
1.9594e-06
1.9644e-06
1.9695e-06
1.9746e-06
1.9797e-06
1.9848e-06
1.9899e-06
1.995e-06
2.0002e-06
2.0053e-06
2.0105e-06
2.0156e-06
2.0208e-06
2.026e-06
2.0312e-06
2.0364e-06
2.0416e-06
2.0469e-06
2.0521e-06
2.0574e-06
2.0626e-06
2.0679e-06
2.0732e-06
2.0785e-06
2.0838e-06
2.0891e-06
2.0945e-06
2.0998e-06
2.1052e-06
2.1105e-06
2.1159e-06
2.1213e-06
2.1267e-06
2.1321e-06
2.1375e-06
2.143e-06
2.1484e-06
2.1539e-06
2.1593e-06
2.1648e-06
2.1703e-06
2.1758e-06
2.1813e-06
2.1868e-06
2.1924e-06
2.1979e-06
2.2035e-06
2.209e-06
2.2146e-06
2.2202e-06
2.2258e-06
2.2314e-06
2.2371e-06
2.2427e-06
2.2483e-06
2.254e-06
2.2597e-06
2.2653e-06
2.271e-06
2.2767e-06
2.2825e-06
2.2882e-06
2.2939e-06
2.2997e-06
2.3054e-06
2.3112e-06
2.317e-06
2.3228e-06
2.3286e-06
2.3344e-06
2.3403e-06
2.3461e-06
2.352e-06
2.3578e-06
2.3637e-06
2.3696e-06
2.3755e-06
2.3814e-06
2.3874e-06
2.3933e-06
2.3992e-06
2.4052e-06
2.4112e-06
2.4172e-06
2.4232e-06
2.4292e-06
2.4352e-06
2.4412e-06
2.4473e-06
2.4533e-06
2.4594e-06
2.4655e-06
2.4716e-06
2.4777e-06
2.4838e-06
2.4899e-06
2.4961e-06
2.5022e-06
2.5084e-06
2.5146e-06
2.5208e-06
2.527e-06
2.5332e-06
2.5394e-06
2.5456e-06
2.5519e-06
2.5581e-06
2.5644e-06
2.5707e-06
2.577e-06
2.5833e-06
2.5896e-06
2.596e-06
2.6023e-06
2.6087e-06
2.6151e-06
2.6215e-06
2.6279e-06
2.6343e-06
2.6407e-06
2.6471e-06
2.6536e-06
2.66e-06
2.6665e-06
2.673e-06
2.6795e-06
2.686e-06
2.6925e-06
2.6991e-06
2.7056e-06
2.7122e-06
2.7187e-06
2.7253e-06
2.7319e-06
2.7385e-06
2.7452e-06
2.7518e-06
2.7584e-06
2.7651e-06
2.7718e-06
2.7785e-06
2.7852e-06
2.7919e-06
2.7986e-06
2.8053e-06
2.8121e-06
2.8188e-06
2.8256e-06
2.8324e-06
2.8392e-06
2.846e-06
2.8529e-06
2.8597e-06
2.8665e-06
2.8734e-06
2.8803e-06
2.8872e-06
2.8941e-06
2.901e-06
2.9079e-06
2.9149e-06
2.9218e-06
2.9288e-06
2.9358e-06
2.9428e-06
2.9498e-06
2.9568e-06
2.9638e-06
2.9709e-06
2.978e-06
2.985e-06
2.9921e-06
2.9992e-06
3.0063e-06
3.0135e-06
3.0206e-06
3.0278e-06
3.0349e-06
3.0421e-06
3.0493e-06
3.0565e-06
3.0637e-06
3.0709e-06
3.0782e-06
3.0855e-06
3.0927e-06
3.1e-06
3.1073e-06
3.1146e-06
3.1219e-06
3.1293e-06
3.1366e-06
3.144e-06
3.1514e-06
3.1588e-06
3.1662e-06
3.1736e-06
3.181e-06
3.1885e-06
3.1959e-06
3.2034e-06
3.2109e-06
3.2184e-06
3.2259e-06
3.2334e-06
3.241e-06
3.2485e-06
3.2561e-06
3.2637e-06
3.2713e-06
3.2789e-06
3.2865e-06
3.2942e-06
3.3018e-06
3.3095e-06
3.3172e-06
3.3248e-06
3.3326e-06
3.3403e-06
3.348e-06
3.3558e-06
3.3635e-06
3.3713e-06
3.3791e-06
3.3869e-06
3.3947e-06
3.4025e-06
3.4104e-06
3.4182e-06
3.4261e-06
3.434e-06
3.4419e-06
3.4498e-06
3.4577e-06
3.4657e-06
3.4736e-06
3.4816e-06
3.4896e-06
3.4976e-06
3.5056e-06
3.5136e-06
3.5216e-06
3.5297e-06
3.5378e-06
3.5459e-06
3.5539e-06
3.5621e-06
3.5702e-06
3.5783e-06
3.5865e-06
3.5946e-06
3.6028e-06
3.611e-06
3.6192e-06
3.6274e-06
3.6357e-06
3.6439e-06
3.6522e-06
3.6605e-06
3.6688e-06
3.6771e-06
3.6854e-06
3.6937e-06
3.7021e-06
3.7105e-06
3.7188e-06
3.7272e-06
3.7356e-06
3.7441e-06
3.7525e-06
3.761e-06
3.7694e-06
3.7779e-06
3.7864e-06
3.7949e-06
3.8034e-06
3.812e-06
3.8205e-06
3.8291e-06
3.8377e-06
3.8463e-06
3.8549e-06
3.8635e-06
3.8721e-06
3.8808e-06
3.8895e-06
3.8982e-06
3.9069e-06
3.9156e-06
3.9243e-06
3.933e-06
3.9418e-06
3.9506e-06
3.9593e-06
3.9681e-06
3.977e-06
3.9858e-06
3.9946e-06
4.0035e-06
4.0124e-06
4.0213e-06
4.0302e-06
4.0391e-06
4.048e-06
4.057e-06
4.0659e-06
4.0749e-06
4.0839e-06
4.0929e-06
4.1019e-06
4.111e-06
4.12e-06
4.1291e-06
4.1382e-06
4.1473e-06
4.1564e-06
4.1655e-06
4.1746e-06
4.1838e-06
4.193e-06
4.2022e-06
4.2114e-06
4.2206e-06
4.2298e-06
4.239e-06
4.2483e-06
4.2576e-06
4.2669e-06
4.2762e-06
4.2855e-06
4.2948e-06
4.3042e-06
4.3136e-06
4.3229e-06
4.3323e-06
4.3417e-06
4.3512e-06
4.3606e-06
4.3701e-06
4.3795e-06
4.389e-06
4.3985e-06
4.408e-06
4.4176e-06
4.4271e-06
4.4367e-06
4.4463e-06
4.4559e-06
4.4655e-06
4.4751e-06
4.4847e-06
4.4944e-06
4.5041e-06
4.5137e-06
4.5234e-06
4.5332e-06
4.5429e-06
4.5526e-06
4.5624e-06
4.5722e-06
4.582e-06
4.5918e-06
4.6016e-06
4.6114e-06
4.6213e-06
4.6311e-06
4.641e-06
4.6509e-06
4.6608e-06
4.6708e-06
4.6807e-06
4.6907e-06
4.7007e-06
4.7106e-06
4.7206e-06
4.7307e-06
4.7407e-06
4.7508e-06
4.7608e-06
4.7709e-06
4.781e-06
4.7911e-06
4.8013e-06
4.8114e-06
4.8216e-06
4.8317e-06
4.8419e-06
4.8521e-06
4.8624e-06
4.8726e-06
4.8829e-06
4.8931e-06
4.9034e-06
4.9137e-06
4.924e-06
4.9344e-06
4.9447e-06
4.9551e-06
4.9655e-06
4.9759e-06
4.9863e-06
4.9967e-06
5.0071e-06
5.0176e-06
5.0281e-06
5.0386e-06
5.0491e-06
5.0596e-06
5.0701e-06
5.0807e-06
5.0912e-06
5.1018e-06
5.1124e-06
5.123e-06
5.1337e-06
5.1443e-06
5.155e-06
5.1657e-06
5.1764e-06
5.1871e-06
5.1978e-06
5.2085e-06
5.2193e-06
5.2301e-06
5.2408e-06
5.2516e-06
5.2625e-06
5.2733e-06
5.2842e-06
5.295e-06
5.3059e-06
5.3168e-06
5.3277e-06
5.3387e-06
5.3496e-06
5.3606e-06
5.3715e-06
5.3825e-06
5.3935e-06
5.4046e-06
5.4156e-06
5.4267e-06
5.4377e-06
5.4488e-06
5.4599e-06
5.4711e-06
5.4822e-06
5.4933e-06
5.5045e-06
5.5157e-06
5.5269e-06
5.5381e-06
5.5494e-06
5.5606e-06
5.5719e-06
5.5831e-06
5.5944e-06
5.6058e-06
5.6171e-06
5.6284e-06
5.6398e-06
5.6512e-06
5.6626e-06
5.674e-06
5.6854e-06
5.6968e-06
5.7083e-06
5.7198e-06
5.7312e-06
5.7428e-06
5.7543e-06
5.7658e-06
5.7774e-06
5.7889e-06
5.8005e-06
5.8121e-06
5.8237e-06
5.8354e-06
5.847e-06
5.8587e-06
5.8704e-06
5.8821e-06
5.8938e-06
5.9055e-06
5.9172e-06
5.929e-06
5.9408e-06
5.9526e-06
5.9644e-06
5.9762e-06
5.9881e-06
5.9999e-06
6.0118e-06
6.0237e-06
6.0356e-06
6.0475e-06
6.0594e-06
6.0714e-06
6.0834e-06
6.0954e-06
6.1074e-06
6.1194e-06
6.1314e-06
6.1435e-06
6.1555e-06
6.1676e-06
6.1797e-06
6.1918e-06
6.204e-06
6.2161e-06
6.2283e-06
6.2405e-06
6.2527e-06
6.2649e-06
6.2771e-06
6.2893e-06
6.3016e-06
6.3139e-06
6.3262e-06
6.3385e-06
6.3508e-06
6.3631e-06
6.3755e-06
6.3879e-06
6.4003e-06
6.4127e-06
6.4251e-06
6.4375e-06
6.45e-06
6.4625e-06
6.4749e-06
6.4875e-06
6.5e-06
6.5125e-06
6.5251e-06
6.5376e-06
6.5502e-06
6.5628e-06
6.5754e-06
6.5881e-06
6.6007e-06
6.6134e-06
6.6261e-06
6.6388e-06
6.6515e-06
6.6642e-06
6.6769e-06
6.6897e-06
6.7025e-06
6.7153e-06
6.7281e-06
6.7409e-06
6.7538e-06
6.7666e-06
6.7795e-06
6.7924e-06
6.8053e-06
6.8182e-06
6.8311e-06
6.8441e-06
6.8571e-06
6.8701e-06
6.8831e-06
6.8961e-06
6.9091e-06
6.9222e-06
6.9352e-06
6.9483e-06
6.9614e-06
6.9745e-06
6.9877e-06
7.0008e-06
7.014e-06
7.0272e-06
7.0404e-06
7.0536e-06
7.0668e-06
7.0801e-06
7.0933e-06
7.1066e-06
7.1199e-06
7.1332e-06
7.1465e-06
7.1599e-06
7.1732e-06
7.1866e-06
7.2e-06
7.2134e-06
7.2268e-06
7.2403e-06
7.2537e-06
7.2672e-06
7.2807e-06
7.2942e-06
7.3077e-06
7.3212e-06
7.3348e-06
7.3484e-06
7.3619e-06
7.3755e-06
7.3892e-06
7.4028e-06
7.4164e-06
7.4301e-06
7.4438e-06
7.4575e-06
7.4712e-06
7.4849e-06
7.4987e-06
7.5124e-06
7.5262e-06
7.54e-06
7.5538e-06
7.5676e-06
7.5815e-06
7.5953e-06
7.6092e-06
7.6231e-06
7.637e-06
7.6509e-06
7.6648e-06
7.6788e-06
7.6928e-06
7.7067e-06
7.7207e-06
7.7348e-06
7.7488e-06
7.7628e-06
7.7769e-06
7.791e-06
7.8051e-06
7.8192e-06
7.8333e-06
7.8475e-06
7.8616e-06
7.8758e-06
7.89e-06
7.9042e-06
7.9184e-06
7.9326e-06
7.9469e-06
7.9612e-06
7.9755e-06
7.9898e-06
8.0041e-06
8.0184e-06
8.0328e-06
8.0471e-06
8.0615e-06
8.0759e-06
8.0903e-06
8.1047e-06
8.1192e-06
8.1336e-06
8.1481e-06
8.1626e-06
8.1771e-06
8.1916e-06
8.2062e-06
8.2207e-06
8.2353e-06
8.2499e-06
8.2645e-06
8.2791e-06
8.2937e-06
8.3084e-06
8.323e-06
8.3377e-06
8.3524e-06
8.3671e-06
8.3818e-06
8.3966e-06
8.4113e-06
8.4261e-06
8.4409e-06
8.4557e-06
8.4705e-06
8.4853e-06
8.5002e-06
8.5151e-06
8.5299e-06
8.5448e-06
8.5598e-06
8.5747e-06
8.5896e-06
8.6046e-06
8.6196e-06
8.6345e-06
8.6495e-06
8.6646e-06
8.6796e-06
8.6947e-06
8.7097e-06
8.7248e-06
8.7399e-06
8.755e-06
8.7701e-06
8.7853e-06
8.8004e-06
8.8156e-06
8.8308e-06
8.846e-06
8.8612e-06
8.8765e-06
8.8917e-06
8.907e-06
8.9223e-06
8.9376e-06
8.9529e-06
8.9682e-06
8.9835e-06
8.9989e-06
9.0143e-06
9.0297e-06
9.0451e-06
9.0605e-06
9.0759e-06
9.0914e-06
9.1068e-06
9.1223e-06
9.1378e-06
9.1533e-06
9.1688e-06
9.1844e-06
9.1999e-06
9.2155e-06
9.2311e-06
9.2467e-06
9.2623e-06
9.2779e-06
9.2935e-06
9.3092e-06
9.3249e-06
9.3406e-06
9.3563e-06
9.372e-06
9.3877e-06
9.4035e-06
9.4192e-06
9.435e-06
9.4508e-06
9.4666e-06
9.4824e-06
9.4983e-06
9.5141e-06
9.53e-06
9.5459e-06
9.5617e-06
9.5777e-06
9.5936e-06
9.6095e-06
9.6255e-06
9.6414e-06
9.6574e-06
9.6734e-06
9.6894e-06
9.7055e-06
9.7215e-06
9.7376e-06
9.7536e-06
9.7697e-06
9.7858e-06
9.8019e-06
9.8181e-06
9.8342e-06
9.8504e-06
9.8665e-06
9.8827e-06
9.8989e-06
9.9151e-06
9.9314e-06
9.9476e-06
9.9639e-06
9.9801e-06
9.9964e-06
1.0013e-05
1.0029e-05
1.0045e-05
1.0062e-05
1.0078e-05
1.0094e-05
1.0111e-05
1.0127e-05
1.0144e-05
1.016e-05
1.0177e-05
1.0193e-05
1.0209e-05
1.0226e-05
1.0242e-05
1.0259e-05
1.0275e-05
1.0292e-05
1.0309e-05
1.0325e-05
1.0342e-05
1.0358e-05
1.0375e-05
1.0392e-05
1.0408e-05
1.0425e-05
1.0442e-05
1.0458e-05
1.0475e-05
1.0492e-05
1.0508e-05
1.0525e-05
1.0542e-05
1.0559e-05
1.0575e-05
1.0592e-05
1.0609e-05
1.0626e-05
1.0643e-05
1.0659e-05
1.0676e-05
1.0693e-05
1.071e-05
1.0727e-05
1.0744e-05
1.0761e-05
1.0778e-05
1.0795e-05
1.0812e-05
1.0829e-05
1.0846e-05
1.0863e-05
1.088e-05
1.0897e-05
1.0914e-05
1.0931e-05
1.0948e-05
1.0965e-05
1.0982e-05
1.0999e-05
1.1016e-05
1.1033e-05
1.1051e-05
1.1068e-05
1.1085e-05
1.1102e-05
1.1119e-05
1.1136e-05
1.1154e-05
1.1171e-05
1.1188e-05
1.1205e-05
1.1223e-05
1.124e-05
1.1257e-05
1.1275e-05
1.1292e-05
1.1309e-05
1.1327e-05
1.1344e-05
1.1361e-05
1.1379e-05
1.1396e-05
1.1414e-05
1.1431e-05
1.1449e-05
1.1466e-05
1.1483e-05
1.1501e-05
1.1518e-05
1.1536e-05
1.1553e-05
1.1571e-05
1.1589e-05
1.1606e-05
1.1624e-05
1.1641e-05
1.1659e-05
1.1676e-05
1.1694e-05
1.1712e-05
1.1729e-05
1.1747e-05
1.1765e-05
1.1782e-05
1.18e-05
1.1818e-05
1.1835e-05
1.1853e-05
1.1871e-05
1.1889e-05
1.1906e-05
1.1924e-05
1.1942e-05
1.196e-05
1.1978e-05
1.1995e-05
1.2013e-05
1.2031e-05
1.2049e-05
1.2067e-05
1.2085e-05
1.2103e-05
1.212e-05
1.2138e-05
1.2156e-05
1.2174e-05
1.2192e-05
1.221e-05
1.2228e-05
1.2246e-05
1.2264e-05
1.2282e-05
1.23e-05
1.2318e-05
1.2336e-05
1.2354e-05
1.2372e-05
1.239e-05
1.2408e-05
1.2427e-05
1.2445e-05
1.2463e-05
1.2481e-05
1.2499e-05
1.2517e-05
1.2535e-05
1.2554e-05
1.2572e-05
1.259e-05
1.2608e-05
1.2626e-05
1.2645e-05
1.2663e-05
1.2681e-05
1.2699e-05
1.2718e-05
1.2736e-05
1.2754e-05
1.2772e-05
1.2791e-05
1.2809e-05
1.2827e-05
1.2846e-05
1.2864e-05
1.2883e-05
1.2901e-05
1.2919e-05
1.2938e-05
1.2956e-05
1.2974e-05
1.2993e-05
1.3011e-05
1.303e-05
1.3048e-05
1.3067e-05
1.3085e-05
1.3104e-05
1.3122e-05
1.3141e-05
1.3159e-05
1.3178e-05
1.3196e-05
1.3215e-05
1.3233e-05
1.3252e-05
1.3271e-05
1.3289e-05
1.3308e-05
1.3326e-05
1.3345e-05
1.3364e-05
1.3382e-05
1.3401e-05
1.3419e-05
1.3438e-05
1.3457e-05
1.3475e-05
1.3494e-05
1.3513e-05
1.3532e-05
1.355e-05
1.3569e-05
1.3588e-05
1.3607e-05
1.3625e-05
1.3644e-05
1.3663e-05
1.3682e-05
1.37e-05
1.3719e-05
1.3738e-05
1.3757e-05
1.3776e-05
1.3794e-05
1.3813e-05
1.3832e-05
1.3851e-05
1.387e-05
1.3889e-05
1.3908e-05
1.3927e-05
1.3945e-05
1.3964e-05
1.3983e-05
1.4002e-05
1.4021e-05
1.404e-05
1.4059e-05
1.4078e-05
1.4097e-05
1.4116e-05
1.4135e-05
1.4154e-05
1.4173e-05
1.4192e-05
1.4211e-05
1.423e-05
1.4249e-05
1.4268e-05
1.4287e-05
1.4306e-05
1.4325e-05
1.4344e-05
1.4363e-05
1.4383e-05
1.4402e-05
1.4421e-05
1.444e-05
1.4459e-05
1.4478e-05
1.4497e-05
1.4516e-05
1.4536e-05
1.4555e-05
1.4574e-05
1.4593e-05
1.4612e-05
1.4631e-05
1.4651e-05
1.467e-05
1.4689e-05
1.4708e-05
1.4727e-05
1.4747e-05
1.4766e-05
1.4785e-05
1.4804e-05
1.4824e-05
1.4843e-05
1.4862e-05
1.4882e-05
1.4901e-05
1.492e-05
1.4939e-05
1.4959e-05
1.4978e-05
1.4997e-05
1.5017e-05
1.5036e-05
1.5055e-05
1.5075e-05
1.5094e-05
1.5113e-05
1.5133e-05
1.5152e-05
1.5172e-05
1.5191e-05
1.521e-05
1.523e-05
1.5249e-05
1.5268e-05
1.5288e-05
1.5307e-05
1.5327e-05
1.5346e-05
1.5366e-05
1.5385e-05
1.5404e-05
1.5424e-05
1.5443e-05
1.5463e-05
1.5482e-05
1.5502e-05
1.5521e-05
1.5541e-05
1.556e-05
1.558e-05
1.5599e-05
1.5619e-05
1.5638e-05
1.5658e-05
1.5677e-05
1.5697e-05
1.5716e-05
1.5736e-05
1.5755e-05
1.5775e-05
1.5795e-05
1.5814e-05
1.5834e-05
1.5853e-05
1.5873e-05
1.5892e-05
1.5912e-05
1.5932e-05
1.5951e-05
1.5971e-05
1.599e-05
1.601e-05
1.603e-05
1.6049e-05
1.6069e-05
1.6088e-05
1.6108e-05
1.6128e-05
1.6147e-05
1.6167e-05
1.6187e-05
1.6206e-05
1.6226e-05
1.6245e-05
1.6265e-05
1.6285e-05
1.6304e-05
1.6324e-05
1.6344e-05
1.6363e-05
1.6383e-05
1.6403e-05
1.6422e-05
1.6442e-05
1.6462e-05
1.6482e-05
1.6501e-05
1.6521e-05
1.6541e-05
1.656e-05
1.658e-05
1.66e-05
1.6619e-05
1.6639e-05
1.6659e-05
1.6679e-05
1.6698e-05
1.6718e-05
1.6738e-05
1.6758e-05
1.6777e-05
1.6797e-05
1.6817e-05
1.6837e-05
1.6856e-05
1.6876e-05
1.6896e-05
1.6916e-05
1.6935e-05
1.6955e-05
1.6975e-05
1.6995e-05
1.7014e-05
1.7034e-05
1.7054e-05
1.7074e-05
1.7093e-05
1.7113e-05
1.7133e-05
1.7153e-05
1.7173e-05
1.7192e-05
1.7212e-05
1.7232e-05
1.7252e-05
1.7271e-05
1.7291e-05
1.7311e-05
1.7331e-05
1.7351e-05
1.737e-05
1.739e-05
1.741e-05
1.743e-05
1.745e-05
1.7469e-05
1.7489e-05
1.7509e-05
1.7529e-05
1.7549e-05
1.7568e-05
1.7588e-05
1.7608e-05
1.7628e-05
1.7648e-05
1.7668e-05
1.7687e-05
1.7707e-05
1.7727e-05
1.7747e-05
1.7767e-05
1.7786e-05
1.7806e-05
1.7826e-05
1.7846e-05
1.7866e-05
1.7885e-05
1.7905e-05
1.7925e-05
1.7945e-05
1.7965e-05
1.7985e-05
1.8004e-05
1.8024e-05
1.8044e-05
1.8064e-05
1.8084e-05
1.8103e-05
1.8123e-05
1.8143e-05
1.8163e-05
1.8183e-05
1.8202e-05
1.8222e-05
1.8242e-05
1.8262e-05
1.8282e-05
1.8301e-05
1.8321e-05
1.8341e-05
1.8361e-05
1.8381e-05
1.84e-05
1.842e-05
1.844e-05
1.846e-05
1.848e-05
1.8499e-05
1.8519e-05
1.8539e-05
1.8559e-05
1.8579e-05
1.8598e-05
1.8618e-05
1.8638e-05
1.8658e-05
1.8677e-05
1.8697e-05
1.8717e-05
1.8737e-05
1.8756e-05
1.8776e-05
1.8796e-05
1.8816e-05
1.8835e-05
1.8855e-05
1.8875e-05
1.8895e-05
1.8914e-05
1.8934e-05
1.8954e-05
1.8974e-05
1.8993e-05
1.9013e-05
1.9033e-05
1.9053e-05
1.9072e-05
1.9092e-05
1.9112e-05
1.9131e-05
1.9151e-05
1.9171e-05
1.9191e-05
1.921e-05
1.923e-05
1.925e-05
1.9269e-05
1.9289e-05
1.9309e-05
1.9328e-05
1.9348e-05
1.9368e-05
1.9387e-05
1.9407e-05
1.9427e-05
1.9446e-05
1.9466e-05
1.9486e-05
1.9505e-05
1.9525e-05
1.9545e-05
1.9564e-05
1.9584e-05
1.9604e-05
1.9623e-05
1.9643e-05
1.9662e-05
1.9682e-05
1.9702e-05
1.9721e-05
1.9741e-05
1.976e-05
1.978e-05
1.98e-05
1.9819e-05
1.9839e-05
1.9858e-05
1.9878e-05
1.9897e-05
1.9917e-05
1.9936e-05
1.9956e-05
1.9975e-05
1.9995e-05
2.0014e-05
2.0034e-05
2.0054e-05
2.0073e-05
2.0093e-05
2.0112e-05
2.0131e-05
2.0151e-05
2.017e-05
2.019e-05
2.0209e-05
2.0229e-05
2.0248e-05
2.0268e-05
2.0287e-05
2.0307e-05
2.0326e-05
2.0345e-05
2.0365e-05
2.0384e-05
2.0404e-05
2.0423e-05
2.0442e-05
2.0462e-05
2.0481e-05
2.05e-05
2.052e-05
2.0539e-05
2.0559e-05
2.0578e-05
2.0597e-05
2.0617e-05
2.0636e-05
2.0655e-05
2.0674e-05
2.0694e-05
2.0713e-05
2.0732e-05
2.0752e-05
2.0771e-05
2.079e-05
2.0809e-05
2.0829e-05
2.0848e-05
2.0867e-05
2.0886e-05
2.0905e-05
2.0925e-05
2.0944e-05
2.0963e-05
2.0982e-05
2.1001e-05
2.102e-05
2.104e-05
2.1059e-05
2.1078e-05
2.1097e-05
2.1116e-05
2.1135e-05
2.1154e-05
2.1173e-05
2.1192e-05
2.1212e-05
2.1231e-05
2.125e-05
2.1269e-05
2.1288e-05
2.1307e-05
2.1326e-05
2.1345e-05
2.1364e-05
2.1383e-05
2.1402e-05
2.1421e-05
2.144e-05
2.1459e-05
2.1478e-05
2.1497e-05
2.1515e-05
2.1534e-05
2.1553e-05
2.1572e-05
2.1591e-05
2.161e-05
2.1629e-05
2.1648e-05
2.1666e-05
2.1685e-05
2.1704e-05
2.1723e-05
2.1742e-05
2.1761e-05
2.1779e-05
2.1798e-05
2.1817e-05
2.1836e-05
2.1854e-05
2.1873e-05
2.1892e-05
2.191e-05
2.1929e-05
2.1948e-05
2.1966e-05
2.1985e-05
2.2004e-05
2.2022e-05
2.2041e-05
2.206e-05
2.2078e-05
2.2097e-05
2.2115e-05
2.2134e-05
2.2153e-05
2.2171e-05
2.219e-05
2.2208e-05
2.2227e-05
2.2245e-05
2.2264e-05
2.2282e-05
2.2301e-05
2.2319e-05
2.2337e-05
2.2356e-05
2.2374e-05
2.2393e-05
2.2411e-05
2.2429e-05
2.2448e-05
2.2466e-05
2.2485e-05
2.2503e-05
2.2521e-05
2.2539e-05
2.2558e-05
2.2576e-05
2.2594e-05
2.2613e-05
2.2631e-05
2.2649e-05
2.2667e-05
2.2685e-05
2.2704e-05
2.2722e-05
2.274e-05
2.2758e-05
2.2776e-05
2.2794e-05
2.2812e-05
2.283e-05
2.2849e-05
2.2867e-05
2.2885e-05
2.2903e-05
2.2921e-05
2.2939e-05
2.2957e-05
2.2975e-05
2.2993e-05
2.3011e-05
2.3029e-05
2.3046e-05
2.3064e-05
2.3082e-05
2.31e-05
2.3118e-05
2.3136e-05
2.3154e-05
2.3171e-05
2.3189e-05
2.3207e-05
2.3225e-05
2.3243e-05
2.326e-05
2.3278e-05
2.3296e-05
2.3313e-05
2.3331e-05
2.3349e-05
2.3366e-05
2.3384e-05
2.3402e-05
2.3419e-05
2.3437e-05
2.3454e-05
2.3472e-05
2.349e-05
2.3507e-05
2.3525e-05
2.3542e-05
2.356e-05
2.3577e-05
2.3595e-05
2.3612e-05
2.3629e-05
2.3647e-05
2.3664e-05
2.3681e-05
2.3699e-05
2.3716e-05
2.3733e-05
2.3751e-05
2.3768e-05
2.3785e-05
2.3803e-05
2.382e-05
2.3837e-05
2.3854e-05
2.3871e-05
2.3889e-05
2.3906e-05
2.3923e-05
2.394e-05
2.3957e-05
2.3974e-05
2.3991e-05
2.4008e-05
2.4025e-05
2.4042e-05
2.4059e-05
2.4076e-05
2.4093e-05
2.411e-05
2.4127e-05
2.4144e-05
2.4161e-05
2.4178e-05
2.4195e-05
2.4211e-05
2.4228e-05
2.4245e-05
2.4262e-05
2.4279e-05
2.4295e-05
2.4312e-05
2.4329e-05
2.4345e-05
2.4362e-05
2.4379e-05
2.4395e-05
2.4412e-05
2.4429e-05
2.4445e-05
2.4462e-05
2.4478e-05
2.4495e-05
2.4511e-05
2.4528e-05
2.4544e-05
2.4561e-05
2.4577e-05
2.4594e-05
2.461e-05
2.4626e-05
2.4643e-05
2.4659e-05
2.4675e-05
2.4692e-05
2.4708e-05
2.4724e-05
2.474e-05
2.4756e-05
2.4773e-05
2.4789e-05
2.4805e-05
2.4821e-05
2.4837e-05
2.4853e-05
2.4869e-05
2.4885e-05
2.4901e-05
2.4917e-05
2.4933e-05
2.4949e-05
2.4965e-05
2.4981e-05
2.4997e-05
2.5013e-05
2.5029e-05
2.5045e-05
2.5061e-05
2.5076e-05
2.5092e-05
2.5108e-05
2.5124e-05
2.5139e-05
2.5155e-05
2.5171e-05
2.5186e-05
2.5202e-05
2.5218e-05
2.5233e-05
2.5249e-05
2.5264e-05
2.528e-05
2.5295e-05
2.5311e-05
2.5326e-05
2.5342e-05
2.5357e-05
2.5373e-05
2.5388e-05
2.5403e-05
2.5419e-05
2.5434e-05
2.5449e-05
2.5465e-05
2.548e-05
2.5495e-05
2.551e-05
2.5525e-05
2.5541e-05
2.5556e-05
2.5571e-05
2.5586e-05
2.5601e-05
2.5616e-05
2.5631e-05
2.5646e-05
2.5661e-05
2.5676e-05
2.5691e-05
2.5706e-05
2.5721e-05
2.5735e-05
2.575e-05
2.5765e-05
2.578e-05
2.5795e-05
2.5809e-05
2.5824e-05
2.5839e-05
2.5854e-05
2.5868e-05
2.5883e-05
2.5897e-05
2.5912e-05
2.5927e-05
2.5941e-05
2.5956e-05
2.597e-05
2.5985e-05
2.5999e-05
2.6013e-05
2.6028e-05
2.6042e-05
2.6056e-05
2.6071e-05
2.6085e-05
2.6099e-05
2.6114e-05
2.6128e-05
2.6142e-05
2.6156e-05
2.617e-05
2.6184e-05
2.6199e-05
2.6213e-05
2.6227e-05
2.6241e-05
2.6255e-05
2.6269e-05
2.6283e-05
2.6297e-05
2.631e-05
2.6324e-05
2.6338e-05
2.6352e-05
2.6366e-05
2.638e-05
2.6393e-05
2.6407e-05
2.6421e-05
2.6434e-05
2.6448e-05
2.6462e-05
2.6475e-05
2.6489e-05
2.6502e-05
2.6516e-05
2.6529e-05
2.6543e-05
2.6556e-05
2.657e-05
2.6583e-05
2.6596e-05
2.661e-05
2.6623e-05
2.6636e-05
2.665e-05
2.6663e-05
2.6676e-05
2.6689e-05
2.6702e-05
2.6716e-05
2.6729e-05
2.6742e-05
2.6755e-05
2.6768e-05
2.6781e-05
2.6794e-05
2.6807e-05
2.682e-05
2.6832e-05
2.6845e-05
2.6858e-05
2.6871e-05
2.6884e-05
2.6897e-05
2.6909e-05
2.6922e-05
2.6935e-05
2.6947e-05
2.696e-05
2.6972e-05
2.6985e-05
2.6998e-05
2.701e-05
2.7023e-05
2.7035e-05
2.7047e-05
2.706e-05
2.7072e-05
2.7085e-05
2.7097e-05
2.7109e-05
2.7121e-05
2.7134e-05
2.7146e-05
2.7158e-05
2.717e-05
2.7182e-05
2.7194e-05
2.7206e-05
2.7219e-05
2.7231e-05
2.7243e-05
2.7254e-05
2.7266e-05
2.7278e-05
2.729e-05
2.7302e-05
2.7314e-05
2.7326e-05
2.7337e-05
2.7349e-05
2.7361e-05
2.7372e-05
2.7384e-05
2.7396e-05
2.7407e-05
2.7419e-05
2.743e-05
2.7442e-05
2.7453e-05
2.7465e-05
2.7476e-05
2.7488e-05
2.7499e-05
2.751e-05
2.7521e-05
2.7533e-05
2.7544e-05
2.7555e-05
2.7566e-05
2.7578e-05
2.7589e-05
2.76e-05
2.7611e-05
2.7622e-05
2.7633e-05
2.7644e-05
2.7655e-05
2.7666e-05
2.7677e-05
2.7687e-05
2.7698e-05
2.7709e-05
2.772e-05
2.773e-05
2.7741e-05
2.7752e-05
2.7762e-05
2.7773e-05
2.7784e-05
2.7794e-05
2.7805e-05
2.7815e-05
2.7826e-05
2.7836e-05
2.7847e-05
2.7857e-05
2.7867e-05
2.7878e-05
2.7888e-05
2.7898e-05
2.7908e-05
2.7918e-05
2.7929e-05
2.7939e-05
2.7949e-05
2.7959e-05
2.7969e-05
2.7979e-05
2.7989e-05
2.7999e-05
2.8009e-05
2.8019e-05
2.8029e-05
2.8038e-05
2.8048e-05
2.8058e-05
2.8068e-05
2.8077e-05
2.8087e-05
2.8097e-05
2.8106e-05
2.8116e-05
2.8125e-05
2.8135e-05
2.8144e-05
2.8154e-05
2.8163e-05
2.8173e-05
2.8182e-05
2.8191e-05
2.82e-05
2.821e-05
2.8219e-05
2.8228e-05
2.8237e-05
2.8246e-05
2.8255e-05
2.8265e-05
2.8274e-05
2.8283e-05
2.8292e-05
2.83e-05
2.8309e-05
2.8318e-05
2.8327e-05
2.8336e-05
2.8345e-05
2.8353e-05
2.8362e-05
2.8371e-05
2.8379e-05
2.8388e-05
2.8397e-05
2.8405e-05
2.8414e-05
2.8422e-05
2.8431e-05
2.8439e-05
2.8447e-05
2.8456e-05
2.8464e-05
2.8472e-05
2.8481e-05
2.8489e-05
2.8497e-05
2.8505e-05
2.8513e-05
2.8522e-05
2.853e-05
2.8538e-05
2.8546e-05
2.8554e-05
2.8562e-05
2.8569e-05
2.8577e-05
2.8585e-05
2.8593e-05
2.8601e-05
2.8608e-05
2.8616e-05
2.8624e-05
2.8631e-05
2.8639e-05
2.8647e-05
2.8654e-05
2.8662e-05
2.8669e-05
2.8676e-05
2.8684e-05
2.8691e-05
2.8699e-05
2.8706e-05
2.8713e-05
2.872e-05
2.8728e-05
2.8735e-05
2.8742e-05
2.8749e-05
2.8756e-05
2.8763e-05
2.877e-05
2.8777e-05
2.8784e-05
2.8791e-05
2.8798e-05
2.8805e-05
2.8811e-05
2.8818e-05
2.8825e-05
2.8832e-05
2.8838e-05
2.8845e-05
2.8851e-05
2.8858e-05
2.8865e-05
2.8871e-05
2.8877e-05
2.8884e-05
2.889e-05
2.8897e-05
2.8903e-05
2.8909e-05
2.8916e-05
2.8922e-05
2.8928e-05
2.8934e-05
2.894e-05
2.8946e-05
2.8952e-05
2.8958e-05
2.8964e-05
2.897e-05
2.8976e-05
2.8982e-05
2.8988e-05
2.8994e-05
2.8999e-05
2.9005e-05
2.9011e-05
2.9017e-05
2.9022e-05
2.9028e-05
2.9033e-05
2.9039e-05
2.9044e-05
2.905e-05
2.9055e-05
2.9061e-05
2.9066e-05
2.9071e-05
2.9077e-05
2.9082e-05
2.9087e-05
2.9092e-05
2.9097e-05
2.9103e-05
2.9108e-05
2.9113e-05
2.9118e-05
2.9123e-05
2.9128e-05
2.9133e-05
2.9137e-05
2.9142e-05
2.9147e-05
2.9152e-05
2.9156e-05
2.9161e-05
2.9166e-05
2.917e-05
2.9175e-05
2.918e-05
2.9184e-05
2.9189e-05
2.9193e-05
2.9197e-05
2.9202e-05
2.9206e-05
2.9211e-05
2.9215e-05
2.9219e-05
2.9223e-05
2.9227e-05
2.9232e-05
2.9236e-05
2.924e-05
2.9244e-05
2.9248e-05
2.9252e-05
2.9256e-05
2.9259e-05
2.9263e-05
2.9267e-05
2.9271e-05
2.9275e-05
2.9278e-05
2.9282e-05
2.9286e-05
2.9289e-05
2.9293e-05
2.9296e-05
2.93e-05
2.9303e-05
2.9307e-05
2.931e-05
2.9313e-05
2.9317e-05
2.932e-05
2.9323e-05
2.9326e-05
2.933e-05
2.9333e-05
2.9336e-05
2.9339e-05
2.9342e-05
2.9345e-05
2.9348e-05
2.9351e-05
2.9354e-05
2.9357e-05
2.9359e-05
2.9362e-05
2.9365e-05
2.9368e-05
2.937e-05
2.9373e-05
2.9376e-05
2.9378e-05
2.9381e-05
2.9383e-05
2.9386e-05
2.9388e-05
2.939e-05
2.9393e-05
2.9395e-05
2.9397e-05
2.94e-05
2.9402e-05
2.9404e-05
2.9406e-05
2.9408e-05
2.941e-05
2.9412e-05
2.9414e-05
2.9416e-05
2.9418e-05
2.942e-05
2.9422e-05
2.9424e-05
2.9425e-05
2.9427e-05
2.9429e-05
2.943e-05
2.9432e-05
2.9434e-05
2.9435e-05
2.9437e-05
2.9438e-05
2.944e-05
2.9441e-05
2.9442e-05
2.9444e-05
2.9445e-05
2.9446e-05
2.9448e-05
2.9449e-05
2.945e-05
2.9451e-05
2.9452e-05
2.9453e-05
2.9454e-05
2.9455e-05
2.9456e-05
2.9457e-05
2.9458e-05
2.9459e-05
2.946e-05
2.946e-05
2.9461e-05
2.9462e-05
2.9462e-05
2.9463e-05
2.9464e-05
2.9464e-05
2.9465e-05
2.9465e-05
2.9466e-05
2.9466e-05
2.9466e-05
2.9467e-05
2.9467e-05
2.9467e-05
2.9467e-05
2.9468e-05
2.9468e-05
2.9468e-05
2.9468e-05
2.9468e-05
2.9468e-05
2.9468e-05
2.9468e-05
2.9468e-05
2.9468e-05
2.9467e-05
2.9467e-05
2.9467e-05
2.9467e-05
2.9466e-05
2.9466e-05
2.9466e-05
2.9465e-05
2.9465e-05
2.9464e-05
2.9464e-05
2.9463e-05
2.9462e-05
2.9462e-05
2.9461e-05
2.946e-05
2.946e-05
2.9459e-05
2.9458e-05
2.9457e-05
2.9456e-05
2.9455e-05
2.9454e-05
2.9453e-05
2.9452e-05
2.9451e-05
2.945e-05
2.9449e-05
2.9448e-05
2.9446e-05
2.9445e-05
2.9444e-05
2.9443e-05
2.9441e-05
2.944e-05
2.9438e-05
2.9437e-05
2.9435e-05
2.9434e-05
2.9432e-05
2.943e-05
2.9429e-05
2.9427e-05
2.9425e-05
2.9424e-05
2.9422e-05
2.942e-05
2.9418e-05
2.9416e-05
2.9414e-05
2.9412e-05
2.941e-05
2.9408e-05
2.9406e-05
2.9404e-05
2.9402e-05
2.94e-05
2.9397e-05
2.9395e-05
2.9393e-05
2.939e-05
2.9388e-05
2.9386e-05
2.9383e-05
2.9381e-05
2.9378e-05
2.9376e-05
2.9373e-05
2.937e-05
2.9368e-05
2.9365e-05
2.9362e-05
2.9359e-05
2.9357e-05
2.9354e-05
2.9351e-05
2.9348e-05
2.9345e-05
2.9342e-05
2.9339e-05
2.9336e-05
2.9333e-05
2.933e-05
2.9327e-05
2.9323e-05
2.932e-05
2.9317e-05
2.9313e-05
2.931e-05
2.9307e-05
2.9303e-05
2.93e-05
2.9296e-05
2.9293e-05
2.9289e-05
2.9286e-05
2.9282e-05
2.9278e-05
2.9275e-05
2.9271e-05
2.9267e-05
2.9263e-05
2.9259e-05
2.9256e-05
2.9252e-05
2.9248e-05
2.9244e-05
2.924e-05
2.9236e-05
2.9232e-05
2.9227e-05
2.9223e-05
2.9219e-05
2.9215e-05
2.9211e-05
2.9206e-05
2.9202e-05
2.9198e-05
2.9193e-05
2.9189e-05
2.9184e-05
2.918e-05
2.9175e-05
2.9171e-05
2.9166e-05
2.9161e-05
2.9157e-05
2.9152e-05
2.9147e-05
2.9142e-05
2.9137e-05
2.9133e-05
2.9128e-05
2.9123e-05
2.9118e-05
2.9113e-05
2.9108e-05
2.9103e-05
2.9098e-05
2.9092e-05
2.9087e-05
2.9082e-05
2.9077e-05
2.9071e-05
2.9066e-05
2.9061e-05
2.9055e-05
2.905e-05
2.9044e-05
2.9039e-05
2.9033e-05
2.9028e-05
2.9022e-05
2.9017e-05
2.9011e-05
2.9005e-05
2.9e-05
2.8994e-05
2.8988e-05
2.8982e-05
2.8976e-05
2.897e-05
2.8964e-05
2.8958e-05
2.8952e-05
2.8946e-05
2.894e-05
2.8934e-05
2.8928e-05
2.8922e-05
2.8916e-05
2.8909e-05
2.8903e-05
2.8897e-05
2.889e-05
2.8884e-05
2.8878e-05
2.8871e-05
2.8865e-05
2.8858e-05
2.8852e-05
2.8845e-05
2.8838e-05
2.8832e-05
2.8825e-05
2.8818e-05
2.8811e-05
2.8805e-05
2.8798e-05
2.8791e-05
2.8784e-05
2.8777e-05
2.877e-05
2.8763e-05
2.8756e-05
2.8749e-05
2.8742e-05
2.8735e-05
2.8728e-05
2.872e-05
2.8713e-05
2.8706e-05
2.8699e-05
2.8691e-05
2.8684e-05
2.8677e-05
2.8669e-05
2.8662e-05
2.8654e-05
2.8647e-05
2.8639e-05
2.8631e-05
2.8624e-05
2.8616e-05
2.8608e-05
2.8601e-05
2.8593e-05
2.8585e-05
2.8577e-05
2.8569e-05
2.8562e-05
2.8554e-05
2.8546e-05
2.8538e-05
2.853e-05
2.8522e-05
2.8514e-05
2.8505e-05
2.8497e-05
2.8489e-05
2.8481e-05
2.8473e-05
2.8464e-05
2.8456e-05
2.8448e-05
2.8439e-05
2.8431e-05
2.8422e-05
2.8414e-05
2.8405e-05
2.8397e-05
2.8388e-05
2.838e-05
2.8371e-05
2.8362e-05
2.8354e-05
2.8345e-05
2.8336e-05
2.8327e-05
2.8318e-05
2.831e-05
2.8301e-05
2.8292e-05
2.8283e-05
2.8274e-05
2.8265e-05
2.8256e-05
2.8247e-05
2.8237e-05
2.8228e-05
2.8219e-05
2.821e-05
2.8201e-05
2.8191e-05
2.8182e-05
2.8173e-05
2.8163e-05
2.8154e-05
2.8144e-05
2.8135e-05
2.8125e-05
2.8116e-05
2.8106e-05
2.8097e-05
2.8087e-05
2.8077e-05
2.8068e-05
2.8058e-05
2.8048e-05
2.8038e-05
2.8029e-05
2.8019e-05
2.8009e-05
2.7999e-05
2.7989e-05
2.7979e-05
2.7969e-05
2.7959e-05
2.7949e-05
2.7939e-05
2.7929e-05
2.7919e-05
2.7908e-05
2.7898e-05
2.7888e-05
2.7878e-05
2.7867e-05
2.7857e-05
2.7847e-05
2.7836e-05
2.7826e-05
2.7815e-05
2.7805e-05
2.7794e-05
2.7784e-05
2.7773e-05
2.7763e-05
2.7752e-05
2.7741e-05
2.7731e-05
2.772e-05
2.7709e-05
2.7698e-05
2.7688e-05
2.7677e-05
2.7666e-05
2.7655e-05
2.7644e-05
2.7633e-05
2.7622e-05
2.7611e-05
2.76e-05
2.7589e-05
2.7578e-05
2.7567e-05
2.7555e-05
2.7544e-05
2.7533e-05
2.7522e-05
2.751e-05
2.7499e-05
2.7488e-05
2.7476e-05
2.7465e-05
2.7453e-05
2.7442e-05
2.743e-05
2.7419e-05
2.7407e-05
2.7396e-05
2.7384e-05
2.7373e-05
2.7361e-05
2.7349e-05
2.7337e-05
2.7326e-05
2.7314e-05
2.7302e-05
2.729e-05
2.7278e-05
2.7267e-05
2.7255e-05
2.7243e-05
2.7231e-05
2.7219e-05
2.7207e-05
2.7195e-05
2.7182e-05
2.717e-05
2.7158e-05
2.7146e-05
2.7134e-05
2.7122e-05
2.7109e-05
2.7097e-05
2.7085e-05
2.7072e-05
2.706e-05
2.7048e-05
2.7035e-05
2.7023e-05
2.701e-05
2.6998e-05
2.6985e-05
2.6973e-05
2.696e-05
2.6947e-05
2.6935e-05
2.6922e-05
2.6909e-05
2.6897e-05
2.6884e-05
2.6871e-05
2.6858e-05
2.6845e-05
2.6833e-05
2.682e-05
2.6807e-05
2.6794e-05
2.6781e-05
2.6768e-05
2.6755e-05
2.6742e-05
2.6729e-05
2.6716e-05
2.6703e-05
2.6689e-05
2.6676e-05
2.6663e-05
2.665e-05
2.6637e-05
2.6623e-05
2.661e-05
2.6597e-05
2.6583e-05
2.657e-05
2.6556e-05
2.6543e-05
2.653e-05
2.6516e-05
2.6503e-05
2.6489e-05
2.6475e-05
2.6462e-05
2.6448e-05
2.6435e-05
2.6421e-05
2.6407e-05
2.6393e-05
2.638e-05
2.6366e-05
2.6352e-05
2.6338e-05
2.6324e-05
2.6311e-05
2.6297e-05
2.6283e-05
2.6269e-05
2.6255e-05
2.6241e-05
2.6227e-05
2.6213e-05
2.6199e-05
2.6185e-05
2.617e-05
2.6156e-05
2.6142e-05
2.6128e-05
2.6114e-05
2.61e-05
2.6085e-05
2.6071e-05
2.6057e-05
2.6042e-05
2.6028e-05
2.6014e-05
2.5999e-05
2.5985e-05
2.597e-05
2.5956e-05
2.5941e-05
2.5927e-05
2.5912e-05
2.5898e-05
2.5883e-05
2.5868e-05
2.5854e-05
2.5839e-05
2.5824e-05
2.581e-05
2.5795e-05
2.578e-05
2.5765e-05
2.5751e-05
2.5736e-05
2.5721e-05
2.5706e-05
2.5691e-05
2.5676e-05
2.5661e-05
2.5646e-05
2.5631e-05
2.5616e-05
2.5601e-05
2.5586e-05
2.5571e-05
2.5556e-05
2.5541e-05
2.5526e-05
2.551e-05
2.5495e-05
2.548e-05
2.5465e-05
2.5449e-05
2.5434e-05
2.5419e-05
2.5404e-05
2.5388e-05
2.5373e-05
2.5357e-05
2.5342e-05
2.5327e-05
2.5311e-05
2.5296e-05
2.528e-05
2.5265e-05
2.5249e-05
2.5233e-05
2.5218e-05
2.5202e-05
2.5187e-05
2.5171e-05
2.5155e-05
2.514e-05
2.5124e-05
2.5108e-05
2.5092e-05
2.5077e-05
2.5061e-05
2.5045e-05
2.5029e-05
2.5013e-05
2.4997e-05
2.4981e-05
2.4966e-05
2.495e-05
2.4934e-05
2.4918e-05
2.4902e-05
2.4886e-05
2.487e-05
2.4854e-05
2.4837e-05
2.4821e-05
2.4805e-05
2.4789e-05
2.4773e-05
2.4757e-05
2.474e-05
2.4724e-05
2.4708e-05
2.4692e-05
2.4675e-05
2.4659e-05
2.4643e-05
2.4626e-05
2.461e-05
2.4594e-05
2.4577e-05
2.4561e-05
2.4544e-05
2.4528e-05
2.4511e-05
2.4495e-05
2.4478e-05
2.4462e-05
2.4445e-05
2.4429e-05
2.4412e-05
2.4396e-05
2.4379e-05
2.4362e-05
2.4346e-05
2.4329e-05
2.4312e-05
2.4296e-05
2.4279e-05
2.4262e-05
2.4245e-05
2.4228e-05
2.4212e-05
2.4195e-05
2.4178e-05
2.4161e-05
2.4144e-05
2.4127e-05
2.411e-05
2.4093e-05
2.4076e-05
2.406e-05
2.4043e-05
2.4026e-05
2.4008e-05
2.3991e-05
2.3974e-05
2.3957e-05
2.394e-05
2.3923e-05
2.3906e-05
2.3889e-05
2.3872e-05
2.3854e-05
2.3837e-05
2.382e-05
2.3803e-05
2.3786e-05
2.3768e-05
2.3751e-05
2.3734e-05
2.3716e-05
2.3699e-05
2.3682e-05
2.3664e-05
2.3647e-05
2.363e-05
2.3612e-05
2.3595e-05
2.3577e-05
2.356e-05
2.3542e-05
2.3525e-05
2.3507e-05
2.349e-05
2.3472e-05
2.3455e-05
2.3437e-05
2.342e-05
2.3402e-05
2.3384e-05
2.3367e-05
2.3349e-05
2.3331e-05
2.3314e-05
2.3296e-05
2.3278e-05
2.3261e-05
2.3243e-05
2.3225e-05
2.3207e-05
2.3189e-05
2.3172e-05
2.3154e-05
2.3136e-05
2.3118e-05
2.31e-05
2.3082e-05
2.3065e-05
2.3047e-05
2.3029e-05
2.3011e-05
2.2993e-05
2.2975e-05
2.2957e-05
2.2939e-05
2.2921e-05
2.2903e-05
2.2885e-05
2.2867e-05
2.2849e-05
2.2831e-05
2.2813e-05
2.2795e-05
2.2776e-05
2.2758e-05
2.274e-05
2.2722e-05
2.2704e-05
2.2686e-05
2.2667e-05
2.2649e-05
2.2631e-05
2.2613e-05
2.2595e-05
2.2576e-05
2.2558e-05
2.254e-05
2.2521e-05
2.2503e-05
2.2485e-05
2.2466e-05
2.2448e-05
2.243e-05
2.2411e-05
2.2393e-05
2.2375e-05
2.2356e-05
2.2338e-05
2.2319e-05
2.2301e-05
2.2282e-05
2.2264e-05
2.2245e-05
2.2227e-05
2.2208e-05
2.219e-05
2.2171e-05
2.2153e-05
2.2134e-05
2.2116e-05
2.2097e-05
2.2078e-05
2.206e-05
2.2041e-05
2.2023e-05
2.2004e-05
2.1985e-05
2.1967e-05
2.1948e-05
2.1929e-05
2.1911e-05
2.1892e-05
2.1873e-05
2.1855e-05
2.1836e-05
2.1817e-05
2.1798e-05
2.178e-05
2.1761e-05
2.1742e-05
2.1723e-05
2.1704e-05
2.1686e-05
2.1667e-05
2.1648e-05
2.1629e-05
2.161e-05
2.1591e-05
2.1572e-05
2.1553e-05
2.1535e-05
2.1516e-05
2.1497e-05
2.1478e-05
2.1459e-05
2.144e-05
2.1421e-05
2.1402e-05
2.1383e-05
2.1364e-05
2.1345e-05
2.1326e-05
2.1307e-05
2.1288e-05
2.1269e-05
2.125e-05
2.1231e-05
2.1212e-05
2.1193e-05
2.1174e-05
2.1155e-05
2.1135e-05
2.1116e-05
2.1097e-05
2.1078e-05
2.1059e-05
2.104e-05
2.1021e-05
2.1002e-05
2.0982e-05
2.0963e-05
2.0944e-05
2.0925e-05
2.0906e-05
2.0886e-05
2.0867e-05
2.0848e-05
2.0829e-05
2.081e-05
2.079e-05
2.0771e-05
2.0752e-05
2.0733e-05
2.0713e-05
2.0694e-05
2.0675e-05
2.0655e-05
2.0636e-05
2.0617e-05
2.0597e-05
2.0578e-05
2.0559e-05
2.0539e-05
2.052e-05
2.0501e-05
2.0481e-05
2.0462e-05
2.0443e-05
2.0423e-05
2.0404e-05
2.0384e-05
2.0365e-05
2.0346e-05
2.0326e-05
2.0307e-05
2.0287e-05
2.0268e-05
2.0248e-05
2.0229e-05
2.021e-05
2.019e-05
2.0171e-05
2.0151e-05
2.0132e-05
2.0112e-05
2.0093e-05
2.0073e-05
2.0054e-05
2.0034e-05
2.0015e-05
1.9995e-05
1.9976e-05
1.9956e-05
1.9937e-05
1.9917e-05
1.9898e-05
1.9878e-05
1.9858e-05
1.9839e-05
1.9819e-05
1.98e-05
1.978e-05
1.9761e-05
1.9741e-05
1.9721e-05
1.9702e-05
1.9682e-05
1.9663e-05
1.9643e-05
1.9623e-05
1.9604e-05
1.9584e-05
1.9565e-05
1.9545e-05
1.9525e-05
1.9506e-05
1.9486e-05
1.9466e-05
1.9447e-05
1.9427e-05
1.9407e-05
1.9388e-05
1.9368e-05
1.9348e-05
1.9329e-05
1.9309e-05
1.9289e-05
1.927e-05
1.925e-05
1.923e-05
1.9211e-05
1.9191e-05
1.9171e-05
1.9151e-05
1.9132e-05
1.9112e-05
1.9092e-05
1.9073e-05
1.9053e-05
1.9033e-05
1.9013e-05
1.8994e-05
1.8974e-05
1.8954e-05
1.8934e-05
1.8915e-05
1.8895e-05
1.8875e-05
1.8855e-05
1.8836e-05
1.8816e-05
1.8796e-05
1.8776e-05
1.8757e-05
1.8737e-05
1.8717e-05
1.8697e-05
1.8678e-05
1.8658e-05
1.8638e-05
1.8618e-05
1.8599e-05
1.8579e-05
1.8559e-05
1.8539e-05
1.8519e-05
1.85e-05
1.848e-05
1.846e-05
1.844e-05
1.842e-05
1.8401e-05
1.8381e-05
1.8361e-05
1.8341e-05
1.8321e-05
1.8302e-05
1.8282e-05
1.8262e-05
1.8242e-05
1.8222e-05
1.8203e-05
1.8183e-05
1.8163e-05
1.8143e-05
1.8123e-05
1.8104e-05
1.8084e-05
1.8064e-05
1.8044e-05
1.8024e-05
1.8005e-05
1.7985e-05
1.7965e-05
1.7945e-05
1.7925e-05
1.7905e-05
1.7886e-05
1.7866e-05
1.7846e-05
1.7826e-05
1.7806e-05
1.7787e-05
1.7767e-05
1.7747e-05
1.7727e-05
1.7707e-05
1.7688e-05
1.7668e-05
1.7648e-05
1.7628e-05
1.7608e-05
1.7589e-05
1.7569e-05
1.7549e-05
1.7529e-05
1.7509e-05
1.7489e-05
1.747e-05
1.745e-05
1.743e-05
1.741e-05
1.739e-05
1.7371e-05
1.7351e-05
1.7331e-05
1.7311e-05
1.7292e-05
1.7272e-05
1.7252e-05
1.7232e-05
1.7212e-05
1.7193e-05
1.7173e-05
1.7153e-05
1.7133e-05
1.7113e-05
1.7094e-05
1.7074e-05
1.7054e-05
1.7034e-05
1.7015e-05
1.6995e-05
1.6975e-05
1.6955e-05
1.6936e-05
1.6916e-05
1.6896e-05
1.6876e-05
1.6857e-05
1.6837e-05
1.6817e-05
1.6797e-05
1.6778e-05
1.6758e-05
1.6738e-05
1.6718e-05
1.6699e-05
1.6679e-05
1.6659e-05
1.6639e-05
1.662e-05
1.66e-05
1.658e-05
1.6561e-05
1.6541e-05
1.6521e-05
1.6501e-05
1.6482e-05
1.6462e-05
1.6442e-05
1.6423e-05
1.6403e-05
1.6383e-05
1.6364e-05
1.6344e-05
1.6324e-05
1.6305e-05
1.6285e-05
1.6265e-05
1.6246e-05
1.6226e-05
1.6206e-05
1.6187e-05
1.6167e-05
1.6147e-05
1.6128e-05
1.6108e-05
1.6089e-05
1.6069e-05
1.6049e-05
1.603e-05
1.601e-05
1.5991e-05
1.5971e-05
1.5951e-05
1.5932e-05
1.5912e-05
1.5893e-05
1.5873e-05
1.5853e-05
1.5834e-05
1.5814e-05
1.5795e-05
1.5775e-05
1.5756e-05
1.5736e-05
1.5717e-05
1.5697e-05
1.5678e-05
1.5658e-05
1.5638e-05
1.5619e-05
1.5599e-05
1.558e-05
1.556e-05
1.5541e-05
1.5522e-05
1.5502e-05
1.5483e-05
1.5463e-05
1.5444e-05
1.5424e-05
1.5405e-05
1.5385e-05
1.5366e-05
1.5346e-05
1.5327e-05
1.5308e-05
1.5288e-05
1.5269e-05
1.5249e-05
1.523e-05
1.5211e-05
1.5191e-05
1.5172e-05
1.5152e-05
1.5133e-05
1.5114e-05
1.5094e-05
1.5075e-05
1.5056e-05
1.5036e-05
1.5017e-05
1.4998e-05
1.4978e-05
1.4959e-05
1.494e-05
1.492e-05
1.4901e-05
1.4882e-05
1.4862e-05
1.4843e-05
1.4824e-05
1.4805e-05
1.4785e-05
1.4766e-05
1.4747e-05
1.4728e-05
1.4708e-05
1.4689e-05
1.467e-05
1.4651e-05
1.4632e-05
1.4612e-05
1.4593e-05
1.4574e-05
1.4555e-05
1.4536e-05
1.4517e-05
1.4497e-05
1.4478e-05
1.4459e-05
1.444e-05
1.4421e-05
1.4402e-05
1.4383e-05
1.4364e-05
1.4345e-05
1.4326e-05
1.4306e-05
1.4287e-05
1.4268e-05
1.4249e-05
1.423e-05
1.4211e-05
1.4192e-05
1.4173e-05
1.4154e-05
1.4135e-05
1.4116e-05
1.4097e-05
1.4078e-05
1.4059e-05
1.404e-05
1.4021e-05
1.4002e-05
1.3984e-05
1.3965e-05
1.3946e-05
1.3927e-05
1.3908e-05
1.3889e-05
1.387e-05
1.3851e-05
1.3832e-05
1.3814e-05
1.3795e-05
1.3776e-05
1.3757e-05
1.3738e-05
1.3719e-05
1.3701e-05
1.3682e-05
1.3663e-05
1.3644e-05
1.3625e-05
1.3607e-05
1.3588e-05
1.3569e-05
1.3551e-05
1.3532e-05
1.3513e-05
1.3494e-05
1.3476e-05
1.3457e-05
1.3438e-05
1.342e-05
1.3401e-05
1.3382e-05
1.3364e-05
1.3345e-05
1.3327e-05
1.3308e-05
1.3289e-05
1.3271e-05
1.3252e-05
1.3234e-05
1.3215e-05
1.3196e-05
1.3178e-05
1.3159e-05
1.3141e-05
1.3122e-05
1.3104e-05
1.3085e-05
1.3067e-05
1.3048e-05
1.303e-05
1.3012e-05
1.2993e-05
1.2975e-05
1.2956e-05
1.2938e-05
1.2919e-05
1.2901e-05
1.2883e-05
1.2864e-05
1.2846e-05
1.2828e-05
1.2809e-05
1.2791e-05
1.2773e-05
1.2754e-05
1.2736e-05
1.2718e-05
1.27e-05
1.2681e-05
1.2663e-05
1.2645e-05
1.2627e-05
1.2608e-05
1.259e-05
1.2572e-05
1.2554e-05
1.2536e-05
1.2517e-05
1.2499e-05
1.2481e-05
1.2463e-05
1.2445e-05
1.2427e-05
1.2409e-05
1.2391e-05
1.2373e-05
1.2354e-05
1.2336e-05
1.2318e-05
1.23e-05
1.2282e-05
1.2264e-05
1.2246e-05
1.2228e-05
1.221e-05
1.2192e-05
1.2174e-05
1.2157e-05
1.2139e-05
1.2121e-05
1.2103e-05
1.2085e-05
1.2067e-05
1.2049e-05
1.2031e-05
1.2013e-05
1.1996e-05
1.1978e-05
1.196e-05
1.1942e-05
1.1924e-05
1.1907e-05
1.1889e-05
1.1871e-05
1.1853e-05
1.1836e-05
1.1818e-05
1.18e-05
1.1783e-05
1.1765e-05
1.1747e-05
1.173e-05
1.1712e-05
1.1694e-05
1.1677e-05
1.1659e-05
1.1641e-05
1.1624e-05
1.1606e-05
1.1589e-05
1.1571e-05
1.1554e-05
1.1536e-05
1.1519e-05
1.1501e-05
1.1484e-05
1.1466e-05
1.1449e-05
1.1431e-05
1.1414e-05
1.1396e-05
1.1379e-05
1.1362e-05
1.1344e-05
1.1327e-05
1.1309e-05
1.1292e-05
1.1275e-05
1.1258e-05
1.124e-05
1.1223e-05
1.1206e-05
1.1188e-05
1.1171e-05
1.1154e-05
1.1137e-05
1.1119e-05
1.1102e-05
1.1085e-05
1.1068e-05
1.1051e-05
1.1034e-05
1.1016e-05
1.0999e-05
1.0982e-05
1.0965e-05
1.0948e-05
1.0931e-05
1.0914e-05
1.0897e-05
1.088e-05
1.0863e-05
1.0846e-05
1.0829e-05
1.0812e-05
1.0795e-05
1.0778e-05
1.0761e-05
1.0744e-05
1.0727e-05
1.071e-05
1.0693e-05
1.0676e-05
1.066e-05
1.0643e-05
1.0626e-05
1.0609e-05
1.0592e-05
1.0576e-05
1.0559e-05
1.0542e-05
1.0525e-05
1.0508e-05
1.0492e-05
1.0475e-05
1.0458e-05
1.0442e-05
1.0425e-05
1.0408e-05
1.0392e-05
1.0375e-05
1.0358e-05
1.0342e-05
1.0325e-05
1.0309e-05
1.0292e-05
1.0276e-05
1.0259e-05
1.0243e-05
1.0226e-05
1.021e-05
1.0193e-05
1.0177e-05
1.016e-05
1.0144e-05
1.0127e-05
1.0111e-05
1.0095e-05
1.0078e-05
1.0062e-05
1.0046e-05
1.0029e-05
1.0013e-05
9.9966e-06
9.9803e-06
9.964e-06
9.9478e-06
9.9315e-06
9.9153e-06
9.8991e-06
9.8829e-06
9.8667e-06
9.8505e-06
9.8344e-06
9.8182e-06
9.8021e-06
9.786e-06
9.7699e-06
9.7538e-06
9.7377e-06
9.7217e-06
9.7056e-06
9.6896e-06
9.6736e-06
9.6576e-06
9.6416e-06
9.6256e-06
9.6097e-06
9.5937e-06
9.5778e-06
9.5619e-06
9.546e-06
9.5301e-06
9.5143e-06
9.4984e-06
9.4826e-06
9.4668e-06
9.451e-06
9.4352e-06
9.4194e-06
9.4036e-06
9.3879e-06
9.3721e-06
9.3564e-06
9.3407e-06
9.325e-06
9.3094e-06
9.2937e-06
9.2781e-06
9.2624e-06
9.2468e-06
9.2312e-06
9.2156e-06
9.2001e-06
9.1845e-06
9.169e-06
9.1535e-06
9.1379e-06
9.1225e-06
9.107e-06
9.0915e-06
9.0761e-06
9.0606e-06
9.0452e-06
9.0298e-06
9.0144e-06
8.9991e-06
8.9837e-06
8.9684e-06
8.953e-06
8.9377e-06
8.9224e-06
8.9071e-06
8.8919e-06
8.8766e-06
8.8614e-06
8.8462e-06
8.831e-06
8.8158e-06
8.8006e-06
8.7854e-06
8.7703e-06
8.7552e-06
8.7401e-06
8.725e-06
8.7099e-06
8.6948e-06
8.6798e-06
8.6647e-06
8.6497e-06
8.6347e-06
8.6197e-06
8.6047e-06
8.5898e-06
8.5748e-06
8.5599e-06
8.545e-06
8.5301e-06
8.5152e-06
8.5003e-06
8.4855e-06
8.4707e-06
8.4558e-06
8.441e-06
8.4263e-06
8.4115e-06
8.3967e-06
8.382e-06
8.3673e-06
8.3525e-06
8.3379e-06
8.3232e-06
8.3085e-06
8.2939e-06
8.2792e-06
8.2646e-06
8.25e-06
8.2354e-06
8.2209e-06
8.2063e-06
8.1918e-06
8.1772e-06
8.1627e-06
8.1483e-06
8.1338e-06
8.1193e-06
8.1049e-06
8.0904e-06
8.076e-06
8.0616e-06
8.0473e-06
8.0329e-06
8.0185e-06
8.0042e-06
7.9899e-06
7.9756e-06
7.9613e-06
7.947e-06
7.9328e-06
7.9185e-06
7.9043e-06
7.8901e-06
7.8759e-06
7.8618e-06
7.8476e-06
7.8335e-06
7.8193e-06
7.8052e-06
7.7911e-06
7.777e-06
7.763e-06
7.7489e-06
7.7349e-06
7.7209e-06
7.7069e-06
7.6929e-06
7.6789e-06
7.665e-06
7.651e-06
7.6371e-06
7.6232e-06
7.6093e-06
7.5955e-06
7.5816e-06
7.5678e-06
7.5539e-06
7.5401e-06
7.5263e-06
7.5126e-06
7.4988e-06
7.4851e-06
7.4713e-06
7.4576e-06
7.4439e-06
7.4302e-06
7.4166e-06
7.4029e-06
7.3893e-06
7.3757e-06
7.3621e-06
7.3485e-06
7.3349e-06
7.3214e-06
7.3078e-06
7.2943e-06
7.2808e-06
7.2673e-06
7.2539e-06
7.2404e-06
7.227e-06
7.2135e-06
7.2001e-06
7.1867e-06
7.1734e-06
7.16e-06
7.1467e-06
7.1333e-06
7.12e-06
7.1067e-06
7.0935e-06
7.0802e-06
7.0669e-06
7.0537e-06
7.0405e-06
7.0273e-06
7.0141e-06
7.001e-06
6.9878e-06
6.9747e-06
6.9616e-06
6.9485e-06
6.9354e-06
6.9223e-06
6.9092e-06
6.8962e-06
6.8832e-06
6.8702e-06
6.8572e-06
6.8442e-06
6.8313e-06
6.8183e-06
6.8054e-06
6.7925e-06
6.7796e-06
6.7667e-06
6.7539e-06
6.741e-06
6.7282e-06
6.7154e-06
6.7026e-06
6.6898e-06
6.6771e-06
6.6643e-06
6.6516e-06
6.6389e-06
6.6262e-06
6.6135e-06
6.6008e-06
6.5882e-06
6.5755e-06
6.5629e-06
6.5503e-06
6.5377e-06
6.5252e-06
6.5126e-06
6.5001e-06
6.4876e-06
6.4751e-06
6.4626e-06
6.4501e-06
6.4377e-06
6.4252e-06
6.4128e-06
6.4004e-06
6.388e-06
6.3756e-06
6.3633e-06
6.3509e-06
6.3386e-06
6.3263e-06
6.314e-06
6.3017e-06
6.2895e-06
6.2772e-06
6.265e-06
6.2528e-06
6.2406e-06
6.2284e-06
6.2162e-06
6.2041e-06
6.1919e-06
6.1798e-06
6.1677e-06
6.1556e-06
6.1436e-06
6.1315e-06
6.1195e-06
6.1075e-06
6.0955e-06
6.0835e-06
6.0715e-06
6.0596e-06
6.0476e-06
6.0357e-06
6.0238e-06
6.0119e-06
6e-06
5.9882e-06
5.9763e-06
5.9645e-06
5.9527e-06
5.9409e-06
5.9291e-06
5.9174e-06
5.9056e-06
5.8939e-06
5.8822e-06
5.8705e-06
5.8588e-06
5.8471e-06
5.8355e-06
5.8238e-06
5.8122e-06
5.8006e-06
5.789e-06
5.7775e-06
5.7659e-06
5.7544e-06
5.7429e-06
5.7313e-06
5.7199e-06
5.7084e-06
5.6969e-06
5.6855e-06
5.6741e-06
5.6627e-06
5.6513e-06
5.6399e-06
5.6285e-06
5.6172e-06
5.6059e-06
5.5945e-06
5.5832e-06
5.572e-06
5.5607e-06
5.5494e-06
5.5382e-06
5.527e-06
5.5158e-06
5.5046e-06
5.4934e-06
5.4823e-06
5.4712e-06
5.46e-06
5.4489e-06
5.4378e-06
5.4268e-06
5.4157e-06
5.4047e-06
5.3936e-06
5.3826e-06
5.3716e-06
5.3607e-06
5.3497e-06
5.3387e-06
5.3278e-06
5.3169e-06
5.306e-06
5.2951e-06
5.2842e-06
5.2734e-06
5.2626e-06
5.2517e-06
5.2409e-06
5.2301e-06
5.2194e-06
5.2086e-06
5.1979e-06
5.1871e-06
5.1764e-06
5.1657e-06
5.1551e-06
5.1444e-06
5.1338e-06
5.1231e-06
5.1125e-06
5.1019e-06
5.0913e-06
5.0808e-06
5.0702e-06
5.0597e-06
5.0492e-06
5.0386e-06
5.0282e-06
5.0177e-06
5.0072e-06
4.9968e-06
4.9864e-06
4.9759e-06
4.9655e-06
4.9552e-06
4.9448e-06
4.9345e-06
4.9241e-06
4.9138e-06
4.9035e-06
4.8932e-06
4.8829e-06
4.8727e-06
4.8625e-06
4.8522e-06
4.842e-06
4.8318e-06
4.8216e-06
4.8115e-06
4.8013e-06
4.7912e-06
4.7811e-06
4.771e-06
4.7609e-06
4.7508e-06
4.7408e-06
4.7307e-06
4.7207e-06
4.7107e-06
4.7007e-06
4.6908e-06
4.6808e-06
4.6708e-06
4.6609e-06
4.651e-06
4.6411e-06
4.6312e-06
4.6213e-06
4.6115e-06
4.6017e-06
4.5918e-06
4.582e-06
4.5722e-06
4.5625e-06
4.5527e-06
4.543e-06
4.5332e-06
4.5235e-06
4.5138e-06
4.5041e-06
4.4945e-06
4.4848e-06
4.4752e-06
4.4655e-06
4.4559e-06
4.4463e-06
4.4368e-06
4.4272e-06
4.4176e-06
4.4081e-06
4.3986e-06
4.3891e-06
4.3796e-06
4.3701e-06
4.3607e-06
4.3512e-06
4.3418e-06
4.3324e-06
4.323e-06
4.3136e-06
4.3043e-06
4.2949e-06
4.2856e-06
4.2762e-06
4.2669e-06
4.2576e-06
4.2484e-06
4.2391e-06
4.2299e-06
4.2206e-06
4.2114e-06
4.2022e-06
4.193e-06
4.1839e-06
4.1747e-06
4.1656e-06
4.1564e-06
4.1473e-06
4.1382e-06
4.1291e-06
4.1201e-06
4.111e-06
4.102e-06
4.093e-06
4.084e-06
4.075e-06
4.066e-06
4.057e-06
4.0481e-06
4.0391e-06
4.0302e-06
4.0213e-06
4.0124e-06
4.0036e-06
3.9947e-06
3.9859e-06
3.977e-06
3.9682e-06
3.9594e-06
3.9506e-06
3.9418e-06
3.9331e-06
3.9243e-06
3.9156e-06
3.9069e-06
3.8982e-06
3.8895e-06
3.8809e-06
3.8722e-06
3.8636e-06
3.8549e-06
3.8463e-06
3.8377e-06
3.8291e-06
3.8206e-06
3.812e-06
3.8035e-06
3.795e-06
3.7864e-06
3.778e-06
3.7695e-06
3.761e-06
3.7526e-06
3.7441e-06
3.7357e-06
3.7273e-06
3.7189e-06
3.7105e-06
3.7021e-06
3.6938e-06
3.6855e-06
3.6771e-06
3.6688e-06
3.6605e-06
3.6522e-06
3.644e-06
3.6357e-06
3.6275e-06
3.6193e-06
3.6111e-06
3.6029e-06
3.5947e-06
3.5865e-06
3.5784e-06
3.5702e-06
3.5621e-06
3.554e-06
3.5459e-06
3.5378e-06
3.5297e-06
3.5217e-06
3.5136e-06
3.5056e-06
3.4976e-06
3.4896e-06
3.4816e-06
3.4737e-06
3.4657e-06
3.4578e-06
3.4498e-06
3.4419e-06
3.434e-06
3.4261e-06
3.4183e-06
3.4104e-06
3.4026e-06
3.3947e-06
3.3869e-06
3.3791e-06
3.3713e-06
3.3636e-06
3.3558e-06
3.348e-06
3.3403e-06
3.3326e-06
3.3249e-06
3.3172e-06
3.3095e-06
3.3018e-06
3.2942e-06
3.2866e-06
3.2789e-06
3.2713e-06
3.2637e-06
3.2561e-06
3.2486e-06
3.241e-06
3.2335e-06
3.226e-06
3.2184e-06
3.2109e-06
3.2034e-06
3.196e-06
3.1885e-06
3.1811e-06
3.1736e-06
3.1662e-06
3.1588e-06
3.1514e-06
3.144e-06
3.1367e-06
3.1293e-06
3.122e-06
3.1146e-06
3.1073e-06
3.1e-06
3.0927e-06
3.0855e-06
3.0782e-06
3.071e-06
3.0637e-06
3.0565e-06
3.0493e-06
3.0421e-06
3.0349e-06
3.0278e-06
3.0206e-06
3.0135e-06
3.0064e-06
2.9992e-06
2.9921e-06
2.9851e-06
2.978e-06
2.9709e-06
2.9639e-06
2.9568e-06
2.9498e-06
2.9428e-06
2.9358e-06
2.9288e-06
2.9219e-06
2.9149e-06
2.908e-06
2.901e-06
2.8941e-06
2.8872e-06
2.8803e-06
2.8734e-06
2.8666e-06
2.8597e-06
2.8529e-06
2.846e-06
2.8392e-06
2.8324e-06
2.8256e-06
2.8189e-06
2.8121e-06
2.8053e-06
2.7986e-06
2.7919e-06
2.7852e-06
2.7785e-06
2.7718e-06
2.7651e-06
2.7584e-06
2.7518e-06
2.7452e-06
2.7385e-06
2.7319e-06
2.7253e-06
2.7187e-06
2.7122e-06
2.7056e-06
2.6991e-06
2.6925e-06
2.686e-06
2.6795e-06
2.673e-06
2.6665e-06
2.66e-06
2.6536e-06
2.6471e-06
2.6407e-06
2.6343e-06
2.6279e-06
2.6215e-06
2.6151e-06
2.6087e-06
2.6023e-06
2.596e-06
2.5896e-06
2.5833e-06
2.577e-06
2.5707e-06
2.5644e-06
2.5581e-06
2.5519e-06
2.5456e-06
2.5394e-06
2.5332e-06
2.527e-06
2.5208e-06
2.5146e-06
2.5084e-06
2.5022e-06
2.4961e-06
2.4899e-06
2.4838e-06
2.4777e-06
2.4716e-06
2.4655e-06
2.4594e-06
2.4533e-06
2.4473e-06
2.4412e-06
2.4352e-06
2.4292e-06
2.4232e-06
2.4172e-06
2.4112e-06
2.4052e-06
2.3992e-06
2.3933e-06
2.3873e-06
2.3814e-06
2.3755e-06
2.3696e-06
2.3637e-06
2.3578e-06
2.352e-06
2.3461e-06
2.3403e-06
2.3344e-06
2.3286e-06
2.3228e-06
2.317e-06
2.3112e-06
2.3054e-06
2.2997e-06
2.2939e-06
2.2882e-06
2.2824e-06
2.2767e-06
2.271e-06
2.2653e-06
2.2596e-06
2.254e-06
2.2483e-06
2.2427e-06
2.237e-06
2.2314e-06
2.2258e-06
2.2202e-06
2.2146e-06
2.209e-06
2.2035e-06
2.1979e-06
2.1924e-06
2.1868e-06
2.1813e-06
2.1758e-06
2.1703e-06
2.1648e-06
2.1593e-06
2.1538e-06
2.1484e-06
2.1429e-06
2.1375e-06
2.1321e-06
2.1267e-06
2.1213e-06
2.1159e-06
2.1105e-06
2.1051e-06
2.0998e-06
2.0944e-06
2.0891e-06
2.0838e-06
2.0785e-06
2.0732e-06
2.0679e-06
2.0626e-06
2.0573e-06
2.0521e-06
2.0468e-06
2.0416e-06
2.0364e-06
2.0312e-06
2.026e-06
2.0208e-06
2.0156e-06
2.0104e-06
2.0053e-06
2.0001e-06
1.995e-06
1.9899e-06
1.9847e-06
1.9796e-06
1.9745e-06
1.9695e-06
1.9644e-06
1.9593e-06
1.9543e-06
1.9492e-06
1.9442e-06
1.9392e-06
1.9342e-06
1.9292e-06
1.9242e-06
1.9192e-06
1.9142e-06
1.9093e-06
1.9043e-06
1.8994e-06
1.8945e-06
1.8896e-06
1.8847e-06
1.8798e-06
1.8749e-06
1.87e-06
1.8651e-06
1.8603e-06
1.8554e-06
1.8506e-06
1.8458e-06
1.841e-06
1.8362e-06
1.8314e-06
1.8266e-06
1.8218e-06
1.8171e-06
1.8123e-06
1.8076e-06
1.8029e-06
1.7981e-06
1.7934e-06
1.7887e-06
1.784e-06
1.7794e-06
1.7747e-06
1.77e-06
1.7654e-06
1.7608e-06
1.7561e-06
1.7515e-06
1.7469e-06
1.7423e-06
1.7377e-06
1.7331e-06
1.7286e-06
1.724e-06
1.7195e-06
1.7149e-06
1.7104e-06
1.7059e-06
1.7014e-06
1.6969e-06
1.6924e-06
1.6879e-06
1.6834e-06
1.679e-06
1.6745e-06
1.6701e-06
1.6656e-06
1.6612e-06
1.6568e-06
1.6524e-06
1.648e-06
1.6436e-06
1.6393e-06
1.6349e-06
1.6305e-06
1.6262e-06
1.6219e-06
1.6175e-06
1.6132e-06
1.6089e-06
1.6046e-06
1.6003e-06
1.5961e-06
1.5918e-06
1.5875e-06
1.5833e-06
1.5791e-06
1.5748e-06
1.5706e-06
1.5664e-06
1.5622e-06
1.558e-06
1.5538e-06
1.5496e-06
1.5455e-06
1.5413e-06
1.5372e-06
1.533e-06
1.5289e-06
1.5248e-06
1.5207e-06
1.5166e-06
1.5125e-06
1.5084e-06
1.5043e-06
1.5003e-06
1.4962e-06
1.4922e-06
1.4881e-06
1.4841e-06
1.4801e-06
1.4761e-06
1.4721e-06
1.4681e-06
1.4641e-06
1.4601e-06
1.4562e-06
1.4522e-06
1.4483e-06
1.4443e-06
1.4404e-06
1.4365e-06
1.4326e-06
1.4287e-06
1.4248e-06
1.4209e-06
1.417e-06
1.4132e-06
1.4093e-06
1.4055e-06
1.4016e-06
1.3978e-06
1.394e-06
1.3902e-06
1.3864e-06
1.3826e-06
1.3788e-06
1.375e-06
1.3712e-06
1.3675e-06
1.3637e-06
1.36e-06
1.3562e-06
1.3525e-06
1.3488e-06
1.3451e-06
1.3414e-06
1.3377e-06
1.334e-06
1.3303e-06
1.3267e-06
1.323e-06
1.3194e-06
1.3157e-06
1.3121e-06
1.3085e-06
1.3049e-06
1.3012e-06
1.2976e-06
1.2941e-06
1.2905e-06
1.2869e-06
1.2833e-06
1.2798e-06
1.2762e-06
1.2727e-06
1.2692e-06
1.2656e-06
1.2621e-06
1.2586e-06
1.2551e-06
1.2516e-06
1.2481e-06
1.2447e-06
1.2412e-06
1.2377e-06
1.2343e-06
1.2308e-06
1.2274e-06
1.224e-06
1.2206e-06
1.2171e-06
1.2137e-06
1.2104e-06
1.207e-06
1.2036e-06
1.2002e-06
1.1969e-06
1.1935e-06
1.1902e-06
1.1868e-06
1.1835e-06
1.1802e-06
1.1768e-06
1.1735e-06
1.1702e-06
1.167e-06
1.1637e-06
1.1604e-06
1.1571e-06
1.1539e-06
1.1506e-06
1.1474e-06
1.1441e-06
1.1409e-06
1.1377e-06
1.1345e-06
1.1313e-06
1.1281e-06
1.1249e-06
1.1217e-06
1.1185e-06
1.1153e-06
1.1122e-06
1.109e-06
1.1059e-06
1.1028e-06
1.0996e-06
1.0965e-06
1.0934e-06
1.0903e-06
1.0872e-06
1.0841e-06
1.081e-06
1.0779e-06
1.0749e-06
1.0718e-06
1.0687e-06
1.0657e-06
1.0627e-06
1.0596e-06
1.0566e-06
1.0536e-06
1.0506e-06
1.0476e-06
1.0446e-06
1.0416e-06
1.0386e-06
1.0356e-06
1.0327e-06
1.0297e-06
1.0267e-06
1.0238e-06
1.0209e-06
1.0179e-06
1.015e-06
1.0121e-06
1.0092e-06
1.0063e-06
1.0034e-06
1.0005e-06
9.9761e-07
9.9473e-07
9.9187e-07
9.8901e-07
9.8615e-07
9.8331e-07
9.8047e-07
9.7764e-07
9.7481e-07
9.7199e-07
9.6918e-07
9.6638e-07
9.6358e-07
9.6079e-07
9.5801e-07
9.5523e-07
9.5246e-07
9.497e-07
9.4694e-07
9.4419e-07
9.4145e-07
9.3872e-07
9.3599e-07
9.3327e-07
9.3055e-07
9.2784e-07
9.2514e-07
9.2245e-07
9.1976e-07
9.1708e-07
9.144e-07
9.1174e-07
9.0907e-07
9.0642e-07
9.0377e-07
9.0113e-07
8.985e-07
8.9587e-07
8.9325e-07
8.9063e-07
8.8802e-07
8.8542e-07
8.8283e-07
8.8024e-07
8.7765e-07
8.7508e-07
8.7251e-07
8.6995e-07
8.6739e-07
8.6484e-07
8.623e-07
8.5976e-07
8.5723e-07
8.547e-07
8.5219e-07
8.4968e-07
8.4717e-07
8.4467e-07
8.4218e-07
8.3969e-07
8.3721e-07
8.3474e-07
8.3227e-07
8.2981e-07
8.2736e-07
8.2491e-07
8.2247e-07
8.2003e-07
8.176e-07
8.1518e-07
8.1276e-07
8.1035e-07
8.0794e-07
8.0554e-07
8.0315e-07
8.0076e-07
7.9838e-07
7.9601e-07
7.9364e-07
7.9128e-07
7.8892e-07
7.8657e-07
7.8423e-07
7.8189e-07
7.7956e-07
7.7723e-07
7.7491e-07
7.726e-07
7.7029e-07
7.6799e-07
7.6569e-07
7.634e-07
7.6112e-07
7.5884e-07
7.5657e-07
7.543e-07
7.5204e-07
7.4978e-07
7.4753e-07
7.4529e-07
7.4305e-07
7.4082e-07
7.386e-07
7.3638e-07
7.3416e-07
7.3195e-07
7.2975e-07
7.2755e-07
7.2536e-07
7.2318e-07
7.21e-07
7.1882e-07
7.1665e-07
7.1449e-07
7.1233e-07
7.1018e-07
7.0803e-07
7.0589e-07
7.0376e-07
7.0163e-07
6.9951e-07
6.9739e-07
6.9528e-07
6.9317e-07
6.9107e-07
6.8897e-07
6.8688e-07
6.848e-07
6.8272e-07
6.8064e-07
6.7858e-07
6.7651e-07
6.7445e-07
6.724e-07
6.7036e-07
6.6831e-07
6.6628e-07
6.6425e-07
6.6222e-07
6.602e-07
6.5819e-07
6.5618e-07
6.5418e-07
6.5218e-07
6.5018e-07
6.482e-07
6.4621e-07
6.4424e-07
6.4227e-07
6.403e-07
6.3834e-07
6.3638e-07
6.3443e-07
6.3248e-07
6.3054e-07
6.2861e-07
6.2668e-07
6.2475e-07
6.2283e-07
6.2092e-07
6.1901e-07
6.171e-07
6.152e-07
6.1331e-07
6.1142e-07
6.0954e-07
6.0766e-07
6.0578e-07
6.0391e-07
6.0205e-07
6.0019e-07
5.9834e-07
5.9649e-07
5.9464e-07
5.928e-07
5.9097e-07
5.8914e-07
5.8732e-07
5.855e-07
5.8368e-07
5.8187e-07
5.8007e-07
5.7827e-07
5.7648e-07
5.7469e-07
5.729e-07
5.7112e-07
5.6934e-07
5.6757e-07
5.6581e-07
5.6405e-07
5.6229e-07
5.6054e-07
5.5879e-07
5.5705e-07
5.5531e-07
5.5358e-07
5.5185e-07
5.5013e-07
5.4841e-07
5.467e-07
5.4499e-07
5.4329e-07
5.4159e-07
5.3989e-07
5.382e-07
5.3652e-07
5.3484e-07
5.3316e-07
5.3149e-07
5.2982e-07
5.2816e-07
5.265e-07
5.2485e-07
5.232e-07
5.2155e-07
5.1991e-07
5.1828e-07
5.1665e-07
5.1502e-07
5.134e-07
5.1178e-07
5.1017e-07
5.0856e-07
5.0696e-07
5.0536e-07
5.0376e-07
5.0217e-07
5.0059e-07
4.9901e-07
4.9743e-07
4.9586e-07
4.9429e-07
4.9272e-07
4.9116e-07
4.8961e-07
4.8806e-07
4.8651e-07
4.8497e-07
4.8343e-07
4.8189e-07
4.8036e-07
4.7884e-07
4.7732e-07
4.758e-07
4.7429e-07
4.7278e-07
4.7127e-07
4.6977e-07
4.6828e-07
4.6679e-07
4.653e-07
4.6382e-07
4.6234e-07
4.6086e-07
4.5939e-07
4.5793e-07
4.5646e-07
4.55e-07
4.5355e-07
4.521e-07
4.5065e-07
4.4921e-07
4.4777e-07
4.4634e-07
4.4491e-07
4.4348e-07
4.4206e-07
4.4064e-07
4.3923e-07
4.3782e-07
4.3642e-07
4.3501e-07
4.3362e-07
4.3222e-07
4.3083e-07
4.2945e-07
4.2806e-07
4.2669e-07
4.2531e-07
4.2394e-07
4.2258e-07
4.2121e-07
4.1985e-07
4.185e-07
4.1715e-07
4.158e-07
4.1446e-07
4.1312e-07
4.1178e-07
4.1045e-07
4.0912e-07
4.078e-07
4.0648e-07
4.0516e-07
4.0385e-07
4.0254e-07
4.0124e-07
3.9994e-07
3.9864e-07
3.9734e-07
3.9605e-07
3.9477e-07
3.9348e-07
3.9221e-07
3.9093e-07
3.8966e-07
3.8839e-07
3.8713e-07
3.8587e-07
3.8461e-07
3.8335e-07
3.821e-07
3.8086e-07
3.7962e-07
3.7838e-07
3.7714e-07
3.7591e-07
3.7468e-07
3.7346e-07
3.7224e-07
3.7102e-07
3.698e-07
3.6859e-07
3.6739e-07
3.6618e-07
3.6498e-07
3.6379e-07
3.6259e-07
3.614e-07
3.6022e-07
3.5903e-07
3.5786e-07
3.5668e-07
3.5551e-07
3.5434e-07
3.5317e-07
3.5201e-07
3.5085e-07
3.497e-07
3.4855e-07
3.474e-07
3.4625e-07
3.4511e-07
3.4397e-07
3.4284e-07
3.4171e-07
3.4058e-07
3.3945e-07
3.3833e-07
3.3721e-07
3.361e-07
3.3499e-07
3.3388e-07
3.3277e-07
3.3167e-07
3.3057e-07
3.2948e-07
3.2838e-07
3.2729e-07
3.2621e-07
3.2513e-07
3.2405e-07
3.2297e-07
3.219e-07
3.2083e-07
3.1976e-07
3.187e-07
3.1764e-07
3.1658e-07
3.1553e-07
3.1448e-07
3.1343e-07
3.1238e-07
3.1134e-07
3.103e-07
3.0927e-07
3.0824e-07
3.0721e-07
3.0618e-07
3.0516e-07
3.0414e-07
3.0312e-07
3.0211e-07
3.011e-07
3.0009e-07
2.9909e-07
2.9808e-07
2.9709e-07
2.9609e-07
2.951e-07
2.9411e-07
2.9312e-07
2.9214e-07
2.9116e-07
2.9018e-07
2.892e-07
2.8823e-07
2.8726e-07
2.863e-07
2.8534e-07
2.8438e-07
2.8342e-07
2.8246e-07
2.8151e-07
2.8056e-07
2.7962e-07
2.7868e-07
2.7774e-07
2.768e-07
2.7586e-07
2.7493e-07
2.74e-07
2.7308e-07
2.7216e-07
2.7124e-07
2.7032e-07
2.694e-07
2.6849e-07
2.6758e-07
2.6668e-07
2.6577e-07
2.6487e-07
2.6398e-07
2.6308e-07
2.6219e-07
2.613e-07
2.6041e-07
2.5953e-07
2.5865e-07
2.5777e-07
2.5689e-07
2.5602e-07
2.5515e-07
2.5428e-07
2.5342e-07
2.5255e-07
2.5169e-07
2.5084e-07
2.4998e-07
2.4913e-07
2.4828e-07
2.4743e-07
2.4659e-07
2.4575e-07
2.4491e-07
2.4407e-07
2.4324e-07
2.4241e-07
2.4158e-07
2.4076e-07
2.3993e-07
2.3911e-07
2.3829e-07
2.3748e-07
2.3666e-07
2.3585e-07
2.3505e-07
2.3424e-07
2.3344e-07
2.3264e-07
2.3184e-07
2.3104e-07
2.3025e-07
2.2946e-07
2.2867e-07
2.2789e-07
2.2711e-07
2.2632e-07
2.2555e-07
2.2477e-07
2.24e-07
2.2323e-07
2.2246e-07
2.2169e-07
2.2093e-07
2.2017e-07
2.1941e-07
2.1865e-07
2.179e-07
2.1715e-07
2.164e-07
2.1565e-07
2.1491e-07
2.1417e-07
2.1343e-07
2.1269e-07
2.1196e-07
2.1122e-07
2.1049e-07
2.0977e-07
2.0904e-07
2.0832e-07
2.076e-07
2.0688e-07
2.0616e-07
2.0545e-07
2.0474e-07
2.0403e-07
2.0332e-07
2.0262e-07
2.0191e-07
2.0121e-07
2.0052e-07
1.9982e-07
1.9913e-07
1.9844e-07
1.9775e-07
1.9706e-07
1.9638e-07
1.9569e-07
1.9501e-07
1.9434e-07
1.9366e-07
1.9299e-07
1.9232e-07
1.9165e-07
1.9098e-07
1.9032e-07
1.8965e-07
1.8899e-07
1.8834e-07
1.8768e-07
1.8703e-07
1.8637e-07
1.8572e-07
1.8508e-07
1.8443e-07
1.8379e-07
1.8315e-07
1.8251e-07
1.8187e-07
1.8124e-07
1.8061e-07
1.7998e-07
1.7935e-07
1.7872e-07
1.781e-07
1.7747e-07
1.7685e-07
1.7624e-07
1.7562e-07
1.7501e-07
1.744e-07
1.7379e-07
1.7318e-07
1.7257e-07
1.7197e-07
1.7137e-07
1.7077e-07
1.7017e-07
1.6958e-07
1.6898e-07
1.6839e-07
1.678e-07
1.6721e-07
1.6663e-07
1.6604e-07
1.6546e-07
1.6488e-07
1.6431e-07
1.6373e-07
1.6316e-07
1.6259e-07
1.6202e-07
1.6145e-07
1.6088e-07
1.6032e-07
1.5976e-07
1.592e-07
1.5864e-07
1.5808e-07
1.5753e-07
1.5698e-07
1.5643e-07
1.5588e-07
1.5533e-07
1.5479e-07
1.5425e-07
1.5371e-07
1.5317e-07
1.5263e-07
1.521e-07
1.5156e-07
1.5103e-07
1.505e-07
1.4997e-07
1.4945e-07
1.4892e-07
1.484e-07
1.4788e-07
1.4736e-07
1.4685e-07
1.4633e-07
1.4582e-07
1.4531e-07
1.448e-07
1.4429e-07
1.4379e-07
1.4329e-07
1.4278e-07
1.4228e-07
1.4179e-07
1.4129e-07
1.408e-07
1.403e-07
1.3981e-07
1.3932e-07
1.3884e-07
1.3835e-07
1.3787e-07
1.3739e-07
1.3691e-07
1.3643e-07
1.3595e-07
1.3548e-07
1.35e-07
1.3453e-07
1.3406e-07
1.336e-07
1.3313e-07
1.3267e-07
1.322e-07
1.3174e-07
1.3129e-07
1.3083e-07
1.3037e-07
1.2992e-07
1.2947e-07
1.2902e-07
1.2857e-07
1.2812e-07
1.2768e-07
1.2723e-07
1.2679e-07
1.2635e-07
1.2592e-07
1.2548e-07
1.2505e-07
1.2461e-07
1.2418e-07
1.2375e-07
1.2332e-07
1.229e-07
1.2247e-07
1.2205e-07
1.2163e-07
1.2121e-07
1.2079e-07
1.2038e-07
1.1996e-07
1.1955e-07
1.1914e-07
1.1873e-07
1.1832e-07
1.1792e-07
1.1751e-07
1.1711e-07
1.1671e-07
1.1631e-07
1.1592e-07
1.1552e-07
1.1513e-07
1.1473e-07
1.1434e-07
1.1395e-07
1.1357e-07
1.1318e-07
1.128e-07
1.1242e-07
1.1204e-07
1.1166e-07
1.1128e-07
1.109e-07
1.1053e-07
1.1016e-07
1.0979e-07
1.0942e-07
1.0905e-07
1.0868e-07
1.0832e-07
1.0796e-07
1.076e-07
1.0724e-07
1.0688e-07
1.0653e-07
1.0617e-07
1.0582e-07
1.0547e-07
1.0512e-07
1.0477e-07
1.0443e-07
1.0408e-07
1.0374e-07
1.034e-07
1.0306e-07
1.0272e-07
1.0239e-07
1.0205e-07
1.0172e-07
1.0139e-07
1.0106e-07
1.0073e-07
1.0041e-07
1.0008e-07
9.976e-08
9.9439e-08
9.912e-08
9.8802e-08
9.8486e-08
9.8172e-08
9.7859e-08
9.7548e-08
9.7239e-08
9.6931e-08
9.6626e-08
9.6321e-08
9.6019e-08
9.5718e-08
9.5419e-08
9.5121e-08
9.4825e-08
9.4531e-08
9.4238e-08
9.3948e-08
9.3658e-08
9.3371e-08
9.3085e-08
9.2801e-08
9.2519e-08
9.2238e-08
9.1959e-08
9.1682e-08
9.1406e-08
9.1132e-08
9.086e-08
