4.995696199999999720e+01
7.716283339632564093e+02
9.642906159823980943e+02
1.135640725912643347e+03
1.350884193415094842e+03
1.612396080650388967e+03
1.929691083059020684e+03
2.420744732551249399e+03
3.003358669852993444e+03
3.883498506500094663e+03
5.118979681657317997e+03
6.957900241971024116e+03
9.503775550732645570e+03
1.319078557595409075e+04
1.841569427383906077e+04
2.595192017935978947e+04
3.668577244445524411e+04
5.176611803452394815e+04
7.322321522593102418e+04
1.032470321465147717e+05
1.450153946835071256e+05
2.025995819794923300e+05
2.823960631626886898e+05
3.918971547779181856e+05
5.409735287780115614e+05
7.477328645018722164e+05
1.035714169784170110e+06
1.428945240952070570e+06
1.964284704928352265e+06
2.689729133979181759e+06
3.706810779436547775e+06
5.033881080212263390e+06
6.922182419089971110e+06
9.524132466617766768e+06
1.313542086926470883e+07
1.821573451531507820e+07
2.549848066275232285e+07
3.583871850695484877e+07
5.004854705370815098e+07
6.886018776725636423e+07
