5.480000000000000000e+03
5.617000000000000000e+03
4.963000000000000000e+03
5.078000000000000000e+03
4.849000000000000000e+03
4.947000000000000000e+03
5.016000000000000000e+03
5.130000000000000000e+03
4.707000000000000000e+03
5.831000000000000000e+03
5.166000000000000000e+03
5.114000000000000000e+03
5.630000000000000000e+03
4.724000000000000000e+03
5.001000000000000000e+03
5.132000000000000000e+03
4.699000000000000000e+03
5.590000000000000000e+03
4.603000000000000000e+03
5.030000000000000000e+03
5.316000000000000000e+03
4.629000000000000000e+03
5.086000000000000000e+03
4.480000000000000000e+03
5.365000000000000000e+03
5.482000000000000000e+03
5.125000000000000000e+03
4.330000000000000000e+03
4.943000000000000000e+03
5.186000000000000000e+03
4.740000000000000000e+03
5.178000000000000000e+03
4.322000000000000000e+03
4.849000000000000000e+03
4.484000000000000000e+03
4.567000000000000000e+03
4.660000000000000000e+03
4.805000000000000000e+03
4.987000000000000000e+03
5.307000000000000000e+03
5.107000000000000000e+03
5.375000000000000000e+03
5.478000000000000000e+03
4.700000000000000000e+03
5.095000000000000000e+03
5.516000000000000000e+03
4.982000000000000000e+03
4.885000000000000000e+03
4.726000000000000000e+03
5.864000000000000000e+03
4.222000000000000000e+03
4.710000000000000000e+03
5.368000000000000000e+03
4.974000000000000000e+03
4.458000000000000000e+03
5.020000000000000000e+03
5.243000000000000000e+03
4.424000000000000000e+03
5.127000000000000000e+03
4.929000000000000000e+03
4.678000000000000000e+03
4.573000000000000000e+03
5.244000000000000000e+03
4.675000000000000000e+03
5.006000000000000000e+03
5.109000000000000000e+03
5.294000000000000000e+03
5.138000000000000000e+03
5.414000000000000000e+03
5.347000000000000000e+03
5.577000000000000000e+03
5.616000000000000000e+03
5.092000000000000000e+03
5.428000000000000000e+03
5.051000000000000000e+03
5.347000000000000000e+03
4.741000000000000000e+03
5.064000000000000000e+03
4.604000000000000000e+03
5.361000000000000000e+03
4.889000000000000000e+03
6.039000000000000000e+03
5.025000000000000000e+03
4.904000000000000000e+03
5.782000000000000000e+03
5.025000000000000000e+03
5.522000000000000000e+03
5.953000000000000000e+03
5.534000000000000000e+03
5.022000000000000000e+03
5.608000000000000000e+03
4.207000000000000000e+03
5.311000000000000000e+03
4.719000000000000000e+03
4.520000000000000000e+03
5.308000000000000000e+03
5.267000000000000000e+03
4.727000000000000000e+03
4.952000000000000000e+03
4.663000000000000000e+03
4.419000000000000000e+03
5.037000000000000000e+03
4.645000000000000000e+03
4.678000000000000000e+03
4.959000000000000000e+03
4.317000000000000000e+03
4.958000000000000000e+03
5.459000000000000000e+03
4.535000000000000000e+03
5.198000000000000000e+03
6.299000000000000000e+03
5.204000000000000000e+03
5.356000000000000000e+03
4.864000000000000000e+03
5.177000000000000000e+03
5.069000000000000000e+03
4.080000000000000000e+03
4.508000000000000000e+03
4.059000000000000000e+03
5.864000000000000000e+03
3.950000000000000000e+03
4.630000000000000000e+03
5.224000000000000000e+03
4.937000000000000000e+03
4.998000000000000000e+03
5.101000000000000000e+03
5.018000000000000000e+03
4.587000000000000000e+03
5.551000000000000000e+03
5.153000000000000000e+03
4.914000000000000000e+03
6.437000000000000000e+03
4.988000000000000000e+03
4.614000000000000000e+03
4.500000000000000000e+03
5.617000000000000000e+03
4.737000000000000000e+03
5.978000000000000000e+03
4.693000000000000000e+03
4.801000000000000000e+03
5.223000000000000000e+03
5.102000000000000000e+03
4.674000000000000000e+03
4.990000000000000000e+03
5.797000000000000000e+03
4.563000000000000000e+03
5.184000000000000000e+03
4.865000000000000000e+03
4.517000000000000000e+03
4.276000000000000000e+03
5.150000000000000000e+03
5.335000000000000000e+03
4.223000000000000000e+03
4.999000000000000000e+03
4.716000000000000000e+03
4.634000000000000000e+03
5.209000000000000000e+03
5.125000000000000000e+03
4.834000000000000000e+03
4.384000000000000000e+03
5.130000000000000000e+03
4.977000000000000000e+03
4.373000000000000000e+03
4.769000000000000000e+03
4.351000000000000000e+03
5.281000000000000000e+03
5.474000000000000000e+03
5.219000000000000000e+03
4.226000000000000000e+03
5.178000000000000000e+03
4.600000000000000000e+03
4.851000000000000000e+03
5.046000000000000000e+03
4.857000000000000000e+03
4.539000000000000000e+03
4.400000000000000000e+03
4.567000000000000000e+03
5.142000000000000000e+03
4.372000000000000000e+03
4.763000000000000000e+03
5.086000000000000000e+03
4.618000000000000000e+03
5.522000000000000000e+03
5.160000000000000000e+03
4.737000000000000000e+03
5.420000000000000000e+03
5.303000000000000000e+03
5.238000000000000000e+03
5.249000000000000000e+03
4.774000000000000000e+03
4.452000000000000000e+03
5.120000000000000000e+03
4.715000000000000000e+03
5.280000000000000000e+03
5.676000000000000000e+03
5.431000000000000000e+03
4.388000000000000000e+03
4.549000000000000000e+03
5.428000000000000000e+03
5.139000000000000000e+03
